Class Times	20
Rooms	10
1	59	B	0
2	68	A	1
3	81	B	1
4	72	A	0
5	14	A	0
6	99	B	1
7	80	A	1
8	82	B	1
9	14	A	0
10	34	C	1
Classes	50
Teachers	25
1	13	2	B	1
2	13	4	C	1
3	25	3	C	1
4	17	1	A	0
5	16	1	A	0
6	7	4	C	0
7	23	5	C	0
8	3	1	A	0
9	7	5	C	0
10	17	4	C	0
11	25	5	C	0
12	24	3	C	0
13	19	1	A	0
14	9	4	C	0
15	19	2	B	0
16	11	4	C	0
17	16	2	B	0
18	12	5	C	0
19	14	5	C	0
20	22	3	C	0
21	10	1	A	0
22	2	1	A	0
23	22	3	C	0
24	8	3	C	0
25	5	4	C	0
26	24	1	A	0
27	6	3	C	0
28	8	2	B	0
29	14	1	A	0
30	6	1	A	0
31	1	2	B	0
32	10	4	C	0
33	2	4	C	0
34	1	4	C	0
35	9	5	C	0
36	18	2	B	0
37	23	2	B	0
38	4	3	C	0
39	18	2	B	0
40	20	5	C	0
41	5	4	C	0
42	21	3	C	0
43	15	1	A	0
44	20	2	B	0
45	3	3	C	0
46	12	2	B	0
47	21	3	C	0
48	4	1	A	0
49	15	5	C	0
50	11	2	B	0
