Class Times	20
Rooms	10
1	53	B	1
2	33	A	1
3	24	B	0
4	47	A	0
5	18	C	1
6	58	A	1
7	20	B	0
8	90	C	1
9	56	A	0
10	14	A	1
Classes	50
Teachers	25
1	4	5	C	1
2	23	3	C	1
3	14	2	B	1
4	19	3	C	0
5	3	5	C	0
6	20	4	C	0
7	6	3	C	0
8	6	2	B	0
9	3	4	C	0
10	1	5	C	0
11	23	5	C	0
12	15	2	B	0
13	2	3	C	0
14	5	3	C	0
15	21	3	C	0
16	8	5	C	0
17	25	4	C	0
18	22	1	A	0
19	4	2	B	0
20	14	3	C	0
21	13	1	A	0
22	19	3	C	0
23	16	2	B	0
24	2	1	A	0
25	24	5	C	0
26	8	4	C	0
27	20	4	C	0
28	13	5	C	0
29	21	2	B	0
30	7	4	C	0
31	11	4	C	0
32	24	1	A	0
33	18	4	C	0
34	1	5	C	0
35	22	5	C	0
36	11	2	B	0
37	25	1	A	0
38	5	5	C	0
39	7	1	A	0
40	12	3	C	0
41	16	5	C	0
42	15	4	C	0
43	17	5	C	0
44	17	3	C	0
45	12	5	C	0
46	18	5	C	0
47	9	2	B	0
48	10	1	A	0
49	9	1	A	0
50	10	2	B	0
