Class Times	20
Rooms	10
1	78	A	1
2	98	C	0
3	87	B	1
4	17	A	1
5	77	A	1
6	44	C	1
7	65	B	0
8	90	C	1
9	49	A	0
10	27	B	0
Classes	50
Teachers	25
1	1	5	C	1
2	17	5	C	1
3	18	4	C	1
4	7	3	C	0
5	2	2	B	0
6	1	1	A	0
7	12	5	C	0
8	9	4	C	0
9	9	5	C	0
10	22	1	A	0
11	24	5	C	0
12	12	5	C	0
13	4	1	A	0
14	22	5	C	0
15	8	3	C	0
16	24	3	C	0
17	18	3	C	0
18	21	5	C	0
19	13	4	C	0
20	17	3	C	0
21	5	3	C	0
22	11	5	C	0
23	10	5	C	0
24	14	2	B	0
25	15	5	C	0
26	6	4	C	0
27	13	5	C	0
28	6	4	C	0
29	20	2	B	0
30	16	2	B	0
31	7	2	B	0
32	8	4	C	0
33	2	5	C	0
34	20	2	B	0
35	15	1	A	0
36	21	4	C	0
37	10	3	C	0
38	4	3	C	0
39	19	1	A	0
40	23	1	A	0
41	23	4	C	0
42	19	3	C	0
43	5	5	C	0
44	11	3	C	0
45	25	4	C	0
46	14	4	C	0
47	25	2	B	0
48	3	1	A	0
49	3	1	A	0
50	16	1	A	0
