Class Times	20
Rooms	10
1	63	C	0
2	30	C	1
3	15	B	1
4	27	C	1
5	95	C	1
6	46	A	0
7	16	B	0
8	13	B	0
9	64	C	0
10	66	A	1
Classes	50
Teachers	25
1	25	5	C	1
2	15	3	C	1
3	3	1	A	1
4	16	1	A	0
5	14	5	C	0
6	23	4	C	0
7	11	5	C	0
8	17	5	C	0
9	11	3	C	0
10	1	5	C	0
11	15	5	C	0
12	24	1	A	0
13	24	1	A	0
14	6	3	C	0
15	7	4	C	0
16	8	2	B	0
17	8	1	A	0
18	17	4	C	0
19	13	3	C	0
20	2	2	B	0
21	22	1	A	0
22	6	3	C	0
23	20	1	A	0
24	12	3	C	0
25	12	3	C	0
26	18	5	C	0
27	4	4	C	0
28	20	4	C	0
29	10	5	C	0
30	16	1	A	0
31	21	1	A	0
32	5	1	A	0
33	4	3	C	0
34	13	3	C	0
35	14	2	B	0
36	23	1	A	0
37	25	3	C	0
38	19	1	A	0
39	1	2	B	0
40	22	5	C	0
41	3	3	C	0
42	10	1	A	0
43	18	2	B	0
44	5	1	A	0
45	9	1	A	0
46	19	5	C	0
47	7	5	C	0
48	21	4	C	0
49	9	5	C	0
50	2	2	B	0
