Students	500
1	2 46 42 13	1	-1	0
2	3 30 27 18	1	-1	0
3	16 46 13 5	2	-1	0
4	3 44 24 49	1	-1	0
5	25 26 38 50	2	-1	0
6	11 39 47 9	2	-1	0
7	9 5 24 39	3	4	0
8	25 17 24 7	3	3	0
9	19 4 39 7	3	1	0
10	44 10 32 28	4	3	0
11	1 23 39 40	1	-1	0
12	1 50 25 41	1	-1	0
13	2 25 17 40	1	-1	0
14	24 6 18 29	4	4	0
15	44 46 49 29	4	1	0
16	29 5 21 14	4	1	0
17	3 25 42 21	1	-1	0
18	22 50 40 36	3	2	0
19	47 18 48 32	3	5	0
20	1 47 18 28	1	-1	0
21	16 50 36 10	2	-1	0
22	45 20 36 24	4	3	0
23	38 12 24 14	3	5	0
24	8 43 25 13	4	2	0
25	3 35 46 8	1	-1	0
26	50 18 17 49	2	-1	0
27	27 21 14 19	3	3	0
28	1 10 15 19	1	-1	0
29	1 16 26 44	1	-1	0
30	14 4 8 43	2	-1	0
31	27 33 26 28	4	3	0
32	40 31 6 22	3	2	0
33	4 23 24 7	4	2	0
34	3 8 20 12	1	-1	0
35	5 34 25 29	3	5	0
36	50 46 33 35	2	-1	0
37	11 44 17 20	3	5	0
38	32 40 28 22	2	-1	0
39	18 34 47 29	3	1	0
40	8 12 18 10	3	2	0
41	35 20 47 7	4	1	0
42	26 5 9 50	4	3	0
43	35 42 50 31	2	-1	0
44	34 4 14 5	2	-1	0
45	3 14 21 9	1	-1	0
46	38 50 17 15	3	2	0
47	31 37 33 26	3	1	0
48	6 7 47 39	2	-1	0
49	42 23 49 24	4	3	0
50	2 15 48 42	1	-1	0
51	34 38 47 39	2	-1	0
52	22 12 8 4	3	4	0
53	2 13 31 14	1	-1	0
54	48 25 28 16	3	1	0
55	13 33 15 46	3	3	0
56	30 32 9 47	3	5	0
57	27 37 39 10	2	-1	0
58	50 11 12 6	4	3	0
59	22 17 46 36	3	1	0
60	3 11 10 23	1	-1	0
61	10 42 5 12	3	3	0
62	1 33 18 7	1	-1	0
63	24 38 12 33	2	-1	0
64	15 10 16 34	4	2	0
65	47 43 18 21	3	5	0
66	28 43 35 8	4	4	0
67	41 45 39 34	3	3	0
68	36 43 38 50	3	3	0
69	46 4 29 30	4	1	0
70	2 9 20 13	1	-1	0
71	1 47 43 32	1	-1	0
72	2 23 21 40	1	-1	0
73	3 46 33 36	1	-1	0
74	3 28 17 8	1	-1	0
75	32 48 4 41	3	4	0
76	29 23 40 19	4	5	0
77	3 32 44 7	1	-1	0
78	37 48 38 34	4	4	0
79	16 43 29 18	2	-1	0
80	12 41 10 20	2	-1	0
81	49 31 19 34	2	-1	0
82	2 30 13 8	1	-1	0
83	2 8 24 18	1	-1	0
84	1 33 18 28	1	-1	0
85	3 28 19 5	1	-1	0
86	48 25 19 27	3	1	0
87	26 13 7 8	4	2	0
88	3 24 42 15	1	-1	0
89	36 6 9 17	4	1	0
90	40 15 31 47	4	5	0
91	28 24 5 44	4	1	0
92	5 7 39 33	4	1	0
93	1 32 44 14	1	-1	1
94	2 18 31 40	1	-1	0
95	16 49 45 44	3	1	0
96	48 19 38 41	2	-1	0
97	36 42 18 21	2	-1	0
98	29 14 9 21	4	1	0
99	2 48 40 33	1	-1	0
100	34 40 31 29	4	1	0
101	3 24 32 23	1	-1	0
102	23 20 31 48	3	1	0
103	14 11 26 28	2	-1	0
104	13 5 22 28	2	-1	0
105	50 40 12 36	4	3	0
106	2 6 49 42	1	-1	0
107	41 35 20 24	2	-1	0
108	3 48 11 9	1	-1	0
109	31 47 41 30	3	1	0
110	12 48 8 26	2	-1	0
111	28 12 24 6	2	-1	0
112	1 27 47 28	1	-1	0
113	10 6 29 44	3	3	0
114	18 22 25 29	2	-1	0
115	13 16 4 18	3	1	0
116	40 17 24 18	4	5	0
117	6 49 19 43	2	-1	0
118	12 9 4 15	4	5	0
119	29 4 27 49	4	4	0
120	8 21 27 12	3	1	0
121	43 22 13 33	2	-1	0
122	5 37 19 29	3	2	0
123	43 12 11 14	2	-1	0
124	36 48 41 45	2	-1	0
125	50 6 29 34	3	4	0
126	1 12 9 30	1	-1	0
127	26 24 13 28	2	-1	0
128	35 16 38 8	3	4	0
129	44 35 43 45	4	4	0
130	42 38 8 23	3	3	0
131	17 45 28 13	4	5	0
132	35 4 11 19	3	5	0
133	24 41 50 14	3	3	0
134	17 34 41 16	4	5	0
135	28 36 45 15	3	1	0
136	39 19 34 38	3	5	0
137	1 43 50 44	1	-1	0
138	1 35 18 5	1	-1	0
139	33 7 27 10	3	5	0
140	1 25 40 32	1	-1	0
141	43 35 23 27	3	4	0
142	14 30 44 8	4	2	0
143	12 19 35 13	3	3	0
144	38 28 41 11	4	1	0
145	18 12 35 10	2	-1	0
146	37 18 17 5	2	-1	0
147	39 28 43 24	4	1	0
148	1 27 41 31	1	-1	0
149	1 28 15 33	1	-1	0
150	17 6 25 4	4	5	0
151	1 5 19 35	1	-1	0
152	2 7 50 27	1	-1	0
153	1 33 47 19	1	-1	0
154	41 7 14 37	4	4	0
155	1 28 34 29	1	-1	0
156	29 43 11 38	2	-1	0
157	21 36 26 20	2	-1	0
158	1 45 50 3	1	-1	0
159	32 50 23 15	2	-1	0
160	41 24 26 36	4	3	0
161	8 9 39 50	4	4	0
162	1 25 33 44	1	-1	0
163	4 8 37 17	4	2	0
164	34 28 43 13	4	5	0
165	29 17 13 25	3	1	0
166	33 12 21 48	3	3	0
167	2 34 13 35	1	-1	0
168	14 13 22 47	4	2	0
169	2 33 40 31	1	-1	0
170	20 45 28 27	3	4	0
171	7 8 43 32	2	-1	0
172	3 48 46 8	1	-1	0
173	2 39 36 49	1	-1	0
174	18 28 26 46	3	3	0
175	21 45 36 23	3	4	0
176	48 41 24 8	3	4	0
177	6 20 28 41	2	-1	0
178	38 22 35 49	2	-1	0
179	42 13 14 33	3	2	0
180	3 15 42 30	1	-1	0
181	17 47 50 41	3	3	0
182	39 7 18 13	3	5	0
183	25 11 35 9	4	5	0
184	7 6 5 23	3	1	0
185	9 34 37 22	2	-1	0
186	3 41 27 23	1	-1	0
187	38 45 44 17	3	1	0
188	32 9 15 33	3	3	0
189	1 20 7 17	1	-1	0
190	46 32 37 29	2	-1	0
191	32 12 47 22	2	-1	0
192	50 49 5 36	2	-1	0
193	17 10 36 41	4	3	0
194	2 25 29 47	1	-1	0
195	45 46 8 41	4	4	0
196	1 46 26 17	1	-1	0
197	50 49 10 43	4	3	0
198	15 30 37 34	3	3	0
199	9 24 33 29	3	5	0
200	38 31 40 8	3	1	0
201	24 35 15 36	4	4	0
202	44 47 43 4	2	-1	0
203	42 17 32 10	4	4	0
204	1 38 44 41	1	-1	0
205	3 21 41 13	1	-1	0
206	17 5 8 23	3	2	0
207	3 15 44 23	1	-1	0
208	6 47 7 32	2	-1	0
209	3 33 23 9	1	-1	0
210	37 28 48 22	2	-1	0
211	1 43 48 27	1	-1	0
212	2 25 12 21	1	-1	0
213	25 9 40 36	2	-1	0
214	28 10 14 7	3	2	0
215	43 15 10 33	4	4	0
216	46 7 9 35	3	1	0
217	5 10 38 15	4	1	0
218	14 13 35 48	2	-1	0
219	32 22 44 31	2	-1	0
220	30 46 48 36	2	-1	0
221	35 33 14 45	3	5	0
222	50 23 6 8	4	1	0
223	22 4 44 15	3	5	0
224	44 28 32 41	3	3	0
225	43 48 49 31	3	5	0
226	2 32 28 8	1	-1	1
227	2 45 44 40	1	-1	0
228	32 14 43 7	4	1	0
229	1 34 46 13	1	-1	0
230	19 47 45 20	3	5	0
231	4 21 31 32	3	1	0
232	2 19 24 21	1	-1	0
233	19 13 44 20	4	4	0
234	13 26 36 7	4	3	0
235	23 13 20 45	2	-1	0
236	43 2 21 10	3	5	0
237	15 25 37 11	4	3	0
238	47 14 15 46	4	5	0
239	2 36 6 46	1	-1	0
240	2 47 39 42	1	-1	0
241	15 30 45 42	4	5	0
242	23 39 32 7	3	1	0
243	41 25 16 47	2	-1	0
244	16 29 32 10	4	5	0
245	16 36 37 19	2	-1	0
246	3 49 15 46	1	-1	1
247	1 47 6 9	1	-1	0
248	11 7 14 42	4	3	0
249	19 41 38 24	3	5	0
250	2 7 6 44	1	-1	0
251	25 24 47 44	4	5	0
252	3 26 10 34	1	-1	0
253	3 41 6 23	1	-1	0
254	35 43 33 19	2	-1	0
255	32 13 46 31	4	3	0
256	10 18 9 15	3	3	0
257	1 25 38 24	1	-1	0
258	10 8 29 44	2	-1	0
259	3 38 24 28	1	-1	0
260	34 49 46 11	4	5	0
261	3 17 45 47	1	-1	0
262	21 8 45 13	3	1	0
263	3 25 9 37	1	-1	0
264	47 12 15 28	3	4	0
265	15 23 28 10	2	-1	0
266	19 47 38 21	2	-1	0
267	15 47 29 39	4	1	0
268	50 11 4 28	4	5	0
269	31 10 13 39	2	-1	0
270	21 27 44 39	3	2	0
271	50 12 32 10	3	4	0
272	13 46 48 21	4	4	0
273	8 32 46 5	3	5	0
274	3 16 11 48	1	-1	0
275	20 23 5 14	4	3	0
276	31 12 19 4	3	4	0
277	16 41 42 38	4	4	0
278	24 10 41 45	4	4	0
279	6 35 31 11	2	-1	0
280	3 43 48 12	1	-1	0
281	9 42 39 41	4	3	0
282	23 31 25 45	4	1	0
283	36 29 42 26	4	5	0
284	40 44 32 29	4	1	0
285	49 38 24 28	3	3	0
286	22 25 9 30	2	-1	0
287	30 35 43 18	3	2	0
288	36 29 43 37	4	5	0
289	3 32 34 11	1	-1	0
290	17 16 13 45	3	5	0
291	2 20 36 34	1	-1	0
292	15 48 40 14	3	2	0
293	29 19 36 10	3	5	0
294	50 12 32 10	3	4	0
295	3 25 11 48	1	-1	0
296	4 28 18 50	4	5	0
297	38 47 42 24	3	5	0
298	30 24 46 18	4	5	0
299	38 35 45 7	3	2	0
300	1 8 24 36	1	-1	0
301	36 11 23 7	2	-1	0
302	1 40 19 31	1	-1	0
303	37 18 13 31	3	3	0
304	33 50 7 26	3	1	0
305	3 44 32 37	1	-1	0
306	40 14 30 47	3	1	0
307	16 38 49 36	2	-1	0
308	1 33 6 46	1	-1	0
309	20 10 47 43	3	5	0
310	3 34 50 13	1	-1	0
311	2 17 15 22	1	-1	0
312	33 4 18 42	2	-1	0
313	10 28 13 16	2	-1	0
314	31 26 33 27	2	-1	0
315	29 14 42 34	2	-1	0
316	22 23 16 8	4	1	0
317	4 35 30 43	2	-1	0
318	42 4 10 7	4	5	0
319	2 25 18 13	1	-1	0
320	20 37 34 17	3	1	0
321	3 13 25 47	1	-1	0
322	45 39 44 16	2	-1	0
323	3 23 30 16	1	-1	0
324	8 16 14 50	4	1	0
325	1 35 46 39	1	-1	0
326	2 38 17 12	1	-1	0
327	2 9 16 23	1	-1	0
328	29 23 22 28	2	-1	0
329	3 21 18 24	1	-1	0
330	9 16 33 50	3	1	0
331	41 47 6 23	3	4	0
332	21 11 16 32	3	2	0
333	24 7 20 50	2	-1	0
334	38 34 50 25	2	-1	0
335	43 29 26 36	4	1	0
336	5 15 31 48	3	5	0
337	24 19 47 44	2	-1	0
338	3 38 44 24	1	-1	0
339	4 13 44 12	4	4	0
340	15 50 39 16	4	4	0
341	30 37 20 4	3	5	0
342	39 40 34 6	2	-1	0
343	41 22 14 29	3	2	1
344	10 30 7 5	3	5	0
345	2 45 5 18	1	-1	0
346	1 31 23 17	1	-1	0
347	50 48 23 43	4	2	0
348	33 11 4 46	4	2	0
349	8 12 13 45	4	4	0
350	38 24 14 50	2	-1	0
351	3 13 25 31	1	-1	0
352	1 37 12 13	1	-1	0
353	8 39 15 31	4	3	0
354	41 44 26 13	2	-1	0
355	6 28 50 44	2	-1	0
356	40 39 46 20	2	-1	0
357	47 22 33 20	2	-1	0
358	20 9 33 49	4	2	0
359	30 35 46 8	3	2	0
360	30 47 16 7	4	1	0
361	28 6 46 34	3	2	0
362	50 36 26 20	4	5	0
363	25 47 31 36	4	3	0
364	20 49 26 6	4	2	0
365	36 41 35 39	3	3	1
366	2 12 41 13	1	-1	0
367	3 50 14 44	1	-1	0
368	3 42 43 18	1	-1	0
369	9 8 26 11	2	-1	0
370	1 16 21 36	1	-1	0
371	32 38 35 4	3	1	0
372	23 16 10 24	3	2	0
373	18 29 36 31	4	1	0
374	11 45 24 34	2	-1	0
375	3 24 15 31	1	-1	0
376	4 33 32 41	4	1	0
377	41 35 7 32	4	5	0
378	18 32 4 24	4	3	0
379	1 33 26 4	1	-1	0
380	12 8 22 36	4	5	0
381	33 27 34 4	3	5	0
382	37 8 20 11	4	3	0
383	26 41 31 11	2	-1	0
384	44 5 24 26	2	-1	0
385	3 39 49 11	1	-1	0
386	3 19 40 24	1	-1	0
387	3 31 43 39	1	-1	0
388	13 31 11 24	3	5	0
389	50 24 27 5	3	1	0
390	5 37 16 14	2	-1	0
391	15 46 14 38	3	2	0
392	31 18 40 28	4	1	0
393	9 21 25 44	3	2	0
394	3 34 28 20	1	-1	0
395	43 5 21 48	4	1	0
396	26 14 35 47	3	3	0
397	50 29 26 11	2	-1	0
398	20 50 31 29	2	-1	0
399	30 28 13 18	4	4	0
400	46 5 8 7	3	1	0
401	27 28 38 5	3	2	0
402	45 12 16 8	4	3	0
403	42 4 28 22	2	-1	0
404	2 28 14 42	1	-1	0
405	11 10 47 17	2	-1	0
406	24 5 32 8	4	1	0
407	48 17 3 39	4	1	0
408	18 13 12 44	2	-1	0
409	41 31 30 33	4	1	0
410	36 17 30 23	2	-1	0
411	1 8 49 17	1	-1	0
412	3 50 42 17	1	-1	0
413	25 37 11 40	4	1	0
414	14 6 17 35	4	4	0
415	15 27 44 20	3	4	0
416	21 15 23 50	4	1	0
417	11 38 41 10	4	4	0
418	15 43 44 42	2	-1	0
419	27 38 30 16	3	5	0
420	49 39 7 40	3	2	0
421	2 8 9 29	1	-1	0
422	17 10 24 19	2	-1	0
423	18 46 44 20	2	-1	0
424	37 47 44 31	2	-1	0
425	27 45 5 44	3	5	0
426	12 5 17 21	4	4	0
427	40 24 12 14	4	1	0
428	2 13 19 36	1	-1	0
429	2 47 10 16	1	-1	0
430	10 25 22 19	4	5	0
431	27 26 7 41	2	-1	0
432	32 44 50 9	3	4	0
433	31 38 12 48	2	-1	0
434	38 6 45 33	4	3	0
435	1 44 5 37	1	-1	0
436	24 43 19 12	3	3	0
437	48 16 11 18	3	4	0
438	20 45 21 23	3	2	0
439	26 25 6 17	4	4	0
440	34 9 20 31	2	-1	0
441	43 26 8 14	4	2	0
442	30 33 39 16	4	2	0
443	19 15 13 6	2	-1	0
444	24 29 44 19	3	2	0
445	39 16 35 21	2	-1	0
446	32 46 7 17	3	2	0
447	49 9 20 32	2	-1	0
448	11 41 13 34	2	-1	0
449	41 17 6 36	2	-1	0
450	40 41 45 20	2	-1	0
451	19 33 18 41	3	5	0
452	17 45 11 4	4	2	0
453	24 40 12 39	3	1	0
454	2 17 26 7	1	-1	0
455	35 20 39 17	3	5	0
456	4 47 7 27	3	2	0
457	41 6 43 14	4	1	0
458	42 31 36 12	3	2	0
459	35 45 14 50	2	-1	0
460	6 23 8 32	3	2	0
461	50 46 18 20	3	5	0
462	28 31 14 18	3	3	0
463	22 41 31 37	2	-1	0
464	16 24 49 25	4	2	0
465	40 6 28 43	3	5	0
466	25 22 36 18	4	3	0
467	3 31 12 16	1	-1	0
468	15 33 43 18	2	-1	0
469	47 32 36 22	2	-1	0
470	3 25 44 29	1	-1	0
471	43 4 29 41	2	-1	0
472	47 31 38 18	3	5	0
473	45 20 12 39	2	-1	0
474	41 48 29 5	2	-1	0
475	42 14 12 20	3	4	0
476	38 23 7 31	2	-1	0
477	31 30 46 8	3	3	0
478	44 16 47 35	2	-1	0
479	42 9 39 27	3	1	0
480	41 39 34 49	2	-1	0
481	44 10 46 17	4	4	0
482	31 29 27 25	2	-1	0
483	49 37 6 26	2	-1	0
484	32 50 36 47	2	-1	0
485	36 14 31 16	2	-1	0
486	13 9 41 47	4	3	0
487	43 4 21 30	3	5	0
488	2 48 24 33	1	-1	0
489	2 40 26 48	1	-1	0
490	16 19 14 49	2	-1	0
491	49 34 28 10	3	5	0
492	6 29 36 26	4	5	0
493	40 31 13 16	3	3	0
494	1 38 15 22	1	-1	0
495	28 11 14 37	3	4	0
496	3 35 48 22	1	-1	0
497	2 28 44 31	1	-1	0
498	15 10 25 32	4	4	0
499	14 7 46 29	2	-1	0
500	21 38 16 27	2	-1	0
