Students	500
1	4 11 30 9	2	-1	0
2	37 32 13 45	2	-1	0
3	28 40 6 31	3	2	0
4	20 49 6 34	3	3	0
5	38 50 42 31	3	1	0
6	19 32 33 22	2	-1	0
7	3 39 38 46	1	-1	0
8	32 27 44 23	4	2	0
9	20 33 24 19	2	-1	0
10	2 45 15 43	1	-1	0
11	3 47 12 36	1	-1	0
12	2 14 33 42	1	-1	0
13	37 18 44 29	3	1	0
14	1 49 20 5	1	-1	0
15	30 43 13 40	2	-1	0
16	46 21 18 25	4	2	0
17	3 44 42 7	1	-1	0
18	17 49 20 37	3	5	0
19	37 33 43 24	2	-1	0
20	49 6 20 47	2	-1	0
21	15 14 34 23	3	3	0
22	25 6 28 13	3	5	0
23	10 7 41 15	2	-1	0
24	18 26 38 19	2	-1	0
25	33 42 24 50	4	4	0
26	20 37 33 48	2	-1	0
27	15 14 38 29	4	4	0
28	31 24 50 13	4	4	0
29	43 34 29 12	4	3	0
30	2 18 32 29	1	-1	0
31	16 20 4 43	4	3	0
32	5 9 4 18	3	2	0
33	49 47 43 48	3	2	0
34	30 38 50 4	3	3	0
35	26 46 5 44	4	5	0
36	46 45 41 49	4	3	0
37	38 14 19 29	4	4	0
38	19 29 16 46	4	5	0
39	35 27 5 31	3	2	0
40	29 14 9 18	2	-1	0
41	2 7 14 4	1	-1	0
42	31 42 21 22	4	5	0
43	7 39 19 6	3	3	0
44	38 42 32 28	3	5	0
45	7 20 48 50	4	2	0
46	42 26 50 13	3	2	0
47	40 30 33 8	2	-1	0
48	47 32 6 12	4	4	0
49	14 35 49 41	4	3	0
50	3 50 45 10	1	-1	0
51	28 44 43 23	3	5	0
52	38 39 12 31	3	1	0
53	2 40 16 48	1	-1	0
54	22 21 43 45	4	3	0
55	18 31 36 35	3	2	0
56	50 8 14 42	2	-1	0
57	2 17 43 48	1	-1	0
58	11 10 8 33	2	-1	0
59	3 34 6 21	1	-1	0
60	40 28 17 24	4	1	0
61	44 43 22 18	3	3	0
62	8 10 31 27	3	3	0
63	42 35 32 41	4	3	0
64	13 35 38 4	3	1	0
65	20 27 33 12	4	4	0
66	2 29 30 41	1	-1	0
67	3 14 35 49	1	-1	0
68	33 43 10 50	2	-1	0
69	44 31 49 42	3	4	0
70	17 34 40 48	2	-1	0
71	41 21 12 25	4	3	0
72	42 13 21 35	3	2	0
73	21 26 31 6	4	5	0
74	37 27 26 40	4	5	0
75	19 12 26 15	3	2	0
76	2 23 19 4	1	-1	0
77	21 42 44 16	2	-1	0
78	36 18 9 34	4	1	0
79	34 5 4 46	2	-1	0
80	5 20 14 13	3	5	0
81	13 42 20 37	3	3	0
82	3 21 33 30	1	-1	0
83	3 21 25 42	1	-1	0
84	43 27 5 12	2	-1	0
85	1 5 8 34	1	-1	0
86	49 11 36 33	2	-1	0
87	20 48 29 10	3	5	0
88	3 18 38 47	1	-1	0
89	2 28 50 24	1	-1	0
90	8 21 10 25	4	2	0
91	1 23 33 43	1	-1	0
92	10 11 48 50	2	-1	0
93	47 31 34 17	3	1	1
94	23 18 33 39	3	1	0
95	1 22 32 28	1	-1	0
96	3 12 25 50	1	-1	0
97	17 36 23 39	4	2	0
98	2 47 16 36	1	-1	0
99	36 25 7 5	3	2	0
100	35 33 20 37	4	2	0
101	1 43 38 10	1	-1	0
102	1 45 8 18	1	-1	0
103	1 32 26 35	1	-1	0
104	41 27 10 39	3	1	0
105	33 10 7 36	3	4	0
106	38 27 35 47	4	3	0
107	9 16 24 49	4	5	0
108	24 5 8 36	2	-1	0
109	39 5 36 19	2	-1	0
110	18 35 47 23	3	2	0
111	26 38 47 44	4	5	0
112	32 31 11 16	3	4	0
113	42 26 46 27	3	5	0
114	48 9 10 24	4	5	0
115	32 30 49 10	4	2	0
116	23 44 13 20	2	-1	0
117	3 15 22 43	1	-1	0
118	33 25 31 9	2	-1	0
119	38 20 35 30	4	2	0
120	48 17 36 37	3	2	0
121	4 26 47 30	2	-1	0
122	7 9 10 32	2	-1	0
123	2 50 48 49	1	-1	0
124	3 39 19 29	1	-1	0
125	34 19 40 35	4	4	0
126	27 48 35 8	4	2	0
127	34 36 18 16	3	1	0
128	10 30 5 17	4	2	0
129	22 27 20 9	4	2	0
130	31 30 27 46	4	4	0
131	15 23 42 26	3	4	0
132	36 4 31 41	4	5	0
133	15 9 37 17	3	3	0
134	4 11 16 17	3	1	0
135	25 24 41 27	2	-1	0
136	44 15 35 17	2	-1	0
137	18 5 20 6	2	-1	0
138	12 22 24 41	4	4	0
139	1 37 32 22	1	-1	0
140	2 24 18 46	1	-1	0
141	17 48 21 41	3	1	0
142	1 41 16 25	1	-1	0
143	19 20 48 36	3	2	0
144	2 16 8 37	1	-1	1
145	48 11 46 31	2	-1	0
146	30 25 6 48	2	-1	0
147	32 16 46 28	2	-1	0
148	30 6 25 8	2	-1	0
149	36 24 45 23	2	-1	0
150	40 11 6 17	3	1	0
151	11 19 22 28	3	2	0
152	27 21 13 33	4	5	0
153	27 41 12 29	3	4	0
154	1 5 27 37	1	-1	0
155	22 40 41 19	4	4	0
156	35 24 36 49	4	2	0
157	35 24 5 13	2	-1	0
158	18 8 15 48	2	-1	0
159	41 37 49 26	3	4	0
160	46 4 13 42	2	-1	0
161	3 6 29 39	1	-1	0
162	48 41 11 10	2	-1	0
163	35 33 5 31	3	2	0
164	33 40 49 15	4	4	0
165	9 5 38 26	4	1	0
166	4 28 26 40	3	2	0
167	3 12 19 35	1	-1	0
168	3 30 35 39	1	-1	0
169	2 42 10 4	1	-1	0
170	1 14 19 29	1	-1	0
171	47 36 11 34	3	5	0
172	31 10 15 17	3	5	0
173	2 45 44 21	1	-1	0
174	45 26 37 14	4	3	0
175	1 43 20 15	1	-1	0
176	40 26 24 44	2	-1	0
177	1 39 11 30	1	-1	0
178	1 21 35 12	1	-1	0
179	47 12 30 21	2	-1	0
180	34 44 4 37	2	-1	0
181	45 34 48 4	4	5	0
182	38 39 27 32	2	-1	0
183	27 24 39 49	2	-1	0
184	3 9 11 47	1	-1	0
185	6 49 10 50	2	-1	0
186	20 17 22 50	2	-1	0
187	1 47 24 44	1	-1	0
188	10 47 7 28	4	3	0
189	39 6 22 10	2	-1	0
190	44 48 50 45	4	3	0
191	3 44 21 8	1	-1	0
192	18 47 36 40	2	-1	0
193	7 30 29 22	4	1	0
194	47 16 45 46	4	2	0
195	48 39 50 21	3	2	0
196	1 5 30 10	1	-1	0
197	7 44 35 42	3	3	0
198	1 11 40 38	1	-1	0
199	14 32 13 9	3	1	0
200	34 30 9 22	3	4	0
201	28 27 41 24	2	-1	0
202	5 11 46 12	2	-1	0
203	3 13 29 50	1	-1	0
204	3 23 44 43	1	-1	0
205	37 42 27 36	4	2	0
206	4 44 43 32	2	-1	0
207	1 42 10 46	1	-1	0
208	39 37 40 49	4	2	0
209	31 44 14 46	3	4	0
210	18 33 11 35	3	3	0
211	13 29 46 6	2	-1	0
212	7 24 37 21	3	5	0
213	1 9 36 31	1	-1	0
214	41 43 32 23	2	-1	0
215	15 5 10 23	2	-1	0
216	8 48 5 50	4	5	0
217	30 10 6 23	3	3	0
218	47 10 31 27	4	1	0
219	1 34 47 6	1	-1	0
220	1 14 47 44	1	-1	0
221	29 13 7 49	3	3	0
222	39 20 28 35	2	-1	0
223	35 34 4 14	2	-1	0
224	3 22 5 46	1	-1	0
225	12 41 50 35	4	1	0
226	2 35 22 9	1	-1	0
227	44 4 49 47	4	3	0
228	24 46 26 44	3	4	0
229	2 44 47 32	1	-1	0
230	46 25 6 41	4	1	0
231	43 8 44 9	3	1	0
232	11 48 18 32	4	3	0
233	21 18 13 34	2	-1	0
234	18 32 44 34	2	-1	0
235	17 36 39 10	2	-1	0
236	14 5 27 28	4	5	0
237	17 34 12 50	4	1	0
238	44 28 5 27	3	5	0
239	32 41 49 33	3	3	0
240	10 45 27 37	3	3	0
241	34 4 50 48	4	5	0
242	46 5 29 49	4	1	0
243	4 34 8 28	3	4	0
244	36 17 23 8	2	-1	0
245	27 5 4 31	3	4	0
246	49 4 48 30	3	5	0
247	16 41 6 8	4	1	0
248	41 15 5 42	3	5	0
249	1 20 17 14	1	-1	0
250	50 42 32 36	3	4	0
251	47 32 26 42	2	-1	0
252	38 6 39 41	2	-1	0
253	2 28 21 45	1	-1	0
254	2 50 39 12	1	-1	0
255	20 7 36 37	3	3	0
256	3 29 28 26	1	-1	0
257	19 41 44 46	3	4	0
258	49 21 27 1	3	2	0
259	2 19 23 33	1	-1	0
260	35 20 41 28	3	4	0
261	17 11 6 40	4	1	0
262	33 20 25 5	3	2	0
263	44 25 16 15	2	-1	0
264	2 41 6 14	1	-1	0
265	14 28 25 27	2	-1	0
266	1 40 27 45	1	-1	0
267	41 21 19 47	2	-1	0
268	2 24 29 12	1	-1	0
269	48 22 23 18	2	-1	0
270	1 33 42 47	1	-1	0
271	1 23 7 38	1	-1	0
272	2 48 46 8	1	-1	0
273	30 43 13 37	4	2	0
274	3 21 37 14	1	-1	0
275	11 38 42 23	4	4	0
276	15 28 47 9	3	2	0
277	30 5 4 16	4	4	0
278	3 17 48 39	1	-1	0
279	19 35 21 50	2	-1	0
280	37 50 41 45	3	5	0
281	41 24 38 11	2	-1	0
282	34 15 12 23	4	3	0
283	47 8 30 36	4	5	0
284	33 21 48 10	4	4	0
285	11 19 28 31	3	1	0
286	7 39 20 18	4	5	0
287	38 45 4 22	4	1	0
288	43 9 49 19	3	3	0
289	17 19 49 24	4	1	0
290	1 28 24 30	1	-1	0
291	39 28 44 13	4	1	0
292	17 5 29 43	3	2	0
293	1 45 11 8	1	-1	0
294	6 29 38 15	2	-1	0
295	1 28 13 7	1	-1	0
296	1 19 46 30	1	-1	0
297	32 13 48 42	2	-1	0
298	13 40 4 50	2	-1	0
299	7 36 4 44	3	3	0
300	1 24 35 28	1	-1	0
301	9 25 50 21	2	-1	0
302	25 31 11 37	2	-1	0
303	8 7 37 33	2	-1	0
304	31 33 36 16	4	4	0
305	48 31 41 43	2	-1	0
306	20 29 23 44	2	-1	0
307	21 4 12 31	3	5	0
308	4 48 20 47	4	4	0
309	25 20 34 15	2	-1	0
310	21 31 42 9	3	1	0
311	45 20 46 16	4	2	0
312	35 30 6 11	3	5	0
313	3 12 34 20	1	-1	0
314	2 26 36 27	1	-1	0
315	31 40 9 28	2	-1	0
316	10 4 48 37	4	3	0
317	9 32 33 42	3	1	0
318	2 45 28 10	1	-1	0
319	18 23 37 39	3	4	0
320	2 30 44 45	1	-1	0
321	35 18 6 48	2	-1	0
322	3 35 23 43	1	-1	0
323	33 4 36 8	3	5	0
324	47 18 28 42	2	-1	0
325	21 7 25 28	3	1	0
326	2 26 39 46	1	-1	0
327	43 28 12 15	4	5	0
328	3 29 40 30	1	-1	0
329	10 35 39 43	3	1	0
330	42 24 45 20	2	-1	0
331	18 33 36 47	2	-1	0
332	1 25 42 35	1	-1	0
333	49 21 6 9	4	3	0
334	6 35 23 29	2	-1	0
335	19 18 39 38	2	-1	0
336	48 36 41 14	2	-1	0
337	38 31 39 50	4	2	0
338	47 42 41 28	4	4	0
339	1 21 13 27	1	-1	0
340	30 34 26 5	4	1	0
341	47 4 32 42	2	-1	0
342	17 14 6 18	3	3	0
343	1 39 41 37	1	-1	0
344	12 11 40 48	3	5	0
345	2 38 20 36	1	-1	0
346	26 19 13 34	4	1	0
347	7 26 25 50	4	1	0
348	1 6 11 18	1	-1	0
349	3 40 19 5	1	-1	0
350	1 46 42 36	1	-1	0
351	14 13 8 27	3	1	0
352	38 9 25 46	2	-1	0
353	46 8 36 28	2	-1	0
354	22 17 8 25	2	-1	0
355	41 14 40 37	4	3	0
356	48 7 44 13	3	3	0
357	3 11 21 26	1	-1	0
358	21 28 34 27	4	4	0
359	2 6 12 10	1	-1	0
360	1 22 31 48	1	-1	0
361	14 21 12 16	3	1	0
362	3 4 30 41	1	-1	0
363	40 49 4 47	4	3	0
364	19 50 40 16	4	3	0
365	30 40 10 33	4	4	0
366	39 11 40 20	3	2	0
367	8 28 22 33	2	-1	0
368	22 32 25 9	4	5	0
369	2 42 7 44	1	-1	0
370	31 28 47 43	2	-1	0
371	1 42 7 19	1	-1	0
372	33 29 27 14	3	2	0
373	35 3 14 36	2	-1	0
374	50 18 38 43	4	5	0
375	47 33 18 37	2	-1	0
376	2 34 9 4	1	-1	0
377	15 21 49 28	2	-1	0
378	29 50 35 40	2	-1	0
379	37 29 4 6	2	-1	0
380	3 27 5 48	1	-1	1
381	19 23 42 34	4	2	0
382	21 27 48 16	3	3	0
383	20 48 33 22	3	4	0
384	33 26 43 38	2	-1	0
385	32 36 22 9	4	4	0
386	1 28 10 34	1	-1	0
387	3 31 14 30	1	-1	0
388	3 17 47 39	1	-1	0
389	2 11 18 20	1	-1	0
390	25 37 38 20	4	3	0
391	29 35 8 47	3	3	0
392	23 4 42 31	2	-1	0
393	26 6 11 24	4	5	0
394	26 28 34 41	4	1	0
395	37 40 5 12	2	-1	0
396	14 28 32 16	4	2	0
397	46 47 23 27	2	-1	0
398	41 30 34 31	3	3	0
399	2 34 23 15	1	-1	0
400	2 14 6 33	1	-1	0
401	26 50 27 31	3	3	0
402	33 41 21 16	2	-1	0
403	19 40 11 13	2	-1	0
404	11 26 21 48	2	-1	0
405	23 36 7 49	4	5	1
406	1 36 48 21	1	-1	0
407	26 22 4 30	4	4	0
408	1 29 15 6	1	-1	0
409	39 23 8 9	3	4	0
410	26 39 17 34	3	4	0
411	15 28 24 38	4	2	0
412	9 40 28 36	2	-1	0
413	17 16 48 46	2	-1	0
414	4 25 7 9	4	2	0
415	25 23 5 31	2	-1	0
416	5 41 25 12	3	5	0
417	43 7 24 41	2	-1	0
418	21 38 7 27	3	4	0
419	26 42 17 7	3	3	0
420	2 36 20 43	1	-1	0
421	49 37 19 38	4	1	0
422	35 15 34 39	2	-1	0
423	14 29 4 16	2	-1	0
424	46 4 8 9	4	5	0
425	19 41 15 35	3	3	0
426	35 34 17 24	4	1	0
427	16 34 10 46	3	5	0
428	3 17 35 30	1	-1	0
429	38 11 22 34	4	2	0
430	27 28 26 9	2	-1	0
431	33 44 17 43	4	3	0
432	17 22 31 26	2	-1	0
433	2 44 14 34	1	-1	0
434	27 40 20 17	4	2	0
435	3 23 4 42	1	-1	0
436	30 14 5 4	4	4	0
437	33 10 31 14	2	-1	0
438	1 49 21 28	1	-1	0
439	1 11 44 4	1	-1	0
440	43 23 50 8	4	1	0
441	30 43 49 48	2	-1	0
442	45 34 24 35	3	3	0
443	37 39 21 49	4	3	0
444	42 23 47 46	3	5	0
445	50 20 33 37	2	-1	0
446	12 6 32 49	4	1	0
447	1 47 33 39	1	-1	0
448	23 18 12 50	3	5	0
449	13 39 19 21	2	-1	0
450	2 48 50 4	1	-1	0
451	1 9 49 20	1	-1	0
452	39 14 15 5	3	4	0
453	9 46 15 11	3	4	0
454	14 40 50 25	3	2	0
455	4 11 8 37	4	1	0
456	23 32 50 39	3	2	0
457	27 47 44 45	3	4	0
458	27 26 9 6	4	4	0
459	42 8 9 41	3	1	0
460	3 9 15 42	1	-1	0
461	19 9 30 12	4	2	0
462	6 24 29 27	4	1	0
463	41 8 50 11	2	-1	0
464	1 39 36 41	1	-1	0
465	15 14 38 9	2	-1	0
466	27 45 41 11	3	2	0
467	7 35 48 17	3	3	0
468	2 7 46 36	1	-1	0
469	33 23 14 37	3	4	0
470	10 47 8 22	2	-1	0
471	33 17 16 37	4	3	0
472	9 36 25 33	2	-1	0
473	22 9 47 45	2	-1	0
474	20 9 38 44	4	4	0
475	1 29 38 43	1	-1	0
476	28 11 8 10	3	1	0
477	28 48 35 32	2	-1	0
478	18 46 40 27	4	5	0
479	39 4 30 27	2	-1	0
480	28 26 14 13	2	-1	0
481	39 47 28 12	3	3	0
482	3 4 43 34	1	-1	0
483	38 44 32 27	3	2	0
484	13 19 21 20	3	3	0
485	2 36 49 26	1	-1	0
486	22 34 20 33	3	3	0
487	1 6 37 27	1	-1	0
488	2 20 13 35	1	-1	0
489	5 27 44 23	2	-1	0
490	46 45 12 25	4	4	0
491	16 41 6 24	4	4	0
492	10 9 18 25	4	5	0
493	26 35 8 13	3	5	0
494	1 19 37 47	1	-1	0
495	11 22 32 39	2	-1	0
496	48 30 47 9	3	4	0
497	15 18 22 42	3	3	1
498	25 19 24 23	3	1	0
499	3 29 17 21	1	-1	0
500	18 5 19 29	2	-1	0
