Students	500
1	36 13 25 18	4	2	0
2	41 35 14 36	4	2	0
3	30 13 27 42	2	-1	0
4	20 25 34 32	2	-1	0
5	2 9 5 44	1	-1	0
6	47 31 36 14	4	2	0
7	36 50 43 14	4	3	0
8	17 48 34 29	4	3	0
9	3 42 41 9	1	-1	0
10	40 42 18 29	2	-1	0
11	2 20 38 47	1	-1	0
12	3 31 48 36	1	-1	0
13	44 35 15 16	4	2	0
14	38 40 42 44	3	4	0
15	17 35 26 34	2	-1	0
16	16 42 5 14	2	-1	0
17	13 8 22 24	4	2	0
18	18 4 14 21	4	2	0
19	20 36 40 17	3	3	0
20	38 37 26 11	3	3	0
21	4 13 25 47	4	5	0
22	23 50 27 47	4	1	0
23	39 42 40 24	4	2	0
24	11 26 46 27	4	3	0
25	1 34 17 42	1	-1	0
26	33 13 20 50	2	-1	0
27	35 47 48 49	2	-1	0
28	47 24 33 9	3	2	0
29	2 50 47 40	1	-1	0
30	13 11 7 42	2	-1	0
31	41 39 11 22	2	-1	0
32	39 41 27 14	4	4	0
33	38 50 29 39	2	-1	0
34	1 29 16 35	1	-1	0
35	36 37 10 14	2	-1	0
36	11 48 22 29	2	-1	0
37	28 45 34 27	3	5	0
38	30 10 4 25	2	-1	0
39	1 49 8 13	1	-1	0
40	44 5 28 42	4	4	0
41	6 45 7 50	3	2	0
42	29 31 18 13	2	-1	0
43	1 50 18 40	1	-1	0
44	46 34 42 40	3	2	0
45	1 47 14 16	1	-1	0
46	1 43 45 4	1	-1	0
47	2 13 36 24	1	-1	0
48	14 34 25 16	2	-1	0
49	16 38 7 34	4	3	0
50	12 25 18 11	2	-1	0
51	4 15 45 41	4	2	0
52	3 43 5 27	1	-1	0
53	1 41 20 8	1	-1	0
54	45 25 35 38	2	-1	0
55	49 18 46 15	4	3	0
56	3 37 43 21	1	-1	0
57	31 6 10 41	3	3	0
58	45 9 22 31	4	1	0
59	1 45 36 12	1	-1	0
60	47 44 10 5	4	5	0
61	3 7 10 24	1	-1	0
62	17 14 30 15	2	-1	0
63	2 26 19 12	1	-1	0
64	17 29 42 41	2	-1	0
65	50 12 42 40	3	4	0
66	25 22 23 5	4	1	0
67	26 23 29 13	3	3	0
68	1 23 22 39	1	-1	0
69	35 46 14 28	4	4	0
70	41 33 45 24	3	3	0
71	20 17 15 43	4	1	0
72	36 5 13 25	4	3	0
73	16 40 30 28	2	-1	0
74	49 18 28 6	2	-1	0
75	41 46 16 14	3	4	0
76	31 14 21 32	4	1	0
77	15 25 43 20	2	-1	0
78	30 28 9 8	3	5	0
79	1 19 34 38	1	-1	0
80	39 26 15 5	2	-1	1
81	35 30 19 18	2	-1	0
82	48 49 12 7	2	-1	0
83	48 5 43 35	4	3	0
84	47 15 12 34	2	-1	0
85	2 6 31 13	1	-1	0
86	9 15 19 18	2	-1	0
87	2 7 40 17	1	-1	0
88	3 28 47 29	1	-1	0
89	48 26 32 13	4	4	0
90	1 12 23 8	1	-1	0
91	24 27 46 4	2	-1	0
92	32 29 21 17	3	5	0
93	50 24 5 45	2	-1	0
94	50 49 9 4	3	1	0
95	45 12 50 9	2	-1	0
96	11 35 15 13	2	-1	0
97	1 49 36 27	1	-1	0
98	14 15 11 22	2	-1	0
99	2 32 26 11	1	-1	0
100	15 14 21 46	4	3	0
101	8 9 34 43	4	1	0
102	45 28 10 49	2	-1	0
103	49 38 20 21	2	-1	0
104	3 10 35 11	1	-1	0
105	17 15 32 5	4	2	0
106	3 43 16 28	1	-1	0
107	33 35 43 28	2	-1	0
108	34 44 41 39	4	4	0
109	2 42 41 26	1	-1	0
110	16 13 5 41	4	2	0
111	34 32 39 36	3	5	0
112	22 47 36 9	2	-1	0
113	3 14 49 8	1	-1	0
114	11 13 38 26	3	4	0
115	18 32 44 40	3	3	0
116	44 12 37 6	4	2	0
117	3 11 41 15	1	-1	0
118	33 8 35 39	3	5	0
119	28 11 26 49	2	-1	0
120	38 36 46 40	2	-1	0
121	3 33 50 31	1	-1	0
122	49 24 32 27	4	4	0
123	37 30 6 16	2	-1	0
124	1 30 23 11	1	-1	0
125	12 46 34 4	4	3	0
126	20 24 29 38	4	2	0
127	32 44 35 13	3	1	0
128	18 8 14 39	2	-1	0
129	3 48 22 17	1	-1	0
130	28 47 45 24	2	-1	0
131	28 37 29 23	2	-1	0
132	26 20 16 24	3	5	0
133	1 24 20 6	1	-1	1
134	13 15 17 26	2	-1	0
135	3 48 49 35	1	-1	0
136	14 8 15 24	3	2	0
137	4 32 50 11	4	2	0
138	41 48 14 1	4	5	1
139	3 42 30 35	1	-1	0
140	28 21 40 43	4	1	0
141	21 34 37 16	2	-1	0
142	41 30 45 46	3	2	0
143	36 5 9 47	3	3	0
144	47 11 48 27	2	-1	0
145	5 38 13 14	4	1	0
146	49 28 18 15	3	3	0
147	2 19 41 16	1	-1	0
148	10 20 50 47	3	4	0
149	41 42 10 43	3	3	0
150	29 24 19 21	3	3	0
151	1 34 21 20	1	-1	0
152	30 48 34 46	4	4	0
153	3 18 48 37	1	-1	0
154	2 44 26 30	1	-1	0
155	4 41 8 45	2	-1	0
156	3 11 6 47	1	-1	0
157	13 27 31 24	4	5	0
158	2 9 38 7	1	-1	0
159	31 27 26 35	3	5	0
160	3 40 16 33	1	-1	0
161	6 23 22 33	3	1	0
162	18 36 42 43	4	4	0
163	12 37 14 33	2	-1	0
164	1 21 24 49	1	-1	0
165	50 6 34 19	2	-1	0
166	50 41 6 44	2	-1	0
167	37 23 20 13	3	1	0
168	14 49 19 20	4	5	0
169	3 19 40 13	1	-1	0
170	50 7 24 17	2	-1	0
171	24 45 13 6	4	1	0
172	1 37 29 50	1	-1	0
173	47 29 16 20	4	5	0
174	47 50 21 23	4	2	0
175	1 28 20 27	1	-1	0
176	2 35 10 43	1	-1	0
177	1 34 49 14	1	-1	0
178	1 46 13 29	1	-1	0
179	2 26 5 6	1	-1	0
180	4 29 12 23	4	4	0
181	47 31 38 14	4	5	0
182	50 40 11 18	4	5	0
183	34 30 23 16	4	3	0
184	43 8 23 37	3	3	0
185	1 18 41 28	1	-1	0
186	15 49 33 46	2	-1	0
187	24 48 13 41	2	-1	0
188	9 48 2 50	2	-1	0
189	47 12 33 32	4	5	0
190	27 31 4 5	3	4	0
191	3 48 20 10	1	-1	0
192	48 47 34 15	4	2	0
193	3 46 11 39	1	-1	0
194	22 7 10 40	3	5	0
195	2 20 37 23	1	-1	0
196	3 30 38 36	1	-1	0
197	30 19 29 14	3	3	0
198	3 5 10 22	1	-1	0
199	20 31 47 19	2	-1	0
200	3 38 29 42	1	-1	0
201	6 33 41 29	3	3	0
202	31 50 23 15	3	3	0
203	19 14 32 44	3	4	0
204	5 41 29 17	4	3	0
205	3 31 48 21	1	-1	0
206	45 17 21 44	3	1	0
207	34 24 35 48	4	4	0
208	45 26 16 22	2	-1	0
209	25 26 18 13	3	1	0
210	10 17 41 19	4	3	0
211	3 22 34 9	1	-1	0
212	23 25 22 33	2	-1	0
213	43 30 16 14	3	1	0
214	48 8 12 38	2	-1	0
215	3 36 19 48	1	-1	0
216	24 30 43 49	3	4	0
217	36 33 4 46	2	-1	0
218	37 33 24 23	4	3	0
219	48 38 24 16	2	-1	0
220	26 33 8 19	3	5	0
221	49 16 33 48	4	2	0
222	38 45 18 39	3	4	0
223	21 33 37 29	4	5	0
224	1 35 39 37	1	-1	0
225	47 26 12 48	3	2	0
226	1 12 27 6	1	-1	0
227	45 20 50 6	2	-1	0
228	1 18 16 17	1	-1	0
229	48 36 45 28	2	-1	0
230	34 40 50 7	4	1	0
231	1 14 33 15	1	-1	0
232	1 20 23 4	1	-1	0
233	16 18 42 21	2	-1	0
234	1 6 28 23	1	-1	0
235	29 13 40 24	4	2	0
236	1 13 36 24	1	-1	0
237	27 42 29 41	2	-1	0
238	35 22 18 24	2	-1	0
239	39 22 6 15	2	-1	0
240	34 35 37 10	3	2	0
241	3 12 16 23	1	-1	0
242	12 34 13 45	4	3	0
243	50 19 15 35	2	-1	0
244	3 40 50 27	1	-1	0
245	1 40 23 10	1	-1	0
246	1 16 31 25	1	-1	0
247	18 17 23 28	2	-1	0
248	36 40 22 49	3	2	0
249	6 16 11 15	2	-1	0
250	33 8 15 38	3	5	0
251	2 23 13 37	1	-1	0
252	3 38 13 12	1	-1	0
253	27 37 49 24	4	5	0
254	8 34 39 13	4	4	0
255	36 35 4 20	3	4	0
256	5 25 48 17	3	2	0
257	22 15 20 6	3	5	0
258	29 26 11 33	4	3	0
259	23 9 6 17	2	-1	0
260	15 30 17 18	4	1	0
261	10 38 20 19	2	-1	0
262	3 20 49 6	1	-1	0
263	15 26 41 17	3	5	0
264	44 5 14 30	4	5	0
265	29 26 18 33	3	1	0
266	35 39 21 34	3	3	0
267	19 48 44 5	4	2	0
268	39 7 11 5	2	-1	0
269	20 42 44 27	3	4	0
270	43 47 17 12	3	4	0
271	4 42 9 21	3	5	0
272	44 5 22 14	2	-1	0
273	11 41 6 46	4	4	0
274	41 11 47 18	3	2	0
275	8 28 45 35	4	5	0
276	34 45 12 35	2	-1	0
277	38 18 15 23	2	-1	0
278	26 13 42 48	4	2	0
279	1 45 39 29	1	-1	0
280	32 16 33 25	4	5	0
281	39 29 14 30	2	-1	0
282	3 7 10 28	1	-1	0
283	5 7 34 50	4	3	0
284	49 39 43 41	4	1	0
285	3 19 27 4	1	-1	0
286	1 28 23 5	1	-1	0
287	23 17 26 16	3	5	0
288	15 39 19 5	2	-1	0
289	48 19 6 23	2	-1	0
290	3 4 41 12	1	-1	0
291	2 39 34 8	1	-1	0
292	3 40 35 44	1	-1	0
293	9 41 22 40	3	1	0
294	6 39 37 32	4	4	0
295	31 46 6 50	2	-1	0
296	33 41 13 36	3	5	0
297	3 36 33 22	1	-1	0
298	2 37 48 23	1	-1	0
299	4 22 27 9	2	-1	0
300	12 17 15 20	2	-1	0
301	25 43 15 14	3	4	0
302	12 50 13 30	2	-1	0
303	34 33 31 8	4	2	0
304	8 33 36 37	3	5	0
305	3 22 21 39	1	-1	0
306	2 11 46 7	1	-1	0
307	50 39 23 6	2	-1	0
308	46 50 5 22	3	5	0
309	11 26 50 14	3	4	0
310	14 22 11 7	2	-1	0
311	45 34 28 30	4	5	0
312	45 22 46 50	2	-1	0
313	34 14 19 20	2	-1	0
314	10 44 42 37	2	-1	0
315	40 20 25 50	3	1	0
316	50 42 45 12	3	1	0
317	6 36 28 24	2	-1	0
318	17 43 20 4	3	1	0
319	21 8 38 26	2	-1	0
320	10 13 42 12	3	5	1
321	48 38 14 41	2	-1	0
322	3 47 40 37	1	-1	0
323	45 10 4 29	2	-1	0
324	23 15 48 35	3	5	0
325	31 39 40 12	3	5	0
326	14 47 35 44	2	-1	0
327	4 38 34 24	4	4	0
328	33 11 6 30	4	3	0
329	45 20 38 47	3	5	0
330	12 41 8 37	3	4	0
331	10 8 42 11	2	-1	0
332	45 44 48 18	3	2	0
333	36 34 28 49	2	-1	0
334	46 47 26 13	2	-1	0
335	2 35 36 50	1	-1	0
336	50 12 28 19	4	1	0
337	13 25 27 48	3	5	0
338	26 8 14 33	2	-1	0
339	33 7 9 49	4	1	0
340	34 31 11 28	4	5	0
341	44 43 39 25	3	5	0
342	9 5 47 27	3	2	0
343	39 27 37 7	4	5	0
344	10 8 33 12	4	1	0
345	3 49 26 14	1	-1	0
346	2 26 36 16	1	-1	0
347	7 40 27 42	4	5	0
348	2 44 18 28	1	-1	0
349	24 29 5 10	2	-1	0
350	46 6 19 25	3	4	0
351	3 20 46 30	1	-1	0
352	30 38 32 22	4	4	0
353	2 4 47 6	1	-1	0
354	3 8 26 33	1	-1	0
355	35 48 4 42	4	5	0
356	43 50 45 4	4	4	0
357	11 42 23 50	2	-1	0
358	47 13 8 22	4	1	0
359	47 7 21 49	2	-1	0
360	1 14 34 43	1	-1	0
361	24 8 42 20	2	-1	0
362	3 36 47 10	1	-1	0
363	37 27 33 43	3	4	0
364	1 30 4 28	1	-1	0
365	49 35 36 11	3	1	0
366	48 9 27 18	2	-1	0
367	21 42 27 29	4	5	0
368	27 49 42 13	3	2	0
369	48 17 4 7	4	5	0
370	30 7 15 49	3	5	0
371	33 20 7 19	3	1	0
372	3 13 50 21	1	-1	0
373	49 24 27 34	4	5	0
374	39 49 6 15	4	5	0
375	39 24 30 5	3	1	0
376	11 14 26 22	2	-1	0
377	11 8 44 40	3	2	0
378	31 32 45 50	2	-1	0
379	49 31 16 12	4	4	0
380	2 38 6 22	1	-1	0
381	41 14 10 13	4	2	0
382	9 34 22 45	4	2	0
383	11 7 4 21	3	4	0
384	39 17 49 4	2	-1	0
385	17 25 6 15	2	-1	0
386	31 15 12 32	3	3	0
387	50 43 13 27	2	-1	0
388	30 42 27 15	2	-1	0
389	5 15 39 19	3	2	0
390	20 38 42 45	3	4	0
391	3 29 43 28	1	-1	0
392	31 18 30 16	4	3	0
393	4 15 16 13	4	1	0
394	11 13 23 9	2	-1	0
395	41 17 26 11	2	-1	0
396	30 39 24 35	2	-1	0
397	25 10 37 8	3	1	0
398	7 18 16 6	2	-1	0
399	23 5 50 34	4	5	0
400	1 23 12 38	1	-1	0
401	2 26 17 5	1	-1	0
402	20 41 46 22	3	4	0
403	21 7 14 38	3	1	0
404	26 30 33 49	3	5	0
405	1 32 38 43	1	-1	0
406	2 41 48 36	1	-1	0
407	11 45 39 13	2	-1	0
408	42 24 7 33	3	4	0
409	15 24 32 3	2	-1	0
410	29 33 12 39	3	2	0
411	46 42 19 21	3	4	0
412	32 41 30 7	4	1	0
413	49 12 43 5	2	-1	0
414	18 36 32 38	2	-1	0
415	15 4 22 9	3	2	0
416	2 6 12 14	1	-1	0
417	47 45 5 12	4	2	0
418	1 19 21 16	1	-1	0
419	23 27 36 22	2	-1	0
420	1 42 46 43	1	-1	0
421	1 39 37 17	1	-1	0
422	22 23 29 15	3	3	0
423	43 34 28 10	4	4	0
424	9 15 4 29	2	-1	0
425	6 27 13 16	3	5	0
426	47 6 16 48	4	1	0
427	3 47 28 20	1	-1	0
428	6 27 42 45	4	3	0
429	27 32 49 48	4	2	0
430	15 27 23 40	3	5	0
431	38 14 23 11	4	4	0
432	21 25 9 47	3	1	0
433	1 17 5 29	1	-1	0
434	40 49 10 41	4	5	0
435	3 31 33 42	1	-1	0
436	48 11 13 36	2	-1	0
437	47 15 41 40	3	5	0
438	37 15 33 35	2	-1	0
439	2 26 50 7	1	-1	0
440	2 48 23 30	1	-1	0
441	9 17 19 34	2	-1	0
442	23 49 27 21	4	2	0
443	48 41 40 26	4	2	0
444	22 12 14 40	3	3	0
445	46 32 26 1	3	2	0
446	1 21 33 9	1	-1	0
447	15 24 20 19	2	-1	0
448	50 32 24 49	3	1	0
449	23 29 12 19	4	5	0
450	23 43 39 9	2	-1	0
451	27 47 15 48	4	4	0
452	2 22 37 19	1	-1	0
453	21 41 20 32	4	5	0
454	3 28 29 36	1	-1	0
455	37 32 50 23	4	4	0
456	17 32 41 24	4	2	0
457	19 46 49 35	2	-1	0
458	43 47 18 16	2	-1	0
459	29 17 49 46	2	-1	1
460	28 42 33 17	4	5	0
461	3 31 38 19	1	-1	0
462	22 4 19 45	4	5	0
463	30 17 23 22	4	3	0
464	6 30 46 15	4	1	0
465	41 30 27 10	4	1	0
466	19 5 9 34	3	2	0
467	30 50 19 31	3	2	0
468	30 47 20 31	3	3	0
469	1 17 12 33	1	-1	0
470	15 5 20 30	4	2	0
471	36 11 25 18	2	-1	0
472	3 39 36 46	1	-1	0
473	2 49 9 32	1	-1	0
474	44 15 20 27	4	5	0
475	1 41 10 47	1	-1	0
476	12 4 28 27	2	-1	0
477	29 14 49 12	2	-1	0
478	32 40 14 16	4	5	0
479	14 34 48 26	3	2	0
480	1 25 17 15	1	-1	0
481	1 39 4 14	1	-1	0
482	1 49 35 41	1	-1	0
483	13 9 49 28	3	1	0
484	2 30 43 39	1	-1	0
485	47 41 34 6	2	-1	0
486	48 20 8 14	2	-1	0
487	35 9 49 16	2	-1	0
488	10 36 15 32	4	4	0
489	3 6 37 14	1	-1	0
490	43 7 22 16	2	-1	0
491	17 33 12 34	3	2	0
492	10 41 36 14	3	2	0
493	2 46 34 32	1	-1	0
494	38 19 22 17	3	1	0
495	27 5 42 43	4	1	0
496	42 10 44 5	2	-1	0
497	46 12 41 48	3	1	0
498	3 37 50 29	1	-1	0
499	1 46 19 25	1	-1	0
500	40 31 43 22	4	1	0
