Students	500
1	30 11 5 48	3	4	0
2	2 9 24 4	1	-1	0
3	1 23 7 10	1	-1	0
4	10 44 49 9	4	4	0
5	18 46 44 35	4	4	0
6	49 16 26 11	3	4	0
7	3 11 5 45	1	-1	0
8	24 6 27 7	4	1	0
9	30 28 44 21	3	5	0
10	2 43 39 37	1	-1	0
11	40 49 25 27	2	-1	0
12	41 17 19 48	4	4	0
13	35 24 22 34	4	3	1
14	22 19 5 39	3	3	0
15	9 8 28 33	2	-1	0
16	32 45 40 31	4	3	0
17	43 13 17 14	2	-1	0
18	3 44 49 21	1	-1	0
19	31 16 41 25	4	2	0
20	6 28 13 29	4	5	0
21	4 18 16 45	3	5	0
22	43 34 23 31	4	2	0
23	31 8 48 10	4	2	0
24	5 23 20 19	2	-1	0
25	48 22 10 9	2	-1	0
26	9 46 31 13	3	5	0
27	33 47 11 45	3	3	0
28	1 41 22 13	1	-1	0
29	20 22 14 36	3	5	0
30	15 29 23 25	2	-1	0
31	2 35 13 28	1	-1	0
32	2 7 39 19	1	-1	0
33	49 40 26 29	3	1	0
34	3 30 22 18	1	-1	0
35	23 26 7 47	3	3	0
36	25 23 4 32	4	2	0
37	3 11 30 16	1	-1	0
38	3 19 7 31	1	-1	0
39	28 42 9 22	2	-1	0
40	39 47 7 4	4	2	0
41	12 6 11 15	4	1	0
42	2 18 24 5	1	-1	0
43	2 4 33 19	1	-1	0
44	33 13 22 34	3	3	0
45	2 6 26 47	1	-1	0
46	33 36 49 16	4	3	0
47	35 40 43 48	3	3	0
48	36 33 22 46	2	-1	0
49	48 16 12 22	4	1	0
50	1 41 39 28	1	-1	0
51	42 12 35 22	2	-1	0
52	42 32 16 33	4	4	0
53	3 30 39 14	1	-1	0
54	25 43 24 15	4	4	0
55	3 12 19 26	1	-1	0
56	33 14 32 9	2	-1	0
57	39 44 48 26	2	-1	0
58	20 18 31 32	4	3	0
59	21 38 47 29	3	2	0
60	23 25 12 27	4	4	0
61	2 36 34 50	1	-1	0
62	9 24 28 13	4	3	0
63	46 2 32 37	3	2	0
64	28 50 10 16	2	-1	0
65	1 39 21 40	1	-1	0
66	27 33 46 23	3	2	0
67	44 37 41 26	2	-1	0
68	15 40 49 50	3	3	0
69	39 38 49 10	4	1	0
70	3 13 28 15	1	-1	0
71	20 42 8 29	4	5	0
72	17 47 41 35	3	5	1
73	38 22 50 46	3	1	0
74	13 39 30 36	4	2	0
75	16 9 37 17	2	-1	0
76	3 26 49 48	1	-1	0
77	40 6 41 39	3	3	0
78	42 49 8 34	2	-1	0
79	26 14 27 35	3	4	0
80	30 35 29 27	4	5	0
81	2 46 33 35	1	-1	0
82	3 41 27 45	1	-1	0
83	18 40 29 23	4	1	0
84	35 38 42 40	4	2	0
85	6 21 27 33	2	-1	0
86	1 8 29 16	1	-1	0
87	48 37 21 20	2	-1	0
88	34 30 6 41	4	3	0
89	12 21 29 3	2	-1	0
90	22 8 12 7	2	-1	0
91	2 33 10 42	1	-1	0
92	10 18 12 16	4	2	0
93	2 29 14 34	1	-1	0
94	26 13 30 20	3	2	0
95	50 38 7 42	3	3	0
96	2 21 7 33	1	-1	0
97	44 5 33 15	4	2	0
98	31 33 7 35	3	1	0
99	44 16 21 38	2	-1	0
100	31 9 33 21	4	3	0
101	17 44 38 13	3	5	0
102	4 8 49 46	2	-1	0
103	44 45 46 12	4	4	0
104	42 18 31 50	2	-1	0
105	3 24 40 36	1	-1	0
106	41 46 11 7	2	-1	0
107	2 13 34 37	1	-1	0
108	1 33 18 32	1	-1	0
109	8 40 27 4	3	2	0
110	45 15 38 44	4	2	0
111	41 8 37 32	4	1	0
112	34 14 12 40	3	4	0
113	3 21 11 16	1	-1	0
114	3 35 6 20	1	-1	0
115	11 26 48 31	3	3	0
116	1 16 42 30	1	-1	0
117	49 26 8 7	2	-1	0
118	29 42 23 45	4	3	0
119	15 30 27 12	4	3	0
120	3 12 30 9	1	-1	0
121	2 28 33 26	1	-1	0
122	2 47 9 21	1	-1	0
123	2 13 41 45	1	-1	0
124	43 46 7 36	3	4	0
125	1 40 18 8	1	-1	0
126	17 4 40 5	3	3	0
127	37 19 31 46	4	2	0
128	22 8 49 25	3	3	0
129	1 24 31 11	1	-1	0
130	35 25 22 7	3	5	0
131	17 21 28 29	2	-1	0
132	26 50 28 43	3	4	0
133	46 6 37 24	4	4	0
134	47 20 30 37	4	1	0
135	31 41 49 24	4	2	0
136	43 44 15 14	4	2	0
137	30 9 37 12	4	5	0
138	38 28 25 35	2	-1	0
139	32 28 18 48	4	1	0
140	13 9 2 6	4	3	0
141	29 24 45 31	4	1	0
142	35 26 12 37	2	-1	0
143	2 10 22 46	1	-1	0
144	2 47 14 19	1	-1	0
145	1 27 44 4	1	-1	0
146	36 9 13 45	4	2	0
147	12 36 37 18	3	5	0
148	15 22 18 28	2	-1	0
149	2 40 44 14	1	-1	0
150	41 45 16 8	4	4	0
151	3 14 5 37	1	-1	0
152	11 43 17 33	3	2	0
153	31 50 43 9	4	4	0
154	33 42 12 40	2	-1	0
155	45 43 50 18	2	-1	0
156	3 4 9 28	1	-1	0
157	1 34 44 8	1	-1	0
158	8 39 28 16	3	3	0
159	29 49 26 19	4	2	0
160	19 4 40 30	3	2	0
161	45 35 49 26	4	2	0
162	2 15 42 38	1	-1	0
163	1 19 12 43	1	-1	0
164	7 38 36 15	2	-1	0
165	3 5 41 20	1	-1	0
166	1 11 18 38	1	-1	0
167	50 43 4 48	3	1	0
168	40 7 5 14	4	1	0
169	3 24 43 47	1	-1	0
170	3 12 19 14	1	-1	0
171	23 11 21 19	2	-1	0
172	35 10 36 9	3	2	0
173	3 28 7 45	1	-1	0
174	36 35 50 12	2	-1	0
175	35 33 50 10	4	5	0
176	33 27 21 26	3	1	0
177	25 46 38 40	4	3	0
178	2 46 12 20	1	-1	0
179	20 38 27 19	4	1	0
180	20 24 44 32	2	-1	0
181	26 38 40 30	4	4	0
182	3 39 26 25	1	-1	0
183	29 13 38 7	2	-1	0
184	23 44 32 26	2	-1	0
185	31 23 41 49	2	-1	1
186	1 34 16 15	1	-1	0
187	35 13 39 38	4	1	0
188	30 16 23 29	3	4	0
189	23 48 5 36	2	-1	0
190	40 20 30 4	3	5	0
191	38 13 25 30	2	-1	0
192	31 8 11 49	4	1	0
193	11 38 36 42	2	-1	0
194	43 6 29 31	4	3	0
195	49 48 19 25	2	-1	0
196	2 44 20 9	1	-1	0
197	3 23 28 38	1	-1	0
198	3 13 45 22	1	-1	0
199	49 29 10 27	4	4	0
200	25 24 26 29	3	4	0
201	1 21 35 33	1	-1	0
202	2 22 24 40	1	-1	0
203	48 25 7 42	4	2	0
204	12 34 14 36	4	4	0
205	3 32 5 24	1	-1	0
206	25 30 6 37	4	4	0
207	13 40 33 8	2	-1	0
208	6 48 4 50	4	1	0
209	37 9 22 16	3	3	0
210	22 35 49 11	4	1	0
211	42 21 49 38	4	5	0
212	17 24 10 26	3	4	0
213	41 4 33 35	2	-1	0
214	2 24 13 34	1	-1	0
215	23 32 38 35	3	2	0
216	48 49 21 39	2	-1	0
217	18 39 23 16	2	-1	0
218	43 35 5 6	3	1	0
219	38 11 15 5	4	5	0
220	20 40 47 10	4	4	0
221	46 49 48 11	2	-1	0
222	46 26 48 38	4	2	0
223	4 9 42 27	3	5	0
224	3 41 1 49	1	-1	0
225	12 11 42 50	2	-1	0
226	27 24 11 14	3	2	0
227	31 11 45 19	4	4	1
228	3 23 30 12	1	-1	0
229	24 11 14 34	4	3	0
230	46 16 35 38	2	-1	0
231	35 42 43 22	4	2	0
232	3 49 33 37	1	-1	0
233	22 12 23 43	4	4	0
234	5 15 42 10	4	3	0
235	43 40 9 20	4	1	0
236	46 47 14 41	3	2	0
237	49 46 22 18	3	1	0
238	2 30 49 46	1	-1	0
239	29 11 35 28	4	4	0
240	1 16 36 50	1	-1	0
241	35 39 7 14	2	-1	0
242	45 22 10 33	3	1	0
243	18 15 20 22	4	4	0
244	20 24 25 11	3	5	0
245	18 28 49 16	2	-1	0
246	40 15 48 8	2	-1	0
247	49 6 39 23	4	1	0
248	12 36 13 43	3	2	0
249	3 35 33 11	1	-1	0
250	36 48 10 44	4	1	0
251	3 20 30 4	1	-1	0
252	3 15 22 8	1	-1	0
253	2 39 10 46	1	-1	0
254	16 41 25 22	3	4	0
255	39 46 33 34	4	5	0
256	4 29 43 47	2	-1	0
257	1 44 19 22	1	-1	0
258	14 23 32 11	4	1	0
259	35 18 31 30	4	3	0
260	45 39 15 31	4	4	0
261	1 38 26 35	1	-1	0
262	14 39 7 17	3	4	0
263	3 34 21 15	1	-1	0
264	13 38 25 7	2	-1	0
265	49 25 23 47	4	3	0
266	3 41 5 16	1	-1	0
267	1 29 27 16	1	-1	0
268	36 21 50 35	2	-1	0
269	22 33 9 8	4	2	0
270	19 42 18 24	4	2	0
271	41 4 43 11	3	5	0
272	1 20 42 24	1	-1	0
273	3 9 35 44	1	-1	0
274	26 24 12 21	4	1	0
275	3 13 8 23	1	-1	0
276	4 24 10 28	3	2	0
277	44 31 43 40	2	-1	0
278	16 29 20 32	4	1	0
279	18 40 25 44	2	-1	0
280	1 14 46 8	1	-1	0
281	2 38 43 4	1	-1	0
282	6 4 5 28	3	5	0
283	3 5 4 35	1	-1	0
284	24 6 11 4	2	-1	0
285	35 45 10 49	4	5	0
286	38 43 23 4	3	1	0
287	3 42 34 29	1	-1	0
288	45 18 32 25	3	1	0
289	5 13 23 32	3	3	0
290	3 31 20 24	1	-1	0
291	2 42 18 21	1	-1	0
292	5 19 11 31	2	-1	0
293	38 6 21 43	4	1	0
294	3 24 48 44	1	-1	0
295	2 43 40 50	1	-1	0
296	37 39 47 36	3	2	0
297	38 11 40 48	2	-1	0
298	15 19 34 39	4	1	0
299	47 8 45 13	3	2	0
300	17 20 5 19	3	4	0
301	40 20 26 39	2	-1	0
302	5 39 26 35	4	4	0
303	28 31 6 5	3	2	0
304	1 24 49 40	1	-1	0
305	1 11 43 8	1	-1	0
306	37 36 47 6	2	-1	0
307	1 36 6 27	1	-1	0
308	1 4 24 14	1	-1	0
309	31 22 17 50	2	-1	0
310	3 6 41 13	1	-1	0
311	32 28 31 37	4	5	0
312	19 45 12 39	2	-1	0
313	34 11 7 32	4	1	0
314	3 14 8 9	1	-1	0
315	28 31 48 9	2	-1	0
316	5 34 37 7	2	-1	0
317	41 44 36 49	3	2	0
318	22 48 43 32	4	4	0
319	2 14 44 50	1	-1	0
320	3 50 49 42	1	-1	0
321	32 36 38 24	3	3	0
322	21 40 15 6	2	-1	0
323	47 44 49 38	2	-1	0
324	41 17 29 12	2	-1	0
325	42 11 14 4	2	-1	0
326	33 36 8 49	2	-1	0
327	19 31 14 48	2	-1	0
328	5 15 43 24	2	-1	0
329	38 50 33 11	2	-1	0
330	22 36 49 42	2	-1	0
331	27 45 29 25	3	2	0
332	16 5 13 18	4	2	0
333	50 15 41 37	2	-1	0
334	20 47 4 36	2	-1	0
335	26 11 12 42	4	2	0
336	8 28 4 46	2	-1	0
337	24 11 16 19	3	2	0
338	42 32 34 25	2	-1	0
339	25 8 24 36	4	2	0
340	7 34 30 4	3	5	0
341	1 48 39 16	1	-1	0
342	3 39 10 4	1	-1	0
343	3 50 16 33	1	-1	0
344	13 22 46 43	2	-1	0
345	28 26 32 27	3	3	0
346	5 17 31 33	3	5	0
347	23 21 41 28	2	-1	0
348	44 47 14 13	4	4	0
349	2 31 35 19	1	-1	0
350	40 41 32 16	3	1	0
351	27 11 13 17	4	3	0
352	47 41 15 16	3	1	0
353	11 33 15 29	2	-1	0
354	1 7 43 39	1	-1	0
355	10 46 50 18	4	5	0
356	1 36 17 38	1	-1	0
357	1 17 41 23	1	-1	0
358	17 23 35 44	2	-1	0
359	3 37 46 23	1	-1	0
360	27 28 17 7	4	1	0
361	49 38 48 10	2	-1	0
362	38 37 26 24	2	-1	0
363	50 46 26 4	2	-1	0
364	49 31 24 1	4	5	0
365	50 9 7 14	4	2	0
366	14 41 7 28	4	1	0
367	23 27 38 37	2	-1	0
368	50 14 11 45	3	5	0
369	1 28 12 10	1	-1	0
370	39 13 6 36	2	-1	0
371	41 18 21 15	4	2	0
372	20 47 21 12	4	4	0
373	6 41 17 27	3	4	0
374	9 26 31 43	2	-1	0
375	33 18 40 29	3	3	0
376	16 17 29 26	3	4	0
377	16 26 38 37	2	-1	0
378	39 31 40 4	4	2	0
379	39 46 37 34	3	5	0
380	24 26 44 31	2	-1	1
381	5 36 14 30	4	2	0
382	2 4 34 31	1	-1	0
383	33 38 37 36	3	2	0
384	36 22 20 23	2	-1	0
385	5 28 32 4	4	3	0
386	48 32 18 44	4	5	0
387	39 42 24 37	2	-1	0
388	47 9 7 15	4	1	0
389	36 47 27 39	3	5	0
390	35 19 34 29	4	1	0
391	39 19 16 38	3	1	0
392	37 21 46 7	4	4	0
393	14 47 4 29	3	1	0
394	29 22 47 11	3	3	0
395	2 40 39 41	1	-1	0
396	1 28 19 45	1	-1	0
397	44 40 26 11	2	-1	0
398	3 35 48 37	1	-1	0
399	25 10 32 33	4	4	0
400	30 4 12 24	3	1	0
401	2 30 14 24	1	-1	0
402	45 31 20 21	3	1	0
403	4 5 41 22	2	-1	0
404	16 9 38 36	3	2	0
405	30 37 36 25	4	3	0
406	3 41 16 45	1	-1	0
407	9 22 45 14	4	3	0
408	1 16 29 28	1	-1	0
409	3 13 29 20	1	-1	0
410	27 43 9 10	4	4	0
411	30 10 43 32	2	-1	0
412	38 5 29 15	2	-1	0
413	2 7 14 44	1	-1	0
414	21 28 41 19	3	3	0
415	18 6 46 16	4	5	0
416	14 17 39 24	3	4	0
417	3 19 16 17	1	-1	0
418	34 39 4 12	2	-1	0
419	26 11 5 4	3	5	0
420	28 13 45 36	2	-1	0
421	49 40 9 46	3	4	0
422	3 14 5 13	1	-1	0
423	3 25 27 31	1	-1	0
424	15 36 33 13	4	2	0
425	30 20 36 3	4	3	0
426	1 46 37 33	1	-1	0
427	29 20 23 24	3	3	0
428	2 18 39 31	1	-1	0
429	8 26 42 48	4	1	0
430	33 19 10 4	2	-1	0
431	28 17 20 10	2	-1	0
432	40 37 13 35	3	3	0
433	8 50 16 40	4	1	0
434	1 21 36 19	1	-1	0
435	18 21 46 24	2	-1	0
436	13 50 47 20	2	-1	0
437	29 50 42 19	2	-1	0
438	32 20 26 48	2	-1	0
439	15 12 16 18	4	1	0
440	4 28 20 40	4	4	0
441	2 26 42 30	1	-1	0
442	3 36 19 9	1	-1	0
443	19 37 29 36	3	4	0
444	12 5 39 25	3	1	0
445	26 44 6 45	3	5	0
446	2 32 39 18	1	-1	0
447	20 30 12 48	3	2	0
448	8 45 14 37	3	1	0
449	41 22 21 23	4	2	0
450	6 27 40 49	3	3	0
451	29 18 16 4	2	-1	0
452	35 40 9 38	2	-1	0
453	22 16 14 4	4	5	0
454	35 17 11 4	2	-1	0
455	34 20 47 28	4	3	0
456	46 17 15 31	2	-1	0
457	41 27 40 28	4	4	0
458	3 34 10 7	1	-1	0
459	15 4 31 27	2	-1	0
460	24 39 43 50	4	2	0
461	43 27 15 21	4	4	0
462	16 18 49 10	2	-1	0
463	1 21 47 38	1	-1	0
464	16 14 13 32	3	3	0
465	25 31 3 29	2	-1	0
466	3 43 18 14	1	-1	0
467	34 4 40 16	3	5	0
468	46 30 34 4	2	-1	0
469	3 5 13 9	1	-1	0
470	27 21 30 6	2	-1	0
471	22 9 37 18	2	-1	0
472	29 24 4 30	3	2	0
473	21 17 26 12	2	-1	0
474	19 45 30 32	3	3	0
475	35 7 44 23	2	-1	0
476	29 23 7 33	3	1	0
477	1 35 46 22	1	-1	0
478	2 14 26 28	1	-1	0
479	37 43 15 10	2	-1	0
480	28 37 7 39	2	-1	0
481	15 30 11 18	4	4	0
482	13 11 41 43	2	-1	0
483	36 42 35 24	2	-1	0
484	14 49 22 18	4	1	0
485	3 20 18 32	1	-1	0
486	40 4 46 47	3	3	0
487	17 26 30 22	2	-1	0
488	41 40 42 24	3	4	0
489	23 17 48 11	2	-1	0
490	3 43 24 14	1	-1	0
491	9 18 24 28	3	4	0
492	20 12 25 9	3	3	0
493	23 11 17 39	2	-1	0
494	45 46 50 43	3	3	0
495	34 24 32 8	4	2	0
496	16 43 25 18	3	5	0
497	4 39 16 33	4	5	0
498	23 44 4 38	2	-1	0
499	22 42 39 29	2	-1	0
500	38 5 36 31	3	3	0
