Students	500
1	30 32 22 44	3	5	0
2	50 7 30 15	4	4	0
3	17 29 38 16	4	1	0
4	18 31 50 46	3	3	0
5	35 49 5 28	3	5	0
6	15 47 27 18	3	2	0
7	36 7 21 13	3	2	0
8	19 44 27 30	2	-1	0
9	44 48 27 50	4	4	0
10	1 28 42 22	1	-1	0
11	22 24 6 26	2	-1	0
12	33 29 4 11	4	1	0
13	1 32 21 42	1	-1	0
14	11 27 41 48	4	5	0
15	12 34 32 28	2	-1	0
16	25 47 24 20	3	3	0
17	36 43 46 9	3	4	0
18	2 16 20 8	1	-1	0
19	27 49 7 11	3	2	0
20	29 19 46 41	4	4	0
21	3 22 13 18	1	-1	0
22	29 5 44 19	2	-1	0
23	25 11 42 8	3	1	0
24	45 41 20 29	2	-1	0
25	9 16 25 14	4	5	0
26	2 30 45 35	1	-1	0
27	32 40 25 38	2	-1	0
28	3 34 47 17	1	-1	0
29	2 38 10 18	1	-1	0
30	43 12 21 31	3	4	0
31	45 6 19 18	4	4	0
32	38 22 17 35	2	-1	0
33	48 36 24 5	3	2	0
34	16 26 31 18	2	-1	0
35	41 36 13 33	2	-1	0
36	4 42 45 47	2	-1	0
37	3 10 20 38	1	-1	0
38	21 38 23 31	3	3	0
39	21 45 7 30	3	3	0
40	45 10 24 44	2	-1	0
41	6 15 22 34	2	-1	1
42	24 23 5 37	3	1	0
43	23 6 12 4	3	4	0
44	39 16 35 48	2	-1	0
45	37 20 42 34	4	2	0
46	50 27 14 13	2	-1	0
47	16 9 11 5	3	4	0
48	2 4 37 23	1	-1	0
49	18 6 30 5	3	4	0
50	3 41 18 26	1	-1	0
51	37 31 25 27	2	-1	0
52	18 38 14 11	2	-1	0
53	9 8 37 16	4	4	0
54	7 13 40 15	3	1	0
55	33 16 47 6	2	-1	0
56	42 49 21 30	2	-1	0
57	4 17 24 48	3	2	0
58	27 5 37 43	2	-1	0
59	37 4 16 19	2	-1	0
60	24 26 44 18	4	5	0
61	25 9 40 8	2	-1	0
62	1 30 43 34	1	-1	0
63	8 50 16 20	3	4	0
64	3 12 33 39	1	-1	0
65	5 50 25 14	2	-1	0
66	46 24 21 48	3	3	0
67	21 27 23 5	2	-1	0
68	39 15 30 18	4	4	0
69	25 13 11 33	4	2	0
70	1 25 35 40	1	-1	0
71	2 4 27 36	1	-1	0
72	1 26 39 11	1	-1	0
73	41 22 39 19	3	5	0
74	5 38 25 20	3	1	0
75	21 14 38 42	3	4	0
76	19 45 35 21	4	4	0
77	4 30 39 15	2	-1	0
78	38 28 5 33	2	-1	0
79	18 47 39 49	4	1	0
80	1 48 30 35	1	-1	0
81	3 31 28 47	1	-1	0
82	41 44 35 50	2	-1	0
83	3 9 40 48	1	-1	0
84	6 20 48 50	3	1	0
85	47 19 24 49	4	1	0
86	29 46 5 28	4	1	0
87	3 7 31 43	1	-1	0
88	28 33 16 12	2	-1	0
89	3 15 27 36	1	-1	0
90	22 38 39 21	3	4	0
91	8 50 29 16	4	3	0
92	48 6 8 24	4	3	0
93	20 26 39 35	3	5	0
94	2 8 41 11	1	-1	0
95	1 27 18 20	1	-1	0
96	11 8 14 40	2	-1	0
97	37 12 38 31	3	1	0
98	3 48 38 45	1	-1	0
99	33 4 36 32	3	5	0
100	27 22 24 42	4	3	0
101	41 29 12 47	3	1	0
102	43 23 49 48	4	3	0
103	3 38 4 49	1	-1	0
104	32 21 22 18	3	3	0
105	29 6 46 31	3	5	0
106	2 19 7 17	1	-1	1
107	48 6 17 34	3	2	0
108	14 49 26 41	4	2	0
109	1 6 12 29	1	-1	0
110	21 39 25 50	3	2	0
111	12 28 41 20	3	3	0
112	40 35 26 12	4	2	0
113	3 25 27 20	1	-1	0
114	27 24 15 43	4	1	0
115	23 20 7 16	3	1	0
116	36 30 48 43	2	-1	0
117	22 11 12 46	3	2	0
118	33 35 47 49	3	1	0
119	6 25 14 43	4	3	0
120	11 5 34 45	3	3	0
121	11 41 48 10	2	-1	0
122	48 34 38 24	3	4	0
123	25 14 36 37	4	3	0
124	31 46 42 36	3	2	0
125	3 25 47 45	1	-1	0
126	42 38 4 47	2	-1	0
127	9 22 40 45	4	1	0
128	1 13 47 31	1	-1	0
129	13 19 34 40	4	4	0
130	24 19 13 49	3	3	0
131	44 14 4 34	4	1	0
132	15 49 13 10	2	-1	0
133	3 11 33 21	1	-1	0
134	7 43 8 13	2	-1	0
135	19 40 38 35	2	-1	0
136	44 29 42 39	2	-1	0
137	29 44 48 33	3	3	0
138	43 49 40 12	3	5	1
139	3 5 26 19	1	-1	0
140	18 13 40 22	3	2	0
141	14 7 30 28	3	1	0
142	1 16 8 17	1	-1	0
143	48 44 12 18	2	-1	0
144	48 8 6 28	2	-1	0
145	24 36 20 4	4	2	0
146	37 21 9 38	3	1	0
147	3 11 43 4	1	-1	0
148	2 14 13 27	1	-1	0
149	45 39 42 9	2	-1	0
150	24 27 12 23	3	4	0
151	19 31 33 43	4	1	0
152	22 8 9 14	4	1	0
153	1 48 29 27	1	-1	0
154	48 21 32 39	2	-1	0
155	11 46 32 14	4	1	0
156	17 8 25 27	4	2	1
157	35 13 21 28	4	2	0
158	30 27 47 20	4	4	0
159	1 33 46 23	1	-1	0
160	34 32 10 16	2	-1	0
161	19 31 40 16	4	3	0
162	49 18 29 25	2	-1	0
163	46 30 19 18	3	2	0
164	32 15 42 30	4	4	0
165	1 17 39 36	1	-1	0
166	45 22 24 36	4	5	0
167	34 49 27 47	4	5	0
168	48 5 24 16	4	2	0
169	30 17 18 43	3	4	0
170	37 47 49 46	3	3	0
171	11 26 39 12	4	1	0
172	27 16 15 50	2	-1	0
173	1 15 30 46	1	-1	0
174	20 31 24 10	4	5	0
175	1 5 7 35	1	-1	0
176	24 38 4 47	4	2	0
177	23 31 12 37	2	-1	0
178	45 18 9 35	4	2	0
179	1 14 46 19	1	-1	0
180	23 34 37 38	3	2	0
181	12 20 36 30	4	1	0
182	3 38 20 22	1	-1	0
183	2 44 23 32	1	-1	0
184	36 22 21 38	3	4	0
185	46 48 34 9	4	2	0
186	18 23 38 7	3	3	0
187	33 34 48 24	2	-1	0
188	3 28 25 33	1	-1	0
189	13 4 15 21	2	-1	0
190	30 35 22 37	4	5	0
191	38 37 7 21	2	-1	0
192	30 26 10 35	3	4	0
193	38 47 49 13	4	3	0
194	31 11 37 23	3	5	0
195	12 45 49 44	3	5	0
196	48 22 38 28	4	5	0
197	31 34 43 6	3	4	0
198	6 33 5 37	2	-1	0
199	36 7 5 18	2	-1	0
200	8 15 18 24	3	1	0
201	23 33 28 21	4	2	0
202	1 42 29 15	1	-1	0
203	33 49 48 13	4	2	0
204	41 48 18 42	4	1	0
205	35 9 27 6	2	-1	0
206	2 46 37 18	1	-1	0
207	3 20 36 37	1	-1	0
208	39 30 9 43	4	5	0
209	28 33 39 36	2	-1	0
210	14 45 18 39	2	-1	0
211	46 34 22 18	2	-1	0
212	50 14 29 8	3	3	0
213	2 31 46 23	1	-1	0
214	17 38 34 28	2	-1	0
215	28 38 31 25	3	2	0
216	3 9 42 25	1	-1	0
217	5 45 31 19	4	4	0
218	1 19 9 22	1	-1	0
219	46 36 7 19	4	1	0
220	2 34 39 16	1	-1	0
221	21 39 31 15	4	1	0
222	9 12 38 25	2	-1	0
223	2 49 43 41	1	-1	0
224	17 25 33 16	4	3	0
225	31 7 18 14	3	3	0
226	12 50 24 48	4	3	0
227	2 35 19 50	1	-1	0
228	1 7 32 20	1	-1	0
229	40 29 5 31	4	5	0
230	3 43 29 20	1	-1	0
231	40 31 27 6	4	2	0
232	2 23 49 5	1	-1	0
233	25 43 38 41	3	2	0
234	40 32 8 25	3	5	0
235	9 12 34 38	2	-1	0
236	38 7 25 12	3	2	0
237	13 49 29 16	2	-1	0
238	30 14 49 39	2	-1	0
239	1 18 31 35	1	-1	0
240	37 42 19 47	2	-1	0
241	29 39 47 46	4	5	0
242	23 46 9 17	2	-1	0
243	21 4 46 48	3	2	0
244	31 33 34 36	4	1	0
245	1 9 16 8	1	-1	0
246	19 22 47 35	2	-1	0
247	40 15 35 31	3	5	0
248	3 14 22 26	1	-1	0
249	24 26 7 32	3	1	0
250	3 29 19 34	1	-1	0
251	39 17 33 43	2	-1	0
252	43 40 5 4	2	-1	0
253	24 20 39 43	3	4	0
254	15 37 24 21	2	-1	0
255	2 33 32 17	1	-1	0
256	21 28 37 47	4	5	0
257	27 50 39 8	3	4	1
258	42 39 37 33	3	4	0
259	1 47 44 22	1	-1	0
260	3 34 33 42	1	-1	0
261	38 19 20 50	2	-1	0
262	2 5 15 45	1	-1	0
263	20 24 21 30	2	-1	0
264	3 16 8 7	1	-1	0
265	10 5 46 38	3	2	0
266	9 41 8 49	3	1	0
267	3 25 27 26	1	-1	0
268	47 44 15 40	3	1	0
269	40 7 19 45	4	3	0
270	31 10 35 18	3	1	0
271	2 5 45 20	1	-1	0
272	2 23 50 25	1	-1	0
273	3 23 42 44	1	-1	0
274	1 46 20 32	1	-1	0
275	21 37 22 15	3	2	0
276	36 25 40 37	4	5	0
277	28 43 20 36	2	-1	0
278	3 11 25 16	1	-1	0
279	6 15 45 5	2	-1	0
280	9 38 33 48	2	-1	0
281	36 35 24 16	2	-1	0
282	49 50 30 14	4	4	0
283	10 50 20 9	4	2	0
284	9 23 37 33	3	5	0
285	3 13 20 11	1	-1	0
286	37 28 41 43	3	3	0
287	44 41 49 46	3	1	1
288	22 29 41 19	3	5	1
289	28 7 23 37	2	-1	0
290	1 42 32 33	1	-1	0
291	30 44 18 40	4	4	0
292	42 44 10 39	3	3	0
293	49 29 23 22	3	2	0
294	24 11 46 9	3	3	0
295	33 29 12 43	3	5	0
296	2 6 34 41	1	-1	0
297	15 31 16 22	3	4	0
298	42 4 45 10	4	2	0
299	5 37 36 48	2	-1	0
300	28 11 27 34	2	-1	0
301	3 42 9 13	1	-1	0
302	11 34 47 43	4	3	0
303	22 46 9 21	4	2	0
304	14 45 10 49	2	-1	0
305	23 34 26 49	4	5	0
306	3 20 11 17	1	-1	0
307	27 34 10 21	3	5	0
308	29 35 11 37	4	3	0
309	15 32 24 48	3	3	0
310	22 26 50 19	2	-1	0
311	32 16 48 5	4	3	0
312	27 20 13 38	4	4	0
313	43 25 45 46	3	5	0
314	1 10 45 9	1	-1	0
315	39 21 35 5	3	2	0
316	1 4 17 34	1	-1	0
317	45 17 34 37	3	5	0
318	3 16 24 20	1	-1	0
319	1 24 29 38	1	-1	0
320	18 42 47 28	2	-1	0
321	40 37 47 39	2	-1	0
322	8 44 9 49	2	-1	0
323	42 37 5 45	4	5	0
324	38 11 23 5	3	2	0
325	31 18 33 23	3	2	0
326	42 22 46 16	4	4	0
327	3 24 35 38	1	-1	0
328	14 35 15 22	3	5	0
329	23 6 15 18	3	5	0
330	34 18 17 38	2	-1	0
331	2 23 11 7	1	-1	0
332	40 5 18 50	4	1	0
333	46 47 35 5	4	5	0
334	11 14 46 4	3	4	0
335	15 34 44 5	3	4	0
336	25 40 23 42	4	1	0
337	2 29 27 11	1	-1	0
338	29 40 27 18	2	-1	0
339	47 44 41 24	3	4	0
340	1 20 34 21	1	-1	0
341	45 27 32 8	4	1	0
342	34 35 25 23	3	3	0
343	24 50 7 11	3	2	0
344	21 39 38 28	3	5	0
345	3 42 31 38	1	-1	0
346	27 6 39 31	3	5	0
347	23 9 36 8	3	5	0
348	26 16 9 8	3	3	0
349	7 50 37 18	4	4	0
350	12 6 5 46	2	-1	0
351	25 16 48 9	2	-1	0
352	48 4 42 7	3	3	0
353	1 24 15 49	1	-1	0
354	3 31 34 25	1	-1	0
355	10 17 42 43	4	1	0
356	8 41 27 11	2	-1	0
357	7 24 11 14	3	4	0
358	26 37 10 50	4	4	0
359	35 25 46 38	4	1	0
360	30 45 15 41	3	5	0
361	42 34 23 6	3	4	0
362	28 16 47 4	4	4	0
363	3 4 26 11	1	-1	0
364	1 29 43 42	1	-1	0
365	17 35 48 22	2	-1	0
366	12 45 23 29	4	1	0
367	10 38 9 48	3	4	0
368	22 21 36 30	4	5	0
369	2 47 43 13	1	-1	0
370	11 9 43 18	3	2	0
371	3 33 26 19	1	-1	0
372	47 37 10 36	2	-1	0
373	38 48 29 18	4	3	0
374	23 40 33 19	3	4	0
375	3 33 26 5	1	-1	0
376	47 35 42 10	4	2	0
377	3 46 14 13	1	-1	0
378	27 10 9 28	3	4	0
379	31 22 24 40	3	4	0
380	29 46 42 20	4	5	0
381	43 42 22 17	2	-1	0
382	40 21 26 25	4	3	0
383	28 14 35 27	3	1	0
384	18 48 7 47	2	-1	0
385	44 23 41 12	2	-1	0
386	46 5 49 33	4	2	0
387	23 5 40 16	2	-1	0
388	40 7 13 34	4	5	0
389	5 21 10 29	2	-1	0
390	1 40 10 20	1	-1	0
391	15 11 30 12	2	-1	0
392	18 32 28 23	2	-1	0
393	13 38 16 17	3	1	0
394	2 44 47 12	1	-1	0
395	40 12 31 8	3	4	0
396	23 48 20 28	2	-1	0
397	20 36 28 26	2	-1	1
398	3 23 37 39	1	-1	0
399	9 47 18 49	3	3	0
400	6 26 50 43	3	5	0
401	32 28 43 13	3	5	0
402	32 43 29 17	2	-1	0
403	3 49 41 29	1	-1	0
404	47 11 36 29	2	-1	0
405	11 31 45 22	3	2	0
406	2 23 24 34	1	-1	0
407	29 45 4 10	2	-1	0
408	2 29 38 15	1	-1	0
409	3 28 10 8	1	-1	0
410	10 14 20 43	2	-1	0
411	36 14 17 30	4	3	0
412	3 47 43 41	1	-1	0
413	33 11 21 36	4	1	0
414	2 13 34 33	1	-1	0
415	14 45 13 44	3	1	0
416	30 11 15 23	2	-1	0
417	45 30 5 9	4	4	0
418	48 12 31 8	2	-1	0
419	1 47 22 25	1	-1	0
420	1 36 47 5	1	-1	0
421	47 32 16 42	4	2	0
422	36 31 13 42	4	2	0
423	3 46 28 30	1	-1	0
424	40 10 29 48	4	2	0
425	49 17 7 36	3	4	0
426	49 50 41 47	2	-1	0
427	30 43 17 48	3	1	0
428	3 34 5 41	1	-1	0
429	46 13 41 36	4	1	0
430	40 24 48 44	2	-1	0
431	32 25 42 9	4	4	0
432	18 9 41 38	3	4	0
433	2 39 22 45	1	-1	0
434	22 41 20 48	2	-1	0
435	29 40 46 27	4	3	0
436	3 37 47 35	1	-1	0
437	2 9 45 11	1	-1	0
438	3 49 9 6	1	-1	0
439	32 46 5 50	2	-1	0
440	44 21 34 6	3	1	0
441	6 19 21 18	4	5	0
442	50 38 8 14	2	-1	0
443	40 42 18 43	3	2	0
444	45 16 27 47	2	-1	0
445	7 13 24 32	3	2	0
446	2 36 41 10	1	-1	0
447	30 47 26 5	4	2	0
448	27 24 16 31	4	2	0
449	31 45 27 10	2	-1	0
450	2 46 26 45	1	-1	0
451	8 4 31 38	4	4	0
452	25 35 32 36	4	4	0
453	3 10 7 37	1	-1	0
454	18 21 36 19	2	-1	0
455	44 40 28 11	3	2	0
456	19 21 45 27	3	4	0
457	27 45 40 41	4	2	0
458	49 9 28 15	3	2	0
459	6 45 16 22	2	-1	0
460	13 30 10 21	2	-1	0
461	11 47 40 19	3	3	0
462	11 44 6 37	3	2	0
463	39 26 18 17	2	-1	0
464	9 12 5 45	2	-1	0
465	34 46 28 9	3	4	1
466	22 31 7 11	4	1	0
467	18 37 49 50	3	5	0
468	13 50 39 12	2	-1	0
469	2 14 27 23	1	-1	0
470	25 38 35 42	3	5	0
471	17 14 50 37	4	5	0
472	45 10 28 32	2	-1	0
473	40 46 47 37	2	-1	0
474	3 4 21 45	1	-1	0
475	48 49 27 4	3	4	0
476	24 13 25 5	4	3	0
477	2 10 16 42	1	-1	0
478	8 31 24 50	4	2	0
479	25 24 27 23	3	1	0
480	46 48 9 30	4	5	0
481	3 45 47 49	1	-1	0
482	32 36 25 41	2	-1	0
483	34 42 27 46	3	1	0
484	43 40 38 26	3	1	0
485	12 15 8 14	4	3	0
486	17 38 10 5	3	3	0
487	2 18 47 26	1	-1	0
488	8 29 6 47	4	4	0
489	20 15 19 17	3	3	0
490	46 39 25 10	4	4	0
491	2 14 45 36	1	-1	0
492	22 34 24 9	4	4	0
493	2 31 5 37	1	-1	0
494	32 22 48 38	4	5	0
495	22 39 40 41	2	-1	0
496	8 32 19 4	2	-1	0
497	2 20 27 5	1	-1	0
498	1 30 29 50	1	-1	0
499	18 4 34 11	2	-1	0
500	45 13 16 26	2	-1	0
