Class Times	5
Rooms	10
1	42	C	0
2	11	C	0
3	91	A	0
4	45	A	0
5	71	A	0
6	74	C	1
7	39	B	1
8	73	A	0
9	27	B	0
10	42	A	1
Classes	100
Teachers	50
1	9	1	A	1
2	22	2	B	1
3	45	2	B	1
4	2	1	A	1
5	24	2	B	1
6	8	5	C	0
7	35	2	B	0
8	40	4	C	0
9	20	4	C	0
10	6	3	C	0
11	19	2	B	0
12	2	4	C	0
13	50	3	C	0
14	37	3	C	0
15	38	3	C	0
16	14	2	B	0
17	6	4	C	0
18	35	1	A	0
19	40	3	C	0
20	7	5	C	0
21	28	5	C	0
22	14	2	B	0
23	13	4	C	0
24	1	4	C	0
25	28	4	C	0
26	23	4	C	0
27	21	5	C	0
28	47	5	C	0
29	24	4	C	0
30	45	2	B	0
31	41	3	C	0
32	10	5	C	0
33	20	3	C	0
34	36	3	C	0
35	31	3	C	0
36	33	4	C	0
37	4	2	B	0
38	41	4	C	0
39	26	1	A	0
40	21	4	C	0
41	38	2	B	0
42	5	5	C	0
43	5	5	C	0
44	15	1	A	0
45	26	2	B	0
46	43	2	B	0
47	1	3	C	0
48	3	1	A	0
49	9	3	C	0
50	11	1	A	0
51	15	4	C	0
52	37	5	C	0
53	23	1	A	0
54	48	5	C	0
55	47	1	A	0
56	29	5	C	0
57	27	5	C	0
58	25	1	A	0
59	42	1	A	0
60	22	3	C	0
61	34	2	B	0
62	25	2	B	0
63	16	2	B	0
64	18	4	C	0
65	30	4	C	0
66	31	2	B	0
67	46	3	C	0
68	4	5	C	0
69	12	5	C	0
70	10	4	C	0
71	7	2	B	0
72	33	5	C	0
73	11	2	B	0
74	49	3	C	0
75	39	3	C	0
76	49	4	C	0
77	48	3	C	0
78	16	1	A	0
79	39	3	C	0
80	8	2	B	0
81	50	4	C	0
82	17	2	B	0
83	44	5	C	0
84	36	5	C	0
85	19	2	B	0
86	44	1	A	0
87	32	4	C	0
88	42	3	C	0
89	34	5	C	0
90	13	5	C	0
91	29	4	C	0
92	43	3	C	0
93	3	1	A	0
94	27	2	B	0
95	18	3	C	0
96	32	5	C	0
97	30	3	C	0
98	12	5	C	0
99	17	4	C	0
100	46	5	C	0
