Class Times	5
Rooms	10
1	66	B	1
2	89	A	1
3	59	C	1
4	29	C	0
5	19	B	1
6	85	B	0
7	96	C	1
8	12	C	1
9	30	A	0
10	39	A	0
Classes	100
Teachers	50
1	34	3	C	1
2	49	3	C	1
3	17	2	B	1
4	22	4	C	1
5	40	4	C	1
6	41	2	B	0
7	31	2	B	0
8	23	1	A	0
9	1	1	A	0
10	4	2	B	0
11	43	1	A	0
12	25	4	C	0
13	47	4	C	0
14	27	5	C	0
15	45	4	C	0
16	38	3	C	0
17	21	3	C	0
18	42	4	C	0
19	47	4	C	0
20	50	2	B	0
21	44	3	C	0
22	38	5	C	0
23	30	1	A	0
24	33	2	B	0
25	39	1	A	0
26	28	4	C	0
27	26	5	C	0
28	37	4	C	0
29	40	4	C	0
30	13	5	C	0
31	22	4	C	0
32	35	2	B	0
33	32	3	C	0
34	42	2	B	0
35	21	4	C	0
36	14	4	C	0
37	24	5	C	0
38	14	3	C	0
39	16	5	C	0
40	16	4	C	0
41	29	5	C	0
42	36	1	A	0
43	1	2	B	0
44	46	4	C	0
45	28	3	C	0
46	15	3	C	0
47	10	5	C	0
48	7	4	C	0
49	33	5	C	0
50	37	4	C	0
51	50	5	C	0
52	49	5	C	0
53	2	1	A	0
54	32	1	A	0
55	25	5	C	0
56	3	4	C	0
57	48	3	C	0
58	35	4	C	0
59	23	3	C	0
60	8	1	A	0
61	45	2	B	0
62	30	1	A	0
63	19	2	B	0
64	43	5	C	0
65	7	4	C	0
66	12	5	C	0
67	5	3	C	0
68	12	4	C	0
69	39	1	A	0
70	6	3	C	0
71	4	5	C	0
72	3	3	C	0
73	48	4	C	0
74	44	1	A	0
75	9	4	C	0
76	26	3	C	0
77	6	4	C	0
78	13	3	C	0
79	36	4	C	0
80	8	2	B	0
81	20	2	B	0
82	10	4	C	0
83	27	4	C	0
84	5	1	A	0
85	29	3	C	0
86	17	4	C	0
87	15	4	C	0
88	46	1	A	0
89	19	5	C	0
90	34	3	C	0
91	41	4	C	0
92	11	4	C	0
93	9	2	B	0
94	2	3	C	0
95	11	5	C	0
96	18	5	C	0
97	18	1	A	0
98	24	2	B	0
99	31	3	C	0
100	20	1	A	0
