Class Times	5
Rooms	10
1	74	B	1
2	73	A	0
3	46	C	0
4	16	C	1
5	77	A	0
6	16	A	0
7	33	B	1
8	25	B	1
9	60	A	1
10	69	A	1
Classes	100
Teachers	50
1	17	3	C	1
2	30	5	C	1
3	16	2	B	1
4	21	1	A	1
5	16	1	A	1
6	45	5	C	0
7	49	2	B	0
8	1	1	A	0
9	10	4	C	0
10	34	2	B	0
11	21	1	A	0
12	28	1	A	0
13	20	3	C	0
14	32	1	A	0
15	36	1	A	0
16	43	4	C	0
17	38	5	C	0
18	4	3	C	0
19	30	1	A	0
20	2	1	A	0
21	8	1	A	0
22	9	3	C	0
23	43	1	A	0
24	20	5	C	0
25	10	3	C	0
26	8	5	C	0
27	28	4	C	0
28	22	5	C	0
29	49	3	C	0
30	41	1	A	0
31	42	5	C	0
32	27	1	A	0
33	17	1	A	0
34	29	5	C	0
35	46	4	C	0
36	50	4	C	0
37	40	5	C	0
38	27	3	C	0
39	32	4	C	0
40	41	3	C	0
41	1	4	C	0
42	3	3	C	0
43	36	4	C	0
44	44	4	C	0
45	34	5	C	0
46	2	3	C	0
47	31	2	B	0
48	38	2	B	0
49	29	3	C	0
50	6	2	B	0
51	14	3	C	0
52	40	1	A	0
53	22	4	C	0
54	47	1	A	0
55	12	4	C	0
56	46	5	C	0
57	19	1	A	0
58	45	5	C	0
59	25	1	A	0
60	14	1	A	0
61	23	4	C	0
62	37	2	B	0
63	6	1	A	0
64	25	5	C	0
65	47	4	C	0
66	11	4	C	0
67	35	5	C	0
68	31	3	C	0
69	23	4	C	0
70	44	1	A	0
71	15	1	A	0
72	4	5	C	0
73	42	4	C	0
74	37	4	C	0
75	3	4	C	0
76	35	1	A	0
77	48	5	C	0
78	9	5	C	0
79	12	3	C	0
80	33	5	C	0
81	19	4	C	0
82	11	4	C	0
83	7	1	A	0
84	33	3	C	0
85	26	2	B	0
86	5	1	A	0
87	39	3	C	0
88	50	1	A	0
89	13	4	C	0
90	7	3	C	0
91	48	3	C	0
92	13	1	A	0
93	5	3	C	0
94	24	1	A	0
95	18	4	C	0
96	26	4	C	0
97	15	2	B	0
98	39	5	C	0
99	24	4	C	0
100	18	5	C	0
