Class Times	5
Rooms	10
1	38	C	1
2	21	C	0
3	75	C	0
4	19	B	1
5	81	A	0
6	95	A	1
7	18	A	1
8	29	B	1
9	34	B	0
10	30	B	1
Classes	100
Teachers	50
1	17	5	C	1
2	16	2	B	1
3	19	5	C	1
4	18	3	C	1
5	46	3	C	1
6	22	3	C	0
7	5	2	B	0
8	50	3	C	0
9	19	2	B	0
10	49	4	C	0
11	39	2	B	0
12	49	5	C	0
13	5	3	C	0
14	22	2	B	0
15	28	4	C	0
16	17	2	B	0
17	9	2	B	0
18	15	4	C	0
19	1	4	C	0
20	18	1	A	0
21	42	2	B	0
22	37	5	C	0
23	6	2	B	0
24	23	1	A	0
25	15	1	A	0
26	14	1	A	0
27	36	4	C	0
28	44	2	B	0
29	25	5	C	0
30	36	2	B	0
31	31	2	B	0
32	24	3	C	0
33	27	3	C	0
34	35	5	C	0
35	31	3	C	0
36	10	4	C	0
37	2	5	C	0
38	45	2	B	0
39	13	5	C	0
40	6	4	C	0
41	37	3	C	0
42	13	2	B	0
43	11	4	C	0
44	16	4	C	0
45	43	5	C	0
46	35	5	C	0
47	50	4	C	0
48	34	3	C	0
49	48	4	C	0
50	28	3	C	0
51	32	5	C	0
52	44	2	B	0
53	2	3	C	0
54	25	5	C	0
55	34	5	C	0
56	48	5	C	0
57	23	5	C	0
58	12	5	C	0
59	26	3	C	0
60	24	1	A	0
61	1	5	C	0
62	8	2	B	0
63	11	5	C	0
64	38	4	C	0
65	38	3	C	0
66	45	1	A	0
67	10	5	C	0
68	40	1	A	0
69	41	3	C	0
70	26	2	B	0
71	40	2	B	0
72	12	3	C	0
73	41	4	C	0
74	7	3	C	0
75	21	5	C	0
76	21	2	B	0
77	30	4	C	0
78	46	1	A	0
79	30	3	C	0
80	8	1	A	0
81	39	1	A	0
82	7	1	A	0
83	29	4	C	0
84	14	2	B	0
85	3	3	C	0
86	9	1	A	0
87	20	2	B	0
88	42	3	C	0
89	4	4	C	0
90	32	5	C	0
91	27	3	C	0
92	47	1	A	0
93	20	1	A	0
94	4	3	C	0
95	29	4	C	0
96	33	3	C	0
97	43	1	A	0
98	33	5	C	0
99	47	2	B	0
100	3	5	C	0
