Students	500
1	72 23 22 60	3	2	0
2	1 87 12 36	1	-1	0
3	68 60 15 63	3	3	0
4	86 49 72 63	2	-1	0
5	96 33 21 81	2	-1	0
6	1 53 68 78	1	-1	0
7	81 75 25 99	2	-1	0
8	80 52 20 44	3	5	0
9	62 96 36 59	3	2	0
10	34 22 16 87	3	4	0
11	42 20 36 95	4	5	0
12	91 48 42 82	2	-1	0
13	90 16 10 45	4	5	0
14	89 46 77 92	4	1	0
15	18 65 45 23	4	1	0
16	5 12 8 39	1	-1	0
17	1 100 49 84	1	-1	0
18	35 91 23 32	3	3	0
19	94 16 49 12	4	4	0
20	16 94 95 39	4	5	0
21	82 30 99 46	4	1	0
22	1 55 73 94	1	-1	0
23	1 41 54 84	1	-1	0
24	1 95 17 98	1	-1	0
25	14 64 89 27	3	1	0
26	3 62 72 87	1	-1	0
27	83 31 87 17	3	2	0
28	49 53 85 45	3	4	0
29	84 81 88 61	3	5	0
30	97 21 58 99	3	2	0
31	3 91 24 62	1	-1	0
32	31 27 74 65	4	4	0
33	84 94 26 48	4	1	0
34	74 67 86 90	4	2	0
35	95 88 15 20	3	1	0
36	24 99 55 13	2	-1	0
37	5 99 54 38	1	-1	0
38	4 26 16 35	1	-1	0
39	41 15 69 6	4	1	0
40	2 41 58 62	1	-1	0
41	77 23 50 87	4	1	0
42	80 13 79 73	4	5	0
43	47 87 61 29	2	-1	0
44	12 20 93 23	4	2	0
45	7 54 19 82	2	-1	0
46	2 27 18 85	1	-1	0
47	68 42 17 35	4	4	0
48	75 64 78 22	3	1	0
49	98 29 64 68	3	3	0
50	2 99 100 96	1	-1	0
51	77 59 32 88	3	3	0
52	13 93 27 75	2	-1	0
53	14 66 86 67	4	5	0
54	53 48 41 47	3	5	0
55	19 75 58 64	2	-1	0
56	1 61 75 13	1	-1	0
57	72 61 70 10	4	2	0
58	47 82 75 39	2	-1	0
59	97 57 62 41	4	5	0
60	16 21 91 19	2	-1	0
61	52 11 73 67	3	5	0
62	18 87 24 26	3	1	0
63	4 10 54 90	1	-1	0
64	88 72 63 44	4	2	0
65	65 16 31 32	3	5	0
66	80 45 34 47	3	5	0
67	99 36 12 29	3	3	0
68	3 96 36 77	1	-1	0
69	94 53 49 36	4	3	0
70	72 14 29 17	2	-1	1
71	40 84 93 62	2	-1	0
72	77 83 12 29	3	1	0
73	2 98 32 94	1	-1	0
74	55 31 72 78	4	2	0
75	16 8 22 89	3	2	0
76	4 67 65 37	1	-1	0
77	81 22 97 49	4	3	0
78	95 86 43 28	3	2	0
79	44 22 87 55	4	1	0
80	24 69 29 54	2	-1	0
81	74 61 52 97	2	-1	0
82	91 85 29 89	2	-1	0
83	34 84 89 43	4	1	0
84	1 43 37 34	1	-1	0
85	64 72 29 94	4	2	0
86	33 7 3 80	2	-1	0
87	51 17 46 88	4	3	0
88	4 23 14 92	1	-1	0
89	1 61 59 35	1	-1	0
90	65 38 36 88	3	3	0
91	4 39 50 34	1	-1	0
92	98 37 31 25	3	2	0
93	91 82 21 40	3	3	0
94	52 47 88 89	4	2	0
95	21 61 70 42	4	2	0
96	5 59 66 20	1	-1	0
97	87 16 50 9	2	-1	0
98	5 65 24 53	1	-1	0
99	43 23 64 59	4	1	0
100	3 75 30 27	1	-1	0
101	5 22 75 31	1	-1	0
102	10 79 58 88	4	1	0
103	25 9 17 10	3	2	0
104	8 16 37 68	4	3	0
105	14 70 57 54	2	-1	0
106	3 91 98 47	1	-1	0
107	63 46 20 52	2	-1	0
108	35 58 18 92	2	-1	0
109	28 46 9 66	4	2	0
110	90 97 12 24	2	-1	0
111	18 68 52 16	3	3	0
112	4 9 29 14	1	-1	0
113	18 7 64 59	2	-1	0
114	91 13 26 73	2	-1	0
115	80 47 99 19	3	3	0
116	32 74 64 19	4	5	0
117	3 48 64 88	1	-1	0
118	90 20 84 61	4	3	0
119	21 89 79 39	3	5	0
120	9 61 70 81	2	-1	0
121	64 50 27 62	4	5	0
122	99 33 88 46	3	3	0
123	18 50 64 59	3	2	0
124	88 39 17 84	4	3	0
125	95 54 53 52	2	-1	0
126	24 57 55 90	4	2	0
127	81 54 23 65	2	-1	0
128	1 79 78 81	1	-1	0
129	91 82 79 43	3	5	0
130	4 98 10 83	1	-1	0
131	31 63 42 39	2	-1	0
132	78 66 44 94	3	2	0
133	83 28 22 16	2	-1	0
134	63 34 7 61	4	3	0
135	19 41 55 100	4	1	0
136	43 55 6 63	2	-1	0
137	5 61 26 86	1	-1	0
138	3 89 45 7	1	-1	0
139	89 65 31 41	4	2	0
140	55 86 79 93	4	1	0
141	97 41 9 8	4	1	0
142	71 90 81 46	3	5	0
143	5 34 80 79	1	-1	0
144	54 9 19 12	3	2	0
145	31 11 56 21	4	1	0
146	9 36 70 28	3	5	0
147	100 8 85 98	4	1	0
148	5 53 87 40	1	-1	0
149	5 71 13 70	1	-1	0
150	5 11 95 76	1	-1	0
151	77 82 7 16	2	-1	1
152	4 45 51 63	1	-1	0
153	67 84 63 21	3	5	0
154	26 48 77 70	4	4	0
155	72 67 12 19	4	1	0
156	86 80 49 59	2	-1	0
157	70 87 79 39	2	-1	0
158	85 52 87 15	3	5	0
159	36 70 42 12	3	4	0
160	74 30 71 56	4	4	0
161	4 88 87 32	1	-1	0
162	72 21 75 79	2	-1	0
163	31 12 52 98	2	-1	0
164	23 13 71 18	2	-1	0
165	51 36 69 91	2	-1	0
166	24 11 75 43	2	-1	0
167	32 93 25 67	2	-1	0
168	92 95 35 89	4	2	0
169	10 55 57 75	4	5	0
170	1 18 40 47	1	-1	0
171	16 19 95 90	3	1	0
172	59 87 88 71	4	3	0
173	58 18 24 49	2	-1	0
174	12 85 43 92	4	3	0
175	1 32 24 13	1	-1	0
176	35 48 23 86	4	3	0
177	90 95 19 84	3	1	0
178	62 66 58 57	2	-1	0
179	65 8 15 71	4	3	0
180	83 70 28 64	4	5	0
181	5 30 62 91	1	-1	0
182	1 84 15 46	1	-1	0
183	5 12 74 26	1	-1	0
184	12 45 99 25	4	4	0
185	2 31 8 22	1	-1	0
186	19 70 77 44	2	-1	0
187	43 70 6 9	2	-1	0
188	1 47 86 60	1	-1	0
189	1 9 58 85	1	-1	0
190	23 34 96 9	3	2	0
191	81 76 72 43	4	4	0
192	90 23 74 83	4	5	0
193	59 84 70 54	4	3	0
194	32 40 34 6	4	2	1
195	65 50 33 61	2	-1	0
196	67 24 30 34	4	5	0
197	3 20 44 53	1	-1	0
198	80 49 22 87	4	3	0
199	86 32 56 12	4	5	0
200	32 70 22 11	2	-1	0
201	61 12 78 85	2	-1	0
202	47 52 20 31	4	3	0
203	44 69 76 91	2	-1	0
204	22 82 91 69	2	-1	0
205	17 64 96 87	3	2	0
206	64 68 12 86	4	2	0
207	53 78 35 19	2	-1	0
208	19 80 33 42	2	-1	0
209	32 67 39 95	3	4	0
210	13 50 25 44	2	-1	0
211	35 98 33 13	3	1	0
212	66 40 71 96	2	-1	0
213	4 43 60 90	1	-1	0
214	47 28 57 31	3	5	0
215	3 51 33 84	1	-1	0
216	79 13 91 80	4	5	0
217	1 60 51 82	1	-1	0
218	63 64 67 41	2	-1	0
219	99 60 76 28	3	5	0
220	67 20 82 43	4	2	0
221	70 76 23 71	2	-1	0
222	5 95 94 33	1	-1	0
223	86 30 100 90	2	-1	0
224	66 98 21 29	4	2	0
225	24 79 77 64	3	1	0
226	4 52 79 7	1	-1	0
227	44 66 27 100	2	-1	0
228	7 66 9 18	4	3	1
229	61 99 45 91	4	3	0
230	46 93 45 25	2	-1	0
231	42 52 59 63	3	3	0
232	100 82 62 47	4	2	0
233	45 63 83 48	4	4	0
234	2 39 9 51	1	-1	0
235	43 17 84 9	3	3	0
236	35 23 65 27	2	-1	0
237	28 32 82 47	4	1	0
238	14 82 42 49	4	2	0
239	1 29 82 91	1	-1	0
240	34 94 66 58	2	-1	0
241	94 37 50 74	2	-1	0
242	17 92 27 16	4	5	0
243	12 95 7 57	2	-1	0
244	79 69 60 40	3	2	0
245	97 74 6 63	2	-1	0
246	73 94 66 71	2	-1	0
247	5 80 67 99	1	-1	0
248	69 82 20 77	2	-1	0
249	11 91 36 58	2	-1	0
250	93 63 48 80	2	-1	0
251	5 99 11 49	1	-1	0
252	39 12 48 71	3	1	0
253	45 71 82 75	3	5	0
254	72 15 52 92	2	-1	0
255	2 92 41 84	1	-1	0
256	72 45 25 78	3	2	0
257	5 31 39 74	1	-1	0
258	75 39 92 69	3	4	0
259	63 80 70 47	2	-1	0
260	41 21 97 18	4	4	0
261	77 88 11 14	3	2	0
262	5 75 19 97	1	-1	0
263	8 66 62 53	3	1	0
264	4 87 71 78	1	-1	0
265	29 33 77 23	4	1	0
266	4 56 65 22	1	-1	0
267	77 64 70 28	3	4	0
268	97 13 37 19	3	5	0
269	29 85 41 30	2	-1	0
270	20 22 80 95	2	-1	0
271	52 43 7 66	2	-1	0
272	2 40 81 90	1	-1	0
273	55 65 24 18	2	-1	0
274	20 11 73 19	4	5	0
275	88 74 59 28	4	1	0
276	3 28 20 32	1	-1	0
277	4 97 80 100	1	-1	0
278	20 87 77 46	3	3	0
279	99 29 22 86	2	-1	0
280	12 95 34 24	2	-1	0
281	65 41 58 36	2	-1	0
282	3 76 42 75	1	-1	0
283	5 36 38 33	1	-1	0
284	94 99 72 15	4	3	0
285	94 54 31 89	4	4	0
286	30 38 6 90	4	1	0
287	73 36 97 40	4	5	0
288	39 64 47 44	2	-1	0
289	26 25 97 92	4	5	0
290	60 28 42 72	2	-1	0
291	62 29 91 30	4	3	0
292	4 84 99 97	1	-1	0
293	44 28 54 67	3	3	0
294	66 70 83 98	3	2	0
295	29 73 82 99	2	-1	0
296	58 50 12 37	3	5	0
297	3 27 77 84	1	-1	0
298	4 10 80 25	1	-1	0
299	21 13 63 20	4	1	0
300	5 58 7 10	1	-1	0
301	88 60 28 83	2	-1	0
302	11 49 44 18	4	3	0
303	73 86 82 75	2	-1	0
304	97 26 46 67	4	1	0
305	63 31 62 54	3	5	0
306	3 9 52 72	1	-1	0
307	91 15 33 75	2	-1	0
308	39 82 79 22	2	-1	0
309	87 48 25 9	2	-1	0
310	76 21 9 22	2	-1	0
311	78 15 55 87	2	-1	0
312	96 71 83 87	3	4	0
313	22 57 54 9	3	3	0
314	83 40 22 30	2	-1	0
315	45 89 10 79	4	1	0
316	69 10 33 32	3	3	0
317	98 86 87 58	3	2	0
318	82 70 65 49	4	5	0
319	95 18 43 65	4	1	0
320	22 78 73 71	4	5	0
321	1 7 76 32	1	-1	0
322	2 28 50 75	1	-1	0
323	31 59 18 13	3	1	0
324	3 39 61 58	1	-1	0
325	86 72 29 76	3	1	0
326	98 38 13 99	2	-1	0
327	70 93 91 40	3	5	0
328	50 33 31 88	3	4	0
329	92 28 9 56	4	4	0
330	3 6 44 17	1	-1	0
331	42 55 16 14	2	-1	0
332	86 76 50 75	3	4	0
333	72 96 88 25	3	1	0
334	89 52 84 51	4	1	0
335	62 26 43 29	4	3	0
336	68 79 28 26	2	-1	0
337	72 16 81 38	4	1	0
338	2 78 15 51	1	-1	0
339	16 94 50 87	3	1	0
340	62 46 44 85	2	-1	0
341	89 30 80 47	3	5	0
342	79 52 82 60	3	3	0
343	65 98 27 44	4	4	0
344	60 84 41 62	4	1	0
345	72 64 73 53	3	5	0
346	4 15 46 27	1	-1	0
347	3 9 41 51	1	-1	0
348	2 64 93 84	1	-1	0
349	94 71 66 93	4	4	0
350	4 86 79 8	1	-1	0
351	62 37 92 80	3	4	0
352	17 92 58 9	3	3	0
353	4 11 42 23	1	-1	0
354	65 99 95 48	3	2	1
355	1 59 73 70	1	-1	0
356	56 16 26 77	4	1	0
357	1 29 52 61	1	-1	0
358	72 24 26 18	4	1	0
359	2 7 72 90	1	-1	0
360	88 35 63 77	4	2	0
361	80 53 30 63	3	2	0
362	75 99 20 64	3	3	0
363	1 75 8 34	1	-1	0
364	5 14 88 95	1	-1	0
365	1 25 46 23	1	-1	1
366	96 59 48 68	3	4	0
367	99 12 98 91	3	5	0
368	3 58 92 69	1	-1	0
369	51 31 33 72	4	2	0
370	2 66 90 34	1	-1	0
371	50 27 71 54	4	1	0
372	5 25 17 9	1	-1	0
373	44 30 84 49	3	5	0
374	28 57 66 68	2	-1	0
375	30 43 56 81	2	-1	0
376	33 36 64 90	3	1	0
377	51 99 54 88	2	-1	0
378	60 92 83 99	2	-1	0
379	7 83 86 22	2	-1	0
380	4 23 79 33	1	-1	0
381	6 7 26 93	2	-1	0
382	3 18 100 11	1	-1	0
383	53 51 76 34	4	3	0
384	12 51 57 84	3	4	0
385	19 36 46 23	2	-1	0
386	91 82 7 33	2	-1	0
387	95 42 9 71	3	1	0
388	1 26 89 55	1	-1	0
389	5 81 27 62	1	-1	0
390	80 70 54 76	3	3	0
391	35 68 37 76	2	-1	0
392	48 50 37 64	4	3	0
393	37 72 45 29	3	4	0
394	61 64 88 20	4	2	0
395	23 79 19 22	4	3	0
396	28 64 13 53	3	2	0
397	5 37 32 74	1	-1	0
398	8 90 43 50	3	2	0
399	68 47 42 84	4	1	0
400	74 75 11 61	3	4	0
401	46 52 20 91	2	-1	1
402	13 71 16 60	4	1	0
403	85 86 66 55	4	5	0
404	77 56 86 31	4	1	0
405	98 82 13 73	4	4	0
406	97 86 91 43	3	2	0
407	85 91 34 31	3	1	0
408	6 100 18 15	3	3	0
409	76 88 47 17	3	2	0
410	70 56 44 46	2	-1	0
411	6 16 12 20	4	4	0
412	25 95 78 26	3	1	0
413	28 67 48 66	2	-1	0
414	5 80 82 21	1	-1	0
415	18 12 60 100	3	1	0
416	5 31 81 39	1	-1	0
417	95 82 75 47	2	-1	0
418	1 31 30 96	1	-1	0
419	20 8 46 59	2	-1	0
420	5 96 66 37	1	-1	0
421	59 78 90 79	3	5	0
422	11 10 17 73	4	4	0
423	98 43 82 89	4	5	0
424	19 46 39 53	3	4	0
425	74 80 62 98	2	-1	0
426	54 77 83 87	4	1	0
427	63 66 47 94	3	1	0
428	90 51 21 36	2	-1	0
429	1 72 54 58	1	-1	0
430	48 73 55 33	2	-1	0
431	3 94 29 56	1	-1	0
432	34 50 18 60	4	4	0
433	55 86 72 70	3	1	0
434	52 96 71 58	3	1	0
435	37 82 79 63	3	5	0
436	9 48 65 31	3	5	0
437	49 83 61 15	2	-1	0
438	79 27 18 13	2	-1	0
439	39 51 27 8	4	2	0
440	26 29 7 44	3	2	0
441	48 12 55 31	2	-1	0
442	1 42 32 29	1	-1	0
443	2 34 90 81	1	-1	0
444	80 35 38 53	3	5	0
445	3 83 23 58	1	-1	0
446	87 48 15 56	3	3	0
447	43 88 64 15	4	4	0
448	88 53 61 82	2	-1	0
449	20 88 50 97	4	5	0
450	47 52 81 99	2	-1	0
451	25 62 87 74	4	2	0
452	4 56 74 18	1	-1	0
453	70 7 29 59	2	-1	0
454	12 21 64 65	4	3	0
455	97 91 51 14	3	4	0
456	77 15 45 11	3	3	0
457	51 44 86 77	3	2	0
458	76 28 51 36	4	1	0
459	82 76 26 33	3	1	0
460	3 20 39 72	1	-1	0
461	25 92 38 75	3	5	0
462	93 23 55 15	4	5	0
463	79 78 71 98	3	3	0
464	20 66 74 44	2	-1	0
465	82 36 21 9	4	5	0
466	23 41 24 13	3	3	0
467	65 89 78 59	2	-1	0
468	5 21 27 49	1	-1	0
469	67 6 11 30	4	1	0
470	9 95 27 68	3	4	0
471	64 75 77 76	3	4	0
472	77 73 66 8	3	5	0
473	89 28 19 14	4	5	0
474	47 44 53 79	4	1	0
475	48 95 7 96	4	5	0
476	48 17 50 55	2	-1	0
477	84 55 24 15	4	1	0
478	75 63 96 83	4	5	0
479	29 98 67 49	2	-1	0
480	4 77 80 82	1	-1	0
481	68 61 94 17	3	5	0
482	10 38 86 11	4	4	1
483	8 44 66 63	2	-1	0
484	86 45 11 49	4	5	0
485	5 35 31 86	1	-1	0
486	37 18 60 48	4	4	0
487	42 17 58 34	3	4	0
488	35 45 51 26	2	-1	0
489	5 82 30 19	1	-1	0
490	94 31 74 84	4	5	0
491	1 98 63 18	1	-1	0
492	87 13 23 28	3	1	0
493	14 65 53 26	3	3	0
494	82 21 74 85	3	5	0
495	65 43 78 84	4	3	0
496	24 58 53 45	2	-1	0
497	2 88 63 54	1	-1	0
498	52 78 45 93	4	3	0
499	2 39 13 20	1	-1	0
500	87 42 38 76	2	-1	0
