Students	500
1	4 73 88 39	1	-1	0
2	54 38 97 45	3	4	0
3	58 90 42 55	4	3	0
4	2 64 16 87	1	-1	0
5	90 38 96 82	3	4	0
6	84 25 35 41	3	1	0
7	77 82 48 20	2	-1	0
8	32 9 69 19	3	4	0
9	24 22 46 32	4	1	0
10	70 9 87 35	4	3	0
11	28 71 45 22	3	5	0
12	4 11 63 49	1	-1	0
13	2 63 31 79	1	-1	0
14	40 72 47 25	2	-1	0
15	36 96 54 10	4	1	0
16	4 73 54 53	1	-1	0
17	84 85 50 78	4	2	0
18	63 79 45 9	4	3	0
19	22 78 8 51	2	-1	0
20	55 12 57 77	4	3	0
21	91 97 76 29	3	1	0
22	73 84 79 32	2	-1	0
23	1 81 25 18	1	-1	0
24	93 66 98 46	4	1	0
25	89 46 72 76	4	3	0
26	62 56 61 21	4	2	0
27	76 42 11 13	3	5	0
28	2 76 77 92	1	-1	0
29	55 10 68 44	2	-1	0
30	76 78 83 58	4	2	0
31	4 55 36 51	1	-1	0
32	3 59 19 74	1	-1	0
33	53 18 51 59	3	4	0
34	2 17 93 88	1	-1	0
35	90 87 24 11	4	4	0
36	5 33 7 42	1	-1	0
37	54 7 98 79	4	5	0
38	97 68 49 96	2	-1	0
39	94 95 54 8	2	-1	0
40	52 84 83 75	3	2	0
41	5 79 96 44	1	-1	0
42	43 49 8 92	3	1	0
43	25 36 13 33	3	4	0
44	5 9 88 75	1	-1	0
45	7 52 50 62	2	-1	0
46	5 40 31 48	1	-1	0
47	33 98 39 38	2	-1	0
48	78 29 60 83	4	4	0
49	17 69 65 92	2	-1	0
50	33 94 34 74	4	1	0
51	48 10 6 43	4	4	0
52	15 82 42 39	4	5	0
53	39 45 60 100	4	1	0
54	54 98 91 87	2	-1	0
55	50 16 67 20	4	2	0
56	5 23 40 97	1	-1	0
57	37 20 95 24	2	-1	0
58	17 10 84 11	4	3	0
59	5 58 16 14	1	-1	0
60	5 43 46 27	1	-1	0
61	22 13 51 7	3	2	0
62	7 45 35 22	2	-1	0
63	13 14 56 45	4	3	0
64	3 88 43 89	1	-1	0
65	12 91 94 20	2	-1	0
66	78 17 87 34	4	2	0
67	43 96 31 87	2	-1	0
68	25 12 91 43	3	1	0
69	14 19 85 31	2	-1	0
70	59 28 75 56	3	5	0
71	48 43 95 39	3	3	0
72	63 27 49 67	2	-1	0
73	1 83 14 81	1	-1	0
74	60 35 19 63	4	3	0
75	29 70 31 33	2	-1	0
76	12 51 99 71	3	3	0
77	60 75 54 48	2	-1	0
78	9 44 34 48	3	5	0
79	100 69 20 48	4	4	0
80	62 6 42 93	2	-1	0
81	92 24 13 98	4	2	0
82	43 71 22 92	2	-1	0
83	2 24 58 99	1	-1	0
84	83 74 51 48	3	4	0
85	3 40 26 92	1	-1	0
86	68 87 85 40	4	2	0
87	91 27 43 79	2	-1	0
88	3 96 17 49	1	-1	0
89	20 15 76 91	3	2	0
90	93 23 72 39	2	-1	0
91	1 78 58 28	1	-1	0
92	6 15 74 41	3	5	0
93	26 81 80 53	3	5	0
94	14 99 20 23	2	-1	0
95	5 29 86 73	1	-1	0
96	32 56 82 51	3	1	0
97	18 39 12 24	4	1	0
98	14 29 22 21	2	-1	0
99	4 31 18 60	1	-1	0
100	22 12 6 65	4	2	0
101	2 92 90 10	1	-1	0
102	78 47 8 33	3	4	0
103	38 56 67 11	2	-1	0
104	4 11 22 31	1	-1	0
105	5 70 34 9	1	-1	0
106	55 12 89 75	4	4	0
107	57 97 79 41	3	4	0
108	50 73 25 28	2	-1	0
109	99 36 68 81	4	1	0
110	38 46 94 89	3	2	0
111	41 49 56 25	4	5	0
112	96 58 76 38	4	4	0
113	18 95 81 73	2	-1	0
114	1 16 30 78	1	-1	0
115	87 54 27 86	4	2	0
116	1 67 83 37	1	-1	0
117	79 81 45 76	4	2	0
118	15 99 19 35	3	4	0
119	34 7 20 43	2	-1	0
120	61 7 42 63	4	2	0
121	37 81 64 84	2	-1	0
122	2 24 33 16	1	-1	0
123	46 78 40 72	2	-1	0
124	14 9 100 65	2	-1	0
125	71 59 60 46	4	4	0
126	3 16 15 65	1	-1	0
127	49 84 76 45	2	-1	0
128	4 75 62 79	1	-1	0
129	30 86 14 76	3	4	0
130	33 49 29 70	4	1	0
131	54 10 92 53	4	4	0
132	22 27 45 85	2	-1	0
133	65 14 27 85	4	3	0
134	53 15 9 43	4	1	0
135	54 40 86 98	3	4	0
136	3 91 16 65	1	-1	0
137	48 73 49 83	4	4	0
138	15 58 83 18	4	4	0
139	46 100 10 45	4	1	0
140	82 67 64 45	4	1	0
141	75 57 80 10	4	3	0
142	60 30 61 100	3	3	0
143	3 38 42 58	1	-1	0
144	16 95 7 41	4	2	0
145	39 16 40 76	4	1	0
146	3 18 23 64	1	-1	0
147	1 45 69 75	1	-1	0
148	77 63 22 75	2	-1	0
149	72 59 84 77	2	-1	0
150	30 94 47 86	2	-1	0
151	85 83 61 9	4	3	0
152	3 22 54 93	1	-1	0
153	84 64 49 34	3	5	0
154	54 25 60 41	4	4	0
155	77 37 49 84	2	-1	0
156	87 27 50 23	2	-1	0
157	38 71 68 56	2	-1	0
158	18 85 16 100	2	-1	0
159	29 33 100 56	3	5	0
160	4 10 63 39	1	-1	0
161	28 60 80 25	2	-1	0
162	59 98 47 17	3	4	0
163	37 18 80 36	3	1	0
164	5 63 51 98	1	-1	0
165	96 60 30 11	4	5	0
166	38 69 98 76	2	-1	0
167	3 37 28 8	1	-1	0
168	88 81 52 73	2	-1	0
169	84 8 99 27	4	1	0
170	92 57 22 45	4	4	0
171	82 78 79 20	4	1	0
172	48 20 94 47	2	-1	0
173	69 83 17 95	3	3	0
174	21 81 17 92	4	2	0
175	10 46 81 16	4	1	0
176	44 13 83 7	3	3	0
177	67 47 78 31	3	1	0
178	53 42 97 37	3	1	0
179	74 89 69 16	4	2	0
180	86 59 89 20	4	1	0
181	50 65 40 62	3	3	0
182	62 30 43 45	3	1	0
183	1 71 25 40	1	-1	0
184	3 50 16 71	1	-1	0
185	3 100 91 72	1	-1	0
186	55 73 89 83	2	-1	0
187	36 12 25 93	4	1	0
188	78 28 87 25	3	5	0
189	55 69 42 63	3	1	0
190	87 15 88 57	4	4	0
191	4 72 33 66	1	-1	0
192	3 8 17 83	1	-1	0
193	57 95 15 53	3	5	0
194	41 9 79 76	2	-1	0
195	79 14 57 54	4	3	0
196	5 70 55 92	1	-1	0
197	100 55 32 50	4	3	0
198	55 77 64 99	3	2	0
199	21 11 17 49	3	5	0
200	26 10 16 63	2	-1	0
201	51 63 7 38	2	-1	0
202	31 15 20 54	3	5	0
203	4 100 55 28	1	-1	0
204	63 23 51 25	2	-1	0
205	24 93 89 70	4	5	0
206	23 39 30 87	2	-1	0
207	81 64 38 7	2	-1	0
208	2 11 54 73	1	-1	0
209	71 85 78 94	4	2	0
210	26 18 12 84	3	3	0
211	50 18 37 12	3	2	0
212	7 25 35 58	2	-1	0
213	38 24 19 41	2	-1	0
214	2 43 51 6	1	-1	0
215	74 92 65 79	2	-1	0
216	94 68 82 24	3	1	0
217	83 42 52 60	4	1	0
218	24 43 17 36	3	1	0
219	8 64 32 14	3	3	0
220	31 29 10 22	2	-1	0
221	23 79 12 20	2	-1	0
222	21 36 62 13	4	5	0
223	89 86 15 27	4	5	0
224	49 61 55 62	4	3	0
225	90 65 50 11	3	3	0
226	91 22 77 81	2	-1	0
227	61 42 37 59	4	5	0
228	60 34 14 89	3	1	0
229	7 33 42 98	4	3	0
230	68 41 6 89	3	2	0
231	1 13 31 52	1	-1	0
232	43 28 92 29	2	-1	0
233	10 42 12 47	4	3	0
234	3 24 80 9	1	-1	0
235	79 89 15 56	3	2	0
236	4 78 12 42	1	-1	0
237	3 68 75 28	1	-1	0
238	78 52 38 16	3	2	0
239	22 28 10 69	3	3	0
240	59 42 54 31	4	5	0
241	91 44 39 57	3	2	0
242	78 29 56 86	2	-1	0
243	2 56 71 41	1	-1	0
244	55 93 10 48	3	1	0
245	16 75 24 72	2	-1	0
246	69 63 80 10	2	-1	0
247	5 35 19 67	1	-1	0
248	40 61 38 75	2	-1	0
249	55 50 41 59	4	4	0
250	45 66 72 79	3	5	0
251	5 16 56 8	1	-1	0
252	27 12 29 50	3	1	0
253	4 91 51 14	1	-1	0
254	7 95 77 61	3	2	0
255	26 99 53 20	2	-1	0
256	100 64 78 21	2	-1	0
257	2 46 86 41	1	-1	0
258	89 31 23 61	4	3	0
259	36 49 87 68	4	2	0
260	3 30 97 98	1	-1	0
261	96 29 20 60	2	-1	0
262	30 34 85 39	3	3	0
263	3 22 92 96	1	-1	0
264	71 80 54 64	4	4	0
265	84 100 57 78	3	4	0
266	2 31 42 27	1	-1	0
267	50 55 28 47	3	5	0
268	12 70 38 58	4	3	0
269	4 97 22 47	1	-1	0
270	85 35 36 67	2	-1	0
271	1 49 82 42	1	-1	0
272	50 17 66 30	2	-1	0
273	31 69 37 32	3	1	0
274	1 94 14 74	1	-1	0
275	17 82 41 32	4	1	0
276	45 61 71 41	2	-1	0
277	3 33 16 31	1	-1	0
278	36 39 16 97	3	3	1
279	5 12 14 95	1	-1	0
280	89 97 9 10	4	1	0
281	4 98 43 20	1	-1	0
282	13 17 27 95	3	3	0
283	3 14 18 40	1	-1	0
284	8 74 50 82	2	-1	0
285	15 75 43 30	4	1	0
286	3 11 27 96	1	-1	0
287	46 48 88 36	2	-1	0
288	47 20 74 19	4	1	0
289	13 29 10 12	4	1	0
290	98 67 53 34	4	5	0
291	10 86 32 84	2	-1	0
292	70 92 87 20	2	-1	0
293	4 55 35 18	1	-1	0
294	4 87 84 79	1	-1	0
295	36 72 20 65	4	4	0
296	5 93 24 61	1	-1	0
297	2 14 72 81	1	-1	0
298	4 72 70 5	1	-1	0
299	9 62 28 37	3	4	0
300	20 46 8 22	2	-1	0
301	34 37 66 19	4	2	0
302	96 75 54 63	2	-1	0
303	73 69 18 68	3	4	0
304	3 100 34 68	1	-1	0
305	24 93 34 35	3	1	0
306	77 31 35 34	3	3	0
307	25 34 18 42	3	1	0
308	5 46 28 18	1	-1	0
309	3 38 97 35	1	-1	0
310	79 42 82 29	4	4	0
311	96 92 30 33	3	3	0
312	2 96 64 47	1	-1	0
313	33 6 17 35	3	4	0
314	79 33 23 72	3	4	0
315	2 6 35 84	1	-1	0
316	85 22 38 65	3	4	0
317	85 75 15 83	4	1	0
318	35 63 62 97	4	3	0
319	51 25 62 56	2	-1	0
320	72 69 14 9	4	1	0
321	19 83 37 95	2	-1	0
322	10 49 23 61	4	2	0
323	92 93 74 57	3	3	0
324	33 43 86 80	3	5	0
325	62 57 71 29	2	-1	0
326	8 94 13 77	3	4	0
327	79 30 97 96	3	4	0
328	71 81 96 95	3	2	0
329	1 52 49 46	1	-1	0
330	2 90 91 37	1	-1	0
331	38 79 9 69	3	3	0
332	56 12 19 25	3	3	0
333	2 41 89 95	1	-1	0
334	2 51 60 78	1	-1	0
335	2 90 79 73	1	-1	0
336	3 6 12 97	1	-1	0
337	31 69 32 48	4	3	0
338	56 38 89 53	2	-1	0
339	70 81 96 51	3	5	0
340	64 9 73 66	2	-1	0
341	57 52 39 91	2	-1	0
342	49 96 68 77	4	4	0
343	100 92 38 65	2	-1	0
344	71 60 67 45	3	3	0
345	25 56 29 82	4	5	0
346	12 61 24 40	4	5	0
347	87 51 46 99	4	5	0
348	62 64 11 45	4	3	0
349	43 93 77 50	2	-1	0
350	83 78 54 55	4	5	0
351	72 22 78 93	2	-1	0
352	82 39 59 63	2	-1	0
353	29 65 62 83	3	4	0
354	7 14 70 35	2	-1	0
355	4 74 75 31	1	-1	0
356	2 57 29 34	1	-1	0
357	50 57 90 68	2	-1	0
358	82 27 12 28	3	3	0
359	60 49 96 66	3	1	0
360	79 6 69 41	3	2	0
361	43 58 69 82	2	-1	0
362	85 51 90 87	4	4	0
363	5 30 74 33	1	-1	0
364	5 19 77 24	1	-1	0
365	67 41 92 23	4	4	0
366	44 55 74 41	4	2	0
367	3 54 23 9	1	-1	0
368	85 7 14 52	4	2	0
369	20 79 40 97	2	-1	0
370	84 15 42 81	2	-1	0
371	21 96 53 50	2	-1	0
372	7 58 40 75	2	-1	0
373	84 31 38 21	3	5	0
374	2 46 10 56	1	-1	0
375	44 32 70 67	3	2	0
376	30 49 65 46	3	3	0
377	93 72 99 38	3	5	0
378	21 86 30 62	2	-1	0
379	3 15 55 90	1	-1	0
380	60 99 91 78	4	1	0
381	10 52 88 14	3	3	0
382	74 88 25 29	2	-1	0
383	51 18 64 86	3	4	0
384	66 31 27 8	3	5	0
385	10 63 89 86	2	-1	0
386	74 88 89 22	4	5	0
387	1 78 51 28	1	-1	0
388	52 69 86 99	4	2	0
389	91 24 59 18	4	2	0
390	40 52 13 28	2	-1	0
391	7 28 98 56	2	-1	0
392	62 69 91 22	3	5	0
393	72 44 60 57	2	-1	0
394	96 41 40 90	2	-1	0
395	75 25 57 73	3	5	0
396	94 12 27 66	3	2	0
397	42 46 69 85	3	1	0
398	49 62 14 86	4	1	0
399	2 76 29 80	1	-1	0
400	94 96 17 71	4	2	0
401	72 71 77 48	3	3	0
402	2 12 87 43	1	-1	0
403	39 92 50 58	2	-1	0
404	45 30 14 19	4	2	0
405	2 91 90 69	1	-1	0
406	4 75 40 67	1	-1	0
407	5 13 61 10	1	-1	0
408	77 19 88 97	4	2	0
409	30 74 69 55	2	-1	0
410	79 21 100 36	4	3	0
411	78 19 72 92	4	4	0
412	5 68 12 69	1	-1	0
413	3 15 69 35	1	-1	0
414	30 78 73 75	2	-1	0
415	94 74 50 16	2	-1	0
416	5 60 74 87	1	-1	0
417	3 79 40 19	1	-1	0
418	44 26 63 21	3	5	0
419	5 25 38 18	1	-1	0
420	13 57 51 77	3	5	0
421	55 76 27 14	4	4	0
422	3 77 99 21	1	-1	0
423	98 44 84 37	4	5	0
424	38 69 79 45	2	-1	0
425	55 12 26 76	4	2	0
426	90 24 45 14	3	2	0
427	48 55 34 52	2	-1	0
428	52 68 14 26	2	-1	0
429	98 54 70 86	3	3	0
430	2 74 75 90	1	-1	0
431	39 42 36 41	2	-1	0
432	21 20 86 84	3	2	0
433	85 15 83 47	4	4	0
434	3 73 29 44	1	-1	0
435	3 82 45 84	1	-1	0
436	2 29 34 28	1	-1	0
437	39 6 14 73	2	-1	0
438	84 58 56 52	3	1	0
439	88 64 82 46	2	-1	0
440	55 25 83 94	4	5	0
441	51 30 62 15	3	2	0
442	23 79 41 25	2	-1	0
443	19 75 29 79	4	4	0
444	100 45 60 29	2	-1	0
445	76 19 85 16	2	-1	0
446	1 82 41 30	1	-1	0
447	3 94 31 71	1	-1	0
448	96 27 91 83	4	5	0
449	4 75 99 50	1	-1	0
450	65 92 29 60	4	5	0
451	8 58 42 71	2	-1	0
452	47 51 85 61	4	4	0
453	2 56 80 60	1	-1	0
454	57 8 98 88	3	5	0
455	45 48 61 8	3	2	0
456	18 50 56 64	2	-1	0
457	37 24 58 88	2	-1	0
458	37 70 75 84	3	4	0
459	83 41 17 49	3	2	0
460	28 62 86 70	2	-1	0
461	23 85 39 65	4	4	0
462	16 82 18 92	3	4	0
463	16 88 61 67	3	3	0
464	4 88 78 46	1	-1	0
465	56 48 59 27	3	4	0
466	20 79 38 45	3	4	0
467	82 74 51 80	2	-1	0
468	39 43 91 30	3	2	0
469	2 95 23 45	1	-1	0
470	53 35 70 42	3	5	0
471	13 87 65 59	4	3	0
472	66 86 80 30	4	2	0
473	83 88 61 32	2	-1	0
474	22 69 9 78	3	2	0
475	6 70 7 11	3	2	0
476	62 24 18 94	4	5	0
477	99 76 23 84	2	-1	0
478	55 31 81 57	3	4	0
479	42 36 37 21	2	-1	0
480	29 26 22 50	3	3	0
481	58 36 70 39	4	5	0
482	4 53 79 81	1	-1	0
483	92 79 63 81	4	4	0
484	84 52 86 73	2	-1	0
485	4 12 43 72	1	-1	0
486	3 40 38 68	1	-1	0
487	22 39 80 46	2	-1	0
488	4 27 36 84	1	-1	0
489	4 73 34 84	1	-1	0
490	27 97 21 48	4	3	0
491	85 44 61 11	3	2	0
492	72 33 95 13	4	4	0
493	4 19 82 46	1	-1	0
494	67 11 75 7	2	-1	0
495	10 72 47 18	4	4	0
496	59 54 19 93	3	2	0
497	59 60 99 8	3	3	0
498	80 61 71 56	3	1	0
499	14 98 13 48	3	1	0
500	91 38 90 43	4	3	0
