Class Times	5
Rooms	10
1	27	A	1
2	10	A	0
3	47	A	0
4	76	A	0
5	21	B	0
6	73	A	1
7	62	C	0
8	77	C	1
9	98	A	0
10	64	B	1
Classes	800
Teachers	400
1	281	3	C	1
2	350	5	C	1
3	213	1	A	1
4	106	5	C	1
5	182	1	A	1
6	11	5	C	1
7	322	4	C	1
8	267	3	C	1
9	270	5	C	1
10	152	3	C	1
11	133	4	C	1
12	286	1	A	1
13	382	4	C	1
14	75	1	A	1
15	43	5	C	1
16	184	3	C	1
17	280	5	C	1
18	24	2	B	1
19	306	2	B	1
20	20	3	C	1
21	394	5	C	1
22	26	3	C	1
23	155	1	A	1
24	33	4	C	1
25	343	2	B	1
26	118	4	C	1
27	390	4	C	1
28	211	3	C	1
29	250	3	C	1
30	181	5	C	1
31	337	3	C	1
32	108	5	C	1
33	376	1	A	1
34	302	3	C	1
35	232	4	C	1
36	23	1	A	1
37	400	1	A	1
38	179	3	C	1
39	53	4	C	1
40	119	5	C	1
41	309	2	B	0
42	265	4	C	0
43	43	1	A	0
44	247	3	C	0
45	12	1	A	0
46	111	1	A	0
47	279	3	C	0
48	247	1	A	0
49	340	1	A	0
50	261	3	C	0
51	206	5	C	0
52	218	4	C	0
53	154	1	A	0
54	333	3	C	0
55	71	3	C	0
56	362	1	A	0
57	385	2	B	0
58	338	5	C	0
59	276	2	B	0
60	61	1	A	0
61	392	1	A	0
62	106	5	C	0
63	230	4	C	0
64	279	2	B	0
65	267	2	B	0
66	28	2	B	0
67	80	1	A	0
68	179	2	B	0
69	189	2	B	0
70	56	3	C	0
71	378	1	A	0
72	373	5	C	0
73	309	2	B	0
74	173	2	B	0
75	282	2	B	0
76	365	5	C	0
77	232	4	C	0
78	6	5	C	0
79	281	1	A	0
80	8	5	C	0
81	89	2	B	0
82	254	5	C	0
83	299	1	A	0
84	235	4	C	0
85	79	2	B	0
86	174	3	C	0
87	357	3	C	0
88	132	4	C	0
89	16	1	A	0
90	297	3	C	0
91	356	3	C	0
92	387	2	B	0
93	248	2	B	0
94	268	4	C	0
95	399	3	C	0
96	67	2	B	0
97	75	5	C	0
98	111	1	A	0
99	166	5	C	0
100	171	1	A	0
101	144	2	B	0
102	301	3	C	0
103	51	1	A	0
104	259	1	A	0
105	215	5	C	0
106	355	3	C	0
107	397	5	C	0
108	70	4	C	0
109	138	1	A	0
110	240	5	C	0
111	250	2	B	0
112	14	1	A	0
113	125	2	B	0
114	379	4	C	0
115	41	3	C	0
116	380	3	C	0
117	204	5	C	0
118	114	1	A	0
119	202	2	B	0
120	176	1	A	0
121	258	3	C	0
122	327	2	B	0
123	36	3	C	0
124	4	4	C	0
125	27	2	B	0
126	298	5	C	0
127	84	2	B	0
128	398	3	C	0
129	69	4	C	0
130	257	1	A	0
131	50	4	C	0
132	28	4	C	0
133	377	2	B	0
134	193	3	C	0
135	243	2	B	0
136	337	1	A	0
137	308	1	A	0
138	366	3	C	0
139	187	1	A	0
140	96	1	A	0
141	71	1	A	0
142	31	5	C	0
143	94	5	C	0
144	224	3	C	0
145	349	1	A	0
146	260	4	C	0
147	343	1	A	0
148	105	2	B	0
149	132	3	C	0
150	351	1	A	0
151	174	5	C	0
152	14	5	C	0
153	153	3	C	0
154	397	3	C	0
155	85	5	C	0
156	153	5	C	0
157	222	4	C	0
158	85	1	A	0
159	271	5	C	0
160	109	3	C	0
161	94	3	C	0
162	127	4	C	0
163	86	4	C	0
164	127	3	C	0
165	293	2	B	0
166	184	2	B	0
167	31	2	B	0
168	173	2	B	0
169	160	3	C	0
170	79	2	B	0
171	361	5	C	0
172	211	2	B	0
173	67	3	C	0
174	384	2	B	0
175	198	1	A	0
176	212	1	A	0
177	91	5	C	0
178	246	1	A	0
179	389	2	B	0
180	214	5	C	0
181	273	3	C	0
182	88	5	C	0
183	107	1	A	0
184	182	4	C	0
185	298	3	C	0
186	305	3	C	0
187	306	4	C	0
188	230	5	C	0
189	146	1	A	0
190	383	5	C	0
191	169	1	A	0
192	257	3	C	0
193	342	3	C	0
194	240	4	C	0
195	135	1	A	0
196	370	2	B	0
197	141	1	A	0
198	129	3	C	0
199	292	4	C	0
200	308	3	C	0
201	222	4	C	0
202	142	2	B	0
203	138	1	A	0
204	157	4	C	0
205	39	4	C	0
206	118	3	C	0
207	163	5	C	0
208	266	1	A	0
209	73	3	C	0
210	287	5	C	0
211	304	2	B	0
212	64	5	C	0
213	297	4	C	0
214	364	3	C	0
215	47	3	C	0
216	204	4	C	0
217	301	1	A	0
218	142	3	C	0
219	322	1	A	0
220	96	2	B	0
221	45	4	C	0
222	288	4	C	0
223	318	1	A	0
224	221	2	B	0
225	310	2	B	0
226	371	4	C	0
227	145	1	A	0
228	90	4	C	0
229	327	4	C	0
230	226	3	C	0
231	352	4	C	0
232	126	2	B	0
233	207	2	B	0
234	288	4	C	0
235	19	3	C	0
236	284	2	B	0
237	213	3	C	0
238	212	5	C	0
239	171	4	C	0
240	291	3	C	0
241	87	2	B	0
242	358	3	C	0
243	44	5	C	0
244	276	4	C	0
245	377	2	B	0
246	384	4	C	0
247	199	2	B	0
248	217	4	C	0
249	116	3	C	0
250	221	1	A	0
251	172	5	C	0
252	323	3	C	0
253	393	1	A	0
254	341	1	A	0
255	186	2	B	0
256	344	4	C	0
257	158	1	A	0
258	89	1	A	0
259	69	4	C	0
260	258	3	C	0
261	370	1	A	0
262	122	1	A	0
263	4	2	B	0
264	253	3	C	0
265	77	1	A	0
266	388	5	C	0
267	274	3	C	0
268	249	4	C	0
269	268	4	C	0
270	335	4	C	0
271	159	1	A	0
272	273	5	C	0
273	35	4	C	0
274	87	4	C	0
275	167	2	B	0
276	30	4	C	0
277	30	5	C	0
278	180	5	C	0
279	65	4	C	0
280	236	4	C	0
281	156	1	A	0
282	47	2	B	0
283	207	1	A	0
284	156	1	A	0
285	48	3	C	0
286	102	4	C	0
287	6	4	C	0
288	175	3	C	0
289	36	5	C	0
290	60	5	C	0
291	320	5	C	0
292	235	3	C	0
293	245	5	C	0
294	19	2	B	0
295	367	4	C	0
296	236	1	A	0
297	330	1	A	0
298	58	3	C	0
299	381	2	B	0
300	91	5	C	0
301	135	2	B	0
302	378	1	A	0
303	379	3	C	0
304	315	3	C	0
305	348	3	C	0
306	3	5	C	0
307	319	4	C	0
308	217	5	C	0
309	23	1	A	0
310	333	5	C	0
311	190	4	C	0
312	150	3	C	0
313	330	4	C	0
314	172	4	C	0
315	291	1	A	0
316	121	4	C	0
317	1	5	C	0
318	262	5	C	0
319	325	4	C	0
320	393	2	B	0
321	25	2	B	0
322	129	2	B	0
323	226	4	C	0
324	269	4	C	0
325	319	4	C	0
326	90	2	B	0
327	46	5	C	0
328	187	5	C	0
329	178	5	C	0
330	110	4	C	0
331	396	3	C	0
332	328	1	A	0
333	285	1	A	0
334	228	4	C	0
335	150	3	C	0
336	56	3	C	0
337	149	4	C	0
338	392	3	C	0
339	293	5	C	0
340	27	5	C	0
341	321	3	C	0
342	318	4	C	0
343	289	4	C	0
344	359	2	B	0
345	5	3	C	0
346	163	1	A	0
347	351	3	C	0
348	206	2	B	0
349	321	5	C	0
350	287	1	A	0
351	285	4	C	0
352	124	5	C	0
353	359	3	C	0
354	248	2	B	0
355	158	3	C	0
356	238	4	C	0
357	48	3	C	0
358	169	3	C	0
359	227	5	C	0
360	80	5	C	0
361	296	5	C	0
362	64	3	C	0
363	128	3	C	0
364	223	3	C	0
365	262	3	C	0
366	63	3	C	0
367	15	3	C	0
368	124	4	C	0
369	11	2	B	0
370	10	3	C	0
371	78	5	C	0
372	65	3	C	0
373	315	4	C	0
374	277	3	C	0
375	102	3	C	0
376	263	4	C	0
377	238	1	A	0
378	145	3	C	0
379	210	3	C	0
380	108	4	C	0
381	149	2	B	0
382	123	2	B	0
383	15	2	B	0
384	270	4	C	0
385	260	2	B	0
386	223	5	C	0
387	39	3	C	0
388	74	3	C	0
389	220	5	C	0
390	72	3	C	0
391	398	1	A	0
392	166	5	C	0
393	302	1	A	0
394	208	2	B	0
395	38	3	C	0
396	112	2	B	0
397	246	2	B	0
398	73	3	C	0
399	49	4	C	0
400	54	2	B	0
401	265	5	C	0
402	275	2	B	0
403	12	3	C	0
404	88	1	A	0
405	339	1	A	0
406	367	1	A	0
407	175	4	C	0
408	275	2	B	0
409	177	2	B	0
410	277	3	C	0
411	335	2	B	0
412	237	5	C	0
413	8	4	C	0
414	177	3	C	0
415	200	4	C	0
416	296	5	C	0
417	201	5	C	0
418	115	1	A	0
419	126	1	A	0
420	32	1	A	0
421	192	4	C	0
422	346	2	B	0
423	188	4	C	0
424	3	2	B	0
425	134	1	A	0
426	271	4	C	0
427	37	2	B	0
428	341	3	C	0
429	350	5	C	0
430	255	4	C	0
431	180	2	B	0
432	2	1	A	0
433	2	2	B	0
434	317	3	C	0
435	191	3	C	0
436	266	3	C	0
437	323	4	C	0
438	58	4	C	0
439	259	3	C	0
440	66	3	C	0
441	381	1	A	0
442	160	2	B	0
443	209	1	A	0
444	170	4	C	0
445	59	2	B	0
446	338	4	C	0
447	243	1	A	0
448	253	2	B	0
449	185	3	C	0
450	371	3	C	0
451	53	5	C	0
452	373	4	C	0
453	5	5	C	0
454	310	4	C	0
455	229	5	C	0
456	51	1	A	0
457	84	5	C	0
458	46	4	C	0
459	33	4	C	0
460	358	1	A	0
461	225	1	A	0
462	205	1	A	0
463	263	4	C	0
464	278	4	C	0
465	1	2	B	0
466	201	2	B	0
467	400	5	C	0
468	208	3	C	0
469	60	3	C	0
470	282	3	C	0
471	326	3	C	0
472	347	5	C	0
473	324	4	C	0
474	193	2	B	0
475	62	5	C	0
476	295	4	C	0
477	7	3	C	0
478	346	2	B	0
479	317	3	C	0
480	133	1	A	0
481	54	4	C	0
482	385	5	C	0
483	34	5	C	0
484	210	3	C	0
485	314	4	C	0
486	255	1	A	0
487	190	2	B	0
488	125	3	C	0
489	368	5	C	0
490	289	3	C	0
491	191	1	A	0
492	74	4	C	0
493	399	1	A	0
494	122	3	C	0
495	70	4	C	0
496	369	4	C	0
497	307	5	C	0
498	63	3	C	0
499	242	5	C	0
500	181	2	B	0
501	99	3	C	0
502	59	4	C	0
503	45	4	C	0
504	114	3	C	0
505	155	4	C	0
506	82	2	B	0
507	159	4	C	0
508	342	2	B	0
509	147	4	C	0
510	344	4	C	0
511	97	2	B	0
512	278	4	C	0
513	228	2	B	0
514	334	4	C	0
515	195	4	C	0
516	196	2	B	0
517	146	1	A	0
518	269	4	C	0
519	134	5	C	0
520	283	1	A	0
521	189	5	C	0
522	375	1	A	0
523	139	2	B	0
524	382	2	B	0
525	17	4	C	0
526	261	4	C	0
527	284	5	C	0
528	22	2	B	0
529	103	1	A	0
530	162	3	C	0
531	334	1	A	0
532	355	4	C	0
533	386	4	C	0
534	76	5	C	0
535	225	2	B	0
536	62	5	C	0
537	391	4	C	0
538	329	2	B	0
539	10	2	B	0
540	81	3	C	0
541	68	2	B	0
542	227	5	C	0
543	374	1	A	0
544	76	2	B	0
545	104	3	C	0
546	356	2	B	0
547	95	2	B	0
548	178	1	A	0
549	325	2	B	0
550	313	5	C	0
551	78	4	C	0
552	185	2	B	0
553	167	4	C	0
554	396	1	A	0
555	115	5	C	0
556	99	5	C	0
557	312	2	B	0
558	44	1	A	0
559	170	1	A	0
560	286	5	C	0
561	242	4	C	0
562	186	2	B	0
563	254	2	B	0
564	164	4	C	0
565	364	5	C	0
566	205	3	C	0
567	49	1	A	0
568	21	4	C	0
569	390	5	C	0
570	345	5	C	0
571	77	2	B	0
572	168	4	C	0
573	215	4	C	0
574	93	5	C	0
575	104	4	C	0
576	162	1	A	0
577	353	2	B	0
578	198	3	C	0
579	380	2	B	0
580	214	5	C	0
581	229	3	C	0
582	41	2	B	0
583	154	5	C	0
584	332	3	C	0
585	313	2	B	0
586	274	5	C	0
587	113	4	C	0
588	101	1	A	0
589	200	5	C	0
590	57	5	C	0
591	103	1	A	0
592	340	1	A	0
593	137	4	C	0
594	66	2	B	0
595	368	3	C	0
596	300	3	C	0
597	283	4	C	0
598	353	4	C	0
599	68	1	A	0
600	148	3	C	0
601	299	1	A	0
602	362	5	C	0
603	352	2	B	0
604	101	1	A	0
605	26	5	C	0
606	7	2	B	0
607	131	5	C	0
608	195	5	C	0
609	314	4	C	0
610	326	1	A	0
611	239	2	B	0
612	347	4	C	0
613	50	1	A	0
614	354	3	C	0
615	151	2	B	0
616	376	1	A	0
617	137	2	B	0
618	329	5	C	0
619	345	1	A	0
620	295	4	C	0
621	29	1	A	0
622	394	1	A	0
623	264	4	C	0
624	369	1	A	0
625	249	5	C	0
626	183	4	C	0
627	93	4	C	0
628	218	5	C	0
629	354	4	C	0
630	81	3	C	0
631	294	2	B	0
632	105	2	B	0
633	197	3	C	0
634	17	4	C	0
635	164	4	C	0
636	34	4	C	0
637	35	5	C	0
638	25	4	C	0
639	92	4	C	0
640	216	2	B	0
641	32	5	C	0
642	131	2	B	0
643	22	4	C	0
644	13	3	C	0
645	363	3	C	0
646	366	2	B	0
647	231	5	C	0
648	252	3	C	0
649	141	1	A	0
650	29	4	C	0
651	130	2	B	0
652	143	4	C	0
653	139	1	A	0
654	123	4	C	0
655	194	2	B	0
656	140	5	C	0
657	37	2	B	0
658	152	3	C	0
659	375	1	A	0
660	220	4	C	0
661	307	3	C	0
662	304	4	C	0
663	312	2	B	0
664	349	2	B	0
665	109	3	C	0
666	183	5	C	0
667	130	4	C	0
668	252	5	C	0
669	305	3	C	0
670	144	5	C	0
671	143	2	B	0
672	83	2	B	0
673	360	4	C	0
674	42	2	B	0
675	244	2	B	0
676	147	1	A	0
677	328	1	A	0
678	372	2	B	0
679	61	4	C	0
680	290	3	C	0
681	42	5	C	0
682	387	1	A	0
683	176	5	C	0
684	332	3	C	0
685	55	3	C	0
686	21	1	A	0
687	197	4	C	0
688	120	3	C	0
689	360	4	C	0
690	38	2	B	0
691	256	4	C	0
692	136	1	A	0
693	280	5	C	0
694	311	3	C	0
695	395	5	C	0
696	148	5	C	0
697	113	1	A	0
698	391	3	C	0
699	331	5	C	0
700	151	5	C	0
701	16	1	A	0
702	116	5	C	0
703	72	2	B	0
704	311	2	B	0
705	231	4	C	0
706	95	4	C	0
707	18	4	C	0
708	395	4	C	0
709	97	3	C	0
710	194	4	C	0
711	196	1	A	0
712	241	1	A	0
713	234	3	C	0
714	388	2	B	0
715	192	5	C	0
716	209	5	C	0
717	110	4	C	0
718	256	2	B	0
719	316	1	A	0
720	224	2	B	0
721	244	3	C	0
722	136	2	B	0
723	40	4	C	0
724	365	1	A	0
725	300	2	B	0
726	82	5	C	0
727	40	1	A	0
728	386	5	C	0
729	303	3	C	0
730	245	1	A	0
731	52	3	C	0
732	202	1	A	0
733	83	2	B	0
734	199	4	C	0
735	57	1	A	0
736	241	5	C	0
737	336	3	C	0
738	20	3	C	0
739	374	3	C	0
740	219	5	C	0
741	18	5	C	0
742	234	4	C	0
743	55	1	A	0
744	161	4	C	0
745	117	4	C	0
746	157	2	B	0
747	92	2	B	0
748	112	3	C	0
749	237	3	C	0
750	331	1	A	0
751	239	1	A	0
752	316	2	B	0
753	361	5	C	0
754	24	3	C	0
755	219	1	A	0
756	372	2	B	0
757	119	4	C	0
758	292	1	A	0
759	188	4	C	0
760	86	5	C	0
761	9	5	C	0
762	216	3	C	0
763	294	2	B	0
764	161	2	B	0
765	100	3	C	0
766	389	5	C	0
767	363	4	C	0
768	165	1	A	0
769	140	1	A	0
770	290	5	C	0
771	168	5	C	0
772	324	4	C	0
773	383	5	C	0
774	98	4	C	0
775	233	4	C	0
776	121	1	A	0
777	320	3	C	0
778	303	3	C	0
779	100	4	C	0
780	98	3	C	0
781	348	1	A	0
782	357	3	C	0
783	52	5	C	0
784	336	5	C	0
785	107	1	A	0
786	9	2	B	0
787	128	5	C	0
788	264	3	C	0
789	272	5	C	0
790	203	5	C	0
791	272	3	C	0
792	203	4	C	0
793	120	2	B	0
794	339	5	C	0
795	117	3	C	0
796	233	2	B	0
797	165	1	A	0
798	13	4	C	0
799	251	5	C	0
800	251	3	C	0
