Class Times	5
Rooms	10
1	75	A	0
2	90	C	0
3	14	A	0
4	84	B	0
5	38	C	1
6	77	B	1
7	55	C	1
8	83	C	0
9	25	C	1
10	14	A	1
Classes	800
Teachers	400
1	274	3	C	1
2	147	2	B	1
3	344	4	C	1
4	294	2	B	1
5	107	2	B	1
6	370	1	A	1
7	115	4	C	1
8	232	3	C	1
9	327	5	C	1
10	302	5	C	1
11	226	5	C	1
12	135	2	B	1
13	192	3	C	1
14	223	5	C	1
15	342	4	C	1
16	128	2	B	1
17	398	5	C	1
18	191	4	C	1
19	362	5	C	1
20	215	3	C	1
21	18	4	C	1
22	151	1	A	1
23	266	1	A	1
24	182	5	C	1
25	237	3	C	1
26	3	1	A	1
27	391	5	C	1
28	318	5	C	1
29	271	3	C	1
30	307	1	A	1
31	311	3	C	1
32	192	4	C	1
33	206	1	A	1
34	92	3	C	1
35	118	3	C	1
36	189	3	C	1
37	87	5	C	1
38	320	2	B	1
39	365	2	B	1
40	379	4	C	1
41	9	3	C	0
42	89	5	C	0
43	291	5	C	0
44	305	5	C	0
45	345	3	C	0
46	225	4	C	0
47	102	1	A	0
48	235	2	B	0
49	346	4	C	0
50	242	5	C	0
51	207	2	B	0
52	190	1	A	0
53	256	3	C	0
54	73	1	A	0
55	160	2	B	0
56	345	5	C	0
57	162	1	A	0
58	46	3	C	0
59	116	3	C	0
60	61	2	B	0
61	154	2	B	0
62	372	4	C	0
63	395	4	C	0
64	44	4	C	0
65	238	2	B	0
66	134	5	C	0
67	115	5	C	0
68	117	3	C	0
69	298	3	C	0
70	351	1	A	0
71	365	3	C	0
72	227	1	A	0
73	383	4	C	0
74	301	3	C	0
75	117	3	C	0
76	247	2	B	0
77	1	4	C	0
78	390	1	A	0
79	49	4	C	0
80	383	1	A	0
81	390	5	C	0
82	236	3	C	0
83	281	4	C	0
84	287	4	C	0
85	393	3	C	0
86	334	2	B	0
87	129	3	C	0
88	83	3	C	0
89	59	1	A	0
90	15	2	B	0
91	385	2	B	0
92	136	2	B	0
93	39	3	C	0
94	265	4	C	0
95	124	2	B	0
96	374	2	B	0
97	200	5	C	0
98	255	5	C	0
99	25	1	A	0
100	55	3	C	0
101	204	5	C	0
102	373	3	C	0
103	121	4	C	0
104	106	5	C	0
105	335	5	C	0
106	207	4	C	0
107	78	5	C	0
108	148	2	B	0
109	374	3	C	0
110	341	5	C	0
111	264	3	C	0
112	373	5	C	0
113	189	1	A	0
114	233	5	C	0
115	48	5	C	0
116	30	3	C	0
117	333	5	C	0
118	399	3	C	0
119	222	3	C	0
120	400	5	C	0
121	394	3	C	0
122	382	5	C	0
123	183	3	C	0
124	264	4	C	0
125	22	5	C	0
126	272	2	B	0
127	351	1	A	0
128	47	2	B	0
129	79	1	A	0
130	175	1	A	0
131	9	3	C	0
132	126	1	A	0
133	21	3	C	0
134	63	1	A	0
135	389	4	C	0
136	132	4	C	0
137	308	3	C	0
138	102	2	B	0
139	240	4	C	0
140	37	5	C	0
141	250	1	A	0
142	69	4	C	0
143	75	1	A	0
144	316	5	C	0
145	251	4	C	0
146	302	3	C	0
147	316	2	B	0
148	254	3	C	0
149	99	4	C	0
150	249	5	C	0
151	247	3	C	0
152	349	4	C	0
153	197	2	B	0
154	69	5	C	0
155	66	5	C	0
156	77	3	C	0
157	63	5	C	0
158	26	3	C	0
159	321	5	C	0
160	193	5	C	0
161	156	4	C	0
162	223	4	C	0
163	100	4	C	0
164	356	1	A	0
165	67	1	A	0
166	43	2	B	0
167	181	5	C	0
168	266	1	A	0
169	221	1	A	0
170	113	3	C	0
171	130	1	A	0
172	213	5	C	0
173	241	2	B	0
174	61	1	A	0
175	399	1	A	0
176	382	2	B	0
177	100	1	A	0
178	86	1	A	0
179	270	4	C	0
180	151	1	A	0
181	208	4	C	0
182	354	3	C	0
183	206	4	C	0
184	334	3	C	0
185	261	1	A	0
186	113	1	A	0
187	330	2	B	0
188	222	4	C	0
189	333	3	C	0
190	34	1	A	0
191	38	1	A	0
192	224	1	A	0
193	319	3	C	0
194	338	5	C	0
195	385	3	C	0
196	216	2	B	0
197	60	5	C	0
198	309	2	B	0
199	128	1	A	0
200	123	5	C	0
201	378	1	A	0
202	296	4	C	0
203	200	4	C	0
204	341	5	C	0
205	193	3	C	0
206	187	1	A	0
207	239	3	C	0
208	58	4	C	0
209	307	1	A	0
210	357	1	A	0
211	188	3	C	0
212	143	4	C	0
213	213	2	B	0
214	142	2	B	0
215	59	1	A	0
216	108	5	C	0
217	145	1	A	0
218	350	4	C	0
219	323	2	B	0
220	364	4	C	0
221	55	2	B	0
222	75	2	B	0
223	292	4	C	0
224	258	2	B	0
225	127	1	A	0
226	103	2	B	0
227	306	2	B	0
228	231	2	B	0
229	391	3	C	0
230	346	1	A	0
231	97	4	C	0
232	343	4	C	0
233	312	1	A	0
234	214	1	A	0
235	257	5	C	0
236	212	1	A	0
237	320	2	B	0
238	66	4	C	0
239	138	1	A	0
240	158	2	B	0
241	84	3	C	0
242	220	3	C	0
243	127	5	C	0
244	2	1	A	0
245	356	3	C	0
246	103	2	B	0
247	161	3	C	0
248	363	3	C	0
249	62	5	C	0
250	143	4	C	0
251	37	5	C	0
252	72	2	B	0
253	139	1	A	0
254	124	3	C	0
255	49	5	C	0
256	188	5	C	0
257	344	2	B	0
258	81	3	C	0
259	147	3	C	0
260	252	5	C	0
261	36	3	C	0
262	369	2	B	0
263	98	2	B	0
264	250	4	C	0
265	4	3	C	0
266	338	2	B	0
267	177	1	A	0
268	278	3	C	0
269	129	3	C	0
270	205	5	C	0
271	157	4	C	0
272	305	2	B	0
273	108	4	C	0
274	60	4	C	0
275	149	1	A	0
276	180	5	C	0
277	209	2	B	0
278	162	3	C	0
279	283	5	C	0
280	77	5	C	0
281	271	3	C	0
282	350	3	C	0
283	88	1	A	0
284	379	1	A	0
285	161	5	C	0
286	11	3	C	0
287	173	3	C	0
288	180	5	C	0
289	234	1	A	0
290	228	2	B	0
291	260	2	B	0
292	325	3	C	0
293	67	4	C	0
294	311	4	C	0
295	343	5	C	0
296	363	3	C	0
297	233	2	B	0
298	154	3	C	0
299	141	2	B	0
300	347	2	B	0
301	3	4	C	0
302	42	3	C	0
303	36	3	C	0
304	218	4	C	0
305	214	1	A	0
306	260	3	C	0
307	348	2	B	0
308	319	5	C	0
309	144	1	A	0
310	156	3	C	0
311	253	5	C	0
312	7	5	C	0
313	68	3	C	0
314	174	2	B	0
315	378	4	C	0
316	152	2	B	0
317	259	4	C	0
318	173	3	C	0
319	76	3	C	0
320	387	2	B	0
321	27	5	C	0
322	228	5	C	0
323	289	2	B	0
324	2	5	C	0
325	78	4	C	0
326	261	2	B	0
327	258	2	B	0
328	90	5	C	0
329	274	4	C	0
330	292	5	C	0
331	205	4	C	0
332	39	1	A	0
333	297	4	C	0
334	277	2	B	0
335	265	2	B	0
336	149	3	C	0
337	280	3	C	0
338	114	3	C	0
339	57	5	C	0
340	246	4	C	0
341	272	5	C	0
342	395	5	C	0
343	387	1	A	0
344	33	4	C	0
345	303	5	C	0
346	155	5	C	0
347	7	1	A	0
348	163	2	B	0
349	158	1	A	0
350	167	5	C	0
351	388	4	C	0
352	211	4	C	0
353	348	1	A	0
354	114	1	A	0
355	72	5	C	0
356	252	1	A	0
357	288	2	B	0
358	155	5	C	0
359	172	1	A	0
360	31	2	B	0
361	32	3	C	0
362	191	5	C	0
363	293	2	B	0
364	337	1	A	0
365	20	3	C	0
366	182	4	C	0
367	273	3	C	0
368	68	5	C	0
369	41	3	C	0
370	29	4	C	0
371	303	1	A	0
372	8	3	C	0
373	238	5	C	0
374	96	1	A	0
375	70	1	A	0
376	280	2	B	0
377	93	1	A	0
378	202	5	C	0
379	224	5	C	0
380	369	5	C	0
381	153	3	C	0
382	296	5	C	0
383	211	1	A	0
384	201	5	C	0
385	106	4	C	0
386	134	3	C	0
387	367	3	C	0
388	371	1	A	0
389	267	5	C	0
390	204	1	A	0
391	179	2	B	0
392	159	5	C	0
393	335	2	B	0
394	203	2	B	0
395	355	2	B	0
396	262	2	B	0
397	93	4	C	0
398	48	2	B	0
399	294	4	C	0
400	232	4	C	0
401	312	1	A	0
402	87	4	C	0
403	300	1	A	0
404	133	1	A	0
405	216	5	C	0
406	235	5	C	0
407	160	1	A	0
408	295	2	B	0
409	64	3	C	0
410	218	5	C	0
411	301	5	C	0
412	375	4	C	0
413	366	2	B	0
414	50	3	C	0
415	126	3	C	0
416	153	3	C	0
417	122	2	B	0
418	199	5	C	0
419	150	3	C	0
420	186	5	C	0
421	70	1	A	0
422	219	4	C	0
423	243	5	C	0
424	370	1	A	0
425	308	1	A	0
426	208	2	B	0
427	42	2	B	0
428	201	1	A	0
429	324	4	C	0
430	1	4	C	0
431	10	3	C	0
432	16	3	C	0
433	244	1	A	0
434	30	4	C	0
435	169	1	A	0
436	4	2	B	0
437	167	4	C	0
438	285	3	C	0
439	244	4	C	0
440	83	4	C	0
441	199	1	A	0
442	275	4	C	0
443	84	4	C	0
444	81	2	B	0
445	220	1	A	0
446	249	2	B	0
447	57	5	C	0
448	325	3	C	0
449	76	1	A	0
450	317	2	B	0
451	107	4	C	0
452	195	4	C	0
453	172	3	C	0
454	270	1	A	0
455	11	1	A	0
456	5	4	C	0
457	91	3	C	0
458	313	4	C	0
459	111	2	B	0
460	226	4	C	0
461	94	2	B	0
462	21	3	C	0
463	163	4	C	0
464	326	5	C	0
465	58	3	C	0
466	74	1	A	0
467	10	1	A	0
468	88	4	C	0
469	31	5	C	0
470	132	5	C	0
471	273	5	C	0
472	398	3	C	0
473	337	5	C	0
474	47	3	C	0
475	25	4	C	0
476	279	4	C	0
477	166	2	B	0
478	281	2	B	0
479	62	3	C	0
480	146	3	C	0
481	165	4	C	0
482	177	4	C	0
483	190	4	C	0
484	26	4	C	0
485	94	4	C	0
486	298	4	C	0
487	287	3	C	0
488	196	2	B	0
489	291	5	C	0
490	299	2	B	0
491	386	3	C	0
492	181	2	B	0
493	229	4	C	0
494	309	2	B	0
495	321	2	B	0
496	18	5	C	0
497	328	5	C	0
498	112	3	C	0
499	98	1	A	0
500	140	2	B	0
501	186	3	C	0
502	342	5	C	0
503	91	1	A	0
504	157	1	A	0
505	174	1	A	0
506	349	1	A	0
507	41	2	B	0
508	150	4	C	0
509	217	2	B	0
510	231	4	C	0
511	146	4	C	0
512	22	4	C	0
513	74	5	C	0
514	73	1	A	0
515	251	1	A	0
516	15	4	C	0
517	267	1	A	0
518	234	4	C	0
519	145	1	A	0
520	166	1	A	0
521	148	4	C	0
522	328	4	C	0
523	169	5	C	0
524	375	1	A	0
525	64	2	B	0
526	323	1	A	0
527	136	3	C	0
528	19	3	C	0
529	358	5	C	0
530	242	2	B	0
531	389	2	B	0
532	116	1	A	0
533	384	3	C	0
534	13	2	B	0
535	355	5	C	0
536	329	5	C	0
537	164	1	A	0
538	142	3	C	0
539	236	5	C	0
540	262	4	C	0
541	397	5	C	0
542	317	5	C	0
543	92	2	B	0
544	331	1	A	0
545	121	5	C	0
546	197	3	C	0
547	243	5	C	0
548	314	1	A	0
549	24	3	C	0
550	277	1	A	0
551	35	4	C	0
552	71	4	C	0
553	28	5	C	0
554	297	5	C	0
555	304	1	A	0
556	196	3	C	0
557	101	2	B	0
558	279	4	C	0
559	85	4	C	0
560	215	2	B	0
561	24	3	C	0
562	362	4	C	0
563	322	2	B	0
564	135	4	C	0
565	245	1	A	0
566	314	2	B	0
567	130	4	C	0
568	384	4	C	0
569	141	4	C	0
570	339	1	A	0
571	176	2	B	0
572	96	3	C	0
573	331	2	B	0
574	394	5	C	0
575	368	3	C	0
576	82	2	B	0
577	179	2	B	0
578	209	1	A	0
579	354	5	C	0
580	376	3	C	0
581	133	2	B	0
582	372	2	B	0
583	381	3	C	0
584	175	5	C	0
585	248	4	C	0
586	71	3	C	0
587	306	3	C	0
588	322	5	C	0
589	276	2	B	0
590	159	4	C	0
591	17	5	C	0
592	16	3	C	0
593	227	1	A	0
594	168	3	C	0
595	347	4	C	0
596	293	5	C	0
597	259	4	C	0
598	101	3	C	0
599	89	3	C	0
600	299	2	B	0
601	120	3	C	0
602	219	2	B	0
603	289	1	A	0
604	122	2	B	0
605	79	5	C	0
606	203	5	C	0
607	221	3	C	0
608	20	4	C	0
609	284	2	B	0
610	380	3	C	0
611	32	2	B	0
612	178	2	B	0
613	229	3	C	0
614	359	4	C	0
615	256	4	C	0
616	336	2	B	0
617	65	3	C	0
618	50	3	C	0
619	202	2	B	0
620	377	4	C	0
621	35	5	C	0
622	38	2	B	0
623	99	1	A	0
624	377	3	C	0
625	357	5	C	0
626	352	4	C	0
627	332	5	C	0
628	326	4	C	0
629	185	3	C	0
630	329	5	C	0
631	165	5	C	0
632	263	2	B	0
633	95	4	C	0
634	112	2	B	0
635	184	1	A	0
636	330	4	C	0
637	245	4	C	0
638	313	5	C	0
639	360	4	C	0
640	360	4	C	0
641	52	3	C	0
642	53	5	C	0
643	8	1	A	0
644	111	3	C	0
645	44	1	A	0
646	176	1	A	0
647	381	4	C	0
648	367	4	C	0
649	386	5	C	0
650	171	4	C	0
651	388	4	C	0
652	34	3	C	0
653	138	4	C	0
654	65	1	A	0
655	152	5	C	0
656	125	5	C	0
657	185	1	A	0
658	253	5	C	0
659	140	1	A	0
660	339	4	C	0
661	376	1	A	0
662	332	1	A	0
663	392	5	C	0
664	237	5	C	0
665	300	4	C	0
666	52	1	A	0
667	284	4	C	0
668	310	5	C	0
669	164	5	C	0
670	285	3	C	0
671	40	2	B	0
672	123	1	A	0
673	85	3	C	0
674	210	2	B	0
675	19	4	C	0
676	310	1	A	0
677	318	4	C	0
678	283	1	A	0
679	29	2	B	0
680	282	1	A	0
681	53	1	A	0
682	217	5	C	0
683	56	5	C	0
684	170	5	C	0
685	187	5	C	0
686	40	3	C	0
687	278	1	A	0
688	45	5	C	0
689	240	5	C	0
690	118	5	C	0
691	28	2	B	0
692	275	1	A	0
693	82	5	C	0
694	263	3	C	0
695	97	2	B	0
696	366	4	C	0
697	254	4	C	0
698	212	5	C	0
699	171	2	B	0
700	304	5	C	0
701	105	5	C	0
702	371	3	C	0
703	393	3	C	0
704	119	1	A	0
705	56	4	C	0
706	104	2	B	0
707	239	5	C	0
708	361	3	C	0
709	358	2	B	0
710	139	2	B	0
711	80	3	C	0
712	45	1	A	0
713	397	1	A	0
714	315	4	C	0
715	131	2	B	0
716	248	5	C	0
717	144	2	B	0
718	90	1	A	0
719	131	1	A	0
720	80	5	C	0
721	295	1	A	0
722	257	4	C	0
723	392	1	A	0
724	352	1	A	0
725	210	3	C	0
726	14	4	C	0
727	23	1	A	0
728	359	2	B	0
729	51	2	B	0
730	33	3	C	0
731	6	2	B	0
732	324	3	C	0
733	290	4	C	0
734	183	2	B	0
735	14	3	C	0
736	178	2	B	0
737	110	2	B	0
738	276	5	C	0
739	119	3	C	0
740	230	4	C	0
741	54	5	C	0
742	120	2	B	0
743	13	3	C	0
744	105	5	C	0
745	290	3	C	0
746	109	1	A	0
747	125	2	B	0
748	194	1	A	0
749	368	3	C	0
750	327	1	A	0
751	46	4	C	0
752	184	1	A	0
753	54	1	A	0
754	286	1	A	0
755	198	4	C	0
756	6	2	B	0
757	288	5	C	0
758	286	4	C	0
759	230	1	A	0
760	12	4	C	0
761	51	4	C	0
762	194	2	B	0
763	43	2	B	0
764	268	4	C	0
765	340	3	C	0
766	315	2	B	0
767	109	1	A	0
768	396	1	A	0
769	137	3	C	0
770	5	5	C	0
771	168	2	B	0
772	353	4	C	0
773	27	5	C	0
774	95	1	A	0
775	23	3	C	0
776	198	2	B	0
777	400	5	C	0
778	246	3	C	0
779	269	4	C	0
780	268	1	A	0
781	364	3	C	0
782	353	1	A	0
783	137	2	B	0
784	17	1	A	0
785	255	3	C	0
786	269	1	A	0
787	241	3	C	0
788	86	4	C	0
789	396	1	A	0
790	225	3	C	0
791	12	5	C	0
792	104	5	C	0
793	336	1	A	0
794	282	2	B	0
795	340	1	A	0
796	170	1	A	0
797	380	1	A	0
798	195	4	C	0
799	361	1	A	0
800	110	2	B	0
