Class Times	5
Rooms	10
1	28	A	0
2	19	A	1
3	36	A	1
4	84	B	1
5	63	A	1
6	10	A	0
7	48	C	1
8	69	A	0
9	97	A	1
10	39	A	0
Classes	800
Teachers	400
1	253	3	C	1
2	13	5	C	1
3	229	5	C	1
4	295	2	B	1
5	285	5	C	1
6	111	2	B	1
7	232	2	B	1
8	281	4	C	1
9	174	4	C	1
10	347	3	C	1
11	107	1	A	1
12	10	4	C	1
13	295	5	C	1
14	211	3	C	1
15	354	3	C	1
16	196	4	C	1
17	285	2	B	1
18	351	3	C	1
19	158	3	C	1
20	290	2	B	1
21	140	1	A	1
22	130	2	B	1
23	399	4	C	1
24	41	2	B	1
25	113	2	B	1
26	373	5	C	1
27	293	1	A	1
28	284	3	C	1
29	397	4	C	1
30	320	3	C	1
31	229	4	C	1
32	173	1	A	1
33	127	1	A	1
34	107	4	C	1
35	219	1	A	1
36	385	2	B	1
37	225	3	C	1
38	90	2	B	1
39	200	3	C	1
40	50	3	C	1
41	68	5	C	0
42	106	1	A	0
43	220	2	B	0
44	199	5	C	0
45	260	2	B	0
46	135	5	C	0
47	217	4	C	0
48	372	3	C	0
49	137	4	C	0
50	269	5	C	0
51	357	1	A	0
52	287	5	C	0
53	59	2	B	0
54	135	1	A	0
55	259	1	A	0
56	3	3	C	0
57	35	5	C	0
58	284	1	A	0
59	371	4	C	0
60	294	3	C	0
61	67	4	C	0
62	123	5	C	0
63	389	1	A	0
64	235	5	C	0
65	16	2	B	0
66	301	4	C	0
67	11	5	C	0
68	31	2	B	0
69	321	2	B	0
70	246	3	C	0
71	138	4	C	0
72	309	3	C	0
73	40	5	C	0
74	206	5	C	0
75	219	3	C	0
76	329	4	C	0
77	275	1	A	0
78	26	5	C	0
79	236	5	C	0
80	302	3	C	0
81	111	4	C	0
82	126	4	C	0
83	248	1	A	0
84	102	5	C	0
85	24	4	C	0
86	28	4	C	0
87	86	3	C	0
88	189	5	C	0
89	321	4	C	0
90	213	3	C	0
91	18	1	A	0
92	90	2	B	0
93	87	4	C	0
94	304	3	C	0
95	147	3	C	0
96	185	2	B	0
97	181	5	C	0
98	115	3	C	0
99	382	2	B	0
100	79	2	B	0
101	20	1	A	0
102	260	4	C	0
103	87	3	C	0
104	126	5	C	0
105	289	3	C	0
106	248	5	C	0
107	112	2	B	0
108	383	5	C	0
109	270	5	C	0
110	313	1	A	0
111	316	1	A	0
112	76	5	C	0
113	193	2	B	0
114	88	5	C	0
115	279	2	B	0
116	79	4	C	0
117	250	3	C	0
118	72	3	C	0
119	9	3	C	0
120	359	5	C	0
121	348	3	C	0
122	144	4	C	0
123	311	5	C	0
124	370	3	C	0
125	145	3	C	0
126	83	1	A	0
127	129	2	B	0
128	169	3	C	0
129	60	4	C	0
130	335	2	B	0
131	269	1	A	0
132	226	3	C	0
133	147	2	B	0
134	364	5	C	0
135	262	1	A	0
136	186	5	C	0
137	22	5	C	0
138	349	4	C	0
139	97	2	B	0
140	386	3	C	0
141	190	5	C	0
142	233	4	C	0
143	375	2	B	0
144	175	2	B	0
145	278	5	C	0
146	304	1	A	0
147	131	1	A	0
148	316	2	B	0
149	192	5	C	0
150	389	4	C	0
151	133	1	A	0
152	123	4	C	0
153	207	4	C	0
154	201	3	C	0
155	124	2	B	0
156	263	3	C	0
157	131	3	C	0
158	247	4	C	0
159	394	3	C	0
160	196	3	C	0
161	302	1	A	0
162	213	1	A	0
163	197	4	C	0
164	273	4	C	0
165	61	1	A	0
166	214	3	C	0
167	388	2	B	0
168	60	3	C	0
169	256	2	B	0
170	367	1	A	0
171	362	5	C	0
172	224	3	C	0
173	220	4	C	0
174	195	5	C	0
175	328	1	A	0
176	146	3	C	0
177	94	3	C	0
178	132	5	C	0
179	191	2	B	0
180	32	1	A	0
181	201	4	C	0
182	391	1	A	0
183	12	4	C	0
184	320	2	B	0
185	265	4	C	0
186	274	2	B	0
187	246	4	C	0
188	118	4	C	0
189	378	3	C	0
190	258	4	C	0
191	264	1	A	0
192	398	5	C	0
193	228	5	C	0
194	151	4	C	0
195	77	4	C	0
196	20	4	C	0
197	313	4	C	0
198	63	5	C	0
199	66	2	B	0
200	74	4	C	0
201	374	1	A	0
202	276	5	C	0
203	134	2	B	0
204	261	3	C	0
205	297	4	C	0
206	58	3	C	0
207	92	4	C	0
208	192	2	B	0
209	363	3	C	0
210	383	1	A	0
211	301	5	C	0
212	291	1	A	0
213	315	2	B	0
214	370	5	C	0
215	67	5	C	0
216	43	4	C	0
217	95	1	A	0
218	310	2	B	0
219	233	4	C	0
220	271	5	C	0
221	115	4	C	0
222	15	3	C	0
223	385	4	C	0
224	6	1	A	0
225	58	3	C	0
226	61	2	B	0
227	373	3	C	0
228	128	1	A	0
229	23	3	C	0
230	114	3	C	0
231	141	2	B	0
232	299	3	C	0
233	24	2	B	0
234	317	5	C	0
235	9	1	A	0
236	258	5	C	0
237	76	3	C	0
238	368	4	C	0
239	171	2	B	0
240	155	2	B	0
241	245	3	C	0
242	271	4	C	0
243	175	3	C	0
244	371	1	A	0
245	307	3	C	0
246	184	3	C	0
247	108	3	C	0
248	77	2	B	0
249	185	1	A	0
250	238	2	B	0
251	176	1	A	0
252	386	3	C	0
253	63	1	A	0
254	112	2	B	0
255	367	2	B	0
256	211	3	C	0
257	199	5	C	0
258	221	5	C	0
259	357	3	C	0
260	293	1	A	0
261	291	2	B	0
262	193	2	B	0
263	98	2	B	0
264	92	1	A	0
265	46	4	C	0
266	178	2	B	0
267	365	4	C	0
268	375	2	B	0
269	333	1	A	0
270	326	4	C	0
271	378	4	C	0
272	396	4	C	0
273	400	3	C	0
274	309	4	C	0
275	360	3	C	0
276	218	1	A	0
277	310	2	B	0
278	124	3	C	0
279	227	3	C	0
280	99	5	C	0
281	277	4	C	0
282	210	2	B	0
283	334	5	C	0
284	298	1	A	0
285	118	4	C	0
286	225	4	C	0
287	167	1	A	0
288	136	4	C	0
289	344	4	C	0
290	398	4	C	0
291	6	4	C	0
292	21	1	A	0
293	10	2	B	0
294	98	3	C	0
295	102	2	B	0
296	83	1	A	0
297	30	2	B	0
298	14	3	C	0
299	396	3	C	0
300	332	1	A	0
301	13	4	C	0
302	162	4	C	0
303	314	5	C	0
304	11	1	A	0
305	275	2	B	0
306	215	3	C	0
307	125	2	B	0
308	188	4	C	0
309	44	3	C	0
310	245	1	A	0
311	17	5	C	0
312	12	2	B	0
313	43	5	C	0
314	113	1	A	0
315	198	1	A	0
316	363	2	B	0
317	70	1	A	0
318	89	5	C	0
319	68	3	C	0
320	394	5	C	0
321	377	5	C	0
322	259	5	C	0
323	393	3	C	0
324	355	2	B	0
325	240	2	B	0
326	214	5	C	0
327	36	3	C	0
328	209	3	C	0
329	99	2	B	0
330	30	1	A	0
331	361	2	B	0
332	274	3	C	0
333	91	5	C	0
334	2	3	C	0
335	312	1	A	0
336	42	1	A	0
337	34	5	C	0
338	34	5	C	0
339	104	4	C	0
340	116	5	C	0
341	180	5	C	0
342	255	2	B	0
343	330	5	C	0
344	129	4	C	0
345	286	4	C	0
346	149	5	C	0
347	217	2	B	0
348	55	3	C	0
349	137	4	C	0
350	117	3	C	0
351	93	1	A	0
352	132	5	C	0
353	344	3	C	0
354	194	4	C	0
355	261	2	B	0
356	122	4	C	0
357	314	2	B	0
358	39	2	B	0
359	299	4	C	0
360	55	2	B	0
361	390	5	C	0
362	263	2	B	0
363	243	3	C	0
364	273	5	C	0
365	25	5	C	0
366	17	4	C	0
367	281	2	B	0
368	232	4	C	0
369	361	3	C	0
370	365	2	B	0
371	243	3	C	0
372	25	5	C	0
373	21	5	C	0
374	62	4	C	0
375	364	4	C	0
376	16	2	B	0
377	240	4	C	0
378	388	3	C	0
379	80	4	C	0
380	250	1	A	0
381	121	1	A	0
382	358	1	A	0
383	69	4	C	0
384	283	5	C	0
385	191	2	B	0
386	399	3	C	0
387	15	5	C	0
388	307	5	C	0
389	351	3	C	0
390	223	3	C	0
391	53	2	B	0
392	177	3	C	0
393	149	1	A	0
394	294	2	B	0
395	78	4	C	0
396	51	4	C	0
397	328	2	B	0
398	155	1	A	0
399	40	3	C	0
400	110	1	A	0
401	303	2	B	0
402	162	3	C	0
403	238	5	C	0
404	3	3	C	0
405	287	3	C	0
406	305	5	C	0
407	14	3	C	0
408	4	5	C	0
409	64	2	B	0
410	48	2	B	0
411	62	1	A	0
412	189	5	C	0
413	2	4	C	0
414	70	5	C	0
415	164	5	C	0
416	26	4	C	0
417	203	4	C	0
418	289	3	C	0
419	347	4	C	0
420	35	5	C	0
421	117	3	C	0
422	305	5	C	0
423	119	3	C	0
424	94	5	C	0
425	172	4	C	0
426	158	1	A	0
427	119	5	C	0
428	350	4	C	0
429	354	1	A	0
430	152	1	A	0
431	46	4	C	0
432	343	4	C	0
433	329	3	C	0
434	105	1	A	0
435	159	3	C	0
436	382	1	A	0
437	353	2	B	0
438	334	4	C	0
439	358	1	A	0
440	53	1	A	0
441	241	5	C	0
442	355	5	C	0
443	120	4	C	0
444	315	4	C	0
445	268	1	A	0
446	84	3	C	0
447	276	1	A	0
448	170	5	C	0
449	160	2	B	0
450	234	4	C	0
451	270	4	C	0
452	104	1	A	0
453	227	3	C	0
454	170	5	C	0
455	207	5	C	0
456	174	2	B	0
457	85	3	C	0
458	169	2	B	0
459	336	4	C	0
460	7	4	C	0
461	103	5	C	0
462	374	4	C	0
463	280	4	C	0
464	257	2	B	0
465	377	1	A	0
466	186	2	B	0
467	330	2	B	0
468	52	5	C	0
469	352	2	B	0
470	28	3	C	0
471	319	3	C	0
472	241	5	C	0
473	384	3	C	0
474	64	3	C	0
475	350	2	B	0
476	288	4	C	0
477	188	4	C	0
478	18	1	A	0
479	286	4	C	0
480	36	3	C	0
481	145	4	C	0
482	134	5	C	0
483	247	3	C	0
484	173	1	A	0
485	39	2	B	0
486	400	2	B	0
487	56	4	C	0
488	337	1	A	0
489	272	2	B	0
490	47	1	A	0
491	146	2	B	0
492	251	3	C	0
493	290	1	A	0
494	52	3	C	0
495	176	2	B	0
496	323	5	C	0
497	163	3	C	0
498	346	2	B	0
499	312	1	A	0
500	5	5	C	0
501	242	5	C	0
502	288	2	B	0
503	69	5	C	0
504	366	2	B	0
505	160	2	B	0
506	252	1	A	0
507	27	5	C	0
508	184	5	C	0
509	136	2	B	0
510	279	4	C	0
511	74	4	C	0
512	88	3	C	0
513	125	2	B	0
514	352	2	B	0
515	384	4	C	0
516	356	5	C	0
517	167	1	A	0
518	27	2	B	0
519	49	5	C	0
520	108	5	C	0
521	242	5	C	0
522	209	2	B	0
523	154	4	C	0
524	376	4	C	0
525	80	4	C	0
526	223	5	C	0
527	42	5	C	0
528	91	3	C	0
529	165	3	C	0
530	300	2	B	0
531	5	4	C	0
532	122	4	C	0
533	153	1	A	0
534	85	4	C	0
535	336	2	B	0
536	397	1	A	0
537	346	3	C	0
538	194	1	A	0
539	143	5	C	0
540	89	4	C	0
541	339	2	B	0
542	319	2	B	0
543	348	3	C	0
544	327	1	A	0
545	251	1	A	0
546	101	4	C	0
547	339	2	B	0
548	48	1	A	0
549	393	5	C	0
550	23	5	C	0
551	71	4	C	0
552	228	2	B	0
553	190	1	A	0
554	152	1	A	0
555	311	3	C	0
556	72	1	A	0
557	29	5	C	0
558	366	4	C	0
559	195	3	C	0
560	44	4	C	0
561	183	3	C	0
562	340	3	C	0
563	303	4	C	0
564	33	4	C	0
565	165	3	C	0
566	226	1	A	0
567	218	4	C	0
568	205	1	A	0
569	335	4	C	0
570	216	1	A	0
571	234	3	C	0
572	168	5	C	0
573	262	2	B	0
574	368	1	A	0
575	206	4	C	0
576	369	4	C	0
577	331	2	B	0
578	171	2	B	0
579	19	4	C	0
580	338	1	A	0
581	345	1	A	0
582	120	3	C	0
583	144	2	B	0
584	101	2	B	0
585	369	3	C	0
586	331	2	B	0
587	221	3	C	0
588	387	2	B	0
589	359	3	C	0
590	22	3	C	0
591	177	4	C	0
592	7	3	C	0
593	103	4	C	0
594	100	1	A	0
595	51	1	A	0
596	296	4	C	0
597	342	4	C	0
598	205	4	C	0
599	154	1	A	0
600	341	5	C	0
601	1	3	C	0
602	47	2	B	0
603	341	3	C	0
604	182	4	C	0
605	86	3	C	0
606	182	2	B	0
607	236	4	C	0
608	37	4	C	0
609	168	4	C	0
610	82	4	C	0
611	222	2	B	0
612	150	3	C	0
613	362	2	B	0
614	110	1	A	0
615	282	1	A	0
616	235	1	A	0
617	278	4	C	0
618	317	3	C	0
619	38	5	C	0
620	216	1	A	0
621	296	2	B	0
622	71	3	C	0
623	82	1	A	0
624	66	2	B	0
625	4	3	C	0
626	143	1	A	0
627	105	3	C	0
628	210	1	A	0
629	139	5	C	0
630	200	4	C	0
631	333	4	C	0
632	381	4	C	0
633	181	2	B	0
634	37	2	B	0
635	257	3	C	0
636	41	3	C	0
637	231	3	C	0
638	272	3	C	0
639	265	1	A	0
640	197	5	C	0
641	325	1	A	0
642	29	2	B	0
643	96	5	C	0
644	222	3	C	0
645	128	1	A	0
646	78	1	A	0
647	106	1	A	0
648	379	4	C	0
649	202	2	B	0
650	159	4	C	0
651	380	3	C	0
652	395	4	C	0
653	282	3	C	0
654	297	3	C	0
655	392	3	C	0
656	1	1	A	0
657	379	2	B	0
658	97	2	B	0
659	45	2	B	0
660	157	1	A	0
661	138	5	C	0
662	322	3	C	0
663	264	4	C	0
664	33	5	C	0
665	345	4	C	0
666	215	3	C	0
667	230	5	C	0
668	381	3	C	0
669	151	4	C	0
670	93	2	B	0
671	254	3	C	0
672	327	5	C	0
673	324	2	B	0
674	318	1	A	0
675	133	5	C	0
676	318	1	A	0
677	109	1	A	0
678	249	3	C	0
679	163	5	C	0
680	360	5	C	0
681	337	3	C	0
682	153	3	C	0
683	268	4	C	0
684	300	2	B	0
685	180	4	C	0
686	178	3	C	0
687	323	3	C	0
688	95	2	B	0
689	376	2	B	0
690	353	2	B	0
691	59	5	C	0
692	308	1	A	0
693	140	2	B	0
694	142	4	C	0
695	343	3	C	0
696	141	4	C	0
697	392	5	C	0
698	56	4	C	0
699	324	2	B	0
700	342	2	B	0
701	166	2	B	0
702	130	4	C	0
703	283	2	B	0
704	75	1	A	0
705	116	3	C	0
706	280	3	C	0
707	390	2	B	0
708	356	3	C	0
709	256	3	C	0
710	208	4	C	0
711	150	5	C	0
712	75	2	B	0
713	253	4	C	0
714	208	5	C	0
715	267	1	A	0
716	254	5	C	0
717	349	2	B	0
718	183	3	C	0
719	49	3	C	0
720	8	2	B	0
721	109	2	B	0
722	255	3	C	0
723	38	4	C	0
724	277	5	C	0
725	292	3	C	0
726	231	1	A	0
727	202	2	B	0
728	127	1	A	0
729	19	3	C	0
730	244	2	B	0
731	166	1	A	0
732	298	1	A	0
733	84	3	C	0
734	156	4	C	0
735	96	4	C	0
736	249	3	C	0
737	387	5	C	0
738	267	1	A	0
739	50	2	B	0
740	332	5	C	0
741	237	4	C	0
742	148	1	A	0
743	239	5	C	0
744	139	1	A	0
745	65	2	B	0
746	54	1	A	0
747	121	4	C	0
748	161	5	C	0
749	391	2	B	0
750	73	3	C	0
751	161	5	C	0
752	57	3	C	0
753	157	3	C	0
754	395	1	A	0
755	73	3	C	0
756	172	2	B	0
757	230	4	C	0
758	8	2	B	0
759	237	2	B	0
760	266	3	C	0
761	292	3	C	0
762	164	5	C	0
763	57	5	C	0
764	338	3	C	0
765	325	5	C	0
766	204	3	C	0
767	81	1	A	0
768	204	1	A	0
769	142	3	C	0
770	239	1	A	0
771	179	1	A	0
772	156	4	C	0
773	81	4	C	0
774	179	1	A	0
775	224	3	C	0
776	54	2	B	0
777	65	1	A	0
778	45	1	A	0
779	372	1	A	0
780	340	3	C	0
781	32	2	B	0
782	198	1	A	0
783	266	5	C	0
784	187	5	C	0
785	31	2	B	0
786	322	3	C	0
787	203	3	C	0
788	308	1	A	0
789	244	3	C	0
790	326	1	A	0
791	380	2	B	0
792	187	3	C	0
793	212	4	C	0
794	100	2	B	0
795	306	2	B	0
796	306	2	B	0
797	114	2	B	0
798	212	5	C	0
799	148	2	B	0
800	252	3	C	0
