Class Times	5
Rooms	10
1	50	A	0
2	13	B	1
3	40	A	1
4	88	B	1
5	93	B	0
6	28	C	1
7	80	B	0
8	20	B	1
9	22	C	1
10	35	C	0
Classes	800
Teachers	400
1	279	4	C	1
2	237	1	A	1
3	2	1	A	1
4	35	2	B	1
5	43	5	C	1
6	273	2	B	1
7	58	1	A	1
8	231	4	C	1
9	296	1	A	1
10	377	4	C	1
11	396	3	C	1
12	28	5	C	1
13	68	5	C	1
14	234	4	C	1
15	56	5	C	1
16	120	3	C	1
17	320	3	C	1
18	343	2	B	1
19	172	3	C	1
20	210	1	A	1
21	187	4	C	1
22	284	2	B	1
23	257	4	C	1
24	229	1	A	1
25	303	2	B	1
26	71	5	C	1
27	39	3	C	1
28	286	3	C	1
29	222	3	C	1
30	20	3	C	1
31	175	3	C	1
32	163	5	C	1
33	249	1	A	1
34	34	5	C	1
35	87	1	A	1
36	273	1	A	1
37	228	3	C	1
38	38	3	C	1
39	348	2	B	1
40	252	4	C	1
41	35	4	C	0
42	253	3	C	0
43	58	3	C	0
44	368	5	C	0
45	93	5	C	0
46	363	2	B	0
47	164	2	B	0
48	294	4	C	0
49	175	2	B	0
50	344	3	C	0
51	53	2	B	0
52	361	1	A	0
53	17	3	C	0
54	363	4	C	0
55	132	2	B	0
56	79	3	C	0
57	161	1	A	0
58	38	5	C	0
59	168	5	C	0
60	357	1	A	0
61	293	4	C	0
62	400	1	A	0
63	178	2	B	0
64	65	5	C	0
65	200	3	C	0
66	44	3	C	0
67	381	2	B	0
68	145	3	C	0
69	117	3	C	0
70	230	2	B	0
71	260	2	B	0
72	368	4	C	0
73	364	4	C	0
74	84	3	C	0
75	34	5	C	0
76	384	4	C	0
77	231	1	A	0
78	59	3	C	0
79	85	4	C	0
80	361	4	C	0
81	293	3	C	0
82	243	1	A	0
83	11	5	C	0
84	195	4	C	0
85	335	3	C	0
86	380	5	C	0
87	141	4	C	0
88	25	1	A	0
89	137	1	A	0
90	392	2	B	0
91	19	5	C	0
92	73	5	C	0
93	57	4	C	0
94	277	4	C	0
95	202	4	C	0
96	126	3	C	0
97	29	4	C	0
98	291	5	C	0
99	141	4	C	0
100	21	3	C	0
101	274	1	A	0
102	97	3	C	0
103	15	1	A	0
104	111	5	C	0
105	129	4	C	0
106	309	2	B	0
107	54	4	C	0
108	1	3	C	0
109	196	5	C	0
110	308	5	C	0
111	232	1	A	0
112	134	1	A	0
113	80	3	C	0
114	379	3	C	0
115	44	5	C	0
116	352	2	B	0
117	276	2	B	0
118	279	2	B	0
119	30	2	B	0
120	337	4	C	0
121	323	5	C	0
122	161	3	C	0
123	217	2	B	0
124	83	2	B	0
125	245	4	C	0
126	82	3	C	0
127	239	1	A	0
128	377	1	A	0
129	2	1	A	0
130	137	3	C	0
131	274	1	A	0
132	188	4	C	0
133	27	1	A	0
134	174	1	A	0
135	399	1	A	0
136	196	4	C	0
137	87	2	B	0
138	315	2	B	0
139	186	1	A	0
140	197	3	C	0
141	390	1	A	0
142	320	5	C	0
143	62	5	C	0
144	294	5	C	0
145	290	1	A	0
146	187	1	A	0
147	338	3	C	0
148	130	5	C	0
149	103	5	C	0
150	85	2	B	0
151	99	5	C	0
152	110	1	A	0
153	19	2	B	0
154	399	4	C	0
155	389	1	A	0
156	228	1	A	0
157	182	3	C	0
158	123	3	C	0
159	219	4	C	0
160	46	5	C	0
161	123	2	B	0
162	197	2	B	0
163	382	4	C	0
164	4	3	C	0
165	25	1	A	0
166	280	5	C	0
167	296	5	C	0
168	199	2	B	0
169	106	3	C	0
170	251	3	C	0
171	362	1	A	0
172	214	2	B	0
173	379	3	C	0
174	51	5	C	0
175	364	1	A	0
176	210	4	C	0
177	335	1	A	0
178	107	5	C	0
179	327	5	C	0
180	200	5	C	0
181	136	4	C	0
182	96	1	A	0
183	144	5	C	0
184	289	5	C	0
185	83	5	C	0
186	369	2	B	0
187	308	5	C	0
188	12	2	B	0
189	167	1	A	0
190	75	1	A	0
191	259	5	C	0
192	53	4	C	0
193	286	2	B	0
194	144	4	C	0
195	159	5	C	0
196	201	3	C	0
197	28	3	C	0
198	376	3	C	0
199	11	1	A	0
200	26	1	A	0
201	250	2	B	0
202	170	2	B	0
203	39	5	C	0
204	110	3	C	0
205	157	1	A	0
206	152	5	C	0
207	36	1	A	0
208	61	5	C	0
209	74	4	C	0
210	324	1	A	0
211	36	4	C	0
212	151	4	C	0
213	154	5	C	0
214	383	4	C	0
215	133	2	B	0
216	54	2	B	0
217	181	4	C	0
218	355	1	A	0
219	182	1	A	0
220	205	2	B	0
221	246	2	B	0
222	253	4	C	0
223	50	3	C	0
224	375	2	B	0
225	181	4	C	0
226	92	5	C	0
227	31	2	B	0
228	323	3	C	0
229	103	1	A	0
230	153	5	C	0
231	281	3	C	0
232	143	1	A	0
233	73	4	C	0
234	217	3	C	0
235	227	5	C	0
236	45	2	B	0
237	268	2	B	0
238	96	2	B	0
239	219	5	C	0
240	287	3	C	0
241	172	5	C	0
242	249	5	C	0
243	57	4	C	0
244	113	1	A	0
245	282	5	C	0
246	221	1	A	0
247	170	1	A	0
248	241	5	C	0
249	242	2	B	0
250	355	1	A	0
251	127	4	C	0
252	391	5	C	0
253	192	5	C	0
254	258	5	C	0
255	120	5	C	0
256	45	3	C	0
257	93	5	C	0
258	40	3	C	0
259	185	4	C	0
260	122	1	A	0
261	139	2	B	0
262	86	1	A	0
263	213	3	C	0
264	330	3	C	0
265	346	3	C	0
266	77	4	C	0
267	166	1	A	0
268	26	3	C	0
269	215	2	B	0
270	259	1	A	0
271	270	1	A	0
272	250	2	B	0
273	84	5	C	0
274	49	5	C	0
275	126	1	A	0
276	157	3	C	0
277	209	1	A	0
278	40	2	B	0
279	149	2	B	0
280	244	5	C	0
281	251	4	C	0
282	185	2	B	0
283	354	3	C	0
284	246	5	C	0
285	222	5	C	0
286	345	3	C	0
287	208	5	C	0
288	359	2	B	0
289	290	2	B	0
290	317	5	C	0
291	380	4	C	0
292	160	3	C	0
293	5	4	C	0
294	31	4	C	0
295	117	1	A	0
296	224	3	C	0
297	68	5	C	0
298	345	1	A	0
299	282	4	C	0
300	272	1	A	0
301	176	1	A	0
302	7	5	C	0
303	6	5	C	0
304	336	4	C	0
305	162	3	C	0
306	202	5	C	0
307	321	3	C	0
308	69	2	B	0
309	131	1	A	0
310	328	5	C	0
311	336	1	A	0
312	113	5	C	0
313	48	4	C	0
314	360	2	B	0
315	227	1	A	0
316	59	5	C	0
317	322	4	C	0
318	81	1	A	0
319	107	5	C	0
320	381	3	C	0
321	74	3	C	0
322	372	3	C	0
323	328	4	C	0
324	340	1	A	0
325	257	4	C	0
326	109	4	C	0
327	138	1	A	0
328	344	1	A	0
329	224	4	C	0
330	125	1	A	0
331	297	2	B	0
332	72	1	A	0
333	105	1	A	0
334	337	5	C	0
335	321	5	C	0
336	254	3	C	0
337	376	3	C	0
338	385	1	A	0
339	340	5	C	0
340	281	3	C	0
341	100	4	C	0
342	94	3	C	0
343	255	2	B	0
344	10	2	B	0
345	238	4	C	0
346	80	2	B	0
347	8	1	A	0
348	186	1	A	0
349	243	5	C	0
350	280	4	C	0
351	108	1	A	0
352	122	3	C	0
353	213	3	C	0
354	43	4	C	0
355	238	3	C	0
356	284	1	A	0
357	70	4	C	0
358	42	3	C	0
359	9	4	C	0
360	347	2	B	0
361	167	1	A	0
362	392	3	C	0
363	353	1	A	0
364	191	1	A	0
365	116	5	C	0
366	391	2	B	0
367	371	4	C	0
368	177	4	C	0
369	254	1	A	0
370	94	2	B	0
371	338	1	A	0
372	49	3	C	0
373	194	1	A	0
374	133	1	A	0
375	77	5	C	0
376	277	1	A	0
377	71	2	B	0
378	233	5	C	0
379	129	1	A	0
380	86	1	A	0
381	255	4	C	0
382	220	3	C	0
383	3	4	C	0
384	248	4	C	0
385	112	4	C	0
386	24	3	C	0
387	327	3	C	0
388	32	5	C	0
389	50	2	B	0
390	215	4	C	0
391	166	2	B	0
392	395	4	C	0
393	8	4	C	0
394	42	1	A	0
395	325	3	C	0
396	394	2	B	0
397	356	1	A	0
398	268	2	B	0
399	150	1	A	0
400	72	2	B	0
401	298	4	C	0
402	230	3	C	0
403	47	5	C	0
404	131	2	B	0
405	32	4	C	0
406	60	4	C	0
407	195	2	B	0
408	263	2	B	0
409	46	5	C	0
410	223	2	B	0
411	173	2	B	0
412	207	4	C	0
413	287	1	A	0
414	203	3	C	0
415	147	1	A	0
416	306	3	C	0
417	41	4	C	0
418	146	1	A	0
419	351	3	C	0
420	366	2	B	0
421	275	5	C	0
422	146	2	B	0
423	272	1	A	0
424	261	5	C	0
425	20	4	C	0
426	128	4	C	0
427	142	5	C	0
428	266	5	C	0
429	326	5	C	0
430	148	2	B	0
431	89	4	C	0
432	288	2	B	0
433	398	1	A	0
434	223	1	A	0
435	384	2	B	0
436	288	1	A	0
437	65	1	A	0
438	158	1	A	0
439	400	5	C	0
440	52	3	C	0
441	22	1	A	0
442	390	3	C	0
443	247	2	B	0
444	324	1	A	0
445	360	2	B	0
446	260	1	A	0
447	264	2	B	0
448	342	5	C	0
449	148	4	C	0
450	61	2	B	0
451	163	5	C	0
452	104	5	C	0
453	149	2	B	0
454	48	3	C	0
455	356	3	C	0
456	162	4	C	0
457	341	4	C	0
458	341	2	B	0
459	386	3	C	0
460	125	5	C	0
461	180	3	C	0
462	247	5	C	0
463	37	1	A	0
464	302	1	A	0
465	105	2	B	0
466	190	4	C	0
467	155	5	C	0
468	252	2	B	0
469	309	4	C	0
470	225	2	B	0
471	203	4	C	0
472	27	4	C	0
473	386	3	C	0
474	331	2	B	0
475	62	4	C	0
476	229	5	C	0
477	374	5	C	0
478	143	4	C	0
479	331	5	C	0
480	190	4	C	0
481	242	1	A	0
482	191	5	C	0
483	183	4	C	0
484	75	1	A	0
485	270	2	B	0
486	236	2	B	0
487	24	5	C	0
488	47	1	A	0
489	233	4	C	0
490	276	4	C	0
491	135	2	B	0
492	112	3	C	0
493	314	3	C	0
494	332	1	A	0
495	318	1	A	0
496	199	3	C	0
497	303	2	B	0
498	7	2	B	0
499	236	5	C	0
500	95	4	C	0
501	41	5	C	0
502	306	4	C	0
503	184	3	C	0
504	179	5	C	0
505	302	2	B	0
506	151	2	B	0
507	91	3	C	0
508	104	3	C	0
509	267	5	C	0
510	365	2	B	0
511	109	1	A	0
512	171	1	A	0
513	180	2	B	0
514	278	5	C	0
515	150	5	C	0
516	300	4	C	0
517	298	2	B	0
518	136	2	B	0
519	264	3	C	0
520	343	2	B	0
521	365	3	C	0
522	97	3	C	0
523	154	2	B	0
524	33	2	B	0
525	82	5	C	0
526	367	3	C	0
527	18	5	C	0
528	51	3	C	0
529	350	4	C	0
530	173	1	A	0
531	124	1	A	0
532	389	2	B	0
533	333	4	C	0
534	67	4	C	0
535	3	4	C	0
536	269	1	A	0
537	18	2	B	0
538	130	5	C	0
539	52	2	B	0
540	212	1	A	0
541	12	3	C	0
542	297	1	A	0
543	155	2	B	0
544	147	1	A	0
545	385	2	B	0
546	30	3	C	0
547	263	2	B	0
548	304	1	A	0
549	208	1	A	0
550	388	3	C	0
551	262	2	B	0
552	192	2	B	0
553	119	1	A	0
554	55	2	B	0
555	164	5	C	0
556	234	3	C	0
557	178	1	A	0
558	237	3	C	0
559	98	3	C	0
560	374	3	C	0
561	211	1	A	0
562	156	5	C	0
563	142	4	C	0
564	330	5	C	0
565	312	3	C	0
566	310	2	B	0
567	354	4	C	0
568	235	3	C	0
569	313	4	C	0
570	118	5	C	0
571	81	2	B	0
572	90	2	B	0
573	100	2	B	0
574	21	4	C	0
575	239	1	A	0
576	1	2	B	0
577	305	5	C	0
578	267	2	B	0
579	158	3	C	0
580	106	4	C	0
581	23	1	A	0
582	362	2	B	0
583	220	4	C	0
584	128	2	B	0
585	394	4	C	0
586	322	5	C	0
587	56	1	A	0
588	342	1	A	0
589	189	5	C	0
590	4	4	C	0
591	139	2	B	0
592	317	1	A	0
593	244	1	A	0
594	111	5	C	0
595	102	5	C	0
596	316	2	B	0
597	138	4	C	0
598	184	1	A	0
599	289	1	A	0
600	235	1	A	0
601	121	1	A	0
602	127	3	C	0
603	78	2	B	0
604	79	5	C	0
605	367	2	B	0
606	13	3	C	0
607	221	5	C	0
608	63	4	C	0
609	346	2	B	0
610	95	5	C	0
611	92	2	B	0
612	395	2	B	0
613	371	2	B	0
614	285	4	C	0
615	211	2	B	0
616	241	1	A	0
617	265	2	B	0
618	23	4	C	0
619	90	5	C	0
620	159	5	C	0
621	214	4	C	0
622	332	2	B	0
623	70	1	A	0
624	295	5	C	0
625	101	1	A	0
626	307	1	A	0
627	5	3	C	0
628	69	2	B	0
629	101	1	A	0
630	349	4	C	0
631	301	4	C	0
632	262	4	C	0
633	17	3	C	0
634	216	1	A	0
635	291	4	C	0
636	193	2	B	0
637	88	4	C	0
638	348	1	A	0
639	168	1	A	0
640	177	4	C	0
641	350	2	B	0
642	366	5	C	0
643	119	1	A	0
644	351	1	A	0
645	98	4	C	0
646	299	1	A	0
647	188	4	C	0
648	135	2	B	0
649	349	1	A	0
650	91	3	C	0
651	10	5	C	0
652	66	3	C	0
653	295	4	C	0
654	375	2	B	0
655	89	5	C	0
656	160	3	C	0
657	218	5	C	0
658	33	5	C	0
659	325	1	A	0
660	134	1	A	0
661	311	3	C	0
662	102	3	C	0
663	383	2	B	0
664	333	2	B	0
665	78	3	C	0
666	9	2	B	0
667	118	4	C	0
668	60	1	A	0
669	156	5	C	0
670	179	3	C	0
671	232	2	B	0
672	116	3	C	0
673	326	3	C	0
674	152	5	C	0
675	193	5	C	0
676	114	1	A	0
677	37	1	A	0
678	316	3	C	0
679	204	2	B	0
680	66	2	B	0
681	319	2	B	0
682	76	4	C	0
683	15	5	C	0
684	204	5	C	0
685	248	3	C	0
686	301	4	C	0
687	278	3	C	0
688	132	1	A	0
689	225	5	C	0
690	358	5	C	0
691	218	4	C	0
692	307	1	A	0
693	329	1	A	0
694	382	4	C	0
695	240	5	C	0
696	313	4	C	0
697	370	4	C	0
698	174	4	C	0
699	357	5	C	0
700	153	1	A	0
701	209	1	A	0
702	63	4	C	0
703	396	1	A	0
704	212	3	C	0
705	271	1	A	0
706	339	2	B	0
707	207	3	C	0
708	347	4	C	0
709	369	2	B	0
710	145	1	A	0
711	121	3	C	0
712	76	3	C	0
713	55	2	B	0
714	165	1	A	0
715	299	3	C	0
716	359	5	C	0
717	265	3	C	0
718	397	4	C	0
719	22	4	C	0
720	67	1	A	0
721	269	1	A	0
722	372	2	B	0
723	312	5	C	0
724	245	1	A	0
725	285	4	C	0
726	334	4	C	0
727	352	4	C	0
728	88	1	A	0
729	240	3	C	0
730	205	1	A	0
731	388	3	C	0
732	64	1	A	0
733	370	3	C	0
734	189	1	A	0
735	397	4	C	0
736	275	1	A	0
737	108	1	A	0
738	261	2	B	0
739	198	1	A	0
740	216	1	A	0
741	393	2	B	0
742	329	3	C	0
743	256	1	A	0
744	319	3	C	0
745	311	3	C	0
746	165	2	B	0
747	6	1	A	0
748	99	2	B	0
749	183	1	A	0
750	176	2	B	0
751	14	2	B	0
752	314	1	A	0
753	256	4	C	0
754	14	4	C	0
755	373	1	A	0
756	339	4	C	0
757	378	5	C	0
758	140	5	C	0
759	310	2	B	0
760	304	2	B	0
761	398	4	C	0
762	292	1	A	0
763	124	3	C	0
764	378	5	C	0
765	387	5	C	0
766	266	2	B	0
767	305	3	C	0
768	29	2	B	0
769	169	2	B	0
770	315	5	C	0
771	171	1	A	0
772	358	1	A	0
773	393	3	C	0
774	206	2	B	0
775	300	4	C	0
776	373	4	C	0
777	387	4	C	0
778	198	2	B	0
779	64	2	B	0
780	292	5	C	0
781	201	5	C	0
782	13	1	A	0
783	115	5	C	0
784	318	5	C	0
785	334	2	B	0
786	283	1	A	0
787	140	4	C	0
788	226	5	C	0
789	194	1	A	0
790	258	1	A	0
791	206	2	B	0
792	353	5	C	0
793	115	4	C	0
794	16	1	A	0
795	271	3	C	0
796	169	5	C	0
797	114	4	C	0
798	283	5	C	0
799	226	4	C	0
800	16	5	C	0
