Students	500
1	291 461 387 714	4	4	0
2	572 466 298 262	4	3	0
3	264 787 151 773	4	2	0
4	18 467 466 744	1	-1	0
5	648 231 573 364	2	-1	0
6	309 446 272 145	3	3	0
7	34 378 304 648	1	-1	0
8	22 314 688 111	1	-1	1
9	466 277 129 197	3	1	0
10	539 520 588 301	4	3	0
11	141 57 488 518	3	4	0
12	432 264 570 130	3	5	0
13	396 661 231 214	3	2	0
14	20 628 56 177	1	-1	0
15	346 415 765 114	2	-1	0
16	127 58 124 56	3	1	0
17	771 247 129 768	4	2	0
18	675 107 335 706	2	-1	0
19	7 156 731 424	1	-1	0
20	206 393 601 198	4	2	0
21	437 146 315 587	3	5	0
22	101 732 289 328	4	1	0
23	481 660 670 430	3	1	0
24	475 412 125 494	4	3	0
25	277 225 727 483	3	1	0
26	68 126 375 578	2	-1	0
27	670 767 742 563	2	-1	0
28	706 654 298 772	3	3	0
29	24 537 760 48	1	-1	0
30	18 207 391 330	1	-1	0
31	778 433 43 594	3	2	0
32	287 343 672 485	4	2	0
33	457 669 455 656	3	2	0
34	13 614 333 501	1	-1	0
35	35 702 731 53	1	-1	0
36	65 450 476 763	2	-1	0
37	701 704 318 442	2	-1	0
38	40 514 692 350	1	-1	0
39	218 113 358 664	3	3	0
40	598 360 178 58	2	-1	0
41	703 787 767 528	2	-1	0
42	152 752 171 83	3	3	0
43	570 784 310 481	3	2	0
44	188 573 708 569	3	3	0
45	419 696 367 117	4	5	0
46	738 282 320 538	3	5	0
47	41 742 604 756	3	4	0
48	241 42 700 153	2	-1	0
49	799 301 342 380	4	1	0
50	240 625 88 401	2	-1	0
51	165 387 235 664	3	1	0
52	600 605 410 67	3	3	0
53	774 554 346 702	2	-1	0
54	689 527 264 572	4	2	0
55	505 54 799 508	4	1	0
56	39 241 322 265	1	-1	0
57	766 335 652 405	3	4	0
58	32 411 669 271	1	-1	0
59	167 736 599 721	3	4	0
60	769 741 172 55	2	-1	0
61	623 796 102 764	2	-1	0
62	38 745 700 371	1	-1	0
63	794 692 413 289	4	5	0
64	71 115 105 178	2	-1	0
65	18 317 702 165	1	-1	0
66	33 613 341 340	1	-1	0
67	321 360 741 73	3	4	0
68	342 290 756 594	2	-1	0
69	208 258 690 263	3	3	0
70	476 562 106 757	2	-1	0
71	306 234 568 314	3	5	0
72	7 770 709 215	1	-1	0
73	265 430 393 189	2	-1	0
74	508 600 782 619	3	2	0
75	60 103 216 143	3	3	0
76	652 199 151 209	2	-1	0
77	485 783 798 538	4	2	0
78	373 797 647 328	3	2	0
79	418 710 249 243	2	-1	0
80	539 652 216 162	4	5	0
81	189 366 418 302	2	-1	0
82	522 346 174 672	4	4	0
83	120 459 57 279	4	3	0
84	468 235 496 536	3	3	0
85	223 139 317 685	3	1	0
86	693 582 276 548	2	-1	0
87	282 447 515 779	2	-1	0
88	720 681 591 199	4	2	0
89	742 629 394 798	3	3	0
90	89 92 326 734	4	3	0
91	27 107 460 142	1	-1	0
92	38 197 510 459	1	-1	0
93	10 345 244 533	1	-1	0
94	93 487 720 641	4	3	0
95	344 669 366 582	4	1	0
96	399 59 575 643	4	4	0
97	32 485 680 601	1	-1	0
98	593 489 788 288	3	4	0
99	21 171 330 286	1	-1	0
100	52 459 789 420	2	-1	0
101	550 84 304 193	4	4	0
102	291 63 461 618	2	-1	0
103	623 242 741 740	4	5	0
104	21 751 231 664	1	-1	0
105	189 681 328 160	3	2	0
106	456 676 761 307	4	1	0
107	472 714 153 697	4	2	0
108	630 449 609 126	4	1	0
109	3 299 257 737	1	-1	0
110	31 259 734 253	1	-1	0
111	3 642 77 585	1	-1	0
112	334 578 279 738	3	4	0
113	22 791 257 679	1	-1	0
114	12 106 762 756	1	-1	0
115	204 110 526 275	3	4	0
116	699 608 470 698	2	-1	0
117	540 563 612 553	2	-1	0
118	600 199 379 546	2	-1	0
119	736 463 197 483	2	-1	0
120	317 121 575 189	3	3	0
121	144 658 800 200	2	-1	0
122	24 616 585 48	1	-1	0
123	659 318 239 619	2	-1	0
124	221 180 766 308	2	-1	0
125	794 78 80 324	3	5	0
126	447 357 73 147	3	3	0
127	376 630 125 221	2	-1	0
128	25 445 379 562	1	-1	0
129	452 114 340 370	4	1	0
130	159 470 658 777	4	1	0
131	384 415 200 118	3	4	0
132	34 122 655 408	1	-1	0
133	2 582 447 119	1	-1	0
134	504 216 273 168	2	-1	0
135	726 425 48 295	4	5	0
136	4 121 85 469	1	-1	0
137	285 585 135 450	3	3	0
138	140 498 624 138	3	1	0
139	293 225 621 118	4	4	0
140	736 529 537 388	4	2	0
141	441 766 478 453	2	-1	0
142	294 782 604 333	2	-1	0
143	519 799 678 482	2	-1	0
144	134 381 68 62	4	3	0
145	55 330 212 96	4	5	0
146	757 274 600 322	3	3	0
147	252 498 788 693	4	3	0
148	380 351 396 786	4	1	0
149	300 417 440 401	4	2	0
150	137 44 555 520	2	-1	0
151	672 509 654 161	2	-1	0
152	24 796 413 372	1	-1	0
153	250 559 301 744	3	2	0
154	479 270 390 333	4	5	0
155	481 776 252 290	3	3	0
156	379 535 437 647	3	3	0
157	17 192 709 213	1	-1	0
158	772 684 297 462	4	5	0
159	768 498 330 654	3	2	0
160	482 233 568 278	3	5	0
161	40 59 611 591	1	-1	0
162	373 301 661 778	2	-1	0
163	396 223 712 249	2	-1	0
164	9 159 696 391	1	-1	0
165	686 264 289 758	4	4	0
166	17 98 102 408	1	-1	0
167	219 457 323 723	3	4	1
168	406 748 188 453	4	1	0
169	475 128 408 63	2	-1	0
170	447 590 458 113	4	3	0
171	522 310 325 138	2	-1	0
172	159 720 69 148	4	5	0
173	24 663 497 160	1	-1	0
174	21 796 278 695	1	-1	0
175	152 592 707 617	4	4	0
176	778 710 199 795	3	2	0
177	569 757 765 547	3	2	0
178	85 581 717 407	2	-1	0
179	1 634 244 495	1	-1	0
180	3 117 509 435	1	-1	0
181	516 185 651 345	3	1	0
182	683 704 448 639	2	-1	0
183	657 679 536 73	2	-1	0
184	18 614 45 48	1	-1	0
185	772 145 223 395	2	-1	0
186	755 424 745 454	4	3	0
187	219 519 789 229	3	1	0
188	74 720 399 586	2	-1	0
189	706 668 717 449	4	3	0
190	681 794 503 654	3	2	0
191	622 793 426 359	4	4	0
192	112 468 189 716	2	-1	0
193	38 330 498 525	1	-1	0
194	364 583 575 400	2	-1	0
195	176 724 729 519	2	-1	0
196	237 120 100 187	4	2	0
197	359 320 65 80	3	4	0
198	18 245 642 785	1	-1	0
199	398 289 515 567	3	1	0
200	283 662 214 786	2	-1	0
201	3 341 587 188	1	-1	0
202	420 383 548 284	4	5	0
203	216 304 528 258	3	1	0
204	368 183 640 330	3	4	0
205	752 155 154 562	3	3	0
206	25 342 87 430	1	-1	0
207	220 691 275 649	2	-1	0
208	366 191 120 518	4	5	0
209	569 148 260 660	2	-1	0
210	417 632 567 143	4	4	0
211	655 128 672 290	3	1	0
212	764 574 691 401	4	1	0
213	170 399 527 374	3	4	0
214	23 409 543 707	1	-1	0
215	32 540 67 639	1	-1	0
216	29 773 249 742	1	-1	0
217	31 674 345 257	1	-1	0
218	320 290 135 137	4	5	0
219	583 629 420 680	4	1	0
220	422 185 764 552	3	5	0
221	764 195 312 508	2	-1	0
222	232 444 61 510	2	-1	0
223	784 532 349 459	4	2	0
224	14 691 621 313	1	-1	0
225	455 61 677 501	2	-1	0
226	23 464 625 329	1	-1	0
227	22 138 459 425	1	-1	0
228	34 471 108 258	1	-1	0
229	364 413 479 258	4	1	0
230	265 658 128 543	2	-1	0
231	6 702 478 541	1	-1	0
232	280 792 212 326	4	2	0
233	1 503 222 311	1	-1	0
234	449 524 519 408	3	4	0
235	18 168 589 463	1	-1	0
236	426 71 760 592	2	-1	0
237	580 335 373 550	4	5	0
238	203 605 194 508	4	4	0
239	488 334 426 132	4	1	0
240	57 794 229 41	3	3	0
241	583 436 763 323	2	-1	0
242	16 214 778 122	1	-1	0
243	14 281 266 488	1	-1	0
244	352 187 670 717	3	3	0
245	167 703 645 101	4	3	0
246	291 574 701 464	2	-1	0
247	495 110 485 135	4	4	0
248	36 326 513 187	1	-1	0
249	28 456 228 355	1	-1	0
250	333 741 131 415	4	2	0
251	656 696 144 343	2	-1	0
252	595 724 427 272	4	2	0
253	13 254 616 694	1	-1	0
254	15 247 455 518	1	-1	0
255	288 419 682 763	2	-1	0
256	167 216 217 747	3	5	0
257	331 790 471 786	3	2	0
258	696 263 586 130	3	2	0
259	6 686 96 339	1	-1	0
260	34 749 716 258	1	-1	0
261	108 637 91 665	4	3	0
262	583 61 245 472	4	5	0
263	5 236 432 743	1	-1	0
264	23 430 48 664	1	-1	0
265	373 510 541 641	2	-1	0
266	790 219 799 573	3	4	0
267	22 389 460 760	1	-1	0
268	670 196 656 488	4	3	0
269	784 215 726 204	3	2	0
270	158 800 779 781	3	1	0
271	652 468 67 720	2	-1	0
272	474 792 239 215	2	-1	0
273	155 798 64 390	3	2	0
274	69 525 764 753	2	-1	0
275	684 266 276 299	3	2	0
276	572 694 207 208	3	3	0
277	454 647 463 378	3	3	0
278	373 194 88 92	2	-1	0
279	471 86 749 222	4	5	0
280	22 463 156 775	1	-1	0
281	281 104 743 106	3	4	0
282	2 533 222 674	1	-1	0
283	164 395 182 564	4	5	0
284	475 285 57 63	4	3	0
285	519 125 130 354	4	4	0
286	732 624 229 730	3	4	1
287	238 125 364 198	3	4	0
288	120 617 355 551	2	-1	0
289	23 679 757 750	1	-1	0
290	410 576 589 509	2	-1	0
291	285 609 570 244	3	4	0
292	716 625 770 800	3	3	0
293	19 477 459 525	1	-1	0
294	326 288 484 727	2	-1	0
295	361 112 397 302	2	-1	0
296	257 781 756 207	4	3	0
297	3 325 146 458	1	-1	0
298	280 310 223 217	4	1	0
299	273 410 139 417	4	4	0
300	326 558 787 510	2	-1	0
301	450 107 262 487	2	-1	0
302	275 473 493 477	4	5	0
303	249 207 110 300	3	1	0
304	703 332 538 560	4	2	0
305	241 72 58 201	2	-1	0
306	217 373 662 779	2	-1	0
307	546 708 413 331	4	5	0
308	373 76 571 411	4	1	0
309	562 529 533 690	4	2	0
310	379 469 775 524	3	5	0
311	8 134 615 350	1	-1	0
312	550 546 566 702	2	-1	0
313	256 234 498 661	3	1	0
314	406 478 170 635	3	3	0
315	621 646 500 422	2	-1	0
316	31 484 412 388	1	-1	0
317	32 792 259 271	1	-1	0
318	196 504 125 744	3	2	0
319	45 530 785 50	4	4	0
320	16 194 73 128	1	-1	0
321	438 632 129 60	2	-1	0
322	25 734 556 509	1	-1	0
323	240 547 137 266	4	4	0
324	657 517 117 283	4	5	0
325	760 416 109 55	3	4	0
326	69 784 216 647	2	-1	0
327	15 129 346 232	1	-1	0
328	706 138 96 491	3	4	0
329	21 155 294 431	1	-1	0
330	301 800 662 198	3	2	0
331	258 278 511 316	3	5	0
332	274 358 318 332	2	-1	0
333	142 764 743 557	4	4	0
334	257 84 298 634	3	4	0
335	117 241 225 639	2	-1	0
336	55 342 422 749	2	-1	0
337	16 107 746 269	1	-1	0
338	506 147 745 786	3	4	0
339	22 628 377 213	1	-1	0
340	146 456 432 445	4	4	0
341	766 780 111 234	4	2	0
342	29 307 424 565	1	-1	0
343	485 667 134 620	3	3	0
344	270 204 191 358	2	-1	0
345	40 729 429 253	1	-1	0
346	243 310 218 254	4	3	0
347	32 493 319 576	1	-1	0
348	779 183 380 674	3	2	0
349	128 140 509 492	2	-1	0
350	103 137 251 192	2	-1	0
351	234 689 630 195	4	1	0
352	130 245 656 57	4	2	0
353	575 710 463 513	4	2	0
354	310 104 201 46	4	2	0
355	477 720 268 137	2	-1	0
356	458 515 473 671	3	3	0
357	103 650 179 416	4	2	0
358	222 307 485 743	3	2	0
359	317 110 390 427	2	-1	0
360	102 163 52 177	3	4	0
361	33 593 508 85	1	-1	0
362	599 748 215 181	2	-1	0
363	615 647 206 296	4	4	0
364	717 208 447 107	4	1	0
365	627 179 633 202	3	1	0
366	353 790 379 501	2	-1	0
367	407 219 763 392	2	-1	0
368	175 609 549 392	3	3	0
369	599 636 325 704	2	-1	0
370	641 89 695 210	2	-1	0
371	442 586 625 393	3	3	0
372	15 105 752 634	1	-1	0
373	611 238 425 574	2	-1	0
374	492 167 535 611	4	1	0
375	68 530 210 739	3	3	0
376	40 514 457 337	1	-1	0
377	339 73 269 597	4	4	0
378	37 188 374 434	1	-1	0
379	16 381 171 486	1	-1	0
380	625 154 232 138	4	1	0
381	29 765 685 260	1	-1	0
382	29 769 402 791	1	-1	0
383	629 739 211 704	2	-1	0
384	23 538 287 187	1	-1	0
385	743 502 260 452	2	-1	0
386	25 449 431 754	1	-1	1
387	87 464 760 731	4	2	0
388	427 423 366 195	3	2	0
389	688 115 765 88	2	-1	0
390	583 472 464 64	4	5	0
391	148 421 660 484	3	1	0
392	630 71 434 271	3	2	0
393	721 770 776 501	2	-1	0
394	4 355 335 275	1	-1	0
395	607 96 190 505	2	-1	0
396	222 797 727 597	3	5	0
397	407 154 671 181	4	3	0
398	316 226 737 443	2	-1	0
399	40 641 691 48	1	-1	0
400	129 405 621 653	2	-1	0
401	462 642 728 379	3	4	0
402	2 403 419 603	1	-1	0
403	153 182 467 536	4	5	0
404	737 779 447 568	2	-1	1
405	772 337 391 55	4	2	0
406	24 751 83 170	1	-1	0
407	6 215 424 276	1	-1	0
408	92 585 497 651	2	-1	0
409	8 667 165 217	1	-1	0
410	350 372 715 275	2	-1	0
411	285 46 101 670	4	2	0
412	15 582 285 95	1	-1	0
413	299 134 348 637	4	4	0
414	20 413 501 359	1	-1	0
415	759 610 476 757	4	1	0
416	126 149 176 101	3	5	0
417	448 681 747 280	2	-1	0
418	255 695 374 593	3	2	0
419	783 790 213 515	3	5	0
420	547 399 593 59	2	-1	0
421	595 532 489 603	2	-1	0
422	152 604 696 684	3	1	0
423	15 85 327 707	1	-1	0
424	768 105 46 243	2	-1	0
425	24 539 324 46	1	-1	0
426	20 700 56 323	1	-1	0
427	496 719 224 48	4	4	0
428	123 223 197 568	3	3	0
429	396 115 766 712	4	3	0
430	798 738 635 41	2	-1	0
431	277 437 597 582	2	-1	0
432	17 397 388 346	1	-1	0
433	11 686 426 343	1	-1	0
434	169 468 187 272	2	-1	0
435	536 168 322 526	2	-1	0
436	729 722 297 705	2	-1	0
437	138 115 141 660	3	3	0
438	459 693 274 247	3	4	0
439	3 334 614 486	1	-1	0
440	458 375 784 288	2	-1	0
441	25 265 189 512	1	-1	0
442	378 459 187 427	4	4	0
443	763 381 639 207	4	4	0
444	509 151 680 387	4	2	0
445	736 348 88 512	3	1	0
446	28 190 55 95	1	-1	0
447	18 740 248 481	1	-1	0
448	595 661 49 239	3	5	0
449	311 481 676 353	3	1	0
450	644 298 142 424	3	2	0
451	476 684 765 235	2	-1	0
452	39 605 134 374	1	-1	0
453	627 575 292 162	2	-1	0
454	357 115 789 118	4	4	0
455	751 577 290 248	4	2	0
456	225 392 171 402	4	5	0
457	737 740 423 528	3	5	0
458	35 644 582 165	1	-1	0
459	28 515 741 430	1	-1	0
460	298 399 380 768	3	4	0
461	21 690 255 713	1	-1	0
462	708 449 681 318	2	-1	0
463	771 532 575 625	4	2	0
464	104 426 531 691	4	2	0
465	218 108 228 344	2	-1	0
466	181 787 146 763	3	4	0
467	249 600 271 264	3	2	0
468	374 780 328 701	4	1	0
469	478 384 731 507	2	-1	0
470	557 637 624 677	2	-1	0
471	630 240 356 326	2	-1	0
472	569 261 689 759	3	1	0
473	741 418 432 187	4	4	0
474	16 349 59 784	1	-1	0
475	435 251 265 614	4	3	0
476	285 550 718 695	2	-1	0
477	340 453 111 355	2	-1	0
478	111 164 221 337	3	2	0
479	419 100 43 372	2	-1	0
480	793 270 222 53	3	3	0
481	382 162 612 572	4	2	0
482	402 610 385 739	2	-1	0
483	13 596 253 137	1	-1	0
484	348 472 254 698	2	-1	0
485	8 553 271 270	1	-1	0
486	32 88 216 63	1	-1	0
487	449 329 708 576	2	-1	0
488	638 341 172 430	3	2	0
489	604 85 301 527	2	-1	0
490	374 362 720 68	3	2	0
491	712 52 416 544	2	-1	0
492	718 399 197 573	2	-1	0
493	553 455 41 46	3	3	0
494	560 609 411 94	4	3	0
495	83 190 314 534	4	5	0
496	459 156 417 499	2	-1	0
497	18 307 457 242	1	-1	0
498	624 679 453 370	3	1	0
499	49 108 559 686	2	-1	0
500	10 575 602 536	1	-1	0
