Students	500
1	717 49 721 403	4	3	0
2	334 776 217 117	4	2	0
3	746 449 582 215	4	4	0
4	314 66 529 431	4	4	0
5	487 650 449 102	3	4	0
6	13 457 379 515	1	-1	0
7	339 598 617 476	4	4	0
8	506 435 274 452	4	5	0
9	122 280 458 781	4	5	0
10	633 325 409 757	3	2	0
11	23 260 314 137	1	-1	0
12	576 374 128 651	2	-1	0
13	29 469 537 224	1	-1	0
14	732 516 764 640	3	5	0
15	550 728 717 608	4	5	0
16	657 637 106 60	2	-1	0
17	770 731 577 709	4	3	0
18	35 357 295 603	1	-1	0
19	10 228 99 484	1	-1	0
20	700 720 766 105	3	1	0
21	622 541 177 567	4	5	0
22	15 58 329 279	1	-1	0
23	154 393 273 305	3	5	0
24	389 56 549 682	3	5	0
25	545 70 436 797	4	3	0
26	534 199 382 407	4	4	0
27	22 500 637 198	1	-1	0
28	499 788 145 314	2	-1	0
29	546 613 391 101	3	1	0
30	47 239 133 63	2	-1	0
31	616 489 187 321	3	1	0
32	39 612 570 319	1	-1	0
33	1 654 601 171	1	-1	0
34	607 384 322 535	4	4	0
35	590 323 249 299	2	-1	0
36	2 279 426 685	1	-1	0
37	375 203 384 423	3	3	0
38	36 302 210 672	1	-1	0
39	95 337 407 757	4	5	0
40	100 427 536 132	4	3	0
41	42 260 284 103	3	3	0
42	532 540 782 496	2	-1	0
43	718 581 101 361	2	-1	0
44	336 132 269 75	4	4	0
45	689 400 247 310	2	-1	0
46	619 184 138 428	3	3	0
47	574 729 542 335	4	1	0
48	156 206 653 645	4	2	0
49	489 506 708 759	2	-1	0
50	224 257 740 601	3	4	0
51	453 592 621 385	2	-1	0
52	168 65 94 586	2	-1	0
53	445 556 490 727	2	-1	0
54	499 616 403 706	3	2	0
55	698 545 228 465	2	-1	0
56	2 97 415 329	1	-1	0
57	165 182 602 743	4	3	0
58	489 435 478 92	4	1	0
59	739 341 219 639	4	3	0
60	39 702 768 413	1	-1	0
61	492 472 703 433	4	4	0
62	565 483 676 739	2	-1	0
63	309 451 764 772	3	4	0
64	553 491 62 584	2	-1	0
65	36 308 560 188	1	-1	0
66	632 352 76 676	4	4	0
67	27 52 753 204	1	-1	0
68	8 233 462 563	1	-1	0
69	529 396 573 208	3	2	0
70	98 77 610 61	4	3	0
71	710 136 779 183	2	-1	0
72	47 376 292 381	2	-1	0
73	587 708 754 45	3	4	0
74	194 376 748 432	2	-1	0
75	665 434 308 415	4	5	0
76	364 162 478 575	3	2	0
77	557 60 338 415	4	5	0
78	154 247 109 146	2	-1	0
79	350 334 560 357	3	3	0
80	22 384 241 468	1	-1	0
81	8 736 674 105	1	-1	0
82	387 65 71 699	3	5	0
83	692 343 798 392	4	4	0
84	330 553 454 489	3	3	0
85	16 219 153 67	1	-1	0
86	427 475 581 368	3	3	0
87	35 755 192 114	1	-1	0
88	17 643 248 629	1	-1	1
89	10 565 710 236	1	-1	0
90	227 709 172 256	4	3	0
91	21 74 540 655	1	-1	0
92	553 694 439 765	2	-1	0
93	12 72 190 560	1	-1	0
94	489 223 221 267	2	-1	0
95	508 533 573 575	4	1	0
96	17 353 572 115	1	-1	0
97	305 771 119 605	3	5	0
98	96 773 73 387	2	-1	0
99	15 235 758 795	1	-1	0
100	391 760 154 256	4	2	0
101	635 348 333 391	3	4	0
102	254 754 171 403	3	4	0
103	796 298 480 265	3	1	0
104	587 575 50 332	3	5	0
105	20 428 253 176	1	-1	0
106	32 209 397 761	1	-1	0
107	548 708 156 201	3	2	0
108	92 292 348 524	4	4	0
109	517 218 68 579	3	3	0
110	208 222 307 318	2	-1	0
111	408 149 790 209	4	5	0
112	494 570 517 547	4	3	0
113	578 260 610 307	2	-1	0
114	211 46 99 91	3	2	0
115	786 486 520 792	4	2	0
116	160 61 348 93	4	2	0
117	591 462 441 470	4	5	0
118	527 234 220 421	4	3	0
119	584 719 106 159	4	1	1
120	31 243 233 432	1	-1	0
121	105 611 486 690	4	4	0
122	39 544 707 291	1	-1	0
123	615 743 55 132	2	-1	0
124	43 283 635 536	2	-1	0
125	223 781 542 543	4	4	0
126	654 91 317 313	4	3	0
127	21 508 140 606	1	-1	0
128	549 77 462 372	4	2	0
129	122 46 603 593	2	-1	0
130	471 354 161 568	4	4	0
131	706 112 459 660	4	3	0
132	82 645 246 189	4	2	0
133	19 307 179 411	1	-1	0
134	424 165 654 548	2	-1	0
135	85 723 271 330	4	2	0
136	28 156 65 502	1	-1	0
137	700 451 619 294	4	2	0
138	492 775 176 129	4	2	0
139	319 769 469 614	2	-1	0
140	56 257 219 561	4	2	0
141	290 402 542 306	4	2	0
142	506 304 313 352	4	2	0
143	324 739 461 95	3	1	0
144	77 206 584 650	4	5	0
145	422 292 221 324	3	5	0
146	9 432 772 340	1	-1	0
147	384 456 673 163	3	4	0
148	13 667 211 268	1	-1	0
149	764 652 755 725	3	2	0
150	506 373 405 50	3	1	0
151	29 168 631 308	1	-1	0
152	10 216 211 349	1	-1	0
153	788 612 704 717	2	-1	1
154	399 686 155 158	3	2	0
155	446 597 479 151	4	5	0
156	499 202 712 626	3	5	0
157	154 557 223 321	2	-1	0
158	423 479 106 41	4	4	0
159	234 174 571 212	3	2	0
160	40 566 246 415	1	-1	0
161	795 497 481 443	2	-1	0
162	238 199 155 144	2	-1	0
163	566 555 511 282	4	2	0
164	733 425 780 601	3	5	0
165	632 695 653 648	3	3	0
166	542 652 250 321	3	1	0
167	548 668 726 452	4	1	0
168	27 198 738 307	1	-1	0
169	110 659 232 197	4	3	0
170	21 273 301 484	1	-1	0
171	737 685 548 741	2	-1	0
172	598 62 152 272	2	-1	0
173	14 248 56 142	1	-1	0
174	506 210 534 195	2	-1	0
175	159 575 591 119	2	-1	0
176	476 495 324 401	2	-1	0
177	173 190 728 287	2	-1	0
178	191 778 133 561	3	5	0
179	47 148 401 642	4	1	0
180	38 46 203 436	1	-1	0
181	38 281 192 552	1	-1	0
182	720 203 363 606	4	2	0
183	271 499 583 374	2	-1	1
184	418 331 384 582	2	-1	0
185	626 226 286 235	4	5	0
186	225 662 92 535	3	5	0
187	140 541 679 654	4	3	0
188	172 295 479 396	2	-1	0
189	234 139 391 659	4	4	0
190	375 137 168 245	3	3	0
191	356 662 582 295	3	1	0
192	687 754 764 703	2	-1	0
193	758 741 752 287	4	2	0
194	295 312 61 677	4	3	0
195	665 432 260 761	2	-1	0
196	307 464 682 725	4	3	0
197	95 732 510 250	3	5	0
198	54 761 420 351	2	-1	0
199	405 97 556 337	2	-1	0
200	410 196 99 689	4	5	0
201	434 431 192 346	3	4	0
202	408 113 422 427	2	-1	0
203	781 557 378 392	2	-1	0
204	723 209 150 745	4	4	0
205	18 244 529 754	1	-1	0
206	35 582 97 123	1	-1	0
207	10 744 482 380	1	-1	0
208	639 120 614 479	3	5	0
209	188 631 521 296	4	4	0
210	507 615 726 569	4	5	0
211	527 465 648 90	2	-1	0
212	436 278 155 623	4	1	0
213	108 635 127 165	4	1	0
214	8 433 792 406	1	-1	0
215	587 303 584 98	2	-1	0
216	780 149 63 717	2	-1	0
217	114 759 613 727	4	2	0
218	375 159 355 126	4	4	0
219	5 644 778 214	1	-1	0
220	339 605 338 594	2	-1	0
221	788 484 563 708	3	5	0
222	27 202 535 89	1	-1	0
223	773 50 169 370	3	3	0
224	390 245 433 760	3	2	0
225	280 182 101 672	3	5	0
226	295 677 705 355	2	-1	0
227	409 654 130 167	2	-1	0
228	566 264 141 598	3	3	0
229	162 603 414 246	4	4	0
230	37 365 782 469	1	-1	0
231	351 106 398 795	3	5	1
232	206 218 47 530	3	1	0
233	35 710 431 361	1	-1	0
234	691 276 713 442	3	5	0
235	239 369 383 606	2	-1	0
236	794 446 74 579	4	5	0
237	324 463 778 98	2	-1	0
238	703 580 353 58	3	5	0
239	274 329 113 409	2	-1	0
240	487 152 154 217	3	2	0
241	321 239 124 262	3	5	0
242	271 59 742 142	4	4	0
243	231 566 615 460	2	-1	0
244	597 576 775 653	3	5	0
245	177 745 173 752	3	4	0
246	275 213 576 728	3	3	0
247	63 260 278 207	2	-1	0
248	3 292 376 591	1	-1	0
249	657 313 337 64	2	-1	0
250	36 373 305 205	1	-1	0
251	455 99 45 605	3	5	0
252	488 382 322 231	3	5	0
253	15 570 782 552	1	-1	0
254	206 688 532 264	3	1	0
255	13 691 726 200	1	-1	0
256	654 749 496 411	2	-1	0
257	19 435 65 59	1	-1	0
258	623 304 294 530	3	3	0
259	188 642 100 699	4	1	0
260	30 54 550 630	1	-1	0
261	84 315 648 746	3	4	0
262	563 311 375 136	2	-1	0
263	619 336 366 355	4	2	0
264	191 749 389 284	2	-1	0
265	556 521 84 49	3	3	0
266	22 549 799 770	1	-1	0
267	30 244 411 333	1	-1	0
268	380 85 122 180	3	2	0
269	746 515 695 525	4	5	0
270	104 179 725 270	4	3	0
271	469 722 460 787	2	-1	0
272	609 706 444 306	2	-1	0
273	399 413 259 444	2	-1	0
274	13 551 160 231	1	-1	0
275	370 658 91 747	2	-1	0
276	610 572 730 732	2	-1	0
277	759 72 279 548	3	2	0
278	401 480 95 294	3	2	0
279	568 546 86 234	2	-1	0
280	579 539 89 86	2	-1	0
281	28 431 469 502	1	-1	0
282	580 526 267 417	4	4	0
283	741 450 510 89	2	-1	0
284	33 512 604 713	1	-1	0
285	24 283 456 705	1	-1	0
286	13 316 483 51	1	-1	0
287	745 590 641 352	2	-1	0
288	39 598 595 130	1	-1	0
289	161 586 571 627	4	1	0
290	502 702 446 96	3	4	0
291	84 425 112 684	3	2	0
292	210 154 96 748	4	1	0
293	645 486 794 667	3	3	0
294	450 765 651 171	2	-1	0
295	104 352 624 446	4	1	0
296	30 96 391 787	1	-1	0
297	653 88 551 167	3	3	0
298	517 732 155 99	3	3	0
299	574 102 326 83	2	-1	0
300	5 439 593 173	1	-1	0
301	587 616 295 536	4	5	0
302	37 199 217 459	1	-1	0
303	600 510 203 340	3	2	0
304	313 795 319 116	2	-1	0
305	220 544 413 263	2	-1	0
306	12 389 730 368	1	-1	0
307	228 529 445 179	3	4	0
308	524 330 785 79	2	-1	0
309	1 184 370 202	1	-1	0
310	572 362 666 318	3	2	0
311	139 794 679 161	4	3	0
312	183 567 611 727	2	-1	0
313	185 553 754 501	4	1	0
314	653 753 712 567	3	5	0
315	27 260 286 565	1	-1	0
316	44 113 391 153	2	-1	0
317	211 102 746 530	3	3	0
318	228 453 156 675	2	-1	0
319	250 68 278 491	3	3	0
320	64 595 321 798	2	-1	0
321	35 74 650 489	1	-1	0
322	574 264 717 321	3	3	0
323	125 437 105 329	2	-1	0
324	618 250 42 550	3	1	0
325	34 780 527 666	1	-1	0
326	357 456 241 737	3	3	0
327	109 698 492 463	3	1	0
328	519 498 254 686	4	3	0
329	569 725 398 686	2	-1	0
330	77 745 788 687	4	2	0
331	455 332 261 738	3	5	0
332	547 769 112 618	2	-1	0
333	331 719 588 176	2	-1	0
334	481 54 223 360	4	2	0
335	356 125 221 536	4	5	0
336	694 174 584 73	3	3	0
337	9 400 71 209	1	-1	0
338	710 423 328 236	4	1	0
339	419 408 635 306	2	-1	0
340	98 443 794 468	4	5	0
341	706 566 565 155	2	-1	0
342	411 375 690 126	3	4	0
343	36 333 563 540	1	-1	0
344	14 567 494 379	1	-1	0
345	476 123 311 248	2	-1	0
346	60 671 430 89	4	5	0
347	593 680 42 604	3	1	0
348	401 143 50 305	2	-1	0
349	198 298 665 385	3	2	0
350	377 193 272 430	2	-1	0
351	100 683 345 224	3	3	0
352	18 711 284 502	1	-1	0
353	763 304 361 741	3	4	0
354	294 527 514 718	4	2	0
355	3 597 79 669	1	-1	0
356	20 112 499 589	1	-1	0
357	500 378 174 274	4	1	0
358	561 198 686 354	3	5	0
359	363 462 238 380	2	-1	0
360	71 725 677 423	4	3	0
361	435 244 478 541	4	1	0
362	145 345 441 203	3	2	0
363	239 182 654 361	3	5	0
364	511 131 660 568	4	5	0
365	42 589 425 725	2	-1	0
366	709 498 323 467	2	-1	0
367	572 325 208 369	2	-1	0
368	125 493 557 413	2	-1	0
369	19 525 735 111	1	-1	0
370	765 487 576 175	3	1	0
371	502 186 109 626	3	3	0
372	27 770 754 295	1	-1	0
373	776 181 688 287	2	-1	0
374	512 471 46 678	2	-1	0
375	137 697 140 390	3	1	0
376	301 477 705 245	2	-1	0
377	658 585 188 294	2	-1	0
378	258 751 151 375	2	-1	0
379	53 471 131 216	4	5	0
380	563 380 554 218	4	2	0
381	518 664 157 457	2	-1	0
382	303 462 638 133	4	3	0
383	190 454 273 716	2	-1	0
384	678 405 784 111	4	5	0
385	165 77 673 83	4	1	0
386	503 538 51 604	3	5	0
387	207 326 83 675	3	2	0
388	541 754 348 90	3	2	0
389	576 505 126 794	2	-1	0
390	113 728 173 454	4	4	0
391	123 587 307 795	4	2	0
392	777 402 418 384	3	3	0
393	6 650 579 691	1	-1	0
394	150 290 77 87	3	3	0
395	247 75 459 474	4	4	0
396	9 310 678 173	1	-1	0
397	70 159 780 149	3	4	0
398	39 560 638 791	1	-1	0
399	4 582 344 578	1	-1	0
400	34 310 132 207	1	-1	0
401	633 241 577 108	2	-1	0
402	235 799 403 298	3	5	0
403	10 222 697 346	1	-1	0
404	158 480 485 41	2	-1	0
405	16 623 380 595	1	-1	0
406	231 306 470 419	2	-1	0
407	303 712 466 339	4	5	0
408	185 419 398 472	3	4	0
409	19 184 519 777	1	-1	0
410	256 673 118 268	3	4	0
411	377 469 565 575	2	-1	0
412	175 724 460 582	3	1	0
413	16 302 615 104	1	-1	0
414	34 706 130 707	1	-1	0
415	651 68 225 405	4	5	0
416	401 568 227 800	3	2	0
417	36 626 93 405	1	-1	0
418	37 121 99 158	1	-1	0
419	254 75 210 84	4	2	0
420	692 755 355 119	4	4	0
421	154 127 129 133	4	3	0
422	128 66 509 290	4	1	0
423	383 108 583 740	4	2	0
424	558 592 469 178	2	-1	0
425	645 104 256 614	2	-1	0
426	133 409 81 517	3	2	0
427	676 800 320 263	2	-1	0
428	361 160 789 740	2	-1	0
429	23 272 298 439	1	-1	0
430	213 460 655 624	4	3	0
431	728 312 793 748	4	1	0
432	101 348 431 311	4	2	0
433	30 41 321 460	1	-1	0
434	78 153 254 342	3	3	0
435	342 417 63 629	4	3	0
436	673 69 611 701	2	-1	0
437	13 345 468 382	1	-1	0
438	476 149 524 51	4	2	0
439	753 621 339 228	4	5	0
440	96 165 379 593	4	5	0
441	604 739 486 251	4	3	0
442	581 716 284 47	4	4	0
443	438 80 95 278	2	-1	1
444	775 573 638 86	3	4	0
445	354 784 764 126	3	1	0
446	151 790 291 418	2	-1	0
447	471 108 99 311	2	-1	0
448	6 51 681 487	1	-1	0
449	371 574 186 612	2	-1	0
450	205 254 659 335	2	-1	0
451	796 684 125 255	2	-1	0
452	540 135 335 344	3	4	0
453	12 157 603 604	1	-1	0
454	413 791 158 520	4	4	0
455	291 59 539 506	4	5	0
456	14 580 103 566	1	-1	0
457	578 584 348 156	4	2	0
458	717 793 560 150	4	5	0
459	23 291 532 246	1	-1	0
460	436 621 79 229	2	-1	0
461	443 56 565 646	2	-1	0
462	23 151 295 559	1	-1	0
463	13 557 272 632	1	-1	0
464	93 772 728 470	3	2	0
465	693 106 473 346	4	2	0
466	27 172 455 727	1	-1	0
467	273 159 133 438	2	-1	0
468	437 47 722 469	2	-1	0
469	764 537 146 414	2	-1	0
470	482 504 432 749	3	4	0
471	107 112 96 487	2	-1	0
472	670 165 116 522	4	3	0
473	41 63 310 230	3	1	0
474	695 199 84 653	4	5	0
475	135 679 213 120	2	-1	0
476	708 152 614 426	2	-1	0
477	623 102 42 531	2	-1	0
478	139 82 540 372	4	5	0
479	14 544 416 569	1	-1	0
480	32 269 53 221	1	-1	0
481	12 539 493 123	1	-1	0
482	420 492 182 454	4	2	0
483	652 417 52 674	3	4	0
484	374 527 717 92	2	-1	0
485	383 80 772 457	2	-1	0
486	348 536 560 111	3	5	0
487	26 475 644 125	1	-1	0
488	560 624 51 387	4	1	0
489	620 508 309 424	2	-1	0
490	502 87 738 768	2	-1	0
491	640 109 446 358	2	-1	0
492	87 573 747 125	3	4	0
493	507 534 488 661	3	4	0
494	655 372 223 245	3	1	0
495	610 241 418 710	3	5	0
496	765 94 655 715	3	1	0
497	351 797 159 433	4	4	0
498	497 383 148 626	2	-1	0
499	136 650 773 762	4	5	0
500	633 740 164 73	3	4	0
