Class Times	10
Rooms	25
1	132
2	142
3	369
4	956
5	750
6	579
7	808
8	19
9	373
10	565
11	380
12	523
13	250
14	28
15	703
16	351
17	487
18	857
19	293
20	344
21	880
22	940
23	267
24	542
25	133
Classes	250
Teachers	125
1	29
2	80
3	56
4	4
5	52
6	21
7	40
8	66
9	30
10	65
11	106
12	57
13	111
14	64
15	6
16	25
17	42
18	119
19	59
20	103
21	74
22	10
23	27
24	7
25	98
26	12
27	65
28	91
29	120
30	123
31	123
32	110
33	105
34	43
35	25
36	30
37	100
38	84
39	54
40	3
41	58
42	56
43	37
44	13
45	69
46	13
47	93
48	74
49	89
50	93
51	81
52	57
53	96
54	103
55	89
56	73
57	48
58	113
59	45
60	58
61	115
62	5
63	102
64	106
65	50
66	32
67	51
68	12
69	76
70	83
71	55
72	51
73	1
74	101
75	95
76	20
77	91
78	52
79	108
80	21
81	87
82	115
83	110
84	82
85	84
86	40
87	59
88	81
89	49
90	101
91	80
92	87
93	92
94	121
95	35
96	14
97	26
98	117
99	46
100	33
101	62
102	124
103	50
104	95
105	88
106	49
107	24
108	125
109	6
110	99
111	88
112	94
113	79
114	18
115	124
116	26
117	119
118	48
119	47
120	1
121	20
122	17
123	92
124	98
125	46
126	72
127	63
128	2
129	109
130	116
131	29
132	23
133	78
134	18
135	83
136	17
137	7
138	107
139	32
140	86
141	44
142	45
143	94
144	117
145	113
146	9
147	11
148	97
149	108
150	69
151	8
152	11
153	79
154	114
155	19
156	10
157	4
158	85
159	120
160	67
161	105
162	116
163	31
164	76
165	114
166	96
167	111
168	44
169	62
170	54
171	22
172	107
173	31
174	47
175	36
176	34
177	112
178	55
179	72
180	68
181	90
182	23
183	38
184	122
185	118
186	8
187	97
188	33
189	28
190	38
191	82
192	121
193	66
194	122
195	9
196	16
197	78
198	85
199	34
200	14
201	43
202	100
203	68
204	61
205	77
206	86
207	64
208	28
209	22
210	67
211	15
212	60
213	2
214	3
215	112
216	70
217	75
218	35
219	90
220	61
221	42
222	15
223	99
224	37
225	63
226	53
227	75
228	104
229	73
230	53
231	104
232	36
233	77
234	118
235	60
236	71
237	41
238	70
239	24
240	27
241	5
242	41
243	102
244	125
245	16
246	19
247	39
248	39
249	109
250	71
