Class Times	10
Rooms	25
1	799
2	361
3	239
4	435
5	484
6	135
7	534
8	992
9	294
10	88
11	734
12	30
13	809
14	39
15	208
16	287
17	301
18	719
19	300
20	669
21	196
22	407
23	819
24	388
25	273
Classes	250
Teachers	125
1	107
2	12
3	46
4	66
5	94
6	87
7	16
8	1
9	49
10	58
11	68
12	123
13	91
14	71
15	85
16	2
17	47
18	1
19	95
20	124
21	20
22	69
23	24
24	116
25	113
26	59
27	55
28	64
29	112
30	34
31	11
32	21
33	17
34	6
35	113
36	75
37	15
38	56
39	27
40	108
41	4
42	79
43	123
44	91
45	29
46	63
47	79
48	77
49	81
50	89
51	53
52	22
53	32
54	39
55	105
56	55
57	108
58	90
59	75
60	94
61	72
62	88
63	29
64	62
65	40
66	119
67	64
68	100
69	62
70	63
71	34
72	117
73	100
74	122
75	59
76	52
77	19
78	2
79	106
80	54
81	14
82	68
83	106
84	48
85	70
86	110
87	27
88	89
89	119
90	111
91	90
92	10
93	31
94	76
95	72
96	114
97	11
98	5
99	125
100	19
101	92
102	31
103	121
104	70
105	49
106	67
107	30
108	114
109	115
110	77
111	43
112	5
113	42
114	46
115	41
116	26
117	23
118	101
119	66
120	76
121	74
122	80
123	20
124	117
125	37
126	30
127	116
128	95
129	78
130	67
131	44
132	110
133	85
134	7
135	51
136	6
137	33
138	118
139	41
140	83
141	99
142	23
143	121
144	24
145	17
146	104
147	3
148	40
149	81
150	13
151	105
152	57
153	14
154	71
155	58
156	35
157	28
158	7
159	92
160	36
161	57
162	45
163	60
164	115
165	45
166	37
167	47
168	33
169	83
170	87
171	44
172	111
173	21
174	48
175	96
176	104
177	112
178	43
179	15
180	103
181	86
182	109
183	3
184	96
185	118
186	51
187	109
188	122
189	50
190	16
191	8
192	86
193	53
194	82
195	42
196	4
197	38
198	39
199	69
200	82
201	120
202	120
203	102
204	10
205	35
206	125
207	73
208	56
209	93
210	102
211	60
212	38
213	88
214	80
215	98
216	52
217	65
218	12
219	26
220	65
221	78
222	13
223	28
224	22
225	50
226	107
227	101
228	93
229	103
230	18
231	25
232	9
233	84
234	84
235	73
236	32
237	25
238	54
239	36
240	9
241	124
242	97
243	99
244	74
245	18
246	98
247	61
248	8
249	61
250	97
