Students	5000
1	202 41 247 55
2	237 186 228 158
3	38 246 215 190
4	35 76 37 142
5	135 85 168 235
6	5 122 208 125
7	74 132 75 78
8	137 249 115 197
9	92 28 218 89
10	238 33 92 10
11	104 249 119 85
12	69 163 127 206
13	36 180 203 10
14	186 177 223 36
15	123 241 77 75
16	95 249 38 98
17	175 156 60 235
18	119 96 51 200
19	190 209 232 5
20	176 102 227 93
21	192 244 73 205
22	160 136 52 78
23	192 28 156 67
24	4 153 34 174
25	59 68 178 139
26	154 93 219 32
27	244 142 242 5
28	224 79 209 129
29	72 148 189 45
30	123 141 184 238
31	151 96 138 205
32	138 248 110 243
33	46 233 39 202
34	121 21 93 5
35	156 110 212 16
36	4 95 57 19
37	185 134 202 182
38	159 29 184 203
39	15 45 1 26
40	129 113 69 138
41	195 64 50 95
42	141 135 57 130
43	240 198 169 130
44	232 222 250 159
45	29 67 185 244
46	106 173 210 8
47	203 164 47 232
48	134 67 184 50
49	198 202 91 246
50	93 47 204 74
51	43 62 142 38
52	163 150 242 170
53	177 157 58 183
54	52 4 160 71
55	198 248 85 180
56	170 210 10 165
57	199 98 90 206
58	235 75 78 239
59	139 180 14 228
60	188 132 145 34
61	106 54 101 50
62	115 85 51 227
63	243 187 242 211
64	5 179 223 198
65	167 11 20 241
66	157 214 233 161
67	10 182 80 91
68	43 202 9 197
69	153 157 205 76
70	95 137 25 148
71	191 190 40 177
72	216 242 111 228
73	217 50 179 104
74	209 101 148 121
75	167 39 2 58
76	48 28 227 47
77	216 172 157 105
78	96 13 142 17
79	96 57 50 117
80	85 184 240 137
81	138 215 91 114
82	79 206 2 80
83	207 18 178 213
84	223 249 137 135
85	16 236 150 173
86	9 61 232 104
87	96 30 200 119
88	95 124 222 10
89	227 16 88 187
90	162 109 148 218
91	127 48 67 55
92	17 210 185 177
93	201 138 193 80
94	101 145 211 202
95	138 134 139 32
96	66 166 123 151
97	189 238 33 39
98	55 94 45 154
99	192 152 194 184
100	66 144 118 20
101	238 4 152 127
102	25 174 165 147
103	93 123 116 69
104	234 218 204 5
105	118 92 182 122
106	84 213 23 36
107	157 62 248 149
108	234 12 100 197
109	222 172 137 238
110	219 46 41 152
111	96 171 212 51
112	9 104 159 111
113	76 121 232 199
114	67 208 104 202
115	129 62 80 220
116	38 86 41 13
117	116 215 132 209
118	242 229 56 223
119	48 22 56 167
120	234 243 184 43
121	229 225 75 166
122	8 136 49 24
123	239 109 180 56
124	29 111 193 227
125	89 121 158 16
126	103 78 158 104
127	248 229 98 211
128	221 224 120 1
129	168 174 128 1
130	95 55 250 21
131	97 21 158 11
132	210 111 228 81
133	41 56 54 210
134	49 132 99 39
135	104 53 156 184
136	173 23 213 7
137	235 126 211 128
138	156 91 97 101
139	139 132 220 223
140	123 120 57 227
141	203 55 194 62
142	153 242 158 85
143	240 138 192 201
144	36 56 243 153
145	34 231 141 3
146	208 149 13 91
147	1 37 11 106
148	179 157 162 250
149	136 222 14 55
150	52 30 103 153
151	2 241 104 69
152	142 61 101 111
153	44 110 41 128
154	200 123 25 51
155	47 177 163 31
156	111 115 18 211
157	64 184 98 37
158	152 118 39 98
159	126 123 187 177
160	206 19 211 46
161	75 3 144 48
162	101 244 147 89
163	190 227 121 99
164	61 216 239 106
165	232 16 228 79
166	108 120 241 104
167	75 107 92 197
168	57 18 117 221
169	194 137 78 246
170	51 138 129 250
171	182 147 23 156
172	205 164 105 150
173	205 112 134 159
174	22 152 24 75
175	62 196 10 52
176	225 153 3 216
177	221 130 45 81
178	151 39 12 231
179	101 250 31 245
180	248 28 38 32
181	6 233 78 31
182	65 155 239 118
183	116 58 65 93
184	194 40 28 86
185	231 48 142 45
186	100 94 66 86
187	106 147 156 237
188	227 12 123 138
189	138 6 225 9
190	166 11 33 39
191	217 92 10 46
192	218 62 212 86
193	3 137 59 8
194	45 17 156 32
195	155 47 99 239
196	133 199 60 130
197	63 226 78 131
198	214 54 205 125
199	234 106 164 151
200	111 125 107 80
201	95 148 20 208
202	57 16 110 134
203	111 176 165 99
204	93 181 233 68
205	105 144 42 64
206	56 238 6 220
207	23 48 94 8
208	156 221 72 126
209	60 171 27 30
210	57 64 27 88
211	234 199 19 166
212	88 54 2 176
213	10 165 62 238
214	4 164 224 192
215	149 249 231 208
216	29 222 166 41
217	161 3 97 92
218	98 144 235 181
219	199 144 47 102
220	244 219 152 60
221	216 35 31 137
222	58 149 186 21
223	165 35 225 178
224	209 24 18 187
225	29 35 6 190
226	204 48 117 23
227	201 56 209 139
228	194 59 46 117
229	237 98 204 107
230	81 190 112 222
231	24 188 56 69
232	52 202 183 49
233	149 107 231 113
234	136 51 134 116
235	71 233 151 18
236	45 95 211 231
237	185 168 35 179
238	15 138 99 80
239	198 220 172 59
240	39 1 210 17
241	5 18 44 2
242	143 84 90 77
243	88 126 62 31
244	6 75 235 228
245	1 178 111 201
246	22 185 107 124
247	88 120 75 233
248	66 182 158 159
249	169 225 73 155
250	27 183 124 5
251	1 88 29 156
252	115 242 190 137
253	169 86 124 224
254	15 177 244 57
255	190 12 224 142
256	148 118 199 125
257	187 106 208 155
258	159 80 70 144
259	136 101 15 185
260	202 153 186 131
261	60 156 239 31
262	187 140 231 37
263	178 104 128 144
264	158 243 167 42
265	147 171 228 203
266	63 64 47 180
267	222 98 93 196
268	191 176 202 35
269	14 1 8 178
270	178 135 150 170
271	249 41 245 177
272	239 2 191 34
273	60 89 18 26
274	197 241 161 84
275	48 9 51 20
276	148 38 53 16
277	33 247 185 172
278	8 75 129 89
279	123 48 80 64
280	1 155 31 238
281	159 152 16 232
282	57 60 194 93
283	81 157 6 54
284	159 53 123 79
285	232 213 67 162
286	128 122 66 6
287	67 237 88 246
288	134 78 242 190
289	14 64 242 239
290	225 241 150 231
291	179 128 133 59
292	210 142 244 4
293	146 208 5 17
294	247 41 31 100
295	67 196 17 53
296	62 172 44 212
297	73 170 56 162
298	240 212 40 226
299	4 233 150 65
300	148 42 87 35
301	95 187 171 32
302	145 215 125 25
303	236 70 147 10
304	18 19 170 12
305	247 4 17 166
306	210 25 208 33
307	209 187 10 133
308	61 197 66 56
309	226 83 94 68
310	185 44 105 106
311	186 246 7 114
312	138 14 227 10
313	245 144 127 226
314	130 46 63 22
315	248 139 226 186
316	7 45 113 181
317	139 172 43 206
318	87 107 247 109
319	85 7 88 195
320	4 121 219 86
321	92 203 107 141
322	39 60 59 66
323	18 161 171 222
324	174 217 250 226
325	125 71 184 165
326	132 240 191 238
327	167 119 15 69
328	152 115 31 113
329	191 214 48 32
330	199 18 131 112
331	23 157 2 172
332	1 130 86 135
333	64 206 241 23
334	235 169 233 145
335	13 69 202 30
336	46 216 87 135
337	235 245 21 23
338	238 200 191 64
339	186 141 142 98
340	36 125 228 119
341	126 132 19 212
342	169 69 134 126
343	224 162 18 114
344	46 58 101 126
345	212 97 35 164
346	96 33 93 100
347	38 107 194 152
348	75 93 11 46
349	238 136 201 148
350	131 179 144 88
351	22 186 112 37
352	123 237 182 37
353	236 93 75 53
354	111 23 128 72
355	120 21 95 11
356	99 226 154 200
357	175 4 26 121
358	7 80 119 170
359	124 17 43 166
360	183 64 205 43
361	57 96 81 21
362	126 173 165 125
363	247 66 119 169
364	147 48 232 26
365	160 61 234 70
366	229 26 102 131
367	32 29 68 158
368	131 143 37 77
369	148 116 8 23
370	246 6 81 143
371	231 5 117 209
372	232 80 3 87
373	125 144 111 87
374	202 248 146 115
375	202 238 139 55
376	159 24 63 234
377	132 85 98 111
378	79 85 167 215
379	58 107 166 188
380	24 6 2 8
381	238 250 206 120
382	18 214 121 89
383	41 145 50 140
384	241 89 186 134
385	19 149 18 65
386	104 76 145 223
387	148 105 133 67
388	90 191 13 244
389	62 200 88 217
390	92 135 156 47
391	177 230 24 205
392	28 87 110 48
393	188 180 18 99
394	56 153 140 59
395	142 53 205 215
396	88 144 124 248
397	48 41 68 60
398	12 71 40 140
399	42 248 194 222
400	70 20 239 161
401	69 158 217 184
402	142 149 134 189
403	232 163 146 158
404	97 104 110 19
405	99 100 7 42
406	43 137 49 225
407	35 24 206 178
408	16 167 188 74
409	124 111 131 2
410	78 38 206 53
411	36 250 97 26
412	207 242 52 29
413	124 236 76 104
414	37 50 118 141
415	188 69 86 102
416	160 174 242 141
417	67 15 90 24
418	98 38 33 187
419	218 183 135 142
420	191 45 63 139
421	71 84 124 202
422	96 187 20 145
423	41 13 201 170
424	90 167 136 9
425	6 69 74 142
426	140 157 213 164
427	1 10 181 89
428	24 186 35 213
429	147 150 118 130
430	127 97 90 205
431	62 135 24 248
432	202 161 6 79
433	150 201 127 248
434	53 152 186 85
435	169 202 103 134
436	67 65 30 133
437	239 194 108 112
438	51 205 185 12
439	43 50 10 159
440	113 203 130 3
441	11 151 14 80
442	164 119 149 7
443	5 94 219 46
444	11 117 50 35
445	113 211 34 232
446	172 79 216 156
447	204 131 175 181
448	235 96 62 111
449	87 201 50 236
450	105 195 152 191
451	227 50 112 1
452	236 190 212 244
453	181 248 46 128
454	85 208 240 100
455	206 45 247 103
456	50 203 63 250
457	213 212 157 55
458	211 39 110 16
459	235 117 58 67
460	190 45 161 194
461	105 234 67 78
462	23 61 189 184
463	96 225 78 150
464	197 88 205 131
465	132 230 250 187
466	106 80 33 118
467	113 28 247 160
468	243 89 182 27
469	176 158 231 124
470	219 198 207 45
471	151 36 242 17
472	205 152 39 123
473	126 151 41 121
474	140 39 66 240
475	105 17 19 237
476	194 158 226 139
477	82 70 152 240
478	52 158 231 150
479	47 191 133 116
480	24 169 93 244
481	141 129 56 63
482	248 179 167 141
483	146 226 230 36
484	107 14 120 37
485	41 133 79 2
486	230 136 109 181
487	156 220 24 30
488	169 241 230 142
489	127 2 169 113
490	40 217 37 237
491	129 220 94 171
492	110 76 134 98
493	164 192 194 47
494	202 6 204 171
495	135 170 9 204
496	118 230 86 82
497	161 248 69 180
498	144 9 216 175
499	39 176 182 10
500	95 173 216 63
501	15 250 135 68
502	32 200 60 30
503	100 38 183 115
504	42 222 180 55
505	227 46 119 168
506	195 219 217 122
507	191 7 132 60
508	133 6 248 40
509	240 90 21 37
510	55 83 140 49
511	104 187 173 108
512	40 209 247 171
513	46 58 64 3
514	3 77 176 216
515	1 234 64 87
516	120 38 137 185
517	242 212 136 135
518	241 56 107 130
519	80 135 239 212
520	130 200 1 28
521	44 31 17 149
522	193 226 2 175
523	142 100 21 54
524	229 186 82 237
525	79 217 193 188
526	109 239 176 197
527	17 217 201 141
528	55 39 58 201
529	85 234 156 246
530	75 42 86 49
531	141 48 46 214
532	240 33 40 234
533	202 83 136 44
534	206 77 66 132
535	165 69 14 52
536	39 113 205 123
537	115 28 2 107
538	47 179 232 31
539	199 10 240 139
540	168 33 19 161
541	221 95 3 230
542	125 7 139 167
543	9 229 176 187
544	58 23 81 120
545	38 74 203 109
546	69 75 123 198
547	192 76 13 103
548	38 160 169 152
549	181 140 202 219
550	196 204 56 175
551	143 84 230 144
552	155 160 204 121
553	231 2 235 69
554	235 223 49 24
555	21 159 186 245
556	179 193 228 25
557	128 180 45 145
558	249 173 190 208
559	249 167 85 186
560	153 210 114 75
561	134 227 187 204
562	135 79 221 236
563	24 161 5 213
564	131 104 145 220
565	163 89 55 135
566	240 244 133 151
567	199 223 220 222
568	158 159 30 105
569	106 190 21 247
570	229 107 230 146
571	134 97 43 221
572	83 26 199 13
573	175 226 136 27
574	202 187 96 89
575	230 65 190 169
576	19 51 35 94
577	32 42 122 59
578	213 80 43 125
579	131 72 24 114
580	158 115 8 88
581	73 70 21 114
582	49 122 108 113
583	215 158 197 199
584	87 215 103 24
585	125 16 165 158
586	233 94 179 67
587	33 172 236 176
588	28 184 232 106
589	157 54 139 172
590	51 105 111 62
591	52 225 133 111
592	30 46 114 187
593	104 175 66 111
594	222 79 116 24
595	146 200 222 237
596	112 25 208 104
597	48 123 133 169
598	87 192 104 153
599	48 38 157 216
600	61 11 129 207
601	114 88 223 145
602	28 90 221 227
603	188 13 81 4
604	236 16 210 130
605	58 134 201 110
606	57 53 31 48
607	86 239 206 17
608	238 6 104 163
609	32 72 36 201
610	240 180 39 47
611	82 42 31 96
612	130 69 160 189
613	119 49 237 200
614	145 146 45 177
615	10 96 197 72
616	195 136 93 196
617	4 182 155 118
618	117 239 157 3
619	231 94 70 59
620	46 118 52 188
621	236 135 4 58
622	185 110 79 221
623	8 223 192 158
624	199 48 234 138
625	94 101 37 201
626	35 55 107 147
627	247 90 41 75
628	41 198 25 171
629	116 204 96 61
630	225 152 105 47
631	226 243 141 198
632	193 164 189 5
633	186 148 96 232
634	201 184 1 214
635	61 75 21 60
636	238 209 211 121
637	32 57 160 173
638	55 193 212 215
639	29 65 90 201
640	197 180 13 4
641	82 15 13 3
642	49 78 116 41
643	52 221 189 202
644	227 91 156 61
645	52 80 146 185
646	3 152 108 143
647	65 51 213 62
648	231 63 183 49
649	60 115 180 76
650	58 152 34 210
651	188 40 214 183
652	209 144 116 27
653	196 237 150 119
654	79 194 138 105
655	26 112 189 73
656	248 179 84 189
657	125 134 238 202
658	53 165 17 188
659	132 184 89 104
660	220 131 29 170
661	40 212 21 80
662	9 121 105 138
663	131 39 38 61
664	225 41 25 211
665	174 83 25 146
666	132 216 82 200
667	81 217 121 200
668	29 8 122 10
669	170 89 139 64
670	128 42 46 120
671	198 221 139 55
672	93 98 13 130
673	99 141 73 16
674	133 195 173 118
675	223 144 122 61
676	107 141 188 183
677	224 190 49 198
678	162 105 37 12
679	67 68 204 10
680	86 46 227 215
681	217 61 115 134
682	100 4 119 142
683	88 54 197 55
684	158 196 1 73
685	103 63 22 30
686	73 129 205 164
687	229 233 22 28
688	94 85 108 190
689	29 45 194 112
690	246 182 45 194
691	21 187 186 44
692	25 16 63 13
693	101 140 192 154
694	168 215 42 6
695	110 47 176 118
696	236 60 143 135
697	197 226 36 239
698	17 139 131 201
699	53 208 42 29
700	224 241 200 66
701	26 150 63 214
702	111 240 44 123
703	143 211 19 118
704	39 221 211 10
705	32 174 10 235
706	145 19 62 70
707	21 156 193 119
708	240 110 59 74
709	85 145 58 136
710	108 52 72 247
711	220 18 112 243
712	239 190 148 124
713	176 175 67 211
714	112 42 46 5
715	97 53 118 134
716	244 13 221 153
717	100 186 43 201
718	210 1 57 140
719	158 138 240 174
720	14 207 250 224
721	241 133 185 85
722	35 173 71 75
723	47 81 153 235
724	27 64 14 12
725	92 218 64 68
726	26 179 133 10
727	134 4 187 189
728	156 209 111 206
729	167 152 107 8
730	228 75 111 250
731	150 218 130 220
732	202 157 133 37
733	106 116 132 163
734	40 175 93 216
735	15 76 69 154
736	16 33 227 15
737	21 117 245 9
738	170 20 134 84
739	31 171 166 33
740	90 70 71 93
741	42 143 80 68
742	13 135 115 126
743	76 106 140 61
744	50 137 34 136
745	124 175 206 63
746	232 233 113 165
747	83 46 156 170
748	176 82 190 11
749	110 47 200 64
750	39 116 22 218
751	19 189 89 21
752	7 175 6 41
753	125 133 148 20
754	192 115 122 130
755	44 230 206 23
756	64 203 120 183
757	10 237 143 68
758	242 10 182 183
759	162 132 60 222
760	29 232 154 208
761	167 143 212 43
762	170 204 117 126
763	141 143 95 125
764	140 164 3 119
765	196 146 52 143
766	78 1 222 100
767	25 54 98 45
768	16 189 62 193
769	202 14 201 120
770	57 164 158 115
771	212 86 188 159
772	148 4 239 152
773	152 250 48 45
774	44 240 217 115
775	123 6 164 108
776	24 75 166 25
777	180 63 191 201
778	39 212 171 231
779	16 198 131 231
780	173 15 98 72
781	80 33 181 11
782	114 87 93 115
783	109 175 80 104
784	205 246 15 219
785	35 241 24 195
786	218 116 88 94
787	189 114 227 136
788	15 139 43 246
789	180 245 108 178
790	80 117 183 159
791	232 52 161 250
792	103 175 89 37
793	172 41 63 83
794	80 232 211 144
795	110 177 226 29
796	49 195 182 42
797	250 249 79 187
798	41 221 49 249
799	15 234 72 224
800	234 150 40 104
801	78 67 79 57
802	159 217 165 126
803	55 105 161 144
804	196 63 217 185
805	224 86 136 125
806	160 210 223 62
807	37 218 48 190
808	109 221 1 30
809	200 136 160 34
810	38 37 66 102
811	7 203 100 173
812	141 191 13 165
813	35 140 130 149
814	64 17 208 19
815	187 77 90 65
816	50 53 74 144
817	192 25 249 178
818	63 154 25 105
819	10 23 201 188
820	159 65 161 77
821	160 17 193 186
822	19 142 149 62
823	15 135 21 127
824	182 37 131 219
825	169 19 199 59
826	130 4 133 80
827	176 93 172 227
828	181 247 175 23
829	237 22 32 82
830	246 198 22 28
831	59 16 25 108
832	234 45 48 75
833	99 103 214 69
834	190 153 15 209
835	238 68 39 169
836	230 125 169 182
837	132 108 172 69
838	15 204 228 223
839	19 198 35 137
840	4 204 248 159
841	186 189 57 226
842	81 248 120 24
843	1 213 72 25
844	85 241 173 199
845	58 163 31 180
846	123 229 220 91
847	156 191 111 158
848	145 55 181 14
849	147 2 139 228
850	69 140 89 163
851	92 60 11 20
852	72 73 181 246
853	153 25 187 234
854	154 26 28 92
855	37 215 169 204
856	105 238 111 219
857	234 249 125 151
858	222 58 94 146
859	110 137 211 89
860	85 142 84 141
861	108 82 224 17
862	127 26 64 166
863	8 4 193 151
864	140 61 87 216
865	138 191 176 148
866	247 205 19 62
867	76 132 163 227
868	77 91 148 5
869	103 30 37 167
870	65 82 162 10
871	115 57 65 236
872	87 230 116 153
873	2 208 36 149
874	149 100 23 26
875	121 167 120 184
876	11 26 83 210
877	153 165 221 74
878	224 165 101 124
879	104 70 36 96
880	119 194 136 213
881	32 30 138 110
882	142 165 13 158
883	236 104 26 221
884	176 121 102 211
885	236 185 190 156
886	154 114 151 213
887	218 136 113 48
888	188 195 15 189
889	104 1 15 193
890	231 83 23 127
891	144 131 42 161
892	80 183 40 29
893	26 38 221 216
894	8 116 193 33
895	193 140 210 3
896	201 223 62 218
897	78 202 7 44
898	57 76 132 213
899	232 118 231 137
900	4 184 63 77
901	160 40 50 115
902	68 90 201 74
903	195 122 94 85
904	60 188 103 33
905	116 77 206 129
906	131 31 166 1
907	163 109 147 131
908	148 103 7 112
909	148 52 100 5
910	179 58 130 141
911	115 16 113 93
912	238 56 183 16
913	67 243 193 207
914	41 33 47 171
915	27 172 64 123
916	231 157 213 53
917	128 150 122 179
918	216 228 65 104
919	249 22 129 110
920	48 235 88 113
921	182 37 160 230
922	27 244 111 225
923	18 83 12 201
924	76 58 111 125
925	211 218 248 236
926	46 67 95 163
927	45 58 154 111
928	247 206 212 83
929	109 60 82 106
930	238 211 199 181
931	213 97 201 170
932	113 120 83 194
933	130 201 74 229
934	62 244 5 66
935	217 248 237 131
936	60 124 7 112
937	248 76 51 230
938	109 26 40 54
939	27 214 62 85
940	152 57 147 192
941	222 128 139 141
942	154 91 116 60
943	153 77 109 126
944	126 194 62 86
945	246 179 61 176
946	65 117 186 33
947	216 245 151 227
948	152 216 83 17
949	93 202 177 92
950	71 27 207 70
951	166 143 9 105
952	1 36 187 145
953	6 94 127 202
954	205 76 99 221
955	46 37 49 163
956	115 112 132 21
957	124 85 13 154
958	66 61 177 23
959	240 138 53 149
960	96 177 125 142
961	78 230 119 160
962	67 136 23 55
963	10 240 117 11
964	225 148 135 229
965	160 11 230 156
966	200 17 41 164
967	119 180 41 200
968	171 25 26 139
969	72 124 168 221
970	116 161 28 54
971	210 236 247 32
972	106 140 235 137
973	43 89 232 96
974	162 88 160 248
975	141 128 55 238
976	20 224 39 59
977	199 143 39 12
978	64 50 73 241
979	37 116 226 176
980	83 16 26 244
981	80 178 77 41
982	3 105 66 235
983	168 241 226 211
984	241 170 115 82
985	60 84 54 168
986	156 246 139 14
987	62 87 207 64
988	81 20 172 91
989	210 205 133 145
990	145 8 112 3
991	72 142 203 11
992	76 13 154 200
993	158 151 125 107
994	105 34 199 186
995	24 74 36 161
996	206 53 5 163
997	86 189 40 98
998	101 213 162 211
999	201 130 120 218
1000	240 28 98 194
1001	77 165 82 149
1002	248 44 184 67
1003	104 127 197 73
1004	12 228 221 13
1005	126 41 110 70
1006	199 166 124 7
1007	77 140 96 209
1008	218 123 233 144
1009	144 111 3 152
1010	248 153 76 246
1011	78 111 197 103
1012	250 127 50 168
1013	58 151 96 1
1014	109 95 194 139
1015	127 50 77 217
1016	132 172 82 67
1017	109 25 145 116
1018	64 106 137 157
1019	200 230 9 189
1020	71 45 151 52
1021	25 38 173 118
1022	39 188 96 170
1023	197 12 203 213
1024	239 226 137 234
1025	199 146 144 95
1026	65 16 168 22
1027	143 230 170 108
1028	162 95 36 176
1029	154 224 227 100
1030	136 29 163 200
1031	86 188 83 144
1032	125 150 171 139
1033	189 242 204 143
1034	33 31 230 194
1035	217 89 142 240
1036	79 232 105 177
1037	128 178 161 84
1038	6 46 24 246
1039	64 56 205 233
1040	91 38 125 19
1041	179 131 154 153
1042	22 16 174 194
1043	144 195 47 218
1044	192 30 218 22
1045	191 98 100 122
1046	74 212 136 230
1047	64 241 155 13
1048	50 149 28 9
1049	218 2 214 225
1050	138 57 87 174
1051	73 106 27 136
1052	186 65 103 146
1053	34 53 124 239
1054	171 128 49 186
1055	179 239 21 229
1056	45 7 37 54
1057	127 160 100 185
1058	87 145 36 157
1059	215 11 93 178
1060	7 14 196 172
1061	213 107 159 193
1062	225 96 33 73
1063	85 145 98 241
1064	28 33 250 208
1065	153 67 105 120
1066	154 180 229 207
1067	210 24 105 66
1068	126 94 78 63
1069	202 62 144 75
1070	167 81 182 74
1071	12 40 41 35
1072	17 80 154 184
1073	89 57 8 76
1074	206 160 218 126
1075	109 179 241 249
1076	230 91 111 231
1077	175 98 122 190
1078	163 121 232 148
1079	130 70 238 10
1080	3 83 50 221
1081	96 209 17 108
1082	186 25 70 103
1083	2 99 232 88
1084	60 46 112 2
1085	245 222 114 233
1086	118 206 75 87
1087	36 108 241 25
1088	136 71 172 237
1089	219 200 190 179
1090	154 58 212 107
1091	46 30 135 77
1092	163 122 115 188
1093	177 148 237 57
1094	7 67 91 215
1095	93 230 73 144
1096	54 208 48 212
1097	13 250 16 52
1098	10 198 60 88
1099	244 110 154 156
1100	132 92 118 74
1101	168 218 29 58
1102	128 140 177 134
1103	51 55 138 197
1104	237 142 147 61
1105	24 188 126 81
1106	190 182 68 7
1107	225 98 12 248
1108	115 2 86 219
1109	114 172 39 161
1110	232 57 196 25
1111	28 182 196 188
1112	16 86 136 69
1113	208 143 174 147
1114	138 149 169 247
1115	203 20 31 54
1116	202 170 162 9
1117	138 106 77 203
1118	106 11 6 56
1119	120 72 217 106
1120	185 224 112 125
1121	57 132 47 9
1122	239 234 88 160
1123	73 248 223 34
1124	30 140 204 238
1125	99 84 167 154
1126	161 230 99 214
1127	18 238 220 246
1128	136 114 215 51
1129	28 111 106 61
1130	90 85 73 101
1131	87 205 167 213
1132	237 210 11 81
1133	213 40 97 70
1134	145 190 205 202
1135	18 116 238 152
1136	151 246 12 127
1137	136 114 66 131
1138	190 165 172 76
1139	230 64 86 178
1140	132 158 133 82
1141	157 65 175 136
1142	108 168 14 245
1143	48 248 21 69
1144	238 96 249 206
1145	101 112 158 182
1146	204 226 169 129
1147	181 68 212 140
1148	207 45 110 50
1149	36 239 70 192
1150	239 45 114 211
1151	91 148 110 22
1152	106 83 123 33
1153	164 215 193 58
1154	166 83 60 94
1155	224 101 94 187
1156	128 218 50 213
1157	84 104 123 99
1158	211 202 37 154
1159	118 232 150 156
1160	190 25 182 151
1161	207 79 137 136
1162	236 52 196 86
1163	236 127 209 109
1164	61 142 138 25
1165	226 174 236 86
1166	145 152 29 158
1167	164 176 80 198
1168	70 244 240 13
1169	36 168 102 17
1170	157 176 217 107
1171	138 129 246 164
1172	224 170 229 240
1173	124 95 229 187
1174	79 32 176 110
1175	178 87 55 180
1176	181 178 165 174
1177	221 219 99 126
1178	20 134 148 140
1179	163 168 211 157
1180	28 155 127 136
1181	85 78 32 164
1182	64 69 8 22
1183	250 111 242 40
1184	174 127 190 197
1185	106 60 200 98
1186	215 181 39 108
1187	90 192 194 220
1188	196 249 190 250
1189	205 249 85 13
1190	4 159 199 32
1191	123 94 114 223
1192	65 23 94 139
1193	113 130 213 78
1194	200 15 14 72
1195	45 214 207 150
1196	219 34 135 24
1197	117 10 85 209
1198	133 173 1 209
1199	77 186 98 173
1200	34 77 152 241
1201	226 106 18 53
1202	206 181 119 44
1203	19 236 196 193
1204	35 99 158 202
1205	237 68 182 40
1206	229 125 33 26
1207	98 247 235 67
1208	16 192 213 211
1209	15 229 171 101
1210	9 153 73 36
1211	206 51 108 150
1212	52 196 249 141
1213	104 235 24 166
1214	222 61 35 146
1215	174 191 190 189
1216	186 17 39 203
1217	90 234 158 167
1218	132 203 74 231
1219	46 36 141 171
1220	142 95 90 130
1221	223 132 4 30
1222	33 70 240 127
1223	118 139 18 55
1224	241 8 28 139
1225	97 239 176 11
1226	123 187 4 133
1227	101 70 50 111
1228	230 12 131 111
1229	2 172 100 239
1230	57 11 213 180
1231	26 10 41 164
1232	80 133 194 234
1233	140 226 57 183
1234	10 135 189 88
1235	133 199 128 93
1236	99 240 9 168
1237	186 197 176 46
1238	131 104 45 108
1239	2 163 223 14
1240	17 84 33 104
1241	5 241 228 165
1242	75 250 59 45
1243	11 172 5 121
1244	42 106 140 158
1245	146 141 119 56
1246	142 5 30 41
1247	32 235 160 234
1248	151 130 147 84
1249	42 179 59 47
1250	67 206 115 175
1251	69 224 112 151
1252	238 120 153 125
1253	153 104 185 26
1254	126 232 183 101
1255	113 28 63 237
1256	24 231 1 127
1257	116 40 238 111
1258	226 112 45 237
1259	52 231 213 217
1260	214 9 91 17
1261	189 190 145 2
1262	72 247 119 35
1263	84 109 235 181
1264	41 188 164 213
1265	26 53 208 246
1266	24 141 50 5
1267	118 110 9 36
1268	167 190 134 204
1269	8 152 160 42
1270	102 49 27 169
1271	77 42 28 8
1272	175 83 42 103
1273	94 188 43 54
1274	121 125 214 249
1275	126 162 9 86
1276	110 91 102 73
1277	211 31 224 236
1278	181 79 55 157
1279	127 130 155 241
1280	106 248 176 173
1281	118 175 240 23
1282	178 18 186 60
1283	89 223 80 65
1284	238 232 104 86
1285	162 173 92 145
1286	58 176 98 110
1287	184 125 63 242
1288	90 226 29 58
1289	248 117 79 5
1290	210 173 99 172
1291	77 147 115 89
1292	86 162 136 142
1293	153 94 48 133
1294	206 194 142 203
1295	88 150 191 209
1296	94 54 198 122
1297	65 14 42 155
1298	100 199 240 38
1299	216 126 2 13
1300	184 241 134 14
1301	225 169 101 12
1302	10 116 31 197
1303	205 61 58 195
1304	146 213 187 40
1305	163 96 153 227
1306	202 14 130 56
1307	128 163 41 7
1308	36 56 126 7
1309	247 75 98 201
1310	25 38 118 195
1311	225 121 234 130
1312	90 216 48 227
1313	197 194 52 67
1314	52 143 162 119
1315	164 157 211 193
1316	131 130 10 120
1317	130 16 179 119
1318	5 100 176 207
1319	139 14 189 162
1320	122 74 58 65
1321	167 122 178 59
1322	91 32 184 246
1323	159 101 10 166
1324	1 141 21 137
1325	20 191 145 239
1326	151 43 21 104
1327	227 102 46 110
1328	15 130 242 164
1329	11 43 170 192
1330	109 114 99 116
1331	158 152 128 20
1332	57 128 249 119
1333	78 165 25 29
1334	31 217 246 116
1335	99 238 174 82
1336	91 163 168 151
1337	95 53 150 87
1338	142 188 220 73
1339	125 71 228 209
1340	54 126 245 153
1341	164 250 196 55
1342	227 188 37 128
1343	104 217 207 225
1344	197 195 161 43
1345	114 32 196 76
1346	161 165 81 122
1347	78 89 213 104
1348	116 67 126 17
1349	223 2 243 182
1350	93 25 14 34
1351	230 229 73 250
1352	70 144 69 99
1353	12 172 130 189
1354	178 49 80 48
1355	43 99 75 123
1356	214 74 32 108
1357	22 172 202 15
1358	239 137 199 32
1359	127 190 203 76
1360	208 175 202 245
1361	46 27 244 198
1362	137 38 65 172
1363	38 218 68 216
1364	30 74 39 84
1365	23 48 188 112
1366	36 14 222 121
1367	83 249 10 127
1368	138 60 235 134
1369	236 85 66 225
1370	106 14 167 179
1371	89 126 31 131
1372	43 138 250 216
1373	109 66 140 65
1374	152 162 141 91
1375	174 234 40 123
1376	210 1 132 97
1377	25 187 200 216
1378	207 159 136 201
1379	67 5 1 173
1380	176 36 6 155
1381	218 248 18 80
1382	30 108 96 235
1383	209 163 173 130
1384	186 25 177 123
1385	109 121 241 215
1386	189 131 218 137
1387	9 52 24 79
1388	107 91 139 166
1389	138 188 102 118
1390	229 5 121 144
1391	89 83 126 216
1392	68 202 211 164
1393	174 87 229 166
1394	177 148 209 195
1395	222 166 137 207
1396	213 193 132 123
1397	155 156 243 154
1398	113 57 247 7
1399	185 63 194 53
1400	2 28 39 212
1401	160 167 115 8
1402	121 6 160 71
1403	227 165 13 103
1404	37 14 199 12
1405	60 201 132 186
1406	137 60 92 81
1407	138 211 66 123
1408	2 132 71 142
1409	16 29 166 188
1410	99 236 244 111
1411	115 16 221 5
1412	164 48 200 52
1413	93 10 111 157
1414	38 145 173 214
1415	13 10 27 210
1416	3 224 47 169
1417	152 31 247 1
1418	142 103 73 117
1419	5 194 76 52
1420	81 20 153 149
1421	6 169 156 208
1422	52 155 51 46
1423	41 242 179 25
1424	111 14 76 59
1425	94 53 60 43
1426	12 13 38 47
1427	16 19 185 137
1428	220 69 113 115
1429	11 228 75 168
1430	15 216 230 196
1431	134 65 45 81
1432	226 248 147 185
1433	43 127 142 17
1434	175 142 48 198
1435	35 225 70 98
1436	57 221 238 48
1437	155 84 232 68
1438	125 65 166 152
1439	37 100 125 222
1440	14 150 170 5
1441	221 105 229 240
1442	10 243 207 92
1443	169 94 65 139
1444	110 73 213 201
1445	53 219 206 173
1446	17 121 27 205
1447	250 150 42 223
1448	88 132 178 116
1449	148 245 117 236
1450	145 8 69 225
1451	35 37 111 119
1452	211 65 145 240
1453	101 164 4 162
1454	12 174 86 25
1455	86 177 139 44
1456	37 158 74 237
1457	200 81 121 24
1458	40 116 75 20
1459	244 249 68 66
1460	188 216 54 247
1461	48 61 186 66
1462	188 62 115 36
1463	240 165 164 141
1464	160 127 24 11
1465	96 218 40 243
1466	194 77 61 136
1467	210 58 176 60
1468	74 191 90 93
1469	49 211 62 101
1470	128 224 165 182
1471	247 234 160 199
1472	51 166 152 244
1473	173 155 228 227
1474	92 17 211 240
1475	164 99 30 215
1476	87 99 75 70
1477	217 49 23 230
1478	242 95 241 201
1479	151 191 160 147
1480	183 137 207 84
1481	34 152 161 30
1482	13 73 129 237
1483	175 213 73 162
1484	52 161 171 32
1485	108 92 110 197
1486	3 232 32 113
1487	87 22 178 113
1488	80 95 128 38
1489	172 70 188 190
1490	109 21 63 248
1491	205 184 226 212
1492	113 229 41 53
1493	67 248 181 99
1494	99 38 163 35
1495	17 136 119 199
1496	240 127 244 205
1497	8 199 100 76
1498	137 30 207 66
1499	99 72 227 229
1500	98 237 168 182
1501	133 89 238 103
1502	103 159 184 62
1503	121 206 231 180
1504	155 154 47 176
1505	99 237 229 208
1506	224 150 25 168
1507	223 241 224 119
1508	16 62 237 225
1509	6 16 136 25
1510	81 221 22 111
1511	77 153 122 20
1512	89 156 78 15
1513	137 166 184 99
1514	42 37 29 45
1515	239 18 82 22
1516	206 147 69 82
1517	136 139 61 231
1518	11 72 107 157
1519	147 122 132 202
1520	226 244 42 239
1521	194 237 79 205
1522	28 210 113 35
1523	208 19 99 82
1524	20 99 92 56
1525	246 80 3 168
1526	74 235 156 9
1527	103 46 35 145
1528	176 46 37 138
1529	34 169 118 31
1530	118 15 225 135
1531	207 214 71 12
1532	91 102 211 239
1533	156 100 96 242
1534	142 96 87 161
1535	97 64 189 94
1536	18 25 76 178
1537	59 24 33 34
1538	39 108 167 229
1539	243 174 82 88
1540	93 29 26 30
1541	2 73 199 17
1542	79 181 1 120
1543	203 187 132 55
1544	250 185 24 167
1545	81 146 34 166
1546	16 201 155 231
1547	210 245 163 247
1548	21 236 232 235
1549	223 106 93 212
1550	98 3 70 37
1551	51 26 202 102
1552	41 91 133 227
1553	93 217 183 64
1554	108 186 90 84
1555	20 127 5 197
1556	150 81 175 125
1557	209 244 2 183
1558	76 35 7 145
1559	210 125 221 215
1560	37 124 66 115
1561	88 185 168 115
1562	157 105 17 221
1563	51 178 76 71
1564	172 4 128 248
1565	79 180 62 12
1566	213 74 37 138
1567	242 131 69 150
1568	118 38 205 171
1569	88 175 247 217
1570	191 58 150 38
1571	91 109 194 168
1572	90 212 168 163
1573	233 32 26 95
1574	227 106 10 149
1575	59 181 41 223
1576	211 183 127 248
1577	245 29 3 103
1578	186 195 96 13
1579	133 216 190 185
1580	235 98 28 224
1581	41 54 102 110
1582	202 73 16 170
1583	199 130 98 124
1584	38 20 115 11
1585	152 91 30 115
1586	40 150 144 103
1587	167 15 35 30
1588	34 13 55 44
1589	54 149 14 244
1590	223 143 138 72
1591	151 243 145 155
1592	188 63 92 221
1593	228 117 170 37
1594	139 60 15 24
1595	68 145 49 121
1596	157 21 143 13
1597	98 77 202 47
1598	162 119 212 67
1599	99 231 207 235
1600	118 103 88 135
1601	61 176 188 123
1602	153 26 165 68
1603	233 191 72 28
1604	162 14 23 236
1605	141 215 249 39
1606	1 117 222 15
1607	225 2 130 88
1608	222 112 126 147
1609	80 181 247 196
1610	170 151 47 48
1611	68 20 230 90
1612	14 50 21 26
1613	52 6 183 203
1614	63 123 202 183
1615	170 248 182 198
1616	88 183 147 42
1617	177 158 63 183
1618	43 31 190 23
1619	218 32 151 131
1620	109 57 180 80
1621	126 213 26 227
1622	21 69 25 86
1623	53 7 180 188
1624	68 143 99 237
1625	161 146 125 226
1626	101 71 227 174
1627	152 178 28 148
1628	177 10 102 195
1629	242 113 199 128
1630	66 44 196 163
1631	57 9 225 35
1632	210 67 140 172
1633	88 79 225 57
1634	245 234 185 143
1635	139 100 174 221
1636	146 170 55 248
1637	188 132 110 16
1638	33 61 189 30
1639	174 100 207 67
1640	68 245 158 98
1641	185 206 30 192
1642	34 32 162 49
1643	203 170 65 108
1644	101 3 62 107
1645	57 179 142 198
1646	105 169 137 118
1647	1 78 158 232
1648	137 96 76 218
1649	194 130 21 1
1650	53 42 126 65
1651	202 123 93 69
1652	213 24 194 126
1653	225 194 117 169
1654	54 103 33 240
1655	103 169 136 93
1656	74 233 156 61
1657	33 17 247 78
1658	135 88 95 42
1659	37 141 188 89
1660	191 70 50 112
1661	95 222 7 139
1662	175 188 55 56
1663	8 185 85 244
1664	239 8 128 182
1665	176 15 187 213
1666	173 64 78 57
1667	145 5 119 204
1668	62 90 143 238
1669	184 84 127 219
1670	133 50 211 193
1671	50 203 213 233
1672	2 139 24 89
1673	57 35 222 217
1674	187 5 247 231
1675	207 2 20 194
1676	6 57 42 213
1677	122 149 124 91
1678	183 44 190 60
1679	170 69 9 108
1680	243 129 189 242
1681	182 76 250 17
1682	225 218 47 200
1683	63 179 175 136
1684	44 47 26 16
1685	139 122 245 179
1686	30 9 12 137
1687	233 63 72 127
1688	6 170 113 171
1689	31 125 144 69
1690	207 73 165 117
1691	218 70 171 184
1692	201 129 134 63
1693	175 203 13 209
1694	194 237 99 91
1695	248 93 125 24
1696	206 165 225 102
1697	153 239 175 228
1698	94 50 239 55
1699	58 24 59 212
1700	24 176 230 188
1701	229 10 186 42
1702	9 17 143 124
1703	113 61 98 175
1704	238 243 14 193
1705	52 205 36 183
1706	249 193 167 191
1707	150 7 133 180
1708	78 232 206 51
1709	83 121 132 145
1710	153 148 6 7
1711	142 77 139 127
1712	98 27 21 133
1713	82 105 127 78
1714	164 139 13 247
1715	217 114 41 48
1716	211 111 9 130
1717	176 4 187 12
1718	41 187 59 169
1719	215 234 151 2
1720	133 220 19 122
1721	167 111 150 179
1722	170 66 216 113
1723	76 61 28 182
1724	10 34 101 82
1725	11 118 165 151
1726	137 109 165 72
1727	98 88 87 245
1728	167 31 232 118
1729	199 182 163 1
1730	248 209 189 78
1731	76 158 21 13
1732	119 156 102 153
1733	176 243 205 118
1734	250 82 81 40
1735	234 127 103 139
1736	76 87 192 85
1737	42 152 82 117
1738	89 169 132 175
1739	221 175 24 67
1740	74 134 93 225
1741	108 225 145 82
1742	154 119 161 233
1743	243 26 17 205
1744	206 118 73 126
1745	131 156 113 215
1746	4 112 120 28
1747	194 169 65 11
1748	224 157 180 206
1749	156 13 196 244
1750	115 86 124 98
1751	15 216 35 28
1752	93 50 47 166
1753	193 143 171 46
1754	32 245 56 130
1755	15 117 188 209
1756	160 89 46 229
1757	14 71 125 216
1758	101 53 221 112
1759	230 240 25 186
1760	134 102 69 73
1761	177 96 113 145
1762	21 198 82 205
1763	214 157 36 193
1764	163 175 246 112
1765	189 57 80 237
1766	30 113 170 180
1767	196 33 200 179
1768	92 5 213 112
1769	37 75 176 191
1770	80 179 78 44
1771	117 62 167 195
1772	44 178 128 195
1773	125 139 169 92
1774	198 37 1 66
1775	125 244 97 215
1776	52 218 194 71
1777	227 208 231 141
1778	11 41 121 200
1779	141 64 221 101
1780	248 76 232 181
1781	107 71 167 113
1782	2 145 161 250
1783	224 229 215 242
1784	209 15 198 221
1785	48 13 233 12
1786	106 119 33 145
1787	210 169 68 211
1788	103 198 73 106
1789	73 159 244 143
1790	86 27 34 49
1791	222 79 194 87
1792	104 66 134 210
1793	209 164 245 180
1794	173 227 141 32
1795	174 68 51 167
1796	84 164 158 70
1797	214 240 66 82
1798	33 215 225 170
1799	212 82 165 87
1800	195 150 201 26
1801	238 84 157 72
1802	176 177 121 178
1803	108 40 212 196
1804	216 12 122 88
1805	220 46 160 136
1806	235 209 244 39
1807	178 217 135 91
1808	134 102 125 152
1809	106 242 226 138
1810	113 204 58 150
1811	102 201 124 18
1812	249 136 109 207
1813	70 82 165 154
1814	55 213 222 39
1815	94 70 34 186
1816	113 144 217 43
1817	203 21 63 208
1818	249 175 90 66
1819	188 245 191 59
1820	223 154 23 240
1821	220 146 82 172
1822	165 207 17 38
1823	201 47 58 55
1824	174 203 95 36
1825	28 35 190 123
1826	88 191 16 7
1827	12 32 59 97
1828	43 92 16 19
1829	80 105 171 40
1830	184 249 101 82
1831	106 3 178 61
1832	95 108 222 88
1833	229 28 44 17
1834	200 223 236 138
1835	132 162 249 200
1836	207 247 102 18
1837	143 59 97 5
1838	231 101 92 116
1839	62 163 180 202
1840	228 34 121 197
1841	107 214 55 113
1842	45 152 161 192
1843	67 157 147 98
1844	40 112 7 234
1845	150 27 212 130
1846	35 82 64 121
1847	69 219 131 50
1848	168 60 150 148
1849	216 201 163 144
1850	88 205 166 225
1851	121 217 103 78
1852	236 141 197 161
1853	7 98 169 215
1854	11 5 36 159
1855	214 128 62 129
1856	237 201 195 191
1857	109 167 243 86
1858	235 122 81 9
1859	70 207 211 143
1860	65 236 155 60
1861	246 25 101 108
1862	49 90 243 97
1863	214 123 140 15
1864	206 66 157 15
1865	8 231 85 146
1866	121 214 227 123
1867	12 235 225 183
1868	69 127 45 26
1869	233 168 239 245
1870	108 174 152 74
1871	82 207 176 83
1872	157 116 100 136
1873	193 169 119 228
1874	52 176 223 187
1875	166 104 199 3
1876	238 215 3 46
1877	134 186 160 26
1878	121 235 124 200
1879	25 44 138 221
1880	43 183 118 62
1881	157 117 132 16
1882	56 44 109 204
1883	14 229 122 216
1884	65 225 217 157
1885	232 6 139 21
1886	153 65 221 41
1887	14 250 163 186
1888	27 71 237 28
1889	28 175 89 143
1890	230 70 120 135
1891	90 128 248 13
1892	40 150 234 85
1893	166 127 98 198
1894	227 32 58 221
1895	148 214 81 201
1896	173 199 129 215
1897	193 209 80 148
1898	223 52 137 81
1899	139 230 131 64
1900	168 61 108 128
1901	218 162 108 227
1902	235 3 249 154
1903	116 9 191 77
1904	16 180 115 83
1905	43 189 9 92
1906	158 197 168 134
1907	166 181 190 193
1908	84 12 132 193
1909	48 127 171 108
1910	12 244 243 156
1911	31 173 217 203
1912	175 152 79 68
1913	208 98 215 167
1914	4 101 118 143
1915	58 56 209 174
1916	57 43 37 157
1917	79 250 225 248
1918	45 216 241 200
1919	96 40 78 184
1920	66 49 63 152
1921	8 81 244 185
1922	24 33 80 154
1923	91 128 12 96
1924	182 249 98 186
1925	221 93 130 60
1926	81 215 179 153
1927	192 133 71 152
1928	126 136 20 158
1929	114 187 47 169
1930	122 47 69 135
1931	211 46 91 55
1932	19 106 18 35
1933	155 203 107 159
1934	80 237 240 40
1935	78 123 83 117
1936	164 242 206 90
1937	32 168 53 109
1938	9 88 59 53
1939	229 2 165 114
1940	32 104 161 71
1941	98 85 82 188
1942	115 41 122 43
1943	191 39 77 228
1944	241 204 170 222
1945	55 100 87 120
1946	85 9 136 78
1947	65 79 189 214
1948	190 94 242 107
1949	212 92 61 77
1950	211 66 121 76
1951	51 75 179 48
1952	21 57 204 175
1953	45 12 141 171
1954	54 31 83 77
1955	224 80 249 130
1956	17 190 45 7
1957	3 155 140 59
1958	47 170 241 41
1959	246 249 122 93
1960	199 22 189 121
1961	219 71 196 98
1962	64 51 161 196
1963	140 206 210 136
1964	44 98 177 249
1965	179 111 117 162
1966	221 21 83 143
1967	71 6 94 179
1968	195 25 182 47
1969	60 97 238 49
1970	115 131 224 219
1971	151 82 91 237
1972	67 141 149 169
1973	241 116 175 49
1974	116 249 152 100
1975	157 225 22 148
1976	11 64 213 175
1977	17 159 204 43
1978	95 206 27 111
1979	39 243 146 116
1980	63 225 80 214
1981	178 36 234 39
1982	52 55 62 9
1983	25 220 175 196
1984	187 43 113 134
1985	186 126 37 176
1986	192 61 46 145
1987	39 213 27 20
1988	99 83 165 193
1989	102 52 242 21
1990	153 59 171 242
1991	3 25 216 138
1992	41 92 88 154
1993	224 230 196 62
1994	182 107 192 67
1995	119 3 156 160
1996	198 153 82 66
1997	194 239 89 114
1998	110 199 39 106
1999	78 144 163 175
2000	20 217 168 129
2001	166 107 61 152
2002	37 93 43 162
2003	164 66 53 26
2004	7 127 104 70
2005	182 77 76 168
2006	184 121 11 88
2007	71 2 242 33
2008	90 29 128 68
2009	207 63 136 195
2010	232 195 197 215
2011	44 16 124 122
2012	56 145 239 17
2013	102 5 13 216
2014	208 236 8 64
2015	9 207 10 78
2016	15 188 13 38
2017	107 191 188 220
2018	106 93 143 9
2019	201 229 26 250
2020	228 15 42 168
2021	238 136 49 11
2022	210 98 119 120
2023	74 22 127 51
2024	179 178 132 240
2025	61 217 176 153
2026	149 165 247 230
2027	118 204 248 217
2028	76 84 202 36
2029	94 16 115 15
2030	39 206 149 72
2031	4 147 142 28
2032	50 55 156 78
2033	191 202 116 206
2034	117 176 4 154
2035	53 57 18 88
2036	99 133 48 13
2037	44 41 107 213
2038	104 106 228 98
2039	67 205 184 247
2040	178 23 181 111
2041	7 214 243 157
2042	62 88 164 240
2043	160 21 172 116
2044	114 170 85 172
2045	23 177 191 134
2046	117 186 110 80
2047	235 43 165 168
2048	97 223 147 4
2049	231 112 104 142
2050	187 109 118 11
2051	126 85 102 214
2052	91 250 199 144
2053	141 79 84 207
2054	206 13 47 44
2055	185 233 130 146
2056	250 109 230 103
2057	103 44 196 93
2058	123 111 155 79
2059	191 141 170 105
2060	82 187 141 180
2061	78 12 212 58
2062	22 113 97 67
2063	250 144 134 86
2064	73 44 80 12
2065	39 67 37 192
2066	28 41 235 222
2067	182 8 194 18
2068	113 55 173 21
2069	167 183 97 151
2070	224 51 7 34
2071	192 211 5 207
2072	103 218 31 48
2073	24 223 35 216
2074	110 205 133 95
2075	188 223 155 54
2076	166 72 5 217
2077	3 112 113 118
2078	207 187 32 111
2079	180 23 135 50
2080	245 42 167 194
2081	109 236 38 150
2082	215 34 95 247
2083	242 214 220 108
2084	129 19 138 250
2085	235 170 236 182
2086	202 248 75 60
2087	91 106 163 86
2088	59 119 103 179
2089	142 172 179 187
2090	100 234 114 24
2091	147 227 242 202
2092	88 56 248 100
2093	143 155 147 27
2094	125 71 21 33
2095	6 34 178 63
2096	211 185 118 62
2097	105 213 157 249
2098	10 163 224 21
2099	57 143 79 127
2100	80 58 222 123
2101	135 35 84 244
2102	46 160 129 198
2103	45 230 71 217
2104	187 129 18 184
2105	180 152 58 151
2106	198 86 163 177
2107	206 50 128 2
2108	194 109 244 121
2109	44 231 53 240
2110	159 166 133 97
2111	135 90 153 214
2112	181 229 85 131
2113	173 240 115 26
2114	248 174 46 166
2115	139 197 186 130
2116	128 14 28 216
2117	86 63 32 218
2118	119 177 141 90
2119	117 53 172 206
2120	241 228 11 67
2121	173 16 10 145
2122	83 111 164 185
2123	89 217 30 32
2124	98 209 179 120
2125	236 35 116 126
2126	190 244 24 45
2127	245 99 114 82
2128	116 171 68 57
2129	235 110 4 39
2130	209 47 28 109
2131	218 64 22 204
2132	202 222 51 65
2133	247 170 122 139
2134	133 179 241 64
2135	65 59 35 169
2136	250 132 83 243
2137	23 249 54 113
2138	128 144 66 103
2139	145 190 212 142
2140	158 137 226 128
2141	72 57 147 78
2142	74 194 66 238
2143	95 36 123 211
2144	192 246 147 30
2145	138 190 192 31
2146	93 17 11 103
2147	25 3 59 127
2148	12 181 73 185
2149	28 236 122 151
2150	232 220 125 200
2151	208 215 82 177
2152	124 231 220 187
2153	209 138 146 245
2154	238 163 89 203
2155	211 192 90 164
2156	226 216 20 214
2157	167 194 2 182
2158	170 250 149 7
2159	240 108 154 217
2160	235 85 24 135
2161	68 182 133 237
2162	177 90 238 240
2163	21 34 168 27
2164	80 204 184 145
2165	89 123 101 53
2166	42 20 106 66
2167	118 61 199 113
2168	186 241 10 123
2169	78 32 150 17
2170	208 21 221 121
2171	132 85 189 84
2172	98 82 197 7
2173	48 51 127 151
2174	21 144 71 16
2175	54 41 33 132
2176	43 56 72 247
2177	40 192 33 169
2178	2 107 15 158
2179	103 213 69 87
2180	16 32 96 239
2181	215 205 48 183
2182	37 56 171 172
2183	183 67 105 157
2184	47 32 141 208
2185	102 177 164 91
2186	161 17 115 48
2187	166 81 161 49
2188	133 54 148 45
2189	238 244 163 241
2190	190 158 18 26
2191	158 175 222 90
2192	131 25 182 248
2193	160 186 41 22
2194	33 110 106 140
2195	220 216 93 199
2196	185 242 174 215
2197	225 2 232 220
2198	21 223 37 153
2199	181 92 76 33
2200	71 132 158 33
2201	174 116 113 77
2202	28 177 143 115
2203	53 14 139 194
2204	16 216 241 206
2205	189 177 64 160
2206	37 139 173 155
2207	215 67 148 236
2208	207 187 140 158
2209	232 221 32 138
2210	193 98 104 12
2211	11 51 52 133
2212	110 250 210 158
2213	237 66 200 41
2214	137 193 56 78
2215	65 45 44 174
2216	152 79 85 29
2217	8 37 127 115
2218	151 188 93 100
2219	140 141 29 218
2220	200 184 130 211
2221	200 207 35 201
2222	188 91 163 42
2223	71 191 10 233
2224	207 187 166 190
2225	157 112 45 69
2226	11 161 212 50
2227	66 114 141 234
2228	102 168 126 226
2229	181 141 32 205
2230	168 46 143 16
2231	19 16 180 204
2232	151 90 134 154
2233	60 236 154 239
2234	236 194 179 163
2235	130 227 145 175
2236	236 233 207 80
2237	168 66 29 219
2238	133 18 248 33
2239	36 196 158 161
2240	68 64 201 26
2241	177 147 155 59
2242	57 12 85 183
2243	66 211 20 138
2244	108 35 172 236
2245	203 150 172 63
2246	98 238 215 125
2247	189 246 25 224
2248	25 60 132 35
2249	16 150 241 228
2250	6 108 46 99
2251	118 223 193 122
2252	196 165 127 154
2253	104 230 201 108
2254	193 19 244 206
2255	123 236 188 199
2256	72 77 121 52
2257	2 23 135 159
2258	192 186 2 193
2259	130 59 235 153
2260	65 136 196 69
2261	129 53 113 43
2262	148 49 134 10
2263	224 118 184 25
2264	163 190 168 58
2265	134 68 130 174
2266	181 214 2 76
2267	5 130 166 124
2268	34 215 20 220
2269	139 125 103 122
2270	73 198 70 242
2271	57 200 106 4
2272	215 201 121 147
2273	5 219 108 26
2274	238 54 226 4
2275	83 216 166 191
2276	21 172 248 125
2277	112 65 3 62
2278	12 41 94 95
2279	207 7 155 139
2280	12 21 182 2
2281	19 190 89 197
2282	105 219 115 110
2283	118 73 117 174
2284	70 133 82 238
2285	176 46 64 2
2286	29 43 234 84
2287	55 151 65 232
2288	112 113 214 69
2289	91 139 76 112
2290	79 203 213 177
2291	80 44 170 180
2292	213 126 45 189
2293	110 10 52 199
2294	46 166 169 205
2295	212 236 125 50
2296	26 174 38 146
2297	227 147 163 23
2298	33 108 230 244
2299	119 249 215 104
2300	146 81 153 143
2301	159 47 219 214
2302	201 209 83 124
2303	15 217 9 135
2304	135 1 23 181
2305	219 120 147 8
2306	36 175 228 134
2307	120 228 117 163
2308	58 197 120 242
2309	146 33 16 8
2310	189 40 80 83
2311	103 29 226 204
2312	215 77 66 57
2313	98 12 103 100
2314	20 83 115 88
2315	33 86 231 78
2316	121 117 28 169
2317	124 90 205 115
2318	170 122 184 105
2319	249 77 27 234
2320	137 136 126 184
2321	25 245 234 33
2322	209 198 170 35
2323	79 156 30 209
2324	29 5 130 67
2325	119 60 167 222
2326	125 198 249 215
2327	3 47 50 37
2328	101 15 89 241
2329	103 20 238 208
2330	29 76 9 148
2331	128 184 226 179
2332	4 65 180 137
2333	113 234 138 91
2334	210 29 98 194
2335	38 69 182 159
2336	44 69 196 39
2337	166 61 225 69
2338	243 31 141 97
2339	160 94 100 20
2340	89 79 145 161
2341	121 102 23 217
2342	192 116 193 32
2343	65 216 182 214
2344	93 66 250 65
2345	227 191 53 40
2346	163 118 59 75
2347	46 203 122 64
2348	106 83 19 84
2349	134 141 131 210
2350	180 151 90 20
2351	64 222 41 162
2352	131 45 210 119
2353	78 226 43 209
2354	147 40 243 203
2355	140 45 221 30
2356	107 19 133 69
2357	11 90 91 209
2358	131 126 129 86
2359	216 44 54 119
2360	16 4 244 96
2361	72 135 17 153
2362	182 233 116 42
2363	157 27 162 113
2364	197 78 203 201
2365	215 127 16 20
2366	130 30 4 79
2367	97 195 197 24
2368	134 3 228 229
2369	193 75 60 85
2370	78 67 225 86
2371	107 239 83 124
2372	227 167 86 173
2373	198 233 114 123
2374	147 8 73 202
2375	148 161 50 37
2376	199 80 87 181
2377	133 227 234 230
2378	181 174 223 132
2379	218 90 175 100
2380	157 44 164 201
2381	19 111 51 12
2382	177 181 170 245
2383	238 46 192 150
2384	114 148 220 1
2385	130 220 185 214
2386	45 235 41 84
2387	21 183 171 205
2388	87 209 111 225
2389	13 219 156 109
2390	235 24 26 20
2391	104 211 92 232
2392	87 5 57 112
2393	148 165 188 49
2394	111 249 74 75
2395	146 99 93 244
2396	53 141 67 35
2397	98 145 147 95
2398	187 1 149 213
2399	109 231 53 102
2400	94 100 225 220
2401	179 122 156 40
2402	129 211 7 108
2403	196 109 142 26
2404	172 135 136 233
2405	184 21 123 250
2406	110 228 241 125
2407	21 80 84 87
2408	158 140 220 87
2409	108 196 149 126
2410	163 201 151 191
2411	68 14 183 224
2412	163 202 41 125
2413	27 214 95 62
2414	211 208 46 23
2415	86 220 66 226
2416	43 223 192 7
2417	10 27 115 239
2418	118 61 142 89
2419	184 149 109 56
2420	86 107 250 189
2421	237 141 57 150
2422	136 69 250 227
2423	229 77 102 212
2424	150 48 205 106
2425	85 223 148 106
2426	205 61 33 137
2427	185 191 217 120
2428	127 13 6 59
2429	221 123 243 218
2430	120 63 162 68
2431	131 231 118 137
2432	95 232 156 98
2433	136 182 234 128
2434	71 16 44 207
2435	57 186 168 199
2436	215 189 187 17
2437	106 161 110 113
2438	185 133 60 108
2439	150 66 230 160
2440	199 34 135 18
2441	57 29 54 50
2442	165 185 229 11
2443	5 43 44 243
2444	99 125 96 151
2445	110 43 67 1
2446	52 66 183 158
2447	190 248 139 133
2448	163 57 184 249
2449	206 131 79 229
2450	44 217 79 117
2451	63 5 193 87
2452	189 221 65 142
2453	48 55 80 146
2454	177 143 73 237
2455	84 187 102 35
2456	212 65 60 150
2457	153 226 184 147
2458	100 236 38 165
2459	68 91 7 170
2460	49 138 21 176
2461	195 227 76 96
2462	229 213 115 240
2463	165 138 150 168
2464	1 103 15 39
2465	143 27 74 26
2466	63 10 115 218
2467	231 94 5 7
2468	88 250 228 97
2469	162 164 193 211
2470	154 95 38 124
2471	123 98 97 39
2472	33 140 123 167
2473	208 77 196 84
2474	139 89 5 135
2475	47 79 15 181
2476	187 160 112 24
2477	44 86 229 109
2478	248 153 175 76
2479	182 151 208 74
2480	4 101 176 208
2481	29 133 85 115
2482	175 231 210 27
2483	135 206 61 27
2484	188 37 113 12
2485	163 117 43 6
2486	120 45 109 241
2487	201 177 208 243
2488	54 98 114 90
2489	114 44 124 115
2490	218 240 90 204
2491	160 67 195 8
2492	119 227 158 203
2493	6 233 131 30
2494	185 147 63 9
2495	200 174 144 78
2496	250 26 18 161
2497	53 176 185 55
2498	16 202 21 25
2499	66 237 152 58
2500	22 132 16 87
2501	220 169 3 236
2502	162 91 12 126
2503	144 44 223 161
2504	220 118 189 208
2505	101 177 246 1
2506	184 42 129 99
2507	218 117 65 240
2508	22 234 128 170
2509	71 189 70 227
2510	170 230 72 130
2511	222 134 189 116
2512	178 91 23 186
2513	41 145 72 140
2514	25 57 100 97
2515	103 79 22 231
2516	84 10 58 172
2517	233 66 148 5
2518	64 163 22 208
2519	245 156 90 246
2520	203 238 60 33
2521	189 87 78 115
2522	141 72 203 71
2523	200 70 96 15
2524	95 122 171 126
2525	47 167 219 185
2526	109 174 95 125
2527	34 114 97 173
2528	150 109 78 208
2529	181 35 14 18
2530	219 87 134 139
2531	173 15 217 136
2532	141 242 180 2
2533	111 18 64 180
2534	144 233 160 77
2535	181 109 218 128
2536	78 158 117 69
2537	152 204 86 181
2538	94 30 63 169
2539	228 181 15 167
2540	107 160 167 244
2541	85 201 151 5
2542	91 170 176 108
2543	49 151 48 243
2544	52 207 41 211
2545	195 55 135 139
2546	239 7 20 85
2547	37 91 7 244
2548	222 33 227 75
2549	81 242 147 48
2550	193 151 27 213
2551	142 97 173 240
2552	208 128 30 152
2553	215 149 11 128
2554	34 162 225 172
2555	88 146 5 56
2556	172 148 85 208
2557	18 88 178 209
2558	109 77 136 250
2559	218 96 114 121
2560	207 112 117 229
2561	64 155 11 14
2562	208 26 1 248
2563	91 54 118 151
2564	171 92 88 93
2565	59 60 221 19
2566	227 46 207 33
2567	21 169 167 9
2568	187 130 151 91
2569	66 157 248 4
2570	72 236 142 90
2571	65 201 223 206
2572	85 185 162 55
2573	15 153 243 107
2574	91 226 248 239
2575	5 32 37 241
2576	107 250 49 150
2577	77 106 90 36
2578	156 233 109 226
2579	230 100 30 113
2580	21 58 154 220
2581	83 63 216 158
2582	47 43 225 245
2583	174 62 122 105
2584	98 136 237 129
2585	183 73 37 206
2586	149 85 181 224
2587	84 20 121 15
2588	221 5 135 91
2589	46 60 135 225
2590	243 41 238 34
2591	171 8 77 86
2592	196 155 119 76
2593	184 152 158 117
2594	249 44 182 112
2595	26 190 79 171
2596	167 230 83 150
2597	63 86 158 18
2598	113 39 82 19
2599	230 89 44 5
2600	84 171 236 212
2601	218 156 222 19
2602	50 215 165 34
2603	170 190 89 17
2604	244 114 41 116
2605	162 200 5 56
2606	205 224 86 197
2607	121 89 159 160
2608	224 188 212 5
2609	165 219 134 127
2610	95 218 178 31
2611	211 167 133 61
2612	112 125 134 233
2613	85 247 222 43
2614	239 38 83 218
2615	222 91 210 119
2616	234 193 130 73
2617	198 190 70 219
2618	227 216 225 77
2619	218 236 156 214
2620	136 4 81 206
2621	79 130 204 109
2622	22 248 151 28
2623	67 209 95 15
2624	164 78 197 66
2625	110 185 166 163
2626	94 175 67 225
2627	236 200 72 209
2628	23 87 56 172
2629	36 48 95 25
2630	84 59 244 190
2631	32 203 163 232
2632	22 33 94 128
2633	37 171 151 237
2634	200 248 219 7
2635	70 217 249 215
2636	25 163 43 66
2637	87 88 179 31
2638	173 166 96 15
2639	248 97 112 103
2640	185 9 113 77
2641	211 221 43 113
2642	118 137 27 207
2643	125 29 81 24
2644	94 211 46 25
2645	36 39 160 136
2646	221 95 5 130
2647	142 181 24 250
2648	71 148 219 183
2649	108 42 31 139
2650	249 79 206 128
2651	169 133 29 194
2652	94 167 37 188
2653	10 55 181 36
2654	168 231 141 100
2655	217 9 196 178
2656	194 39 170 151
2657	122 181 172 42
2658	239 70 200 230
2659	162 27 13 12
2660	230 83 14 26
2661	185 42 230 7
2662	10 142 250 244
2663	200 40 117 17
2664	223 188 42 206
2665	136 250 28 167
2666	190 193 245 22
2667	8 139 20 157
2668	31 62 44 78
2669	238 140 37 151
2670	203 81 112 250
2671	188 21 241 18
2672	186 67 68 131
2673	122 71 113 142
2674	33 202 19 64
2675	119 78 55 195
2676	39 79 167 212
2677	122 189 105 134
2678	37 39 153 233
2679	153 10 152 192
2680	169 122 143 160
2681	139 110 33 86
2682	197 204 240 231
2683	154 77 66 16
2684	63 81 32 41
2685	64 27 236 19
2686	126 228 65 98
2687	199 144 23 208
2688	159 117 124 75
2689	100 64 182 234
2690	184 92 85 65
2691	6 210 100 134
2692	227 150 117 144
2693	27 187 88 111
2694	115 73 89 183
2695	48 226 183 144
2696	180 57 149 197
2697	238 138 107 194
2698	87 112 5 77
2699	71 93 236 33
2700	154 124 28 87
2701	226 75 18 225
2702	126 215 144 81
2703	239 226 233 92
2704	188 206 58 95
2705	88 109 98 157
2706	19 149 183 223
2707	85 98 57 5
2708	133 249 26 144
2709	177 157 39 82
2710	160 18 196 217
2711	166 132 155 192
2712	105 241 126 25
2713	40 81 109 60
2714	222 28 114 51
2715	181 188 38 57
2716	246 88 51 180
2717	150 115 194 67
2718	30 185 15 245
2719	4 33 138 231
2720	160 241 41 154
2721	227 17 100 186
2722	175 50 223 152
2723	91 55 57 194
2724	217 165 44 105
2725	60 214 92 210
2726	196 175 5 239
2727	73 234 89 227
2728	222 107 162 105
2729	14 4 183 145
2730	246 187 217 104
2731	120 233 166 229
2732	248 137 154 12
2733	241 209 2 155
2734	188 56 43 33
2735	19 32 246 196
2736	20 28 41 249
2737	176 208 142 68
2738	183 112 78 232
2739	181 62 178 40
2740	17 86 227 157
2741	190 132 192 109
2742	69 240 14 173
2743	123 148 158 175
2744	61 121 34 144
2745	120 19 233 95
2746	221 180 46 42
2747	35 113 214 147
2748	182 37 200 144
2749	169 79 114 148
2750	83 242 152 121
2751	107 185 192 139
2752	141 114 127 7
2753	15 10 169 24
2754	167 241 219 216
2755	81 220 67 235
2756	45 88 21 203
2757	19 121 79 243
2758	99 77 61 70
2759	85 249 169 162
2760	53 209 113 78
2761	208 87 139 248
2762	116 153 159 31
2763	103 222 22 1
2764	222 33 178 84
2765	219 33 144 238
2766	172 57 2 1
2767	103 18 226 135
2768	236 218 7 49
2769	195 245 119 138
2770	129 115 92 80
2771	51 244 190 220
2772	84 22 99 101
2773	10 68 239 44
2774	175 180 118 216
2775	223 62 27 28
2776	231 82 150 7
2777	219 240 83 95
2778	35 244 239 183
2779	46 126 217 25
2780	88 82 222 192
2781	101 32 20 91
2782	28 30 12 80
2783	142 76 174 8
2784	70 198 130 197
2785	198 181 249 190
2786	16 204 13 97
2787	103 205 215 96
2788	96 39 151 75
2789	232 134 16 130
2790	179 24 204 154
2791	195 222 140 35
2792	11 198 49 183
2793	224 121 237 128
2794	81 245 48 33
2795	51 29 173 122
2796	177 194 171 132
2797	197 139 92 176
2798	61 224 182 167
2799	55 5 103 132
2800	48 96 231 210
2801	159 234 190 19
2802	12 169 30 54
2803	120 102 10 173
2804	83 226 174 192
2805	132 61 217 135
2806	221 92 44 119
2807	165 111 38 219
2808	183 130 105 203
2809	34 216 84 149
2810	227 44 70 97
2811	131 27 221 130
2812	154 64 42 171
2813	64 198 84 118
2814	203 60 150 132
2815	212 10 201 33
2816	237 70 120 191
2817	20 120 200 236
2818	229 29 148 60
2819	25 225 224 250
2820	84 27 116 177
2821	77 157 214 45
2822	79 27 127 178
2823	3 200 117 9
2824	102 105 54 13
2825	80 224 128 47
2826	1 210 229 89
2827	123 103 22 14
2828	171 135 132 216
2829	239 234 157 190
2830	1 178 131 69
2831	126 205 201 235
2832	24 215 102 179
2833	188 78 199 12
2834	234 43 188 165
2835	216 50 67 106
2836	175 178 237 132
2837	141 25 170 15
2838	134 221 216 72
2839	14 224 141 125
2840	65 113 111 31
2841	238 85 200 197
2842	9 59 160 156
2843	136 130 194 174
2844	168 202 227 127
2845	202 140 3 187
2846	115 201 204 28
2847	47 25 166 169
2848	120 173 88 48
2849	11 10 2 20
2850	56 176 209 166
2851	171 102 246 233
2852	236 23 110 22
2853	89 153 159 147
2854	148 233 167 107
2855	57 246 66 142
2856	92 181 109 202
2857	87 23 232 74
2858	220 25 161 92
2859	190 138 28 86
2860	171 133 137 103
2861	143 161 5 103
2862	118 59 158 60
2863	117 191 100 147
2864	127 64 6 216
2865	64 174 112 200
2866	6 130 4 237
2867	123 202 143 28
2868	150 175 204 182
2869	63 113 79 100
2870	24 57 106 235
2871	30 166 117 21
2872	203 196 112 223
2873	148 79 164 73
2874	98 216 121 161
2875	144 6 9 154
2876	157 29 125 50
2877	208 204 133 123
2878	128 157 74 85
2879	247 101 145 164
2880	220 39 170 249
2881	198 83 81 67
2882	178 145 111 39
2883	65 168 221 93
2884	79 115 34 46
2885	20 65 138 92
2886	248 125 173 140
2887	236 238 31 172
2888	90 98 170 145
2889	119 163 198 144
2890	65 77 237 53
2891	44 141 2 213
2892	210 83 214 103
2893	225 78 227 209
2894	179 205 14 90
2895	152 98 55 242
2896	164 49 208 144
2897	194 168 88 77
2898	99 83 164 132
2899	36 159 202 19
2900	38 30 94 63
2901	214 51 55 108
2902	30 21 165 161
2903	100 44 63 225
2904	193 94 194 125
2905	174 190 120 77
2906	157 114 72 66
2907	123 9 49 103
2908	209 1 136 114
2909	140 208 168 144
2910	191 86 247 189
2911	134 74 82 113
2912	7 42 47 148
2913	178 137 46 26
2914	154 71 134 143
2915	35 189 128 183
2916	222 93 21 87
2917	49 223 30 32
2918	162 113 129 65
2919	169 57 195 234
2920	150 221 64 174
2921	91 47 98 18
2922	240 67 9 39
2923	33 249 25 237
2924	69 108 155 237
2925	92 211 60 186
2926	228 58 61 183
2927	220 214 51 124
2928	15 100 125 114
2929	24 102 117 200
2930	155 236 139 206
2931	227 131 223 173
2932	176 50 106 244
2933	41 79 4 145
2934	24 111 208 38
2935	91 148 70 126
2936	122 115 193 3
2937	230 180 187 249
2938	90 202 220 113
2939	175 20 148 174
2940	92 176 215 47
2941	174 87 94 70
2942	119 133 37 247
2943	50 168 116 184
2944	207 153 226 84
2945	182 62 89 61
2946	176 163 200 58
2947	12 62 169 11
2948	5 76 155 137
2949	211 61 70 175
2950	147 190 191 188
2951	230 238 161 27
2952	28 11 199 5
2953	239 147 51 78
2954	195 41 186 106
2955	241 107 98 29
2956	203 120 51 54
2957	147 19 227 82
2958	46 198 72 218
2959	83 229 27 102
2960	214 103 13 248
2961	143 174 150 51
2962	169 23 79 229
2963	236 150 183 121
2964	248 34 186 78
2965	93 96 33 232
2966	143 29 159 213
2967	122 241 112 89
2968	74 155 22 150
2969	153 182 51 238
2970	68 48 42 153
2971	235 38 243 105
2972	207 22 59 200
2973	163 192 32 24
2974	193 214 191 32
2975	250 123 12 56
2976	241 190 174 90
2977	38 26 206 239
2978	232 225 124 71
2979	187 131 184 236
2980	202 35 23 113
2981	86 32 187 207
2982	224 166 175 47
2983	175 232 6 102
2984	203 98 217 236
2985	165 226 63 38
2986	16 184 3 171
2987	43 103 114 10
2988	53 105 12 169
2989	64 114 152 35
2990	16 93 89 142
2991	145 117 200 133
2992	152 105 89 235
2993	104 72 245 27
2994	163 129 52 204
2995	149 210 216 126
2996	223 128 232 152
2997	187 65 37 81
2998	250 144 218 41
2999	145 116 135 28
3000	129 70 33 101
3001	25 145 231 107
3002	211 127 40 247
3003	194 99 96 109
3004	105 169 175 25
3005	84 129 127 23
3006	32 57 201 39
3007	123 20 35 234
3008	105 236 149 215
3009	71 198 74 229
3010	38 121 52 99
3011	182 90 198 132
3012	24 86 75 247
3013	125 184 225 159
3014	62 182 68 90
3015	1 37 7 22
3016	106 203 122 193
3017	156 160 96 41
3018	132 154 114 113
3019	76 154 98 186
3020	207 68 57 124
3021	234 238 13 68
3022	39 75 9 111
3023	81 203 223 204
3024	29 106 231 87
3025	22 154 98 219
3026	169 13 174 59
3027	173 2 184 247
3028	249 86 47 167
3029	89 143 64 148
3030	17 44 134 61
3031	158 151 246 200
3032	116 153 80 147
3033	209 80 28 94
3034	10 195 201 25
3035	100 29 238 132
3036	86 102 180 225
3037	96 186 240 142
3038	79 93 67 138
3039	210 93 10 115
3040	22 50 245 5
3041	85 175 1 67
3042	243 101 37 191
3043	155 147 153 237
3044	8 95 92 141
3045	58 203 34 160
3046	107 122 129 144
3047	54 232 162 126
3048	64 206 59 74
3049	194 136 148 111
3050	180 82 120 178
3051	158 153 84 125
3052	75 132 82 150
3053	220 185 124 145
3054	17 175 144 24
3055	38 6 200 57
3056	93 198 242 208
3057	132 43 47 114
3058	233 3 39 216
3059	161 99 143 212
3060	162 152 27 173
3061	211 131 95 250
3062	75 179 166 38
3063	248 145 68 52
3064	105 72 99 162
3065	14 148 100 210
3066	175 115 80 217
3067	214 188 30 154
3068	174 218 9 88
3069	120 122 57 33
3070	182 125 6 165
3071	140 111 149 221
3072	12 52 247 200
3073	183 21 41 189
3074	229 132 135 186
3075	148 90 58 126
3076	77 131 107 115
3077	60 250 45 27
3078	164 224 46 67
3079	46 166 58 239
3080	53 184 143 92
3081	39 144 100 64
3082	81 116 191 195
3083	98 42 129 184
3084	117 185 107 19
3085	149 223 234 151
3086	193 179 202 133
3087	110 72 56 115
3088	238 30 23 151
3089	136 228 117 236
3090	50 22 100 89
3091	175 141 205 27
3092	179 20 236 201
3093	7 50 149 44
3094	179 191 140 29
3095	171 174 88 129
3096	110 12 23 250
3097	71 15 176 146
3098	241 172 16 185
3099	142 63 157 4
3100	83 125 93 67
3101	197 67 82 242
3102	248 146 164 16
3103	45 55 27 42
3104	91 249 64 92
3105	108 90 100 42
3106	38 215 219 51
3107	166 183 210 212
3108	80 153 134 94
3109	9 29 106 74
3110	222 80 106 178
3111	29 81 101 163
3112	179 11 194 97
3113	89 41 237 66
3114	30 161 55 18
3115	123 25 29 232
3116	184 3 77 226
3117	149 36 38 95
3118	93 47 128 52
3119	112 174 214 150
3120	158 218 81 203
3121	90 169 14 172
3122	15 165 148 129
3123	46 223 44 19
3124	28 132 187 46
3125	41 147 63 35
3126	185 104 25 61
3127	124 216 160 229
3128	161 29 241 63
3129	240 25 46 182
3130	44 101 244 63
3131	171 136 147 27
3132	166 5 148 74
3133	80 236 61 40
3134	144 6 110 124
3135	244 133 196 11
3136	37 51 211 82
3137	41 143 90 184
3138	96 100 166 182
3139	152 127 144 19
3140	229 55 193 56
3141	247 197 120 91
3142	229 249 62 195
3143	29 154 191 160
3144	56 135 140 163
3145	211 57 185 247
3146	226 217 189 14
3147	198 54 47 85
3148	249 141 80 99
3149	198 148 179 74
3150	220 182 154 248
3151	234 218 225 65
3152	58 174 139 79
3153	75 229 176 190
3154	192 180 5 245
3155	112 148 42 223
3156	133 18 33 86
3157	85 4 199 228
3158	224 240 171 145
3159	245 125 55 149
3160	77 237 171 192
3161	37 202 249 223
3162	27 239 129 117
3163	77 1 118 216
3164	90 215 20 45
3165	41 85 50 104
3166	9 227 241 243
3167	240 242 113 199
3168	76 149 183 159
3169	48 88 244 199
3170	212 144 149 239
3171	50 104 70 118
3172	244 97 147 35
3173	150 37 197 124
3174	134 183 148 135
3175	169 41 55 200
3176	145 140 185 15
3177	184 102 204 177
3178	158 14 150 239
3179	84 126 83 72
3180	250 12 213 81
3181	23 45 209 16
3182	52 192 93 225
3183	122 163 115 149
3184	116 113 150 125
3185	1 68 98 201
3186	182 122 109 83
3187	31 69 134 132
3188	29 204 14 208
3189	197 245 143 57
3190	131 126 193 144
3191	197 235 145 97
3192	71 208 103 68
3193	120 161 246 203
3194	193 26 212 224
3195	219 14 102 118
3196	114 71 234 115
3197	237 218 220 120
3198	237 20 137 8
3199	109 191 221 53
3200	219 142 94 53
3201	249 232 26 134
3202	91 227 80 219
3203	59 233 173 240
3204	143 66 73 237
3205	128 70 140 42
3206	164 99 46 85
3207	164 148 227 45
3208	200 146 48 11
3209	237 83 144 22
3210	240 161 119 171
3211	57 189 65 43
3212	80 231 46 106
3213	1 19 118 4
3214	222 211 16 116
3215	106 235 58 101
3216	129 55 98 17
3217	37 220 146 209
3218	127 173 91 165
3219	245 109 23 95
3220	220 159 105 169
3221	225 230 89 67
3222	155 40 56 107
3223	39 163 239 170
3224	24 230 143 200
3225	38 197 190 73
3226	128 218 152 210
3227	25 208 174 223
3228	71 44 2 119
3229	216 54 163 10
3230	73 234 177 61
3231	1 111 213 237
3232	93 169 227 190
3233	169 143 148 32
3234	158 230 207 223
3235	27 4 196 128
3236	129 225 42 5
3237	225 183 8 236
3238	179 172 248 96
3239	113 99 186 37
3240	104 40 207 110
3241	16 231 219 7
3242	32 27 199 158
3243	121 4 94 46
3244	116 113 1 122
3245	180 28 239 45
3246	202 170 57 49
3247	123 132 201 236
3248	35 74 73 119
3249	215 133 47 225
3250	53 155 144 240
3251	204 18 173 158
3252	70 212 53 218
3253	235 37 168 10
3254	142 110 13 58
3255	17 41 188 46
3256	117 220 37 157
3257	10 120 111 52
3258	54 168 30 244
3259	53 98 139 24
3260	137 10 205 161
3261	89 23 104 45
3262	56 1 187 176
3263	21 190 28 208
3264	248 202 206 17
3265	133 218 104 241
3266	189 116 170 214
3267	128 232 159 137
3268	34 218 247 55
3269	168 76 100 132
3270	181 128 40 154
3271	120 165 63 84
3272	120 226 152 98
3273	21 74 26 75
3274	161 14 176 117
3275	5 61 137 34
3276	152 243 194 190
3277	8 93 204 239
3278	192 215 218 235
3279	180 175 55 11
3280	98 13 86 42
3281	17 56 6 36
3282	218 210 36 87
3283	16 1 62 174
3284	129 82 81 144
3285	184 235 10 25
3286	79 35 80 124
3287	6 174 84 225
3288	134 81 169 84
3289	175 106 237 85
3290	60 22 12 156
3291	138 142 125 191
3292	245 7 211 165
3293	148 202 116 218
3294	1 95 108 16
3295	230 76 34 231
3296	58 126 113 235
3297	37 218 127 161
3298	59 14 207 106
3299	23 65 221 166
3300	34 181 5 189
3301	102 198 143 26
3302	22 38 56 54
3303	132 195 24 250
3304	158 144 175 182
3305	10 171 69 37
3306	153 36 210 67
3307	26 181 212 21
3308	220 69 59 148
3309	30 207 153 212
3310	71 111 226 92
3311	29 22 160 103
3312	143 165 192 25
3313	212 129 188 154
3314	37 165 159 228
3315	113 232 84 184
3316	123 21 45 168
3317	21 212 130 217
3318	21 94 241 142
3319	115 230 244 174
3320	128 219 8 171
3321	4 197 53 37
3322	151 125 46 26
3323	77 111 126 133
3324	153 84 40 249
3325	217 119 191 12
3326	58 189 121 102
3327	16 54 65 22
3328	160 184 109 1
3329	185 226 39 34
3330	14 174 67 74
3331	127 155 167 158
3332	151 197 99 245
3333	223 158 66 133
3334	74 11 34 73
3335	171 77 75 179
3336	232 111 178 165
3337	19 20 197 61
3338	151 243 248 188
3339	71 236 159 141
3340	124 233 118 68
3341	250 138 45 94
3342	4 19 209 136
3343	233 64 126 195
3344	242 153 127 225
3345	179 110 135 206
3346	88 197 142 93
3347	4 236 181 43
3348	128 134 111 27
3349	65 194 129 12
3350	244 152 216 31
3351	125 37 3 232
3352	216 190 170 182
3353	14 90 77 192
3354	248 199 76 247
3355	87 110 116 159
3356	241 165 149 56
3357	210 31 64 190
3358	49 110 87 48
3359	122 123 49 228
3360	169 192 166 39
3361	45 133 187 5
3362	112 8 200 150
3363	118 246 238 138
3364	56 232 85 124
3365	222 27 69 5
3366	58 233 222 140
3367	53 84 180 136
3368	109 191 210 224
3369	196 104 244 203
3370	143 97 27 166
3371	133 80 184 87
3372	225 177 50 58
3373	172 19 239 42
3374	150 2 98 104
3375	83 175 90 54
3376	151 44 65 220
3377	159 162 48 22
3378	103 198 91 218
3379	162 98 181 137
3380	178 148 98 158
3381	138 121 230 79
3382	7 40 156 203
3383	225 203 34 125
3384	119 82 52 57
3385	11 212 169 165
3386	141 154 101 244
3387	22 106 160 87
3388	132 198 125 211
3389	237 225 116 82
3390	250 227 107 193
3391	158 54 86 249
3392	53 34 19 201
3393	96 185 137 16
3394	217 209 27 13
3395	134 128 10 36
3396	218 189 53 107
3397	29 30 42 38
3398	74 20 23 227
3399	48 27 85 144
3400	207 100 209 46
3401	134 16 8 89
3402	143 26 37 150
3403	103 173 187 46
3404	87 105 32 188
3405	1 224 70 233
3406	209 76 149 6
3407	55 162 142 73
3408	164 95 75 91
3409	147 236 232 209
3410	231 250 145 46
3411	129 231 6 192
3412	165 183 18 209
3413	122 166 91 35
3414	113 111 59 43
3415	145 59 136 13
3416	191 113 46 236
3417	92 242 138 114
3418	164 45 95 88
3419	96 228 186 77
3420	249 3 64 220
3421	60 55 40 179
3422	231 66 169 159
3423	250 231 182 53
3424	243 71 137 222
3425	171 140 221 219
3426	40 27 112 6
3427	105 246 217 11
3428	120 76 108 74
3429	129 126 163 105
3430	79 231 138 193
3431	156 177 29 30
3432	172 244 151 133
3433	52 1 121 183
3434	211 9 3 237
3435	196 54 126 182
3436	61 36 88 222
3437	172 115 62 188
3438	216 149 82 42
3439	206 169 108 23
3440	205 148 108 15
3441	70 73 136 100
3442	58 97 149 190
3443	204 167 208 9
3444	205 235 87 192
3445	239 21 104 186
3446	227 201 241 182
3447	215 98 97 90
3448	80 121 21 246
3449	33 114 180 224
3450	69 42 244 45
3451	126 20 81 36
3452	113 103 146 134
3453	175 30 66 14
3454	64 247 208 30
3455	199 25 128 107
3456	208 249 143 38
3457	8 195 28 72
3458	111 205 169 204
3459	129 169 209 6
3460	178 163 107 52
3461	18 225 150 213
3462	143 198 96 18
3463	64 47 26 100
3464	239 2 70 183
3465	220 101 250 54
3466	6 13 118 35
3467	70 111 248 225
3468	9 76 124 103
3469	45 220 229 15
3470	59 141 30 29
3471	113 112 179 180
3472	159 210 59 179
3473	178 220 186 236
3474	42 37 104 13
3475	148 121 112 104
3476	143 71 200 80
3477	135 77 217 94
3478	51 149 78 33
3479	8 155 188 218
3480	31 244 203 110
3481	152 23 103 126
3482	43 67 225 150
3483	79 220 110 247
3484	233 162 150 211
3485	29 136 170 162
3486	83 143 250 85
3487	55 181 164 132
3488	29 37 69 140
3489	145 33 157 98
3490	127 39 48 75
3491	151 46 215 70
3492	12 82 147 153
3493	147 6 4 184
3494	186 185 27 187
3495	169 35 151 114
3496	74 196 26 208
3497	139 25 86 22
3498	229 14 155 42
3499	245 156 80 73
3500	66 57 11 94
3501	52 214 108 145
3502	85 166 52 27
3503	169 7 200 238
3504	206 61 239 244
3505	135 91 161 63
3506	42 206 17 32
3507	33 246 161 125
3508	87 20 138 133
3509	67 172 236 225
3510	167 62 217 147
3511	227 49 15 212
3512	185 141 97 167
3513	125 64 140 3
3514	62 138 105 218
3515	7 167 52 114
3516	221 153 128 185
3517	177 214 80 223
3518	122 106 74 158
3519	250 10 113 91
3520	37 206 23 42
3521	139 70 7 208
3522	161 141 126 128
3523	250 77 73 202
3524	8 84 46 168
3525	51 121 49 10
3526	98 250 241 195
3527	20 11 216 136
3528	202 49 79 110
3529	90 240 207 140
3530	130 125 80 226
3531	64 39 37 88
3532	56 170 46 78
3533	189 70 166 94
3534	183 135 9 204
3535	29 42 37 130
3536	117 200 113 82
3537	167 79 185 30
3538	200 231 209 150
3539	148 140 230 144
3540	14 103 4 187
3541	205 4 33 86
3542	77 33 74 63
3543	121 164 89 66
3544	186 130 189 12
3545	163 73 30 80
3546	130 250 222 61
3547	63 210 234 3
3548	95 206 103 166
3549	20 97 162 205
3550	98 160 176 99
3551	216 123 238 110
3552	78 128 124 54
3553	37 75 60 152
3554	207 176 63 228
3555	153 94 235 218
3556	30 158 50 29
3557	26 36 182 174
3558	152 116 28 159
3559	53 114 96 224
3560	175 132 185 199
3561	214 124 122 147
3562	187 84 209 150
3563	98 239 101 15
3564	48 165 238 212
3565	32 15 7 23
3566	191 219 27 62
3567	34 196 184 80
3568	116 237 134 189
3569	167 65 248 109
3570	158 103 44 223
3571	101 134 197 187
3572	125 9 101 150
3573	26 59 238 121
3574	151 86 170 4
3575	237 87 57 220
3576	226 6 210 46
3577	39 24 158 114
3578	10 227 73 118
3579	222 211 46 6
3580	105 178 91 219
3581	229 236 202 32
3582	114 144 168 15
3583	139 196 15 173
3584	43 68 137 49
3585	87 146 210 148
3586	148 62 27 5
3587	150 28 83 187
3588	175 153 196 193
3589	112 38 250 23
3590	148 228 231 164
3591	64 98 113 96
3592	103 203 31 137
3593	62 114 209 163
3594	228 183 236 157
3595	30 241 71 31
3596	46 49 192 76
3597	227 198 10 103
3598	211 203 149 155
3599	195 64 154 127
3600	32 215 184 240
3601	151 119 156 205
3602	218 247 111 88
3603	22 26 181 46
3604	215 181 201 38
3605	235 108 92 39
3606	59 130 71 58
3607	17 11 10 128
3608	192 127 195 10
3609	27 127 206 4
3610	89 112 1 20
3611	150 215 89 231
3612	20 30 165 102
3613	6 101 88 178
3614	11 2 228 176
3615	115 231 38 163
3616	195 92 70 109
3617	37 91 246 190
3618	165 101 58 68
3619	82 22 238 144
3620	149 11 112 190
3621	182 247 10 217
3622	162 186 227 190
3623	210 27 205 66
3624	175 170 183 165
3625	222 218 24 6
3626	20 244 242 205
3627	239 106 130 199
3628	162 86 158 61
3629	1 26 39 214
3630	180 39 194 55
3631	117 48 236 180
3632	82 206 66 123
3633	189 60 244 196
3634	76 87 176 119
3635	22 140 91 190
3636	125 113 197 191
3637	112 135 244 11
3638	85 64 1 62
3639	204 94 32 73
3640	70 147 98 224
3641	130 135 184 166
3642	43 78 174 188
3643	134 204 159 124
3644	39 91 223 37
3645	149 142 244 174
3646	138 140 102 50
3647	67 128 138 45
3648	245 116 238 135
3649	104 39 5 174
3650	77 72 222 5
3651	43 178 160 247
3652	242 213 127 113
3653	27 64 49 206
3654	203 116 133 216
3655	56 157 30 145
3656	30 189 54 152
3657	95 140 194 64
3658	41 77 82 157
3659	229 86 242 118
3660	126 55 26 178
3661	149 97 126 192
3662	89 136 1 226
3663	116 225 163 176
3664	97 4 178 113
3665	202 243 185 184
3666	211 49 92 167
3667	75 117 28 116
3668	45 206 110 148
3669	52 6 197 215
3670	58 230 16 32
3671	214 177 11 94
3672	149 207 206 87
3673	143 245 241 90
3674	6 70 53 231
3675	235 177 194 14
3676	142 66 248 84
3677	170 75 105 124
3678	171 109 183 61
3679	47 27 78 35
3680	194 126 147 187
3681	188 162 210 151
3682	98 38 68 123
3683	92 86 75 236
3684	216 179 194 130
3685	98 238 119 13
3686	74 30 6 129
3687	148 17 7 90
3688	166 50 54 169
3689	155 141 39 190
3690	34 239 221 159
3691	168 48 181 186
3692	10 233 35 36
3693	226 14 62 53
3694	118 106 186 222
3695	27 30 167 210
3696	34 230 200 160
3697	89 100 171 30
3698	1 175 207 72
3699	144 27 5 7
3700	43 98 10 131
3701	118 125 132 35
3702	166 188 97 5
3703	207 79 107 15
3704	238 183 157 4
3705	104 187 76 102
3706	34 49 195 84
3707	141 240 157 113
3708	37 62 129 17
3709	166 28 19 245
3710	197 150 202 48
3711	154 78 33 17
3712	52 87 167 114
3713	91 50 15 158
3714	26 58 1 209
3715	26 174 87 194
3716	6 132 98 206
3717	38 189 127 16
3718	185 202 215 103
3719	66 63 193 241
3720	64 111 10 223
3721	88 11 170 153
3722	176 40 141 68
3723	119 4 118 10
3724	182 222 84 202
3725	178 67 250 93
3726	249 29 181 177
3727	239 1 221 134
3728	221 129 196 19
3729	2 30 63 4
3730	13 188 108 48
3731	86 18 153 168
3732	234 247 123 82
3733	30 183 83 107
3734	154 49 133 96
3735	164 36 193 79
3736	181 137 197 182
3737	187 149 82 76
3738	77 91 203 211
3739	170 88 108 214
3740	115 196 22 144
3741	149 102 68 76
3742	173 33 147 237
3743	81 26 239 196
3744	200 38 32 205
3745	83 247 217 122
3746	187 166 107 248
3747	182 111 89 206
3748	210 18 244 129
3749	157 163 11 51
3750	14 210 33 143
3751	50 33 246 220
3752	208 192 122 108
3753	12 188 41 172
3754	35 7 25 145
3755	63 86 30 41
3756	210 28 11 101
3757	160 63 50 238
3758	181 176 191 131
3759	77 232 75 151
3760	35 197 16 115
3761	126 69 192 228
3762	140 174 249 225
3763	138 131 59 77
3764	14 168 104 166
3765	70 208 113 43
3766	135 104 83 73
3767	126 56 9 206
3768	12 234 36 91
3769	137 109 174 89
3770	238 114 56 98
3771	204 73 23 174
3772	157 71 200 150
3773	196 40 214 194
3774	32 197 97 70
3775	120 226 125 71
3776	247 190 244 235
3777	169 114 167 108
3778	160 239 216 28
3779	73 182 85 3
3780	250 30 39 131
3781	238 44 153 26
3782	156 148 55 87
3783	20 181 193 12
3784	215 118 99 110
3785	198 84 59 215
3786	152 81 83 53
3787	141 2 200 17
3788	143 53 28 124
3789	204 177 67 54
3790	113 240 64 1
3791	153 31 67 111
3792	12 115 59 99
3793	33 17 141 143
3794	49 226 244 142
3795	243 188 138 175
3796	57 241 15 229
3797	22 29 21 245
3798	220 218 17 123
3799	207 238 234 92
3800	213 182 136 135
3801	189 109 103 96
3802	122 75 147 188
3803	183 116 176 131
3804	199 224 234 162
3805	79 9 129 220
3806	169 32 186 231
3807	199 179 91 166
3808	18 146 233 71
3809	199 75 206 171
3810	236 182 33 38
3811	45 115 142 190
3812	237 184 190 250
3813	220 99 183 188
3814	83 54 156 120
3815	55 70 156 133
3816	196 59 232 91
3817	191 118 37 87
3818	223 118 36 81
3819	195 98 185 96
3820	128 179 114 29
3821	59 54 184 237
3822	111 120 241 17
3823	170 102 69 129
3824	218 232 222 17
3825	107 144 218 73
3826	99 233 63 30
3827	58 3 176 23
3828	208 148 106 54
3829	3 178 141 114
3830	168 40 241 246
3831	73 195 29 144
3832	201 250 221 160
3833	177 125 201 68
3834	240 197 91 7
3835	77 131 85 140
3836	146 228 104 59
3837	95 40 20 118
3838	213 196 180 31
3839	77 222 30 174
3840	34 111 35 68
3841	38 206 21 87
3842	156 180 247 78
3843	206 36 224 139
3844	150 246 34 85
3845	57 17 203 220
3846	167 100 133 36
3847	31 85 22 143
3848	63 103 116 62
3849	110 206 133 222
3850	66 45 95 82
3851	73 242 83 40
3852	16 35 202 158
3853	27 107 54 123
3854	35 38 40 58
3855	20 128 221 215
3856	60 56 177 113
3857	126 203 36 14
3858	65 171 225 232
3859	243 212 217 71
3860	68 126 201 36
3861	91 60 132 199
3862	167 98 109 142
3863	8 30 148 176
3864	94 85 139 98
3865	36 235 88 93
3866	94 167 53 204
3867	193 231 98 128
3868	190 187 130 91
3869	83 84 179 176
3870	235 162 145 210
3871	156 167 212 7
3872	214 190 244 110
3873	226 158 104 146
3874	65 154 107 241
3875	18 116 191 171
3876	135 137 55 80
3877	60 186 201 34
3878	209 198 186 54
3879	188 102 234 71
3880	174 3 21 118
3881	239 241 23 82
3882	190 224 211 121
3883	216 97 32 44
3884	148 172 158 36
3885	28 58 155 24
3886	32 248 83 246
3887	159 191 199 136
3888	197 57 53 86
3889	164 219 190 222
3890	189 107 18 50
3891	194 127 106 38
3892	166 204 56 142
3893	42 37 119 133
3894	72 226 175 155
3895	22 186 152 52
3896	185 57 81 46
3897	58 2 182 210
3898	27 5 114 208
3899	181 175 44 74
3900	80 113 225 171
3901	240 217 58 85
3902	168 192 95 198
3903	177 131 241 98
3904	59 17 16 70
3905	133 92 58 4
3906	39 215 47 106
3907	186 135 33 133
3908	167 189 126 135
3909	203 78 87 243
3910	128 222 70 194
3911	113 192 14 149
3912	77 169 225 250
3913	75 84 157 95
3914	90 155 188 103
3915	118 228 49 60
3916	89 147 193 4
3917	18 8 87 40
3918	74 4 102 201
3919	39 28 123 19
3920	34 238 239 62
3921	117 118 65 56
3922	133 182 14 214
3923	195 16 47 111
3924	68 83 28 129
3925	150 105 58 60
3926	243 35 154 210
3927	110 106 33 125
3928	196 229 228 250
3929	4 176 139 64
3930	32 71 215 96
3931	27 149 231 122
3932	115 239 201 237
3933	19 117 84 155
3934	121 34 197 72
3935	132 51 128 72
3936	105 92 143 95
3937	211 79 191 12
3938	47 28 232 73
3939	224 240 21 184
3940	188 225 7 126
3941	146 149 32 203
3942	53 211 28 27
3943	121 180 83 59
3944	131 141 138 190
3945	44 66 232 81
3946	87 115 118 75
3947	181 215 113 177
3948	169 49 85 188
3949	245 28 110 160
3950	172 7 195 216
3951	87 90 126 212
3952	134 105 148 115
3953	6 86 133 162
3954	110 211 75 134
3955	152 38 227 62
3956	249 87 240 131
3957	134 174 167 249
3958	56 183 190 176
3959	169 68 230 128
3960	182 249 115 40
3961	169 83 236 56
3962	135 64 32 230
3963	167 196 39 141
3964	127 116 26 99
3965	130 90 192 210
3966	129 4 84 30
3967	158 224 216 54
3968	224 175 169 34
3969	9 220 99 169
3970	54 104 11 131
3971	131 3 200 209
3972	107 97 52 71
3973	100 205 84 15
3974	31 187 170 11
3975	145 102 66 56
3976	174 122 71 211
3977	127 66 49 100
3978	52 124 136 128
3979	91 151 65 159
3980	158 38 71 4
3981	143 19 52 16
3982	249 45 200 143
3983	103 230 43 119
3984	140 203 152 25
3985	241 127 171 159
3986	237 17 213 37
3987	21 233 103 160
3988	105 225 148 76
3989	132 210 64 169
3990	52 68 128 163
3991	115 5 161 199
3992	214 187 9 192
3993	221 43 80 91
3994	5 248 119 112
3995	120 83 129 17
3996	23 179 151 81
3997	107 227 18 172
3998	80 1 247 44
3999	139 179 2 227
4000	182 147 126 229
4001	5 163 8 246
4002	98 153 181 233
4003	98 134 202 33
4004	244 178 48 147
4005	156 114 236 15
4006	140 159 74 125
4007	207 111 96 100
4008	226 138 7 130
4009	89 168 110 35
4010	62 54 220 6
4011	194 101 142 163
4012	175 123 29 144
4013	180 212 230 112
4014	243 115 217 218
4015	177 168 232 46
4016	19 36 194 47
4017	237 114 104 23
4018	4 58 142 153
4019	58 118 41 117
4020	64 125 82 175
4021	193 80 129 145
4022	229 147 90 65
4023	159 134 81 224
4024	64 155 52 106
4025	13 23 132 52
4026	246 175 195 74
4027	132 207 152 249
4028	77 189 138 1
4029	3 34 128 249
4030	117 55 122 24
4031	237 13 250 204
4032	172 22 188 230
4033	27 153 210 19
4034	29 119 24 187
4035	129 200 19 143
4036	75 112 171 41
4037	173 175 97 153
4038	56 229 63 108
4039	132 103 153 178
4040	187 185 135 103
4041	13 54 146 166
4042	116 175 139 197
4043	19 238 245 199
4044	229 124 74 123
4045	16 212 159 250
4046	96 23 2 152
4047	206 55 46 95
4048	180 171 133 116
4049	62 45 31 191
4050	6 183 140 115
4051	230 203 178 158
4052	135 31 6 7
4053	108 239 93 226
4054	65 120 180 79
4055	105 189 248 139
4056	28 157 54 10
4057	74 32 165 21
4058	117 105 157 131
4059	234 116 78 235
4060	216 81 230 15
4061	105 74 85 110
4062	3 103 191 47
4063	201 62 140 3
4064	39 222 12 65
4065	5 13 182 196
4066	241 4 186 199
4067	83 40 34 192
4068	176 240 30 113
4069	13 93 58 119
4070	165 180 93 234
4071	247 101 250 153
4072	188 46 75 219
4073	16 33 123 118
4074	176 71 242 4
4075	62 197 7 139
4076	24 211 1 188
4077	190 250 99 109
4078	123 201 208 9
4079	207 121 16 211
4080	39 157 163 48
4081	236 133 213 212
4082	230 128 24 89
4083	32 71 194 75
4084	26 1 142 29
4085	43 209 180 203
4086	122 81 1 134
4087	177 243 142 69
4088	196 67 109 181
4089	96 29 179 53
4090	43 86 233 34
4091	64 171 139 107
4092	246 6 201 37
4093	45 161 108 238
4094	204 146 187 154
4095	206 109 161 184
4096	230 27 70 239
4097	134 237 160 115
4098	240 150 99 176
4099	93 63 53 134
4100	235 28 121 146
4101	46 79 124 174
4102	68 209 185 242
4103	198 149 4 111
4104	207 24 228 235
4105	240 214 93 88
4106	17 212 18 85
4107	1 242 62 118
4108	49 42 53 183
4109	196 178 103 237
4110	151 184 214 226
4111	199 229 220 173
4112	223 229 155 56
4113	44 48 14 5
4114	9 103 138 46
4115	125 205 185 63
4116	86 240 110 132
4117	86 228 13 168
4118	73 139 156 176
4119	166 50 235 151
4120	79 29 231 159
4121	87 50 196 20
4122	76 93 25 158
4123	77 94 152 64
4124	124 211 226 177
4125	219 88 238 201
4126	51 139 57 174
4127	111 188 11 102
4128	211 19 237 115
4129	134 133 206 240
4130	136 245 36 186
4131	236 23 188 60
4132	175 142 9 143
4133	202 88 168 151
4134	165 26 147 148
4135	232 121 241 197
4136	1 77 235 114
4137	10 110 37 226
4138	154 18 17 25
4139	56 228 151 157
4140	41 176 196 222
4141	15 140 150 231
4142	113 247 3 134
4143	168 153 204 195
4144	105 142 135 61
4145	95 17 175 33
4146	171 226 208 174
4147	49 161 131 157
4148	186 22 96 100
4149	2 189 199 226
4150	49 104 226 102
4151	247 85 148 176
4152	155 82 48 138
4153	86 103 228 172
4154	6 242 227 70
4155	68 146 149 160
4156	58 232 144 112
4157	186 147 78 148
4158	170 63 10 218
4159	94 14 77 168
4160	228 18 69 212
4161	156 110 248 120
4162	244 66 5 175
4163	37 230 73 113
4164	228 226 193 48
4165	62 167 142 248
4166	138 238 230 161
4167	243 142 82 29
4168	194 224 109 197
4169	146 205 110 237
4170	132 127 56 188
4171	217 103 129 191
4172	233 231 159 242
4173	212 148 39 13
4174	241 173 169 127
4175	110 211 67 225
4176	73 249 138 21
4177	152 205 86 241
4178	28 203 194 247
4179	169 207 135 118
4180	232 233 158 61
4181	144 83 178 11
4182	150 52 10 142
4183	212 196 14 116
4184	31 108 243 47
4185	130 210 227 93
4186	6 85 84 8
4187	11 167 75 77
4188	111 71 3 172
4189	206 134 67 222
4190	156 218 229 64
4191	4 124 152 128
4192	126 186 95 93
4193	165 25 188 176
4194	250 92 247 219
4195	113 158 145 58
4196	163 58 182 217
4197	222 57 149 232
4198	10 105 237 134
4199	207 153 162 191
4200	193 232 222 164
4201	1 239 113 152
4202	125 92 140 167
4203	97 95 143 34
4204	209 243 198 9
4205	213 90 20 147
4206	241 236 186 223
4207	8 26 33 66
4208	243 51 201 23
4209	226 94 211 99
4210	20 123 197 121
4211	11 13 82 95
4212	44 197 148 138
4213	73 210 143 118
4214	72 139 21 131
4215	250 33 208 179
4216	232 30 147 231
4217	13 142 79 122
4218	12 190 151 68
4219	17 141 146 77
4220	194 161 99 90
4221	90 192 102 73
4222	65 187 75 241
4223	99 132 104 133
4224	130 35 70 163
4225	98 243 221 104
4226	53 185 57 166
4227	95 63 43 157
4228	63 81 177 175
4229	143 225 152 138
4230	94 235 58 134
4231	81 25 204 211
4232	133 197 90 186
4233	191 109 184 231
4234	30 200 69 187
4235	78 169 162 7
4236	166 30 186 215
4237	244 121 39 52
4238	235 232 213 7
4239	154 160 213 40
4240	188 197 216 205
4241	28 131 216 49
4242	29 152 144 122
4243	77 166 118 29
4244	33 110 187 160
4245	233 143 115 197
4246	54 170 74 24
4247	43 100 206 172
4248	61 128 6 249
4249	112 185 38 108
4250	53 27 229 46
4251	16 136 238 132
4252	108 204 86 24
4253	189 39 215 86
4254	222 111 141 42
4255	210 112 225 13
4256	101 188 104 214
4257	164 109 39 86
4258	146 69 224 57
4259	248 233 135 74
4260	60 201 89 123
4261	242 42 206 170
4262	106 72 80 98
4263	170 232 220 148
4264	145 227 231 24
4265	150 1 232 63
4266	88 146 94 249
4267	35 149 190 84
4268	215 175 98 204
4269	145 50 179 16
4270	168 79 71 1
4271	131 74 59 106
4272	132 39 75 229
4273	209 78 129 35
4274	108 57 178 148
4275	123 128 234 215
4276	79 107 36 230
4277	223 188 92 7
4278	47 60 103 209
4279	179 82 103 69
4280	163 58 231 160
4281	9 82 250 169
4282	182 190 77 27
4283	41 118 83 38
4284	40 7 138 234
4285	144 116 128 107
4286	194 108 55 70
4287	144 173 132 115
4288	243 210 245 130
4289	54 12 90 203
4290	44 89 146 61
4291	217 157 42 175
4292	226 231 243 78
4293	237 23 132 99
4294	32 6 232 75
4295	96 94 114 150
4296	187 153 245 29
4297	2 164 250 226
4298	100 116 240 104
4299	66 104 172 212
4300	47 236 128 181
4301	182 176 220 76
4302	166 93 124 109
4303	74 168 149 179
4304	35 10 237 160
4305	92 217 191 163
4306	85 50 154 184
4307	18 187 62 101
4308	132 58 182 3
4309	69 70 202 147
4310	123 183 226 71
4311	179 243 117 181
4312	116 70 142 233
4313	231 211 95 92
4314	239 131 98 120
4315	246 13 169 60
4316	118 61 139 181
4317	54 12 116 172
4318	246 217 85 163
4319	11 44 28 93
4320	173 182 246 136
4321	181 59 23 106
4322	183 59 220 99
4323	56 227 114 223
4324	2 188 180 131
4325	62 49 97 100
4326	220 46 173 152
4327	175 153 163 245
4328	174 12 49 122
4329	167 13 220 147
4330	173 234 160 91
4331	155 117 240 64
4332	227 194 241 73
4333	173 125 141 9
4334	36 175 91 93
4335	153 164 152 228
4336	191 22 215 152
4337	96 33 168 112
4338	77 138 193 103
4339	107 174 7 3
4340	157 203 15 165
4341	111 208 113 107
4342	138 132 74 12
4343	213 76 102 158
4344	156 188 160 120
4345	11 79 135 151
4346	204 191 161 8
4347	58 31 16 66
4348	47 102 59 129
4349	100 134 243 58
4350	12 167 188 153
4351	20 248 4 35
4352	210 237 28 206
4353	247 7 171 132
4354	184 88 248 180
4355	1 172 175 50
4356	235 113 5 250
4357	36 118 71 179
4358	48 97 187 95
4359	175 151 42 207
4360	50 234 166 170
4361	39 188 52 99
4362	206 82 63 13
4363	242 158 129 79
4364	186 167 150 34
4365	107 207 233 116
4366	249 81 213 66
4367	178 174 210 137
4368	62 224 63 92
4369	7 100 54 6
4370	213 79 142 160
4371	63 2 25 216
4372	213 48 13 33
4373	154 19 162 23
4374	187 169 54 186
4375	67 84 53 131
4376	151 7 51 15
4377	48 220 245 229
4378	58 160 171 129
4379	181 202 15 55
4380	130 90 174 43
4381	53 72 5 35
4382	183 218 47 70
4383	158 1 70 123
4384	118 95 130 104
4385	231 33 15 58
4386	76 233 130 141
4387	127 93 225 18
4388	123 169 84 37
4389	13 23 38 207
4390	44 142 174 54
4391	208 59 85 121
4392	70 118 236 143
4393	31 150 160 244
4394	243 18 121 139
4395	234 225 58 109
4396	230 177 84 150
4397	22 87 203 90
4398	186 33 166 135
4399	10 160 20 194
4400	22 54 163 15
4401	190 145 6 67
4402	225 26 58 114
4403	146 210 33 85
4404	103 43 88 58
4405	23 129 57 58
4406	58 236 240 31
4407	192 186 116 51
4408	189 2 43 106
4409	18 175 88 62
4410	70 110 6 245
4411	215 28 31 33
4412	95 211 93 183
4413	45 34 13 208
4414	238 85 208 224
4415	90 227 50 154
4416	96 246 236 53
4417	246 198 20 195
4418	224 194 199 33
4419	64 71 59 246
4420	127 180 77 167
4421	51 108 142 240
4422	24 99 137 109
4423	94 139 160 148
4424	131 233 224 89
4425	209 194 183 102
4426	21 53 3 91
4427	19 203 214 150
4428	74 66 244 32
4429	21 78 84 58
4430	120 217 199 194
4431	156 134 78 52
4432	160 132 115 231
4433	240 128 2 97
4434	201 40 209 110
4435	30 180 242 97
4436	88 70 140 40
4437	175 94 24 204
4438	214 210 46 59
4439	97 190 18 112
4440	131 211 172 61
4441	151 50 247 133
4442	96 196 10 20
4443	197 73 65 122
4444	7 246 235 96
4445	68 237 163 41
4446	207 137 29 112
4447	209 185 41 64
4448	63 103 86 149
4449	106 179 208 181
4450	28 140 85 136
4451	209 154 221 194
4452	76 250 6 149
4453	157 235 153 125
4454	222 103 12 92
4455	202 213 80 84
4456	41 214 148 103
4457	98 66 41 86
4458	183 249 54 46
4459	103 192 47 168
4460	98 132 92 230
4461	90 71 235 185
4462	33 121 99 52
4463	177 105 45 91
4464	104 12 73 165
4465	166 131 160 107
4466	90 95 86 118
4467	226 102 173 224
4468	135 159 146 152
4469	170 103 164 121
4470	120 38 151 50
4471	111 114 241 212
4472	36 42 144 188
4473	155 18 225 24
4474	39 33 113 37
4475	31 68 153 27
4476	186 196 60 163
4477	206 59 39 128
4478	237 185 239 188
4479	1 136 229 49
4480	213 67 100 164
4481	141 96 197 77
4482	56 39 1 94
4483	19 80 245 218
4484	5 221 138 87
4485	41 162 98 113
4486	102 129 114 21
4487	95 245 109 101
4488	193 148 250 50
4489	44 134 201 197
4490	51 49 185 206
4491	75 93 53 175
4492	100 152 222 242
4493	153 66 147 161
4494	218 201 116 93
4495	106 62 34 52
4496	107 178 243 106
4497	216 221 162 99
4498	64 161 116 189
4499	93 124 240 88
4500	31 169 23 78
4501	144 58 159 74
4502	123 164 176 221
4503	58 162 240 13
4504	62 149 152 57
4505	204 129 168 147
4506	227 135 75 36
4507	184 28 47 161
4508	217 181 245 48
4509	168 187 223 175
4510	40 190 126 228
4511	228 98 115 28
4512	212 169 223 220
4513	189 98 125 149
4514	190 112 150 25
4515	84 209 114 219
4516	204 10 127 60
4517	228 71 154 137
4518	96 9 20 58
4519	172 117 145 203
4520	211 209 238 108
4521	23 199 80 207
4522	129 69 164 245
4523	126 158 119 227
4524	94 68 125 235
4525	87 167 61 38
4526	206 37 242 218
4527	46 186 126 115
4528	64 192 228 243
4529	97 196 128 243
4530	100 185 97 23
4531	46 2 23 203
4532	217 61 81 95
4533	227 49 188 176
4534	4 11 220 79
4535	170 57 65 152
4536	112 35 244 101
4537	59 26 189 220
4538	171 242 97 95
4539	177 95 150 14
4540	122 65 72 13
4541	61 204 100 211
4542	88 40 226 149
4543	131 46 188 66
4544	76 173 8 159
4545	115 177 40 58
4546	42 28 218 48
4547	131 122 231 147
4548	179 102 133 73
4549	101 177 114 158
4550	5 162 122 172
4551	5 217 62 34
4552	194 175 10 210
4553	139 39 1 237
4554	142 133 216 20
4555	152 48 130 246
4556	8 83 26 86
4557	4 105 124 90
4558	151 176 75 131
4559	52 158 228 31
4560	129 69 215 124
4561	210 80 234 132
4562	201 42 68 41
4563	8 200 136 35
4564	87 220 126 83
4565	187 76 73 10
4566	103 84 97 47
4567	168 154 152 80
4568	164 10 210 31
4569	141 246 33 154
4570	107 113 213 35
4571	46 174 75 220
4572	234 21 35 173
4573	181 197 77 194
4574	249 237 66 199
4575	60 20 66 12
4576	62 106 163 121
4577	156 221 211 229
4578	15 235 206 35
4579	159 153 91 52
4580	223 48 131 33
4581	184 145 149 16
4582	135 36 38 49
4583	209 81 219 93
4584	120 91 247 84
4585	178 221 94 186
4586	145 224 101 196
4587	65 142 131 162
4588	129 40 9 74
4589	237 234 130 179
4590	141 43 96 116
4591	125 201 234 113
4592	223 171 2 15
4593	64 113 45 129
4594	4 169 181 57
4595	188 64 91 173
4596	243 21 178 121
4597	175 114 198 10
4598	137 109 120 166
4599	12 218 211 42
4600	21 181 168 171
4601	224 121 171 123
4602	126 158 183 30
4603	73 21 200 167
4604	33 131 19 213
4605	230 95 167 216
4606	158 82 79 245
4607	177 191 153 97
4608	176 73 174 114
4609	229 16 155 200
4610	21 227 50 140
4611	230 10 112 220
4612	113 183 250 39
4613	159 176 146 154
4614	236 4 40 246
4615	223 110 217 15
4616	70 43 114 112
4617	230 134 27 87
4618	66 71 152 115
4619	192 24 132 175
4620	229 53 219 177
4621	216 203 218 208
4622	163 172 33 119
4623	149 112 210 67
4624	47 15 154 193
4625	167 60 53 72
4626	82 189 9 223
4627	61 160 131 189
4628	116 111 193 56
4629	146 103 38 223
4630	182 5 172 138
4631	243 158 5 237
4632	146 179 110 223
4633	35 29 211 241
4634	40 216 9 212
4635	244 243 26 147
4636	42 164 80 45
4637	107 189 63 226
4638	77 202 226 28
4639	103 18 238 239
4640	47 20 46 78
4641	106 189 135 79
4642	114 127 224 38
4643	2 74 55 155
4644	118 151 217 43
4645	121 202 249 151
4646	17 1 111 7
4647	152 186 179 72
4648	46 159 124 101
4649	135 114 32 163
4650	230 33 154 126
4651	55 214 91 239
4652	95 41 165 203
4653	184 206 190 74
4654	235 29 167 170
4655	107 65 130 193
4656	10 5 155 58
4657	106 127 87 183
4658	89 169 134 189
4659	73 121 203 71
4660	68 127 231 114
4661	190 208 195 21
4662	229 74 165 4
4663	15 114 29 246
4664	142 177 228 214
4665	105 24 100 185
4666	59 104 227 92
4667	61 223 80 92
4668	73 212 245 186
4669	19 125 14 53
4670	134 158 111 21
4671	10 4 233 221
4672	204 111 167 180
4673	169 195 82 156
4674	77 75 213 150
4675	3 52 202 124
4676	228 59 218 114
4677	179 218 86 14
4678	176 16 207 119
4679	140 132 104 186
4680	98 4 185 165
4681	247 17 187 94
4682	171 37 61 224
4683	156 55 127 124
4684	23 229 20 61
4685	125 113 191 70
4686	50 135 110 72
4687	148 146 26 210
4688	155 200 97 229
4689	151 163 111 167
4690	235 79 248 247
4691	103 226 24 185
4692	147 178 162 116
4693	38 122 151 116
4694	200 96 246 86
4695	77 236 107 27
4696	158 250 205 109
4697	178 72 104 176
4698	64 59 47 209
4699	164 67 171 221
4700	242 191 244 249
4701	155 8 190 40
4702	87 26 187 131
4703	234 70 113 41
4704	118 2 120 62
4705	216 8 174 74
4706	133 241 99 76
4707	189 84 105 66
4708	143 228 126 47
4709	104 162 10 239
4710	30 220 196 230
4711	208 32 141 156
4712	86 164 30 65
4713	53 106 150 200
4714	184 130 82 158
4715	155 61 187 117
4716	120 86 127 210
4717	139 79 8 18
4718	74 117 16 201
4719	129 29 222 135
4720	29 5 109 177
4721	248 45 112 51
4722	211 132 107 55
4723	150 70 137 80
4724	24 157 168 227
4725	206 244 22 202
4726	111 15 158 47
4727	174 19 62 140
4728	204 147 209 92
4729	80 231 1 126
4730	187 1 161 78
4731	39 11 74 139
4732	116 17 61 246
4733	111 70 128 5
4734	169 226 147 55
4735	6 21 78 54
4736	128 59 210 203
4737	81 150 210 181
4738	77 16 177 212
4739	67 28 203 168
4740	230 34 8 139
4741	184 166 141 19
4742	114 127 107 37
4743	32 73 217 135
4744	51 44 60 152
4745	162 82 150 127
4746	216 89 54 37
4747	207 192 183 235
4748	22 145 59 166
4749	224 119 193 113
4750	204 44 33 162
4751	184 82 201 225
4752	197 18 51 243
4753	27 16 142 230
4754	45 33 49 81
4755	41 167 136 53
4756	60 77 185 115
4757	66 151 193 33
4758	120 28 227 3
4759	92 49 93 203
4760	226 183 77 68
4761	140 143 15 146
4762	22 132 104 108
4763	133 139 69 206
4764	225 200 113 92
4765	150 220 2 246
4766	112 240 145 34
4767	40 161 5 47
4768	122 63 219 124
4769	125 11 116 221
4770	12 82 195 237
4771	215 247 65 134
4772	116 222 144 28
4773	93 234 233 117
4774	47 155 181 191
4775	227 87 217 74
4776	44 245 27 232
4777	99 72 112 37
4778	205 233 55 7
4779	39 171 150 106
4780	85 63 161 138
4781	23 216 241 150
4782	154 67 182 86
4783	119 149 113 50
4784	41 197 206 37
4785	21 131 216 229
4786	196 222 86 191
4787	46 247 5 133
4788	26 168 169 185
4789	176 131 63 48
4790	171 147 62 72
4791	111 247 28 75
4792	245 212 19 208
4793	235 15 195 83
4794	172 142 165 78
4795	185 45 27 144
4796	109 220 138 51
4797	146 73 37 239
4798	206 154 177 10
4799	228 148 169 198
4800	5 165 106 250
4801	142 118 148 162
4802	30 207 232 105
4803	31 230 36 75
4804	47 143 128 214
4805	224 236 232 182
4806	31 45 244 179
4807	74 14 210 247
4808	85 74 93 184
4809	18 173 55 53
4810	58 161 240 121
4811	37 238 239 204
4812	86 107 211 8
4813	207 11 155 204
4814	75 12 115 14
4815	148 4 131 173
4816	56 37 131 100
4817	202 174 24 66
4818	74 10 136 21
4819	74 153 81 100
4820	140 40 44 49
4821	122 99 102 209
4822	151 161 192 126
4823	187 138 161 8
4824	137 66 203 59
4825	153 17 106 94
4826	135 78 163 230
4827	121 116 39 48
4828	30 57 4 73
4829	223 154 98 26
4830	230 41 86 112
4831	144 211 71 226
4832	151 240 224 233
4833	82 139 195 174
4834	91 114 233 66
4835	55 228 138 110
4836	32 104 240 125
4837	194 238 207 237
4838	52 208 69 188
4839	121 193 166 124
4840	89 214 116 60
4841	140 82 39 163
4842	50 12 147 108
4843	199 204 76 124
4844	63 77 17 219
4845	62 122 9 142
4846	95 56 33 18
4847	205 69 212 234
4848	234 103 192 42
4849	214 118 54 119
4850	187 211 196 162
4851	168 103 145 18
4852	232 240 133 57
4853	36 7 99 204
4854	163 4 75 183
4855	186 3 83 51
4856	205 13 164 195
4857	95 179 86 5
4858	199 141 142 112
4859	68 108 57 240
4860	29 129 182 121
4861	32 215 198 211
4862	114 31 33 217
4863	167 203 192 244
4864	182 99 63 112
4865	143 168 137 139
4866	27 203 230 221
4867	198 159 125 240
4868	145 148 197 166
4869	204 92 185 46
4870	15 71 78 83
4871	23 84 190 79
4872	77 109 80 238
4873	103 178 70 108
4874	179 175 187 116
4875	178 91 194 38
4876	35 97 172 196
4877	110 192 197 25
4878	9 241 11 117
4879	85 29 159 123
4880	53 121 54 60
4881	59 32 105 115
4882	187 45 210 250
4883	46 49 83 13
4884	153 201 115 169
4885	50 162 247 125
4886	229 71 22 235
4887	135 191 87 248
4888	207 135 246 228
4889	99 41 238 42
4890	119 248 182 204
4891	219 240 137 126
4892	117 110 131 22
4893	210 168 40 9
4894	232 126 244 153
4895	104 159 65 48
4896	98 177 16 107
4897	180 246 99 56
4898	169 215 235 147
4899	222 216 141 147
4900	157 143 242 207
4901	23 215 144 123
4902	234 181 221 30
4903	81 29 122 124
4904	124 66 213 216
4905	211 46 187 32
4906	91 226 234 160
4907	90 197 142 156
4908	55 126 145 41
4909	127 93 240 239
4910	168 217 229 249
4911	66 208 86 127
4912	29 119 12 18
4913	10 15 152 39
4914	246 133 154 147
4915	84 44 108 221
4916	209 55 119 97
4917	113 74 240 130
4918	72 51 91 35
4919	232 125 13 70
4920	53 207 244 10
4921	210 245 140 149
4922	81 62 36 15
4923	116 88 199 118
4924	242 74 108 23
4925	167 42 55 125
4926	236 26 167 223
4927	160 82 26 146
4928	152 27 214 231
4929	207 119 58 225
4930	222 242 240 235
4931	224 88 203 60
4932	84 19 173 201
4933	1 5 154 183
4934	223 87 73 78
4935	14 222 55 15
4936	168 41 225 22
4937	78 103 196 174
4938	219 101 137 107
4939	128 115 173 122
4940	39 207 108 193
4941	135 86 137 187
4942	124 21 65 236
4943	239 159 195 105
4944	130 17 235 148
4945	171 13 47 83
4946	11 110 201 80
4947	234 204 48 114
4948	211 154 222 226
4949	163 27 123 38
4950	219 160 122 118
4951	191 122 46 196
4952	152 248 92 21
4953	75 87 232 187
4954	201 126 131 73
4955	124 206 35 249
4956	159 70 74 36
4957	43 224 97 50
4958	54 160 33 243
4959	27 178 101 99
4960	87 239 196 197
4961	149 150 47 168
4962	210 122 58 85
4963	1 168 166 124
4964	210 13 211 44
4965	14 70 60 178
4966	87 212 131 175
4967	124 47 112 218
4968	162 119 203 10
4969	232 166 137 104
4970	77 173 212 232
4971	234 111 129 134
4972	75 86 7 241
4973	9 228 131 230
4974	33 84 45 183
4975	148 125 54 110
4976	228 146 171 234
4977	161 14 175 211
4978	8 77 165 85
4979	116 85 20 212
4980	132 47 250 142
4981	188 205 215 158
4982	37 104 102 25
4983	158 99 62 167
4984	230 208 241 121
4985	230 146 172 229
4986	77 234 42 171
4987	212 116 121 241
4988	1 211 96 205
4989	223 120 108 82
4990	45 215 238 217
4991	107 17 215 57
4992	43 158 6 219
4993	203 232 43 104
4994	174 162 55 36
4995	175 186 98 45
4996	37 20 249 71
4997	197 9 178 149
4998	3 231 73 152
4999	128 199 49 35
5000	36 142 178 75
