Class Times	5
Rooms	10
1	39	C	0
2	65	C	1
3	97	A	0
4	37	A	1
5	55	C	1
6	67	C	0
7	11	B	0
8	49	B	1
9	79	B	1
10	61	A	0
Classes	200
Teachers	100
1	26	3	C	1
2	74	5	C	1
3	52	2	B	1
4	72	4	C	1
5	97	2	B	1
6	24	3	C	1
7	18	2	B	1
8	69	4	C	1
9	78	2	B	1
10	64	5	C	1
11	28	3	C	0
12	69	3	C	0
13	62	2	B	0
14	20	2	B	0
15	26	3	C	0
16	79	5	C	0
17	53	3	C	0
18	67	3	C	0
19	2	3	C	0
20	58	5	C	0
21	84	1	A	0
22	66	2	B	0
23	55	3	C	0
24	17	3	C	0
25	58	2	B	0
26	22	5	C	0
27	76	2	B	0
28	50	1	A	0
29	61	5	C	0
30	19	5	C	0
31	13	2	B	0
32	5	1	A	0
33	24	4	C	0
34	67	5	C	0
35	31	4	C	0
36	95	5	C	0
37	47	4	C	0
38	61	4	C	0
39	96	1	A	0
40	12	1	A	0
41	45	5	C	0
42	32	3	C	0
43	43	3	C	0
44	93	4	C	0
45	30	3	C	0
46	17	3	C	0
47	49	1	A	0
48	64	4	C	0
49	87	4	C	0
50	54	1	A	0
51	35	4	C	0
52	7	1	A	0
53	96	4	C	0
54	44	4	C	0
55	98	4	C	0
56	4	2	B	0
57	89	2	B	0
58	84	5	C	0
59	36	5	C	0
60	63	3	C	0
61	68	3	C	0
62	97	2	B	0
63	82	5	C	0
64	31	3	C	0
65	27	5	C	0
66	32	1	A	0
67	11	3	C	0
68	59	4	C	0
69	13	4	C	0
70	63	3	C	0
71	83	4	C	0
72	38	3	C	0
73	41	3	C	0
74	36	5	C	0
75	41	2	B	0
76	1	2	B	0
77	52	4	C	0
78	54	3	C	0
79	42	2	B	0
80	90	2	B	0
81	42	3	C	0
82	78	1	A	0
83	76	2	B	0
84	12	3	C	0
85	77	3	C	0
86	46	1	A	0
87	56	1	A	0
88	83	3	C	0
89	44	5	C	0
90	75	5	C	0
91	73	4	C	0
92	87	4	C	0
93	49	4	C	0
94	98	4	C	0
95	34	3	C	0
96	56	5	C	0
97	85	2	B	0
98	34	5	C	0
99	81	4	C	0
100	2	4	C	0
101	20	2	B	0
102	94	4	C	0
103	46	5	C	0
104	30	5	C	0
105	51	3	C	0
106	80	5	C	0
107	72	1	A	0
108	91	2	B	0
109	81	1	A	0
110	35	3	C	0
111	28	4	C	0
112	47	4	C	0
113	70	3	C	0
114	50	4	C	0
115	55	1	A	0
116	14	4	C	0
117	60	3	C	0
118	94	1	A	0
119	7	2	B	0
120	4	1	A	0
121	6	2	B	0
122	9	4	C	0
123	37	2	B	0
124	6	1	A	0
125	68	3	C	0
126	57	4	C	0
127	3	1	A	0
128	27	4	C	0
129	95	2	B	0
130	92	5	C	0
131	29	4	C	0
132	71	2	B	0
133	57	5	C	0
134	100	3	C	0
135	90	3	C	0
136	23	2	B	0
137	3	1	A	0
138	99	3	C	0
139	79	1	A	0
140	25	3	C	0
141	33	2	B	0
142	74	5	C	0
143	18	5	C	0
144	53	5	C	0
145	93	2	B	0
146	38	4	C	0
147	8	5	C	0
148	100	4	C	0
149	8	2	B	0
150	86	1	A	0
151	88	2	B	0
152	62	3	C	0
153	15	3	C	0
154	23	3	C	0
155	99	3	C	0
156	5	4	C	0
157	15	2	B	0
158	37	4	C	0
159	59	5	C	0
160	71	3	C	0
161	65	2	B	0
162	45	5	C	0
163	60	2	B	0
164	22	5	C	0
165	40	3	C	0
166	82	2	B	0
167	1	1	A	0
168	9	2	B	0
169	91	1	A	0
170	10	2	B	0
171	66	5	C	0
172	10	3	C	0
173	25	4	C	0
174	40	5	C	0
175	14	4	C	0
176	16	5	C	0
177	48	2	B	0
178	19	5	C	0
179	75	2	B	0
180	92	4	C	0
181	29	2	B	0
182	43	1	A	0
183	86	5	C	0
184	80	3	C	0
185	85	5	C	0
186	65	1	A	0
187	39	3	C	0
188	39	2	B	0
189	70	5	C	0
190	88	2	B	0
191	89	3	C	0
192	48	1	A	0
193	73	1	A	0
194	11	5	C	0
195	33	3	C	0
196	77	1	A	0
197	16	3	C	0
198	21	2	B	0
199	21	3	C	0
200	51	1	A	0
