Class Times	5
Rooms	10
1	65	B	0
2	69	B	1
3	54	B	0
4	87	C	1
5	90	B	0
6	57	B	0
7	50	B	1
8	66	A	0
9	12	B	1
10	56	B	0
Classes	200
Teachers	100
1	98	3	C	1
2	29	1	A	1
3	5	5	C	1
4	46	1	A	1
5	68	4	C	1
6	98	1	A	1
7	71	5	C	1
8	6	5	C	1
9	57	5	C	1
10	92	5	C	1
11	27	1	A	0
12	38	4	C	0
13	39	1	A	0
14	43	1	A	0
15	1	3	C	0
16	14	4	C	0
17	13	3	C	0
18	28	5	C	0
19	15	5	C	0
20	81	4	C	0
21	22	3	C	0
22	73	1	A	0
23	29	2	B	0
24	59	3	C	0
25	9	5	C	0
26	75	1	A	0
27	27	3	C	0
28	73	2	B	0
29	49	1	A	0
30	21	4	C	0
31	46	2	B	0
32	41	5	C	0
33	30	1	A	0
34	64	2	B	0
35	100	4	C	0
36	11	4	C	0
37	68	4	C	0
38	10	2	B	0
39	9	5	C	0
40	49	4	C	0
41	77	4	C	0
42	7	2	B	0
43	28	5	C	0
44	43	3	C	0
45	14	4	C	0
46	59	2	B	0
47	97	4	C	0
48	82	1	A	0
49	45	3	C	0
50	7	5	C	0
51	66	5	C	0
52	39	1	A	0
53	55	2	B	0
54	66	2	B	0
55	20	5	C	0
56	26	4	C	0
57	80	2	B	0
58	94	2	B	0
59	50	2	B	0
60	45	2	B	0
61	5	4	C	0
62	10	3	C	0
63	74	2	B	0
64	8	5	C	0
65	77	4	C	0
66	42	1	A	0
67	22	3	C	0
68	38	3	C	0
69	50	1	A	0
70	58	5	C	0
71	60	3	C	0
72	33	1	A	0
73	88	2	B	0
74	71	2	B	0
75	40	4	C	0
76	53	2	B	0
77	70	5	C	0
78	36	2	B	0
79	52	2	B	0
80	76	3	C	0
81	54	1	A	0
82	75	1	A	0
83	80	4	C	0
84	90	3	C	0
85	33	1	A	0
86	26	2	B	0
87	23	2	B	0
88	62	2	B	0
89	21	4	C	0
90	78	1	A	0
91	52	3	C	0
92	89	4	C	0
93	64	1	A	0
94	99	3	C	0
95	53	2	B	0
96	37	5	C	0
97	93	4	C	0
98	60	5	C	0
99	40	4	C	0
100	42	1	A	0
101	65	4	C	0
102	8	3	C	0
103	88	4	C	0
104	94	1	A	0
105	1	4	C	0
106	17	1	A	0
107	56	5	C	0
108	99	3	C	0
109	65	2	B	0
110	86	5	C	0
111	79	5	C	0
112	44	2	B	0
113	37	4	C	0
114	87	5	C	0
115	18	5	C	0
116	23	4	C	0
117	11	3	C	0
118	100	1	A	0
119	93	1	A	0
120	25	4	C	0
121	92	5	C	0
122	32	4	C	0
123	79	5	C	0
124	67	5	C	0
125	19	1	A	0
126	32	3	C	0
127	58	2	B	0
128	16	4	C	0
129	87	4	C	0
130	70	4	C	0
131	67	2	B	0
132	69	2	B	0
133	85	4	C	0
134	13	2	B	0
135	35	2	B	0
136	47	2	B	0
137	34	4	C	0
138	44	2	B	0
139	61	2	B	0
140	81	2	B	0
141	18	2	B	0
142	2	3	C	0
143	48	1	A	0
144	72	3	C	0
145	19	1	A	0
146	84	4	C	0
147	12	2	B	0
148	91	4	C	0
149	86	1	A	0
150	90	2	B	0
151	76	1	A	0
152	12	5	C	0
153	17	4	C	0
154	82	4	C	0
155	31	1	A	0
156	57	4	C	0
157	36	1	A	0
158	16	1	A	0
159	25	1	A	0
160	97	4	C	0
161	84	1	A	0
162	15	1	A	0
163	69	5	C	0
164	2	3	C	0
165	78	3	C	0
166	96	5	C	0
167	56	4	C	0
168	72	5	C	0
169	91	5	C	0
170	62	5	C	0
171	95	4	C	0
172	54	2	B	0
173	31	3	C	0
174	41	4	C	0
175	85	5	C	0
176	30	5	C	0
177	96	2	B	0
178	83	4	C	0
179	83	3	C	0
180	20	1	A	0
181	55	4	C	0
182	47	3	C	0
183	95	1	A	0
184	35	5	C	0
185	74	1	A	0
186	61	4	C	0
187	48	5	C	0
188	4	2	B	0
189	34	4	C	0
190	89	3	C	0
191	3	3	C	0
192	51	1	A	0
193	24	4	C	0
194	3	1	A	0
195	51	5	C	0
196	24	1	A	0
197	6	4	C	0
198	63	5	C	0
199	63	1	A	0
200	4	3	C	0
