Class Times	5
Rooms	10
1	58	C	1
2	96	A	0
3	46	C	0
4	71	C	0
5	11	B	0
6	44	B	0
7	17	C	0
8	18	C	0
9	82	B	0
10	42	B	1
Classes	200
Teachers	100
1	56	3	C	1
2	31	1	A	1
3	3	3	C	1
4	64	5	C	1
5	65	5	C	1
6	35	1	A	1
7	51	5	C	1
8	12	2	B	1
9	57	3	C	1
10	94	4	C	1
11	40	5	C	0
12	80	1	A	0
13	56	2	B	0
14	5	4	C	0
15	93	4	C	0
16	85	5	C	0
17	22	4	C	0
18	36	1	A	0
19	9	4	C	0
20	88	4	C	0
21	27	3	C	0
22	10	5	C	0
23	94	2	B	0
24	52	5	C	0
25	89	2	B	0
26	30	1	A	0
27	50	5	C	0
28	53	2	B	0
29	10	1	A	0
30	32	4	C	0
31	51	3	C	0
32	11	1	A	0
33	63	3	C	0
34	59	3	C	0
35	50	1	A	0
36	68	5	C	0
37	30	5	C	0
38	28	4	C	0
39	9	3	C	0
40	27	5	C	0
41	41	2	B	0
42	83	1	A	0
43	84	2	B	0
44	55	1	A	0
45	34	2	B	0
46	14	5	C	0
47	19	4	C	0
48	95	2	B	0
49	6	3	C	0
50	76	5	C	0
51	95	1	A	0
52	42	2	B	0
53	18	1	A	0
54	31	4	C	0
55	4	4	C	0
56	39	5	C	0
57	81	2	B	0
58	49	2	B	0
59	6	1	A	0
60	48	2	B	0
61	25	4	C	0
62	42	3	C	0
63	34	3	C	0
64	75	5	C	0
65	38	1	A	0
66	41	4	C	0
67	63	4	C	0
68	88	2	B	0
69	90	5	C	0
70	46	4	C	0
71	19	4	C	0
72	40	1	A	0
73	16	3	C	0
74	60	3	C	0
75	37	4	C	0
76	92	4	C	0
77	67	2	B	0
78	17	5	C	0
79	7	1	A	0
80	59	4	C	0
81	97	3	C	0
82	58	2	B	0
83	18	5	C	0
84	25	3	C	0
85	37	1	A	0
86	49	2	B	0
87	3	2	B	0
88	74	1	A	0
89	39	4	C	0
90	23	5	C	0
91	97	4	C	0
92	28	2	B	0
93	78	4	C	0
94	87	2	B	0
95	43	5	C	0
96	85	1	A	0
97	57	5	C	0
98	93	3	C	0
99	35	3	C	0
100	53	1	A	0
101	47	3	C	0
102	8	4	C	0
103	65	2	B	0
104	83	3	C	0
105	17	3	C	0
106	77	5	C	0
107	72	2	B	0
108	1	5	C	0
109	72	2	B	0
110	68	4	C	0
111	48	5	C	0
112	55	1	A	0
113	2	1	A	0
114	8	4	C	0
115	75	4	C	0
116	89	3	C	0
117	11	1	A	0
118	81	3	C	0
119	73	2	B	0
120	61	2	B	0
121	78	1	A	0
122	33	5	C	0
123	23	5	C	0
124	64	3	C	0
125	70	5	C	0
126	91	4	C	0
127	69	4	C	0
128	77	2	B	0
129	91	1	A	0
130	36	4	C	0
131	21	1	A	0
132	80	4	C	0
133	20	2	B	0
134	14	5	C	0
135	73	4	C	0
136	66	3	C	0
137	84	5	C	0
138	87	1	A	0
139	61	3	C	0
140	2	2	B	0
141	15	1	A	0
142	69	2	B	0
143	43	3	C	0
144	47	3	C	0
145	20	4	C	0
146	82	4	C	0
147	45	5	C	0
148	29	5	C	0
149	66	5	C	0
150	70	1	A	0
151	4	3	C	0
152	32	1	A	0
153	46	3	C	0
154	15	2	B	0
155	76	1	A	0
156	98	2	B	0
157	60	3	C	0
158	33	4	C	0
159	7	4	C	0
160	99	5	C	0
161	99	3	C	0
162	21	5	C	0
163	29	3	C	0
164	58	3	C	0
165	13	5	C	0
166	45	1	A	0
167	1	3	C	0
168	92	1	A	0
169	5	2	B	0
170	12	2	B	0
171	24	1	A	0
172	90	4	C	0
173	96	2	B	0
174	67	5	C	0
175	24	5	C	0
176	44	5	C	0
177	62	2	B	0
178	13	1	A	0
179	62	2	B	0
180	38	1	A	0
181	82	1	A	0
182	96	3	C	0
183	22	3	C	0
184	86	3	C	0
185	26	4	C	0
186	52	5	C	0
187	79	1	A	0
188	54	5	C	0
189	26	3	C	0
190	79	3	C	0
191	16	1	A	0
192	98	4	C	0
193	100	4	C	0
194	44	1	A	0
195	100	5	C	0
196	86	5	C	0
197	74	1	A	0
198	71	4	C	0
199	71	2	B	0
200	54	4	C	0
