Students	500
1	165 198 25 102	4	5	0
2	4 153 58 190	1	-1	0
3	87 198 12 38	2	-1	0
4	98 14 51 114	4	4	1
5	2 44 105 72	1	-1	0
6	9 177 197 139	1	-1	0
7	8 53 121 168	1	-1	0
8	112 48 120 154	2	-1	0
9	9 100 22 164	1	-1	0
10	151 97 104 139	4	5	0
11	4 173 73 159	1	-1	0
12	199 14 125 52	2	-1	0
13	185 166 127 75	4	5	0
14	9 143 187 38	1	-1	0
15	155 140 130 17	4	1	0
16	36 196 108 106	4	5	0
17	118 144 26 112	2	-1	0
18	41 19 44 20	2	-1	0
19	198 104 139 150	3	2	0
20	73 30 36 17	3	4	0
21	101 66 19 122	3	4	0
22	11 107 156 20	4	4	0
23	118 198 164 60	3	3	0
24	20 108 85 121	4	2	0
25	82 156 21 80	4	1	0
26	101 114 174 134	2	-1	0
27	60 16 22 35	3	5	0
28	49 145 35 102	4	3	0
29	163 65 15 69	2	-1	0
30	170 85 175 91	3	3	0
31	83 182 152 188	3	3	0
32	14 155 32 187	3	5	0
33	5 119 28 186	1	-1	0
34	81 186 139 21	3	1	0
35	196 126 41 32	2	-1	0
36	31 21 97 35	4	4	0
37	179 181 68 112	4	5	0
38	4 166 162 157	1	-1	0
39	4 65 36 92	1	-1	0
40	108 97 159 140	4	3	0
41	81 170 108 97	4	3	0
42	154 36 140 135	4	3	0
43	86 173 114 65	2	-1	0
44	1 66 123 43	1	-1	0
45	194 184 75 142	3	5	0
46	106 172 94 130	2	-1	0
47	26 161 59 75	3	2	0
48	24 46 40 83	2	-1	0
49	7 24 89 50	1	-1	0
50	8 116 71 127	1	-1	0
51	79 154 200 94	3	1	0
52	71 165 133 11	4	2	0
53	43 86 173 78	2	-1	0
54	5 42 131 180	1	-1	0
55	6 96 142 135	1	-1	0
56	71 34 165 174	3	3	0
57	195 146 154 110	4	3	0
58	7 45 182 194	1	-1	0
59	36 91 94 54	3	5	0
60	33 142 26 51	2	-1	0
61	100 164 58 156	3	3	0
62	10 35 125 12	1	-1	0
63	171 154 48 47	4	2	0
64	94 152 98 40	4	3	0
65	98 146 154 157	2	-1	0
66	186 166 31 152	2	-1	0
67	44 120 152 190	4	2	0
68	1 129 149 71	1	-1	0
69	198 140 26 43	2	-1	0
70	31 47 78 104	4	2	0
71	118 91 34 93	3	4	0
72	117 72 111 147	2	-1	0
73	129 142 156 152	4	1	0
74	173 68 176 156	3	5	0
75	2 181 168 177	1	-1	0
76	39 110 103 76	3	1	0
77	46 112 50 110	4	2	0
78	37 111 115 71	3	3	0
79	124 75 129 101	3	1	0
80	152 184 157 98	2	-1	0
81	189 32 66 35	4	2	0
82	138 30 185 129	2	-1	0
83	10 21 82 96	1	-1	0
84	98 84 34 97	3	1	0
85	167 40 27 154	4	2	0
86	168 98 48 142	2	-1	0
87	2 57 200 174	1	-1	0
88	149 43 36 151	2	-1	0
89	157 112 66 83	2	-1	0
90	46 92 70 169	4	5	0
91	102 38 112 152	3	4	0
92	15 111 137 69	2	-1	0
93	17 175 60 69	4	4	0
94	104 169 124 194	3	1	0
95	88 19 108 27	2	-1	0
96	45 44 161 123	4	4	0
97	5 39 124 88	1	-1	0
98	3 192 140 84	1	-1	0
99	102 77 39 72	4	5	0
100	141 99 56 67	4	5	0
101	49 26 18 190	4	2	0
102	166 64 25 88	4	5	0
103	8 109 153 123	1	-1	0
104	10 14 145 32	1	-1	0
105	80 163 180 90	3	3	0
106	199 173 136 129	3	5	0
107	9 121 149 194	1	-1	0
108	84 39 119 25	3	1	0
109	105 43 61 163	4	4	0
110	1 58 59 83	1	-1	0
111	66 128 145 189	3	2	0
112	180 59 176 53	4	3	0
113	114 83 98 52	4	1	0
114	5 190 56 174	1	-1	0
115	167 36 161 59	2	-1	0
116	85 125 84 19	4	3	0
117	13 73 186 57	4	5	0
118	121 113 111 175	2	-1	0
119	37 44 29 110	4	5	0
120	60 97 162 23	2	-1	0
121	166 30 170 66	4	2	0
122	163 87 31 77	2	-1	0
123	144 142 70 143	2	-1	0
124	59 167 86 60	2	-1	0
125	9 121 19 15	1	-1	0
126	195 165 166 128	3	4	0
127	2 121 114 140	1	-1	0
128	105 183 165 158	2	-1	0
129	167 161 15 186	4	3	0
130	133 86 155 107	4	1	0
131	129 65 59 57	3	5	0
132	10 24 119 59	1	-1	0
133	49 47 189 12	2	-1	0
134	104 187 175 139	2	-1	0
135	12 161 199 149	4	5	0
136	1 151 143 101	1	-1	0
137	1 106 161 23	1	-1	0
138	6 34 49 116	1	-1	0
139	2 186 167 194	1	-1	0
140	119 109 200 92	2	-1	0
141	86 50 34 101	2	-1	0
142	65 37 105 39	3	1	0
143	199 35 46 30	3	2	0
144	75 133 137 136	2	-1	0
145	1 71 142 166	1	-1	0
146	50 59 52 97	2	-1	0
147	197 69 196 186	4	1	0
148	31 181 165 72	4	1	0
149	161 78 145 51	4	4	0
150	27 89 95 158	4	4	0
151	7 82 42 90	1	-1	0
152	125 169 164 60	3	5	0
153	2 117 174 52	1	-1	0
154	117 150 95 156	4	5	0
155	110 131 169 47	2	-1	0
156	33 149 98 12	4	5	0
157	17 128 182 117	2	-1	0
158	6 85 101 82	1	-1	0
159	3 102 106 23	1	-1	0
160	161 74 16 162	3	1	0
161	23 80 11 41	2	-1	0
162	86 102 113 154	2	-1	0
163	2 144 57 98	1	-1	0
164	59 133 40 115	2	-1	0
165	120 159 183 131	2	-1	0
166	18 101 16 156	2	-1	0
167	157 76 152 79	2	-1	0
168	112 66 84 124	3	2	0
169	71 44 12 45	4	4	0
170	200 50 176 181	4	3	0
171	82 81 132 118	2	-1	1
172	76 56 18 200	3	3	0
173	44 43 39 154	4	5	0
174	3 149 175 54	1	-1	0
175	138 12 185 37	4	3	0
176	3 177 188 16	1	-1	0
177	2 30 187 99	1	-1	0
178	149 124 192 26	2	-1	0
179	160 192 51 106	4	4	0
180	132 26 118 76	4	5	0
181	166 137 71 151	4	2	0
182	3 79 86 180	1	-1	0
183	82 20 128 140	4	3	0
184	3 123 164 127	1	-1	0
185	39 118 133 172	4	1	0
186	199 111 136 32	4	4	0
187	96 19 84 11	2	-1	0
188	115 35 72 122	3	5	0
189	6 155 89 129	1	-1	0
190	118 66 70 111	4	5	0
191	56 199 147 82	4	5	0
192	135 113 97 192	4	2	1
193	1 28 33 82	1	-1	0
194	26 35 58 148	4	5	0
195	133 32 82 195	2	-1	0
196	95 77 151 65	4	2	0
197	45 109 89 137	3	5	0
198	90 180 111 34	2	-1	0
199	111 37 12 162	2	-1	0
200	4 130 31 185	1	-1	0
201	83 40 62 173	2	-1	0
202	69 156 66 27	4	1	0
203	62 42 126 152	2	-1	0
204	3 114 171 85	1	-1	0
205	85 119 82 191	2	-1	0
206	4 149 198 46	1	-1	0
207	38 132 81 198	2	-1	0
208	26 192 17 99	4	3	0
209	195 15 129 36	3	3	0
210	17 194 124 122	2	-1	0
211	8 53 188 104	1	-1	0
212	27 101 42 173	2	-1	0
213	36 115 181 182	2	-1	0
214	124 174 45 87	2	-1	0
215	126 45 70 168	2	-1	0
216	70 195 98 44	2	-1	0
217	173 133 143 175	4	3	0
218	141 77 85 93	2	-1	0
219	42 27 19 59	3	5	0
220	91 118 117 50	4	4	0
221	3 48 119 97	1	-1	0
222	52 99 156 124	4	5	0
223	133 65 167 130	2	-1	0
224	45 96 58 136	2	-1	0
225	51 138 168 22	4	2	0
226	20 111 121 83	2	-1	0
227	5 163 141 155	1	-1	0
228	6 162 103 40	1	-1	0
229	49 122 180 178	3	2	0
230	114 56 142 42	4	3	0
231	81 67 192 79	4	3	0
232	36 103 22 66	2	-1	0
233	166 80 157 172	2	-1	0
234	49 68 59 178	2	-1	0
235	106 192 29 75	3	5	1
236	25 74 144 194	4	5	0
237	38 118 140 147	2	-1	0
238	40 36 70 116	2	-1	0
239	4 11 24 193	1	-1	0
240	192 130 92 182	2	-1	0
241	199 166 14 170	4	5	0
242	18 121 172 199	3	1	0
243	3 129 55 95	1	-1	0
244	70 84 15 47	2	-1	0
245	99 74 93 54	4	5	0
246	52 122 99 17	4	4	0
247	93 163 199 130	3	2	0
248	26 77 12 125	2	-1	0
249	155 199 106 168	4	3	0
250	44 126 59 47	2	-1	0
251	163 115 41 144	2	-1	0
252	13 189 138 79	2	-1	0
253	190 88 183 116	4	1	0
254	183 142 29 118	2	-1	0
255	8 79 181 198	1	-1	0
256	166 84 27 138	3	3	0
257	92 72 158 188	3	2	0
258	86 136 43 171	3	2	0
259	27 100 148 154	4	3	0
260	110 81 94 191	3	1	0
261	186 163 41 87	4	5	0
262	157 115 151 123	3	3	0
263	50 134 84 12	2	-1	0
264	4 134 130 18	1	-1	0
265	13 31 142 49	2	-1	0
266	7 174 153 87	1	-1	0
267	8 57 82 180	1	-1	0
268	1 118 66 131	1	-1	0
269	16 33 118 85	2	-1	0
270	112 103 115 150	2	-1	0
271	105 147 200 167	3	3	0
272	192 197 139 90	3	4	0
273	156 181 42 69	2	-1	0
274	35 150 137 175	2	-1	0
275	165 169 93 85	4	1	0
276	10 114 129 65	1	-1	0
277	84 169 154 12	3	3	0
278	3 62 158 105	1	-1	0
279	195 124 154 133	2	-1	0
280	66 148 53 150	2	-1	0
281	107 142 12 174	3	1	0
282	15 113 169 77	2	-1	0
283	127 180 137 104	3	5	0
284	18 179 123 100	2	-1	0
285	42 69 168 110	2	-1	0
286	3 50 199 112	1	-1	0
287	24 60 147 137	4	2	0
288	66 71 78 140	4	1	0
289	192 86 26 196	2	-1	0
290	145 175 59 79	2	-1	0
291	93 146 66 46	2	-1	0
292	16 156 39 15	4	2	0
293	40 194 153 172	4	4	0
294	19 69 174 42	3	2	0
295	17 78 38 118	2	-1	0
296	122 74 20 73	2	-1	0
297	11 195 156 73	4	2	0
298	39 93 166 180	4	2	0
299	200 121 40 43	3	3	0
300	17 152 135 14	2	-1	0
301	36 115 183 63	3	5	0
302	159 70 192 155	4	3	0
303	103 128 175 166	4	5	0
304	130 65 105 83	2	-1	0
305	90 111 101 38	2	-1	0
306	173 86 45 13	2	-1	0
307	4 52 32 132	1	-1	0
308	124 119 103 81	2	-1	0
309	165 128 131 138	2	-1	0
310	117 169 93 124	4	3	0
311	2 156 86 112	1	-1	0
312	4 91 130 48	1	-1	0
313	43 155 200 103	2	-1	0
314	132 103 139 15	3	2	0
315	190 188 86 156	4	5	0
316	130 123 127 200	3	3	0
317	71 75 151 182	3	4	0
318	59 78 129 99	2	-1	0
319	52 54 59 90	2	-1	0
320	94 172 51 149	2	-1	0
321	54 107 111 131	4	1	0
322	65 20 14 80	3	1	0
323	75 18 103 84	3	4	0
324	33 188 190 95	4	1	0
325	50 25 141 71	4	4	0
326	28 16 105 116	3	5	0
327	52 135 132 154	2	-1	0
328	10 155 134 140	1	-1	0
329	56 178 91 13	3	5	0
330	164 150 12 90	3	2	0
331	85 174 52 159	3	3	0
332	14 37 21 28	3	4	0
333	125 40 119 180	2	-1	0
334	180 20 132 125	4	2	0
335	60 194 159 48	2	-1	0
336	116 119 72 146	2	-1	0
337	91 51 90 71	4	1	0
338	10 86 76 194	1	-1	0
339	171 48 84 45	3	3	0
340	115 88 120 65	4	3	0
341	4 170 178 114	1	-1	0
342	99 164 31 111	4	3	0
343	168 148 172 171	3	3	0
344	8 130 47 149	1	-1	0
345	68 83 160 163	3	2	0
346	177 84 174 63	2	-1	0
347	41 111 135 113	3	5	0
348	115 74 140 120	4	4	0
349	189 55 75 174	2	-1	0
350	3 153 24 141	1	-1	0
351	7 22 126 152	1	-1	1
352	34 196 159 36	2	-1	0
353	8 120 64 115	1	-1	0
354	187 141 64 140	2	-1	0
355	143 33 193 19	3	2	0
356	110 62 155 196	2	-1	0
357	58 175 164 189	3	1	0
358	5 64 126 168	1	-1	0
359	165 39 187 197	3	4	0
360	3 159 31 14	1	-1	0
361	65 198 112 154	2	-1	0
362	38 86 20 121	3	1	0
363	47 79 85 91	3	4	0
364	99 195 43 137	2	-1	0
365	184 106 110 96	4	1	0
366	96 175 169 40	3	3	0
367	121 124 147 17	4	5	0
368	139 101 66 11	3	3	0
369	90 128 28 134	2	-1	0
370	111 68 16 194	4	5	0
371	121 89 77 38	2	-1	0
372	5 17 126 24	1	-1	0
373	46 15 44 167	2	-1	0
374	5 147 58 98	1	-1	0
375	187 130 58 47	2	-1	0
376	24 127 14 20	2	-1	0
377	107 27 122 33	3	4	0
378	67 72 69 110	4	2	0
379	91 177 156 21	2	-1	0
380	188 90 82 61	3	5	0
381	96 32 111 58	4	3	0
382	177 133 122 199	3	2	0
383	92 120 136 58	4	2	0
384	118 31 146 139	3	3	0
385	182 68 103 108	2	-1	0
386	123 40 190 36	3	4	0
387	118 32 150 38	2	-1	0
388	2 123 64 41	1	-1	0
389	99 76 21 166	3	1	0
390	6 73 69 193	1	-1	0
391	3 98 20 139	1	-1	0
392	139 80 43 148	2	-1	0
393	51 11 132 75	2	-1	0
394	131 57 112 121	2	-1	0
395	154 131 60 169	2	-1	0
396	131 144 45 70	4	5	0
397	7 61 199 58	1	-1	0
398	8 160 86 106	1	-1	0
399	6 122 116 34	1	-1	0
400	22 85 131 45	2	-1	0
401	126 153 60 74	2	-1	0
402	107 52 146 30	3	1	0
403	115 97 150 23	4	5	0
404	10 26 24 195	1	-1	0
405	173 99 142 150	3	5	0
406	176 31 131 109	2	-1	0
407	166 128 163 85	4	2	0
408	60 166 14 50	3	2	0
409	6 98 132 139	1	-1	0
410	2 144 112 195	1	-1	0
411	57 12 189 19	4	5	0
412	40 153 173 22	4	3	0
413	155 86 127 22	2	-1	0
414	71 129 154 128	3	5	0
415	123 163 130 166	3	3	0
416	137 113 183 146	2	-1	0
417	44 155 187 176	4	1	0
418	6 77 199 53	1	-1	0
419	143 199 73 132	4	4	0
420	148 102 44 65	2	-1	0
421	18 45 109 132	4	2	0
422	112 199 82 104	3	3	0
423	5 51 80 118	1	-1	0
424	5 167 111 166	1	-1	0
425	4 36 185 11	1	-1	0
426	106 199 67 28	2	-1	0
427	122 75 98 193	2	-1	0
428	9 75 140 16	1	-1	0
429	1 118 37 33	1	-1	0
430	122 95 43 189	3	3	0
431	136 174 29 56	2	-1	0
432	114 160 163 97	4	2	0
433	52 193 175 63	3	3	0
434	3 99 33 52	1	-1	0
435	3 20 151 62	1	-1	0
436	8 16 154 31	1	-1	0
437	150 17 59 89	2	-1	0
438	22 112 191 135	3	4	0
439	18 147 83 150	3	5	0
440	1 45 64 170	1	-1	0
441	41 95 44 184	3	5	0
442	84 21 145 47	4	2	0
443	4 197 97 147	1	-1	0
444	7 116 58 30	1	-1	0
445	1 192 71 114	1	-1	0
446	175 119 26 164	4	4	0
447	78 43 175 87	2	-1	0
448	121 50 148 109	3	1	0
449	156 133 91 161	3	2	0
450	140 52 157 95	4	1	0
451	95 179 79 153	4	4	0
452	49 123 99 190	2	-1	0
453	55 152 147 82	3	1	0
454	60 181 189 142	3	4	0
455	160 55 129 190	2	-1	0
456	115 37 42 66	2	-1	0
457	134 181 155 131	2	-1	0
458	47 42 149 18	2	-1	0
459	2 176 113 162	1	-1	0
460	129 81 53 45	4	2	0
461	60 182 118 174	3	1	0
462	4 11 87 25	1	-1	0
463	1 28 125 188	1	-1	0
464	149 188 140 156	3	4	0
465	182 133 78 137	3	4	0
466	133 30 169 193	3	3	0
467	102 184 157 80	3	5	0
468	142 45 88 177	2	-1	0
469	195 13 36 156	2	-1	0
470	136 17 66 40	3	1	0
471	7 20 148 144	1	-1	0
472	63 66 168 125	3	3	0
473	42 25 150 57	4	2	0
474	171 97 43 68	3	2	0
475	48 52 86 158	4	3	0
476	73 106 38 127	3	5	0
477	195 182 86 66	2	-1	0
478	9 63 102 101	1	-1	0
479	147 55 173 127	2	-1	0
480	142 82 23 24	2	-1	0
481	4 160 166 195	1	-1	0
482	119 115 22 156	3	4	0
483	115 98 146 141	2	-1	0
484	64 200 161 194	4	3	0
485	134 105 140 106	4	3	0
486	130 162 150 161	4	3	0
487	28 49 12 98	2	-1	0
488	181 61 196 101	4	2	0
489	54 126 183 81	2	-1	0
490	125 42 17 167	3	3	0
491	54 93 152 186	3	2	0
492	152 195 174 113	4	2	0
493	163 11 36 122	2	-1	0
494	169 128 178 137	2	-1	0
495	5 12 38 24	1	-1	0
496	183 32 162 72	3	2	0
497	54 159 105 152	2	-1	0
498	117 147 177 149	3	3	0
499	26 160 115 145	2	-1	0
500	8 38 47 129	1	-1	0
