Students	500
1	175 59 120 41	2	-1	0
2	4 87 113 95	1	-1	0
3	162 82 49 43	2	-1	0
4	143 107 38 141	2	-1	0
5	4 158 100 177	1	-1	0
6	141 173 89 134	2	-1	0
7	42 25 179 68	2	-1	0
8	187 163 194 20	3	1	0
9	43 26 64 88	2	-1	0
10	121 98 170 13	3	3	0
11	7 40 97 144	1	-1	0
12	200 118 138 173	4	1	0
13	38 79 92 93	4	5	0
14	5 71 193 81	1	-1	0
15	31 79 145 158	3	1	0
16	8 147 129 68	1	-1	0
17	6 121 61 133	1	-1	0
18	115 66 132 76	2	-1	0
19	9 170 173 190	1	-1	0
20	28 186 100 105	2	-1	0
21	185 32 109 112	3	2	0
22	106 132 11 38	3	1	0
23	157 143 38 160	4	1	0
24	1 126 86 72	1	-1	0
25	133 101 47 174	2	-1	0
26	54 13 42 151	2	-1	0
27	50 192 48 99	3	4	0
28	198 140 176 42	3	4	0
29	49 60 104 101	4	1	0
30	3 161 32 155	1	-1	0
31	149 113 85 75	3	3	0
32	200 135 38 116	2	-1	0
33	104 140 45 113	2	-1	0
34	6 139 38 74	1	-1	0
35	23 104 179 183	2	-1	0
36	80 90 155 187	4	4	0
37	8 148 97 26	1	-1	0
38	7 90 148 72	1	-1	0
39	7 147 166 133	1	-1	0
40	65 191 55 130	4	5	0
41	170 143 101 147	3	4	0
42	8 154 51 61	1	-1	0
43	8 178 89 59	1	-1	0
44	76 119 129 97	3	4	0
45	51 37 94 29	3	3	0
46	175 166 111 43	2	-1	0
47	37 13 122 113	2	-1	0
48	2 119 196 181	1	-1	0
49	9 200 80 130	1	-1	0
50	55 187 88 146	2	-1	0
51	151 31 122 165	3	2	0
52	7 102 84 194	1	-1	1
53	182 37 40 189	3	2	0
54	52 148 51 188	3	2	0
55	7 58 128 37	1	-1	0
56	105 37 29 142	3	2	0
57	120 152 79 62	4	1	0
58	28 18 176 166	4	2	0
59	1 24 72 63	1	-1	0
60	50 75 160 81	2	-1	0
61	124 175 140 32	3	3	0
62	5 118 41 93	1	-1	0
63	46 149 92 56	4	3	0
64	125 173 28 164	2	-1	0
65	109 29 170 132	4	1	0
66	104 145 94 178	3	5	0
67	191 33 27 136	4	1	0
68	38 187 198 60	3	3	0
69	194 131 118 85	3	1	0
70	38 143 145 62	4	4	0
71	93 17 83 176	2	-1	0
72	68 70 83 178	3	2	0
73	160 19 179 155	3	4	0
74	26 104 16 95	3	5	0
75	162 153 78 67	2	-1	0
76	28 130 45 80	2	-1	0
77	44 71 57 46	4	3	0
78	26 101 75 196	2	-1	0
79	3 26 57 145	1	-1	0
80	133 166 177 21	4	3	0
81	59 76 112 29	4	4	0
82	1 191 174 154	1	-1	0
83	144 192 143 39	2	-1	0
84	6 98 110 75	1	-1	0
85	6 53 84 158	1	-1	0
86	72 183 103 131	2	-1	0
87	30 120 33 71	3	4	0
88	2 121 102 159	1	-1	0
89	68 192 143 189	2	-1	0
90	51 65 182 114	2	-1	0
91	10 17 126 144	1	-1	0
92	153 200 110 36	3	5	0
93	5 110 91 27	1	-1	0
94	109 24 37 82	2	-1	0
95	33 121 178 105	4	5	0
96	147 16 89 181	4	5	0
97	135 77 68 35	4	5	0
98	103 154 55 163	3	1	0
99	64 122 149 139	2	-1	0
100	55 23 127 92	4	3	0
101	8 134 67 121	1	-1	0
102	141 174 134 26	4	4	0
103	108 176 121 63	2	-1	0
104	103 61 11 37	4	2	0
105	122 75 188 58	3	2	0
106	179 156 50 178	4	3	0
107	5 159 46 30	1	-1	0
108	9 83 173 27	1	-1	0
109	57 197 93 132	2	-1	0
110	171 39 194 86	2	-1	0
111	52 57 88 163	3	4	0
112	95 179 78 132	3	1	0
113	6 31 70 154	1	-1	0
114	7 165 38 37	1	-1	0
115	18 199 31 158	4	3	0
116	10 25 185 136	1	-1	1
117	10 58 14 161	1	-1	0
118	195 174 21 23	2	-1	0
119	50 194 90 79	2	-1	0
120	48 93 142 189	4	5	0
121	16 138 195 118	4	5	0
122	104 57 37 93	2	-1	0
123	155 118 52 184	3	4	0
124	51 146 175 195	4	2	0
125	6 37 62 33	1	-1	0
126	46 141 159 80	3	2	0
127	179 136 35 104	4	5	0
128	141 43 173 68	4	4	0
129	3 49 159 93	1	-1	0
130	163 70 15 84	3	3	0
131	147 42 110 45	2	-1	0
132	5 37 107 122	1	-1	0
133	122 128 77 14	3	5	0
134	93 122 168 109	2	-1	0
135	5 141 80 76	1	-1	0
136	114 20 178 40	3	3	0
137	162 198 123 15	2	-1	0
138	7 68 19 21	1	-1	0
139	38 102 195 85	2	-1	0
140	145 61 164 170	2	-1	1
141	41 60 31 67	3	3	0
142	176 191 199 34	3	3	0
143	59 170 46 62	3	2	0
144	167 23 198 158	3	5	0
145	194 144 90 140	2	-1	0
146	15 96 78 163	2	-1	0
147	82 36 196 103	4	4	0
148	164 181 63 180	3	2	0
149	198 186 52 56	2	-1	0
150	161 17 125 126	3	3	0
151	95 135 15 171	2	-1	0
152	45 196 26 147	4	3	0
153	1 148 77 56	1	-1	0
154	157 129 154 148	2	-1	0
155	107 11 134 140	3	3	0
156	125 147 191 57	2	-1	0
157	123 190 99 143	2	-1	0
158	42 16 106 34	2	-1	0
159	19 97 130 44	2	-1	0
160	2 121 166 179	1	-1	0
161	5 149 84 27	1	-1	0
162	116 28 147 164	4	3	0
163	77 54 198 75	3	3	0
164	12 34 145 144	4	4	0
165	64 145 153 93	2	-1	0
166	137 123 24 81	2	-1	0
167	71 43 156 142	4	1	0
168	66 115 38 159	4	1	0
169	103 63 86 72	3	3	0
170	31 59 40 165	4	5	0
171	129 187 38 57	3	5	0
172	185 187 147 73	2	-1	0
173	131 161 198 158	4	5	0
174	113 14 118 105	2	-1	0
175	107 159 43 16	2	-1	0
176	4 56 187 131	1	-1	0
177	9 181 67 53	1	-1	0
178	135 96 48 70	4	2	0
179	9 51 171 61	1	-1	0
180	51 55 53 192	4	4	0
181	171 93 118 36	2	-1	0
182	40 136 91 159	3	5	0
183	148 104 47 22	4	3	0
184	74 50 177 83	2	-1	0
185	119 186 144 33	2	-1	0
186	103 38 119 137	4	5	0
187	155 123 40 106	2	-1	0
188	52 91 95 138	2	-1	0
189	91 34 104 148	2	-1	0
190	78 144 63 200	2	-1	0
191	2 199 193 174	1	-1	0
192	33 11 108 120	4	2	0
193	197 194 47 135	3	1	1
194	45 36 47 11	3	5	0
195	158 176 28 136	2	-1	0
196	73 57 49 199	4	4	0
197	36 75 82 17	4	4	0
198	3 27 35 140	1	-1	0
199	182 127 179 188	4	1	0
200	126 26 168 81	4	4	0
201	59 173 15 66	3	1	0
202	9 118 81 151	1	-1	0
203	189 140 39 64	3	1	0
204	38 97 85 190	4	2	0
205	16 102 84 72	4	5	0
206	60 51 19 43	2	-1	0
207	3 79 99 120	1	-1	0
208	43 18 186 89	2	-1	0
209	1 129 130 191	1	-1	0
210	100 24 51 68	2	-1	0
211	145 30 142 70	4	1	0
212	120 12 34 65	2	-1	0
213	5 38 26 73	1	-1	0
214	197 32 51 29	4	2	0
215	1 98 122 83	1	-1	0
216	78 25 53 134	4	1	0
217	109 47 65 31	3	2	0
218	58 130 152 172	4	3	0
219	81 35 80 168	3	1	0
220	54 71 43 37	3	2	0
221	196 107 177 49	3	5	0
222	70 169 170 144	3	5	0
223	22 52 127 152	3	5	0
224	60 187 86 16	3	1	0
225	169 171 51 87	3	3	0
226	79 17 95 12	3	5	0
227	155 137 173 109	4	4	0
228	186 104 93 39	2	-1	0
229	122 85 86 147	3	4	0
230	169 45 111 145	2	-1	0
231	4 29 188 122	1	-1	0
232	112 43 119 166	4	3	0
233	17 200 141 140	3	2	0
234	66 81 157 55	3	4	0
235	163 121 106 101	3	2	0
236	11 141 131 93	4	2	0
237	8 69 139 84	1	-1	0
238	176 179 115 39	2	-1	0
239	134 181 14 188	4	2	0
240	8 154 42 55	1	-1	0
241	192 25 166 18	3	2	0
242	6 90 150 71	1	-1	0
243	85 125 57 23	2	-1	0
244	189 75 16 14	4	2	0
245	4 163 76 134	1	-1	0
246	3 144 148 56	1	-1	0
247	162 183 57 180	4	2	0
248	5 124 53 70	1	-1	0
249	63 38 125 134	2	-1	0
250	56 33 129 155	2	-1	0
251	189 15 159 20	2	-1	0
252	145 107 181 196	3	1	0
253	91 50 116 57	4	2	0
254	98 191 124 86	3	2	0
255	75 18 141 53	4	2	0
256	79 74 183 173	3	3	0
257	179 178 75 95	3	3	0
258	195 47 169 144	3	1	0
259	178 127 27 180	3	1	0
260	17 85 115 161	2	-1	0
261	91 133 64 184	4	5	0
262	91 113 73 117	3	3	0
263	169 194 91 153	2	-1	0
264	68 139 193 149	3	3	0
265	2 166 67 101	1	-1	0
266	82 95 15 60	2	-1	0
267	112 16 186 194	3	1	0
268	2 66 189 165	1	-1	0
269	10 106 38 12	1	-1	0
270	47 168 122 16	3	3	0
271	43 128 122 62	3	1	0
272	106 76 71 34	3	1	0
273	47 152 76 91	4	2	0
274	137 194 31 50	2	-1	0
275	114 30 15 162	2	-1	0
276	47 143 79 73	3	2	0
277	5 138 66 99	1	-1	0
278	196 50 151 68	4	2	0
279	198 39 177 184	3	2	0
280	92 194 120 160	4	2	0
281	116 191 151 200	3	5	0
282	190 86 99 124	3	3	0
283	17 20 80 163	3	2	0
284	21 193 24 17	3	4	0
285	91 133 142 60	3	2	0
286	181 16 106 51	4	1	0
287	96 46 35 190	2	-1	0
288	2 27 20 170	1	-1	0
289	162 63 183 177	4	1	0
290	96 163 182 135	3	4	0
291	160 63 102 69	3	5	0
292	120 195 141 135	4	5	0
293	187 34 144 13	3	5	1
294	13 67 163 91	3	1	0
295	133 50 79 38	3	4	0
296	166 94 182 135	3	1	0
297	194 96 199 169	4	5	0
298	26 170 25 106	2	-1	0
299	146 45 20 36	4	4	0
300	8 81 59 24	1	-1	0
301	163 14 196 43	3	3	0
302	19 120 37 172	2	-1	0
303	48 82 14 135	3	3	0
304	55 106 44 123	2	-1	0
305	5 115 35 200	1	-1	0
306	7 48 39 19	1	-1	0
307	128 84 133 15	4	5	0
308	138 153 159 155	2	-1	0
309	155 183 98 59	4	4	0
310	7 190 197 74	1	-1	0
311	103 70 90 101	2	-1	0
312	35 124 18 196	3	2	0
313	35 85 51 165	2	-1	0
314	5 142 82 124	1	-1	0
315	57 18 13 39	4	5	0
316	188 149 193 127	2	-1	0
317	2 116 75 169	1	-1	0
318	7 61 42 147	1	-1	0
319	122 184 172 169	3	4	0
320	10 55 91 150	1	-1	0
321	55 157 192 79	2	-1	0
322	8 81 92 46	1	-1	0
323	91 37 176 30	2	-1	0
324	4 35 110 37	1	-1	0
325	146 36 19 149	3	2	0
326	51 152 50 23	3	1	0
327	146 130 162 114	3	1	0
328	98 106 47 68	4	4	0
329	23 15 196 197	3	2	0
330	170 120 135 80	4	1	0
331	82 169 37 175	3	2	0
332	54 111 137 140	4	2	0
333	69 93 108 65	3	5	0
334	174 89 66 41	4	5	0
335	143 103 15 186	2	-1	0
336	21 47 39 84	3	2	0
337	116 91 21 186	3	3	0
338	55 143 22 98	2	-1	0
339	64 108 71 160	3	4	0
340	8 107 43 121	1	-1	0
341	79 58 103 14	3	3	0
342	2 35 103 26	1	-1	0
343	196 192 51 53	3	3	0
344	118 96 28 138	3	1	0
345	159 111 33 97	2	-1	0
346	181 84 16 164	3	5	0
347	176 36 185 35	4	3	0
348	2 17 29 85	1	-1	0
349	189 76 63 43	2	-1	0
350	133 31 52 79	2	-1	0
351	88 12 153 147	3	2	0
352	181 196 171 15	4	4	0
353	10 112 17 92	1	-1	0
354	10 13 129 30	1	-1	0
355	69 61 16 173	2	-1	0
356	9 69 194 97	1	-1	0
357	3 131 65 74	1	-1	0
358	134 122 39 57	2	-1	0
359	10 80 48 198	1	-1	0
360	3 33 182 85	1	-1	0
361	196 18 187 140	3	1	0
362	160 100 192 149	3	5	0
363	9 158 76 155	1	-1	0
364	166 149 79 41	2	-1	0
365	9 172 146 109	1	-1	0
366	76 181 54 12	4	4	0
367	6 68 111 150	1	-1	0
368	82 74 58 20	4	2	0
369	156 188 197 137	4	2	0
370	24 136 36 181	3	4	0
371	147 157 185 45	4	2	0
372	4 76 52 64	1	-1	0
373	71 21 50 149	2	-1	0
374	178 67 165 61	4	1	0
375	167 151 121 174	2	-1	0
376	169 91 20 109	3	1	0
377	3 96 18 98	1	-1	0
378	6 80 67 167	1	-1	0
379	10 125 142 121	1	-1	0
380	1 34 145 154	1	-1	0
381	6 68 149 45	1	-1	0
382	22 141 34 76	2	-1	0
383	8 165 66 20	1	-1	0
384	159 186 167 43	3	5	0
385	178 138 50 17	4	1	0
386	138 12 73 151	2	-1	0
387	10 188 120 76	1	-1	0
388	9 96 30 131	1	-1	0
389	6 100 74 119	1	-1	0
390	116 132 74 161	2	-1	0
391	139 159 167 32	2	-1	0
392	74 28 43 132	3	5	0
393	142 195 57 145	2	-1	0
394	131 17 12 81	2	-1	0
395	138 42 169 154	2	-1	0
396	33 49 39 132	2	-1	0
397	62 102 112 124	3	2	0
398	74 123 165 109	3	5	0
399	193 104 115 107	3	3	0
400	8 68 152 107	1	-1	0
401	143 138 147 31	2	-1	0
402	67 33 83 79	4	5	0
403	2 148 143 67	1	-1	0
404	8 171 121 181	1	-1	0
405	121 170 46 181	3	5	0
406	3 166 177 20	1	-1	0
407	7 27 134 193	1	-1	0
408	4 56 97 75	1	-1	0
409	12 121 191 100	2	-1	0
410	165 178 56 69	3	1	0
411	149 175 94 159	4	1	0
412	27 24 183 184	4	1	0
413	45 198 186 154	2	-1	0
414	119 190 138 145	4	5	0
415	4 128 137 194	1	-1	0
416	198 87 107 49	4	1	0
417	117 73 59 38	4	5	0
418	9 168 35 118	1	-1	0
419	68 24 122 65	2	-1	0
420	85 33 65 78	3	2	0
421	167 11 39 120	2	-1	0
422	10 85 161 33	1	-1	0
423	42 40 33 200	4	5	0
424	4 114 60 35	1	-1	0
425	174 47 190 183	3	4	0
426	25 182 51 169	4	5	0
427	154 45 37 199	4	1	0
428	100 34 49 122	2	-1	0
429	147 81 187 139	3	2	0
430	74 175 114 63	4	2	0
431	9 123 36 105	1	-1	0
432	135 118 94 85	2	-1	0
433	31 148 62 57	3	4	0
434	196 176 111 35	3	4	0
435	7 117 200 86	1	-1	0
436	87 49 103 189	2	-1	0
437	33 181 126 70	2	-1	0
438	6 132 160 199	1	-1	0
439	154 19 193 20	4	1	0
440	2 137 180 57	1	-1	0
441	2 55 18 27	1	-1	0
442	105 12 197 130	3	5	0
443	80 94 56 124	2	-1	0
444	35 186 136 85	2	-1	0
445	126 162 193 75	3	5	0
446	145 186 141 23	4	2	0
447	186 14 113 56	4	5	0
448	31 168 47 23	2	-1	0
449	7 25 57 189	1	-1	0
450	108 106 84 150	2	-1	0
451	60 126 139 130	4	2	0
452	76 134 11 190	3	1	0
453	75 130 70 53	2	-1	0
454	10 42 20 118	1	-1	1
455	46 16 168 143	2	-1	0
456	5 51 82 77	1	-1	0
457	51 198 148 115	3	3	0
458	85 180 11 127	4	2	0
459	194 105 157 46	4	3	0
460	5 141 69 18	1	-1	0
461	9 90 83 153	1	-1	0
462	5 182 22 28	1	-1	0
463	8 108 103 76	1	-1	0
464	120 140 176 123	2	-1	0
465	68 121 108 75	4	3	0
466	185 91 186 97	2	-1	0
467	188 84 173 118	2	-1	0
468	104 138 126 97	2	-1	0
469	122 117 19 200	3	4	0
470	16 124 105 86	3	2	0
471	2 105 110 150	1	-1	0
472	150 137 57 83	3	3	0
473	1 133 114 182	1	-1	0
474	7 109 28 189	1	-1	0
475	3 47 200 175	1	-1	0
476	3 36 87 48	1	-1	0
477	77 64 152 98	3	2	0
478	154 80 147 91	2	-1	0
479	52 141 163 43	2	-1	0
480	74 45 101 38	4	3	0
481	86 46 170 14	4	2	0
482	160 131 122 44	3	4	0
483	97 89 15 186	4	1	0
484	42 79 131 105	3	1	0
485	6 159 130 29	1	-1	0
486	132 73 94 116	3	2	0
487	114 29 30 61	3	2	0
488	99 192 11 48	3	2	0
489	191 54 60 27	4	4	0
490	10 29 36 57	1	-1	0
491	194 98 27 83	4	2	0
492	172 134 120 195	2	-1	0
493	8 105 174 170	1	-1	0
494	108 179 91 96	2	-1	0
495	166 63 141 127	4	3	0
496	21 186 22 118	4	4	0
497	3 24 88 82	1	-1	0
498	67 77 13 94	4	4	0
499	101 17 162 29	2	-1	0
500	35 99 17 88	3	4	0
