Students	500
1	91 187 83 45	3	2	0
2	98 82 34 192	2	-1	0
3	19 102 160 43	4	5	0
4	1 66 115 195	1	-1	0
5	111 80 182 150	4	5	0
6	22 111 53 109	4	1	0
7	46 132 63 99	2	-1	0
8	152 164 101 189	3	4	0
9	188 93 125 196	3	5	0
10	154 127 148 129	4	2	0
11	7 86 135 43	1	-1	0
12	107 116 104 83	4	4	0
13	9 49 152 68	1	-1	0
14	95 93 79 108	2	-1	0
15	106 84 64 44	2	-1	0
16	61 93 161 162	2	-1	0
17	133 53 39 36	4	1	0
18	77 55 38 21	4	3	0
19	6 198 66 24	1	-1	0
20	87 132 177 140	3	1	0
21	48 112 102 34	3	1	0
22	7 44 102 184	1	-1	0
23	114 14 105 143	2	-1	0
24	130 170 41 144	2	-1	0
25	91 107 75 49	4	1	0
26	6 190 122 57	1	-1	0
27	130 105 39 182	4	1	0
28	129 15 142 122	2	-1	0
29	4 153 67 121	1	-1	0
30	188 115 198 167	3	5	0
31	82 66 191 42	3	3	0
32	1 193 103 122	1	-1	0
33	11 142 60 43	4	5	0
34	185 27 29 75	2	-1	0
35	52 44 187 104	3	5	0
36	136 93 160 200	3	1	0
37	69 119 37 186	4	3	0
38	138 45 136 132	2	-1	0
39	198 152 115 153	3	5	0
40	144 193 25 190	3	1	0
41	132 28 67 195	2	-1	0
42	17 129 193 189	2	-1	0
43	23 20 154 162	2	-1	0
44	21 149 198 66	3	4	0
45	42 57 34 193	4	3	0
46	183 45 104 146	4	4	0
47	136 121 133 24	3	4	0
48	132 74 167 111	4	5	0
49	158 57 180 55	4	2	0
50	28 137 166 25	4	2	0
51	7 44 56 63	1	-1	0
52	45 37 134 79	3	5	0
53	85 156 12 198	2	-1	0
54	132 177 13 40	2	-1	0
55	7 184 180 139	1	-1	0
56	83 106 81 115	2	-1	0
57	194 173 188 189	3	1	0
58	39 192 87 132	3	2	0
59	9 101 98 40	1	-1	0
60	187 135 129 13	4	3	0
61	149 79 75 151	2	-1	0
62	14 76 33 55	4	2	0
63	127 32 27 34	3	5	0
64	106 150 133 62	4	1	0
65	184 137 41 112	4	5	1
66	64 180 66 157	4	2	0
67	84 90 167 129	3	4	0
68	3 32 127 62	1	-1	0
69	99 59 143 170	4	3	0
70	94 54 42 153	2	-1	0
71	165 190 191 91	4	2	0
72	96 120 62 41	2	-1	0
73	123 46 141 181	2	-1	0
74	195 89 132 120	4	5	0
75	13 114 62 80	3	5	0
76	38 110 57 35	4	4	0
77	87 74 66 101	3	1	0
78	126 150 58 53	2	-1	0
79	143 124 165 78	3	1	0
80	60 183 18 77	3	4	0
81	105 91 115 182	4	5	0
82	8 169 44 187	1	-1	0
83	153 75 121 85	4	1	0
84	176 140 101 190	2	-1	0
85	195 199 38 150	4	2	0
86	94 16 107 84	2	-1	0
87	89 171 11 197	2	-1	0
88	85 147 32 165	4	1	0
89	32 40 68 147	2	-1	0
90	109 119 20 89	2	-1	0
91	144 85 71 54	4	1	0
92	128 179 61 151	2	-1	0
93	93 30 98 111	3	4	0
94	4 96 170 16	1	-1	0
95	128 68 115 134	4	5	0
96	110 13 46 27	2	-1	0
97	115 28 87 19	2	-1	0
98	61 26 29 188	3	3	0
99	7 189 93 123	1	-1	0
100	180 46 79 65	3	4	0
101	84 77 126 167	3	3	0
102	107 123 77 26	2	-1	0
103	72 90 133 153	2	-1	0
104	24 112 80 167	2	-1	0
105	10 160 65 78	1	-1	0
106	107 130 42 25	2	-1	0
107	11 147 198 98	2	-1	0
108	152 14 18 196	4	2	0
109	8 103 84 100	1	-1	0
110	182 149 39 109	4	3	0
111	7 178 21 148	1	-1	0
112	8 129 108 179	1	-1	0
113	3 20 26 78	1	-1	0
114	9 47 27 190	1	-1	0
115	8 99 94 22	1	-1	0
116	158 194 186 48	3	2	0
117	157 84 200 68	2	-1	0
118	14 57 196 50	3	2	0
119	159 106 39 187	3	3	0
120	58 143 43 170	4	2	0
121	2 117 25 186	1	-1	0
122	131 101 54 141	2	-1	0
123	124 39 19 25	3	5	0
124	9 180 134 160	1	-1	0
125	152 84 97 25	2	-1	0
126	180 143 194 58	4	1	0
127	100 163 33 98	2	-1	0
128	39 44 55 20	4	2	0
129	169 26 59 69	4	3	0
130	3 107 51 121	1	-1	0
131	152 116 125 127	2	-1	0
132	85 133 77 128	2	-1	0
133	184 100 54 104	2	-1	0
134	61 162 196 65	4	5	0
135	7 151 53 32	1	-1	0
136	98 40 72 140	2	-1	0
137	174 34 92 68	3	4	0
138	8 129 61 136	1	-1	0
139	7 164 196 43	1	-1	0
140	9 89 11 66	1	-1	0
141	183 17 138 181	2	-1	0
142	7 74 156 32	1	-1	0
143	194 158 190 19	3	1	0
144	18 136 120 24	2	-1	0
145	1 169 140 21	1	-1	0
146	176 69 101 183	3	2	0
147	42 196 168 66	3	3	0
148	101 168 117 181	4	5	0
149	55 30 127 36	2	-1	0
150	37 152 48 126	3	2	0
151	95 70 35 98	2	-1	0
152	129 80 136 33	3	1	0
153	4 124 87 27	1	-1	0
154	44 136 200 67	2	-1	0
155	19 148 163 170	3	4	1
156	121 98 141 70	3	5	0
157	133 29 28 199	2	-1	0
158	121 94 11 135	3	5	0
159	188 196 179 81	2	-1	0
160	94 58 136 90	2	-1	0
161	46 27 83 152	3	4	0
162	14 140 42 200	4	1	0
163	3 87 134 83	1	-1	0
164	2 57 164 148	1	-1	0
165	189 97 80 51	4	5	0
166	10 16 107 176	1	-1	0
167	102 118 58 153	4	3	0
168	89 144 194 21	4	1	0
169	7 80 72 186	1	-1	0
170	194 128 112 143	4	1	0
171	11 64 50 186	2	-1	0
172	69 123 61 192	4	1	0
173	3 139 30 97	1	-1	0
174	180 153 31 185	3	4	0
175	77 15 110 112	2	-1	0
176	12 20 31 112	4	1	0
177	134 37 183 177	4	4	0
178	175 33 45 186	3	1	0
179	85 170 126 53	2	-1	0
180	6 70 198 150	1	-1	0
181	4 52 192 196	1	-1	0
182	1 102 120 17	1	-1	0
183	177 86 129 98	4	2	0
184	107 192 133 195	4	3	0
185	90 141 159 114	4	4	0
186	195 42 67 197	2	-1	0
187	63 14 181 84	2	-1	0
188	42 88 52 80	2	-1	0
189	140 106 87 62	3	4	0
190	63 61 42 144	2	-1	0
191	20 72 28 120	2	-1	0
192	2 120 55 16	1	-1	0
193	8 60 50 152	1	-1	0
194	175 92 165 16	3	4	0
195	29 115 182 148	3	2	0
196	2 193 125 14	1	-1	0
197	14 21 170 136	3	5	0
198	7 40 52 18	1	-1	0
199	165 58 13 70	2	-1	0
200	158 137 60 56	4	4	0
201	12 107 140 169	2	-1	0
202	47 91 177 136	2	-1	0
203	9 141 121 150	1	-1	0
204	78 59 17 168	3	2	0
205	189 90 82 105	2	-1	0
206	171 39 71 44	4	1	0
207	5 54 45 146	1	-1	0
208	43 79 130 75	4	2	0
209	2 156 76 34	1	-1	0
210	128 93 131 103	4	5	0
211	54 53 150 195	2	-1	1
212	179 105 177 29	3	4	0
213	35 45 109 129	3	4	0
214	160 171 119 146	4	5	0
215	7 106 54 193	1	-1	0
216	9 66 143 114	1	-1	0
217	152 97 130 13	2	-1	0
218	102 121 141 153	2	-1	0
219	3 160 42 100	1	-1	0
220	63 128 136 25	3	3	0
221	167 160 143 133	3	1	0
222	192 58 101 132	4	3	0
223	48 110 137 55	3	1	0
224	131 56 43 63	2	-1	0
225	107 59 65 113	2	-1	0
226	93 79 19 111	2	-1	0
227	150 181 30 111	3	1	0
228	46 178 130 100	2	-1	1
229	51 61 17 134	2	-1	0
230	44 89 174 108	4	2	0
231	7 96 105 110	1	-1	0
232	30 170 171 152	2	-1	0
233	109 139 104 141	4	1	0
234	92 192 150 155	4	4	0
235	48 197 113 107	2	-1	0
236	10 181 189 70	1	-1	0
237	1 195 155 120	1	-1	0
238	66 114 163 145	3	3	0
239	54 126 194 114	3	3	0
240	54 76 92 28	2	-1	0
241	166 20 151 55	3	1	0
242	142 69 91 105	2	-1	0
243	38 159 71 168	3	5	0
244	69 24 153 151	2	-1	0
245	110 90 17 199	3	5	0
246	145 98 28 152	4	5	0
247	173 69 175 118	3	3	0
248	8 200 108 37	1	-1	0
249	8 48 65 35	1	-1	0
250	2 174 90 73	1	-1	0
251	162 90 77 30	4	3	0
252	7 62 149 128	1	-1	0
253	141 149 63 15	3	1	0
254	2 196 137 157	1	-1	0
255	56 130 169 168	3	5	0
256	1 19 136 40	1	-1	0
257	59 174 143 173	4	2	0
258	128 45 126 113	3	1	0
259	23 178 193 160	3	5	0
260	9 103 153 133	1	-1	0
261	172 78 92 33	4	4	0
262	155 99 45 83	2	-1	0
263	11 143 145 169	4	5	0
264	198 35 22 152	4	1	0
265	120 72 134 181	2	-1	0
266	149 192 26 79	4	2	0
267	96 40 34 73	4	2	1
268	45 195 35 133	4	5	0
269	118 171 164 136	4	4	0
270	51 174 59 136	3	5	0
271	1 158 173 41	1	-1	0
272	57 184 162 11	3	1	0
273	114 128 168 147	2	-1	0
274	191 93 91 177	4	1	0
275	117 110 154 22	4	1	0
276	40 21 106 134	2	-1	0
277	9 66 139 25	1	-1	0
278	126 145 148 32	3	1	0
279	185 165 31 176	4	4	0
280	159 139 99 143	3	3	0
281	142 169 180 35	4	4	0
282	53 72 89 177	4	2	0
283	95 67 72 78	4	4	0
284	179 177 65 79	4	4	0
285	140 116 141 30	2	-1	0
286	32 23 86 120	4	4	0
287	175 157 58 132	3	5	0
288	9 25 14 84	1	-1	0
289	170 168 182 14	4	1	0
290	164 166 5 24	2	-1	0
291	96 20 179 58	4	3	0
292	23 62 126 110	4	5	0
293	129 46 159 171	4	2	0
294	52 81 182 129	4	2	0
295	165 27 67 134	4	4	0
296	7 131 155 129	1	-1	0
297	8 113 14 28	1	-1	0
298	26 52 42 179	4	1	0
299	105 114 21 141	2	-1	0
300	169 149 88 182	3	2	0
301	8 191 112 93	1	-1	0
302	6 112 174 59	1	-1	0
303	164 77 183 18	3	2	0
304	170 198 76 120	4	4	0
305	2 22 12 119	1	-1	0
306	200 108 132 139	4	4	0
307	97 159 98 54	4	2	0
308	98 66 140 41	4	3	0
309	2 116 112 35	1	-1	0
310	7 66 22 151	1	-1	0
311	32 150 130 113	3	1	0
312	179 62 102 181	2	-1	0
313	8 148 61 44	1	-1	0
314	39 68 117 93	2	-1	0
315	174 83 48 62	4	1	0
316	63 198 150 126	4	3	0
317	128 99 115 58	3	5	0
318	2 27 156 162	1	-1	0
319	6 88 183 188	1	-1	0
320	9 15 76 92	1	-1	0
321	153 38 160 16	2	-1	0
322	199 95 103 193	3	1	0
323	65 99 110 101	3	3	0
324	86 65 192 189	2	-1	0
325	62 77 111 28	2	-1	0
326	179 127 18 23	2	-1	0
327	4 184 29 104	1	-1	0
328	111 197 198 100	2	-1	0
329	5 125 116 105	1	-1	0
330	64 105 12 152	2	-1	0
331	59 52 134 15	3	3	0
332	115 138 122 69	2	-1	0
333	50 60 151 15	4	4	0
334	157 126 198 186	4	1	0
335	76 140 37 163	2	-1	0
336	2 140 147 121	1	-1	0
337	189 199 94 195	2	-1	0
338	150 36 131 38	4	3	1
339	51 44 161 57	3	5	0
340	179 104 122 169	3	3	0
341	139 92 124 156	4	2	0
342	7 117 152 125	1	-1	0
343	102 176 39 179	3	3	0
344	37 128 173 165	2	-1	0
345	30 27 149 170	4	3	0
346	38 37 142 69	2	-1	0
347	196 149 166 18	3	4	0
348	2 24 130 143	1	-1	0
349	123 190 196 66	4	3	0
350	5 59 127 111	1	-1	0
351	135 62 13 26	2	-1	0
352	139 148 140 26	4	5	0
353	109 116 30 174	2	-1	0
354	9 18 13 80	1	-1	0
355	52 108 137 27	3	2	0
356	194 192 70 133	3	3	0
357	102 131 191 57	3	4	0
358	77 163 41 152	4	3	0
359	1 95 65 63	1	-1	0
360	112 61 79 180	4	1	0
361	82 162 86 49	3	1	0
362	9 199 53 109	1	-1	0
363	92 105 151 194	4	2	0
364	8 38 155 150	1	-1	0
365	2 97 86 155	1	-1	0
366	199 128 118 17	3	2	0
367	147 129 196 56	4	1	0
368	168 186 197 69	3	3	0
369	8 123 195 66	1	-1	0
370	8 66 51 155	1	-1	0
371	119 26 149 134	3	1	0
372	38 170 69 172	3	5	0
373	197 190 45 153	4	1	0
374	168 60 103 169	2	-1	0
375	3 30 46 90	1	-1	0
376	160 101 126 116	3	4	0
377	29 32 20 85	4	2	0
378	184 139 86 11	2	-1	0
379	169 148 196 125	3	5	0
380	4 120 87 111	1	-1	0
381	16 102 31 58	2	-1	0
382	141 179 90 44	3	2	0
383	95 128 91 125	4	3	0
384	2 185 151 89	1	-1	0
385	126 110 100 21	3	2	0
386	160 115 42 159	2	-1	0
387	53 194 81 86	3	3	0
388	188 47 182 49	2	-1	0
389	176 67 28 188	4	4	0
390	40 195 93 79	3	3	0
391	31 28 71 194	4	3	0
392	5 63 86 163	1	-1	0
393	4 21 86 143	1	-1	0
394	75 72 182 58	2	-1	0
395	50 161 109 69	3	2	0
396	7 41 132 200	1	-1	0
397	160 77 163 48	3	3	0
398	131 89 88 188	3	2	0
399	160 39 148 68	2	-1	0
400	7 148 123 161	1	-1	0
401	9 98 74 186	1	-1	0
402	130 51 89 176	3	5	0
403	197 51 69 163	4	1	0
404	170 86 92 78	3	1	0
405	65 181 170 70	3	5	0
406	30 97 90 174	4	3	0
407	53 171 57 177	3	3	0
408	8 37 131 105	1	-1	0
409	134 96 41 174	2	-1	0
410	176 36 139 140	3	3	0
411	96 26 103 124	2	-1	0
412	63 66 139 195	4	3	0
413	36 99 109 189	4	5	0
414	24 34 134 194	2	-1	0
415	2 40 126 121	1	-1	0
416	33 144 128 27	3	3	0
417	134 148 104 112	4	2	0
418	98 117 74 30	4	3	0
419	4 173 38 84	1	-1	0
420	65 84 106 94	2	-1	0
421	3 104 193 186	1	-1	0
422	141 79 142 64	3	5	0
423	7 83 115 196	1	-1	0
424	191 152 97 63	3	5	0
425	156 170 88 36	3	5	0
426	133 176 143 123	4	2	0
427	198 105 124 160	4	4	0
428	9 153 63 118	1	-1	0
429	4 98 193 25	1	-1	0
430	6 94 100 102	1	-1	0
431	181 177 182 105	4	5	0
432	83 27 117 158	2	-1	0
433	9 52 57 74	1	-1	0
434	103 199 152 25	3	1	0
435	10 41 99 150	1	-1	0
436	155 200 156 56	4	3	0
437	42 168 151 161	4	2	0
438	71 17 18 31	4	3	0
439	173 76 160 155	2	-1	0
440	8 62 100 182	1	-1	0
441	21 184 118 80	2	-1	0
442	200 22 170 146	3	5	1
443	155 145 89 184	4	4	0
444	98 12 31 129	3	4	0
445	158 95 187 55	3	2	0
446	179 31 124 98	2	-1	0
447	111 53 87 185	3	2	0
448	196 75 193 177	2	-1	0
449	64 58 163 111	2	-1	0
450	77 43 26 19	2	-1	0
451	2 48 195 105	1	-1	0
452	53 23 113 31	2	-1	0
453	47 138 158 29	3	5	0
454	142 26 167 93	2	-1	0
455	151 176 191 141	4	5	0
456	91 62 57 109	2	-1	0
457	161 196 118 162	2	-1	0
458	30 149 88 190	2	-1	0
459	7 191 144 101	1	-1	0
460	114 97 54 103	2	-1	0
461	182 144 93 173	4	1	0
462	7 136 87 65	1	-1	0
463	179 88 159 180	2	-1	0
464	6 65 146 54	1	-1	0
465	100 105 154 36	4	2	0
466	7 11 46 158	1	-1	0
467	184 180 186 57	2	-1	0
468	78 130 196 123	3	4	0
469	21 185 76 131	2	-1	0
470	78 89 36 120	4	5	0
471	183 94 168 198	4	1	0
472	199 44 112 73	3	1	0
473	40 52 27 178	2	-1	0
474	134 151 63 189	3	3	0
475	104 135 32 133	4	3	0
476	106 171 115 49	3	4	0
477	23 61 166 162	3	2	0
478	84 50 176 71	4	5	0
479	135 130 42 145	2	-1	0
480	1 132 26 135	1	-1	0
481	199 55 139 12	3	3	0
482	155 47 162 194	3	1	0
483	7 128 68 144	1	-1	0
484	142 148 186 115	2	-1	0
485	10 122 139 75	1	-1	0
486	199 68 41 34	3	5	0
487	9 152 136 181	1	-1	0
488	197 14 154 184	3	2	0
489	76 115 95 45	2	-1	0
490	77 143 103 72	2	-1	0
491	195 106 193 84	2	-1	0
492	11 89 118 126	3	5	0
493	149 62 12 114	2	-1	0
494	136 32 101 147	2	-1	0
495	99 131 43 186	3	3	0
496	190 18 110 196	3	3	0
497	173 52 116 31	4	3	0
498	100 89 159 91	3	2	0
499	115 89 20 13	3	1	0
500	2 156 31 151	1	-1	0
