Students	500
1	56 96 123 179	3	4	0
2	33 38 86 121	4	3	0
3	10 129 18 135	1	-1	0
4	28 141 44 130	2	-1	0
5	96 93 25 117	4	3	0
6	189 14 108 37	4	4	0
7	192 137 140 66	4	1	0
8	7 12 148 166	1	-1	0
9	10 191 69 71	1	-1	0
10	11 161 128 90	3	5	0
11	80 134 15 178	3	2	0
12	3 43 120 98	1	-1	0
13	199 191 194 157	2	-1	0
14	78 181 87 129	3	3	0
15	40 46 127 25	4	1	0
16	16 100 108 95	4	4	0
17	36 185 111 79	4	5	0
18	82 131 69 93	2	-1	0
19	104 57 32 157	4	1	0
20	138 158 194 49	3	3	0
21	106 51 58 168	4	5	0
22	8 141 100 69	1	-1	0
23	136 155 75 191	3	4	0
24	68 163 92 91	4	4	0
25	90 68 190 82	2	-1	0
26	48 61 26 109	4	5	0
27	8 127 36 176	1	-1	0
28	7 130 149 12	1	-1	0
29	64 69 107 171	3	1	0
30	19 106 25 163	3	1	0
31	3 163 133 173	1	-1	0
32	80 55 47 93	2	-1	0
33	9 44 80 165	1	-1	0
34	6 187 35 55	1	-1	0
35	154 134 87 191	4	3	0
36	1 184 35 11	1	-1	0
37	137 141 170 65	4	2	0
38	4 141 138 187	1	-1	0
39	154 69 176 199	4	2	0
40	95 72 144 167	4	5	0
41	7 44 58 82	1	-1	0
42	3 115 119 138	1	-1	0
43	40 179 53 106	3	2	0
44	125 157 75 100	2	-1	0
45	93 176 84 22	2	-1	0
46	3 34 52 92	1	-1	0
47	183 160 62 175	3	3	0
48	9 126 187 26	1	-1	0
49	103 106 142 107	4	1	0
50	8 51 88 145	1	-1	0
51	105 79 146 81	3	4	0
52	2 50 195 27	1	-1	0
53	115 28 116 158	3	5	0
54	101 176 152 163	2	-1	0
55	116 25 186 179	2	-1	0
56	175 105 118 187	3	5	0
57	3 71 108 128	1	-1	0
58	4 24 148 181	1	-1	0
59	89 187 41 143	3	2	0
60	88 173 142 15	4	1	0
61	22 65 99 180	4	1	0
62	2 160 187 96	1	-1	0
63	1 189 137 40	1	-1	0
64	131 98 142 169	4	4	0
65	89 174 158 191	4	5	0
66	77 34 50 167	4	1	0
67	20 18 189 106	2	-1	0
68	198 92 69 110	2	-1	0
69	9 71 108 79	1	-1	0
70	17 63 165 139	4	2	0
71	92 129 184 43	2	-1	0
72	182 53 200 157	2	-1	0
73	90 172 40 35	3	5	0
74	184 111 200 123	4	4	1
75	171 16 111 109	3	1	0
76	172 89 37 80	3	3	0
77	108 43 87 25	4	3	0
78	78 113 174 115	4	3	0
79	77 27 92 68	4	3	0
80	1 99 38 50	1	-1	0
81	147 16 87 108	2	-1	0
82	97 146 176 131	2	-1	0
83	61 103 164 135	3	1	0
84	114 81 128 149	3	4	0
85	145 26 40 127	4	1	0
86	72 89 57 153	2	-1	0
87	1 58 136 50	1	-1	0
88	194 15 103 80	4	3	0
89	52 144 151 58	3	4	0
90	149 195 131 109	3	2	0
91	170 52 130 34	4	3	0
92	3 165 35 100	1	-1	0
93	12 68 73 163	4	1	0
94	106 134 165 41	4	3	0
95	27 44 98 160	2	-1	0
96	187 64 76 183	2	-1	0
97	199 168 53 155	4	5	0
98	67 178 80 158	3	3	0
99	10 123 170 151	1	-1	0
100	109 89 33 100	2	-1	0
101	74 80 190 75	4	3	0
102	163 171 82 78	2	-1	0
103	6 50 176 187	1	-1	0
104	143 78 136 115	3	5	0
105	164 29 87 19	4	2	0
106	1 28 133 199	1	-1	0
107	157 67 49 182	4	2	0
108	138 103 55 100	3	3	0
109	24 92 100 120	2	-1	0
110	80 118 159 59	4	4	0
111	137 79 68 94	2	-1	0
112	139 94 39 194	3	5	0
113	140 190 181 175	2	-1	0
114	30 185 15 103	3	4	0
115	1 114 129 196	1	-1	0
116	3 103 15 149	1	-1	0
117	177 30 192 52	4	2	0
118	64 66 41 50	2	-1	0
119	200 82 142 122	3	1	0
120	86 126 130 61	4	4	0
121	10 73 36 114	1	-1	0
122	121 127 120 99	3	5	0
123	1 185 62 60	1	-1	0
124	9 120 15 144	1	-1	0
125	32 141 90 165	2	-1	0
126	70 95 17 38	3	3	0
127	8 38 145 105	1	-1	0
128	1 180 189 40	1	-1	0
129	5 173 97 85	1	-1	0
130	109 158 100 83	3	2	0
131	18 121 147 59	3	3	0
132	19 32 192 98	2	-1	0
133	2 182 190 155	1	-1	0
134	138 148 146 71	4	5	0
135	27 84 170 17	4	1	0
136	159 96 172 15	2	-1	0
137	76 103 159 186	3	5	0
138	194 119 110 169	2	-1	0
139	106 14 190 105	2	-1	0
140	141 176 109 39	4	2	0
141	5 115 72 172	1	-1	0
142	114 13 112 101	2	-1	0
143	107 72 16 153	4	1	0
144	105 58 154 89	2	-1	0
145	94 171 91 123	2	-1	0
146	37 131 191 182	4	2	1
147	192 137 22 174	4	3	0
148	10 191 35 196	1	-1	0
149	8 55 77 24	1	-1	0
150	7 147 114 17	1	-1	0
151	30 25 118 155	2	-1	0
152	62 132 119 133	3	2	0
153	96 15 181 180	2	-1	0
154	2 123 146 104	1	-1	0
155	72 132 120 177	4	2	0
156	121 174 70 170	4	3	0
157	71 18 155 189	2	-1	0
158	184 104 17 45	2	-1	0
159	20 65 36 42	4	5	0
160	115 190 77 51	3	3	0
161	98 32 185 83	2	-1	1
162	77 26 44 78	2	-1	0
163	37 97 106 200	4	2	0
164	4 130 178 22	1	-1	0
165	44 138 18 180	2	-1	0
166	2 37 110 87	1	-1	0
167	49 50 193 183	2	-1	0
168	1 92 133 193	1	-1	0
169	65 196 39 170	4	5	0
170	4 20 91 66	1	-1	0
171	6 50 15 87	1	-1	0
172	176 108 23 69	3	3	0
173	189 108 198 161	2	-1	0
174	1 180 43 197	1	-1	0
175	126 186 177 71	2	-1	0
176	96 36 69 78	4	1	0
177	198 86 181 59	2	-1	0
178	55 153 69 195	4	3	0
179	182 122 114 137	3	1	0
180	21 170 31 123	3	5	0
181	27 108 193 121	4	5	0
182	134 33 84 16	4	5	1
183	64 156 115 82	2	-1	0
184	94 11 74 177	3	5	0
185	119 62 28 168	2	-1	0
186	2 170 28 63	1	-1	0
187	189 23 63 173	4	2	0
188	38 143 119 181	2	-1	0
189	66 103 176 97	4	4	0
190	90 181 65 168	2	-1	0
191	3 84 100 35	1	-1	0
192	168 88 169 105	2	-1	0
193	162 194 151 85	3	2	0
194	3 35 102 139	1	-1	0
195	5 84 34 117	1	-1	0
196	117 183 80 49	4	1	0
197	38 169 129 66	2	-1	0
198	58 145 158 88	2	-1	0
199	7 86 82 136	1	-1	0
200	177 13 182 47	3	4	0
201	167 114 67 142	2	-1	0
202	199 167 58 60	4	3	0
203	121 109 180 126	4	4	0
204	14 63 17 95	2	-1	0
205	49 177 197 23	3	5	0
206	132 115 13 110	2	-1	0
207	173 126 199 74	4	1	0
208	31 72 198 133	2	-1	0
209	174 97 132 114	4	5	0
210	32 176 145 18	4	1	0
211	121 168 88 101	3	3	0
212	129 127 38 164	2	-1	0
213	22 137 99 21	2	-1	0
214	71 117 187 32	2	-1	0
215	9 192 100 78	1	-1	0
216	115 142 29 66	3	2	0
217	118 65 32 69	2	-1	0
218	193 139 31 65	4	2	0
219	19 104 55 141	4	3	0
220	33 86 15 107	4	5	0
221	195 82 190 51	4	1	0
222	137 35 64 200	3	3	0
223	8 87 169 88	1	-1	0
224	181 120 191 26	3	3	0
225	2 103 15 114	1	-1	0
226	71 125 171 32	3	5	0
227	196 78 109 121	2	-1	0
228	39 152 94 134	3	1	0
229	8 85 75 39	1	-1	0
230	23 76 72 56	2	-1	0
231	47 159 115 156	4	3	0
232	10 42 169 101	1	-1	0
233	198 66 46 43	4	1	0
234	134 15 118 186	4	2	0
235	111 32 65 51	4	3	0
236	8 80 147 165	1	-1	0
237	86 154 46 98	2	-1	0
238	7 196 87 176	1	-1	0
239	111 82 150 175	3	4	0
240	191 78 55 42	2	-1	0
241	35 187 122 173	4	3	0
242	146 46 49 117	2	-1	0
243	8 82 114 74	1	-1	0
244	153 28 112 173	4	4	0
245	143 88 79 164	4	5	0
246	90 109 70 71	4	3	0
247	155 16 72 117	4	4	0
248	4 50 62 61	1	-1	0
249	26 87 164 45	2	-1	0
250	8 21 78 42	1	-1	0
251	44 200 79 176	3	1	0
252	6 54 74 124	1	-1	0
253	50 139 42 198	4	2	0
254	32 12 184 49	2	-1	0
255	132 30 85 150	4	1	0
256	69 116 55 85	3	3	0
257	129 77 126 88	3	4	0
258	5 84 189 24	1	-1	0
259	1 81 13 116	1	-1	0
260	23 140 101 30	2	-1	0
261	92 101 142 42	3	3	0
262	43 99 70 177	3	2	0
263	127 117 55 82	2	-1	0
264	9 191 87 192	1	-1	0
265	48 157 63 108	3	4	0
266	70 121 162 32	2	-1	0
267	15 107 101 102	3	5	0
268	145 142 185 181	2	-1	1
269	165 72 119 20	4	2	0
270	103 112 80 158	4	4	0
271	91 81 194 127	2	-1	0
272	5 104 194 42	1	-1	0
273	7 91 44 175	1	-1	0
274	69 176 113 75	2	-1	0
275	9 145 57 154	1	-1	0
276	140 159 67 11	3	3	0
277	184 171 192 47	2	-1	0
278	174 69 120 156	2	-1	0
279	4 153 181 100	1	-1	0
280	117 54 118 65	2	-1	0
281	152 199 169 194	2	-1	0
282	194 54 15 157	4	4	0
283	1 176 118 50	1	-1	0
284	6 124 51 81	1	-1	1
285	100 194 127 189	2	-1	0
286	58 168 17 178	2	-1	0
287	21 110 82 144	2	-1	0
288	137 15 130 146	4	1	0
289	2 104 169 164	1	-1	0
290	199 57 78 41	4	3	0
291	49 115 72 55	3	3	0
292	92 108 154 173	2	-1	0
293	65 72 44 105	4	4	0
294	5 78 17 101	1	-1	0
295	13 80 179 115	4	3	0
296	138 12 156 42	3	2	0
297	8 19 109 177	1	-1	0
298	10 159 70 192	1	-1	0
299	147 143 33 132	2	-1	0
300	133 108 138 124	4	1	0
301	166 32 139 191	4	2	0
302	7 116 79 195	1	-1	0
303	5 146 198 177	1	-1	0
304	105 40 23 177	3	5	0
305	74 90 181 188	4	4	0
306	135 167 113 188	4	5	0
307	4 186 167 132	1	-1	0
308	31 93 144 181	3	3	0
309	44 66 154 78	2	-1	0
310	47 78 186 158	3	4	0
311	42 119 50 73	3	4	0
312	198 112 116 140	3	2	0
313	180 139 66 122	4	5	0
314	30 31 168 97	2	-1	0
315	105 145 186 57	3	4	0
316	165 158 194 182	2	-1	0
317	190 145 54 70	4	1	0
318	88 13 15 81	4	2	0
319	90 43 173 37	4	5	0
320	124 145 116 17	2	-1	0
321	8 122 41 172	1	-1	0
322	30 197 148 169	2	-1	0
323	141 193 157 129	2	-1	0
324	30 127 117 147	3	1	0
325	28 45 112 50	4	2	0
326	4 107 168 115	1	-1	0
327	12 16 135 29	4	4	0
328	47 115 54 171	3	4	0
329	58 86 36 24	4	3	0
330	72 189 130 198	2	-1	0
331	1 170 88 127	1	-1	0
332	187 183 99 157	3	2	0
333	6 41 118 21	1	-1	0
334	154 19 76 69	4	5	0
335	56 190 115 98	3	4	0
336	164 41 195 47	4	3	0
337	17 105 166 171	4	4	0
338	181 72 105 131	4	3	0
339	22 89 14 156	2	-1	0
340	50 166 120 23	4	2	0
341	8 25 120 30	1	-1	0
342	44 199 200 122	3	1	0
343	44 120 31 51	2	-1	0
344	97 116 12 69	4	3	0
345	140 57 54 82	3	2	0
346	151 196 192 26	4	2	0
347	118 90 73 199	2	-1	0
348	49 192 106 136	2	-1	0
349	168 194 193 81	3	3	0
350	95 13 44 180	2	-1	0
351	43 111 194 115	2	-1	0
352	46 19 171 59	4	3	0
353	1 51 61 17	1	-1	0
354	3 115 125 20	1	-1	0
355	118 140 33 47	3	3	0
356	2 182 126 101	1	-1	0
357	192 36 82 58	3	1	0
358	84 12 61 27	3	2	0
359	37 144 41 189	3	2	0
360	175 169 50 190	4	1	0
361	45 143 109 181	2	-1	0
362	16 42 119 194	3	3	0
363	74 11 112 137	2	-1	0
364	34 107 50 99	2	-1	0
365	192 114 146 20	4	3	0
366	15 119 87 55	3	1	0
367	97 90 110 31	2	-1	0
368	142 177 73 14	3	5	0
369	6 148 167 168	1	-1	0
370	8 158 57 94	1	-1	0
371	33 133 70 168	4	5	1
372	86 117 48 140	4	3	0
373	8 49 113 11	1	-1	0
374	58 54 31 126	2	-1	0
375	152 11 125 75	2	-1	0
376	25 19 139 129	4	2	0
377	34 27 182 148	3	4	0
378	74 166 113 138	2	-1	0
379	137 100 173 22	2	-1	0
380	14 24 52 200	4	2	0
381	1 100 69 68	1	-1	0
382	171 80 45 59	2	-1	0
383	102 175 70 162	2	-1	0
384	118 55 183 119	4	1	0
385	24 27 130 21	2	-1	0
386	183 43 118 169	2	-1	0
387	159 179 196 62	4	4	0
388	188 159 155 132	2	-1	0
389	97 26 149 123	3	2	0
390	103 82 93 177	3	2	0
391	7 184 34 103	1	-1	0
392	120 6 74 21	2	-1	0
393	43 132 167 73	2	-1	0
394	28 99 162 31	3	3	0
395	148 39 187 77	3	1	0
396	78 62 12 137	2	-1	0
397	17 47 20 59	3	2	0
398	54 144 63 134	2	-1	0
399	158 157 94 95	4	3	0
400	130 132 94 29	4	3	0
401	168 47 96 48	3	5	0
402	155 44 93 106	2	-1	1
403	71 99 173 67	3	1	0
404	25 86 88 179	2	-1	0
405	1 123 137 64	1	-1	0
406	35 100 139 36	4	3	0
407	7 99 196 29	1	-1	0
408	7 72 99 131	1	-1	0
409	6 183 137 131	1	-1	0
410	86 197 121 108	4	2	0
411	191 22 144 170	3	3	0
412	105 88 46 13	2	-1	0
413	103 60 83 27	2	-1	0
414	2 160 174 191	1	-1	0
415	2 20 172 95	1	-1	0
416	185 147 17 115	2	-1	0
417	113 57 29 11	2	-1	0
418	108 126 197 34	3	5	0
419	6 72 53 107	1	-1	0
420	45 92 97 79	4	2	0
421	1 134 196 50	1	-1	0
422	7 135 72 126	1	-1	0
423	5 70 51 186	1	-1	0
424	7 111 140 116	1	-1	0
425	26 76 153 198	4	4	0
426	76 37 59 123	4	2	0
427	42 124 165 113	3	2	0
428	173 98 102 74	3	2	0
429	144 28 96 67	4	3	0
430	43 173 107 23	3	2	0
431	166 178 48 71	4	2	0
432	55 155 189 119	4	4	0
433	27 200 28 48	2	-1	0
434	68 182 181 30	3	2	0
435	22 110 37 35	3	5	0
436	6 102 101 163	1	-1	0
437	188 97 142 33	2	-1	0
438	1 12 186 62	1	-1	0
439	80 113 59 11	2	-1	0
440	54 78 117 29	2	-1	0
441	90 152 93 102	3	4	0
442	181 126 127 59	4	4	0
443	54 13 80 114	3	5	0
444	27 20 105 54	3	3	0
445	150 80 117 94	4	1	0
446	176 178 154 105	2	-1	0
447	36 138 82 61	4	2	0
448	11 124 24 123	3	5	0
449	186 157 135 146	3	2	0
450	38 140 158 115	3	4	0
451	3 107 43 44	1	-1	0
452	158 53 113 122	3	4	0
453	72 189 128 117	3	2	0
454	140 171 59 66	4	2	0
455	41 99 28 95	3	1	0
456	179 123 131 92	4	3	0
457	17 199 89 155	4	4	0
458	145 166 89 62	3	5	0
459	17 188 78 186	3	3	0
460	27 55 58 153	3	4	0
461	3 41 192 191	1	-1	0
462	168 71 171 131	3	3	0
463	1 44 110 164	1	-1	0
464	21 47 36 80	3	3	0
465	82 195 158 143	2	-1	0
466	8 187 179 117	1	-1	0
467	42 86 127 100	4	3	0
468	190 155 37 164	3	2	0
469	176 112 125 187	3	1	0
470	172 136 64 41	3	5	0
471	7 60 38 197	1	-1	0
472	94 186 124 23	2	-1	0
473	167 56 27 151	4	1	0
474	98 142 83 136	3	4	0
475	10 21 180 56	1	-1	0
476	11 62 199 120	3	5	0
477	1 127 123 179	1	-1	0
478	90 105 133 152	2	-1	0
479	68 103 127 41	2	-1	0
480	1 179 53 123	1	-1	0
481	122 116 54 87	2	-1	0
482	124 74 41 141	3	3	0
483	49 127 34 103	4	5	0
484	11 66 72 51	3	5	0
485	148 56 81 70	3	5	0
486	144 15 130 60	4	3	0
487	46 94 195 161	4	5	0
488	7 160 165 164	1	-1	0
489	179 18 16 108	4	1	0
490	129 95 62 51	3	5	0
491	172 59 133 134	4	2	0
492	151 76 75 31	3	1	0
493	53 148 79 142	4	4	0
494	158 141 15 45	3	2	0
495	55 199 92 20	2	-1	0
496	3 156 140 89	1	-1	0
497	5 145 173 21	1	-1	0
498	15 195 134 65	2	-1	0
499	169 14 109 185	4	1	0
500	94 142 27 133	4	5	0
