Students	500
1	17 70 110 30	4	4	0
2	116 99 143 31	2	-1	0
3	64 79 74 56	2	-1	0
4	48 74 102 198	4	1	0
5	56 29 18 51	2	-1	0
6	89 28 126 61	2	-1	0
7	150 87 11 126	2	-1	0
8	37 30 68 154	4	1	0
9	107 134 83 24	4	4	1
10	87 72 110 199	3	5	0
11	10 120 80 41	1	-1	0
12	114 179 16 15	4	4	0
13	157 44 13 11	2	-1	0
14	107 26 188 85	4	2	0
15	72 103 69 13	3	3	0
16	68 184 134 92	4	4	0
17	1 192 177 180	1	-1	0
18	68 169 189 168	4	4	0
19	129 25 70 116	4	2	0
20	52 121 174 27	2	-1	0
21	9 107 192 173	1	-1	0
22	164 60 142 96	3	3	0
23	136 149 166 139	3	4	0
24	20 188 141 173	2	-1	0
25	4 38 194 27	1	-1	0
26	4 138 69 152	1	-1	0
27	131 126 12 125	4	1	0
28	81 155 145 13	2	-1	0
29	104 178 101 76	4	2	0
30	187 198 100 143	3	5	0
31	85 197 97 162	4	4	0
32	97 195 76 167	4	4	0
33	150 188 12 149	3	1	0
34	181 113 51 41	4	4	0
35	97 33 21 199	4	2	0
36	5 199 15 84	1	-1	0
37	150 53 75 57	3	2	0
38	188 35 29 180	2	-1	0
39	73 22 55 191	2	-1	0
40	35 47 198 93	2	-1	0
41	170 133 91 120	4	2	0
42	133 174 191 172	4	4	0
43	121 33 149 23	3	4	0
44	66 53 79 102	4	5	0
45	30 151 120 178	4	2	0
46	134 124 42 19	2	-1	0
47	10 161 158 151	1	-1	0
48	97 126 140 106	3	1	0
49	146 34 170 187	2	-1	0
50	166 65 134 92	2	-1	0
51	22 112 58 149	4	2	0
52	177 104 20 163	3	3	0
53	191 157 32 161	4	4	0
54	75 122 61 50	3	4	0
55	108 52 117 34	2	-1	0
56	81 62 142 111	4	1	0
57	10 18 146 103	1	-1	0
58	10 196 139 136	1	-1	0
59	183 57 46 151	3	1	0
60	199 117 13 101	3	4	0
61	128 171 109 154	4	5	0
62	187 77 179 59	3	4	0
63	175 168 149 154	4	5	0
64	163 69 27 40	2	-1	0
65	134 78 93 81	4	2	0
66	14 89 31 23	4	2	0
67	3 108 131 38	1	-1	0
68	115 196 77 59	4	1	0
69	181 81 64 66	2	-1	0
70	140 106 129 195	4	1	0
71	68 161 19 27	2	-1	0
72	6 188 98 72	1	-1	0
73	131 94 66 191	3	3	0
74	69 167 45 143	3	3	0
75	135 111 23 139	2	-1	0
76	168 97 92 174	3	3	0
77	16 89 86 132	4	1	0
78	113 137 75 110	3	1	0
79	133 47 25 99	3	2	0
80	70 162 131 124	2	-1	0
81	37 41 26 199	3	2	0
82	8 172 150 15	1	-1	0
83	50 137 148 82	3	3	0
84	91 198 159 28	4	1	0
85	155 171 20 22	4	2	0
86	12 189 85 134	4	2	0
87	115 73 26 107	3	2	0
88	4 199 64 15	1	-1	0
89	75 40 194 199	4	2	0
90	198 89 191 68	3	3	0
91	41 178 57 36	4	4	0
92	7 184 136 169	1	-1	0
93	171 199 59 154	2	-1	0
94	29 144 191 98	4	2	0
95	1 162 152 75	1	-1	0
96	89 176 57 170	4	1	0
97	3 62 55 150	1	-1	0
98	13 72 47 109	4	5	0
99	196 65 147 93	4	4	0
100	56 58 191 145	4	2	0
101	4 15 165 185	1	-1	0
102	7 67 166 97	1	-1	0
103	2 157 192 128	1	-1	0
104	176 54 110 118	4	1	0
105	37 72 39 198	2	-1	0
106	149 87 48 32	2	-1	0
107	165 121 123 46	4	5	0
108	88 28 148 31	4	1	0
109	52 167 71 56	4	1	0
110	9 108 155 21	1	-1	0
111	1 120 105 183	1	-1	0
112	116 73 189 46	3	1	0
113	120 34 114 33	3	5	0
114	5 117 97 54	1	-1	0
115	3 90 146 182	1	-1	0
116	4 115 75 98	1	-1	0
117	60 27 73 145	3	5	0
118	2 115 132 37	1	-1	0
119	7 40 41 129	1	-1	0
120	91 65 181 94	2	-1	0
121	1 75 111 57	1	-1	0
122	2 134 194 173	1	-1	0
123	110 129 30 26	3	3	0
124	55 152 173 144	3	3	0
125	122 173 151 53	2	-1	0
126	28 73 137 187	3	4	0
127	134 96 169 176	3	5	0
128	1 161 92 117	1	-1	0
129	8 122 130 174	1	-1	0
130	7 20 85 27	1	-1	0
131	49 117 13 32	3	1	0
132	191 109 188 55	2	-1	0
133	10 69 57 159	1	-1	0
134	147 56 151 83	2	-1	0
135	143 130 163 52	3	4	0
136	64 22 113 188	2	-1	0
137	5 73 108 52	1	-1	0
138	157 166 188 138	2	-1	0
139	6 94 124 121	1	-1	0
140	100 93 148 126	4	3	0
141	9 54 73 115	1	-1	0
142	84 73 26 47	4	1	0
143	6 102 21 80	1	-1	0
144	8 61 140 93	1	-1	0
145	191 16 149 141	3	4	0
146	156 29 84 17	4	5	0
147	72 197 125 182	3	3	0
148	40 100 150 51	4	5	0
149	93 13 43 25	2	-1	0
150	122 187 128 52	3	1	0
151	141 76 34 197	4	4	0
152	32 30 64 154	2	-1	0
153	157 119 47 129	2	-1	0
154	67 87 59 200	3	5	0
155	63 199 20 157	2	-1	0
156	71 167 38 79	2	-1	0
157	106 55 94 119	3	3	0
158	3 198 82 120	1	-1	0
159	144 55 94 36	2	-1	0
160	93 197 86 17	2	-1	0
161	9 39 164 166	1	-1	0
162	1 155 137 141	1	-1	0
163	52 161 70 122	3	1	0
164	180 72 100 55	3	3	0
165	8 49 199 16	1	-1	0
166	46 55 108 74	3	4	0
167	75 19 18 134	3	1	0
168	64 62 112 44	2	-1	0
169	5 86 161 160	1	-1	0
170	124 115 157 86	3	4	0
171	28 74 45 154	4	5	0
172	14 93 29 125	4	2	0
173	3 112 175 165	1	-1	0
174	135 112 99 165	2	-1	1
175	50 28 23 57	4	2	0
176	6 72 82 123	1	-1	0
177	78 48 61 12	4	3	0
178	29 13 192 45	4	5	1
179	9 141 189 11	1	-1	0
180	31 132 145 186	3	2	0
181	56 178 114 28	4	5	0
182	9 84 182 117	1	-1	0
183	199 156 112 17	4	5	0
184	46 114 124 174	3	1	0
185	162 87 126 78	4	5	0
186	87 94 120 100	4	5	0
187	120 36 111 58	4	3	0
188	9 148 177 179	1	-1	0
189	151 18 159 135	3	5	0
190	198 110 174 81	3	4	0
191	9 39 45 186	1	-1	0
192	136 109 114 101	4	1	0
193	151 97 59 70	4	4	0
194	146 197 102 84	4	3	0
195	15 183 93 132	2	-1	0
196	49 173 147 134	4	3	0
197	15 55 73 190	2	-1	0
198	90 147 99 148	2	-1	0
199	138 19 59 171	2	-1	0
200	89 86 186 194	3	4	0
201	4 107 169 118	1	-1	0
202	105 190 174 103	4	5	0
203	7 14 100 66	1	-1	0
204	189 30 115 74	4	1	0
205	188 88 167 14	4	1	0
206	46 160 152 196	3	4	0
207	173 14 130 142	3	4	0
208	108 127 18 73	3	1	0
209	35 40 120 89	4	3	0
210	162 127 53 138	3	2	0
211	83 152 115 82	2	-1	0
212	135 12 71 45	3	2	0
213	27 178 21 142	3	4	0
214	41 23 176 155	4	5	0
215	127 64 30 141	4	5	0
216	2 17 80 183	1	-1	0
217	190 121 30 183	4	5	0
218	161 189 186 115	2	-1	0
219	148 39 154 81	2	-1	0
220	115 149 67 65	2	-1	0
221	2 106 157 68	1	-1	0
222	94 18 193 31	2	-1	0
223	99 170 82 125	3	5	0
224	179 33 156 111	3	3	0
225	81 108 101 146	4	4	0
226	52 69 156 196	3	2	0
227	4 193 60 100	1	-1	0
228	178 21 164 132	3	4	0
229	172 65 140 12	3	2	0
230	80 69 138 60	2	-1	0
231	8 32 59 153	1	-1	0
232	7 135 143 49	1	-1	0
233	158 26 79 129	4	1	0
234	3 95 79 49	1	-1	0
235	8 111 29 113	1	-1	0
236	1 146 116 108	1	-1	0
237	1 72 97 38	1	-1	0
238	6 144 199 120	1	-1	0
239	9 105 145 36	1	-1	0
240	39 70 121 69	2	-1	0
241	153 42 186 129	3	1	0
242	189 116 28 74	2	-1	0
243	150 21 38 64	4	5	0
244	5 32 117 119	1	-1	0
245	2 27 14 86	1	-1	0
246	10 73 27 119	1	-1	0
247	15 113 95 166	4	2	0
248	148 104 67 88	4	4	0
249	73 114 25 174	4	4	0
250	90 33 110 129	3	2	0
251	196 60 58 171	4	2	0
252	165 111 151 181	2	-1	0
253	156 34 37 61	2	-1	0
254	7 65 149 101	1	-1	0
255	171 174 156 122	4	3	0
256	54 120 78 33	4	1	0
257	73 158 61 156	2	-1	0
258	114 186 12 51	3	4	1
259	20 129 117 144	4	4	0
260	1 48 88 49	1	-1	0
261	55 156 175 159	3	2	0
262	3 189 32 76	1	-1	0
263	15 190 133 120	4	1	0
264	8 13 184 136	1	-1	0
265	24 63 111 131	2	-1	0
266	19 39 155 32	4	3	0
267	107 110 157 149	3	2	0
268	134 61 195 187	2	-1	0
269	6 128 158 66	1	-1	0
270	163 16 110 198	3	4	0
271	49 165 135 34	2	-1	0
272	161 30 53 159	2	-1	0
273	165 112 171 182	4	4	0
274	1 70 91 67	1	-1	0
275	16 155 200 14	3	2	0
276	27 163 135 116	2	-1	0
277	88 156 185 171	3	2	0
278	63 90 132 49	4	3	0
279	49 175 12 13	2	-1	0
280	136 82 90 31	2	-1	0
281	114 197 101 59	4	5	0
282	104 154 170 25	2	-1	0
283	172 131 97 177	4	2	0
284	9 165 193 77	1	-1	0
285	34 180 182 145	2	-1	0
286	41 111 46 72	2	-1	0
287	47 157 90 181	3	1	0
288	104 141 66 156	3	2	0
289	36 124 127 79	2	-1	0
290	2 31 121 129	1	-1	0
291	55 62 169 20	2	-1	0
292	126 99 187 65	4	1	0
293	1 84 149 33	1	-1	0
294	9 122 128 167	1	-1	0
295	151 64 96 46	3	1	0
296	170 33 187 116	2	-1	0
297	90 78 12 71	3	3	0
298	117 166 162 89	4	1	0
299	28 180 118 161	2	-1	0
300	110 67 137 162	2	-1	0
301	108 165 116 24	3	1	0
302	10 137 113 114	1	-1	0
303	120 34 42 73	2	-1	0
304	161 17 35 83	4	1	0
305	10 30 112 91	1	-1	0
306	21 85 147 87	2	-1	0
307	144 194 123 178	2	-1	0
308	3 75 184 39	1	-1	0
309	50 57 25 187	2	-1	0
310	118 172 68 23	4	4	0
311	119 17 182 64	3	1	0
312	31 32 163 153	2	-1	0
313	8 155 29 125	1	-1	0
314	50 39 103 40	4	1	0
315	12 159 135 200	2	-1	0
316	84 179 45 103	4	1	0
317	106 25 60 63	2	-1	0
318	99 76 123 69	3	4	0
319	38 85 97 177	2	-1	0
320	102 108 23 11	4	1	0
321	33 54 28 125	3	5	0
322	128 67 196 45	2	-1	0
323	135 13 97 131	3	5	0
324	14 124 50 31	4	2	0
325	163 73 42 147	2	-1	0
326	2 58 92 155	1	-1	0
327	113 168 35 97	2	-1	0
328	178 196 41 76	4	4	0
329	185 125 127 158	2	-1	0
330	82 75 173 28	3	4	0
331	53 31 63 159	4	1	0
332	23 61 153 184	3	5	0
333	2 81 150 22	1	-1	0
334	64 72 30 11	4	1	0
335	106 44 163 24	3	5	0
336	53 58 87 188	2	-1	0
337	65 72 126 64	3	1	0
338	5 188 99 42	1	-1	0
339	41 122 50 33	4	5	0
340	113 183 177 90	2	-1	0
341	122 134 68 40	3	2	0
342	104 180 193 128	4	4	0
343	62 88 126 163	3	2	0
344	112 40 91 168	2	-1	0
345	90 75 168 197	2	-1	0
346	3 35 175 180	1	-1	0
347	3 60 105 20	1	-1	0
348	48 151 128 123	2	-1	0
349	6 116 12 32	1	-1	0
350	93 10 96 199	2	-1	0
351	8 47 110 134	1	-1	0
352	1 133 122 64	1	-1	0
353	128 32 113 170	3	4	0
354	4 135 114 106	1	-1	0
355	3 115 79 150	1	-1	0
356	136 32 183 24	3	1	0
357	181 102 58 62	4	1	0
358	188 142 36 59	3	5	0
359	186 190 27 12	2	-1	0
360	161 81 132 151	3	5	0
361	100 87 152 34	3	5	0
362	151 21 181 135	4	1	0
363	33 104 65 195	3	4	0
364	17 13 14 67	3	4	0
365	1 20 127 78	1	-1	0
366	64 115 76 42	2	-1	0
367	184 16 105 36	2	-1	0
368	130 51 50 172	4	5	0
369	2 92 52 44	1	-1	0
370	9 146 30 191	1	-1	0
371	101 191 174 85	2	-1	0
372	158 54 53 192	4	2	0
373	3 120 173 175	1	-1	0
374	24 94 25 12	4	1	0
375	7 133 164 11	1	-1	0
376	161 42 17 61	2	-1	0
377	192 136 89 154	4	2	0
378	51 118 98 50	2	-1	0
379	3 175 134 150	1	-1	0
380	2 92 118 193	1	-1	0
381	150 196 72 22	4	3	0
382	88 111 188 116	3	3	1
383	124 15 68 191	4	4	0
384	103 93 164 70	2	-1	0
385	23 118 141 197	2	-1	0
386	38 128 140 42	2	-1	0
387	28 56 172 93	3	1	0
388	44 96 160 140	3	2	0
389	7 146 134 158	1	-1	0
390	147 124 89 102	3	5	0
391	148 118 105 34	2	-1	0
392	151 144 64 136	4	1	0
393	87 61 101 172	3	5	0
394	8 156 53 168	1	-1	0
395	1 112 85 69	1	-1	0
396	93 13 111 43	3	5	0
397	11 23 95 43	2	-1	0
398	134 114 132 167	4	4	0
399	1 27 162 117	1	-1	0
400	83 40 116 50	4	3	0
401	172 117 100 41	3	1	0
402	140 131 193 75	2	-1	0
403	27 144 154 46	3	4	0
404	10 39 36 114	1	-1	0
405	147 60 70 178	2	-1	0
406	28 17 140 197	2	-1	0
407	118 48 174 101	3	2	0
408	103 81 129 34	4	1	0
409	168 130 181 61	3	5	0
410	155 96 81 194	4	1	0
411	93 48 61 134	2	-1	0
412	54 152 92 174	4	4	0
413	194 33 153 67	2	-1	0
414	8 85 155 164	1	-1	0
415	136 67 132 61	2	-1	0
416	129 47 99 173	4	2	0
417	184 22 176 182	3	2	0
418	106 133 117 61	3	3	0
419	113 109 148 35	3	5	0
420	4 107 103 13	1	-1	0
421	5 144 84 193	1	-1	0
422	8 148 183 155	1	-1	0
423	1 168 65 13	1	-1	1
424	159 84 41 171	4	1	0
425	120 85 143 178	4	5	0
426	95 31 20 191	3	5	0
427	71 135 47 173	2	-1	0
428	7 135 131 167	1	-1	0
429	101 180 119 128	3	4	0
430	10 131 95 57	1	-1	0
431	184 121 149 40	3	3	0
432	2 15 180 65	1	-1	0
433	102 186 22 53	2	-1	0
434	180 30 14 77	2	-1	0
435	172 81 165 34	3	1	0
436	2 142 116 107	1	-1	0
437	29 75 78 30	3	2	0
438	25 193 191 89	4	5	0
439	2 22 18 168	1	-1	0
440	85 118 106 92	3	1	0
441	198 66 150 173	2	-1	0
442	187 93 23 119	4	5	0
443	77 74 28 45	4	3	0
444	6 183 174 176	1	-1	0
445	199 113 74 156	3	1	0
446	30 156 110 28	3	5	0
447	79 83 46 98	3	1	0
448	54 127 19 100	3	1	0
449	9 175 133 107	1	-1	0
450	82 44 80 56	3	5	0
451	3 16 191 167	1	-1	0
452	6 190 54 14	1	-1	0
453	101 57 122 132	3	5	0
454	65 142 70 77	4	1	0
455	163 199 161 185	4	5	0
456	4 176 14 123	1	-1	0
457	24 13 94 71	4	3	0
458	16 63 66 29	3	1	0
459	7 169 187 94	1	-1	0
460	17 167 92 13	2	-1	0
461	7 88 115 147	1	-1	0
462	6 80 166 11	1	-1	0
463	128 161 48 183	2	-1	0
464	3 78 178 21	1	-1	0
465	63 69 50 78	2	-1	0
466	3 62 98 196	1	-1	0
467	71 88 122 174	2	-1	0
468	79 84 45 165	2	-1	0
469	30 59 113 151	4	3	0
470	104 27 63 191	2	-1	0
471	164 53 78 195	2	-1	0
472	10 90 36 53	1	-1	0
473	4 93 27 192	1	-1	0
474	5 33 141 154	1	-1	0
475	9 113 29 160	1	-1	0
476	61 131 60 32	2	-1	0
477	4 19 28 107	1	-1	0
478	12 64 152 189	3	5	0
479	5 195 154 40	1	-1	0
480	180 187 129 116	2	-1	0
481	18 139 109 161	2	-1	0
482	53 24 157 33	4	3	0
483	13 71 112 114	2	-1	0
484	143 136 118 112	2	-1	0
485	7 156 107 11	1	-1	0
486	52 174 145 49	3	1	0
487	121 47 11 21	2	-1	0
488	2 21 44 34	1	-1	0
489	170 18 178 30	2	-1	0
490	27 155 90 171	2	-1	0
491	66 152 140 185	4	4	0
492	160 113 58 146	3	5	0
493	184 156 115 197	4	2	0
494	189 40 83 106	3	4	0
495	147 116 159 188	4	3	0
496	9 144 132 135	1	-1	0
497	154 58 86 51	2	-1	0
498	3 70 103 71	1	-1	0
499	108 60 81 95	3	5	0
500	87 17 195 56	2	-1	0
