Students	500
1	85 166 39 22	4	5	0
2	130 168 145 76	3	1	0
3	35 107 119 117	2	-1	0
4	76 98 68 181	2	-1	0
5	4 171 107 176	1	-1	0
6	6 22 40 142	1	-1	0
7	71 107 94 86	4	2	0
8	139 167 187 75	4	3	0
9	175 17 118 126	4	1	0
10	4 153 168 134	1	-1	0
11	10 161 120 17	1	-1	0
12	78 84 142 85	2	-1	0
13	90 125 44 16	3	1	0
14	162 31 124 123	3	4	0
15	4 133 163 191	1	-1	0
16	48 11 140 149	3	5	0
17	5 16 141 86	1	-1	0
18	93 153 28 113	2	-1	0
19	47 45 188 135	3	5	0
20	39 135 68 193	4	4	0
21	56 123 29 43	4	5	0
22	115 48 158 36	4	1	0
23	6 45 118 78	1	-1	0
24	7 24 53 165	1	-1	0
25	50 151 44 20	3	2	0
26	19 35 131 15	2	-1	0
27	109 83 200 26	4	5	0
28	181 150 140 97	3	2	0
29	28 129 20 54	4	2	0
30	152 129 120 76	3	1	0
31	6 80 59 66	1	-1	0
32	109 29 181 98	3	2	0
33	10 153 24 77	1	-1	0
34	174 166 41 43	3	5	0
35	2 189 194 58	1	-1	0
36	92 132 63 138	2	-1	0
37	185 153 112 87	4	4	0
38	100 170 25 66	3	4	0
39	3 25 190 143	1	-1	0
40	89 33 163 150	4	1	0
41	149 184 53 35	4	4	0
42	140 20 130 178	2	-1	0
43	46 11 137 37	4	2	0
44	58 144 33 134	3	1	0
45	119 124 133 43	4	1	0
46	9 112 39 67	1	-1	0
47	5 190 147 112	1	-1	0
48	60 58 151 193	4	3	0
49	19 17 74 69	4	4	0
50	10 184 187 198	1	-1	0
51	24 93 197 142	2	-1	0
52	7 121 129 13	1	-1	0
53	61 52 102 79	4	4	0
54	8 52 14 99	1	-1	0
55	103 11 200 161	3	1	0
56	6 36 99 49	1	-1	0
57	176 23 90 170	4	2	0
58	121 88 76 80	2	-1	0
59	53 121 63 80	4	4	0
60	116 48 46 110	3	4	0
61	59 52 85 50	4	1	0
62	4 156 54 139	1	-1	0
63	140 64 92 127	2	-1	0
64	36 27 133 19	4	4	0
65	197 200 57 70	3	5	0
66	70 79 43 169	3	2	0
67	39 49 146 22	3	4	0
68	44 181 30 35	4	2	0
69	4 81 153 113	1	-1	0
70	79 118 50 52	2	-1	0
71	7 171 188 189	1	-1	0
72	6 58 111 191	1	-1	0
73	7 195 42 194	1	-1	0
74	2 46 190 172	1	-1	0
75	1 40 130 36	1	-1	0
76	136 93 65 18	2	-1	0
77	1 134 194 188	1	-1	0
78	126 198 62 120	4	1	0
79	145 95 121 120	2	-1	0
80	42 190 106 136	3	5	0
81	6 129 137 192	1	-1	0
82	2 187 117 45	1	-1	0
83	54 106 132 29	3	2	0
84	14 103 190 178	3	2	0
85	18 134 115 163	3	3	0
86	93 102 168 157	4	3	0
87	4 36 193 148	1	-1	0
88	101 169 22 52	2	-1	0
89	121 150 62 200	4	5	0
90	9 117 51 38	1	-1	0
91	178 106 81 156	3	3	0
92	77 104 20 172	3	5	0
93	131 39 183 44	2	-1	0
94	2 191 75 87	1	-1	0
95	171 46 158 155	2	-1	0
96	5 197 96 55	1	-1	0
97	108 72 178 197	2	-1	0
98	2 161 52 77	1	-1	0
99	9 137 72 172	1	-1	0
100	71 26 35 50	4	5	0
101	3 171 75 123	1	-1	0
102	118 146 72 143	3	4	0
103	8 91 192 154	1	-1	0
104	124 92 176 187	3	3	0
105	86 80 50 106	3	3	0
106	30 141 157 53	4	2	0
107	143 197 24 33	4	1	0
108	7 107 11 163	1	-1	0
109	27 73 24 70	3	1	0
110	16 59 169 70	2	-1	0
111	131 195 13 191	3	3	0
112	162 182 71 155	4	2	0
113	39 20 12 68	3	4	0
114	23 132 193 148	4	4	0
115	7 92 149 60	1	-1	0
116	4 57 141 22	1	-1	0
117	179 102 145 34	2	-1	0
118	4 20 146 107	1	-1	0
119	111 47 154 79	3	5	0
120	1 54 191 72	1	-1	0
121	4 127 57 28	1	-1	0
122	7 157 40 58	1	-1	0
123	39 200 25 30	4	1	0
124	2 186 179 73	1	-1	0
125	46 74 44 132	2	-1	0
126	62 170 67 126	2	-1	0
127	29 111 107 20	4	2	0
128	2 16 64 100	1	-1	0
129	63 159 119 192	3	2	0
130	5 162 185 77	1	-1	0
131	5 131 11 109	1	-1	0
132	157 127 175 16	4	1	0
133	117 156 99 57	4	3	0
134	6 26 35 40	1	-1	0
135	3 133 26 51	1	-1	0
136	84 33 85 15	3	5	0
137	10 121 25 85	1	-1	0
138	169 53 31 71	2	-1	0
139	101 49 75 30	2	-1	0
140	148 174 135 60	3	2	0
141	138 141 136 191	2	-1	0
142	174 135 131 153	4	2	0
143	100 27 150 147	2	-1	0
144	11 168 51 107	4	1	0
145	186 176 55 20	4	1	0
146	174 99 51 73	3	5	0
147	195 19 37 125	3	1	0
148	81 70 47 175	3	2	0
149	10 113 151 144	1	-1	0
150	188 187 106 51	2	-1	0
151	79 143 127 147	3	4	0
152	8 158 120 166	1	-1	0
153	184 87 129 78	4	4	0
154	199 39 29 40	2	-1	0
155	44 78 199 21	2	-1	0
156	173 190 57 157	2	-1	0
157	24 171 66 42	3	2	0
158	39 132 14 54	4	5	0
159	90 136 109 17	4	2	0
160	53 128 58 108	3	1	0
161	8 154 195 23	1	-1	0
162	12 187 23 24	2	-1	0
163	169 171 81 137	3	2	0
164	5 120 110 165	1	-1	0
165	162 136 20 138	3	2	0
166	83 154 31 181	2	-1	1
167	173 20 52 116	3	3	0
168	20 27 47 64	3	3	0
169	79 37 181 13	2	-1	0
170	8 92 180 56	1	-1	0
171	122 140 114 191	4	3	0
172	143 199 87 151	2	-1	0
173	166 140 34 152	4	2	0
174	109 137 61 18	4	5	0
175	54 199 30 134	4	2	0
176	171 181 149 190	3	2	0
177	3 129 78 60	1	-1	0
178	10 68 51 180	1	-1	0
179	74 56 68 109	4	2	0
180	6 82 188 134	1	-1	0
181	187 68 181 191	3	1	0
182	50 171 149 23	4	4	0
183	42 181 44 106	3	2	0
184	6 15 128 131	1	-1	0
185	130 189 191 131	2	-1	0
186	54 127 103 177	3	2	0
187	46 149 19 188	4	1	0
188	43 133 101 106	4	4	0
189	21 45 101 33	3	3	0
190	120 190 123 106	3	5	0
191	165 54 199 118	2	-1	0
192	90 193 148 34	4	1	0
193	144 15 189 159	2	-1	0
194	6 148 96 32	1	-1	0
195	9 106 151 93	1	-1	0
196	48 194 120 197	2	-1	0
197	34 18 69 148	2	-1	0
198	188 42 71 142	4	2	0
199	192 148 40 70	3	5	0
200	182 198 64 97	4	1	0
201	30 160 94 120	4	5	0
202	90 50 170 73	4	4	0
203	142 159 176 32	3	5	0
204	2 200 19 110	1	-1	0
205	27 140 60 115	2	-1	1
206	9 150 130 162	1	-1	0
207	193 182 70 118	2	-1	0
208	7 181 15 44	1	-1	0
209	4 88 198 185	1	-1	0
210	10 76 73 188	1	-1	0
211	3 13 60 127	1	-1	0
212	129 154 135 194	2	-1	0
213	131 124 177 190	3	2	0
214	25 123 96 26	2	-1	0
215	9 91 152 92	1	-1	0
216	69 187 158 17	4	3	0
217	5 40 126 156	1	-1	0
218	182 145 90 142	3	1	0
219	61 59 33 63	2	-1	0
220	94 105 125 157	3	4	0
221	200 72 121 45	4	5	0
222	57 151 171 91	3	5	0
223	10 88 157 187	1	-1	0
224	4 168 110 138	1	-1	0
225	20 85 113 46	3	4	0
226	56 166 198 158	3	2	0
227	42 41 102 29	2	-1	0
228	159 30 142 86	2	-1	0
229	4 175 14 131	1	-1	0
230	3 38 40 65	1	-1	0
231	142 46 70 143	3	2	0
232	169 181 110 128	3	2	0
233	84 118 22 120	2	-1	0
234	80 140 16 87	3	4	0
235	71 173 135 77	2	-1	0
236	73 96 29 119	2	-1	0
237	193 54 56 90	2	-1	0
238	3 76 117 95	1	-1	0
239	64 68 123 176	2	-1	0
240	100 86 115 92	2	-1	0
241	191 121 82 39	2	-1	0
242	69 110 86 60	3	3	0
243	3 197 113 162	1	-1	0
244	4 89 149 99	1	-1	0
245	1 51 145 161	1	-1	0
246	11 141 46 155	4	4	0
247	5 31 57 20	1	-1	0
248	10 173 138 42	1	-1	0
249	60 33 51 29	3	5	0
250	196 176 114 91	2	-1	0
251	1 89 82 96	1	-1	0
252	79 145 68 74	2	-1	0
253	15 42 62 30	4	4	0
254	75 65 43 163	3	5	0
255	75 189 20 141	2	-1	0
256	70 67 165 177	2	-1	0
257	187 192 103 100	3	3	0
258	124 186 96 185	2	-1	0
259	182 57 159 180	2	-1	1
260	102 174 63 140	3	1	0
261	123 18 21 107	3	4	0
262	105 61 73 77	2	-1	0
263	15 127 104 37	3	2	0
264	3 97 162 56	1	-1	0
265	2 32 182 75	1	-1	0
266	48 160 14 110	2	-1	0
267	5 27 61 79	1	-1	0
268	109 55 115 51	3	2	0
269	31 11 46 140	2	-1	0
270	7 56 106 174	1	-1	0
271	135 139 103 191	3	1	0
272	24 147 61 89	2	-1	0
273	149 89 190 48	4	1	0
274	13 121 116 180	2	-1	0
275	188 114 176 96	2	-1	0
276	138 120 51 96	4	1	0
277	10 126 52 76	1	-1	0
278	1 42 99 77	1	-1	0
279	3 191 63 100	1	-1	0
280	17 120 118 194	2	-1	0
281	92 105 14 198	2	-1	1
282	113 72 154 171	4	4	0
283	160 136 140 55	4	3	0
284	21 149 159 51	2	-1	0
285	6 144 32 182	1	-1	0
286	70 52 94 115	3	3	0
287	144 111 58 142	2	-1	0
288	170 106 121 149	3	1	0
289	101 81 178 61	3	3	0
290	95 85 133 176	3	5	0
291	2 128 88 37	1	-1	0
292	4 185 31 161	1	-1	0
293	42 183 40 179	2	-1	0
294	143 97 175 94	3	2	0
295	77 96 111 133	2	-1	0
296	94 37 31 128	2	-1	0
297	112 176 193 72	4	4	0
298	63 160 161 81	2	-1	0
299	8 171 66 153	1	-1	0
300	169 45 118 64	2	-1	0
301	115 55 89 168	4	2	0
302	7 186 93 166	1	-1	0
303	28 55 155 184	4	4	0
304	3 109 129 177	1	-1	0
305	117 199 19 33	2	-1	0
306	55 187 41 100	2	-1	0
307	200 78 89 199	2	-1	0
308	2 163 131 160	1	-1	0
309	1 109 76 114	1	-1	0
310	10 36 182 128	1	-1	0
311	160 55 172 191	4	1	0
312	53 172 18 88	2	-1	0
313	36 48 199 86	2	-1	0
314	98 185 92 74	2	-1	0
315	85 140 18 68	4	1	0
316	125 29 158 162	3	5	0
317	1 167 102 157	1	-1	0
318	107 88 155 54	2	-1	0
319	100 134 145 104	4	3	0
320	12 146 133 89	4	2	0
321	4 32 67 89	1	-1	0
322	138 149 51 88	4	3	0
323	69 21 123 168	2	-1	0
324	9 86 29 89	1	-1	0
325	18 57 139 194	3	3	0
326	71 108 103 57	2	-1	0
327	8 69 108 143	1	-1	0
328	2 24 130 170	1	-1	0
329	148 63 71 200	3	1	0
330	58 132 77 21	4	4	0
331	178 186 13 130	3	1	0
332	184 194 111 67	3	2	0
333	3 101 158 62	1	-1	0
334	101 188 184 98	2	-1	0
335	188 18 181 129	3	3	0
336	83 167 183 22	2	-1	0
337	148 77 126 152	3	3	0
338	97 33 180 39	3	4	0
339	75 78 103 191	4	1	0
340	1 115 167 155	1	-1	0
341	119 181 90 131	2	-1	0
342	4 82 141 148	1	-1	0
343	143 114 98 41	2	-1	0
344	79 186 172 51	2	-1	0
345	6 76 75 197	1	-1	0
346	183 65 58 80	3	3	0
347	195 138 47 150	3	5	0
348	10 109 137 158	1	-1	0
349	121 145 23 114	3	3	0
350	136 141 158 155	4	4	0
351	120 192 41 122	2	-1	0
352	161 40 82 71	2	-1	0
353	96 133 120 126	2	-1	0
354	3 182 190 70	1	-1	0
355	3 157 64 132	1	-1	0
356	6 168 129 26	1	-1	0
357	176 103 72 40	4	5	0
358	13 123 199 189	2	-1	0
359	33 116 42 22	2	-1	0
360	7 124 28 146	1	-1	0
361	198 17 96 42	2	-1	0
362	31 138 104 195	3	3	0
363	41 157 63 164	3	3	0
364	58 109 157 158	2	-1	0
365	137 173 120 96	3	5	0
366	14 65 66 120	3	3	0
367	85 192 56 103	4	3	0
368	6 185 22 16	1	-1	0
369	172 28 138 176	4	3	0
370	171 55 151 39	2	-1	0
371	187 146 67 128	3	4	0
372	49 197 35 146	2	-1	0
373	178 70 109 85	2	-1	0
374	6 20 170 39	1	-1	0
375	3 49 173 25	1	-1	0
376	3 170 80 183	1	-1	0
377	186 183 101 34	2	-1	0
378	64 181 70 36	3	3	0
379	117 173 87 154	3	2	0
380	193 172 43 182	2	-1	0
381	54 147 191 139	2	-1	0
382	5 182 147 153	1	-1	0
383	132 70 11 172	2	-1	0
384	1 153 143 179	1	-1	0
385	107 14 134 116	3	4	0
386	7 18 67 190	1	-1	0
387	3 24 79 143	1	-1	0
388	10 124 64 56	1	-1	0
389	91 43 94 154	2	-1	0
390	19 106 167 114	2	-1	0
391	195 118 122 100	4	1	0
392	16 90 151 76	3	4	0
393	133 17 127 172	4	2	0
394	155 55 37 100	4	2	0
395	108 23 142 200	3	4	0
396	117 137 194 176	3	5	0
397	142 67 144 172	2	-1	0
398	148 108 47 76	2	-1	0
399	184 45 17 76	3	3	0
400	108 14 54 131	4	1	0
401	48 51 129 155	2	-1	0
402	142 150 113 117	2	-1	0
403	152 154 56 164	4	2	0
404	7 158 70 97	1	-1	0
405	131 155 148 78	3	2	0
406	3 27 183 117	1	-1	0
407	39 56 25 24	3	2	0
408	132 188 200 14	2	-1	0
409	24 121 147 25	2	-1	0
410	121 48 160 85	2	-1	0
411	57 62 70 122	3	2	0
412	57 152 181 24	4	5	0
413	128 138 48 189	3	4	0
414	141 143 192 189	3	5	0
415	6 29 31 178	1	-1	0
416	1 11 160 136	1	-1	0
417	68 100 63 48	3	2	0
418	10 144 116 179	1	-1	0
419	135 152 75 13	3	2	0
420	50 121 166 51	4	3	0
421	28 118 55 98	4	5	0
422	90 129 101 26	3	4	0
423	10 55 156 199	1	-1	0
424	120 13 191 188	3	5	0
425	3 165 115 191	1	-1	0
426	90 17 187 64	2	-1	0
427	78 181 115 45	2	-1	0
428	103 96 47 11	2	-1	0
429	143 24 96 67	4	3	0
430	50 27 168 43	2	-1	0
431	183 102 83 166	3	2	0
432	145 40 128 98	4	5	0
433	10 162 120 117	1	-1	0
434	4 47 174 79	1	-1	0
435	145 87 53 122	4	3	0
436	176 174 15 191	2	-1	0
437	141 54 160 89	4	2	0
438	196 150 56 188	3	1	0
439	177 15 26 136	3	1	0
440	164 142 120 99	4	2	0
441	2 162 15 33	1	-1	0
442	126 120 83 184	4	4	0
443	9 158 146 48	1	-1	0
444	1 162 103 24	1	-1	0
445	11 169 184 17	2	-1	0
446	88 181 159 191	2	-1	0
447	188 149 97 142	3	2	0
448	112 160 153 27	4	2	0
449	14 59 51 200	2	-1	0
450	35 117 55 17	4	5	0
451	54 74 179 28	4	1	0
452	83 97 96 105	2	-1	0
453	39 35 128 114	2	-1	0
454	44 57 145 169	3	2	0
455	80 122 50 184	4	3	0
456	196 91 164 122	3	4	0
457	85 110 116 89	3	2	0
458	23 115 21 177	3	3	0
459	140 51 14 100	3	1	0
460	200 192 70 49	2	-1	0
461	178 152 18 79	4	4	0
462	127 95 98 18	3	5	0
463	3 33 175 115	1	-1	0
464	98 159 103 163	3	3	0
465	65 159 45 15	2	-1	0
466	140 101 146 83	4	5	0
467	33 68 177 52	2	-1	0
468	88 150 26 50	3	2	0
469	3 191 172 161	1	-1	0
470	125 85 145 138	3	5	0
471	92 69 176 199	2	-1	0
472	3 154 75 119	1	-1	0
473	66 61 50 52	4	5	0
474	85 147 24 165	2	-1	0
475	39 124 62 126	2	-1	0
476	147 14 17 51	4	2	0
477	84 17 151 104	4	2	0
478	6 150 129 141	1	-1	0
479	69 28 178 57	3	2	0
480	98 84 58 29	2	-1	0
481	127 41 184 25	3	1	0
482	166 57 191 180	2	-1	0
483	142 125 52 23	3	4	0
484	2 88 119 14	1	-1	0
485	10 114 198 56	1	-1	0
486	6 101 154 43	1	-1	0
487	199 117 32 26	4	5	0
488	98 149 51 150	3	2	0
489	4 96 91 189	1	-1	0
490	67 63 87 93	3	1	0
491	80 197 147 199	2	-1	0
492	117 94 150 128	3	1	0
493	58 178 22 112	2	-1	0
494	49 120 98 106	3	4	0
495	116 63 140 45	4	2	0
496	185 69 189 15	4	1	0
497	158 199 49 182	4	5	0
498	187 178 170 166	3	1	0
499	156 179 119 117	4	5	0
500	3 26 146 192	1	-1	0
