Class Times	5
Rooms	10
1	18	A	0
2	64	A	1
3	97	B	1
4	30	C	0
5	64	A	0
6	38	B	0
7	52	A	0
8	91	A	0
9	60	A	0
10	75	A	0
Classes	50
Teachers	25
1	25	4	C	1
2	12	5	C	1
3	10	5	C	1
4	21	1	A	0
5	16	4	C	0
6	20	3	C	0
7	19	3	C	0
8	14	2	B	0
9	17	1	A	0
10	3	3	C	0
11	22	2	B	0
12	19	2	B	0
13	10	4	C	0
14	13	1	A	0
15	18	4	C	0
16	15	4	C	0
17	22	1	A	0
18	18	1	A	0
19	23	2	B	0
20	7	1	A	0
21	1	2	B	0
22	1	3	C	0
23	23	4	C	0
24	6	2	B	0
25	2	5	C	0
26	3	1	A	0
27	15	2	B	0
28	13	4	C	0
29	14	2	B	0
30	6	4	C	0
31	21	5	C	0
32	7	3	C	0
33	4	4	C	0
34	16	1	A	0
35	25	1	A	0
36	9	5	C	0
37	24	5	C	0
38	9	2	B	0
39	17	1	A	0
40	24	3	C	0
41	5	3	C	0
42	12	4	C	0
43	4	2	B	0
44	11	2	B	0
45	20	5	C	0
46	8	4	C	0
47	11	2	B	0
48	2	1	A	0
49	5	1	A	0
50	8	2	B	0
