Class Times	5
Rooms	10
1	64	B	0
2	23	A	0
3	87	C	1
4	37	B	1
5	34	C	0
6	41	A	1
7	25	A	1
8	22	B	0
9	37	A	1
10	87	A	1
Classes	50
Teachers	25
1	11	3	C	1
2	10	5	C	1
3	12	3	C	1
4	10	3	C	0
5	9	5	C	0
6	5	1	A	0
7	7	2	B	0
8	25	3	C	0
9	7	3	C	0
10	12	3	C	0
11	15	1	A	0
12	11	2	B	0
13	21	2	B	0
14	5	4	C	0
15	9	5	C	0
16	16	5	C	0
17	2	2	B	0
18	18	4	C	0
19	3	4	C	0
20	18	2	B	0
21	4	2	B	0
22	19	1	A	0
23	4	3	C	0
24	25	4	C	0
25	6	4	C	0
26	16	2	B	0
27	24	1	A	0
28	13	5	C	0
29	13	4	C	0
30	2	5	C	0
31	20	5	C	0
32	19	5	C	0
33	14	1	A	0
34	23	2	B	0
35	15	5	C	0
36	21	3	C	0
37	17	4	C	0
38	24	3	C	0
39	20	2	B	0
40	22	3	C	0
41	3	2	B	0
42	23	3	C	0
43	6	4	C	0
44	17	5	C	0
45	1	2	B	0
46	8	4	C	0
47	22	3	C	0
48	8	2	B	0
49	1	5	C	0
50	14	4	C	0
