Class Times	5
Rooms	10
1	93	C	1
2	59	B	1
3	76	A	0
4	33	C	1
5	42	C	1
6	52	A	0
7	43	B	0
8	56	C	1
9	39	C	1
10	18	B	1
Classes	50
Teachers	25
1	7	2	B	1
2	15	2	B	1
3	18	1	A	1
4	17	3	C	0
5	8	2	B	0
6	2	2	B	0
7	17	3	C	0
8	21	4	C	0
9	25	2	B	0
10	6	1	A	0
11	25	5	C	0
12	8	4	C	0
13	19	5	C	0
14	3	2	B	0
15	4	3	C	0
16	7	3	C	0
17	9	3	C	0
18	11	1	A	0
19	13	5	C	0
20	4	1	A	0
21	16	2	B	0
22	12	2	B	0
23	19	2	B	0
24	6	3	C	0
25	2	3	C	0
26	18	2	B	0
27	22	3	C	0
28	23	5	C	0
29	10	1	A	0
30	1	3	C	0
31	21	4	C	0
32	10	1	A	0
33	24	4	C	0
34	5	1	A	0
35	16	4	C	0
36	13	5	C	0
37	11	3	C	0
38	9	2	B	0
39	23	5	C	0
40	20	4	C	0
41	15	3	C	0
42	22	4	C	0
43	20	3	C	0
44	14	3	C	0
45	3	4	C	0
46	5	3	C	0
47	14	3	C	0
48	24	3	C	0
49	1	2	B	0
50	12	5	C	0
