Students	1250
1	41 49 40 32	4	4	0
2	18 40 28 48	4	4	0
3	42 40 13 46	3	1	1
4	1 37 26 18	1	-1	0
5	18 30 5 23	4	4	0
6	3 15 18 31	1	-1	0
7	39 28 26 30	4	2	0
8	36 39 13 42	2	-1	0
9	32 49 33 34	4	2	0
10	45 32 23 28	4	3	0
11	50 23 18 46	3	5	0
12	37 21 27 8	4	2	0
13	1 38 31 29	1	-1	0
14	2 43 36 41	1	-1	0
15	5 13 42 46	4	2	0
16	10 15 50 6	2	-1	0
17	40 23 4 44	2	-1	0
18	1 36 27 38	1	-1	0
19	23 24 49 11	2	-1	0
20	22 26 6 35	2	-1	0
21	35 50 13 12	2	-1	0
22	8 23 15 25	4	5	0
23	15 4 12 25	4	1	0
24	18 24 34 48	2	-1	0
25	17 39 3 5	2	-1	0
26	32 20 37 9	4	2	0
27	13 24 9 19	3	4	0
28	34 36 13 45	3	4	0
29	23 8 38 24	4	4	0
30	49 37 4 36	4	5	0
31	43 10 29 39	4	4	0
32	39 11 13 40	2	-1	0
33	30 23 16 6	3	4	0
34	44 22 7 10	3	4	0
35	7 6 37 50	4	4	0
36	27 47 12 44	3	1	0
37	27 42 15 4	4	3	0
38	40 9 38 19	4	4	0
39	2 6 35 48	1	-1	0
40	2 31 32 37	1	-1	0
41	47 32 46 8	4	5	0
42	48 24 17 19	4	4	0
43	14 37 15 24	2	-1	0
44	36 21 17 48	2	-1	0
45	39 9 49 4	2	-1	0
46	7 33 22 31	3	1	0
47	46 25 32 21	2	-1	0
48	2 9 38 48	1	-1	0
49	46 27 42 44	2	-1	0
50	47 29 26 37	3	2	0
51	31 41 36 20	2	-1	0
52	25 29 48 33	2	-1	0
53	3 37 4 43	1	-1	0
54	3 16 44 47	1	-1	0
55	31 39 26 47	2	-1	0
56	5 7 49 21	3	1	0
57	28 46 9 13	2	-1	0
58	23 20 19 34	4	3	0
59	35 5 46 37	2	-1	0
60	30 4 50 6	2	-1	0
61	33 5 24 42	4	4	0
62	13 41 19 12	4	2	0
63	42 26 48 10	3	1	0
64	3 40 30 10	1	-1	0
65	10 7 12 13	4	5	0
66	45 22 6 50	2	-1	0
67	15 46 6 41	3	5	0
68	14 23 5 27	4	1	0
69	5 8 48 43	3	2	0
70	28 11 6 26	2	-1	0
71	29 5 19 46	4	5	0
72	5 24 15 17	4	2	0
73	28 50 42 20	4	2	0
74	18 37 23 39	2	-1	0
75	16 29 4 25	4	5	0
76	46 28 15 48	4	1	0
77	2 11 24 15	1	-1	0
78	8 34 13 12	2	-1	0
79	49 7 37 16	3	4	0
80	8 31 34 42	4	4	0
81	49 13 21 17	4	5	0
82	11 44 27 31	3	4	0
83	27 13 37 21	3	5	0
84	21 33 14 44	4	4	0
85	47 44 26 7	2	-1	0
86	2 42 14 41	1	-1	0
87	37 35 23 17	4	4	0
88	50 17 9 41	2	-1	0
89	29 28 23 11	3	5	0
90	40 39 33 21	2	-1	0
91	9 5 10 11	3	5	0
92	1 12 23 42	1	-1	0
93	7 41 34 40	3	4	0
94	1 11 4 20	1	-1	0
95	36 20 23 46	3	4	0
96	35 9 22 26	2	-1	0
97	27 35 4 19	3	3	0
98	31 41 35 29	2	-1	0
99	42 32 12 47	4	2	0
100	3 12 44 9	1	-1	0
101	26 41 42 9	4	2	0
102	28 43 21 50	4	4	0
103	7 6 50 17	2	-1	0
104	17 49 14 7	2	-1	0
105	10 8 28 15	3	2	0
106	1 7 50 17	1	-1	0
107	1 28 50 10	1	-1	0
108	26 38 4 24	3	1	0
109	15 50 30 41	2	-1	0
110	8 34 28 41	4	3	0
111	1 12 40 49	1	-1	0
112	48 43 39 9	3	2	0
113	9 46 27 20	4	4	0
114	22 39 40 36	3	2	0
115	33 38 31 25	4	2	0
116	16 39 48 36	3	1	0
117	29 7 36 45	2	-1	0
118	5 47 16 26	2	-1	0
119	26 17 33 6	4	4	0
120	1 7 11 33	1	-1	0
121	3 9 8 11	1	-1	0
122	26 21 6 11	4	2	0
123	2 37 14 10	1	-1	0
124	34 49 8 10	3	5	0
125	2 11 29 44	1	-1	0
126	2 11 20 33	1	-1	0
127	22 50 45 9	3	4	0
128	34 4 49 13	2	-1	0
129	39 42 28 31	4	2	0
130	7 33 20 4	2	-1	0
131	2 21 30 8	1	-1	0
132	44 34 27 35	3	3	0
133	47 3 30 24	3	4	1
134	7 14 41 42	3	1	0
135	25 50 48 46	4	2	0
136	20 17 5 19	2	-1	0
137	45 29 44 17	2	-1	0
138	30 45 10 27	4	3	0
139	2 37 6 23	1	-1	0
140	3 44 7 10	1	-1	0
141	41 25 15 8	2	-1	0
142	2 28 49 30	1	-1	0
143	2 21 22 19	1	-1	0
144	10 46 37 23	4	1	0
145	29 14 25 11	2	-1	0
146	15 30 35 48	3	3	0
147	2 15 10 28	1	-1	0
148	37 13 38 28	4	4	0
149	47 5 33 14	3	2	0
150	37 35 14 4	3	2	0
151	3 45 28 20	1	-1	0
152	35 10 44 30	2	-1	0
153	12 42 41 38	4	5	0
154	41 21 24 25	3	2	0
155	2 13 28 36	1	-1	0
156	2 37 41 40	1	-1	0
157	2 14 11 36	1	-1	0
158	49 34 20 26	2	-1	0
159	2 49 28 12	1	-1	0
160	3 17 21 33	1	-1	0
161	42 12 29 10	2	-1	0
162	1 23 24 45	1	-1	0
163	34 20 13 8	4	3	0
164	28 17 5 24	2	-1	0
165	2 24 17 41	1	-1	0
166	4 15 43 20	2	-1	0
167	23 10 4 38	3	1	0
168	12 45 32 13	4	3	0
169	3 31 48 5	1	-1	0
170	10 6 21 33	2	-1	0
171	17 31 35 26	3	2	0
172	14 48 12 30	3	1	0
173	29 20 33 47	2	-1	0
174	3 31 48 8	1	-1	0
175	24 25 23 7	3	4	0
176	27 31 44 7	2	-1	0
177	38 6 11 28	4	3	0
178	49 35 24 46	4	3	0
179	37 8 33 19	4	5	0
180	45 18 35 22	3	5	0
181	46 45 38 47	2	-1	0
182	1 9 13 8	1	-1	0
183	9 13 8 21	3	5	0
184	23 17 36 24	4	2	0
185	2 16 6 23	1	-1	0
186	2 15 37 45	1	-1	0
187	16 42 23 14	2	-1	0
188	14 29 11 33	3	3	0
189	21 41 15 22	2	-1	0
190	3 34 33 5	1	-1	0
191	13 8 5 25	2	-1	0
192	36 39 18 9	4	3	0
193	3 6 13 21	1	-1	0
194	3 34 4 47	1	-1	0
195	46 39 50 30	2	-1	0
196	26 18 28 17	2	-1	0
197	16 8 6 49	3	1	0
198	40 15 31 29	3	3	0
199	47 30 36 42	3	1	0
200	1 43 5 50	1	-1	0
201	19 44 14 23	3	5	0
202	1 37 23 47	1	-1	0
203	40 45 5 11	3	1	0
204	3 20 37 26	1	-1	0
205	50 4 11 29	4	4	0
206	40 31 21 36	2	-1	0
207	2 16 24 5	1	-1	0
208	19 9 31 41	2	-1	0
209	9 10 41 8	3	1	0
210	27 46 12 41	2	-1	0
211	46 40 49 8	4	2	0
212	3 16 11 13	1	-1	0
213	29 30 10 25	2	-1	0
214	8 34 48 39	3	1	0
215	1 33 16 18	1	-1	0
216	2 34 30 41	1	-1	0
217	10 18 28 2	3	3	0
218	8 32 41 34	4	4	0
219	9 42 40 6	2	-1	0
220	35 48 29 42	2	-1	0
221	1 50 49 30	1	-1	1
222	40 9 10 42	3	4	0
223	7 34 33 38	4	5	0
224	50 45 40 37	3	2	0
225	11 50 32 16	2	-1	0
226	26 4 44 13	3	5	0
227	2 32 12 33	1	-1	0
228	31 4 25 8	4	1	0
229	35 9 28 41	4	4	0
230	49 17 15 41	2	-1	0
231	35 28 45 24	2	-1	0
232	8 10 23 45	4	3	0
233	35 7 18 15	3	5	0
234	14 32 40 31	2	-1	0
235	1 46 25 27	1	-1	0
236	35 30 46 16	4	4	0
237	13 19 20 27	3	4	0
238	20 23 15 32	4	5	0
239	2 24 10 29	1	-1	0
240	23 13 49 33	3	4	0
241	23 38 8 35	2	-1	0
242	1 38 18 39	1	-1	0
243	14 37 31 43	2	-1	0
244	49 27 7 48	3	2	0
245	18 8 32 46	2	-1	0
246	22 27 35 24	2	-1	0
247	1 9 43 23	1	-1	0
248	27 12 23 39	2	-1	0
249	2 28 34 12	1	-1	0
250	6 37 48 42	4	3	0
251	19 9 13 33	3	5	0
252	1 42 44 50	1	-1	0
253	19 42 45 9	4	5	0
254	22 14 30 5	4	5	0
255	28 4 34 7	2	-1	0
256	40 34 26 17	3	5	0
257	3 36 41 8	1	-1	0
258	11 23 15 10	2	-1	0
259	4 11 49 18	4	1	0
260	1 24 17 21	1	-1	0
261	50 17 10 9	4	1	0
262	2 23 20 21	1	-1	0
263	38 36 14 13	4	5	0
264	20 47 17 25	3	2	0
265	23 43 4 15	3	4	0
266	2 32 21 18	1	-1	0
267	3 24 21 8	1	-1	0
268	49 34 32 10	2	-1	0
269	8 15 37 5	3	4	0
270	24 48 4 34	2	-1	0
271	18 14 37 6	4	3	0
272	34 36 39 18	2	-1	0
273	3 48 21 24	1	-1	0
274	4 30 41 36	4	2	0
275	1 50 44 36	1	-1	0
276	31 48 37 18	2	-1	0
277	19 5 18 34	3	1	0
278	28 43 30 17	4	3	0
279	14 26 49 46	4	3	0
280	36 15 25 40	4	5	0
281	47 24 12 34	3	5	0
282	3 34 21 19	1	-1	0
283	44 20 36 28	4	1	0
284	13 44 26 29	4	1	0
285	46 42 50 18	2	-1	0
286	25 31 4 47	2	-1	0
287	16 6 35 7	3	4	0
288	2 20 7 6	1	-1	0
289	43 19 39 29	2	-1	0
290	24 49 37 28	2	-1	0
291	3 46 33 36	1	-1	0
292	40 43 23 28	2	-1	0
293	49 34 11 39	2	-1	0
294	28 7 48 49	2	-1	0
295	11 29 28 17	2	-1	0
296	35 7 23 26	2	-1	0
297	24 14 49 7	2	-1	0
298	32 40 11 27	2	-1	0
299	45 23 40 30	3	5	0
300	3 38 32 30	1	-1	0
301	1 26 31 4	1	-1	0
302	2 23 15 17	1	-1	0
303	3 21 12 37	1	-1	1
304	24 28 33 5	2	-1	0
305	11 42 50 17	2	-1	0
306	23 46 50 19	2	-1	0
307	2 13 47 46	1	-1	0
308	8 38 32 43	4	1	0
309	2 5 43 8	1	-1	0
310	11 20 30 50	4	2	0
311	1 32 29 11	1	-1	0
312	21 43 28 29	4	3	0
313	13 16 50 25	2	-1	0
314	43 38 29 25	2	-1	0
315	17 21 46 15	4	4	0
316	46 15 37 36	2	-1	0
317	40 30 11 14	2	-1	0
318	27 36 29 41	2	-1	0
319	38 50 26 9	2	-1	0
320	2 47 12 45	1	-1	0
321	7 39 13 45	3	3	0
322	16 43 31 5	3	4	0
323	3 24 41 29	1	-1	0
324	45 6 50 4	3	4	0
325	1 31 37 15	1	-1	0
326	6 48 32 12	4	5	0
327	38 33 15 28	4	2	0
328	18 39 37 43	3	4	0
329	25 5 7 20	4	2	0
330	42 45 6 30	2	-1	0
331	15 33 9 29	3	2	0
332	41 13 39 35	3	5	0
333	9 42 8 12	3	4	0
334	1 37 7 29	1	-1	0
335	19 12 46 10	3	3	0
336	8 40 12 26	2	-1	0
337	39 42 4 28	4	4	0
338	3 20 28 16	1	-1	0
339	25 9 17 43	2	-1	0
340	32 6 9 12	2	-1	0
341	11 44 37 43	2	-1	0
342	45 25 48 16	3	1	0
343	25 37 48 31	4	4	0
344	10 16 42 25	3	3	0
345	1 24 17 22	1	-1	0
346	47 17 32 11	3	1	0
347	3 16 35 29	1	-1	0
348	46 17 50 15	4	5	0
349	33 3 42 23	3	4	0
350	11 10 22 33	2	-1	0
351	2 14 48 11	1	-1	1
352	42 34 37 10	4	5	0
353	6 39 31 20	4	5	0
354	38 22 4 15	2	-1	0
355	3 18 49 14	1	-1	0
356	3 32 10 16	1	-1	0
357	20 10 7 5	3	2	0
358	14 1 31 8	4	2	0
359	41 50 26 42	2	-1	0
360	32 34 26 20	3	1	0
361	50 36 16 45	4	4	0
362	41 49 29 15	2	-1	0
363	44 6 21 29	4	4	0
364	3 31 34 19	1	-1	0
365	3 9 17 26	1	-1	0
366	23 12 8 46	4	5	0
367	16 33 8 5	2	-1	0
368	26 42 46 48	2	-1	0
369	2 12 43 11	1	-1	0
370	49 40 4 13	4	4	0
371	41 16 26 31	4	4	0
372	41 15 25 48	2	-1	0
373	20 12 31 24	2	-1	0
374	9 35 10 50	4	4	0
375	18 45 33 7	4	5	0
376	1 42 47 36	1	-1	0
377	26 24 15 45	2	-1	0
378	16 25 41 18	3	1	0
379	34 9 10 16	2	-1	0
380	16 4 34 26	4	1	0
381	2 8 32 13	1	-1	0
382	27 19 7 34	2	-1	0
383	28 23 30 39	4	3	0
384	20 25 34 14	4	3	0
385	33 30 27 49	2	-1	0
386	1 41 18 42	1	-1	0
387	6 23 27 21	2	-1	0
388	17 16 27 47	2	-1	0
389	1 21 4 36	1	-1	0
390	37 45 47 9	3	1	0
391	35 7 19 21	2	-1	0
392	50 35 14 44	4	1	0
393	50 44 15 8	4	5	0
394	1 15 17 39	1	-1	0
395	2 46 13 47	1	-1	0
396	1 34 10 32	1	-1	0
397	8 38 12 20	3	3	0
398	36 13 33 42	3	3	0
399	1 50 31 11	1	-1	0
400	25 6 11 46	2	-1	0
401	36 24 42 7	2	-1	0
402	21 28 40 10	3	4	0
403	45 16 29 14	2	-1	0
404	6 39 29 14	2	-1	0
405	21 14 36 18	4	4	0
406	29 7 45 18	2	-1	0
407	10 36 19 49	2	-1	0
408	4 45 41 23	2	-1	0
409	1 42 16 47	1	-1	0
410	23 13 42 29	4	3	0
411	45 31 11 9	2	-1	0
412	3 41 10 7	1	-1	0
413	31 39 14 25	3	1	0
414	44 19 27 43	4	2	0
415	2 49 29 17	1	-1	0
416	3 12 38 15	1	-1	0
417	47 12 45 28	4	2	0
418	30 5 43 24	3	3	0
419	8 38 4 36	4	5	0
420	10 16 19 7	4	4	0
421	20 41 39 28	2	-1	0
422	27 42 24 12	4	4	0
423	1 20 39 17	1	-1	0
424	17 7 31 39	4	4	0
425	13 35 44 18	2	-1	0
426	3 44 18 36	1	-1	0
427	12 37 13 14	4	3	0
428	1 13 4 50	1	-1	0
429	32 35 19 48	3	3	0
430	5 16 41 20	2	-1	0
431	2 16 40 49	1	-1	0
432	31 46 30 18	4	3	0
433	22 34 32 14	2	-1	0
434	15 18 32 47	4	1	0
435	49 29 46 21	2	-1	0
436	8 4 5 29	4	4	0
437	1 31 21 4	1	-1	0
438	34 11 36 47	3	2	0
439	48 19 29 15	2	-1	0
440	2 46 31 23	1	-1	0
441	8 43 19 34	3	5	0
442	16 18 25 27	4	5	0
443	37 19 27 29	2	-1	0
444	12 39 18 7	3	4	0
445	30 41 25 14	2	-1	0
446	49 44 24 46	2	-1	0
447	19 16 22 8	2	-1	0
448	18 29 42 12	2	-1	0
449	2 27 45 48	1	-1	0
450	11 29 19 22	3	2	0
451	22 30 36 27	3	1	0
452	37 13 34 15	4	4	0
453	2 49 47 24	1	-1	0
454	12 25 37 29	2	-1	0
455	9 13 18 26	3	4	0
456	29 39 45 19	4	4	0
457	11 21 10 8	4	5	0
458	39 7 33 27	3	1	0
459	28 21 7 29	3	4	0
460	19 9 43 32	2	-1	0
461	15 10 47 23	4	2	0
462	25 40 11 17	2	-1	0
463	3 11 30 9	1	-1	0
464	36 4 10 17	3	5	0
465	48 36 35 47	4	2	0
466	21 17 28 32	4	3	0
467	3 44 7 50	1	-1	0
468	2 7 36 22	1	-1	0
469	30 42 27 50	2	-1	0
470	45 5 7 6	3	5	0
471	46 45 14 8	4	3	0
472	41 6 14 31	2	-1	0
473	10 43 37 18	3	4	0
474	31 41 47 32	2	-1	0
475	33 29 41 50	4	1	0
476	49 20 34 15	4	5	0
477	4 45 33 19	2	-1	0
478	50 45 9 11	3	2	0
479	2 49 46 22	1	-1	0
480	22 43 26 33	3	4	0
481	33 50 16 17	4	3	0
482	5 28 15 40	4	3	0
483	12 43 15 18	3	2	0
484	36 34 4 24	4	2	0
485	20 29 48 9	2	-1	0
486	18 25 39 28	4	3	0
487	44 17 31 47	3	3	0
488	23 32 15 24	3	5	0
489	15 16 22 46	4	1	0
490	1 33 32 26	1	-1	0
491	3 50 38 41	1	-1	0
492	9 38 47 37	4	1	0
493	7 48 17 34	2	-1	0
494	1 6 37 42	1	-1	0
495	21 10 20 5	3	4	0
496	39 10 24 34	3	1	0
497	2 36 7 32	1	-1	0
498	42 28 22 37	3	4	0
499	19 10 7 38	2	-1	0
500	19 42 22 31	2	-1	0
501	34 19 27 20	2	-1	0
502	23 45 47 44	4	1	0
503	5 14 18 26	3	4	0
504	20 31 43 41	2	-1	0
505	1 37 25 19	1	-1	0
506	2 40 38 4	1	-1	0
507	1 23 9 49	1	-1	0
508	44 47 42 48	4	4	0
509	40 30 33 11	4	1	0
510	34 7 26 25	3	5	0
511	27 25 10 24	3	2	0
512	16 33 24 29	3	5	0
513	14 17 18 45	3	3	0
514	22 15 42 11	3	3	0
515	16 25 21 12	2	-1	0
516	4 40 27 5	2	-1	0
517	5 37 34 20	4	4	0
518	33 17 48 50	2	-1	0
519	18 21 13 50	2	-1	0
520	23 33 22 6	2	-1	0
521	37 10 38 31	2	-1	0
522	1 22 33 39	1	-1	0
523	1 43 10 4	1	-1	0
524	35 20 47 36	4	3	0
525	22 31 19 25	2	-1	0
526	38 24 23 22	2	-1	0
527	45 37 34 36	2	-1	0
528	37 10 24 21	4	5	0
529	1 11 29 41	1	-1	0
530	43 22 18 23	4	4	0
531	18 50 33 15	3	1	0
532	35 38 10 24	2	-1	0
533	18 10 25 45	2	-1	0
534	7 40 35 33	2	-1	0
535	26 15 12 25	3	2	0
536	47 4 17 43	4	5	0
537	25 6 43 36	2	-1	0
538	13 31 19 42	3	2	0
539	19 50 15 40	3	1	0
540	28 27 34 26	2	-1	0
541	27 46 26 29	4	5	0
542	2 39 41 32	1	-1	0
543	21 13 23 7	4	5	0
544	15 22 40 37	2	-1	0
545	2 11 23 43	1	-1	0
546	31 50 34 38	3	2	0
547	38 18 14 23	2	-1	0
548	41 9 30 28	2	-1	0
549	41 19 42 4	2	-1	0
550	19 7 28 17	2	-1	0
551	44 24 5 27	3	3	0
552	43 32 34 11	3	1	0
553	9 35 33 36	2	-1	0
554	9 23 45 24	3	2	0
555	24 27 39 15	4	3	0
556	22 9 16 43	3	5	0
557	2 39 4 40	1	-1	0
558	48 14 15 42	4	5	0
559	1 16 23 48	1	-1	0
560	38 37 6 20	3	3	0
561	20 21 10 31	2	-1	0
562	38 45 40 12	3	2	0
563	3 9 43 40	1	-1	0
564	48 9 7 22	4	4	0
565	29 10 4 32	4	3	0
566	11 40 50 33	2	-1	0
567	1 21 15 47	1	-1	0
568	25 18 29 32	2	-1	0
569	38 15 13 29	3	1	0
570	43 49 9 4	4	2	0
571	3 37 25 49	1	-1	0
572	47 36 41 4	2	-1	0
573	2 36 46 37	1	-1	0
574	15 38 4 41	4	1	0
575	37 15 22 48	3	3	0
576	39 46 44 15	4	1	0
577	2 32 7 18	1	-1	0
578	45 40 19 29	2	-1	0
579	43 41 18 16	2	-1	0
580	4 37 27 48	3	3	0
581	33 23 37 31	3	1	0
582	17 30 36 43	2	-1	0
583	23 14 6 16	4	4	0
584	49 17 5 44	3	1	0
585	30 19 12 29	3	3	0
586	5 7 16 6	3	5	0
587	42 6 48 7	2	-1	0
588	39 26 6 8	4	1	0
589	50 48 16 11	2	-1	0
590	3 27 31 45	1	-1	0
591	3 50 35 17	1	-1	0
592	7 6 34 39	3	5	0
593	50 25 38 43	3	1	0
594	28 40 44 4	3	1	0
595	24 49 14 39	3	3	1
596	32 22 23 41	4	3	0
597	15 43 5 10	4	3	0
598	28 17 25 32	3	3	0
599	3 29 39 23	1	-1	0
600	19 48 20 33	3	2	0
601	3 6 19 37	1	-1	0
602	5 35 47 16	2	-1	0
603	17 42 22 29	4	1	0
604	42 32 21 22	2	-1	0
605	1 50 39 6	1	-1	0
606	23 45 28 50	4	5	0
607	46 5 26 27	3	2	0
608	2 36 34 50	1	-1	0
609	25 26 43 45	4	3	0
610	1 14 30 12	1	-1	0
611	44 18 6 27	3	1	0
612	30 18 26 19	3	1	0
613	43 37 31 10	3	3	0
614	2 21 6 11	1	-1	0
615	38 24 44 9	2	-1	0
616	25 43 22 23	2	-1	0
617	5 45 28 50	2	-1	0
618	1 13 14 35	1	-1	0
619	37 38 19 41	2	-1	0
620	28 4 45 14	2	-1	0
621	26 20 18 17	4	5	0
622	21 36 27 17	2	-1	0
623	49 48 50 6	4	5	0
624	2 21 41 26	1	-1	0
625	5 10 40 8	3	2	0
626	20 42 31 6	3	2	0
627	10 29 20 17	4	2	0
628	16 21 30 47	4	4	0
629	14 34 49 41	4	5	0
630	38 9 46 24	2	-1	0
631	31 4 34 23	4	3	0
632	28 8 38 13	4	2	0
633	33 4 30 12	3	3	0
634	3 12 31 37	1	-1	0
635	14 49 44 50	4	3	0
636	50 6 42 34	2	-1	0
637	2 21 8 48	1	-1	0
638	41 28 50 47	4	2	0
639	6 41 50 25	2	-1	0
640	3 23 44 17	1	-1	0
641	3 27 13 23	1	-1	0
642	18 24 21 34	3	5	0
643	1 5 14 48	1	-1	0
644	24 10 8 49	3	3	0
645	28 30 50 47	3	1	0
646	42 50 22 21	3	1	0
647	2 43 13 34	1	-1	0
648	2 17 25 38	1	-1	0
649	18 13 41 30	2	-1	0
650	38 10 22 18	4	4	0
651	3 46 23 34	1	-1	0
652	48 32 39 19	3	3	0
653	2 30 31 35	1	-1	0
654	4 23 29 46	2	-1	0
655	49 36 44 38	3	3	0
656	8 41 50 44	3	1	0
657	48 37 19 5	4	1	0
658	32 13 15 14	2	-1	0
659	20 13 32 49	3	4	0
660	50 44 18 33	3	5	0
661	3 34 43 24	1	-1	0
662	2 19 36 4	1	-1	0
663	42 43 49 39	4	4	0
664	23 30 6 39	3	5	0
665	25 7 31 33	3	1	0
666	44 25 23 48	3	3	0
667	14 26 34 48	3	5	0
668	22 17 37 31	4	5	0
669	50 42 36 41	3	3	0
670	30 46 29 1	4	5	0
671	2 6 27 45	1	-1	0
672	12 48 9 34	3	4	0
673	2 45 17 49	1	-1	0
674	31 30 27 38	4	5	0
675	49 46 40 8	2	-1	0
676	3 33 8 25	1	-1	0
677	7 21 31 34	2	-1	0
678	25 36 27 32	4	5	0
679	6 13 29 21	2	-1	0
680	34 31 46 38	3	4	0
681	17 44 47 25	3	1	0
682	33 4 47 10	4	1	0
683	45 28 8 37	3	4	0
684	36 35 10 48	2	-1	0
685	3 23 48 41	1	-1	0
686	11 13 12 33	3	5	0
687	38 18 49 25	2	-1	0
688	3 15 17 26	1	-1	0
689	47 8 14 22	2	-1	0
690	3 27 11 8	1	-1	0
691	44 32 30 50	3	3	0
692	37 5 14 36	4	1	0
693	41 43 48 39	4	1	0
694	22 21 41 49	4	4	0
695	15 48 7 28	2	-1	0
696	2 29 34 23	1	-1	0
697	1 18 13 41	1	-1	0
698	33 31 17 19	3	2	0
699	24 47 33 36	2	-1	0
700	11 41 7 23	2	-1	0
701	49 42 34 29	2	-1	0
702	30 7 23 32	2	-1	0
703	21 16 30 7	2	-1	0
704	2 8 36 35	1	-1	0
705	10 18 49 7	4	3	0
706	30 6 15 8	2	-1	0
707	34 8 5 19	3	2	0
708	1 34 9 22	1	-1	0
709	29 36 44 12	3	5	0
710	7 30 28 14	2	-1	0
711	47 18 16 14	4	2	0
712	3 31 49 18	1	-1	0
713	17 47 13 25	3	4	0
714	12 7 43 28	4	5	0
715	2 11 46 32	1	-1	0
716	8 37 17 10	2	-1	0
717	14 34 41 46	3	3	0
718	39 4 15 20	2	-1	0
719	4 39 23 1	4	4	0
720	2 16 8 28	1	-1	0
721	1 27 25 11	1	-1	0
722	24 40 37 18	3	5	0
723	5 9 18 4	4	1	0
724	20 8 29 26	3	5	0
725	3 34 30 49	1	-1	0
726	1 36 39 31	1	-1	0
727	43 11 32 16	3	2	0
728	9 21 12 8	2	-1	0
729	22 38 12 42	4	4	0
730	22 4 10 12	2	-1	0
731	20 8 11 49	4	5	0
732	7 19 38 34	3	1	0
733	24 36 21 47	3	2	0
734	19 9 7 49	3	3	0
735	3 41 38 43	1	-1	0
736	12 13 46 26	2	-1	0
737	1 15 40 21	1	-1	0
738	48 24 20 29	2	-1	0
739	19 8 39 36	4	1	0
740	27 37 11 16	2	-1	0
741	29 19 6 40	3	2	0
742	2 19 40 37	1	-1	0
743	18 11 21 45	4	5	0
744	10 20 32 35	3	3	0
745	1 34 45 48	1	-1	0
746	19 34 24 16	4	4	0
747	21 10 39 33	4	1	0
748	2 4 44 6	1	-1	0
749	24 14 47 30	2	-1	0
750	9 21 10 30	3	4	0
751	4 33 30 9	2	-1	0
752	50 19 42 13	4	4	0
753	1 13 22 37	1	-1	0
754	1 43 12 21	1	-1	1
755	17 31 13 43	3	1	0
756	28 21 10 18	3	3	0
757	26 46 44 11	3	2	0
758	1 19 31 35	1	-1	0
759	33 7 13 43	4	2	0
760	6 24 22 11	3	5	0
761	26 13 29 30	4	3	0
762	23 4 14 48	2	-1	0
763	35 36 41 30	2	-1	0
764	49 8 38 48	2	-1	0
765	2 21 41 27	1	-1	0
766	3 21 12 40	1	-1	0
767	14 40 17 32	3	3	0
768	12 20 7 45	3	4	0
769	13 8 14 12	4	2	0
770	17 12 25 19	3	2	0
771	42 50 48 47	3	1	0
772	33 35 25 37	4	2	0
773	48 8 32 4	2	-1	0
774	39 10 30 6	4	1	0
775	46 27 9 18	2	-1	0
776	47 20 36 27	2	-1	0
777	5 8 44 30	2	-1	0
778	10 23 47 45	4	3	0
779	1 6 5 19	1	-1	0
780	21 22 15 39	4	2	0
781	22 21 16 41	2	-1	0
782	8 22 26 9	4	2	0
783	43 30 34 41	3	2	0
784	1 17 48 20	1	-1	0
785	15 39 30 16	2	-1	0
786	26 35 50 31	3	5	0
787	36 14 6 25	4	5	0
788	9 27 46 38	3	5	0
789	21 28 38 31	3	3	0
790	40 6 42 14	2	-1	0
791	3 19 34 21	1	-1	0
792	3 22 32 30	1	-1	0
793	43 40 18 33	2	-1	0
794	15 14 48 22	4	2	0
795	1 24 26 7	1	-1	0
796	25 18 26 24	3	1	0
797	6 23 9 31	4	2	0
798	44 41 31 6	3	1	0
799	39 2 49 42	4	2	0
800	38 12 45 44	4	2	0
801	28 25 31 14	3	3	0
802	44 46 27 16	3	4	0
803	41 16 37 7	4	2	0
804	28 5 43 23	3	3	0
805	47 33 12 37	3	5	0
806	3 30 9 25	1	-1	0
807	12 34 17 41	3	5	0
808	40 23 21 6	4	1	0
809	26 43 39 18	2	-1	0
810	40 47 7 13	2	-1	0
811	5 17 19 41	2	-1	0
812	9 24 49 38	4	4	0
813	20 30 23 40	2	-1	0
814	30 19 40 7	4	2	0
815	21 47 38 20	2	-1	0
816	17 5 47 35	4	5	0
817	46 49 36 15	3	5	0
818	32 22 24 29	3	3	0
819	37 4 28 47	3	3	0
820	9 33 22 43	3	1	0
821	33 8 4 28	3	2	0
822	1 46 4 35	1	-1	0
823	5 10 24 37	2	-1	0
824	20 47 39 26	3	1	0
825	31 50 39 16	3	5	0
826	2 16 28 5	1	-1	0
827	37 34 42 50	3	1	0
828	2 12 43 18	1	-1	0
829	40 30 39 11	4	1	0
830	36 50 20 27	3	4	0
831	2 19 39 7	1	-1	0
832	3 12 21 32	1	-1	0
833	23 29 37 15	4	3	0
834	3 33 50 35	1	-1	0
835	3 14 6 8	1	-1	0
836	32 14 11 6	4	4	0
837	17 35 28 27	2	-1	0
838	49 41 44 6	4	4	0
839	47 6 20 18	2	-1	0
840	1 4 36 9	1	-1	0
841	24 25 40 34	4	1	0
842	20 17 32 29	4	3	0
843	45 27 32 8	2	-1	0
844	3 9 26 35	1	-1	0
845	9 19 48 8	3	3	0
846	41 16 36 10	4	1	0
847	27 14 34 48	2	-1	0
848	41 47 13 35	3	4	0
849	27 14 13 44	4	2	0
850	3 32 47 23	1	-1	0
851	50 22 5 20	4	4	0
852	2 40 29 17	1	-1	0
853	36 35 48 41	3	3	0
854	18 14 42 50	2	-1	0
855	2 6 9 4	1	-1	0
856	7 9 21 14	2	-1	0
857	15 21 23 45	2	-1	0
858	30 13 40 37	3	1	0
859	5 19 41 11	2	-1	0
860	10 34 28 40	3	4	0
861	24 28 27 41	2	-1	0
862	25 35 40 21	4	4	0
863	50 33 34 49	2	-1	0
864	37 29 28 34	2	-1	0
865	1 43 27 23	1	-1	0
866	1 31 44 22	1	-1	0
867	11 5 41 38	4	1	0
868	2 26 27 11	1	-1	0
869	29 41 20 26	4	1	0
870	39 35 32 12	2	-1	0
871	7 43 26 36	4	5	0
872	36 31 33 32	2	-1	0
873	3 28 26 10	1	-1	0
874	5 31 23 4	2	-1	0
875	2 43 42 30	1	-1	0
876	2 38 16 29	1	-1	0
877	39 22 14 29	3	5	0
878	5 4 15 29	4	3	0
879	44 31 30 35	3	1	0
880	42 28 36 15	2	-1	0
881	23 13 34 9	2	-1	0
882	44 8 46 24	2	-1	0
883	1 9 6 15	1	-1	0
884	3 43 40 7	1	-1	0
885	9 6 36 27	4	1	0
886	44 41 48 20	3	4	0
887	8 20 48 7	4	2	0
888	18 4 24 9	4	5	0
889	37 47 23 48	3	3	0
890	17 39 26 31	3	1	0
891	19 10 9 34	4	5	0
892	11 34 4 42	2	-1	0
893	2 15 33 24	1	-1	0
894	2 21 27 38	1	-1	0
895	15 6 10 12	2	-1	0
896	2 20 17 35	1	-1	0
897	15 31 6 38	3	3	0
898	7 34 46 28	4	1	1
899	15 49 12 5	3	5	0
900	24 36 33 10	3	4	0
901	35 8 23 20	4	4	0
902	36 24 32 40	2	-1	0
903	22 15 29 43	2	-1	0
904	21 14 33 41	4	5	0
905	6 4 30 10	2	-1	0
906	23 39 37 15	4	2	0
907	39 40 26 50	3	4	0
908	16 21 45 11	4	5	0
909	3 47 33 10	1	-1	0
910	12 7 34 46	4	4	0
911	39 4 18 42	2	-1	0
912	23 19 48 30	3	5	0
913	49 12 19 48	2	-1	0
914	3 4 8 45	1	-1	0
915	24 50 27 28	3	4	0
916	31 5 46 18	2	-1	0
917	45 17 41 21	2	-1	0
918	8 19 33 28	3	1	0
919	41 29 20 10	2	-1	0
920	37 23 10 50	4	3	0
921	15 46 43 17	2	-1	0
922	2 8 16 4	1	-1	0
923	28 34 35 41	2	-1	0
924	1 30 27 33	1	-1	0
925	20 5 49 31	2	-1	0
926	42 34 14 25	3	4	0
927	41 47 30 48	3	2	0
928	5 8 50 20	3	5	0
929	2 50 45 4	1	-1	0
930	1 16 13 27	1	-1	0
931	6 42 11 27	4	2	0
932	37 10 16 26	4	1	0
933	10 28 16 45	3	2	0
934	38 22 21 43	4	5	0
935	2 37 40 25	1	-1	0
936	28 49 37 42	2	-1	0
937	4 30 31 36	4	3	0
938	39 48 23 34	3	4	0
939	28 10 48 50	4	2	0
940	30 47 11 10	2	-1	0
941	49 42 45 15	2	-1	0
942	2 30 33 8	1	-1	0
943	8 42 30 27	4	1	0
944	3 37 34 31	1	-1	0
945	1 43 45 14	1	-1	0
946	49 7 13 39	4	2	0
947	28 34 22 32	3	1	0
948	32 38 23 46	3	4	0
949	31 17 20 44	4	5	0
950	14 34 30 49	3	2	0
951	32 40 25 11	2	-1	0
952	32 49 28 29	4	2	0
953	3 36 37 8	1	-1	0
954	43 7 24 47	2	-1	0
955	22 8 36 49	4	4	0
956	42 15 48 34	2	-1	0
957	1 50 38 27	1	-1	0
958	2 43 20 17	1	-1	0
959	12 23 9 17	2	-1	0
960	3 10 11 16	1	-1	0
961	2 26 7 10	1	-1	0
962	42 8 10 23	4	1	0
963	17 23 21 24	3	3	0
964	16 25 37 31	4	4	0
965	21 23 39 8	3	5	0
966	2 39 35 18	1	-1	0
967	19 40 31 28	2	-1	0
968	8 4 46 45	4	3	0
969	15 32 16 25	4	5	0
970	46 31 12 19	2	-1	0
971	20 30 48 23	4	5	0
972	1 25 5 28	1	-1	0
973	43 40 45 7	3	3	0
974	5 22 41 16	3	3	0
975	8 47 44 50	3	1	0
976	15 44 11 42	4	1	0
977	2 8 41 26	1	-1	0
978	17 18 27 49	2	-1	0
979	1 45 37 22	1	-1	0
980	41 12 26 6	2	-1	0
981	2 37 46 43	1	-1	0
982	9 26 33 36	2	-1	0
983	10 24 36 40	4	2	0
984	41 50 24 47	4	4	0
985	38 42 11 20	4	5	0
986	21 49 27 3	4	3	0
987	31 45 47 12	3	1	0
988	43 20 27 34	3	3	0
989	2 9 36 28	1	-1	0
990	2 49 20 50	1	-1	0
991	42 4 46 33	3	4	0
992	30 19 38 9	4	3	0
993	13 22 34 25	4	2	0
994	1 13 28 41	1	-1	0
995	28 33 7 32	3	2	0
996	45 21 34 41	3	3	0
997	29 42 12 35	4	5	0
998	3 45 5 30	1	-1	0
999	26 36 5 19	2	-1	0
1000	1 13 18 19	1	-1	0
1001	3 26 48 50	1	-1	0
1002	41 5 10 9	2	-1	0
1003	1 6 11 41	1	-1	0
1004	26 45 13 25	2	-1	0
1005	18 25 10 14	4	1	0
1006	1 6 19 11	1	-1	0
1007	28 47 31 36	2	-1	0
1008	2 14 15 10	1	-1	0
1009	11 8 23 40	3	2	0
1010	1 35 11 20	1	-1	0
1011	2 45 44 39	1	-1	0
1012	1 43 9 27	1	-1	0
1013	12 10 21 20	2	-1	0
1014	35 50 9 6	4	4	0
1015	19 34 5 46	3	3	0
1016	32 7 42 47	2	-1	0
1017	11 28 48 45	2	-1	0
1018	27 18 41 5	4	1	0
1019	3 10 35 33	1	-1	0
1020	37 5 44 34	2	-1	0
1021	34 47 13 16	4	1	0
1022	18 5 37 21	3	5	0
1023	49 34 21 6	4	1	0
1024	14 9 7 26	2	-1	0
1025	41 29 24 23	2	-1	0
1026	3 47 36 45	1	-1	0
1027	25 37 17 40	2	-1	0
1028	40 25 34 46	3	3	0
1029	21 45 5 22	3	5	0
1030	40 35 33 8	2	-1	0
1031	15 20 27 47	3	1	0
1032	22 13 17 6	4	4	0
1033	17 6 34 10	2	-1	0
1034	1 17 26 33	1	-1	0
1035	24 18 46 49	4	4	0
1036	22 43 14 11	4	2	0
1037	21 20 41 44	4	3	0
1038	30 14 23 12	4	4	0
1039	44 18 50 10	4	1	0
1040	38 44 9 20	2	-1	0
1041	30 21 10 43	3	4	0
1042	44 22 24 19	4	4	0
1043	2 42 8 36	1	-1	0
1044	2 9 18 39	1	-1	0
1045	2 35 27 28	1	-1	0
1046	15 27 7 49	2	-1	0
1047	18 42 30 6	2	-1	0
1048	30 27 7 12	4	3	0
1049	3 23 11 13	1	-1	0
1050	42 10 23 27	3	2	0
1051	49 23 22 42	3	3	0
1052	10 5 43 38	4	3	0
1053	30 16 46 21	2	-1	0
1054	37 9 35 42	4	1	0
1055	3 23 12 39	1	-1	0
1056	32 45 46 26	3	4	0
1057	36 32 7 18	3	1	0
1058	26 4 36 17	3	1	0
1059	15 17 18 21	2	-1	0
1060	29 5 30 22	4	3	0
1061	30 31 13 5	3	2	0
1062	7 30 43 41	2	-1	0
1063	35 25 18 22	4	3	0
1064	21 26 6 42	2	-1	0
1065	35 33 47 4	2	-1	0
1066	1 36 50 49	1	-1	0
1067	1 34 6 31	1	-1	0
1068	18 26 45 31	3	5	0
1069	20 27 9 46	2	-1	0
1070	2 33 42 26	1	-1	0
1071	27 38 13 15	4	5	0
1072	32 46 23 41	2	-1	0
1073	12 45 13 14	4	1	0
1074	39 43 23 8	2	-1	0
1075	42 5 10 45	4	1	0
1076	40 47 50 22	3	1	0
1077	1 15 4 26	1	-1	0
1078	23 7 27 13	4	3	0
1079	32 37 29 36	4	4	0
1080	2 40 46 49	1	-1	0
1081	3 24 36 27	1	-1	0
1082	33 23 41 9	3	3	0
1083	12 22 38 31	2	-1	0
1084	47 21 9 48	3	4	0
1085	23 36 28 14	4	2	0
1086	28 43 17 50	4	2	0
1087	42 4 49 10	2	-1	0
1088	9 36 37 10	2	-1	0
1089	8 42 12 33	4	2	0
1090	45 34 8 4	4	4	0
1091	26 34 6 43	3	5	0
1092	6 40 25 48	2	-1	0
1093	1 25 11 27	1	-1	0
1094	3 16 7 38	1	-1	0
1095	9 44 7 49	2	-1	0
1096	19 45 31 49	3	4	0
1097	3 13 21 15	1	-1	0
1098	16 31 28 21	3	5	0
1099	31 28 10 36	4	5	0
1100	29 8 35 42	2	-1	0
1101	1 19 11 29	1	-1	0
1102	16 42 12 17	3	1	0
1103	22 8 5 15	2	-1	0
1104	48 31 15 36	3	1	0
1105	8 26 20 4	4	3	0
1106	48 26 45 37	3	4	0
1107	50 5 24 28	2	-1	0
1108	2 7 45 39	1	-1	0
1109	37 46 9 10	2	-1	0
1110	2 43 16 41	1	-1	0
1111	26 44 9 43	3	1	0
1112	2 19 6 29	1	-1	0
1113	3 43 23 40	1	-1	0
1114	3 28 33 13	1	-1	0
1115	37 5 27 7	3	4	0
1116	4 48 5 17	3	2	0
1117	32 46 13 7	4	4	0
1118	40 29 47 7	4	3	0
1119	2 45 26 39	1	-1	0
1120	11 5 41 7	4	1	0
1121	15 42 7 28	2	-1	0
1122	39 31 29 36	4	1	0
1123	19 5 28 37	4	4	0
1124	10 20 39 13	4	1	0
1125	3 30 44 19	1	-1	0
1126	30 23 35 37	3	4	0
1127	23 27 49 8	2	-1	0
1128	40 7 28 42	2	-1	0
1129	2 47 18 43	1	-1	0
1130	28 14 36 10	3	3	0
1131	10 23 40 6	4	3	0
1132	47 27 16 40	4	5	0
1133	24 40 22 44	4	3	0
1134	7 12 30 18	4	3	0
1135	23 28 45 33	2	-1	0
1136	42 30 6 19	3	2	0
1137	4 45 41 44	3	4	0
1138	25 33 9 23	2	-1	0
1139	24 29 15 33	2	-1	0
1140	32 9 7 39	3	3	0
1141	5 13 38 9	4	5	0
1142	1 43 35 23	1	-1	0
1143	10 20 38 28	4	1	1
1144	4 40 30 31	3	5	0
1145	27 11 17 37	4	5	0
1146	11 44 23 18	4	5	0
1147	1 18 43 39	1	-1	0
1148	36 5 7 38	4	4	0
1149	49 30 22 23	3	3	0
1150	16 49 27 28	3	2	0
1151	32 39 48 35	4	5	0
1152	1 50 25 18	1	-1	0
1153	5 50 24 35	3	4	0
1154	49 13 9 16	4	1	0
1155	31 28 20 35	3	4	0
1156	44 6 33 21	2	-1	0
1157	48 20 29 14	4	5	0
1158	37 6 11 38	4	1	0
1159	31 13 33 29	3	4	0
1160	49 38 32 4	3	1	0
1161	16 44 8 50	3	5	0
1162	3 14 27 28	1	-1	0
1163	40 10 28 43	4	4	0
1164	3 40 13 37	1	-1	0
1165	38 25 18 34	4	2	0
1166	7 18 13 39	4	3	0
1167	28 6 49 44	2	-1	0
1168	11 31 7 47	4	2	0
1169	32 4 35 49	2	-1	0
1170	23 21 27 47	3	2	0
1171	45 25 19 31	2	-1	0
1172	3 32 27 12	1	-1	0
1173	47 34 44 12	3	4	0
1174	25 27 45 18	4	1	0
1175	35 17 18 8	3	3	0
1176	30 33 22 35	4	2	0
1177	50 34 45 6	2	-1	0
1178	48 33 50 5	2	-1	0
1179	8 5 36 34	4	3	0
1180	28 34 29 26	3	5	0
1181	7 44 22 8	2	-1	0
1182	45 19 14 26	4	1	0
1183	17 49 19 26	4	4	0
1184	22 28 49 4	3	4	0
1185	31 24 46 41	4	2	0
1186	10 49 21 17	3	1	0
1187	19 24 10 5	2	-1	0
1188	37 50 46 23	2	-1	0
1189	48 10 36 24	3	2	0
1190	50 38 14 26	2	-1	0
1191	49 4 11 6	4	2	0
1192	46 21 36 8	2	-1	0
1193	1 19 34 30	1	-1	0
1194	47 9 34 5	4	2	0
1195	31 7 43 25	3	2	0
1196	29 42 44 46	2	-1	0
1197	32 43 42 47	3	5	0
1198	5 32 40 19	2	-1	0
1199	2 26 23 39	1	-1	0
1200	1 49 14 41	1	-1	0
1201	18 12 41 7	3	1	0
1202	45 50 10 18	3	4	0
1203	14 7 23 19	4	4	0
1204	5 31 27 22	3	3	0
1205	2 5 4 10	1	-1	0
1206	3 30 10 14	1	-1	0
1207	3 4 37 30	1	-1	0
1208	1 24 5 27	1	-1	0
1209	14 34 24 29	2	-1	0
1210	29 47 13 48	2	-1	0
1211	44 9 33 26	3	3	0
1212	4 33 8 41	4	3	0
1213	42 9 31 40	2	-1	0
1214	16 25 12 7	2	-1	0
1215	49 26 16 42	4	4	0
1216	15 40 11 36	2	-1	0
1217	38 29 15 14	3	3	0
1218	37 33 16 38	4	3	0
1219	47 48 7 40	3	3	0
1220	31 26 33 12	4	1	0
1221	16 12 24 20	2	-1	0
1222	22 34 12 30	4	2	0
1223	13 4 31 29	3	2	0
1224	33 4 20 47	4	1	0
1225	12 10 45 30	2	-1	0
1226	34 44 43 29	3	1	0
1227	2 39 33 23	1	-1	0
1228	10 39 4 14	2	-1	0
1229	34 42 8 9	3	3	0
1230	3 18 29 15	1	-1	0
1231	35 40 49 22	3	2	0
1232	14 5 21 44	4	5	0
1233	50 29 6 18	4	4	0
1234	1 26 5 16	1	-1	0
1235	3 15 33 40	1	-1	0
1236	30 9 11 33	2	-1	0
1237	4 6 5 7	3	2	0
1238	26 24 4 16	3	2	0
1239	3 30 33 5	1	-1	0
1240	20 10 30 29	2	-1	0
1241	16 31 27 47	4	3	0
1242	21 30 4 23	3	1	0
1243	5 20 35 12	3	3	0
1244	24 6 49 47	4	3	0
1245	2 28 8 22	1	-1	0
1246	18 31 26 15	2	-1	0
1247	9 49 31 41	3	3	0
1248	2 46 15 30	1	-1	0
1249	1 38 39 37	1	-1	0
1250	13 7 33 12	4	3	0
