Students	1250
1	20 17 8 33	4	5	0
2	31 43 15 42	3	1	0
3	20 40 44 36	3	3	0
4	39 35 15 7	2	-1	0
5	41 7 5 29	3	1	0
6	46 33 45 30	4	5	0
7	6 7 17 48	3	3	0
8	27 30 46 28	2	-1	0
9	3 23 34 10	1	-1	0
10	32 50 19 38	2	-1	0
11	2 17 35 15	1	-1	0
12	8 21 25 23	2	-1	0
13	46 40 33 22	2	-1	0
14	27 13 41 49	4	5	0
15	49 29 50 36	4	2	0
16	22 42 23 29	4	3	0
17	40 21 17 23	2	-1	0
18	8 15 38 23	2	-1	0
19	24 25 50 14	2	-1	0
20	21 38 3 20	2	-1	0
21	29 12 50 47	2	-1	0
22	35 32 30 10	2	-1	0
23	12 19 33 23	4	1	0
24	9 15 23 6	4	3	0
25	12 45 42 15	4	3	0
26	48 45 15 4	2	-1	0
27	10 50 37 6	4	3	0
28	47 42 23 13	4	3	0
29	46 13 42 11	3	1	0
30	29 50 44 25	3	4	0
31	38 43 26 18	3	5	0
32	7 9 12 49	4	1	0
33	27 13 8 4	4	4	0
34	2 41 45 7	1	-1	0
35	43 28 37 49	3	2	0
36	40 50 25 42	2	-1	0
37	3 20 47 22	1	-1	0
38	39 17 5 6	2	-1	0
39	11 50 25 49	4	1	0
40	2 14 44 29	1	-1	0
41	30 35 9 14	4	1	0
42	34 27 31 45	3	1	0
43	22 24 9 50	4	3	0
44	3 17 36 10	1	-1	0
45	20 47 30 48	4	3	0
46	3 43 13 35	1	-1	0
47	2 41 37 40	1	-1	0
48	16 41 20 24	2	-1	0
49	9 11 39 37	4	2	0
50	15 41 17 12	2	-1	0
51	47 20 12 42	3	2	0
52	36 45 7 21	4	3	0
53	35 41 30 9	4	4	0
54	45 16 28 4	3	3	0
55	2 43 22 42	1	-1	0
56	8 11 38 35	3	5	0
57	3 39 11 10	1	-1	0
58	25 48 45 4	2	-1	0
59	9 22 26 19	4	5	0
60	47 21 13 19	4	2	0
61	44 30 46 41	2	-1	0
62	22 35 26 23	2	-1	0
63	39 5 34 40	3	2	0
64	45 7 4 30	4	1	0
65	1 14 10 7	1	-1	0
66	2 49 26 16	1	-1	0
67	17 41 29 11	2	-1	0
68	27 40 8 22	3	1	0
69	1 15 46 39	1	-1	0
70	14 21 29 31	2	-1	0
71	40 9 37 34	3	2	0
72	26 12 11 48	3	2	0
73	32 11 43 33	2	-1	0
74	10 7 32 30	2	-1	0
75	31 15 37 30	4	5	0
76	38 29 40 50	2	-1	0
77	49 25 5 28	4	5	1
78	25 10 19 47	4	2	0
79	45 15 23 18	2	-1	0
80	43 27 46 49	3	2	0
81	27 42 9 47	4	3	0
82	1 13 33 38	1	-1	0
83	31 9 40 5	4	5	0
84	28 45 39 15	4	2	0
85	5 47 46 6	3	3	0
86	20 26 23 8	2	-1	0
87	33 41 13 29	2	-1	0
88	1 20 24 21	1	-1	0
89	32 23 28 21	3	5	0
90	13 36 12 38	2	-1	0
91	19 14 42 9	4	5	0
92	38 35 7 17	3	5	0
93	3 34 37 17	1	-1	0
94	3 42 38 26	1	-1	0
95	38 31 33 28	4	1	0
96	2 37 23 33	1	-1	0
97	17 36 5 26	4	5	0
98	48 5 15 26	4	4	0
99	35 13 47 12	4	4	0
100	26 50 25 24	4	3	0
101	3 39 37 41	1	-1	0
102	18 25 22 43	4	4	0
103	1 20 21 26	1	-1	0
104	39 36 41 28	3	2	0
105	3 33 18 40	1	-1	1
106	15 18 49 10	2	-1	0
107	2 33 43 6	1	-1	0
108	40 10 14 47	4	4	0
109	18 41 42 35	2	-1	0
110	3 49 48 40	1	-1	0
111	6 39 38 35	2	-1	0
112	42 32 37 7	4	3	0
113	1 12 42 45	1	-1	0
114	22 15 47 11	2	-1	0
115	1 45 17 4	1	-1	0
116	2 8 43 30	1	-1	0
117	1 24 6 44	1	-1	0
118	15 19 42 1	4	5	0
119	10 35 26 50	4	5	0
120	1 44 42 7	1	-1	0
121	24 49 45 18	2	-1	0
122	7 25 10 23	4	2	0
123	23 8 17 6	2	-1	0
124	17 47 19 22	2	-1	0
125	1 28 22 25	1	-1	0
126	14 5 23 37	3	2	0
127	35 12 42 11	2	-1	0
128	36 34 31 14	3	3	0
129	46 49 5 44	4	1	0
130	37 39 41 27	2	-1	0
131	5 4 9 38	2	-1	0
132	32 18 21 31	3	4	0
133	3 15 47 11	1	-1	0
134	28 40 16 26	2	-1	0
135	8 22 25 9	3	4	0
136	21 6 24 38	3	3	0
137	37 39 47 42	4	2	0
138	3 40 25 29	1	-1	0
139	35 22 39 49	4	4	0
140	3 10 50 29	1	-1	0
141	31 23 38 20	4	1	0
142	3 22 9 41	1	-1	0
143	21 31 11 22	2	-1	0
144	33 19 10 6	4	1	0
145	26 46 34 21	4	3	0
146	31 37 36 50	4	4	0
147	5 30 33 28	3	4	0
148	28 4 25 5	3	1	0
149	32 38 26 36	4	3	0
150	29 43 48 49	4	4	0
151	16 33 23 11	3	4	0
152	3 35 32 41	1	-1	0
153	8 24 11 25	3	3	0
154	37 36 40 30	2	-1	0
155	15 14 38 36	4	2	0
156	33 50 18 35	2	-1	0
157	16 17 42 25	3	5	0
158	6 45 16 12	3	2	0
159	21 15 49 35	4	4	0
160	33 43 44 18	2	-1	0
161	34 35 30 20	4	1	0
162	13 18 42 45	2	-1	0
163	20 23 34 38	4	3	0
164	12 24 29 41	3	1	0
165	3 34 10 50	1	-1	0
166	41 20 31 28	3	2	0
167	35 19 9 6	3	3	0
168	23 22 16 24	2	-1	0
169	6 32 46 19	2	-1	0
170	34 42 27 48	4	1	0
171	27 5 4 36	4	4	0
172	11 49 19 24	4	4	0
173	1 27 43 29	1	-1	0
174	13 37 50 29	3	1	0
175	34 36 29 13	4	3	0
176	28 30 46 25	4	4	0
177	2 49 31 35	1	-1	0
178	48 6 20 36	3	3	0
179	16 50 13 24	2	-1	0
180	6 21 32 7	2	-1	0
181	1 22 41 7	1	-1	0
182	15 46 23 35	4	3	0
183	47 32 28 41	3	3	0
184	19 42 9 23	2	-1	0
185	1 41 33 25	1	-1	0
186	45 38 36 4	2	-1	0
187	16 21 25 13	4	1	0
188	7 29 8 50	2	-1	0
189	1 23 7 14	1	-1	0
190	41 32 9 6	2	-1	0
191	2 23 50 43	1	-1	0
192	13 32 33 14	4	2	0
193	13 5 4 31	4	4	0
194	3 41 35 28	1	-1	0
195	30 26 33 31	4	4	0
196	3 18 27 48	1	-1	0
197	3 27 7 29	1	-1	0
198	39 30 44 28	3	1	0
199	45 25 28 48	3	3	0
200	1 17 16 13	1	-1	0
201	22 36 10 29	3	1	0
202	48 29 5 24	2	-1	0
203	3 45 33 22	1	-1	0
204	6 37 24 20	2	-1	0
205	1 11 28 38	1	-1	0
206	7 31 12 42	4	4	0
207	10 28 9 24	2	-1	0
208	15 47 6 18	3	1	0
209	44 27 43 28	3	1	0
210	3 39 46 12	1	-1	0
211	27 49 15 6	4	3	0
212	3 4 31 8	1	-1	0
213	2 38 46 13	1	-1	0
214	1 32 44 47	1	-1	0
215	33 17 26 30	4	1	0
216	15 19 38 30	4	5	0
217	46 41 37 4	4	3	1
218	17 25 28 2	3	1	0
219	3 18 49 22	1	-1	0
220	45 23 42 25	2	-1	0
221	3 15 43 21	1	-1	0
222	2 5 28 50	1	-1	0
223	46 40 21 10	4	4	0
224	19 32 38 33	4	5	0
225	17 45 21 46	2	-1	0
226	25 27 13 5	4	5	0
227	44 29 6 40	3	4	0
228	16 4 14 22	2	-1	0
229	40 18 46 11	4	5	0
230	13 35 33 19	4	1	0
231	15 23 48 46	3	4	0
232	3 29 27 10	1	-1	0
233	36 39 13 6	2	-1	0
234	18 25 47 41	3	2	0
235	2 9 16 42	1	-1	0
236	1 20 41 47	1	-1	0
237	46 35 27 15	2	-1	0
238	44 29 33 47	4	4	0
239	46 8 7 31	4	3	0
240	7 16 40 38	3	5	0
241	46 47 20 21	4	1	0
242	36 4 5 50	2	-1	0
243	21 49 40 50	4	2	0
244	4 14 25 42	3	2	0
245	43 18 41 38	3	3	0
246	9 5 17 18	4	2	0
247	2 26 39 17	1	-1	0
248	3 47 43 50	1	-1	0
249	47 44 35 7	4	2	0
250	44 48 31 32	2	-1	0
251	1 40 20 39	1	-1	0
252	18 19 43 9	3	4	0
253	22 47 6 8	4	5	0
254	31 17 44 28	3	3	0
255	8 46 2 43	4	4	0
256	16 36 49 7	3	3	0
257	27 50 33 15	2	-1	0
258	9 24 33 15	3	3	0
259	14 46 30 8	2	-1	0
260	35 13 6 38	2	-1	0
261	39 48 19 38	3	2	0
262	2 42 20 31	1	-1	0
263	37 11 47 6	3	5	0
264	9 47 50 21	2	-1	0
265	19 15 50 30	4	2	0
266	21 16 46 34	3	5	0
267	19 32 37 16	2	-1	0
268	22 15 50 6	3	1	0
269	39 5 32 31	3	4	0
270	38 42 44 8	2	-1	0
271	3 42 6 50	1	-1	0
272	18 27 12 35	2	-1	0
273	48 49 17 30	4	2	0
274	18 29 20 21	4	5	0
275	33 19 41 22	3	2	0
276	2 26 46 28	1	-1	0
277	2 45 11 34	1	-1	0
278	21 37 25 12	4	3	0
279	1 25 36 48	1	-1	0
280	3 30 40 41	1	-1	0
281	15 26 28 47	2	-1	0
282	35 31 44 50	3	5	0
283	4 14 7 12	2	-1	0
284	2 26 31 4	1	-1	0
285	47 42 16 43	2	-1	0
286	35 39 18 16	4	4	0
287	16 38 35 43	4	5	0
288	31 46 49 17	3	1	0
289	34 11 17 8	4	2	0
290	24 17 45 50	2	-1	0
291	44 45 40 4	4	1	0
292	1 27 39 6	1	-1	0
293	15 41 35 7	4	4	0
294	3 17 33 29	1	-1	0
295	1 47 31 16	1	-1	0
296	3 31 43 11	1	-1	0
297	49 23 6 36	4	4	0
298	9 41 43 21	3	1	0
299	25 29 23 48	3	5	0
300	29 40 13 25	2	-1	0
301	5 7 32 37	2	-1	0
302	2 35 43 10	1	-1	0
303	21 10 24 14	4	4	0
304	2 6 20 29	1	-1	0
305	10 5 8 27	4	1	0
306	28 37 21 5	4	5	0
307	29 4 47 30	2	-1	0
308	39 5 45 21	4	2	0
309	31 26 36 29	4	2	0
310	1 12 33 22	1	-1	0
311	45 40 37 28	2	-1	0
312	38 12 33 10	3	1	0
313	38 4 7 17	2	-1	0
314	2 14 21 13	1	-1	0
315	1 38 25 36	1	-1	0
316	15 34 26 8	3	5	0
317	24 22 49 12	2	-1	0
318	29 22 23 43	3	4	0
319	45 23 8 42	3	1	0
320	27 14 12 43	3	3	0
321	38 11 20 29	3	1	0
322	1 49 31 16	1	-1	0
323	34 49 13 32	3	1	0
324	10 13 26 43	4	4	0
325	33 36 28 32	4	5	0
326	14 25 32 18	3	2	0
327	9 27 48 50	4	1	0
328	23 18 16 29	3	5	0
329	47 44 24 14	4	3	0
330	40 33 13 31	3	5	0
331	4 32 19 6	4	2	0
332	23 34 44 36	4	4	0
333	31 27 42 50	2	-1	0
334	46 38 18 39	2	-1	0
335	17 19 24 46	3	3	0
336	18 45 26 15	4	4	0
337	17 38 45 29	3	5	0
338	25 27 20 31	2	-1	0
339	2 16 47 15	1	-1	0
340	3 42 38 8	1	-1	0
341	2 36 13 18	1	-1	0
342	2 20 11 15	1	-1	0
343	48 22 42 32	4	2	0
344	35 21 18 28	3	2	0
345	11 10 25 19	3	4	0
346	14 36 17 29	2	-1	0
347	27 24 39 37	3	3	0
348	38 35 29 46	3	3	0
349	17 7 12 11	2	-1	0
350	23 35 45 37	2	-1	0
351	5 16 32 6	2	-1	0
352	3 42 28 49	1	-1	0
353	33 18 4 36	4	1	0
354	37 36 30 10	4	1	0
355	1 47 50 42	1	-1	0
356	30 28 15 45	3	2	0
357	43 47 37 44	4	5	0
358	42 21 8 13	4	1	0
359	3 21 41 4	1	-1	0
360	23 22 5 18	2	-1	0
361	41 7 42 28	4	5	0
362	25 8 27 34	4	1	0
363	1 22 26 11	1	-1	0
364	8 33 4 5	3	1	0
365	44 16 4 48	3	5	0
366	13 21 30 36	4	1	0
367	44 8 26 15	2	-1	0
368	23 12 38 5	4	1	0
369	2 21 46 8	1	-1	0
370	1 15 7 48	1	-1	0
371	5 26 17 18	3	5	0
372	28 34 46 31	4	2	0
373	48 44 41 45	4	4	0
374	16 34 14 28	4	2	0
375	2 43 46 8	1	-1	0
376	11 19 45 15	2	-1	0
377	7 24 8 14	2	-1	0
378	38 34 13 6	3	3	0
379	49 40 20 31	4	2	0
380	32 4 50 21	2	-1	0
381	48 28 21 36	4	1	0
382	41 14 43 23	3	3	0
383	14 46 15 23	2	-1	0
384	27 42 22 35	2	-1	0
385	9 42 6 28	4	1	0
386	34 46 40 15	4	5	0
387	3 50 32 17	1	-1	0
388	50 35 16 23	2	-1	0
389	9 44 17 19	3	1	0
390	45 46 13 4	3	4	0
391	14 50 48 10	2	-1	0
392	31 35 48 4	4	3	0
393	35 25 44 45	3	4	0
394	6 27 8 35	4	5	0
395	35 44 15 26	2	-1	0
396	18 5 16 12	3	4	0
397	24 37 5 9	2	-1	0
398	5 17 11 38	3	2	0
399	1 48 8 37	1	-1	0
400	25 47 7 34	4	1	0
401	41 33 24 14	4	3	0
402	46 13 48 40	3	1	0
403	2 8 16 9	1	-1	0
404	18 4 35 25	2	-1	0
405	47 14 50 31	4	3	0
406	23 24 50 28	4	1	0
407	50 45 17 39	3	1	0
408	3 40 41 36	1	-1	0
409	9 22 30 10	3	3	0
410	8 17 39 38	4	2	0
411	20 6 12 17	3	3	0
412	39 38 37 50	4	2	0
413	6 18 21 46	2	-1	0
414	2 30 47 25	1	-1	0
415	36 4 28 16	2	-1	0
416	10 27 6 5	3	3	0
417	2 16 39 34	1	-1	0
418	1 35 41 22	1	-1	0
419	3 15 38 11	1	-1	0
420	35 5 44 14	3	5	0
421	46 34 30 47	4	5	0
422	3 31 25 23	1	-1	0
423	3 17 22 37	1	-1	0
424	1 10 25 11	1	-1	0
425	1 33 22 8	1	-1	0
426	2 50 14 43	1	-1	0
427	48 35 23 21	4	2	0
428	17 8 42 13	2	-1	0
429	27 22 18 6	3	3	0
430	3 39 15 12	1	-1	0
431	33 18 16 29	3	5	0
432	8 25 39 19	4	1	0
433	3 48 43 30	1	-1	0
434	22 38 34 6	4	5	0
435	21 41 47 13	2	-1	0
436	17 41 7 27	3	5	0
437	40 10 39 6	4	1	0
438	24 48 10 22	3	1	0
439	1 6 23 18	1	-1	0
440	16 10 44 11	2	-1	0
441	4 15 28 19	4	4	0
442	1 44 49 7	1	-1	0
443	18 40 22 41	3	4	0
444	2 17 42 11	1	-1	0
445	49 17 41 15	4	5	0
446	10 13 27 22	4	3	0
447	14 34 12 33	2	-1	0
448	1 16 34 42	1	-1	0
449	11 36 50 7	3	2	0
450	38 20 44 27	2	-1	0
451	37 12 48 31	3	4	0
452	43 50 15 44	3	5	0
453	8 43 6 40	3	3	0
454	1 49 17 43	1	-1	0
455	2 22 23 40	1	-1	0
456	36 23 16 6	4	5	1
457	37 28 29 26	4	1	0
458	1 28 34 35	1	-1	0
459	38 21 29 27	4	4	0
460	46 7 23 40	4	2	0
461	3 37 27 31	1	-1	0
462	45 22 9 37	2	-1	0
463	7 35 48 47	3	2	0
464	18 20 27 6	2	-1	0
465	25 37 24 46	4	5	0
466	3 12 35 50	1	-1	0
467	2 8 27 29	1	-1	0
468	11 27 10 18	2	-1	0
469	2 10 43 6	1	-1	0
470	3 20 33 12	1	-1	0
471	31 29 41 45	4	3	0
472	31 10 8 4	4	3	0
473	1 20 5 13	1	-1	0
474	29 8 41 37	2	-1	0
475	1 6 13 18	1	-1	0
476	13 23 28 34	4	1	0
477	49 10 40 8	3	4	0
478	8 32 33 7	2	-1	0
479	23 16 49 15	2	-1	0
480	10 21 38 36	2	-1	0
481	30 9 21 6	4	1	0
482	1 33 21 45	1	-1	0
483	22 14 13 12	2	-1	0
484	2 28 47 44	1	-1	0
485	1 33 39 30	1	-1	0
486	10 5 3 45	3	5	0
487	23 39 28 15	2	-1	0
488	2 9 21 47	1	-1	0
489	38 45 47 5	3	3	0
490	40 29 48 16	4	3	0
491	1 25 38 4	1	-1	0
492	49 11 25 18	3	5	0
493	15 24 5 25	2	-1	0
494	1 16 34 42	1	-1	0
495	37 35 26 10	4	4	0
496	2 34 23 13	1	-1	0
497	1 39 38 37	1	-1	0
498	36 10 17 21	4	4	0
499	2 4 12 17	1	-1	0
500	36 7 16 45	2	-1	1
501	41 50 5 7	4	1	0
502	3 50 32 15	1	-1	0
503	4 31 45 37	3	1	0
504	30 44 31 20	2	-1	0
505	36 45 35 38	3	3	0
506	7 36 39 41	4	3	0
507	39 24 20 31	2	-1	0
508	40 31 36 6	3	2	0
509	3 24 12 37	1	-1	0
510	33 19 34 49	4	5	0
511	36 6 46 19	4	4	0
512	38 46 15 45	4	5	0
513	50 25 18 4	2	-1	0
514	2 38 31 25	1	-1	0
515	25 13 37 26	2	-1	0
516	47 36 50 12	2	-1	1
517	3 34 31 38	1	-1	0
518	6 37 31 16	4	2	0
519	13 5 49 21	4	2	0
520	38 11 42 29	2	-1	0
521	50 20 27 49	3	5	0
522	29 32 7 49	3	4	0
523	2 40 31 37	1	-1	0
524	1 20 42 33	1	-1	0
525	45 5 10 30	4	2	0
526	33 8 23 19	2	-1	0
527	49 44 25 28	3	5	0
528	32 38 8 21	2	-1	0
529	19 37 40 17	3	2	0
530	15 45 16 5	2	-1	0
531	33 39 27 32	3	2	0
532	32 14 36 15	2	-1	0
533	24 10 5 27	3	2	0
534	21 43 42 41	3	3	0
535	44 36 28 48	3	5	0
536	7 48 30 16	3	2	0
537	2 7 18 16	1	-1	0
538	44 48 7 33	4	3	0
539	41 46 37 48	2	-1	0
540	42 27 38 14	3	1	0
541	5 14 42 49	3	1	0
542	3 35 41 45	1	-1	0
543	1 42 9 30	1	-1	0
544	13 7 49 46	4	5	0
545	46 35 43 15	4	5	0
546	14 10 8 35	4	5	0
547	47 38 4 22	2	-1	0
548	3 44 13 42	1	-1	0
549	3 22 17 37	1	-1	0
550	27 29 10 41	2	-1	0
551	23 41 42 40	3	4	0
552	2 25 6 22	1	-1	0
553	21 46 28 50	2	-1	0
554	45 19 5 39	2	-1	0
555	2 40 35 26	1	-1	0
556	37 4 47 16	2	-1	0
557	45 11 19 6	2	-1	0
558	13 42 47 43	2	-1	0
559	7 46 30 41	2	-1	0
560	26 36 30 25	4	1	0
561	8 32 45 14	4	4	0
562	21 44 26 24	4	1	0
563	48 22 25 33	3	2	0
564	38 35 16 28	2	-1	0
565	8 16 28 23	3	3	0
566	28 18 15 30	4	1	0
567	6 16 27 32	2	-1	0
568	16 20 31 29	3	2	0
569	10 13 22 36	2	-1	0
570	1 12 16 31	1	-1	0
571	43 33 45 41	3	3	0
572	13 14 4 19	2	-1	0
573	26 12 31 7	4	2	0
574	32 19 16 17	4	4	0
575	26 42 41 34	2	-1	0
576	25 24 39 46	2	-1	0
577	14 37 39 42	3	4	0
578	43 39 11 35	3	4	0
579	24 33 20 26	3	3	0
580	10 11 42 14	3	5	0
581	19 16 7 29	3	3	0
582	41 40 36 38	2	-1	0
583	1 18 33 45	1	-1	0
584	19 46 24 7	3	3	0
585	2 43 45 42	1	-1	0
586	9 39 22 32	3	2	0
587	2 4 50 29	1	-1	0
588	2 12 29 38	1	-1	0
589	3 11 41 24	1	-1	0
590	2 39 8 28	1	-1	0
591	33 16 24 7	3	3	0
592	27 9 19 31	3	2	0
593	2 41 48 32	1	-1	0
594	49 20 24 7	3	1	0
595	50 32 14 40	4	5	0
596	31 47 28 40	2	-1	0
597	14 34 40 49	3	2	0
598	43 14 44 21	3	1	0
599	33 7 15 6	2	-1	0
600	5 44 11 21	4	4	0
601	28 22 9 24	2	-1	0
602	47 26 13 44	3	2	0
603	31 32 22 18	3	5	0
604	24 32 22 11	2	-1	0
605	48 42 27 43	2	-1	0
606	31 41 43 7	4	1	0
607	17 31 8 29	4	1	0
608	44 40 33 45	3	5	0
609	47 32 49 28	4	5	0
610	24 35 33 18	2	-1	0
611	43 18 20 50	2	-1	0
612	24 18 26 45	4	1	0
613	3 18 39 25	1	-1	0
614	25 34 47 26	4	1	0
615	3 37 5 50	1	-1	0
616	38 12 41 30	3	1	0
617	40 30 36 15	4	5	0
618	13 15 19 40	3	3	0
619	7 32 31 24	4	3	0
620	25 40 12 33	4	5	0
621	1 13 14 42	1	-1	0
622	3 12 18 28	1	-1	0
623	22 35 46 13	3	5	0
624	41 23 45 37	2	-1	0
625	1 40 11 26	1	-1	0
626	17 44 34 38	2	-1	0
627	20 15 14 44	3	5	0
628	48 44 7 14	2	-1	0
629	7 28 33 17	2	-1	0
630	48 10 18 19	4	1	0
631	46 30 50 14	3	4	0
632	14 35 13 21	4	1	0
633	2 39 49 42	1	-1	0
634	12 44 28 31	2	-1	0
635	17 27 47 5	3	4	0
636	1 29 35 23	1	-1	0
637	11 15 18 42	2	-1	0
638	12 21 47 6	3	3	0
639	43 20 23 39	4	1	0
640	9 29 17 4	4	5	0
641	32 26 6 11	2	-1	0
642	35 23 21 45	2	-1	0
643	1 22 13 7	1	-1	0
644	35 38 40 45	3	5	0
645	47 48 44 40	2	-1	0
646	12 28 29 11	3	2	0
647	37 15 44 40	4	1	0
648	27 22 35 17	4	2	0
649	25 29 49 48	3	2	0
650	5 38 11 32	3	5	0
651	3 50 12 23	1	-1	0
652	13 25 28 44	4	5	0
653	2 50 10 35	1	-1	0
654	22 34 42 43	4	1	0
655	37 19 28 10	2	-1	0
656	46 45 16 10	4	3	0
657	50 22 41 40	2	-1	0
658	1 8 7 20	1	-1	0
659	23 6 16 4	4	4	0
660	3 48 49 30	1	-1	0
661	44 23 19 40	4	2	0
662	28 45 35 33	3	5	0
663	2 42 39 50	1	-1	0
664	44 12 20 15	2	-1	0
665	33 21 38 6	4	1	0
666	2 17 39 35	1	-1	0
667	33 49 42 48	3	5	0
668	1 44 23 31	1	-1	0
669	2 36 41 47	1	-1	0
670	11 36 24 42	4	1	0
671	2 8 33 31	1	-1	0
672	31 21 33 23	4	2	0
673	10 31 9 35	3	4	0
674	2 31 40 48	1	-1	0
675	12 23 29 10	4	3	0
676	26 41 19 16	3	2	0
677	33 4 6 15	2	-1	0
678	48 6 37 18	2	-1	0
679	30 45 46 19	3	3	0
680	12 44 20 30	2	-1	0
681	3 42 6 49	1	-1	0
682	5 10 9 40	2	-1	0
683	24 20 25 21	2	-1	0
684	28 21 17 37	2	-1	0
685	28 40 41 21	2	-1	0
686	1 33 13 9	1	-1	0
687	2 9 15 23	1	-1	0
688	5 39 8 48	4	4	0
689	23 33 45 37	4	1	0
690	3 33 47 15	1	-1	0
691	3 10 12 1	1	-1	0
692	18 16 12 35	3	5	0
693	24 40 10 45	4	5	0
694	23 30 15 38	2	-1	0
695	3 27 20 36	1	-1	0
696	39 5 36 6	2	-1	0
697	17 7 26 50	4	4	0
698	1 6 45 31	1	-1	0
699	27 42 31 19	2	-1	0
700	2 16 19 38	1	-1	0
701	36 12 41 18	4	2	0
702	3 44 23 7	1	-1	0
703	39 21 49 46	2	-1	0
704	10 13 39 27	4	4	0
705	35 11 47 44	3	1	0
706	18 34 27 32	2	-1	0
707	39 25 33 42	2	-1	0
708	29 32 30 13	3	4	0
709	16 22 34 20	3	3	0
710	2 9 36 41	1	-1	0
711	43 32 22 10	3	3	0
712	37 18 23 7	2	-1	0
713	2 19 46 20	1	-1	0
714	23 39 9 43	2	-1	0
715	46 11 14 32	3	5	0
716	21 20 49 47	3	1	0
717	31 32 48 20	2	-1	0
718	3 28 13 17	1	-1	0
719	12 15 9 41	4	1	0
720	44 32 18 37	3	4	0
721	46 17 45 34	2	-1	0
722	20 4 17 21	2	-1	0
723	31 32 15 8	4	3	0
724	22 8 18 30	4	1	0
725	1 26 40 25	1	-1	0
726	7 12 49 37	4	1	0
727	42 43 21 8	2	-1	0
728	45 22 29 26	2	-1	0
729	21 42 32 13	2	-1	0
730	18 42 10 24	3	5	0
731	42 20 16 15	2	-1	0
732	20 17 11 7	4	5	0
733	2 19 42 47	1	-1	0
734	16 5 22 35	4	2	0
735	31 7 12 19	4	4	0
736	38 10 16 25	4	5	0
737	1 6 24 46	1	-1	0
738	4 50 46 27	4	4	0
739	2 27 26 34	1	-1	0
740	13 30 45 44	4	3	0
741	33 19 39 44	4	5	0
742	6 38 18 24	3	5	0
743	1 35 44 3	1	-1	0
744	40 18 5 11	3	3	0
745	34 36 25 33	3	2	0
746	41 29 26 15	2	-1	0
747	3 28 15 25	1	-1	0
748	15 33 4 24	2	-1	0
749	18 33 36 39	4	2	0
750	34 27 35 43	3	2	0
751	44 30 22 18	4	1	0
752	7 27 10 28	2	-1	0
753	36 48 40 11	2	-1	0
754	1 34 42 8	1	-1	0
755	35 12 46 14	2	-1	0
756	44 38 39 6	3	3	0
757	15 13 18 46	4	1	0
758	12 8 4 28	4	1	0
759	38 30 45 31	4	4	0
760	20 9 33 44	3	1	0
761	27 24 42 8	2	-1	0
762	33 23 5 19	4	5	0
763	35 43 28 47	2	-1	0
764	3 26 33 19	1	-1	0
765	22 47 14 40	2	-1	0
766	18 9 29 5	4	2	0
767	3 39 23 15	1	-1	0
768	40 35 23 30	3	3	0
769	2 42 35 50	1	-1	0
770	24 25 30 32	2	-1	0
771	2 11 10 4	1	-1	0
772	2 23 45 33	1	-1	0
773	29 45 38 4	4	2	0
774	44 26 7 28	2	-1	0
775	17 14 32 46	3	4	0
776	23 11 15 22	4	2	0
777	15 27 6 37	2	-1	0
778	2 44 43 8	1	-1	0
779	34 17 31 15	3	3	0
780	3 45 39 18	1	-1	0
781	2 48 45 14	1	-1	0
782	33 50 29 22	4	3	0
783	50 32 37 29	4	4	0
784	10 35 7 34	3	3	0
785	1 44 7 27	1	-1	1
786	34 4 16 19	4	3	0
787	3 15 40 18	1	-1	0
788	24 37 10 40	2	-1	0
789	27 17 7 37	4	5	0
790	39 33 13 42	2	-1	0
791	7 17 13 28	3	2	0
792	16 36 40 14	4	1	0
793	22 16 45 23	2	-1	0
794	3 33 7 30	1	-1	0
795	14 44 6 19	3	1	0
796	24 4 15 18	4	4	0
797	36 17 45 44	3	5	0
798	1 42 4 19	1	-1	1
799	25 39 36 40	4	2	0
800	3 24 31 22	1	-1	0
801	15 20 45 23	3	5	0
802	43 32 41 31	2	-1	0
803	2 21 22 4	1	-1	0
804	15 10 7 16	3	5	0
805	3 15 8 45	1	-1	0
806	1 14 34 33	1	-1	0
807	2 32 37 15	1	-1	0
808	13 34 38 29	4	2	0
809	9 34 7 48	3	1	0
810	32 41 25 40	3	2	0
811	30 38 13 39	2	-1	0
812	21 17 40 12	3	4	0
813	23 46 37 16	4	4	0
814	14 41 30 13	4	4	0
815	36 35 23 49	4	1	0
816	43 48 32 25	4	3	0
817	3 16 38 25	1	-1	0
818	23 9 27 44	2	-1	0
819	27 7 24 49	4	1	0
820	7 22 11 4	2	-1	0
821	13 38 35 25	2	-1	0
822	34 10 25 15	2	-1	0
823	31 18 35 47	4	5	0
824	40 39 26 17	4	2	0
825	1 36 38 16	1	-1	0
826	17 24 26 38	3	2	0
827	14 31 4 30	4	2	0
828	1 12 31 13	1	-1	0
829	19 11 21 48	3	2	0
830	43 40 10 25	3	3	0
831	4 46 10 36	4	1	0
832	2 47 50 28	1	-1	0
833	13 27 39 40	3	4	0
834	23 29 36 16	2	-1	0
835	2 14 8 34	1	-1	0
836	14 50 36 23	2	-1	0
837	23 43 7 29	4	4	0
838	48 35 45 36	4	3	0
839	1 45 24 36	1	-1	0
840	45 22 10 38	4	4	0
841	28 22 47 21	4	1	0
842	48 10 31 21	3	2	0
843	2 24 7 46	1	-1	0
844	41 29 21 40	3	4	0
845	8 17 26 25	4	3	0
846	43 9 50 19	2	-1	0
847	21 31 13 25	3	5	0
848	45 15 41 35	2	-1	0
849	1 16 47 17	1	-1	0
850	24 14 23 21	3	2	0
851	22 18 8 11	3	5	0
852	42 12 19 23	2	-1	0
853	49 8 34 37	3	1	0
854	1 30 20 38	1	-1	0
855	1 24 45 18	1	-1	0
856	33 18 34 27	2	-1	0
857	2 38 22 8	1	-1	0
858	6 7 37 25	3	3	0
859	20 15 11 36	2	-1	0
860	3 45 12 43	1	-1	0
861	19 50 35 45	3	2	0
862	26 20 8 41	4	4	0
863	42 39 48 17	2	-1	0
864	46 25 17 6	4	3	0
865	23 11 36 37	3	5	0
866	36 32 16 9	4	1	0
867	2 24 37 42	1	-1	0
868	25 9 30 32	3	4	0
869	1 46 27 45	1	-1	0
870	3 46 35 13	1	-1	0
871	8 23 31 22	4	4	0
872	3 33 36 35	1	-1	0
873	3 46 11 28	1	-1	0
874	3 25 20 40	1	-1	0
875	1 27 9 13	1	-1	0
876	7 45 27 32	4	5	0
877	38 46 27 40	2	-1	0
878	22 36 39 16	3	2	0
879	41 50 24 8	2	-1	0
880	38 30 33 49	3	5	0
881	37 44 12 40	4	5	0
882	37 11 16 34	4	1	0
883	21 29 16 36	2	-1	0
884	19 37 29 36	2	-1	0
885	13 11 3 14	3	1	0
886	17 34 13 46	4	3	0
887	1 17 11 46	1	-1	0
888	41 24 34 5	4	1	0
889	37 27 30 32	2	-1	0
890	3 42 48 34	1	-1	0
891	18 33 15 21	3	1	0
892	8 5 13 22	4	2	0
893	43 35 12 25	4	3	0
894	1 38 48 43	1	-1	0
895	1 20 17 28	1	-1	0
896	3 30 36 6	1	-1	0
897	20 4 48 29	2	-1	0
898	31 19 6 17	3	3	0
899	26 47 42 5	2	-1	0
900	6 4 24 37	4	4	0
901	20 9 31 45	2	-1	0
902	50 34 16 48	3	4	0
903	2 25 50 38	1	-1	0
904	32 9 33 11	4	1	0
905	17 41 34 20	3	5	0
906	33 15 21 5	4	5	0
907	25 50 40 16	2	-1	0
908	2 8 30 12	1	-1	0
909	34 45 43 30	4	3	0
910	2 8 12 7	1	-1	0
911	3 19 10 34	1	-1	0
912	16 20 44 26	4	1	0
913	32 40 43 47	3	4	0
914	34 12 5 47	3	5	0
915	13 5 42 48	2	-1	0
916	48 23 34 4	4	1	0
917	11 13 16 45	4	3	0
918	1 34 43 30	1	-1	0
919	36 15 23 42	2	-1	0
920	1 47 18 29	1	-1	0
921	25 40 50 5	4	5	0
922	38 41 20 33	3	1	0
923	12 16 29 34	3	4	0
924	3 40 12 34	1	-1	0
925	40 34 11 24	3	2	0
926	23 8 29 28	3	3	0
927	37 21 26 10	4	5	0
928	45 22 29 21	4	4	0
929	3 50 9 27	1	-1	0
930	2 33 42 14	1	-1	0
931	33 29 26 7	3	2	0
932	16 33 18 49	4	3	0
933	1 28 13 29	1	-1	0
934	26 4 23 10	4	2	0
935	3 47 35 45	1	-1	0
936	29 23 4 13	3	4	0
937	18 22 15 42	4	3	0
938	48 6 15 8	4	1	0
939	33 39 46 4	4	3	0
940	41 6 37 20	2	-1	0
941	20 43 45 46	2	-1	0
942	19 37 41 44	4	3	0
943	40 41 24 15	4	5	0
944	20 15 16 49	3	1	0
945	49 40 50 39	3	2	0
946	33 26 27 19	3	3	0
947	25 41 46 18	2	-1	0
948	14 4 11 23	3	5	0
949	36 45 37 29	4	2	0
950	2 49 12 4	1	-1	0
951	11 28 31 32	4	3	0
952	22 38 34 44	2	-1	0
953	3 40 49 18	1	-1	0
954	7 11 18 38	4	1	0
955	40 35 30 39	3	4	0
956	41 21 10 19	4	3	0
957	1 4 14 44	1	-1	0
958	7 40 48 16	3	3	0
959	41 48 35 19	3	5	0
960	2 18 23 48	1	-1	0
961	32 26 9 12	4	2	0
962	16 28 42 35	4	4	0
963	43 38 48 26	2	-1	0
964	40 20 9 43	4	3	0
965	35 21 48 43	4	5	0
966	34 37 18 11	4	2	0
967	36 23 20 35	2	-1	0
968	30 40 46 7	4	1	0
969	30 10 47 49	3	3	0
970	13 50 47 48	3	4	0
971	8 26 19 16	4	5	0
972	39 4 29 25	2	-1	0
973	1 28 35 13	1	-1	0
974	3 19 50 11	1	-1	0
975	35 34 27 19	4	5	0
976	33 13 17 46	4	2	0
977	3 20 38 49	1	-1	0
978	2 14 13 26	1	-1	0
979	47 22 36 6	2	-1	0
980	50 8 32 4	2	-1	0
981	37 11 45 9	4	3	0
982	5 27 4 45	2	-1	1
983	40 32 17 35	3	5	0
984	2 17 20 47	1	-1	0
985	1 50 21 48	1	-1	0
986	15 4 24 34	4	1	0
987	2 32 38 25	1	-1	0
988	27 41 17 18	4	2	1
989	7 50 10 23	2	-1	0
990	2 38 43 15	1	-1	0
991	15 12 13 24	2	-1	0
992	37 4 22 16	4	3	0
993	47 38 22 27	3	4	0
994	22 40 10 16	3	1	0
995	20 11 49 45	3	1	0
996	18 33 11 13	3	2	0
997	34 41 18 44	4	3	0
998	9 20 15 33	2	-1	0
999	31 37 35 16	4	2	0
1000	11 26 9 6	4	2	0
1001	26 35 21 40	3	2	0
1002	44 35 48 14	2	-1	0
1003	3 30 39 38	1	-1	0
1004	1 6 29 20	1	-1	0
1005	44 23 22 13	4	5	0
1006	32 47 20 15	2	-1	0
1007	36 40 12 6	3	5	0
1008	32 22 38 29	4	4	0
1009	26 32 10 4	4	2	0
1010	26 18 12 14	4	5	0
1011	12 20 50 13	4	5	0
1012	48 27 23 5	2	-1	0
1013	12 7 17 25	3	2	0
1014	42 43 8 50	2	-1	0
1015	4 20 47 7	2	-1	0
1016	2 15 45 26	1	-1	0
1017	49 43 32 36	4	3	0
1018	26 13 49 48	3	3	0
1019	6 14 12 19	4	3	0
1020	1 45 26 7	1	-1	0
1021	44 30 36 17	4	4	0
1022	2 25 47 18	1	-1	0
1023	11 45 10 41	3	4	0
1024	2 8 5 26	1	-1	0
1025	24 31 5 48	3	1	0
1026	15 38 21 14	2	-1	0
1027	35 29 36 44	4	3	0
1028	13 21 47 5	4	4	0
1029	20 28 32 4	2	-1	0
1030	40 33 36 44	3	5	0
1031	36 6 32 8	4	2	0
1032	38 6 19 37	2	-1	0
1033	14 39 50 6	4	5	0
1034	24 4 50 45	3	3	0
1035	19 22 13 12	4	1	0
1036	5 36 49 17	3	4	0
1037	40 46 12 47	2	-1	0
1038	34 26 31 13	2	-1	0
1039	14 29 37 33	3	5	0
1040	45 18 41 25	4	2	0
1041	2 39 18 48	1	-1	0
1042	25 37 12 13	2	-1	0
1043	3 25 7 31	1	-1	0
1044	1 9 41 39	1	-1	0
1045	1 32 49 18	1	-1	0
1046	10 43 28 21	3	2	0
1047	6 43 29 20	3	3	0
1048	22 19 43 24	3	1	0
1049	7 9 43 5	2	-1	0
1050	1 17 21 34	1	-1	0
1051	44 5 11 46	3	4	0
1052	30 11 32 46	4	4	0
1053	19 28 38 43	3	5	0
1054	20 25 6 42	3	2	0
1055	43 30 39 6	2	-1	0
1056	43 34 18 31	2	-1	1
1057	11 28 15 20	3	1	0
1058	7 38 35 25	4	5	0
1059	40 29 32 42	4	4	0
1060	3 14 4 35	1	-1	0
1061	39 27 43 47	4	2	0
1062	44 43 42 5	4	2	0
1063	44 28 24 38	4	3	0
1064	3 19 25 22	1	-1	1
1065	3 8 11 41	1	-1	0
1066	48 29 10 35	3	4	0
1067	44 5 27 18	3	1	0
1068	10 6 8 50	4	4	0
1069	32 33 6 22	4	3	0
1070	2 45 27 44	1	-1	0
1071	29 40 25 5	3	2	0
1072	24 11 22 14	4	3	0
1073	15 42 49 37	2	-1	0
1074	45 33 31 22	3	2	0
1075	3 23 8 19	1	-1	0
1076	34 7 39 31	4	3	0
1077	11 12 32 50	4	5	0
1078	9 29 10 14	3	5	0
1079	1 7 41 12	1	-1	0
1080	37 18 23 11	3	4	0
1081	28 5 38 18	4	4	0
1082	9 41 25 16	4	3	0
1083	7 24 42 50	4	4	0
1084	10 33 49 6	4	5	0
1085	26 41 40 39	4	3	0
1086	42 21 19 35	2	-1	0
1087	2 20 17 15	1	-1	0
1088	7 37 11 17	2	-1	0
1089	36 34 42 48	2	-1	0
1090	1 41 11 40	1	-1	0
1091	19 28 4 22	3	4	0
1092	37 23 4 24	2	-1	0
1093	35 12 39 11	3	3	0
1094	44 35 5 29	4	4	0
1095	40 25 33 42	2	-1	0
1096	49 44 50 3	2	-1	0
1097	35 48 47 24	3	3	0
1098	24 25 32 26	3	5	0
1099	3 45 36 9	1	-1	0
1100	12 11 8 25	3	5	0
1101	48 26 40 39	4	1	0
1102	6 41 14 48	2	-1	0
1103	48 36 10 7	2	-1	0
1104	40 39 21 27	3	3	0
1105	5 48 33 4	2	-1	0
1106	12 17 40 7	4	2	0
1107	44 32 18 48	2	-1	0
1108	43 19 11 23	4	5	0
1109	22 31 5 20	2	-1	0
1110	6 7 20 46	2	-1	0
1111	1 11 35 23	1	-1	0
1112	35 29 27 24	2	-1	0
1113	21 22 15 28	3	1	0
1114	36 21 11 20	4	1	0
1115	42 47 18 3	4	4	0
1116	1 32 30 23	1	-1	0
1117	2 23 11 35	1	-1	0
1118	41 9 46 23	4	1	0
1119	50 24 32 14	3	3	0
1120	7 8 43 15	4	2	0
1121	44 13 43 45	3	2	0
1122	23 50 38 28	4	2	0
1123	8 43 33 18	3	5	0
1124	39 26 34 49	4	1	0
1125	40 46 19 26	4	4	0
1126	1 5 40 39	1	-1	0
1127	20 12 4 26	3	5	0
1128	6 19 7 23	3	2	0
1129	21 47 20 34	4	2	0
1130	14 31 46 35	3	5	0
1131	6 11 22 44	2	-1	0
1132	41 4 11 43	2	-1	0
1133	33 50 5 36	3	3	0
1134	33 43 7 21	2	-1	0
1135	28 37 41 26	4	2	0
1136	48 25 47 24	3	3	0
1137	28 16 42 18	2	-1	0
1138	17 4 35 10	2	-1	0
1139	11 16 50 13	4	4	0
1140	1 50 47 37	1	-1	0
1141	29 40 50 44	3	1	0
1142	2 47 44 7	1	-1	0
1143	8 50 34 23	3	1	0
1144	8 28 23 11	2	-1	0
1145	3 36 6 44	1	-1	0
1146	34 12 32 21	3	4	0
1147	48 46 11 29	2	-1	0
1148	5 45 10 26	3	2	0
1149	35 33 14 16	4	5	0
1150	42 11 41 18	4	5	0
1151	47 14 6 13	4	3	0
1152	38 13 6 18	3	5	0
1153	20 19 17 36	4	2	0
1154	44 22 45 30	3	4	0
1155	23 28 8 16	2	-1	0
1156	9 32 40 16	4	1	0
1157	11 45 4 30	3	3	0
1158	19 10 20 32	2	-1	0
1159	1 45 20 18	1	-1	1
1160	35 50 10 21	3	1	0
1161	43 8 16 12	2	-1	0
1162	24 34 5 6	3	5	0
1163	26 42 22 18	4	5	0
1164	20 24 32 18	2	-1	0
1165	1 44 34 22	1	-1	0
1166	36 6 49 16	4	1	0
1167	2 49 32 24	1	-1	0
1168	37 5 41 30	4	5	0
1169	33 21 25 5	4	1	0
1170	1 32 26 48	1	-1	0
1171	47 8 48 7	4	5	0
1172	5 16 33 7	2	-1	0
1173	33 18 23 10	4	4	0
1174	7 34 39 38	2	-1	0
1175	3 50 25 45	1	-1	0
1176	2 30 34 23	1	-1	0
1177	35 31 22 13	4	2	0
1178	50 31 37 43	2	-1	0
1179	28 38 25 16	3	1	0
1180	18 31 4 11	3	2	0
1181	45 18 11 33	4	1	0
1182	33 4 17 23	3	4	0
1183	9 14 28 21	2	-1	0
1184	20 33 15 48	4	1	0
1185	2 35 44 19	1	-1	0
1186	10 14 36 38	3	3	0
1187	20 16 32 13	2	-1	0
1188	19 18 5 25	2	-1	0
1189	3 24 13 21	1	-1	0
1190	41 19 48 34	4	3	0
1191	49 12 43 46	3	4	0
1192	48 24 28 33	2	-1	0
1193	41 18 26 47	4	5	0
1194	28 15 30 35	3	2	0
1195	40 25 35 9	3	3	0
1196	3 29 14 24	1	-1	0
1197	1 7 27 23	1	-1	0
1198	4 5 25 26	2	-1	0
1199	3 50 18 25	1	-1	0
1200	50 12 41 28	3	5	0
1201	44 36 8 10	3	1	0
1202	12 31 14 49	4	4	0
1203	44 34 35 17	2	-1	0
1204	43 26 32 18	4	5	0
1205	11 8 28 34	3	4	0
1206	14 15 47 43	3	3	0
1207	40 38 31 44	2	-1	0
1208	35 10 42 4	4	3	0
1209	13 44 35 19	3	5	0
1210	32 42 44 28	2	-1	0
1211	43 41 19 29	2	-1	0
1212	48 8 22 28	4	4	0
1213	2 37 17 34	1	-1	0
1214	45 50 43 31	2	-1	0
1215	3 40 21 11	1	-1	0
1216	43 45 13 26	3	2	0
1217	46 6 30 48	2	-1	0
1218	9 37 50 13	2	-1	0
1219	6 8 45 41	4	3	0
1220	49 19 7 13	3	3	0
1221	1 40 7 27	1	-1	0
1222	20 21 16 33	3	1	0
1223	19 18 25 42	2	-1	0
1224	2 9 36 32	1	-1	0
1225	15 30 31 44	4	1	0
1226	17 16 40 50	3	4	0
1227	25 14 40 49	3	4	0
1228	23 1 37 32	2	-1	0
1229	9 35 45 24	2	-1	0
1230	2 35 43 4	1	-1	0
1231	2 44 11 26	1	-1	0
1232	36 7 50 19	3	4	0
1233	16 4 37 31	4	4	0
1234	27 29 17 32	2	-1	0
1235	8 26 29 32	2	-1	0
1236	31 48 33 49	2	-1	0
1237	30 27 5 38	3	1	1
1238	2 46 32 23	1	-1	0
1239	12 46 13 11	4	4	0
1240	46 47 13 29	4	2	0
1241	20 12 39 10	3	2	0
1242	4 47 26 43	4	4	0
1243	20 49 14 45	4	4	0
1244	15 18 22 50	4	5	0
1245	26 39 31 12	3	4	0
1246	23 27 17 20	4	5	0
1247	29 28 42 36	4	1	0
1248	31 50 40 45	2	-1	0
1249	9 20 42 32	2	-1	0
1250	31 7 48 8	4	1	0
