Students	1250
1	2 29 12 27	1	-1	0
2	25 30 32 49	2	-1	0
3	12 41 10 14	2	-1	0
4	35 6 50 17	4	1	0
5	20 44 8 38	3	1	0
6	24 40 15 8	4	3	0
7	35 17 41 31	4	1	0
8	10 37 7 17	2	-1	0
9	12 6 41 36	2	-1	0
10	1 5 12 21	1	-1	0
11	10 37 31 15	2	-1	0
12	48 46 37 26	4	3	0
13	30 35 32 31	2	-1	0
14	35 25 13 22	3	2	0
15	28 33 8 40	3	3	0
16	22 25 32 33	4	1	0
17	40 8 12 9	3	1	0
18	3 38 40 42	1	-1	0
19	47 50 28 6	3	4	0
20	7 37 15 10	3	2	0
21	6 13 31 20	2	-1	0
22	35 20 45 4	3	4	0
23	3 9 21 22	1	-1	0
24	24 5 16 27	2	-1	0
25	2 33 14 12	1	-1	0
26	49 10 15 48	3	4	0
27	37 13 11 20	3	1	0
28	24 13 31 30	3	4	0
29	34 16 27 43	2	-1	0
30	18 9 42 40	3	1	0
31	32 45 13 9	2	-1	0
32	20 47 49 9	2	-1	0
33	13 21 38 49	3	4	0
34	32 29 21 40	3	5	0
35	8 12 35 21	4	3	0
36	16 45 39 13	3	3	0
37	2 34 9 8	1	-1	0
38	7 35 33 30	2	-1	0
39	25 13 34 40	4	3	0
40	2 18 35 9	1	-1	0
41	22 7 25 47	3	5	0
42	1 49 45 28	1	-1	0
43	28 25 4 37	3	5	0
44	4 46 10 47	4	1	0
45	10 26 15 49	4	2	0
46	33 5 29 47	4	3	0
47	42 18 43 50	4	2	0
48	30 15 20 46	3	5	0
49	48 25 46 26	3	5	0
50	42 34 47 46	3	3	0
51	19 27 32 8	4	2	0
52	50 38 40 15	4	2	0
53	12 45 20 47	4	5	0
54	46 48 16 8	3	4	0
55	17 37 9 7	4	2	0
56	39 26 46 49	2	-1	0
57	23 47 30 50	4	3	0
58	50 18 5 16	3	2	0
59	39 43 47 50	4	2	0
60	1 17 14 42	1	-1	0
61	25 29 17 18	3	4	0
62	21 7 34 17	4	4	0
63	13 12 27 42	3	5	0
64	8 22 49 29	4	1	0
65	19 42 12 9	4	5	0
66	21 46 50 25	2	-1	0
67	32 13 4 6	4	2	0
68	1 50 47 23	1	-1	0
69	1 6 39 40	1	-1	1
70	3 32 4 38	1	-1	0
71	2 49 5 43	1	-1	0
72	3 28 32 34	1	-1	0
73	1 5 7 20	1	-1	0
74	2 46 48 43	1	-1	0
75	48 15 4 22	4	5	0
76	24 14 38 50	4	1	0
77	27 25 40 10	2	-1	0
78	28 9 23 38	3	1	0
79	5 10 15 28	2	-1	0
80	32 24 14 8	2	-1	0
81	1 47 16 49	1	-1	0
82	2 12 28 13	1	-1	0
83	32 10 40 6	2	-1	0
84	20 10 15 8	2	-1	0
85	5 50 4 43	4	1	0
86	29 19 34 31	4	4	0
87	13 49 36 10	2	-1	0
88	36 20 11 22	2	-1	0
89	2 37 25 46	1	-1	0
90	28 43 11 48	4	4	0
91	29 9 40 47	2	-1	0
92	31 4 39 8	4	4	0
93	20 33 8 17	2	-1	0
94	27 44 4 46	2	-1	0
95	17 24 27 13	3	2	0
96	23 6 47 43	4	4	0
97	17 40 35 36	3	4	0
98	38 14 1 24	4	2	0
99	10 50 28 7	3	3	0
100	42 4 17 44	3	3	0
101	28 32 27 26	4	1	0
102	42 13 49 9	4	1	0
103	22 40 37 38	4	2	0
104	32 29 13 22	4	1	0
105	10 12 41 15	4	1	0
106	3 6 31 38	1	-1	0
107	3 16 12 14	1	-1	0
108	22 24 17 36	3	2	0
109	36 32 8 15	4	2	0
110	13 18 15 45	4	1	0
111	14 27 22 41	4	2	0
112	3 44 21 48	1	-1	0
113	10 47 7 12	4	5	0
114	27 11 16 28	3	5	0
115	40 14 30 45	2	-1	0
116	11 27 7 50	2	-1	0
117	1 14 26 16	1	-1	0
118	31 11 40 15	4	3	0
119	48 41 22 27	2	-1	0
120	41 50 6 7	4	3	0
121	49 9 27 22	2	-1	0
122	23 21 24 41	2	-1	0
123	3 15 24 28	1	-1	0
124	50 43 41 13	2	-1	0
125	38 11 39 5	2	-1	0
126	12 47 45 16	3	1	0
127	28 4 30 26	4	3	0
128	2 28 14 16	1	-1	0
129	16 46 50 49	2	-1	0
130	1 17 41 45	1	-1	0
131	15 49 48 20	3	5	0
132	44 7 4 20	2	-1	0
133	2 40 16 29	1	-1	0
134	40 35 21 12	4	1	0
135	46 26 40 14	3	5	0
136	34 33 10 6	3	1	0
137	1 14 6 13	1	-1	0
138	44 7 33 14	3	3	0
139	13 21 37 7	3	1	0
140	25 39 28 10	2	-1	0
141	17 42 15 23	3	1	0
142	23 44 12 21	4	4	0
143	23 39 43 22	4	5	0
144	2 31 33 46	1	-1	0
145	1 34 41 42	1	-1	0
146	23 40 10 37	3	1	0
147	3 11 8 14	1	-1	0
148	29 5 47 12	4	2	0
149	12 38 47 45	2	-1	0
150	20 38 5 42	3	5	0
151	9 11 18 10	4	2	0
152	38 23 16 44	4	1	0
153	33 41 15 20	3	5	0
154	19 46 45 20	3	2	0
155	3 11 25 41	1	-1	0
156	23 11 15 33	4	1	0
157	46 35 30 18	3	3	0
158	18 21 39 32	4	1	0
159	39 19 12 46	3	4	0
160	17 37 15 6	3	1	0
161	30 11 13 37	3	2	0
162	20 18 13 14	4	5	0
163	5 43 44 4	2	-1	0
164	3 38 31 21	1	-1	0
165	2 42 27 24	1	-1	0
166	49 21 34 26	2	-1	0
167	31 20 36 14	3	5	0
168	15 23 40 29	2	-1	0
169	13 14 43 34	2	-1	0
170	39 15 49 38	4	4	0
171	5 47 7 22	2	-1	0
172	6 38 44 23	2	-1	0
173	21 17 23 5	4	5	0
174	2 7 49 28	1	-1	0
175	17 11 44 23	3	3	0
176	2 8 41 4	1	-1	0
177	46 16 11 10	4	4	0
178	46 16 36 29	3	5	0
179	6 5 24 4	2	-1	0
180	6 20 10 27	2	-1	0
181	4 47 13 34	2	-1	0
182	46 5 4 43	4	4	0
183	21 41 25 27	4	1	0
184	4 10 26 37	2	-1	0
185	2 23 19 43	1	-1	0
186	3 28 40 47	1	-1	0
187	1 32 40 21	1	-1	0
188	25 35 44 26	4	5	0
189	3 27 47 7	1	-1	0
190	25 42 40 45	4	4	0
191	15 24 50 38	4	2	0
192	24 13 10 32	3	3	0
193	5 26 22 15	3	4	0
194	3 33 50 49	1	-1	0
195	47 37 25 26	3	5	0
196	46 8 5 40	4	2	0
197	37 43 13 29	4	5	0
198	21 9 7 32	3	5	0
199	24 45 10 22	4	1	0
200	32 49 36 8	3	5	0
201	36 47 44 19	2	-1	0
202	7 29 17 36	4	1	0
203	49 48 18 21	3	3	0
204	7 39 37 15	3	3	0
205	36 14 49 46	2	-1	0
206	44 37 50 36	4	2	0
207	1 32 26 21	1	-1	0
208	44 46 40 25	3	1	0
209	2 15 5 31	1	-1	0
210	2 50 42 34	1	-1	0
211	42 25 27 26	4	3	0
212	44 7 43 14	4	1	0
213	1 12 27 30	1	-1	0
214	19 31 13 23	2	-1	0
215	45 50 44 4	2	-1	0
216	23 22 47 35	2	-1	0
217	10 6 18 12	3	2	0
218	44 10 28 32	3	4	0
219	22 24 31 4	3	2	0
220	42 49 14 47	4	5	0
221	44 25 18 11	4	5	0
222	10 11 8 39	4	1	0
223	43 21 32 3	4	5	0
224	4 21 9 44	4	2	0
225	12 6 26 37	2	-1	0
226	40 13 27 28	4	2	0
227	28 49 32 39	2	-1	0
228	50 35 21 32	2	-1	0
229	22 9 19 25	2	-1	0
230	44 43 38 17	3	2	0
231	39 30 35 36	3	3	0
232	16 38 50 47	2	-1	0
233	48 32 6 18	2	-1	0
234	50 48 36 46	4	1	0
235	30 44 28 20	4	2	0
236	27 22 28 26	4	2	0
237	3 5 22 35	1	-1	0
238	9 24 40 6	2	-1	0
239	11 16 23 32	3	5	0
240	3 20 46 22	1	-1	0
241	14 26 28 25	4	4	0
242	47 6 35 18	3	5	0
243	34 9 27 8	3	3	0
244	2 37 17 9	1	-1	0
245	22 42 40 10	4	4	0
246	26 17 30 16	4	1	0
247	28 36 33 34	4	4	0
248	17 26 20 45	3	2	0
249	43 45 25 6	3	5	0
250	2 22 20 21	1	-1	0
251	9 12 13 50	2	-1	0
252	14 25 29 22	4	2	0
253	1 8 38 15	1	-1	0
254	34 14 39 17	2	-1	0
255	21 8 35 14	3	1	0
256	2 46 4 47	1	-1	0
257	23 9 11 16	3	2	0
258	23 35 18 12	2	-1	0
259	4 6 19 28	2	-1	0
260	1 22 20 50	1	-1	0
261	35 11 20 14	3	5	0
262	44 20 39 11	4	2	0
263	28 35 32 30	3	2	0
264	37 27 9 31	3	1	0
265	8 28 22 29	3	2	0
266	3 43 35 24	1	-1	0
267	35 9 26 8	3	2	0
268	38 8 45 35	3	1	0
269	18 33 9 10	3	3	0
270	45 23 38 41	3	1	0
271	1 45 32 26	1	-1	0
272	3 45 10 23	1	-1	0
273	16 34 44 33	4	1	0
274	33 43 46 27	2	-1	0
275	3 24 14 15	1	-1	0
276	6 50 32 5	3	5	0
277	28 14 13 32	4	4	0
278	27 23 15 35	4	2	0
279	47 18 35 38	3	1	0
280	2 39 29 14	1	-1	0
281	1 15 23 14	1	-1	0
282	29 50 31 46	4	4	0
283	24 12 17 23	2	-1	0
284	16 14 5 26	2	-1	0
285	29 46 25 6	4	1	0
286	35 23 45 8	2	-1	0
287	4 25 35 22	2	-1	0
288	6 37 42 31	3	3	0
289	2 33 21 47	1	-1	0
290	3 6 5 35	1	-1	0
291	33 12 28 26	4	4	0
292	45 37 30 5	4	1	0
293	21 48 45 11	2	-1	0
294	17 38 21 30	3	1	0
295	2 17 49 26	1	-1	0
296	5 12 31 19	4	5	0
297	42 22 20 23	2	-1	0
298	50 9 35 31	2	-1	0
299	3 40 19 38	1	-1	0
300	50 8 16 30	2	-1	0
301	35 19 48 39	3	3	0
302	17 6 5 42	4	4	0
303	1 43 23 28	1	-1	0
304	41 33 23 49	2	-1	0
305	39 11 18 30	4	5	0
306	50 14 38 4	2	-1	0
307	24 22 33 32	3	4	0
308	44 43 36 28	2	-1	0
309	36 34 48 14	2	-1	0
310	6 39 21 26	4	4	0
311	10 41 24 36	3	5	0
312	47 25 5 36	4	5	0
313	2 14 48 28	1	-1	0
314	2 26 31 24	1	-1	0
315	24 29 36 30	4	1	0
316	26 32 27 12	2	-1	0
317	20 22 8 26	4	3	0
318	30 31 19 7	2	-1	0
319	20 6 18 7	2	-1	0
320	50 22 8 25	3	3	0
321	42 46 28 40	2	-1	0
322	39 28 31 36	2	-1	0
323	3 24 46 4	1	-1	0
324	47 39 37 38	4	4	0
325	39 47 9 29	4	4	0
326	28 45 23 6	3	4	0
327	26 44 29 46	4	3	0
328	41 25 18 26	3	2	0
329	3 10 41 33	1	-1	0
330	29 27 5 7	3	3	0
331	17 33 23 38	3	5	0
332	1 38 9 8	1	-1	0
333	2 28 36 26	1	-1	0
334	3 19 48 16	1	-1	0
335	1 44 26 39	1	-1	0
336	3 11 38 30	1	-1	0
337	15 11 35 27	4	4	0
338	39 28 43 19	4	3	0
339	2 13 28 17	1	-1	0
340	46 16 39 36	3	5	0
341	49 27 33 29	4	1	0
342	2 27 18 28	1	-1	0
343	44 37 3 30	4	1	0
344	32 47 45 21	3	3	0
345	2 22 9 50	1	-1	0
346	47 43 38 41	3	1	0
347	37 21 29 10	2	-1	0
348	42 7 20 9	3	2	0
349	41 24 28 43	4	1	0
350	28 43 20 34	4	3	0
351	36 16 15 39	4	2	0
352	16 44 4 26	3	1	0
353	12 46 25 45	4	1	0
354	2 24 10 49	1	-1	0
355	1 5 13 20	1	-1	0
356	19 6 47 18	2	-1	0
357	48 17 34 15	4	4	0
358	46 34 23 21	2	-1	0
359	12 22 30 17	4	2	0
360	5 39 29 12	3	1	0
361	3 35 24 40	1	-1	0
362	28 26 49 35	3	3	0
363	18 27 23 22	3	4	0
364	43 33 16 25	2	-1	0
365	38 49 8 16	2	-1	0
366	1 35 43 28	1	-1	0
367	45 35 10 48	4	3	0
368	38 29 22 24	3	4	1
369	17 12 13 11	3	1	0
370	37 18 39 14	4	4	0
371	31 18 42 48	3	3	0
372	2 38 16 31	1	-1	0
373	3 44 30 38	1	-1	0
374	45 4 20 30	4	4	0
375	9 22 5 33	3	4	0
376	22 19 43 38	2	-1	0
377	45 6 25 40	2	-1	0
378	8 26 37 34	4	3	1
379	9 10 25 31	4	1	0
380	14 27 22 41	4	1	0
381	42 35 49 33	3	5	0
382	38 18 45 19	4	2	0
383	2 8 14 22	1	-1	0
384	40 9 13 4	4	2	0
385	2 7 11 17	1	-1	0
386	32 50 44 28	3	2	0
387	27 16 26 34	4	3	0
388	13 32 23 45	2	-1	0
389	9 29 6 19	2	-1	0
390	2 23 31 26	1	-1	0
391	7 39 34 50	3	4	0
392	3 25 50 21	1	-1	0
393	2 33 23 49	1	-1	0
394	16 37 21 26	4	3	0
395	10 17 47 9	3	1	0
396	5 19 17 21	2	-1	0
397	12 46 49 45	4	2	0
398	32 21 50 22	4	4	0
399	47 20 6 8	4	4	0
400	2 17 13 44	1	-1	0
401	42 21 9 4	2	-1	0
402	3 21 14 22	1	-1	0
403	3 17 25 11	1	-1	0
404	3 18 8 35	1	-1	0
405	37 36 22 11	3	1	0
406	3 33 17 37	1	-1	0
407	11 28 38 35	3	4	0
408	19 16 45 10	4	5	0
409	35 20 25 46	2	-1	0
410	37 32 4 7	3	3	0
411	9 24 23 44	2	-1	0
412	20 27 24 22	3	3	0
413	41 32 6 36	2	-1	0
414	13 46 27 20	3	3	0
415	50 22 42 43	4	5	0
416	2 8 22 14	1	-1	0
417	1 47 40 45	1	-1	0
418	47 46 15 48	4	2	0
419	42 34 38 40	2	-1	0
420	46 29 11 34	3	1	0
421	31 45 38 26	2	-1	0
422	31 16 5 11	3	4	0
423	35 16 9 50	3	3	0
424	14 18 21 23	2	-1	0
425	27 21 41 24	4	4	0
426	44 24 5 18	2	-1	0
427	3 24 29 46	1	-1	0
428	48 12 18 38	2	-1	0
429	2 10 23 29	1	-1	0
430	43 45 6 24	3	4	0
431	26 29 27 14	4	1	0
432	47 30 29 28	3	3	0
433	1 31 40 6	1	-1	0
434	13 46 48 23	4	1	0
435	43 19 25 9	3	1	0
436	6 24 42 50	3	1	0
437	49 7 9 20	2	-1	0
438	2 39 49 50	1	-1	0
439	49 47 17 18	3	2	0
440	47 13 36 26	4	1	0
441	28 27 45 50	4	1	0
442	2 37 5 28	1	-1	0
443	20 28 15 3	3	4	0
444	27 31 45 11	2	-1	0
445	3 22 21 35	1	-1	0
446	3 9 30 18	1	-1	0
447	3 50 7 29	1	-1	0
448	3 24 47 12	1	-1	0
449	15 27 25 36	2	-1	0
450	32 33 16 4	3	2	0
451	48 33 50 6	3	1	0
452	44 32 41 22	4	3	0
453	21 28 35 41	2	-1	0
454	2 15 40 42	1	-1	0
455	22 45 49 8	2	-1	0
456	2 35 20 48	1	-1	0
457	26 41 37 22	4	1	0
458	3 18 41 37	1	-1	0
459	11 10 23 32	4	2	0
460	1 25 48 33	1	-1	0
461	19 30 26 34	4	1	0
462	15 42 23 28	3	3	0
463	30 37 26 4	3	5	0
464	17 6 13 12	3	5	0
465	43 44 37 38	4	3	0
466	39 5 6 7	2	-1	0
467	3 6 33 29	1	-1	0
468	30 5 35 37	2	-1	0
469	50 40 13 36	4	1	0
470	9 41 32 36	2	-1	0
471	23 38 19 36	3	2	0
472	7 39 41 23	3	2	0
473	1 31 24 21	1	-1	0
474	7 30 37 4	4	2	0
475	10 18 30 31	2	-1	0
476	46 18 42 28	3	5	0
477	17 30 35 34	2	-1	0
478	1 37 6 8	1	-1	0
479	27 17 49 8	3	2	0
480	10 23 32 48	4	1	0
481	9 23 50 41	3	5	0
482	5 41 13 1	2	-1	0
483	41 14 24 23	2	-1	0
484	28 49 7 13	4	4	0
485	3 48 22 24	1	-1	0
486	45 16 21 29	2	-1	0
487	3 19 22 21	1	-1	0
488	24 39 11 13	2	-1	0
489	44 33 38 22	3	3	0
490	1 6 15 34	1	-1	0
491	10 47 19 9	2	-1	0
492	20 18 7 22	4	4	0
493	3 38 28 44	1	-1	0
494	29 39 31 26	3	2	0
495	1 25 47 49	1	-1	0
496	19 27 46 7	3	2	0
497	47 12 45 32	3	1	0
498	25 13 5 38	2	-1	0
499	36 32 30 7	3	2	0
500	1 36 13 32	1	-1	0
501	40 14 13 50	3	1	0
502	48 43 4 6	4	2	0
503	45 32 33 27	2	-1	0
504	2 43 9 49	1	-1	0
505	1 26 42 48	1	-1	0
506	3 11 10 23	1	-1	0
507	3 12 26 6	1	-1	0
508	4 11 33 27	3	1	0
509	25 8 9 32	4	3	0
510	36 10 18 20	3	3	0
511	49 35 34 24	3	3	0
512	49 27 19 11	2	-1	0
513	33 14 41 40	3	4	0
514	32 8 7 15	3	2	0
515	21 17 44 40	4	2	0
516	45 29 28 18	3	4	0
517	28 18 26 40	2	-1	0
518	31 4 35 49	4	3	0
519	6 11 34 26	3	5	0
520	38 8 36 32	3	2	0
521	20 50 26 25	4	3	0
522	20 46 36 19	3	3	0
523	2 35 15 24	1	-1	0
524	22 48 13 37	3	5	0
525	32 26 31 9	2	-1	0
526	8 34 26 35	2	-1	0
527	15 33 47 38	4	1	0
528	5 4 6 26	2	-1	0
529	1 24 22 25	1	-1	0
530	12 37 32 42	3	2	0
531	46 34 15 47	4	5	0
532	2 20 45 22	1	-1	0
533	45 39 36 7	3	5	0
534	16 33 28 42	3	4	0
535	6 18 12 29	3	5	0
536	2 26 20 36	1	-1	0
537	5 36 43 41	3	1	0
538	11 4 5 20	3	4	0
539	36 28 18 8	2	-1	0
540	2 31 23 5	1	-1	0
541	25 47 45 46	2	-1	0
542	36 30 25 32	3	2	0
543	40 31 45 34	2	-1	0
544	46 17 42 40	4	1	0
545	29 39 47 48	4	1	0
546	8 50 9 33	3	2	0
547	32 30 47 7	4	5	0
548	3 40 37 48	1	-1	0
549	48 47 18 16	4	1	0
550	17 43 45 33	4	5	0
551	9 43 21 39	4	2	0
552	33 45 32 46	3	2	0
553	6 40 21 22	2	-1	0
554	9 11 23 28	2	-1	0
555	38 19 44 37	2	-1	0
556	2 21 9 35	1	-1	0
557	45 10 42 43	3	4	0
558	28 42 7 33	2	-1	0
559	3 41 25 24	1	-1	0
560	15 29 48 43	3	1	0
561	50 31 7 23	4	2	0
562	34 26 7 4	2	-1	0
563	36 21 31 39	4	4	0
564	28 46 18 14	3	1	0
565	31 33 32 7	4	3	0
566	31 29 26 42	4	1	0
567	1 29 35 23	1	-1	0
568	2 30 25 46	1	-1	0
569	2 20 10 45	1	-1	0
570	39 32 7 38	3	4	0
571	33 39 19 34	3	3	0
572	34 11 4 28	4	1	0
573	49 22 5 27	2	-1	0
574	3 15 29 20	1	-1	0
575	32 47 37 7	3	5	0
576	2 29 16 32	1	-1	0
577	6 25 49 23	3	3	0
578	1 5 48 34	1	-1	0
579	1 21 17 15	1	-1	0
580	2 33 41 23	1	-1	0
581	46 49 43 45	3	1	0
582	12 49 32 5	2	-1	0
583	29 32 42 47	4	4	0
584	3 32 16 37	1	-1	0
585	37 48 25 49	3	5	0
586	7 16 9 20	3	2	0
587	34 18 42 12	2	-1	0
588	34 8 31 10	2	-1	0
589	28 39 22 11	3	3	0
590	50 29 30 36	2	-1	0
591	10 34 29 12	3	4	0
592	40 12 25 37	4	1	0
593	35 8 32 14	2	-1	0
594	3 24 16 37	1	-1	0
595	1 27 30 7	1	-1	0
596	44 37 23 41	4	4	0
597	34 32 27 28	3	4	0
598	49 37 26 44	4	3	0
599	41 21 33 50	2	-1	0
600	2 41 5 40	1	-1	0
601	38 14 39 29	4	1	0
602	4 46 14 24	3	4	0
603	44 40 21 20	4	3	0
604	13 15 22 4	4	5	0
605	40 47 43 16	4	2	0
606	2 46 48 25	1	-1	0
607	30 27 39 23	2	-1	0
608	35 31 42 14	2	-1	0
609	1 49 46 37	1	-1	0
610	44 18 7 41	4	3	0
611	10 38 22 34	2	-1	0
612	23 14 11 19	2	-1	0
613	37 29 41 27	4	2	0
614	40 10 31 14	3	4	0
615	13 43 47 31	3	3	0
616	2 7 40 6	1	-1	0
617	25 15 9 23	2	-1	0
618	27 42 35 31	4	3	0
619	13 17 36 8	2	-1	0
620	50 5 45 40	3	5	0
621	46 39 32 26	4	4	0
622	22 43 32 39	2	-1	0
623	17 19 23 11	3	2	0
624	5 4 40 14	4	4	0
625	21 30 6 31	4	5	0
626	46 30 12 19	3	2	0
627	2 20 17 34	1	-1	0
628	3 46 49 26	1	-1	0
629	3 42 24 43	1	-1	0
630	1 16 26 50	1	-1	0
631	36 7 31 29	3	4	0
632	38 26 8 31	4	3	0
633	34 18 11 16	2	-1	0
634	26 43 19 40	4	1	0
635	3 18 22 25	1	-1	0
636	1 28 43 19	1	-1	0
637	42 37 14 30	2	-1	0
638	48 23 43 18	3	5	0
639	28 4 44 24	2	-1	0
640	41 19 32 14	4	3	0
641	2 17 21 31	1	-1	0
642	3 11 21 14	1	-1	0
643	50 47 34 25	2	-1	0
644	28 38 23 12	3	2	0
645	43 20 50 46	2	-1	0
646	45 36 16 42	2	-1	0
647	2 37 4 10	1	-1	0
648	43 36 41 12	2	-1	0
649	24 45 27 50	4	1	0
650	24 22 28 5	4	2	0
651	26 38 10 35	4	3	0
652	2 36 14 8	1	-1	0
653	26 44 7 22	2	-1	0
654	31 44 15 14	3	1	0
655	10 45 12 20	4	1	0
656	20 13 48 40	2	-1	0
657	1 24 31 19	1	-1	0
658	34 39 26 38	4	3	0
659	10 40 50 12	4	2	0
660	42 14 40 31	2	-1	0
661	4 39 21 29	3	3	0
662	20 18 44 35	4	2	0
663	2 31 20 35	1	-1	0
664	24 22 8 44	4	3	0
665	1 46 11 7	1	-1	0
666	29 43 6 12	2	-1	0
667	47 15 37 16	4	2	0
668	10 44 50 15	2	-1	0
669	48 37 47 16	3	2	0
670	6 27 49 15	4	1	0
671	37 9 36 50	4	3	0
672	47 23 4 33	3	2	0
673	1 41 33 28	1	-1	0
674	2 32 28 49	1	-1	0
675	30 4 40 36	3	1	0
676	43 21 38 20	2	-1	0
677	46 49 9 22	2	-1	0
678	40 29 19 14	4	2	0
679	2 43 46 26	1	-1	0
680	40 11 35 27	3	2	0
681	23 36 46 43	2	-1	0
682	36 6 45 7	4	3	0
683	45 34 30 14	4	2	0
684	49 12 23 5	2	-1	0
685	21 24 47 12	2	-1	0
686	25 32 15 18	2	-1	0
687	49 32 35 15	3	4	0
688	23 16 7 45	2	-1	0
689	7 36 16 26	3	2	0
690	45 41 16 17	4	5	0
691	43 23 16 28	3	3	0
692	3 34 18 13	1	-1	0
693	44 25 34 4	4	3	0
694	45 44 49 7	2	-1	0
695	2 40 14 10	1	-1	0
696	33 35 22 14	4	4	0
697	18 35 26 24	3	2	0
698	44 22 39 46	2	-1	0
699	35 29 28 47	2	-1	0
700	18 29 42 49	2	-1	0
701	35 44 7 13	4	1	0
702	16 10 28 26	4	5	0
703	15 35 46 12	3	2	0
704	41 32 39 4	3	5	0
705	2 48 13 43	1	-1	0
706	1 50 8 33	1	-1	0
707	47 48 6 45	2	-1	0
708	14 43 45 11	4	4	0
709	12 26 39 17	3	5	0
710	21 49 23 31	4	5	0
711	5 21 4 43	2	-1	0
712	38 49 7 13	2	-1	0
713	12 35 44 34	2	-1	0
714	30 17 37 31	2	-1	0
715	3 35 28 30	1	-1	0
716	8 6 34 36	3	2	0
717	24 39 26 41	2	-1	0
718	22 13 41 42	4	1	0
719	2 47 44 8	1	-1	0
720	42 34 33 48	4	3	0
721	33 14 24 49	3	5	0
722	15 20 12 50	4	4	0
723	22 29 18 15	3	2	0
724	12 16 33 6	3	2	0
725	45 13 20 4	4	5	0
726	45 36 20 42	2	-1	0
727	24 40 36 6	2	-1	0
728	10 13 5 44	3	2	0
729	7 27 49 48	4	3	0
730	1 30 41 27	1	-1	0
731	4 34 29 20	3	1	0
732	2 44 34 6	1	-1	0
733	34 50 19 26	3	3	0
734	19 5 17 29	2	-1	0
735	21 20 25 13	4	4	0
736	2 13 14 50	1	-1	0
737	15 30 19 26	3	4	0
738	43 9 18 12	2	-1	0
739	27 5 39 48	4	3	0
740	8 20 16 26	4	1	0
741	1 49 43 5	1	-1	0
742	18 38 19 6	2	-1	0
743	4 50 48 41	4	5	0
744	12 24 11 20	4	5	0
745	3 40 35 36	1	-1	0
746	29 38 43 9	2	-1	0
747	10 43 17 14	2	-1	0
748	32 12 11 7	2	-1	0
749	36 26 18 40	4	4	0
750	2 37 40 8	1	-1	0
751	40 44 41 10	2	-1	0
752	31 47 24 32	3	5	0
753	48 5 27 6	2	-1	0
754	5 33 27 25	4	5	0
755	40 8 4 24	3	4	0
756	50 22 33 8	4	1	0
757	2 39 5 44	1	-1	0
758	32 25 30 33	2	-1	0
759	1 40 18 14	1	-1	0
760	27 13 49 43	3	2	0
761	22 11 45 32	2	-1	0
762	21 35 10 9	4	1	0
763	48 26 12 24	3	1	0
764	2 5 20 33	1	-1	0
765	11 30 42 50	3	3	0
766	3 4 44 34	1	-1	0
767	36 42 30 49	4	1	0
768	3 41 32 21	1	-1	0
769	36 12 18 24	4	4	0
770	23 46 17 34	3	4	0
771	2 24 23 19	1	-1	0
772	36 22 18 21	4	1	0
773	4 47 42 36	2	-1	0
774	47 34 45 9	2	-1	0
775	12 20 30 7	2	-1	0
776	37 41 24 40	4	5	0
777	23 38 34 47	4	4	0
778	13 38 47 22	4	5	0
779	48 23 25 49	3	5	0
780	48 19 43 13	3	1	0
781	49 36 28 41	2	-1	0
782	46 24 15 23	4	2	0
783	50 33 11 14	3	5	0
784	16 26 23 7	4	2	0
785	30 50 28 25	4	4	0
786	23 33 27 31	3	1	0
787	34 33 6 11	4	2	0
788	27 19 41 37	2	-1	0
789	10 45 42 36	4	2	0
790	27 31 25 50	4	3	0
791	2 11 21 39	1	-1	0
792	31 8 43 7	4	1	0
793	45 29 15 39	4	4	0
794	21 26 16 32	3	4	0
795	2 16 36 40	1	-1	0
796	15 44 41 45	4	1	0
797	34 38 33 47	3	4	0
798	33 10 48 11	3	3	0
799	1 27 40 47	1	-1	0
800	7 30 41 10	4	1	0
801	17 19 37 26	2	-1	0
802	13 36 27 23	3	4	0
803	47 18 28 7	3	3	0
804	31 6 30 8	2	-1	0
805	29 20 40 49	2	-1	0
806	33 44 13 17	4	5	0
807	37 4 47 46	2	-1	0
808	37 33 21 46	3	1	0
809	3 26 23 20	1	-1	0
810	24 28 22 11	3	1	0
811	27 47 38 29	2	-1	0
812	35 11 19 30	4	1	0
813	10 14 38 20	3	1	0
814	41 9 17 12	4	2	0
815	1 15 37 9	1	-1	0
816	44 10 41 17	3	1	0
817	3 42 13 46	1	-1	0
818	50 32 34 49	2	-1	0
819	42 38 29 41	4	4	0
820	50 42 39 35	2	-1	0
821	2 12 45 24	1	-1	0
822	8 46 34 18	3	5	0
823	33 44 20 30	3	4	0
824	3 47 14 34	1	-1	0
825	45 5 50 36	2	-1	0
826	44 21 48 50	2	-1	0
827	9 29 27 7	3	2	0
828	2 25 17 11	1	-1	0
829	26 32 20 4	4	2	0
830	1 19 25 36	1	-1	0
831	40 46 38 19	3	2	0
832	14 30 33 28	4	2	0
833	28 10 47 39	3	2	0
834	45 11 36 12	3	3	0
835	20 37 40 43	4	1	0
836	10 42 20 17	4	2	0
837	15 4 45 22	4	2	0
838	36 13 26 22	3	5	0
839	23 41 22 34	2	-1	0
840	49 4 30 8	2	-1	0
841	47 33 5 8	2	-1	0
842	37 48 17 22	4	2	0
843	2 48 6 5	1	-1	0
844	31 7 24 23	2	-1	0
845	1 27 13 8	1	-1	0
846	31 6 5 48	2	-1	0
847	28 36 50 18	3	5	0
848	47 43 9 36	2	-1	0
849	40 15 26 16	3	2	0
850	26 45 17 36	3	3	0
851	1 31 35 40	1	-1	0
852	6 31 40 30	2	-1	0
853	2 45 6 10	1	-1	0
854	31 23 48 20	3	3	0
855	1 34 21 45	1	-1	0
856	45 30 24 49	4	1	0
857	2 16 9 42	1	-1	0
858	43 45 17 16	3	4	0
859	43 21 18 48	3	3	0
860	14 15 38 21	2	-1	0
861	18 36 28 21	3	4	0
862	42 41 28 47	2	-1	0
863	32 14 40 31	4	3	0
864	32 29 38 11	3	5	0
865	1 25 20 9	1	-1	0
866	1 43 33 4	1	-1	0
867	44 24 5 37	4	3	0
868	18 36 45 28	4	5	0
869	1 31 42 23	1	-1	0
870	47 9 17 5	3	2	0
871	9 10 32 29	4	5	0
872	40 34 20 18	2	-1	0
873	2 9 49 46	1	-1	0
874	27 21 19 24	4	2	0
875	28 26 29 13	2	-1	0
876	42 14 19 31	4	3	0
877	3 43 20 48	1	-1	0
878	35 18 8 10	3	5	0
879	46 7 23 35	3	1	0
880	3 30 8 40	1	-1	0
881	6 27 9 49	3	4	0
882	29 9 23 19	2	-1	0
883	38 11 28 46	2	-1	0
884	2 50 43 47	1	-1	0
885	2 11 35 5	1	-1	0
886	37 14 15 41	2	-1	0
887	2 32 45 5	1	-1	0
888	44 16 49 18	3	5	0
889	40 20 46 24	2	-1	0
890	7 33 35 44	4	1	0
891	35 22 28 16	3	2	0
892	48 38 31 34	2	-1	0
893	10 41 17 8	2	-1	0
894	8 10 40 32	4	1	0
895	45 50 40 22	4	4	0
896	11 33 46 14	2	-1	0
897	29 19 12 33	3	1	0
898	21 12 24 22	3	5	0
899	22 37 30 9	2	-1	0
900	16 7 5 17	3	4	0
901	8 10 26 46	4	4	0
902	1 34 49 33	1	-1	0
903	2 47 43 24	1	-1	0
904	19 16 9 22	4	1	0
905	2 33 13 26	1	-1	0
906	9 38 49 36	4	1	0
907	23 7 10 8	3	2	0
908	34 25 29 48	4	1	0
909	2 27 17 42	1	-1	0
910	24 4 47 8	3	4	0
911	4 37 13 40	4	1	0
912	25 34 45 31	4	2	0
913	1 18 50 10	1	-1	0
914	27 31 24 19	4	4	1
915	20 8 25 42	3	1	0
916	49 23 28 17	4	1	0
917	36 42 47 7	2	-1	0
918	32 9 17 14	3	4	0
919	29 25 5 30	3	2	0
920	6 9 47 48	3	5	0
921	3 35 13 17	1	-1	0
922	3 14 41 50	1	-1	0
923	2 13 34 4	1	-1	0
924	24 28 39 27	2	-1	0
925	11 25 22 44	3	4	0
926	2 33 21 11	1	-1	0
927	27 31 16 17	2	-1	0
928	3 48 14 20	1	-1	0
929	29 24 32 42	3	1	0
930	2 5 18 19	1	-1	0
931	24 9 33 41	4	4	0
932	1 35 24 26	1	-1	0
933	44 31 9 5	4	3	0
934	48 42 9 10	3	1	0
935	3 33 43 24	1	-1	0
936	30 37 39 9	4	4	0
937	21 20 31 41	4	4	0
938	44 41 32 18	4	1	0
939	12 35 26 23	3	5	0
940	20 22 26 7	3	3	0
941	3 50 42 20	1	-1	0
942	48 31 46 50	3	1	0
943	39 23 36 9	3	3	0
944	50 12 24 39	2	-1	0
945	6 45 25 14	4	2	0
946	2 19 35 41	1	-1	0
947	1 27 41 16	1	-1	0
948	23 14 16 24	2	-1	0
949	49 30 41 16	3	1	0
950	4 33 17 13	4	2	0
951	43 12 21 40	2	-1	0
952	47 29 4 5	2	-1	0
953	7 38 18 16	3	2	0
954	8 9 23 13	4	2	0
955	1 5 38 34	1	-1	0
956	3 47 41 46	1	-1	0
957	3 11 23 6	1	-1	0
958	3 29 13 44	1	-1	0
959	3 27 21 39	1	-1	0
960	31 37 24 48	3	2	0
961	3 16 7 14	1	-1	0
962	5 33 44 48	2	-1	0
963	46 45 33 21	4	1	0
964	35 4 8 21	2	-1	0
965	14 39 26 50	4	2	0
966	42 34 9 40	2	-1	0
967	42 49 18 47	4	2	0
968	7 46 50 29	2	-1	0
969	24 27 28 5	3	5	0
970	45 31 37 38	2	-1	0
971	36 35 16 8	2	-1	0
972	50 45 16 39	4	4	0
973	16 39 43 15	3	1	0
974	42 26 12 34	2	-1	0
975	6 37 48 16	2	-1	0
976	34 17 22 42	2	-1	0
977	2 11 24 9	1	-1	0
978	33 39 24 30	3	4	0
979	5 23 37 4	4	2	0
980	48 45 13 44	4	4	0
981	22 5 6 16	3	1	0
982	9 16 41 37	2	-1	0
983	2 4 14 15	1	-1	0
984	1 16 24 17	1	-1	0
985	30 10 35 12	3	5	0
986	45 10 25 41	3	1	0
987	29 26 35 20	4	1	0
988	1 32 48 11	1	-1	0
989	14 29 30 24	3	4	0
990	3 4 43 17	1	-1	0
991	14 16 13 7	2	-1	0
992	2 26 33 28	1	-1	0
993	16 7 33 11	4	2	0
994	27 20 34 40	4	5	0
995	3 9 20 37	1	-1	0
996	17 20 25 48	3	4	0
997	26 37 43 48	2	-1	0
998	2 28 18 23	1	-1	0
999	34 33 21 30	4	3	0
1000	47 49 41 46	3	4	0
1001	2 6 46 36	1	-1	0
1002	19 32 18 11	4	2	0
1003	3 14 46 27	1	-1	0
1004	46 43 49 36	2	-1	0
1005	48 18 14 29	2	-1	0
1006	1 17 38 35	1	-1	0
1007	2 31 33 43	1	-1	0
1008	25 31 2 30	3	2	0
1009	13 5 29 41	4	5	0
1010	47 14 11 46	4	4	0
1011	3 38 28 34	1	-1	0
1012	11 44 26 35	3	2	0
1013	1 37 45 16	1	-1	0
1014	40 47 27 29	3	1	0
1015	15 29 45 34	4	1	0
1016	4 27 28 35	3	5	0
1017	3 31 46 7	1	-1	0
1018	28 20 10 18	2	-1	0
1019	9 14 36 5	2	-1	0
1020	25 40 30 28	4	1	0
1021	39 30 21 19	4	5	0
1022	36 43 14 49	3	2	0
1023	9 47 12 16	4	1	0
1024	2 18 19 36	1	-1	0
1025	3 41 33 16	1	-1	0
1026	27 9 30 41	3	1	0
1027	2 39 7 25	1	-1	0
1028	16 40 31 10	3	3	0
1029	26 7 16 17	4	4	0
1030	3 17 11 40	1	-1	0
1031	3 13 14 25	1	-1	0
1032	14 27 46 43	3	1	0
1033	2 29 25 48	1	-1	0
1034	42 21 11 23	2	-1	0
1035	4 29 27 26	4	4	0
1036	14 36 46 28	2	-1	0
1037	46 11 21 32	4	3	0
1038	12 24 16 27	2	-1	0
1039	14 15 6 34	2	-1	0
1040	28 35 32 5	3	3	0
1041	31 24 5 23	2	-1	0
1042	14 8 13 17	4	1	0
1043	32 30 40 50	2	-1	0
1044	46 24 41 4	3	2	0
1045	28 11 38 14	4	2	0
1046	48 11 46 39	2	-1	0
1047	3 4 28 48	1	-1	0
1048	3 11 14 42	1	-1	0
1049	36 45 7 13	3	2	0
1050	9 28 48 7	2	-1	0
1051	1 26 40 33	1	-1	0
1052	30 22 20 5	2	-1	0
1053	43 50 20 44	4	2	0
1054	24 45 20 31	2	-1	0
1055	14 17 35 26	3	2	0
1056	43 16 31 35	2	-1	0
1057	3 17 22 45	1	-1	0
1058	1 34 32 29	1	-1	0
1059	3 40 12 7	1	-1	0
1060	19 37 41 13	2	-1	0
1061	44 40 12 17	4	3	0
1062	41 14 46 35	3	2	0
1063	32 43 27 36	4	4	0
1064	46 26 22 49	4	2	0
1065	1 43 17 46	1	-1	0
1066	21 50 37 5	3	4	0
1067	47 50 16 28	2	-1	0
1068	47 23 8 26	4	2	0
1069	36 23 34 20	4	3	0
1070	15 7 38 16	2	-1	0
1071	3 29 19 45	1	-1	0
1072	15 26 4 44	3	3	0
1073	40 19 28 36	3	1	0
1074	31 34 46 30	4	1	0
1075	5 16 50 18	2	-1	0
1076	17 34 21 44	2	-1	1
1077	8 33 38 37	2	-1	0
1078	48 50 11 29	2	-1	0
1079	15 30 27 17	4	2	0
1080	31 37 30 7	4	1	0
1081	29 15 10 8	3	1	0
1082	3 9 27 44	1	-1	0
1083	12 25 33 17	3	1	0
1084	20 48 23 12	4	2	0
1085	2 25 43 26	1	-1	0
1086	27 5 15 33	4	5	0
1087	20 8 44 14	4	1	0
1088	16 23 37 25	2	-1	0
1089	40 20 44 7	4	4	0
1090	31 16 45 19	2	-1	0
1091	1 5 15 44	1	-1	0
1092	3 28 9 47	1	-1	0
1093	30 45 28 18	3	5	0
1094	43 50 24 15	2	-1	0
1095	5 41 38 11	2	-1	0
1096	46 4 24 19	2	-1	0
1097	48 31 36 49	2	-1	0
1098	14 13 38 19	4	5	0
1099	1 17 34 9	1	-1	0
1100	32 47 31 42	3	4	0
1101	42 26 47 12	4	5	0
1102	29 6 12 30	2	-1	0
1103	7 46 15 47	3	3	0
1104	20 17 34 24	4	3	0
1105	2 36 25 32	1	-1	0
1106	39 9 24 34	4	5	0
1107	16 9 12 26	2	-1	0
1108	2 48 36 22	1	-1	0
1109	34 19 15 37	4	4	0
1110	43 33 9 8	3	2	0
1111	12 38 47 34	2	-1	0
1112	15 10 46 26	3	3	0
1113	37 48 30 8	3	5	0
1114	28 31 30 4	3	2	0
1115	2 45 48 50	1	-1	0
1116	1 22 41 39	1	-1	0
1117	31 43 15 16	4	1	0
1118	45 27 25 46	3	3	0
1119	17 24 49 28	2	-1	0
1120	17 50 7 12	3	3	0
1121	6 50 44 27	2	-1	0
1122	17 33 30 14	4	2	0
1123	3 33 22 19	1	-1	0
1124	1 17 26 46	1	-1	0
1125	1 24 42 21	1	-1	0
1126	1 42 34 14	1	-1	0
1127	45 24 8 39	3	4	1
1128	3 31 20 9	1	-1	0
1129	37 20 21 27	2	-1	0
1130	22 32 38 37	2	-1	0
1131	1 42 4 41	1	-1	0
1132	22 42 47 8	3	2	0
1133	16 5 22 40	2	-1	0
1134	3 22 15 29	1	-1	0
1135	6 13 16 36	4	5	0
1136	1 38 34 18	1	-1	0
1137	1 40 38 47	1	-1	0
1138	29 50 24 7	4	3	0
1139	6 4 41 17	3	3	0
1140	1 39 15 28	1	-1	0
1141	44 42 27 28	4	5	0
1142	47 23 13 32	2	-1	0
1143	34 19 43 42	4	5	0
1144	18 21 43 16	4	1	0
1145	1 12 34 48	1	-1	0
1146	15 33 39 20	4	5	0
1147	13 20 26 14	2	-1	0
1148	2 10 5 7	1	-1	0
1149	2 46 47 32	1	-1	0
1150	35 17 49 44	4	2	0
1151	3 6 23 15	1	-1	0
1152	7 22 39 8	4	4	0
1153	1 23 41 44	1	-1	0
1154	31 33 38 10	3	2	0
1155	1 22 7 45	1	-1	0
1156	8 14 22 7	4	3	0
1157	7 45 34 9	2	-1	0
1158	2 39 36 8	1	-1	0
1159	18 31 46 21	3	1	0
1160	9 13 15 20	2	-1	0
1161	7 47 41 34	3	2	0
1162	48 33 49 27	3	5	0
1163	44 39 50 23	2	-1	0
1164	10 12 38 22	4	5	0
1165	9 43 32 44	3	1	0
1166	25 8 43 24	3	2	0
1167	34 28 26 20	3	3	0
1168	8 23 33 47	4	3	0
1169	34 7 50 44	3	3	0
1170	34 11 50 5	3	2	0
1171	35 41 5 26	2	-1	0
1172	33 13 23 27	2	-1	0
1173	5 40 44 30	3	2	0
1174	10 36 20 18	3	1	0
1175	31 44 42 25	4	5	0
1176	47 23 10 31	3	3	0
1177	25 12 17 10	2	-1	0
1178	50 7 19 22	2	-1	0
1179	3 48 50 4	1	-1	0
1180	17 9 47 29	4	1	0
1181	2 20 27 29	1	-1	0
1182	14 15 32 36	3	1	0
1183	27 4 11 6	4	3	0
1184	1 27 50 12	1	-1	0
1185	2 28 13 16	1	-1	0
1186	25 32 4 26	4	3	0
1187	27 4 5 24	3	1	0
1188	42 39 30 50	3	4	0
1189	13 50 9 12	2	-1	0
1190	2 12 13 26	1	-1	0
1191	13 15 32 11	3	4	0
1192	40 33 19 45	3	4	0
1193	2 11 12 43	1	-1	0
1194	2 31 13 5	1	-1	0
1195	1 5 8 17	1	-1	0
1196	41 15 38 13	3	1	0
1197	41 40 8 31	3	5	0
1198	46 5 23 31	4	4	0
1199	8 22 40 29	3	5	0
1200	35 20 10 27	3	2	0
1201	41 29 38 8	4	3	0
1202	1 27 10 43	1	-1	0
1203	8 36 24 32	3	4	0
1204	48 49 5 42	4	5	0
1205	2 41 36 8	1	-1	0
1206	38 10 42 7	4	2	0
1207	14 35 22 9	4	2	0
1208	39 33 40 43	3	1	0
1209	19 46 33 11	3	4	0
1210	1 25 22 21	1	-1	0
1211	2 23 25 45	1	-1	0
1212	36 39 35 10	4	4	0
1213	22 19 12 9	2	-1	0
1214	4 6 20 7	2	-1	0
1215	3 19 23 9	1	-1	0
1216	17 28 27 8	4	5	0
1217	2 13 34 5	1	-1	1
1218	1 46 17 20	1	-1	0
1219	43 48 30 21	4	3	0
1220	39 37 19 27	4	3	0
1221	19 5 33 10	3	4	0
1222	11 25 30 37	4	2	0
1223	2 40 16 39	1	-1	0
1224	2 12 50 4	1	-1	0
1225	35 13 49 44	3	4	0
1226	2 43 48 39	1	-1	0
1227	30 21 4 27	2	-1	0
1228	16 26 22 19	4	3	0
1229	20 33 17 4	3	5	0
1230	48 33 28 41	2	-1	0
1231	3 12 5 42	1	-1	0
1232	37 18 17 5	4	3	0
1233	38 17 21 19	3	2	0
1234	1 39 8 9	1	-1	0
1235	7 16 36 37	3	3	0
1236	2 22 6 43	1	-1	0
1237	3 49 43 34	1	-1	0
1238	40 4 28 49	3	4	0
1239	44 33 27 38	2	-1	0
1240	26 34 7 46	3	2	0
1241	35 12 17 33	4	2	0
1242	29 7 9 35	2	-1	0
1243	21 46 29 6	4	5	0
1244	3 41 34 20	1	-1	0
1245	1 9 41 6	1	-1	0
1246	29 40 30 42	4	2	0
1247	34 44 22 25	3	3	0
1248	22 32 13 42	3	3	0
1249	32 48 28 15	3	3	1
1250	1 15 38 26	1	-1	0
