Class Times	8
Rooms	25
1	15
2	65
3	89
4	99
5	95
6	15
7	37
8	14
9	62
10	35
11	94
12	23
13	44
14	78
15	52
16	48
17	98
18	20
19	42
20	67
21	93
22	44
23	42
24	44
25	75
Classes	200
Teachers	100
1	65
2	87
3	16
4	55
5	23
6	65
7	49
8	56
9	90
10	11
11	16
12	79
13	6
14	55
15	86
16	72
17	29
18	10
19	93
20	75
21	23
22	56
23	68
24	77
25	53
26	29
27	47
28	8
29	52
30	83
31	19
32	42
33	90
34	99
35	33
36	22
37	41
38	51
39	87
40	96
41	73
42	44
43	99
44	98
45	77
46	24
47	95
48	7
49	76
50	93
51	47
52	51
53	39
54	45
55	73
56	66
57	3
58	58
59	97
60	12
61	22
62	61
63	33
64	34
65	94
66	49
67	17
68	59
69	80
70	81
71	63
72	63
73	48
74	36
75	41
76	7
77	58
78	74
79	27
80	85
81	62
82	37
83	79
84	32
85	66
86	84
87	57
88	9
89	32
90	89
91	85
92	72
93	95
94	27
95	81
96	82
97	54
98	45
99	100
100	53
101	19
102	94
103	38
104	1
105	61
106	3
107	36
108	43
109	75
110	42
111	48
112	34
113	17
114	82
115	68
116	50
117	37
118	2
119	2
120	74
121	10
122	4
123	64
124	35
125	96
126	71
127	43
128	59
129	89
130	21
131	91
132	35
133	28
134	60
135	91
136	25
137	12
138	83
139	67
140	44
141	5
142	1
143	92
144	92
145	39
146	76
147	71
148	78
149	40
150	38
151	14
152	57
153	80
154	98
155	9
156	13
157	64
158	31
159	6
160	100
161	84
162	60
163	67
164	40
165	21
166	86
167	78
168	15
169	70
170	88
171	54
172	97
173	24
174	18
175	30
176	8
177	26
178	18
179	15
180	31
181	5
182	30
183	20
184	11
185	50
186	46
187	46
188	62
189	52
190	13
191	70
192	88
193	28
194	4
195	25
196	69
197	20
198	69
199	26
200	14
