Class Times	8
Rooms	25
1	40
2	69
3	90
4	49
5	37
6	90
7	36
8	19
9	74
10	59
11	50
12	31
13	23
14	31
15	26
16	46
17	75
18	33
19	38
20	49
21	46
22	20
23	61
24	25
25	68
Classes	200
Teachers	100
1	67
2	50
3	91
4	71
5	26
6	19
7	93
8	90
9	34
10	2
11	20
12	53
13	90
14	1
15	67
16	12
17	82
18	69
19	88
20	27
21	21
22	29
23	1
24	7
25	77
26	34
27	79
28	35
29	20
30	37
31	85
32	50
33	98
34	30
35	13
36	36
37	96
38	88
39	49
40	100
41	86
42	57
43	9
44	73
45	14
46	57
47	29
48	22
49	33
50	95
51	19
52	70
53	8
54	45
55	68
56	22
57	68
58	11
59	33
60	78
61	25
62	71
63	89
64	76
65	42
66	23
67	16
68	66
69	97
70	47
71	94
72	16
73	100
74	98
75	81
76	8
77	3
78	61
79	31
80	72
81	87
82	85
83	44
84	2
85	79
86	78
87	60
88	60
89	52
90	65
91	46
92	83
93	24
94	49
95	73
96	38
97	93
98	35
99	39
100	21
101	65
102	32
103	80
104	53
105	13
106	12
107	84
108	44
109	31
110	55
111	51
112	40
113	3
114	7
115	46
116	97
117	48
118	14
119	26
120	91
121	74
122	75
123	4
124	9
125	11
126	45
127	15
128	81
129	5
130	83
131	18
132	52
133	6
134	24
135	80
136	25
137	66
138	87
139	5
140	48
141	47
142	17
143	62
144	18
145	69
146	43
147	30
148	84
149	32
150	43
151	99
152	10
153	75
154	59
155	38
156	62
157	59
158	76
159	70
160	10
161	36
162	41
163	55
164	42
165	82
166	6
167	64
168	54
169	74
170	77
171	39
172	15
173	37
174	23
175	63
176	27
177	92
178	17
179	89
180	99
181	28
182	56
183	95
184	63
185	40
186	54
187	92
188	4
189	64
190	58
191	56
192	51
193	61
194	72
195	96
196	86
197	58
198	28
199	41
200	94
