Class Times	8
Rooms	25
1	45
2	24
3	61
4	94
5	76
6	74
7	23
8	28
9	49
10	76
11	38
12	55
13	14
14	10
15	35
16	83
17	81
18	53
19	19
20	77
21	75
22	30
23	60
24	53
25	52
Classes	200
Teachers	100
1	89
2	9
3	100
4	29
5	45
6	98
7	46
8	38
9	36
10	58
11	45
12	53
13	79
14	49
15	76
16	33
17	69
18	34
19	25
20	64
21	10
22	36
23	5
24	94
25	42
26	20
27	40
28	15
29	2
30	50
31	93
32	34
33	4
34	97
35	56
36	8
37	41
38	7
39	82
40	6
41	61
42	8
43	37
44	51
45	5
46	77
47	27
48	39
49	79
50	52
51	17
52	100
53	51
54	39
55	77
56	97
57	1
58	85
59	6
60	29
61	67
62	32
63	64
64	38
65	53
66	69
67	75
68	40
69	13
70	15
71	19
72	43
73	22
74	14
75	31
76	80
77	14
78	50
79	18
80	23
81	24
82	37
83	55
84	26
85	83
86	60
87	17
88	22
89	74
90	67
91	80
92	3
93	58
94	18
95	91
96	82
97	27
98	70
99	74
100	42
101	93
102	92
103	78
104	48
105	21
106	20
107	10
108	60
109	57
110	84
111	41
112	26
113	3
114	91
115	95
116	13
117	21
118	81
119	85
120	72
121	66
122	84
123	47
124	70
125	32
126	7
127	44
128	54
129	76
130	68
131	31
132	46
133	75
134	2
135	99
136	47
137	87
138	35
139	88
140	87
141	4
142	95
143	72
144	33
145	55
146	23
147	73
148	9
149	44
150	25
151	73
152	54
153	1
154	11
155	86
156	71
157	11
158	83
159	57
160	99
161	61
162	48
163	96
164	24
165	96
166	98
167	86
168	63
169	65
170	68
171	94
172	12
173	90
174	19
175	63
176	49
177	78
178	28
179	89
180	92
181	65
182	43
183	62
184	62
185	71
186	35
187	30
188	88
189	90
190	81
191	30
192	16
193	56
194	66
195	59
196	59
197	52
198	28
199	16
200	12
