Students	2000
1	124 86 127 83
2	145 94 61 13
3	200 43 5 92
4	86 100 187 9
5	168 74 138 43
6	8 1 191 195
7	114 108 28 162
8	85 121 125 175
9	98 137 119 142
10	29 113 53 46
11	8 39 89 61
12	197 111 60 179
13	110 38 4 162
14	48 111 128 137
15	142 45 171 147
16	95 180 163 191
17	194 16 169 23
18	126 151 73 77
19	155 61 29 168
20	130 177 152 117
21	48 58 74 148
22	96 107 119 5
23	183 152 1 15
24	72 17 128 142
25	162 20 197 165
26	38 50 131 70
27	45 51 150 169
28	31 120 75 41
29	129 61 133 5
30	199 22 82 188
31	164 75 6 7
32	9 160 186 96
33	15 183 76 166
34	108 49 41 163
35	16 187 127 191
36	185 82 30 172
37	117 65 49 10
38	103 167 169 5
39	193 195 44 59
40	5 184 152 132
41	185 85 191 150
42	115 116 190 87
43	129 148 20 59
44	71 54 159 185
45	147 16 171 48
46	175 49 103 124
47	139 160 69 51
48	159 5 78 16
49	102 198 36 9
50	93 146 120 195
51	196 90 121 34
52	19 21 102 81
53	61 106 68 12
54	82 120 150 145
55	63 92 169 172
56	44 131 126 181
57	121 37 177 9
58	135 126 116 95
59	143 108 89 153
60	147 98 195 55
61	72 157 149 91
62	136 73 78 104
63	137 57 173 105
64	49 128 139 57
65	123 16 129 185
66	115 19 103 197
67	25 116 15 179
68	143 179 114 66
69	113 90 173 105
70	34 172 27 49
71	12 20 22 126
72	152 144 49 23
73	38 154 4 1
74	125 63 153 53
75	59 79 89 62
76	38 176 52 164
77	167 154 105 153
78	101 120 135 140
79	112 126 20 67
80	85 127 58 51
81	72 77 168 50
82	147 118 180 197
83	184 10 122 111
84	99 83 75 137
85	156 198 159 189
86	94 14 130 146
87	77 134 58 34
88	170 53 10 92
89	92 88 97 46
90	18 158 50 26
91	11 164 93 190
92	21 103 131 134
93	60 74 103 145
94	137 89 183 42
95	47 102 110 185
96	99 80 53 63
97	99 26 142 192
98	166 197 3 29
99	66 146 30 6
100	131 141 192 165
101	155 70 96 80
102	93 164 125 196
103	94 35 116 74
104	184 108 87 174
105	52 197 85 43
106	37 168 92 73
107	35 11 105 23
108	94 169 30 167
109	59 67 193 70
110	63 66 126 99
111	174 126 45 150
112	63 99 68 175
113	86 2 146 97
114	29 129 19 94
115	80 65 78 33
116	146 139 115 134
117	194 133 125 154
118	142 83 166 50
119	33 199 196 193
120	90 84 25 151
121	126 168 122 24
122	49 6 44 148
123	85 5 153 18
124	93 92 182 38
125	139 82 192 35
126	19 39 94 185
127	171 10 9 84
128	88 151 36 188
129	4 11 63 175
130	188 68 129 8
131	142 178 166 73
132	35 165 143 199
133	162 24 117 164
134	70 178 150 100
135	106 37 89 150
136	194 27 187 68
137	13 3 123 168
138	3 59 170 25
139	59 31 171 17
140	55 46 160 194
141	188 117 37 79
142	133 67 79 55
143	110 112 77 49
144	167 184 154 96
145	124 85 6 105
146	193 119 85 60
147	51 101 134 66
148	14 151 97 10
149	185 39 94 56
150	90 161 130 179
151	42 141 195 157
152	13 8 19 73
153	186 129 80 21
154	64 83 177 69
155	171 172 8 99
156	61 2 48 136
157	13 151 179 139
158	82 53 7 29
159	178 146 145 6
160	40 133 124 165
161	175 31 178 173
162	106 8 178 51
163	28 139 83 166
164	59 22 178 103
165	85 167 122 48
166	101 114 30 58
167	74 163 86 48
168	19 118 186 79
169	152 40 119 198
170	124 36 61 88
171	10 166 192 141
172	165 117 171 146
173	2 10 93 162
174	62 127 67 174
175	43 100 96 117
176	104 41 131 179
177	19 147 168 54
178	83 85 181 185
179	55 164 143 154
180	15 50 68 159
181	194 64 71 75
182	62 10 69 200
183	47 134 152 133
184	37 66 118 132
185	191 123 56 13
186	125 39 106 7
187	130 150 200 113
188	9 126 136 79
189	156 44 190 9
190	95 112 34 163
191	152 122 132 177
192	172 179 83 96
193	63 146 124 103
194	181 193 200 138
195	115 116 54 11
196	29 176 147 194
197	197 22 136 55
198	177 76 142 112
199	144 169 170 52
200	138 123 86 42
201	32 128 113 66
202	81 47 170 78
203	139 197 192 37
204	132 151 131 153
205	181 89 163 193
206	36 195 106 115
207	20 121 18 79
208	70 122 76 98
209	177 1 154 74
210	142 193 33 100
211	126 26 33 16
212	108 114 6 163
213	45 60 170 46
214	141 52 121 8
215	184 196 24 27
216	118 21 160 93
217	129 71 91 184
218	29 171 74 3
219	108 117 139 192
220	112 100 97 76
221	49 84 167 42
222	92 69 172 137
223	149 2 12 73
224	24 200 174 96
225	124 8 115 126
226	113 39 138 174
227	142 30 170 91
228	5 13 184 100
229	63 143 100 167
230	166 9 124 61
231	91 159 139 90
232	64 173 61 33
233	141 185 15 145
234	24 137 52 125
235	188 77 149 129
236	51 23 52 176
237	147 148 15 106
238	137 87 113 161
239	45 44 146 62
240	164 139 98 16
241	50 136 192 98
242	161 97 112 26
243	68 34 18 187
244	154 1 40 147
245	117 180 45 53
246	131 153 126 56
247	156 186 136 176
248	153 179 41 45
249	45 157 160 22
250	44 20 57 26
251	60 3 40 154
252	185 50 90 177
253	163 70 123 119
254	50 16 12 145
255	184 73 32 152
256	120 177 41 164
257	168 181 68 165
258	128 72 113 52
259	84 49 200 98
260	143 112 196 125
261	147 182 69 114
262	49 158 107 53
263	107 71 54 144
264	145 133 74 12
265	67 32 92 115
266	157 5 144 36
267	83 78 45 31
268	97 51 115 46
269	146 118 102 107
270	159 119 176 2
271	200 109 66 7
272	109 125 52 178
273	187 75 144 98
274	158 96 70 163
275	77 127 80 68
276	156 116 193 168
277	197 24 80 136
278	9 142 171 10
279	64 171 97 161
280	54 192 61 128
281	51 43 105 5
282	139 117 102 42
283	85 81 136 15
284	165 59 125 198
285	43 162 38 169
286	13 88 60 42
287	161 73 83 123
288	137 102 172 117
289	183 175 192 100
290	81 27 78 74
291	10 138 7 71
292	31 2 152 57
293	164 52 124 195
294	99 131 8 25
295	179 29 124 5
296	57 143 147 176
297	178 176 185 134
298	141 96 17 130
299	198 106 67 152
300	173 151 195 156
301	199 62 37 175
302	107 131 22 20
303	107 111 178 86
304	57 192 124 91
305	4 83 197 146
306	152 145 179 36
307	156 40 152 135
308	11 65 20 92
309	64 177 51 124
310	122 177 150 40
311	121 88 67 153
312	14 6 189 56
313	58 147 93 62
314	135 22 140 165
315	139 119 20 173
316	173 138 88 59
317	24 152 51 83
318	11 155 40 198
319	161 107 110 98
320	194 133 110 46
321	26 51 187 109
322	199 167 35 104
323	57 77 5 139
324	49 150 55 65
325	58 158 28 123
326	25 128 153 137
327	82 68 157 119
328	4 98 62 25
329	196 179 94 105
330	191 18 19 131
331	158 89 103 7
332	125 11 193 134
333	15 150 121 181
334	131 183 91 99
335	165 143 40 46
336	7 197 184 68
337	71 78 4 90
338	108 38 52 10
339	102 148 47 97
340	164 141 23 171
341	129 90 49 158
342	18 91 194 168
343	78 56 67 8
344	178 36 6 83
345	135 43 162 84
346	32 71 57 89
347	181 29 140 73
348	185 69 145 4
349	11 142 100 134
350	68 195 45 19
351	133 177 198 76
352	81 5 73 67
353	196 27 110 192
354	111 87 169 100
355	57 5 11 103
356	130 110 35 152
357	90 188 183 127
358	65 66 138 15
359	159 174 100 116
360	56 63 197 104
361	40 149 35 89
362	11 68 39 173
363	44 97 145 194
364	178 172 179 115
365	47 132 122 164
366	35 101 7 60
367	75 77 31 103
368	107 87 1 11
369	104 103 83 159
370	66 124 23 97
371	75 40 55 91
372	34 196 136 32
373	84 146 40 48
374	73 179 157 170
375	62 164 77 169
376	26 60 71 197
377	49 70 195 38
378	126 43 4 97
379	28 108 39 184
380	69 199 8 108
381	124 83 169 156
382	139 76 83 87
383	81 93 154 139
384	136 137 154 130
385	59 72 64 171
386	180 121 54 70
387	143 130 119 161
388	124 48 34 29
389	154 89 145 85
390	87 46 8 104
391	181 30 186 20
392	108 18 179 102
393	73 99 60 163
394	2 9 123 93
395	58 136 158 44
396	37 60 138 81
397	192 69 28 151
398	37 118 71 177
399	69 32 74 37
400	166 191 119 47
401	183 130 138 82
402	145 122 164 39
403	178 37 64 29
404	163 11 165 105
405	37 56 171 41
406	140 198 152 103
407	100 22 10 176
408	102 110 48 18
409	82 98 112 35
410	129 137 117 142
411	118 135 15 20
412	187 106 101 144
413	38 67 65 81
414	57 27 8 40
415	174 49 95 122
416	176 103 193 30
417	59 156 28 173
418	135 45 119 50
419	87 82 109 11
420	55 141 16 76
421	157 111 147 136
422	10 145 6 156
423	53 73 164 89
424	55 96 41 117
425	177 144 104 109
426	181 125 114 148
427	114 75 174 160
428	173 32 152 33
429	118 163 58 47
430	142 1 97 129
431	130 89 146 70
432	20 117 167 77
433	15 77 168 44
434	5 159 184 69
435	112 78 49 177
436	69 70 88 89
437	116 15 53 164
438	26 97 200 109
439	159 164 42 54
440	63 166 18 118
441	174 129 98 18
442	67 27 123 144
443	142 102 91 63
444	125 118 138 27
445	62 78 143 188
446	123 65 83 115
447	96 173 38 163
448	25 166 159 134
449	38 165 36 48
450	182 156 59 126
451	69 46 76 72
452	2 165 146 169
453	143 184 103 95
454	152 169 21 107
455	33 4 70 164
456	154 147 139 130
457	151 112 128 118
458	159 177 189 86
459	118 96 199 172
460	146 47 150 1
461	87 75 198 146
462	192 117 58 155
463	118 25 136 87
464	183 117 27 171
465	188 7 155 74
466	15 6 81 12
467	153 4 165 9
468	152 101 6 75
469	37 182 76 85
470	125 86 109 76
471	153 84 150 115
472	6 165 160 162
473	38 154 48 50
474	177 183 188 70
475	116 53 150 166
476	18 157 87 137
477	99 73 152 10
478	7 181 104 41
479	95 172 199 5
480	61 42 83 164
481	67 175 187 100
482	19 184 153 37
483	91 66 28 107
484	114 186 79 180
485	136 70 139 114
486	175 166 20 97
487	92 155 134 116
488	49 41 61 94
489	91 162 23 159
490	49 170 147 82
491	149 30 86 154
492	189 187 176 137
493	103 115 22 119
494	86 172 177 105
495	26 70 160 120
496	5 2 140 31
497	30 188 29 66
498	26 165 151 177
499	14 199 108 65
500	130 18 39 129
501	48 63 22 26
502	130 71 141 148
503	139 171 38 169
504	167 108 45 129
505	68 90 94 168
506	85 157 100 38
507	68 200 118 103
508	164 93 42 170
509	57 74 43 91
510	102 34 120 139
511	36 11 193 199
512	135 194 187 45
513	22 15 61 197
514	194 38 164 108
515	188 24 90 109
516	3 26 84 35
517	69 39 117 123
518	56 169 101 178
519	67 47 89 30
520	55 112 175 14
521	33 91 113 20
522	67 92 78 110
523	8 114 70 35
524	124 84 191 36
525	109 126 6 19
526	134 89 43 151
527	9 57 168 141
528	58 66 196 157
529	120 177 26 122
530	156 100 32 29
531	108 135 85 62
532	49 47 84 150
533	50 120 142 81
534	35 131 114 17
535	104 166 162 173
536	160 185 25 141
537	2 88 156 99
538	9 135 132 171
539	149 28 75 116
540	9 86 22 107
541	120 115 146 95
542	197 146 51 71
543	172 101 185 31
544	20 85 30 170
545	59 57 6 19
546	140 159 161 89
547	162 9 182 158
548	157 6 118 90
549	113 84 66 10
550	47 79 158 66
551	108 59 124 178
552	78 179 164 156
553	108 35 136 147
554	54 134 105 146
555	17 135 175 41
556	22 56 152 171
557	129 191 28 78
558	1 174 69 118
559	134 55 170 94
560	80 69 184 105
561	81 51 28 45
562	44 133 64 181
563	64 45 129 52
564	184 142 104 113
565	97 127 7 49
566	112 26 103 46
567	193 182 78 127
568	122 77 75 68
569	189 64 83 53
570	48 31 191 61
571	139 11 58 57
572	11 159 77 136
573	195 110 51 72
574	40 156 90 153
575	167 5 181 113
576	144 135 5 146
577	128 71 108 166
578	180 25 75 49
579	61 171 37 18
580	57 63 53 198
581	9 165 151 103
582	42 32 4 131
583	43 32 55 48
584	188 91 163 8
585	183 177 28 13
586	128 25 158 22
587	124 70 89 174
588	77 119 30 161
589	68 78 72 4
590	98 155 121 20
591	56 119 136 22
592	8 169 171 84
593	168 159 158 35
594	136 38 74 129
595	96 197 142 128
596	70 27 60 105
597	154 62 106 151
598	80 106 54 84
599	46 105 38 200
600	64 36 97 86
601	85 80 114 130
602	151 19 83 122
603	164 166 132 200
604	120 108 43 68
605	106 37 13 152
606	36 84 73 98
607	191 44 16 72
608	96 2 12 106
609	164 23 96 193
610	73 50 112 55
611	147 158 83 71
612	128 175 35 131
613	133 57 189 193
614	83 69 67 87
615	55 7 86 141
616	9 36 45 102
617	17 73 86 87
618	83 120 72 19
619	151 193 139 79
620	154 107 181 184
621	138 1 112 31
622	159 192 145 26
623	41 187 90 27
624	155 32 179 123
625	75 21 23 8
626	17 194 16 71
627	99 176 122 158
628	26 36 45 154
629	92 122 132 129
630	149 161 18 53
631	2 173 146 175
632	15 152 159 109
633	104 72 89 86
634	64 69 140 175
635	70 123 68 157
636	96 51 168 102
637	183 191 128 126
638	184 169 63 121
639	167 185 9 87
640	6 71 76 130
641	137 126 35 150
642	57 81 42 11
643	129 154 60 84
644	65 21 18 173
645	129 130 56 138
646	20 55 85 119
647	195 90 172 8
648	69 41 144 186
649	13 161 69 92
650	69 142 70 199
651	182 112 154 87
652	136 83 71 123
653	105 85 97 83
654	79 87 48 60
655	174 65 198 120
656	64 3 149 181
657	23 161 65 200
658	44 171 40 10
659	34 52 28 70
660	195 74 180 171
661	77 70 199 7
662	86 68 78 98
663	138 68 148 106
664	53 7 26 183
665	106 155 74 184
666	198 14 64 150
667	170 85 151 180
668	52 9 23 143
669	144 23 181 83
670	150 43 83 12
671	62 120 85 88
672	26 44 173 120
673	132 95 149 141
674	48 77 69 96
675	32 123 121 9
676	193 124 109 94
677	123 136 186 3
678	66 147 136 160
679	104 125 17 163
680	199 115 95 139
681	125 64 156 195
682	129 9 178 98
683	150 187 136 88
684	151 176 182 25
685	123 167 180 87
686	180 147 169 153
687	86 4 77 190
688	5 69 109 114
689	117 72 100 114
690	127 37 167 28
691	171 68 170 6
692	127 85 199 9
693	32 183 196 91
694	177 68 35 187
695	41 136 142 160
696	87 149 178 125
697	51 84 97 33
698	87 2 133 102
699	162 62 196 101
700	89 19 163 40
701	184 151 170 104
702	168 74 165 144
703	193 68 81 38
704	40 192 82 4
705	9 176 144 84
706	99 78 50 17
707	144 56 85 40
708	64 163 6 191
709	71 132 73 183
710	33 200 159 34
711	122 105 187 12
712	97 178 16 101
713	8 148 186 108
714	52 160 97 151
715	34 181 14 98
716	71 137 147 26
717	141 142 184 54
718	169 158 19 17
719	25 60 156 174
720	152 50 148 55
721	112 97 189 124
722	154 66 61 77
723	43 167 50 178
724	99 109 59 193
725	177 54 50 122
726	168 49 70 189
727	146 57 156 99
728	187 128 33 131
729	57 200 15 147
730	98 142 14 130
731	145 192 23 108
732	28 24 83 88
733	12 183 82 8
734	33 42 198 120
735	44 13 175 18
736	63 195 178 78
737	96 134 28 136
738	149 49 110 14
739	68 103 38 90
740	23 83 143 150
741	19 130 158 144
742	133 161 141 52
743	124 90 197 37
744	120 3 40 38
745	83 77 91 4
746	139 150 117 122
747	197 5 91 142
748	167 43 174 88
749	119 24 118 91
750	96 120 176 134
751	13 45 139 43
752	95 14 116 182
753	175 18 144 172
754	57 84 38 143
755	170 137 107 6
756	173 155 169 46
757	7 3 58 68
758	122 158 98 131
759	186 165 8 133
760	76 68 176 137
761	2 149 34 192
762	112 198 84 190
763	148 170 42 28
764	21 92 10 16
765	93 53 115 181
766	26 194 18 98
767	118 57 174 73
768	22 91 119 100
769	1 63 82 113
770	176 139 112 147
771	80 34 154 123
772	175 160 185 50
773	89 49 56 105
774	184 58 114 82
775	26 69 89 122
776	135 168 151 8
777	46 103 107 102
778	108 13 122 58
779	164 148 111 114
780	94 82 128 184
781	119 183 125 195
782	62 192 84 118
783	197 82 113 55
784	93 47 25 169
785	165 41 16 73
786	159 129 55 64
787	87 139 59 167
788	140 200 46 149
789	51 149 83 8
790	47 33 139 174
791	175 43 119 169
792	20 35 75 193
793	120 85 44 11
794	75 156 102 175
795	81 2 115 142
796	12 18 45 100
797	199 72 85 29
798	37 55 139 77
799	88 190 57 160
800	53 189 170 116
801	59 63 103 180
802	171 174 23 104
803	9 132 176 189
804	144 151 81 21
805	63 196 21 140
806	164 37 83 19
807	43 23 44 46
808	160 61 99 68
809	133 110 102 45
810	60 155 86 80
811	57 168 136 194
812	108 140 10 109
813	133 125 4 176
814	47 119 181 42
815	97 129 111 168
816	147 52 35 118
817	166 187 115 29
818	152 74 121 9
819	148 88 100 51
820	141 180 107 153
821	108 84 164 31
822	159 16 197 31
823	200 172 104 117
824	173 72 53 59
825	177 133 150 31
826	88 14 12 159
827	116 161 69 150
828	87 165 86 78
829	159 169 76 107
830	32 84 28 142
831	92 20 67 51
832	192 175 112 133
833	185 107 29 120
834	11 138 103 188
835	89 180 29 151
836	80 147 159 83
837	193 19 5 72
838	123 20 63 59
839	118 109 166 140
840	2 64 124 59
841	111 114 179 157
842	150 23 43 72
843	192 32 129 64
844	106 50 73 26
845	15 56 23 53
846	105 200 158 81
847	168 48 49 167
848	155 29 67 132
849	96 11 7 63
850	138 35 28 188
851	37 159 14 61
852	138 50 83 153
853	102 138 154 111
854	79 54 104 13
855	190 131 149 145
856	106 167 27 61
857	129 117 186 91
858	110 11 145 111
859	175 65 5 73
860	146 29 1 27
861	145 34 35 120
862	161 21 157 187
863	150 133 164 101
864	108 41 186 46
865	150 139 195 166
866	119 127 194 177
867	129 14 66 133
868	159 84 83 139
869	100 85 195 176
870	102 125 105 52
871	187 137 143 110
872	43 184 2 96
873	192 68 85 33
874	76 177 158 67
875	17 99 9 189
876	153 143 161 5
877	118 183 115 148
878	181 135 109 194
879	118 86 75 57
880	1 25 182 59
881	192 115 13 131
882	145 17 144 175
883	89 141 56 139
884	87 15 50 155
885	72 173 124 46
886	34 52 175 31
887	21 20 24 124
888	60 43 21 98
889	61 102 130 182
890	37 27 2 155
891	165 181 180 97
892	58 185 45 21
893	12 164 106 158
894	25 73 140 136
895	155 141 104 169
896	34 132 88 123
897	140 26 131 193
898	82 98 108 140
899	74 52 136 12
900	60 58 17 43
901	41 56 113 49
902	53 125 82 86
903	139 20 183 96
904	83 51 148 78
905	133 65 150 184
906	198 35 21 151
907	194 137 65 115
908	68 155 197 60
909	124 172 179 130
910	102 70 46 144
911	80 33 21 119
912	78 82 44 183
913	10 162 131 121
914	40 96 105 175
915	188 18 185 122
916	124 148 162 122
917	117 98 56 92
918	23 89 189 66
919	147 137 138 18
920	44 179 5 23
921	187 55 135 174
922	46 139 28 25
923	51 97 66 142
924	51 110 196 122
925	41 136 106 58
926	131 50 138 103
927	79 114 78 151
928	115 114 3 85
929	76 124 187 63
930	102 18 84 147
931	117 180 75 129
932	53 134 75 73
933	191 102 90 199
934	138 32 146 84
935	140 24 32 183
936	133 13 42 162
937	9 84 65 67
938	100 5 17 151
939	60 43 195 110
940	101 184 2 40
941	194 167 142 91
942	147 11 168 129
943	114 99 84 156
944	184 151 37 121
945	102 19 178 68
946	49 115 177 195
947	129 28 151 77
948	132 34 84 166
949	37 36 41 171
950	154 160 101 24
951	128 133 10 77
952	85 167 196 145
953	96 84 105 49
954	173 111 119 166
955	147 42 48 128
956	16 126 42 61
957	111 139 63 89
958	11 114 69 82
959	79 61 8 113
960	159 10 111 45
961	63 30 39 21
962	129 75 34 11
963	111 146 41 16
964	13 70 113 154
965	76 198 16 20
966	128 114 78 131
967	112 7 165 4
968	113 45 120 170
969	180 20 169 120
970	152 128 11 183
971	68 86 12 49
972	147 37 57 153
973	97 94 46 12
974	69 6 172 193
975	136 165 27 31
976	91 131 115 107
977	30 129 139 81
978	43 20 33 36
979	169 118 92 67
980	113 36 134 30
981	40 55 76 77
982	120 29 81 58
983	11 173 19 31
984	158 198 140 7
985	151 96 133 102
986	133 18 113 51
987	54 46 172 147
988	127 173 152 183
989	100 191 14 177
990	115 197 144 76
991	31 45 9 134
992	112 8 49 37
993	135 153 126 198
994	138 109 160 124
995	71 46 11 38
996	21 14 182 82
997	89 22 27 146
998	124 81 9 28
999	70 152 78 146
1000	183 185 28 117
1001	30 121 164 58
1002	51 176 165 113
1003	114 31 162 5
1004	158 137 60 37
1005	48 159 97 116
1006	189 63 153 82
1007	114 43 125 35
1008	39 120 40 55
1009	144 4 11 75
1010	96 70 78 139
1011	71 59 84 81
1012	173 97 1 22
1013	91 153 7 73
1014	113 140 138 146
1015	54 170 123 71
1016	84 121 29 199
1017	149 25 90 152
1018	176 56 68 110
1019	189 99 157 27
1020	38 107 15 80
1021	183 22 37 38
1022	196 148 95 105
1023	48 9 111 120
1024	118 139 176 106
1025	172 164 169 191
1026	122 152 53 6
1027	49 30 89 84
1028	156 115 30 180
1029	166 147 89 189
1030	27 134 137 63
1031	137 77 34 195
1032	86 141 115 122
1033	170 136 138 155
1034	48 51 32 187
1035	60 3 11 41
1036	175 7 29 55
1037	114 41 120 192
1038	18 155 60 31
1039	149 134 160 188
1040	49 7 190 95
1041	80 140 17 103
1042	124 78 57 159
1043	37 177 102 36
1044	10 83 89 134
1045	92 11 83 2
1046	14 103 192 158
1047	169 174 80 81
1048	139 169 161 151
1049	80 182 77 120
1050	16 128 161 26
1051	173 153 56 136
1052	7 200 188 97
1053	178 137 161 166
1054	31 190 17 73
1055	165 15 141 40
1056	1 163 130 34
1057	198 107 169 78
1058	119 48 28 120
1059	70 197 52 130
1060	66 79 105 16
1061	55 168 19 50
1062	154 50 159 133
1063	57 33 5 11
1064	156 37 89 62
1065	140 43 48 36
1066	83 48 17 151
1067	145 78 44 73
1068	65 138 157 17
1069	191 5 84 94
1070	6 189 134 62
1071	86 136 28 36
1072	27 186 96 38
1073	14 18 155 127
1074	187 103 168 196
1075	75 45 27 181
1076	24 91 189 128
1077	40 3 188 11
1078	45 118 10 198
1079	118 168 109 21
1080	15 116 146 56
1081	30 28 31 42
1082	136 27 170 80
1083	84 172 24 166
1084	9 3 71 128
1085	160 55 109 18
1086	156 160 101 188
1087	114 32 131 42
1088	47 117 165 123
1089	136 138 76 139
1090	122 15 47 165
1091	42 175 68 195
1092	46 142 183 112
1093	80 102 21 34
1094	2 105 77 59
1095	96 136 178 36
1096	200 83 137 80
1097	142 38 12 86
1098	133 68 47 34
1099	56 169 108 100
1100	120 168 189 82
1101	6 157 68 65
1102	31 171 29 138
1103	62 100 65 170
1104	114 101 141 160
1105	108 21 41 147
1106	8 186 54 74
1107	115 155 61 66
1108	72 160 140 66
1109	46 10 166 21
1110	109 52 22 147
1111	179 143 136 117
1112	77 96 120 82
1113	114 136 109 59
1114	82 198 106 9
1115	39 34 180 33
1116	97 12 115 120
1117	133 160 142 168
1118	193 57 15 96
1119	105 23 42 98
1120	171 97 25 71
1121	189 25 165 184
1122	105 130 137 75
1123	20 3 62 95
1124	160 88 105 93
1125	189 71 138 121
1126	127 40 38 76
1127	172 38 194 181
1128	169 19 51 103
1129	114 128 118 58
1130	150 25 22 153
1131	56 75 172 26
1132	6 56 30 69
1133	195 65 161 61
1134	82 24 138 40
1135	99 170 184 142
1136	92 60 64 68
1137	191 184 5 18
1138	200 93 42 136
1139	178 182 195 2
1140	85 179 191 185
1141	85 141 78 98
1142	119 11 185 95
1143	159 91 96 185
1144	127 15 114 158
1145	88 91 48 11
1146	114 110 57 55
1147	179 4 117 42
1148	85 171 72 110
1149	160 17 169 63
1150	184 89 40 182
1151	91 119 180 22
1152	193 8 136 181
1153	46 62 122 100
1154	84 155 102 50
1155	126 183 127 54
1156	164 131 168 114
1157	121 112 129 36
1158	42 128 194 57
1159	47 32 7 15
1160	75 136 141 92
1161	161 152 117 142
1162	62 187 81 179
1163	52 48 194 1
1164	27 161 191 19
1165	146 20 111 37
1166	163 158 71 93
1167	32 1 75 4
1168	135 193 45 32
1169	61 102 159 79
1170	170 89 99 197
1171	164 191 37 141
1172	61 125 173 29
1173	77 72 94 184
1174	180 128 45 152
1175	161 44 24 4
1176	160 75 81 80
1177	123 193 93 141
1178	32 40 155 38
1179	127 141 51 158
1180	194 77 97 141
1181	62 39 38 99
1182	180 6 142 90
1183	79 60 116 88
1184	178 145 121 40
1185	170 18 43 10
1186	169 108 161 54
1187	39 159 87 119
1188	134 163 167 70
1189	148 2 114 52
1190	45 88 41 46
1191	89 68 19 17
1192	84 81 192 114
1193	177 86 93 161
1194	190 83 198 90
1195	30 120 182 53
1196	99 184 165 86
1197	195 124 112 60
1198	87 112 107 111
1199	116 21 155 112
1200	29 7 177 103
1201	181 153 17 31
1202	2 139 70 60
1203	10 68 162 138
1204	38 155 56 68
1205	125 59 82 108
1206	195 172 53 44
1207	143 113 103 23
1208	64 116 181 200
1209	184 93 177 40
1210	140 122 12 34
1211	113 102 165 81
1212	25 11 51 66
1213	195 102 11 3
1214	72 197 10 141
1215	2 64 159 160
1216	3 80 22 161
1217	135 165 104 102
1218	35 38 31 111
1219	157 89 170 13
1220	114 143 48 97
1221	14 7 30 159
1222	58 84 85 144
1223	13 80 161 76
1224	2 139 149 87
1225	187 60 111 123
1226	65 16 185 194
1227	97 33 191 165
1228	76 146 51 168
1229	133 61 17 53
1230	10 122 91 182
1231	193 66 108 152
1232	194 77 89 34
1233	104 87 113 97
1234	177 75 115 77
1235	58 143 7 134
1236	188 134 15 195
1237	65 196 192 24
1238	189 160 21 51
1239	68 197 177 191
1240	174 47 46 132
1241	62 49 63 5
1242	76 32 176 118
1243	156 175 197 126
1244	161 44 130 172
1245	165 115 60 8
1246	10 88 11 104
1247	198 45 41 31
1248	200 10 166 193
1249	80 145 58 77
1250	144 170 117 165
1251	42 65 168 125
1252	77 88 46 41
1253	188 32 66 106
1254	24 196 66 22
1255	161 128 111 200
1256	31 44 156 23
1257	20 152 6 101
1258	118 108 167 170
1259	88 127 77 44
1260	58 121 161 39
1261	86 74 162 102
1262	126 154 99 67
1263	16 120 109 104
1264	16 195 46 179
1265	153 62 166 86
1266	187 81 156 166
1267	149 111 50 72
1268	104 18 186 192
1269	58 43 47 55
1270	123 77 103 66
1271	14 147 18 61
1272	64 12 107 130
1273	35 42 68 38
1274	55 163 124 117
1275	181 36 156 72
1276	185 33 177 46
1277	130 142 18 15
1278	76 97 101 46
1279	6 104 40 60
1280	140 81 7 33
1281	26 55 161 104
1282	102 115 110 88
1283	159 45 136 110
1284	88 43 41 142
1285	173 184 81 83
1286	64 200 130 196
1287	156 176 41 180
1288	170 183 35 192
1289	9 111 75 154
1290	83 48 186 165
1291	19 61 120 186
1292	125 169 194 128
1293	77 107 40 138
1294	95 105 26 151
1295	171 117 174 8
1296	60 48 167 37
1297	113 99 4 103
1298	62 151 51 122
1299	189 58 47 59
1300	200 59 164 173
1301	10 179 139 106
1302	148 119 102 10
1303	27 107 114 124
1304	139 192 115 4
1305	36 197 127 161
1306	84 101 123 16
1307	30 125 50 4
1308	147 92 11 135
1309	115 32 192 3
1310	6 141 191 129
1311	51 66 123 162
1312	119 113 56 13
1313	41 162 180 81
1314	95 74 48 7
1315	88 48 116 16
1316	45 5 81 176
1317	142 39 110 25
1318	192 99 127 194
1319	64 116 21 171
1320	83 168 133 46
1321	151 3 59 132
1322	19 47 92 105
1323	54 94 102 142
1324	3 31 193 131
1325	118 111 116 19
1326	98 142 193 67
1327	88 114 178 153
1328	197 7 45 131
1329	13 140 169 79
1330	69 99 159 139
1331	137 103 22 60
1332	117 65 147 125
1333	144 34 150 1
1334	17 73 20 104
1335	107 131 23 100
1336	37 87 11 21
1337	158 141 14 75
1338	15 199 97 54
1339	144 187 106 192
1340	100 143 67 146
1341	35 34 169 51
1342	169 126 33 57
1343	191 194 169 12
1344	47 148 7 76
1345	146 140 132 174
1346	100 199 15 37
1347	174 134 115 55
1348	87 146 71 59
1349	94 77 38 63
1350	26 187 159 45
1351	83 183 51 7
1352	13 166 194 48
1353	92 39 64 150
1354	96 111 103 163
1355	17 27 28 152
1356	110 20 166 184
1357	116 199 106 58
1358	31 163 86 105
1359	143 182 186 17
1360	68 65 15 62
1361	75 196 68 129
1362	18 186 55 70
1363	169 157 195 100
1364	147 15 80 110
1365	135 167 187 168
1366	23 190 176 13
1367	152 196 143 172
1368	108 112 76 105
1369	144 86 79 141
1370	173 82 196 163
1371	153 60 98 43
1372	49 117 75 198
1373	176 15 173 51
1374	189 131 90 74
1375	113 139 175 140
1376	66 104 105 191
1377	52 2 81 72
1378	35 16 33 52
1379	20 142 31 3
1380	84 140 183 80
1381	72 104 108 89
1382	70 113 76 87
1383	34 138 167 52
1384	15 83 122 28
1385	35 53 179 76
1386	110 198 15 151
1387	172 186 114 159
1388	25 190 183 35
1389	16 96 35 152
1390	72 21 181 164
1391	51 179 168 100
1392	163 73 134 136
1393	183 36 93 95
1394	66 68 164 189
1395	190 187 173 110
1396	42 22 88 72
1397	69 95 102 153
1398	18 15 119 192
1399	12 26 20 101
1400	2 123 3 50
1401	69 107 40 95
1402	126 158 124 168
1403	171 68 135 6
1404	87 157 81 18
1405	101 176 61 126
1406	12 92 15 10
1407	155 136 69 42
1408	143 165 150 70
1409	43 147 110 172
1410	2 25 105 182
1411	48 144 173 145
1412	22 116 85 130
1413	28 34 111 36
1414	196 7 24 142
1415	68 58 78 124
1416	164 18 140 13
1417	127 107 42 90
1418	103 4 155 156
1419	26 38 85 25
1420	188 140 125 139
1421	16 51 5 81
1422	133 196 59 118
1423	137 121 36 87
1424	62 113 68 128
1425	15 191 194 94
1426	67 21 64 40
1427	100 103 82 144
1428	126 74 88 163
1429	138 50 160 183
1430	106 162 58 126
1431	181 109 92 15
1432	73 45 44 64
1433	11 165 186 8
1434	124 94 194 192
1435	100 190 24 49
1436	44 20 167 57
1437	192 121 62 96
1438	12 86 27 41
1439	175 151 83 51
1440	60 62 157 77
1441	59 30 184 155
1442	56 173 91 70
1443	9 53 104 72
1444	33 160 50 96
1445	89 127 158 164
1446	115 108 150 2
1447	83 78 81 180
1448	85 62 23 12
1449	10 195 135 174
1450	64 90 12 127
1451	42 104 185 188
1452	116 139 156 87
1453	131 186 156 24
1454	152 186 55 51
1455	118 187 67 180
1456	53 182 19 173
1457	40 77 43 31
1458	41 147 53 19
1459	3 195 128 84
1460	18 95 194 81
1461	3 7 146 93
1462	30 138 132 105
1463	81 22 45 142
1464	93 106 176 7
1465	1 125 143 26
1466	200 13 194 150
1467	183 157 174 44
1468	169 136 121 172
1469	105 129 53 12
1470	54 141 76 105
1471	147 180 104 95
1472	130 78 83 147
1473	65 186 166 123
1474	179 109 5 126
1475	154 131 55 105
1476	110 162 8 145
1477	168 33 62 153
1478	59 134 167 65
1479	102 57 152 114
1480	116 92 125 130
1481	78 71 34 8
1482	22 162 53 117
1483	37 183 136 94
1484	46 126 116 157
1485	123 55 186 84
1486	120 198 140 139
1487	165 47 123 96
1488	39 186 114 100
1489	140 148 78 117
1490	40 117 8 94
1491	35 103 180 147
1492	107 149 69 16
1493	89 57 101 81
1494	84 71 18 74
1495	22 124 18 103
1496	188 59 143 80
1497	28 188 30 160
1498	113 49 165 86
1499	34 164 163 114
1500	68 47 73 60
1501	160 34 23 84
1502	200 22 139 170
1503	71 130 26 15
1504	9 2 61 140
1505	61 35 16 161
1506	175 108 102 98
1507	69 13 115 190
1508	23 71 27 174
1509	77 22 91 180
1510	111 94 125 159
1511	154 119 120 126
1512	138 141 76 84
1513	115 182 52 25
1514	32 72 85 163
1515	44 82 3 103
1516	94 77 136 171
1517	108 160 104 73
1518	1 193 64 63
1519	9 62 139 141
1520	114 162 97 156
1521	84 137 149 122
1522	165 12 154 40
1523	41 25 132 148
1524	82 29 113 36
1525	18 190 113 2
1526	141 15 147 144
1527	25 44 81 84
1528	16 115 47 91
1529	85 113 11 64
1530	156 172 47 88
1531	59 182 181 141
1532	138 67 134 43
1533	101 164 145 160
1534	189 125 58 39
1535	123 55 182 184
1536	112 135 124 142
1537	142 160 176 159
1538	63 134 129 113
1539	146 171 54 200
1540	124 191 82 154
1541	24 101 45 69
1542	76 63 53 164
1543	130 166 94 114
1544	80 135 172 133
1545	109 26 95 69
1546	9 50 66 155
1547	70 47 5 13
1548	117 133 182 126
1549	63 112 143 52
1550	159 71 12 121
1551	71 139 88 195
1552	31 179 145 102
1553	13 86 133 53
1554	72 90 127 167
1555	157 10 97 145
1556	90 165 118 102
1557	179 141 137 15
1558	85 134 144 17
1559	76 79 156 9
1560	190 165 35 28
1561	152 174 163 182
1562	32 102 47 69
1563	97 62 13 191
1564	121 37 18 152
1565	11 48 21 55
1566	138 156 81 143
1567	7 83 117 123
1568	9 117 148 78
1569	123 5 9 112
1570	167 182 58 196
1571	198 85 95 139
1572	187 33 178 131
1573	144 19 177 124
1574	121 71 55 94
1575	156 75 20 9
1576	70 114 102 4
1577	153 112 17 168
1578	70 29 46 3
1579	146 149 137 157
1580	193 104 149 141
1581	128 141 50 65
1582	118 150 68 198
1583	103 113 150 30
1584	67 168 30 187
1585	24 170 51 48
1586	165 153 155 148
1587	3 152 29 122
1588	133 4 88 80
1589	130 20 91 95
1590	195 38 150 175
1591	59 77 139 34
1592	162 136 100 23
1593	88 37 18 20
1594	26 51 124 49
1595	102 82 153 182
1596	76 112 70 196
1597	139 156 83 58
1598	167 4 5 115
1599	167 43 63 13
1600	38 178 52 165
1601	82 196 12 147
1602	13 58 63 12
1603	184 13 24 54
1604	96 49 68 135
1605	13 179 136 133
1606	121 106 141 82
1607	73 19 62 157
1608	121 55 38 108
1609	30 96 189 9
1610	108 156 172 32
1611	37 128 90 156
1612	23 180 92 191
1613	70 24 66 104
1614	196 171 195 38
1615	72 182 140 196
1616	89 167 88 22
1617	152 102 70 42
1618	62 47 91 165
1619	166 76 174 74
1620	131 115 195 49
1621	124 179 37 89
1622	115 96 146 188
1623	123 75 77 118
1624	168 36 77 135
1625	51 148 160 187
1626	144 7 192 177
1627	175 145 79 68
1628	59 98 34 127
1629	65 68 197 30
1630	181 163 104 54
1631	25 92 141 180
1632	97 125 117 158
1633	110 192 5 144
1634	4 185 112 162
1635	173 180 27 107
1636	64 183 108 18
1637	88 102 170 44
1638	29 68 9 165
1639	75 141 97 98
1640	91 106 52 65
1641	172 177 167 140
1642	133 92 19 29
1643	97 119 64 144
1644	100 112 146 124
1645	57 78 141 133
1646	29 172 96 74
1647	87 186 22 130
1648	74 59 172 117
1649	25 195 110 47
1650	134 119 175 57
1651	60 109 122 37
1652	173 167 198 121
1653	29 1 154 54
1654	62 63 195 82
1655	165 11 136 96
1656	123 40 31 171
1657	153 105 183 54
1658	128 101 14 1
1659	162 154 23 108
1660	159 100 72 75
1661	35 85 147 98
1662	134 23 162 150
1663	192 100 127 40
1664	85 130 3 196
1665	50 33 178 154
1666	78 22 91 192
1667	66 112 39 88
1668	108 64 87 163
1669	84 170 131 59
1670	87 141 16 178
1671	130 71 1 102
1672	3 182 72 33
1673	146 19 16 122
1674	113 125 60 15
1675	153 26 193 108
1676	148 18 127 20
1677	85 57 51 168
1678	41 67 110 154
1679	54 73 159 155
1680	183 164 137 21
1681	146 157 137 118
1682	103 44 198 129
1683	116 85 193 120
1684	73 139 140 28
1685	189 188 161 45
1686	34 130 82 134
1687	111 98 185 155
1688	118 55 83 61
1689	25 92 28 93
1690	60 152 33 186
1691	74 48 99 159
1692	60 71 165 79
1693	136 57 108 26
1694	72 164 91 83
1695	165 85 183 34
1696	168 133 5 120
1697	153 99 24 116
1698	18 134 182 75
1699	3 153 108 167
1700	40 70 167 25
1701	25 99 1 56
1702	71 128 11 159
1703	102 138 155 89
1704	28 198 167 81
1705	28 21 190 49
1706	193 125 143 66
1707	146 115 119 46
1708	57 157 75 185
1709	119 89 191 57
1710	42 86 198 37
1711	133 36 20 33
1712	35 172 24 63
1713	49 200 61 40
1714	77 130 28 141
1715	106 131 49 170
1716	35 23 27 142
1717	64 66 163 100
1718	174 140 183 143
1719	47 194 18 140
1720	72 91 133 83
1721	81 69 53 56
1722	88 199 26 185
1723	134 97 43 58
1724	161 73 4 77
1725	102 19 46 60
1726	181 47 106 174
1727	41 20 25 185
1728	174 21 55 23
1729	29 101 167 78
1730	66 67 57 49
1731	191 41 155 168
1732	93 192 128 181
1733	142 114 36 163
1734	64 104 120 130
1735	54 118 110 69
1736	85 161 116 129
1737	158 65 24 38
1738	108 61 151 41
1739	192 114 52 175
1740	42 105 40 192
1741	194 48 121 199
1742	8 85 81 55
1743	190 73 89 182
1744	74 47 54 51
1745	144 8 115 148
1746	118 12 144 87
1747	183 84 167 137
1748	17 124 99 51
1749	20 73 155 45
1750	177 29 197 161
1751	77 111 117 171
1752	156 43 29 103
1753	77 166 182 72
1754	11 162 117 29
1755	76 118 58 8
1756	132 117 100 161
1757	180 157 4 181
1758	45 100 162 171
1759	8 180 12 124
1760	176 134 197 57
1761	56 187 10 195
1762	132 13 63 70
1763	134 196 198 113
1764	163 60 195 120
1765	152 92 24 155
1766	29 86 53 145
1767	186 84 118 98
1768	57 186 66 74
1769	42 141 14 69
1770	100 120 85 151
1771	11 167 200 74
1772	125 41 38 156
1773	23 129 81 69
1774	63 20 152 113
1775	73 147 39 98
1776	190 168 112 48
1777	140 123 159 34
1778	62 20 117 84
1779	64 79 112 6
1780	174 146 59 166
1781	5 119 172 197
1782	164 74 108 123
1783	127 74 24 123
1784	83 117 54 97
1785	25 23 123 66
1786	194 61 132 11
1787	133 89 137 30
1788	66 48 71 174
1789	185 131 189 174
1790	68 90 74 195
1791	60 67 40 36
1792	105 142 9 98
1793	179 87 132 58
1794	153 199 13 24
1795	32 19 147 178
1796	147 94 44 149
1797	19 6 65 73
1798	14 154 161 149
1799	156 176 113 123
1800	16 14 45 174
1801	155 172 164 199
1802	157 61 7 53
1803	134 50 12 47
1804	141 52 151 54
1805	123 174 32 117
1806	132 112 123 31
1807	48 187 159 45
1808	86 118 39 107
1809	145 196 61 162
1810	107 182 21 80
1811	172 155 2 178
1812	59 14 67 132
1813	102 158 99 128
1814	22 193 182 113
1815	105 165 28 81
1816	142 1 69 147
1817	18 157 188 165
1818	194 140 64 8
1819	112 188 199 57
1820	64 78 86 162
1821	80 128 116 18
1822	197 116 1 87
1823	187 67 129 164
1824	10 4 138 15
1825	103 65 137 148
1826	123 116 195 83
1827	157 99 53 127
1828	82 140 103 137
1829	2 158 67 73
1830	185 53 34 193
1831	147 48 126 133
1832	84 53 64 94
1833	131 169 14 21
1834	36 15 179 18
1835	44 139 33 170
1836	7 116 173 117
1837	90 68 150 194
1838	102 173 180 189
1839	61 100 48 47
1840	177 158 133 49
1841	55 200 192 196
1842	16 43 62 165
1843	9 148 104 90
1844	123 73 41 24
1845	139 127 91 43
1846	139 44 129 115
1847	84 65 146 126
1848	53 163 195 193
1849	129 98 104 3
1850	175 122 130 53
1851	59 176 22 55
1852	76 20 110 121
1853	18 186 41 174
1854	152 101 147 50
1855	11 68 56 129
1856	168 7 39 86
1857	162 168 165 164
1858	76 36 38 189
1859	148 158 98 125
1860	114 61 143 166
1861	197 69 43 67
1862	41 101 94 184
1863	190 56 68 51
1864	125 178 127 80
1865	41 148 115 11
1866	190 18 49 30
1867	150 131 100 48
1868	75 189 159 157
1869	200 150 185 162
1870	14 51 195 105
1871	79 120 200 47
1872	132 92 199 93
1873	34 102 101 160
1874	89 55 52 2
1875	127 94 19 136
1876	47 57 63 174
1877	74 183 128 190
1878	32 129 38 190
1879	155 116 174 86
1880	176 64 40 130
1881	158 28 180 131
1882	75 39 79 99
1883	197 11 186 116
1884	180 188 85 195
1885	184 114 116 145
1886	81 127 25 64
1887	80 200 22 5
1888	194 117 33 126
1889	86 159 23 142
1890	38 8 139 103
1891	68 40 57 163
1892	156 135 13 34
1893	157 162 161 8
1894	200 69 121 123
1895	140 60 197 24
1896	61 180 181 158
1897	154 55 136 175
1898	10 160 176 169
1899	59 56 69 15
1900	174 133 4 41
1901	115 62 86 191
1902	104 60 74 19
1903	195 73 193 116
1904	133 14 177 189
1905	89 49 82 38
1906	91 188 167 34
1907	122 87 189 92
1908	110 162 115 123
1909	105 184 41 9
1910	74 138 173 34
1911	101 181 41 93
1912	64 111 66 119
1913	110 43 165 7
1914	65 120 169 73
1915	68 20 16 28
1916	95 185 113 76
1917	66 75 6 192
1918	139 35 141 89
1919	124 100 91 117
1920	151 91 104 149
1921	144 177 22 8
1922	131 192 109 125
1923	61 182 29 184
1924	152 31 180 45
1925	41 100 46 167
1926	130 192 54 164
1927	160 167 192 25
1928	127 65 73 191
1929	174 118 85 173
1930	79 171 131 135
1931	98 36 102 13
1932	124 161 168 82
1933	99 36 45 198
1934	83 197 163 2
1935	64 191 15 118
1936	139 108 50 14
1937	97 45 3 109
1938	46 47 192 184
1939	97 123 73 26
1940	21 173 8 40
1941	105 157 185 99
1942	177 61 151 168
1943	147 163 30 131
1944	4 83 27 128
1945	20 178 136 35
1946	172 5 150 6
1947	20 59 160 167
1948	21 140 55 134
1949	24 188 31 112
1950	8 135 17 53
1951	70 200 141 48
1952	28 200 27 114
1953	76 72 94 122
1954	92 117 139 12
1955	115 25 61 116
1956	135 81 107 32
1957	131 170 57 43
1958	172 51 75 24
1959	19 10 68 31
1960	155 142 50 32
1961	133 200 10 186
1962	30 63 37 113
1963	129 46 115 76
1964	13 72 127 6
1965	49 147 1 82
1966	159 52 122 140
1967	53 189 89 64
1968	178 52 115 12
1969	176 7 193 82
1970	157 7 95 141
1971	117 43 123 30
1972	88 98 128 195
1973	163 178 16 131
1974	69 161 106 193
1975	109 85 82 45
1976	77 82 23 147
1977	150 105 174 92
1978	19 1 131 61
1979	75 123 145 138
1980	179 63 163 174
1981	38 183 149 133
1982	16 82 153 99
1983	141 194 103 185
1984	105 182 109 157
1985	199 124 75 147
1986	31 39 62 65
1987	87 28 85 72
1988	114 45 40 185
1989	146 80 103 36
1990	95 20 109 130
1991	18 101 52 67
1992	140 139 156 179
1993	159 30 19 135
1994	27 47 186 31
1995	156 105 46 35
1996	20 106 174 162
1997	112 10 141 116
1998	24 11 82 144
1999	15 143 56 114
2000	89 119 81 113
