Students	2000
1	2 32 57 167
2	158 2 18 27
3	160 107 14 199
4	43 94 164 9
5	17 88 117 170
6	18 34 104 8
7	181 117 95 67
8	160 67 6 150
9	166 168 146 22
10	175 165 31 118
11	8 50 155 16
12	130 65 172 174
13	23 104 94 143
14	19 100 76 106
15	15 151 102 86
16	39 197 49 30
17	38 139 25 175
18	41 72 69 137
19	130 128 90 126
20	41 73 132 58
21	23 78 49 152
22	128 172 32 197
23	158 6 94 8
24	160 111 137 23
25	169 199 3 179
26	125 75 16 76
27	164 86 102 124
28	119 166 142 131
29	181 53 58 47
30	161 40 97 183
31	144 121 165 193
32	167 178 193 88
33	132 98 145 97
34	102 94 143 163
35	139 197 24 19
36	30 35 196 79
37	175 155 127 80
38	69 159 8 128
39	161 39 83 64
40	15 161 191 16
41	146 148 130 30
42	73 131 63 169
43	187 105 159 171
44	94 158 122 46
45	120 21 71 186
46	34 180 9 69
47	95 104 59 19
48	86 79 103 154
49	15 169 76 81
50	106 158 196 174
51	93 6 123 135
52	71 181 2 165
53	34 200 129 148
54	91 110 92 56
55	12 54 86 139
56	55 29 22 76
57	132 57 161 39
58	158 68 16 10
59	126 178 97 159
60	125 98 23 107
61	196 12 6 128
62	160 199 89 129
63	160 1 140 189
64	195 54 155 129
65	32 66 130 82
66	53 23 11 96
67	50 140 3 20
68	99 140 43 137
69	128 173 72 73
70	8 52 120 131
71	17 102 144 23
72	31 173 198 131
73	15 107 192 13
74	40 65 42 152
75	21 162 83 115
76	174 64 194 181
77	72 98 179 93
78	21 78 86 55
79	59 31 192 81
80	37 61 186 128
81	110 166 198 104
82	16 117 196 106
83	63 11 195 94
84	26 147 4 2
85	77 157 34 112
86	104 161 112 28
87	171 128 147 88
88	76 78 111 114
89	111 133 21 78
90	120 54 50 80
91	27 43 125 146
92	176 188 144 190
93	198 2 200 92
94	193 62 51 26
95	180 148 85 47
96	90 164 30 14
97	157 152 9 104
98	195 164 26 162
99	134 129 10 30
100	39 7 109 54
101	96 66 36 129
102	93 56 124 29
103	27 104 121 34
104	126 76 136 19
105	180 187 38 113
106	18 73 157 64
107	192 132 171 153
108	164 149 113 135
109	146 118 78 121
110	131 83 22 111
111	67 93 83 85
112	12 83 109 190
113	102 103 48 149
114	8 66 140 165
115	11 20 66 196
116	163 102 120 22
117	156 196 160 112
118	130 146 154 157
119	4 18 160 88
120	181 20 45 17
121	96 160 166 24
122	89 72 6 43
123	79 116 50 191
124	49 104 97 178
125	187 193 169 2
126	2 23 146 129
127	156 103 4 165
128	127 189 59 38
129	194 32 120 17
130	40 36 76 183
131	41 200 54 138
132	55 62 188 79
133	187 26 137 138
134	66 19 94 156
135	153 100 5 56
136	24 14 65 21
137	164 37 44 75
138	198 168 132 179
139	42 146 71 79
140	52 78 123 161
141	125 55 179 72
142	174 37 63 159
143	164 77 23 200
144	169 157 28 4
145	138 81 162 54
146	42 173 71 118
147	67 198 161 113
148	64 68 147 81
149	138 76 163 192
150	166 87 141 123
151	165 113 83 14
152	187 181 194 96
153	93 22 73 69
154	142 154 181 47
155	152 192 66 60
156	174 200 173 185
157	179 186 18 128
158	143 117 138 90
159	126 175 136 67
160	70 67 2 139
161	97 153 111 77
162	176 99 98 28
163	182 20 139 76
164	129 19 66 81
165	79 2 185 30
166	58 78 46 195
167	41 84 185 59
168	165 91 158 127
169	9 94 104 175
170	121 49 178 79
171	172 32 87 110
172	132 192 152 37
173	112 156 99 18
174	125 114 137 35
175	84 83 66 5
176	148 198 89 132
177	9 14 126 110
178	35 161 95 127
179	79 27 116 137
180	142 48 70 163
181	153 19 101 152
182	182 22 75 198
183	85 2 108 83
184	34 21 128 130
185	31 173 6 61
186	109 42 62 183
187	104 153 103 134
188	101 121 64 14
189	95 89 80 88
190	4 157 185 21
191	121 17 129 77
192	181 97 127 7
193	196 70 171 135
194	36 46 139 162
195	120 142 125 54
196	76 183 26 174
197	135 108 94 41
198	98 18 35 72
199	108 145 10 146
200	52 8 82 66
201	94 151 186 80
202	154 80 57 199
203	40 15 106 93
204	162 101 134 25
205	114 37 33 5
206	10 116 54 200
207	88 14 64 150
208	130 51 180 89
209	71 64 136 65
210	23 56 51 189
211	15 130 75 113
212	147 48 55 79
213	28 77 192 125
214	61 144 165 190
215	117 129 181 30
216	183 66 9 100
217	153 40 105 175
218	111 183 8 132
219	190 174 83 106
220	45 160 32 8
221	137 136 149 49
222	148 69 33 129
223	111 6 137 16
224	114 101 21 8
225	45 83 30 196
226	99 64 196 155
227	138 97 189 52
228	185 60 38 150
229	177 2 165 26
230	108 176 182 134
231	86 147 137 9
232	43 82 9 127
233	137 159 77 116
234	71 44 119 117
235	47 191 26 107
236	82 153 99 18
237	145 124 96 47
238	151 7 191 44
239	19 45 74 146
240	17 157 89 48
241	96 86 65 78
242	53 99 33 7
243	86 30 56 113
244	166 96 167 127
245	128 85 18 110
246	60 149 26 159
247	21 166 131 127
248	59 193 170 157
249	91 192 49 50
250	105 40 62 125
251	41 111 52 63
252	163 125 182 152
253	182 116 5 132
254	3 5 14 159
255	91 121 144 22
256	146 108 32 62
257	42 164 154 2
258	189 94 160 169
259	97 194 74 91
260	3 91 47 77
261	118 140 17 197
262	13 114 194 53
263	196 122 69 154
264	47 15 5 194
265	75 84 82 138
266	165 8 134 74
267	25 56 91 128
268	71 136 182 22
269	107 52 163 95
270	181 170 21 6
271	107 25 138 62
272	130 34 169 110
273	76 17 93 199
274	84 156 130 3
275	171 92 57 111
276	98 113 32 58
277	180 85 130 12
278	66 119 164 121
279	87 176 112 45
280	1 162 193 53
281	168 66 131 110
282	7 156 34 130
283	52 87 54 92
284	97 28 98 194
285	158 91 75 62
286	59 193 2 197
287	123 36 5 168
288	2 27 168 142
289	153 93 151 52
290	103 18 164 168
291	103 98 72 102
292	163 14 192 71
293	28 93 9 34
294	42 146 117 41
295	8 39 159 86
296	80 38 150 158
297	181 1 142 106
298	191 112 176 53
299	122 41 132 89
300	3 149 84 195
301	181 135 131 89
302	95 100 174 85
303	120 42 163 81
304	18 182 73 59
305	155 161 29 50
306	155 170 146 187
307	147 127 145 35
308	11 107 132 120
309	187 54 66 88
310	35 186 114 120
311	154 85 3 142
312	113 154 91 192
313	27 167 121 159
314	64 148 11 30
315	18 158 143 146
316	77 156 91 86
317	63 107 40 151
318	97 121 46 60
319	29 193 180 135
320	66 21 54 77
321	181 195 150 100
322	172 192 66 118
323	173 106 79 5
324	7 91 93 55
325	142 116 143 52
326	117 127 95 93
327	198 150 21 107
328	175 79 146 14
329	42 187 159 126
330	55 44 73 70
331	104 134 192 167
332	137 54 88 190
333	130 128 13 190
334	166 42 92 188
335	27 120 200 198
336	110 6 64 19
337	159 148 117 83
338	52 104 127 136
339	148 28 73 78
340	124 189 138 84
341	143 43 183 83
342	155 166 156 107
343	144 102 68 38
344	122 11 134 69
345	158 176 63 49
346	73 3 43 144
347	13 43 47 38
348	157 181 127 128
349	189 110 114 87
350	175 44 112 53
351	127 91 137 32
352	97 72 2 111
353	7 52 125 139
354	170 142 110 69
355	48 171 115 39
356	119 168 123 121
357	123 107 193 152
358	155 129 39 167
359	109 92 102 31
360	151 69 6 138
361	18 99 170 3
362	170 136 21 117
363	32 42 101 56
364	17 117 101 33
365	176 7 131 147
366	87 25 76 130
367	74 60 187 146
368	70 26 104 168
369	60 18 172 104
370	63 61 84 134
371	49 51 105 55
372	175 20 186 94
373	16 6 103 94
374	98 155 108 104
375	38 173 54 32
376	58 69 43 198
377	164 5 39 163
378	159 17 11 21
379	65 102 113 77
380	115 93 129 42
381	138 107 184 147
382	144 188 155 113
383	52 134 1 187
384	189 47 79 129
385	42 55 98 136
386	68 13 12 10
387	94 108 149 100
388	42 175 140 186
389	46 43 99 13
390	166 150 91 131
391	197 81 149 106
392	168 89 58 129
393	10 1 142 11
394	35 27 144 74
395	31 171 85 67
396	199 126 8 12
397	103 193 170 182
398	108 138 115 106
399	193 123 35 39
400	53 144 189 155
401	199 106 14 77
402	113 96 26 155
403	78 69 200 94
404	173 9 143 64
405	58 121 48 94
406	13 65 173 44
407	24 135 130 120
408	158 90 64 175
409	91 155 130 137
410	147 112 187 101
411	35 131 45 128
412	101 185 39 130
413	65 126 45 115
414	161 76 177 3
415	60 151 115 171
416	33 188 133 68
417	147 176 35 16
418	54 19 73 149
419	3 104 46 95
420	3 107 103 86
421	102 172 24 154
422	48 116 7 100
423	184 60 169 46
424	54 43 200 37
425	162 100 195 104
426	155 160 51 39
427	68 184 111 104
428	56 96 132 104
429	190 142 163 161
430	147 150 43 11
431	192 145 79 85
432	57 177 147 110
433	92 27 190 163
434	131 96 15 151
435	93 169 118 197
436	109 119 193 93
437	170 169 143 14
438	41 141 152 11
439	130 78 37 39
440	105 173 56 97
441	22 173 107 194
442	10 61 195 40
443	49 196 68 90
444	168 189 65 62
445	156 16 58 75
446	106 48 35 103
447	8 33 159 97
448	138 197 71 115
449	158 44 26 55
450	78 152 88 197
451	4 146 72 30
452	178 5 187 52
453	83 186 25 198
454	95 183 109 146
455	112 177 88 84
456	179 31 93 8
457	4 44 97 104
458	34 146 137 119
459	190 163 184 127
460	56 61 109 4
461	95 151 50 15
462	186 118 113 81
463	147 35 183 154
464	125 88 115 80
465	82 159 120 152
466	53 127 184 103
467	140 83 59 41
468	163 189 41 183
469	130 137 53 200
470	188 55 125 138
471	93 18 176 87
472	21 110 100 42
473	108 57 133 52
474	62 17 185 96
475	199 92 147 108
476	110 31 183 74
477	2 144 3 8
478	145 102 132 99
479	25 16 86 120
480	44 97 75 106
481	62 103 18 124
482	116 88 67 109
483	92 110 34 196
484	152 154 32 79
485	116 47 167 82
486	71 26 154 81
487	10 193 177 29
488	3 103 100 178
489	138 14 154 34
490	149 184 30 165
491	98 168 23 186
492	74 9 1 66
493	151 190 114 57
494	188 182 141 162
495	27 34 104 41
496	11 163 168 13
497	157 73 126 22
498	121 24 196 42
499	150 78 70 122
500	149 147 200 173
501	61 134 110 42
502	113 34 37 14
503	30 84 149 23
504	13 59 56 170
505	103 48 70 74
506	194 170 1 39
507	41 94 66 164
508	15 60 195 173
509	74 107 115 80
510	33 51 44 161
511	60 137 47 136
512	161 194 11 163
513	57 100 138 58
514	66 81 159 165
515	34 25 83 172
516	98 136 178 75
517	74 161 194 149
518	31 89 84 191
519	93 27 19 77
520	118 166 200 20
521	119 171 198 8
522	12 157 138 1
523	73 150 159 62
524	101 77 190 3
525	174 118 159 169
526	18 84 118 42
527	140 26 6 70
528	59 175 70 168
529	122 20 179 18
530	183 28 184 86
531	108 193 149 158
532	26 160 84 185
533	35 90 145 4
534	72 115 121 71
535	77 82 166 195
536	35 86 139 23
537	168 80 125 139
538	156 78 60 32
539	41 63 64 150
540	38 89 164 11
541	55 191 89 111
542	28 2 128 27
543	177 170 13 116
544	19 191 105 132
545	139 166 62 168
546	146 129 12 56
547	181 141 197 56
548	24 152 48 164
549	18 62 40 179
550	157 110 20 178
551	58 100 47 104
552	100 193 185 104
553	35 27 70 154
554	88 164 103 125
555	19 24 173 120
556	138 51 20 186
557	20 64 125 118
558	171 19 139 108
559	13 14 162 30
560	115 98 16 41
561	192 16 73 108
562	79 192 28 27
563	34 15 49 138
564	46 84 195 194
565	129 50 80 116
566	37 1 18 78
567	26 100 146 52
568	21 121 194 160
569	121 182 34 21
570	93 146 56 38
571	71 132 115 154
572	197 168 32 110
573	10 39 45 110
574	170 143 65 154
575	192 164 71 110
576	105 167 111 41
577	99 62 83 60
578	121 72 20 134
579	94 50 161 136
580	199 67 181 105
581	96 82 124 85
582	32 27 163 200
583	181 121 84 168
584	156 174 88 24
585	107 129 22 8
586	53 36 67 13
587	76 144 112 42
588	42 102 101 154
589	118 48 142 57
590	120 116 59 156
591	121 20 102 71
592	188 127 38 35
593	91 96 33 178
594	134 53 32 80
595	195 103 183 114
596	52 116 124 89
597	20 97 140 9
598	9 11 75 131
599	139 194 167 123
600	82 149 61 183
601	78 153 31 198
602	65 62 200 104
603	165 130 162 171
604	45 23 190 64
605	30 150 42 9
606	34 117 81 53
607	43 135 138 42
608	161 52 106 73
609	163 161 101 30
610	47 21 195 99
611	128 148 22 111
612	185 57 127 53
613	185 69 154 20
614	182 14 178 57
615	134 198 166 77
616	76 67 61 161
617	61 17 52 182
618	16 19 81 137
619	7 135 78 180
620	117 108 178 190
621	132 115 9 39
622	86 46 48 40
623	116 94 149 171
624	2 120 137 16
625	181 112 192 79
626	1 78 189 185
627	2 98 168 152
628	63 67 74 105
629	151 76 40 191
630	41 79 109 8
631	71 68 56 159
632	50 183 134 19
633	194 114 144 109
634	157 73 139 183
635	172 86 176 38
636	118 117 182 120
637	26 39 27 46
638	151 198 158 76
639	108 71 18 21
640	94 150 156 73
641	178 52 34 151
642	98 93 176 17
643	152 188 60 14
644	109 57 108 68
645	53 174 52 188
646	1 169 53 4
647	57 100 75 154
648	8 121 164 173
649	103 109 95 182
650	178 123 147 187
651	42 47 156 167
652	179 114 3 40
653	149 106 197 158
654	50 85 38 130
655	93 51 68 86
656	139 94 137 89
657	153 194 109 1
658	122 184 70 156
659	151 182 87 195
660	74 109 44 128
661	42 24 195 18
662	5 172 27 32
663	42 53 164 135
664	1 135 123 182
665	47 19 172 80
666	134 122 96 108
667	13 165 67 145
668	37 33 17 185
669	89 184 191 26
670	125 153 121 89
671	35 181 31 76
672	128 168 166 28
673	142 172 195 95
674	137 118 14 35
675	56 43 78 40
676	50 167 51 91
677	24 50 156 191
678	62 64 23 78
679	29 112 32 49
680	118 156 70 64
681	48 63 39 25
682	36 139 8 156
683	18 149 101 195
684	112 61 28 91
685	65 156 172 47
686	169 43 156 141
687	121 16 131 18
688	174 200 75 130
689	54 27 189 122
690	99 195 158 171
691	182 7 122 138
692	65 66 162 78
693	77 188 117 146
694	176 8 184 51
695	146 198 10 73
696	43 25 170 32
697	56 103 70 63
698	155 152 197 52
699	145 23 190 29
700	64 116 154 94
701	178 34 182 138
702	104 23 52 42
703	168 103 87 43
704	189 130 9 93
705	174 94 159 113
706	150 21 65 30
707	74 47 72 194
708	70 169 134 94
709	116 90 27 152
710	38 72 191 120
711	66 43 17 88
712	79 170 15 190
713	173 155 153 104
714	164 43 134 15
715	84 16 27 129
716	100 57 124 136
717	77 21 3 145
718	181 123 33 94
719	123 17 147 9
720	20 137 105 11
721	58 49 84 135
722	194 102 33 105
723	91 53 123 134
724	42 131 46 150
725	167 164 63 25
726	164 87 60 5
727	56 142 190 68
728	188 120 36 13
729	54 147 114 172
730	171 24 116 28
731	109 66 58 114
732	195 185 38 88
733	184 3 110 41
734	18 58 127 118
735	146 128 162 22
736	186 181 14 56
737	199 49 133 111
738	130 85 172 82
739	192 14 11 72
740	139 2 124 94
741	185 195 124 133
742	132 188 149 81
743	72 107 31 44
744	148 40 65 104
745	170 10 110 179
746	198 91 44 20
747	142 151 36 14
748	54 14 26 28
749	104 144 58 57
750	130 39 147 59
751	86 71 153 181
752	50 79 124 25
753	28 193 100 198
754	173 64 172 39
755	106 113 54 147
756	123 105 166 88
757	104 162 3 27
758	129 171 27 80
759	105 51 36 92
760	84 166 46 134
761	161 195 165 74
762	130 192 126 184
763	120 20 12 2
764	135 84 102 77
765	48 69 60 137
766	77 41 165 92
767	131 4 1 33
768	120 177 111 134
769	9 108 59 189
770	20 184 148 5
771	72 105 80 117
772	140 14 39 161
773	21 5 124 190
774	12 114 9 84
775	180 126 134 75
776	47 137 83 4
777	166 139 75 97
778	123 180 155 35
779	200 81 51 87
780	87 122 188 148
781	37 106 69 153
782	100 27 88 84
783	160 22 73 150
784	85 200 54 160
785	24 49 34 41
786	81 104 136 187
787	80 167 184 168
788	52 127 131 87
789	2 33 116 5
790	109 100 105 81
791	118 3 128 28
792	65 169 95 55
793	22 2 190 113
794	2 141 47 192
795	155 112 4 163
796	125 65 187 3
797	133 147 8 123
798	6 151 182 190
799	171 86 48 143
800	15 142 148 65
801	165 115 171 185
802	121 103 80 120
803	180 94 70 105
804	16 190 185 96
805	95 48 137 1
806	53 130 160 199
807	108 66 8 155
808	53 26 42 75
809	158 81 162 86
810	122 19 60 53
811	55 103 148 169
812	104 101 181 164
813	18 80 154 64
814	25 20 113 142
815	184 164 73 182
816	76 98 26 7
817	192 95 65 188
818	154 124 15 186
819	110 105 102 150
820	13 99 81 84
821	99 17 71 123
822	44 38 8 21
823	140 198 199 177
824	105 187 173 3
825	29 9 73 84
826	194 134 152 11
827	141 118 5 94
828	72 167 118 65
829	116 104 72 59
830	109 72 127 147
831	63 30 65 177
832	98 139 170 50
833	93 49 109 94
834	88 33 45 21
835	54 16 192 187
836	146 59 85 24
837	79 1 194 186
838	145 125 84 53
839	41 111 59 13
840	114 64 37 90
841	190 58 187 19
842	44 52 200 149
843	47 116 22 32
844	191 32 184 123
845	115 46 47 127
846	182 42 71 189
847	129 96 105 46
848	32 92 121 57
849	69 115 111 178
850	153 103 102 61
851	151 198 58 59
852	16 75 136 108
853	148 93 162 134
854	198 165 57 110
855	133 55 66 137
856	47 80 125 136
857	165 84 154 148
858	179 157 49 93
859	114 24 125 15
860	30 109 183 102
861	113 82 128 68
862	193 30 18 83
863	182 173 48 35
864	167 110 38 185
865	117 6 118 87
866	197 21 121 128
867	141 126 89 64
868	33 148 162 181
869	37 76 92 65
870	76 70 93 75
871	70 90 36 107
872	167 155 113 95
873	158 107 143 145
874	11 124 13 58
875	54 107 165 179
876	41 5 168 93
877	81 157 162 35
878	50 84 20 180
879	188 155 85 58
880	117 41 131 156
881	135 142 146 8
882	92 43 163 198
883	96 65 63 30
884	185 96 146 109
885	57 82 53 87
886	34 163 199 32
887	142 49 94 188
888	198 86 183 70
889	87 24 19 175
890	175 157 97 89
891	135 27 16 15
892	184 55 196 49
893	98 138 162 87
894	40 117 121 54
895	60 35 40 180
896	64 5 129 164
897	156 147 26 150
898	171 19 117 196
899	48 58 15 136
900	100 37 117 48
901	153 141 7 56
902	17 38 87 62
903	143 142 105 169
904	65 159 143 93
905	46 94 119 1
906	198 197 36 16
907	33 9 101 50
908	198 14 1 52
909	137 193 101 93
910	74 47 28 97
911	144 134 91 70
912	133 22 186 79
913	129 126 75 2
914	70 44 127 79
915	10 102 33 91
916	138 161 198 72
917	155 7 160 100
918	1 175 85 23
919	53 126 63 137
920	72 16 158 55
921	190 71 161 48
922	91 70 147 21
923	88 46 72 124
924	7 37 196 117
925	87 69 165 44
926	9 152 154 69
927	105 186 94 195
928	148 198 138 73
929	107 189 132 16
930	33 56 2 67
931	129 91 124 163
932	106 82 57 63
933	67 134 4 103
934	163 167 153 193
935	7 26 28 16
936	40 97 128 174
937	103 70 139 193
938	192 188 137 144
939	46 158 51 105
940	49 150 35 182
941	58 189 83 162
942	62 119 57 180
943	29 1 79 48
944	11 173 78 8
945	186 89 181 86
946	8 40 135 188
947	30 143 78 82
948	148 130 134 85
949	91 19 151 159
950	120 171 195 179
951	81 139 154 200
952	30 15 104 122
953	93 101 16 109
954	135 126 41 141
955	187 90 161 98
956	182 145 115 179
957	35 59 21 133
958	161 110 116 178
959	52 84 4 170
960	118 174 2 15
961	27 81 25 39
962	84 96 98 131
963	110 130 49 77
964	55 35 40 142
965	30 42 100 120
966	25 16 125 124
967	128 58 110 30
968	36 120 149 47
969	97 7 128 156
970	118 103 200 143
971	68 98 112 8
972	29 22 53 100
973	55 148 20 157
974	77 137 177 170
975	180 147 192 158
976	1 36 96 123
977	151 92 57 150
978	107 11 162 84
979	116 107 58 90
980	57 54 112 31
981	151 138 74 122
982	140 75 46 169
983	125 4 49 22
984	143 152 30 107
985	53 82 114 48
986	179 104 121 33
987	200 24 182 89
988	138 153 70 190
989	191 157 97 121
990	172 57 102 158
991	70 29 118 199
992	57 63 144 88
993	135 87 103 140
994	79 57 27 175
995	175 149 45 68
996	146 3 35 92
997	128 106 156 62
998	7 80 147 162
999	15 25 151 132
1000	79 196 44 167
1001	106 173 124 97
1002	80 198 161 68
1003	118 100 113 11
1004	129 65 186 139
1005	155 78 94 101
1006	99 84 183 106
1007	104 174 197 114
1008	113 5 178 175
1009	12 199 178 167
1010	192 69 72 14
1011	197 166 183 198
1012	132 69 24 96
1013	177 92 1 128
1014	41 139 84 178
1015	62 176 137 128
1016	91 71 74 31
1017	51 164 78 179
1018	31 15 76 177
1019	37 120 125 165
1020	79 87 143 168
1021	49 136 94 131
1022	172 169 70 145
1023	7 17 10 27
1024	195 133 13 47
1025	146 22 112 35
1026	115 38 180 46
1027	162 142 17 98
1028	180 73 64 22
1029	3 155 103 50
1030	164 77 182 113
1031	74 22 157 81
1032	95 190 191 20
1033	37 47 61 67
1034	31 146 197 3
1035	32 69 85 34
1036	102 178 56 128
1037	95 115 163 50
1038	124 177 72 22
1039	166 115 7 169
1040	77 86 139 16
1041	191 145 138 107
1042	32 118 41 61
1043	193 147 108 63
1044	31 61 130 52
1045	70 47 29 161
1046	87 190 138 107
1047	28 12 7 160
1048	156 154 31 198
1049	154 51 185 120
1050	159 160 43 69
1051	192 84 14 111
1052	170 97 197 47
1053	133 16 186 127
1054	84 175 145 75
1055	144 163 1 130
1056	86 34 2 1
1057	64 96 30 88
1058	170 143 191 89
1059	186 106 154 12
1060	177 16 57 35
1061	125 119 179 153
1062	71 110 10 103
1063	168 144 129 102
1064	157 139 150 152
1065	12 54 109 55
1066	193 137 188 42
1067	122 107 164 149
1068	52 37 151 86
1069	200 199 47 72
1070	19 200 64 157
1071	181 195 178 29
1072	87 98 148 34
1073	166 164 43 31
1074	192 130 42 123
1075	192 11 113 157
1076	32 152 94 109
1077	198 169 7 83
1078	26 82 129 79
1079	20 49 99 105
1080	53 145 89 139
1081	24 78 44 150
1082	33 65 83 78
1083	24 35 7 83
1084	193 102 140 187
1085	26 25 46 127
1086	39 190 95 188
1087	129 79 78 120
1088	127 68 179 114
1089	66 83 61 65
1090	76 10 87 65
1091	93 145 53 57
1092	115 8 60 144
1093	59 156 23 122
1094	80 147 187 8
1095	31 82 184 92
1096	146 25 173 30
1097	102 12 55 72
1098	91 18 37 143
1099	63 45 157 188
1100	190 168 95 158
1101	164 48 108 102
1102	52 89 197 188
1103	182 34 193 82
1104	135 98 97 109
1105	51 119 139 169
1106	188 95 63 176
1107	35 7 175 57
1108	23 164 147 174
1109	148 15 101 197
1110	21 57 184 29
1111	181 91 74 104
1112	66 40 115 49
1113	139 43 49 71
1114	109 9 89 62
1115	29 51 30 148
1116	147 185 125 107
1117	132 195 25 55
1118	192 16 12 118
1119	42 59 60 181
1120	167 63 163 70
1121	44 86 69 181
1122	110 161 164 40
1123	99 39 22 165
1124	13 82 47 156
1125	163 75 153 110
1126	106 119 64 171
1127	96 49 76 169
1128	147 19 177 83
1129	106 20 16 151
1130	171 54 120 3
1131	120 16 127 199
1132	145 53 171 100
1133	44 157 123 41
1134	120 156 42 155
1135	105 41 117 107
1136	192 29 175 178
1137	194 45 124 12
1138	158 39 141 151
1139	158 57 155 148
1140	167 82 54 42
1141	40 90 149 66
1142	80 117 152 126
1143	126 98 6 73
1144	137 67 10 16
1145	176 93 76 115
1146	12 127 73 80
1147	145 115 39 69
1148	79 148 92 136
1149	72 194 172 157
1150	44 134 200 122
1151	9 145 125 113
1152	128 144 53 2
1153	104 7 158 71
1154	165 78 152 14
1155	2 44 89 166
1156	61 82 117 111
1157	27 38 189 74
1158	142 113 163 176
1159	132 100 111 73
1160	4 63 11 37
1161	154 67 106 142
1162	68 81 129 164
1163	118 39 172 88
1164	193 182 130 107
1165	112 84 145 135
1166	106 87 196 60
1167	158 35 47 197
1168	68 115 89 48
1169	128 176 168 19
1170	54 4 77 100
1171	126 145 34 52
1172	19 17 24 130
1173	30 37 93 177
1174	187 168 89 140
1175	68 36 190 173
1176	24 8 199 12
1177	5 88 86 10
1178	112 178 9 48
1179	159 60 65 56
1180	132 24 28 49
1181	4 119 165 82
1182	133 21 79 53
1183	92 74 36 187
1184	28 182 65 100
1185	189 97 79 180
1186	158 188 170 145
1187	7 176 171 160
1188	144 118 107 100
1189	162 131 50 183
1190	147 61 145 30
1191	111 89 170 18
1192	142 98 174 84
1193	26 24 193 138
1194	75 112 131 106
1195	199 5 29 133
1196	3 58 170 25
1197	23 24 102 182
1198	84 62 27 129
1199	6 118 140 9
1200	117 54 46 183
1201	40 174 5 20
1202	152 192 91 9
1203	119 165 162 27
1204	30 116 113 29
1205	96 16 113 169
1206	21 69 147 174
1207	65 27 143 60
1208	70 106 160 85
1209	78 23 68 143
1210	168 55 170 26
1211	26 87 158 82
1212	50 149 169 115
1213	47 50 13 192
1214	15 24 28 152
1215	87 124 114 142
1216	85 129 151 120
1217	119 118 26 180
1218	94 109 157 134
1219	184 150 71 160
1220	72 165 94 23
1221	33 180 164 74
1222	33 13 97 29
1223	180 68 40 46
1224	11 59 71 138
1225	154 153 27 178
1226	79 96 46 70
1227	134 76 104 93
1228	13 148 197 196
1229	89 172 200 84
1230	99 109 48 174
1231	89 165 121 36
1232	59 32 169 147
1233	189 53 160 92
1234	58 90 95 154
1235	159 49 68 123
1236	193 183 19 16
1237	122 67 58 181
1238	17 106 100 140
1239	26 150 48 192
1240	131 115 149 150
1241	115 5 136 16
1242	34 155 145 198
1243	130 194 165 141
1244	160 56 57 184
1245	48 93 174 52
1246	6 78 46 62
1247	149 39 16 87
1248	87 23 9 139
1249	166 88 143 35
1250	37 111 72 42
1251	40 139 44 94
1252	111 130 186 121
1253	152 122 48 112
1254	26 187 94 140
1255	160 61 74 126
1256	71 77 37 133
1257	178 196 53 6
1258	177 158 35 59
1259	136 90 19 55
1260	73 96 28 74
1261	62 189 174 80
1262	84 126 35 78
1263	158 105 18 20
1264	42 182 55 94
1265	130 15 162 12
1266	42 128 87 6
1267	23 190 165 41
1268	178 52 2 167
1269	41 14 16 12
1270	110 58 159 95
1271	116 75 197 101
1272	171 164 12 166
1273	72 79 60 12
1274	104 167 97 19
1275	147 157 189 105
1276	61 146 44 200
1277	32 125 121 70
1278	105 128 16 129
1279	107 129 11 79
1280	57 184 183 191
1281	95 39 108 185
1282	102 147 15 129
1283	110 120 56 74
1284	131 198 103 86
1285	5 154 129 37
1286	103 183 167 157
1287	36 182 69 147
1288	141 76 74 113
1289	136 86 128 98
1290	184 173 7 43
1291	101 99 95 6
1292	115 168 50 156
1293	168 149 165 48
1294	107 93 163 7
1295	193 13 170 44
1296	152 55 119 200
1297	147 1 182 117
1298	150 32 146 30
1299	163 88 12 30
1300	143 8 40 180
1301	200 184 105 135
1302	152 116 156 129
1303	158 22 90 193
1304	77 106 184 47
1305	185 36 18 69
1306	116 193 150 60
1307	149 160 55 99
1308	183 47 176 191
1309	93 154 119 74
1310	127 134 24 71
1311	59 108 72 126
1312	175 38 147 195
1313	96 1 29 163
1314	137 117 145 31
1315	192 114 157 19
1316	74 189 100 29
1317	57 55 156 90
1318	12 2 70 114
1319	161 186 54 165
1320	4 49 89 193
1321	22 101 70 150
1322	117 114 71 158
1323	127 176 163 139
1324	150 22 156 9
1325	43 134 111 122
1326	172 198 143 131
1327	52 121 46 137
1328	147 71 49 61
1329	136 163 95 141
1330	171 34 129 97
1331	165 108 160 176
1332	138 152 82 62
1333	101 31 159 170
1334	147 65 25 139
1335	49 96 61 123
1336	194 153 198 2
1337	113 21 62 72
1338	37 174 104 66
1339	196 102 26 6
1340	46 188 115 123
1341	106 154 6 55
1342	112 62 104 102
1343	78 16 85 106
1344	98 70 64 19
1345	59 65 44 79
1346	135 174 95 196
1347	19 137 102 127
1348	60 194 102 148
1349	76 181 61 143
1350	85 105 197 55
1351	162 185 170 149
1352	84 126 46 76
1353	75 55 8 184
1354	126 52 161 158
1355	104 158 19 124
1356	137 48 44 59
1357	166 48 184 195
1358	133 159 116 121
1359	184 119 144 106
1360	101 180 99 188
1361	141 66 103 30
1362	36 137 178 13
1363	179 139 159 68
1364	8 83 186 113
1365	102 77 155 106
1366	76 2 99 133
1367	26 136 187 102
1368	68 133 30 54
1369	191 144 152 199
1370	80 99 128 30
1371	169 45 89 146
1372	4 146 17 9
1373	52 141 102 67
1374	130 1 66 94
1375	147 178 16 115
1376	166 89 52 80
1377	196 194 55 112
1378	32 191 44 34
1379	189 129 7 93
1380	107 59 88 188
1381	139 10 191 61
1382	3 14 89 81
1383	49 18 139 129
1384	159 58 65 50
1385	103 50 74 108
1386	41 18 8 11
1387	70 101 6 42
1388	151 88 107 33
1389	59 65 150 127
1390	183 141 17 148
1391	107 161 19 39
1392	83 70 68 92
1393	130 8 134 75
1394	96 174 166 67
1395	127 150 82 164
1396	105 71 67 143
1397	166 190 142 60
1398	131 122 39 174
1399	93 43 3 133
1400	75 199 16 77
1401	122 141 114 88
1402	177 78 165 61
1403	88 127 182 121
1404	70 140 187 30
1405	25 79 115 184
1406	132 120 24 162
1407	85 148 165 89
1408	66 141 135 185
1409	175 173 110 192
1410	21 149 176 120
1411	40 43 119 116
1412	80 96 129 11
1413	56 15 105 64
1414	83 56 97 98
1415	15 172 115 38
1416	86 61 104 111
1417	103 179 161 39
1418	159 60 153 119
1419	90 81 165 146
1420	83 134 178 98
1421	119 184 52 7
1422	5 97 197 186
1423	85 14 7 144
1424	146 130 55 159
1425	169 36 191 181
1426	148 192 114 175
1427	147 89 32 132
1428	104 66 26 38
1429	177 88 61 20
1430	6 107 127 130
1431	82 31 5 172
1432	29 53 124 13
1433	103 62 106 98
1434	190 146 52 104
1435	20 130 124 107
1436	198 154 107 144
1437	186 183 16 58
1438	31 64 168 45
1439	14 87 180 126
1440	146 198 51 55
1441	57 44 123 195
1442	127 39 175 57
1443	7 173 45 169
1444	62 25 165 193
1445	61 101 12 67
1446	35 7 166 112
1447	161 142 185 139
1448	8 191 82 158
1449	192 196 116 171
1450	42 149 155 93
1451	68 80 1 174
1452	44 70 136 43
1453	70 76 43 154
1454	185 61 109 200
1455	74 145 98 187
1456	20 29 113 59
1457	143 22 40 57
1458	51 102 101 82
1459	83 18 118 149
1460	24 99 49 117
1461	122 27 123 40
1462	2 193 164 195
1463	132 119 2 13
1464	77 109 53 64
1465	23 61 152 54
1466	112 118 67 151
1467	162 23 26 12
1468	179 134 128 95
1469	197 150 124 94
1470	12 194 146 90
1471	156 90 20 193
1472	29 136 27 119
1473	164 14 144 153
1474	165 103 63 190
1475	126 160 53 196
1476	164 103 46 100
1477	103 44 156 77
1478	167 137 11 58
1479	3 15 116 37
1480	124 67 86 45
1481	143 40 10 142
1482	98 139 127 193
1483	9 163 159 10
1484	105 4 163 152
1485	6 191 41 56
1486	1 80 116 175
1487	78 149 133 155
1488	6 87 16 119
1489	26 31 32 94
1490	36 67 165 79
1491	195 45 89 128
1492	25 15 101 195
1493	23 142 42 186
1494	71 31 46 53
1495	128 25 85 195
1496	11 168 104 90
1497	131 34 68 157
1498	159 166 184 70
1499	103 179 47 108
1500	33 30 156 28
1501	175 93 127 37
1502	171 81 92 31
1503	166 36 69 67
1504	115 7 140 196
1505	109 23 148 131
1506	50 43 144 101
1507	161 186 44 162
1508	139 29 19 4
1509	168 83 177 17
1510	188 92 53 69
1511	12 31 146 91
1512	195 193 84 73
1513	151 28 50 74
1514	74 7 42 160
1515	133 19 34 147
1516	137 7 118 155
1517	90 173 109 116
1518	125 126 36 191
1519	175 10 140 186
1520	58 61 111 24
1521	146 4 113 151
1522	149 4 157 155
1523	87 56 196 73
1524	168 56 58 22
1525	154 39 62 106
1526	88 161 188 164
1527	113 184 157 148
1528	33 55 171 135
1529	185 121 62 88
1530	65 96 174 92
1531	39 147 93 155
1532	8 163 41 153
1533	200 145 137 69
1534	64 171 21 111
1535	130 185 41 158
1536	115 47 100 145
1537	117 61 103 110
1538	31 52 191 178
1539	177 56 104 181
1540	84 3 31 121
1541	81 71 104 127
1542	59 191 40 140
1543	193 81 82 137
1544	109 183 156 159
1545	39 13 117 132
1546	193 35 78 152
1547	12 98 118 34
1548	118 160 127 148
1549	158 8 89 49
1550	2 157 82 165
1551	16 20 30 167
1552	65 124 132 157
1553	184 53 110 174
1554	1 143 105 115
1555	127 57 121 131
1556	95 64 110 135
1557	120 91 24 41
1558	78 173 149 12
1559	195 104 56 36
1560	102 53 91 38
1561	190 171 82 90
1562	187 28 66 168
1563	36 1 11 50
1564	107 43 6 45
1565	3 22 198 69
1566	37 197 11 102
1567	38 113 144 134
1568	49 147 145 62
1569	64 32 166 70
1570	50 85 56 122
1571	80 107 171 21
1572	105 49 51 16
1573	23 15 80 136
1574	149 10 62 119
1575	67 119 197 184
1576	192 71 63 93
1577	102 200 42 190
1578	163 138 167 147
1579	65 181 39 178
1580	186 68 1 119
1581	171 119 102 96
1582	100 143 103 13
1583	12 6 88 194
1584	25 175 117 127
1585	23 131 31 186
1586	46 170 158 98
1587	98 38 116 123
1588	61 85 23 30
1589	164 146 162 22
1590	126 4 140 101
1591	178 47 18 162
1592	25 73 101 2
1593	98 106 104 43
1594	37 67 121 52
1595	1 139 84 190
1596	90 157 192 156
1597	87 196 71 147
1598	140 79 158 32
1599	61 125 2 195
1600	129 26 116 111
1601	137 106 77 170
1602	85 28 184 162
1603	140 152 107 177
1604	83 142 132 105
1605	130 44 7 172
1606	143 90 9 111
1607	116 46 15 191
1608	186 188 134 65
1609	123 64 18 27
1610	183 114 47 74
1611	67 144 92 183
1612	90 188 18 9
1613	165 180 36 1
1614	174 57 86 46
1615	147 150 133 144
1616	124 84 172 66
1617	143 34 55 119
1618	200 174 62 114
1619	117 172 66 151
1620	115 172 60 41
1621	159 26 91 186
1622	102 149 105 101
1623	21 199 176 127
1624	59 181 140 86
1625	130 168 121 132
1626	97 84 120 82
1627	108 136 126 142
1628	151 11 19 55
1629	70 85 103 170
1630	164 15 9 121
1631	136 184 61 53
1632	103 141 133 68
1633	64 12 35 33
1634	98 16 151 127
1635	61 27 65 143
1636	68 109 5 37
1637	144 48 126 55
1638	133 192 146 160
1639	48 165 89 93
1640	98 163 23 72
1641	14 172 165 50
1642	198 131 66 75
1643	14 24 131 177
1644	111 54 117 180
1645	123 89 121 68
1646	191 114 181 197
1647	108 172 200 44
1648	178 181 58 152
1649	6 34 91 161
1650	138 168 17 39
1651	35 148 126 131
1652	59 28 4 27
1653	82 89 171 103
1654	68 14 30 124
1655	106 65 59 28
1656	11 100 56 23
1657	156 19 157 165
1658	79 9 154 148
1659	146 29 27 197
1660	58 26 90 171
1661	188 19 24 77
1662	189 196 175 177
1663	178 16 110 200
1664	50 150 65 33
1665	127 39 53 81
1666	156 39 175 68
1667	166 50 102 1
1668	166 18 71 150
1669	143 127 166 95
1670	39 45 47 192
1671	89 106 108 30
1672	24 56 143 178
1673	171 75 187 11
1674	73 57 67 105
1675	189 6 98 110
1676	182 66 180 88
1677	123 11 65 6
1678	56 58 126 26
1679	147 170 177 4
1680	196 74 166 142
1681	46 29 184 32
1682	94 46 8 9
1683	67 37 34 64
1684	69 129 52 150
1685	136 122 32 184
1686	196 64 109 149
1687	13 1 160 75
1688	173 106 59 58
1689	180 88 174 164
1690	119 15 61 176
1691	178 18 42 128
1692	164 100 85 39
1693	11 105 139 51
1694	132 130 140 24
1695	2 185 111 101
1696	136 6 41 109
1697	44 13 134 84
1698	185 99 115 156
1699	51 155 159 149
1700	113 99 133 151
1701	196 26 115 73
1702	79 18 6 184
1703	73 101 51 46
1704	144 141 85 112
1705	153 65 164 86
1706	39 132 90 130
1707	119 60 18 49
1708	170 71 162 138
1709	175 116 186 123
1710	158 22 108 164
1711	55 84 76 19
1712	25 109 78 128
1713	106 108 187 136
1714	29 113 119 78
1715	39 122 136 191
1716	45 3 146 169
1717	86 22 34 199
1718	140 49 42 30
1719	1 156 61 6
1720	143 180 61 14
1721	111 22 76 82
1722	27 117 43 103
1723	1 23 147 111
1724	120 6 174 196
1725	67 17 18 147
1726	79 171 116 130
1727	186 147 157 31
1728	182 35 136 15
1729	68 146 113 108
1730	88 125 85 22
1731	144 97 101 128
1732	119 143 82 98
1733	18 95 190 79
1734	126 170 113 149
1735	59 117 2 43
1736	30 119 138 85
1737	140 39 71 146
1738	151 94 19 117
1739	167 31 109 134
1740	138 127 99 13
1741	89 20 183 196
1742	28 153 193 182
1743	34 169 131 26
1744	83 98 182 63
1745	85 50 36 132
1746	61 159 127 153
1747	31 19 38 53
1748	142 167 3 161
1749	189 52 72 107
1750	15 160 31 120
1751	39 157 92 40
1752	54 123 162 168
1753	63 23 43 17
1754	41 61 57 159
1755	69 51 174 82
1756	12 73 102 59
1757	19 46 128 158
1758	169 51 109 49
1759	106 190 162 82
1760	189 1 127 146
1761	21 13 55 28
1762	89 116 60 65
1763	186 51 122 2
1764	61 118 128 16
1765	129 12 134 48
1766	181 169 37 160
1767	106 28 171 77
1768	3 177 22 153
1769	148 118 161 82
1770	17 4 125 116
1771	62 161 74 71
1772	108 163 144 21
1773	91 51 199 58
1774	192 91 23 77
1775	141 75 130 93
1776	16 18 93 68
1777	96 141 109 41
1778	17 108 110 135
1779	45 67 121 186
1780	4 126 176 123
1781	107 158 130 175
1782	17 161 177 92
1783	75 64 159 81
1784	6 102 58 157
1785	84 160 65 134
1786	72 61 150 159
1787	53 69 125 30
1788	135 121 50 188
1789	124 195 100 18
1790	57 104 171 22
1791	118 139 24 41
1792	68 26 148 166
1793	168 129 99 14
1794	96 49 76 135
1795	162 198 45 84
1796	165 149 157 158
1797	186 133 89 64
1798	199 21 121 168
1799	153 32 171 118
1800	184 3 111 153
1801	190 189 107 175
1802	107 131 104 176
1803	200 75 7 19
1804	157 44 24 90
1805	99 64 199 79
1806	191 63 25 99
1807	116 29 174 118
1808	6 186 82 163
1809	86 3 52 19
1810	144 94 135 87
1811	34 18 46 170
1812	143 175 10 81
1813	125 85 154 41
1814	14 100 35 138
1815	120 38 77 151
1816	147 180 25 39
1817	87 11 45 70
1818	9 142 135 50
1819	57 88 183 179
1820	58 16 13 190
1821	193 145 79 71
1822	130 52 76 74
1823	26 47 143 102
1824	80 76 33 68
1825	72 100 143 42
1826	152 120 105 172
1827	172 187 169 110
1828	134 58 94 42
1829	136 169 54 65
1830	122 20 101 171
1831	167 79 113 28
1832	152 82 1 171
1833	11 3 187 55
1834	186 160 154 199
1835	173 93 176 153
1836	54 185 121 22
1837	52 145 150 122
1838	15 90 91 10
1839	111 137 60 179
1840	2 69 163 128
1841	168 104 160 106
1842	141 70 149 89
1843	26 143 147 189
1844	166 13 125 155
1845	85 88 41 78
1846	181 120 92 26
1847	180 48 148 142
1848	98 116 197 139
1849	183 177 182 87
1850	149 151 68 155
1851	142 64 93 57
1852	74 77 178 127
1853	164 99 34 136
1854	11 3 67 13
1855	102 6 19 72
1856	169 192 30 126
1857	130 25 55 69
1858	140 137 63 157
1859	40 53 1 187
1860	166 174 102 148
1861	93 66 195 114
1862	159 190 70 76
1863	183 190 120 179
1864	102 186 191 21
1865	85 66 54 143
1866	197 62 198 99
1867	132 200 18 87
1868	156 149 153 45
1869	116 1 96 129
1870	187 60 140 20
1871	93 58 95 154
1872	88 168 155 148
1873	60 160 184 188
1874	13 53 99 61
1875	140 2 185 8
1876	141 97 9 114
1877	31 14 145 28
1878	64 57 153 188
1879	176 149 177 186
1880	178 50 114 11
1881	185 151 27 29
1882	157 135 40 67
1883	2 144 83 139
1884	68 108 26 46
1885	4 70 151 18
1886	101 19 161 170
1887	131 166 63 103
1888	181 100 76 83
1889	126 105 117 55
1890	151 56 95 38
1891	54 94 11 85
1892	107 31 148 142
1893	42 181 165 189
1894	132 159 124 101
1895	122 54 113 58
1896	160 142 156 22
1897	42 173 165 20
1898	180 82 154 155
1899	16 31 84 95
1900	85 42 7 57
1901	40 67 116 112
1902	175 197 41 14
1903	86 97 180 40
1904	26 31 110 61
1905	145 188 136 181
1906	130 187 200 120
1907	36 20 15 163
1908	73 135 111 160
1909	102 6 144 34
1910	79 134 5 136
1911	125 107 162 80
1912	145 81 5 70
1913	195 82 72 59
1914	64 129 162 10
1915	70 149 68 83
1916	34 26 22 18
1917	156 146 46 162
1918	66 28 108 21
1919	181 79 53 170
1920	125 190 4 43
1921	167 147 27 127
1922	17 39 116 108
1923	88 163 27 176
1924	19 123 26 54
1925	10 46 142 17
1926	9 85 150 1
1927	90 137 170 8
1928	18 140 63 87
1929	198 51 77 17
1930	66 108 180 139
1931	102 100 67 31
1932	153 83 134 7
1933	56 81 86 80
1934	145 69 102 144
1935	1 102 31 68
1936	184 96 193 176
1937	1 157 62 9
1938	67 55 99 22
1939	8 118 139 172
1940	188 117 112 43
1941	178 74 26 107
1942	12 1 125 81
1943	143 15 116 90
1944	94 47 107 147
1945	98 149 12 132
1946	131 108 98 27
1947	25 64 77 92
1948	130 8 60 156
1949	183 144 185 115
1950	100 91 60 200
1951	148 184 194 43
1952	53 116 195 186
1953	180 46 80 73
1954	91 25 200 114
1955	30 164 194 79
1956	43 110 37 125
1957	39 99 107 93
1958	73 26 97 153
1959	50 150 66 67
1960	2 159 34 116
1961	134 84 102 98
1962	18 45 176 90
1963	64 138 170 123
1964	63 68 66 7
1965	109 125 169 72
1966	19 99 35 184
1967	130 73 25 62
1968	151 137 111 30
1969	126 134 94 178
1970	14 125 139 20
1971	120 179 95 135
1972	83 162 5 20
1973	104 56 82 21
1974	4 83 35 148
1975	65 29 113 61
1976	159 156 64 136
1977	31 146 184 198
1978	164 182 85 187
1979	96 87 179 183
1980	41 171 191 90
1981	23 124 78 95
1982	45 164 173 142
1983	124 111 90 62
1984	149 87 153 144
1985	119 139 70 159
1986	149 28 79 112
1987	41 68 3 48
1988	92 70 148 193
1989	197 105 68 118
1990	192 8 82 34
1991	71 44 12 25
1992	56 52 36 78
1993	83 19 112 70
1994	23 105 180 128
1995	156 92 40 189
1996	164 35 68 163
1997	141 140 93 12
1998	25 84 190 4
1999	105 12 112 137
2000	25 83 176 11
