Students	2000
1	164 59 54 105
2	173 21 33 134
3	158 11 83 26
4	138 46 116 198
5	27 106 182 77
6	166 5 96 124
7	192 140 37 65
8	61 186 143 102
9	182 178 43 64
10	150 93 126 158
11	83 100 179 67
12	51 104 167 149
13	117 52 62 170
14	9 39 178 100
15	70 198 34 173
16	196 34 21 37
17	168 155 19 75
18	155 129 164 191
19	33 155 71 64
20	3 99 140 132
21	110 57 180 55
22	53 173 177 51
23	99 24 33 66
24	13 152 6 178
25	9 154 86 177
26	115 99 53 81
27	82 25 31 132
28	59 14 42 82
29	24 66 151 193
30	130 62 177 173
31	65 96 81 164
32	135 97 190 26
33	191 114 163 113
34	64 112 24 93
35	111 125 66 135
36	27 47 112 117
37	161 140 92 149
38	62 167 166 179
39	14 72 103 118
40	190 12 38 84
41	53 72 64 95
42	135 65 189 28
43	188 172 7 122
44	101 118 117 196
45	116 41 145 128
46	146 124 41 35
47	41 49 108 85
48	86 97 29 130
49	63 185 103 39
50	163 123 127 141
51	55 186 2 159
52	55 91 151 109
53	28 165 25 85
54	101 197 149 96
55	192 38 4 65
56	156 21 113 160
57	185 17 77 200
58	91 10 83 7
59	74 122 43 47
60	119 173 77 104
61	10 112 143 195
62	155 170 44 73
63	193 196 50 7
64	14 156 89 115
65	151 153 11 46
66	157 138 142 179
67	166 32 13 154
68	153 190 58 16
69	92 116 193 29
70	189 85 23 157
71	111 173 200 71
72	83 88 121 172
73	26 133 115 76
74	76 108 162 186
75	82 105 9 8
76	78 171 9 76
77	200 156 51 162
78	114 62 64 161
79	79 137 36 181
80	178 62 14 59
81	80 7 200 48
82	86 125 146 34
83	131 7 167 106
84	119 25 172 140
85	83 52 169 84
86	10 44 160 166
87	28 72 171 146
88	11 157 85 147
89	153 198 29 41
90	1 200 199 91
91	184 22 99 98
92	167 90 113 66
93	41 11 50 161
94	136 186 18 26
95	188 1 144 50
96	71 78 92 33
97	147 176 37 159
98	185 65 9 42
99	67 189 147 146
100	196 159 200 135
101	56 86 149 132
102	147 174 101 91
103	44 128 73 70
104	129 186 56 140
105	119 174 89 26
106	165 178 50 16
107	8 61 84 67
108	21 128 189 46
109	125 178 102 165
110	44 99 68 155
111	157 161 10 139
112	57 123 18 141
113	142 131 20 49
114	90 105 160 164
115	122 19 156 133
116	51 170 158 164
117	71 181 95 17
118	16 100 8 156
119	144 166 163 70
120	158 33 97 164
121	98 143 188 91
122	109 199 80 101
123	116 101 115 117
124	165 176 132 86
125	163 126 92 125
126	10 100 78 148
127	96 165 52 113
128	110 193 130 196
129	113 92 39 191
130	137 58 7 170
131	152 136 155 168
132	96 73 61 62
133	197 193 40 86
134	103 194 176 136
135	80 72 18 53
136	177 42 129 132
137	82 140 163 88
138	8 36 86 54
139	177 123 151 138
140	134 9 15 192
141	131 88 11 41
142	46 26 7 81
143	177 1 182 49
144	195 129 130 170
145	159 93 185 148
146	56 112 95 21
147	29 114 181 83
148	91 141 72 163
149	192 105 54 30
150	162 149 161 172
151	109 112 58 118
152	195 141 128 62
153	137 70 132 66
154	174 175 19 145
155	97 53 34 85
156	164 101 77 28
157	147 163 160 51
158	85 103 21 115
159	41 18 43 49
160	146 81 18 97
161	105 11 100 84
162	57 18 15 119
163	75 171 32 49
164	162 177 57 89
165	41 56 25 125
166	93 14 52 144
167	146 76 159 49
168	124 120 183 150
169	107 2 135 105
170	26 118 109 10
171	157 8 155 136
172	14 39 73 174
173	26 50 140 42
174	112 86 181 18
175	125 69 50 159
176	128 19 64 48
177	93 28 27 183
178	143 197 75 4
179	73 23 48 87
180	36 60 174 199
181	78 14 108 113
182	173 83 183 78
183	119 12 103 38
184	98 61 160 48
185	106 87 179 131
186	7 86 131 18
187	131 179 53 88
188	174 53 124 117
189	1 29 198 11
190	179 134 162 14
191	196 49 180 131
192	97 166 153 50
193	1 164 198 129
194	168 159 177 123
195	196 180 109 80
196	108 128 144 195
197	134 159 180 185
198	111 163 183 10
199	34 29 50 184
200	108 88 190 72
201	39 59 194 21
202	79 76 180 43
203	107 42 176 72
204	39 49 170 118
205	52 92 48 46
206	48 187 126 33
207	68 25 39 173
208	150 6 30 105
209	25 31 154 85
210	164 189 119 160
211	177 87 132 33
212	155 182 98 128
213	184 116 55 52
214	106 147 139 92
215	175 131 187 80
216	139 149 15 67
217	24 44 46 163
218	60 102 178 142
219	88 65 26 58
220	117 128 118 108
221	34 143 124 3
222	8 132 6 156
223	195 28 39 181
224	8 159 179 140
225	132 99 179 42
226	136 93 104 86
227	64 91 21 120
228	31 136 16 104
229	132 90 169 35
230	178 126 113 42
231	190 26 145 180
232	170 87 183 8
233	10 176 95 187
234	188 102 18 73
235	42 114 86 92
236	32 8 170 196
237	183 99 1 22
238	62 153 131 170
239	148 74 185 54
240	37 124 191 77
241	84 61 122 136
242	7 172 184 47
243	128 197 169 158
244	161 184 125 200
245	136 105 130 79
246	171 142 97 86
247	13 46 10 144
248	83 171 165 191
249	109 186 56 38
250	129 54 35 106
251	39 132 141 97
252	44 117 45 121
253	67 58 169 69
254	154 198 10 44
255	168 2 109 160
256	170 136 105 141
257	190 153 93 52
258	52 70 156 106
259	34 69 198 145
260	79 26 155 40
261	172 85 120 15
262	196 184 24 167
263	42 113 183 29
264	12 78 113 62
265	177 60 114 100
266	39 138 124 92
267	38 72 49 137
268	13 141 57 147
269	176 106 67 118
270	41 113 161 58
271	168 170 155 58
272	96 73 191 22
273	114 128 198 70
274	188 58 104 31
275	48 92 159 32
276	27 131 36 13
277	56 192 152 73
278	138 47 19 194
279	167 154 87 137
280	154 127 73 104
281	53 125 95 175
282	79 151 107 177
283	131 72 169 112
284	19 15 39 6
285	172 175 157 193
286	19 13 194 177
287	183 190 118 63
288	82 15 188 78
289	136 81 133 165
290	105 172 195 137
291	108 66 181 161
292	189 61 47 146
293	118 8 171 40
294	196 24 108 150
295	45 167 129 100
296	18 162 53 167
297	35 9 76 99
298	168 167 156 166
299	28 86 23 123
300	27 169 117 99
301	182 159 56 50
302	92 110 141 85
303	75 128 21 64
304	57 51 197 198
305	58 119 25 159
306	58 4 122 174
307	133 168 165 141
308	192 39 18 22
309	120 175 8 75
310	87 64 174 35
311	28 141 110 33
312	134 78 128 55
313	18 30 57 27
314	2 53 57 142
315	1 163 27 72
316	7 25 137 138
317	144 69 110 117
318	200 190 38 54
319	80 137 154 196
320	141 132 13 111
321	162 83 121 115
322	98 138 196 68
323	191 151 133 182
324	41 170 180 158
325	25 77 183 172
326	92 170 166 79
327	139 21 83 119
328	7 12 10 161
329	73 47 68 147
330	111 34 135 122
331	66 176 58 121
332	101 137 141 46
333	5 46 26 80
334	92 134 158 82
335	14 155 160 153
336	24 184 115 142
337	19 125 131 194
338	161 41 94 114
339	110 2 24 73
340	117 110 65 21
341	22 178 157 70
342	157 49 149 187
343	100 122 61 56
344	122 169 55 146
345	84 159 146 64
346	172 103 17 184
347	30 200 80 194
348	37 191 88 102
349	160 21 147 119
350	48 102 89 59
351	123 45 166 159
352	199 64 102 23
353	146 129 19 147
354	5 200 49 9
355	146 44 142 15
356	15 183 57 98
357	192 3 41 12
358	40 16 19 46
359	6 200 181 149
360	198 105 128 76
361	30 51 140 15
362	168 87 54 22
363	175 144 11 137
364	2 47 35 135
365	155 24 184 199
366	52 152 69 4
367	185 184 169 188
368	37 162 185 149
369	115 179 39 69
370	193 108 98 149
371	94 89 52 98
372	40 157 189 23
373	29 179 139 164
374	109 142 51 74
375	56 166 110 91
376	63 118 5 114
377	193 185 151 1
378	158 189 166 200
379	25 49 120 154
380	32 156 173 29
381	147 193 199 20
382	118 166 137 62
383	106 72 28 120
384	65 119 93 110
385	92 32 198 130
386	109 171 166 53
387	45 127 37 147
388	57 197 144 15
389	115 164 71 193
390	57 113 26 124
391	52 107 175 155
392	151 97 11 154
393	86 12 59 152
394	200 78 47 9
395	105 44 96 193
396	88 24 139 109
397	154 1 108 67
398	137 110 10 101
399	198 166 1 23
400	62 195 157 135
401	181 164 161 153
402	80 40 117 42
403	167 149 147 134
404	41 19 144 34
405	142 79 172 77
406	200 117 44 193
407	30 130 95 40
408	175 132 74 5
409	163 119 133 195
410	19 55 111 151
411	60 117 102 175
412	166 129 198 56
413	136 86 55 38
414	27 171 82 185
415	34 65 132 137
416	99 76 186 73
417	83 117 78 59
418	173 109 127 62
419	165 148 179 84
420	113 145 116 49
421	93 9 160 57
422	121 126 160 25
423	78 196 82 152
424	124 153 18 54
425	134 182 5 153
426	10 156 182 109
427	20 136 21 186
428	70 60 149 162
429	31 108 200 74
430	106 97 146 39
431	171 95 166 157
432	189 85 24 194
433	30 129 109 102
434	1 59 77 12
435	153 108 196 61
436	99 16 81 146
437	192 194 129 30
438	115 51 92 194
439	27 154 98 62
440	87 145 184 124
441	13 113 66 182
442	83 37 34 180
443	49 150 124 76
444	93 174 83 68
445	44 77 89 11
446	177 191 120 38
447	6 66 143 26
448	112 176 86 54
449	18 80 144 143
450	51 59 107 108
451	45 62 76 160
452	60 101 180 163
453	47 198 172 37
454	151 62 141 37
455	125 95 94 184
456	162 25 31 130
457	87 145 24 93
458	155 24 186 14
459	102 51 27 44
460	86 116 12 140
461	10 145 36 25
462	104 191 36 189
463	16 97 154 14
464	193 161 64 199
465	120 115 132 190
466	16 74 119 47
467	131 176 71 195
468	92 121 94 196
469	17 13 156 138
470	71 78 91 161
471	40 33 152 68
472	187 114 134 120
473	84 28 68 181
474	129 27 164 8
475	104 193 42 196
476	78 164 83 158
477	200 197 53 173
478	126 99 133 162
479	36 47 85 14
480	144 116 24 30
481	137 103 6 82
482	157 59 4 170
483	42 2 23 83
484	115 129 26 46
485	73 8 173 110
486	6 98 71 31
487	65 75 108 182
488	171 130 39 56
489	58 15 6 27
490	162 123 39 26
491	172 147 182 187
492	66 196 46 166
493	41 129 108 79
494	197 112 80 135
495	31 62 74 71
496	68 117 143 63
497	97 86 200 80
498	194 78 106 58
499	59 119 194 180
500	174 104 197 141
501	144 99 116 41
502	196 23 29 84
503	49 138 31 116
504	47 44 162 144
505	99 149 59 133
506	81 99 17 127
507	146 131 144 82
508	28 141 189 32
509	49 72 23 18
510	99 58 1 78
511	81 86 58 136
512	188 51 108 69
513	96 160 133 58
514	194 114 148 82
515	43 179 141 79
516	57 68 132 158
517	156 43 94 132
518	57 195 59 1
519	192 25 187 153
520	96 146 53 104
521	55 59 197 115
522	6 104 163 87
523	188 74 157 66
524	27 73 144 117
525	178 185 83 106
526	188 144 163 148
527	42 118 65 156
528	59 114 84 196
529	117 98 150 87
530	170 112 101 139
531	8 48 124 151
532	42 99 58 153
533	46 166 67 118
534	196 1 51 40
535	23 87 116 18
536	65 34 6 5
537	130 124 146 144
538	35 81 24 80
539	127 187 97 163
540	99 7 23 195
541	106 120 18 153
542	8 20 106 129
543	147 57 71 112
544	22 20 188 47
545	47 178 141 147
546	95 41 143 112
547	114 190 126 71
548	88 63 115 142
549	17 125 42 35
550	104 97 23 46
551	94 100 164 147
552	184 174 128 97
553	65 95 135 136
554	37 194 195 68
555	69 138 160 62
556	191 14 59 195
557	58 28 148 187
558	154 21 155 105
559	108 162 98 81
560	57 147 108 197
561	97 88 83 170
562	3 81 60 163
563	78 174 33 83
564	192 44 63 87
565	119 113 55 134
566	12 199 75 182
567	47 98 157 195
568	96 114 4 165
569	125 7 48 28
570	97 144 135 116
571	118 182 23 136
572	71 103 158 142
573	110 166 146 81
574	3 77 29 143
575	37 44 1 61
576	32 153 54 58
577	193 138 103 64
578	101 137 162 191
579	195 127 185 101
580	179 106 30 129
581	134 197 7 113
582	71 128 22 58
583	94 116 110 119
584	61 188 79 15
585	146 174 161 75
586	33 66 62 36
587	169 184 156 168
588	70 150 2 22
589	75 192 189 137
590	56 140 43 132
591	158 108 125 14
592	75 126 91 124
593	48 165 168 119
594	24 127 82 34
595	2 134 170 97
596	45 171 38 142
597	116 200 163 6
598	133 88 190 116
599	39 69 96 173
600	141 21 115 134
601	102 117 195 101
602	114 3 154 92
603	114 139 63 7
604	12 82 68 100
605	93 135 113 91
606	147 58 20 104
607	74 183 9 82
608	75 70 42 141
609	64 25 101 112
610	66 169 151 166
611	6 130 161 13
612	4 104 73 192
613	98 185 186 119
614	130 24 153 106
615	195 26 4 171
616	92 177 142 46
617	16 179 39 183
618	83 11 41 50
619	92 166 148 184
620	100 46 144 91
621	84 140 152 200
622	199 39 92 116
623	133 161 14 50
624	147 90 16 134
625	56 165 28 157
626	52 173 198 165
627	10 183 39 128
628	111 12 25 148
629	141 189 179 27
630	83 29 26 24
631	110 61 60 152
632	64 176 72 27
633	175 37 138 21
634	160 178 98 109
635	82 193 177 196
636	160 166 109 155
637	148 34 32 38
638	132 42 158 115
639	121 83 97 194
640	45 26 16 71
641	144 118 44 163
642	171 183 126 178
643	10 24 119 35
644	33 25 182 194
645	42 188 36 136
646	118 168 65 84
647	8 18 78 189
648	111 110 11 49
649	117 92 61 124
650	33 194 94 57
651	40 166 78 197
652	147 101 174 159
653	76 124 69 176
654	19 152 11 60
655	34 180 115 75
656	121 25 41 100
657	164 101 145 107
658	100 39 31 186
659	47 193 4 166
660	84 152 32 191
661	26 76 40 62
662	197 199 152 161
663	86 150 80 159
664	115 92 76 198
665	171 150 117 136
666	50 39 122 27
667	152 193 19 187
668	28 70 11 58
669	162 193 197 127
670	155 121 187 179
671	178 77 68 198
672	108 23 166 7
673	53 187 168 104
674	58 18 193 56
675	7 169 176 89
676	136 150 139 177
677	166 170 97 112
678	31 195 162 76
679	194 144 36 185
680	200 94 47 109
681	88 185 121 83
682	185 11 91 118
683	142 159 89 153
684	48 41 181 194
685	164 113 149 25
686	196 150 188 117
687	35 27 34 42
688	101 73 176 44
689	36 134 33 6
690	81 33 159 30
691	39 152 48 199
692	59 136 45 61
693	51 187 152 94
694	94 7 49 34
695	138 44 168 51
696	120 65 98 102
697	12 99 158 94
698	73 165 156 94
699	168 66 118 3
700	56 129 10 199
701	165 37 125 128
702	32 101 19 94
703	113 138 137 135
704	62 22 125 146
705	19 47 160 193
706	195 141 96 142
707	150 15 57 112
708	91 189 6 190
709	53 18 58 184
710	60 35 142 132
711	109 166 113 52
712	8 96 41 151
713	162 61 128 71
714	132 71 190 72
715	75 46 164 57
716	169 116 28 199
717	160 26 130 77
718	15 116 113 183
719	3 71 64 180
720	149 122 175 197
721	140 33 164 148
722	18 2 51 44
723	48 11 168 127
724	191 163 69 131
725	44 187 61 86
726	161 144 127 83
727	160 134 56 73
728	140 4 195 117
729	168 131 89 169
730	62 170 137 195
731	19 175 133 177
732	113 87 157 2
733	106 173 66 24
734	166 93 60 155
735	24 95 185 81
736	28 27 26 110
737	82 68 2 69
738	69 6 105 109
739	9 49 173 161
740	2 60 152 52
741	171 42 122 115
742	19 86 55 196
743	159 184 193 163
744	43 108 168 11
745	131 121 109 150
746	54 138 200 134
747	192 183 55 12
748	90 56 24 11
749	160 16 119 104
750	93 97 74 61
751	125 134 175 22
752	123 120 11 199
753	136 97 168 174
754	94 26 62 138
755	179 164 72 86
756	127 45 186 92
757	75 160 143 185
758	1 103 183 61
759	124 158 29 191
760	95 113 107 111
761	132 152 140 15
762	131 95 151 39
763	46 112 89 54
764	147 123 79 63
765	166 66 85 141
766	187 96 155 126
767	77 197 70 33
768	54 144 85 121
769	135 117 87 97
770	141 158 37 79
771	85 97 168 74
772	137 100 8 71
773	43 180 184 17
774	55 108 33 167
775	172 189 138 115
776	159 102 22 84
777	14 94 31 130
778	199 79 40 174
779	80 45 122 42
780	50 67 59 89
781	117 113 93 94
782	25 125 71 122
783	52 119 18 101
784	1 47 122 86
785	10 25 170 139
786	51 177 183 81
787	140 178 141 161
788	58 120 63 197
789	131 99 157 199
790	139 191 21 61
791	22 73 194 30
792	57 141 82 77
793	5 81 132 96
794	85 51 157 70
795	4 89 188 134
796	129 130 85 193
797	86 126 183 75
798	130 183 93 43
799	177 169 22 46
800	115 82 35 89
801	23 155 183 37
802	9 130 188 198
803	109 163 75 73
804	30 68 152 41
805	49 32 3 78
806	32 160 70 42
807	135 83 20 108
808	188 140 186 133
809	83 174 81 177
810	131 45 123 92
811	126 29 101 28
812	68 175 119 43
813	162 53 142 134
814	55 189 79 14
815	100 58 192 167
816	197 94 29 80
817	79 126 78 121
818	149 137 22 147
819	61 157 175 36
820	50 87 163 53
821	139 148 83 29
822	8 151 130 34
823	128 107 63 114
824	139 168 52 23
825	19 97 167 71
826	133 181 161 14
827	26 85 98 192
828	179 10 19 11
829	151 177 23 149
830	178 15 110 186
831	123 99 145 192
832	29 68 22 18
833	91 19 83 118
834	23 40 144 116
835	171 194 131 34
836	171 46 51 122
837	11 48 35 166
838	160 94 138 103
839	37 125 184 131
840	22 163 117 77
841	39 141 143 124
842	145 25 52 87
843	111 128 153 114
844	170 49 157 139
845	127 119 163 150
846	174 181 80 197
847	22 65 70 154
848	117 113 168 7
849	193 35 1 107
850	100 146 20 173
851	61 139 119 140
852	155 74 190 29
853	3 63 112 176
854	21 30 24 37
855	9 144 46 136
856	43 166 112 155
857	99 72 104 14
858	112 174 143 70
859	47 197 28 39
860	149 31 69 99
861	133 186 182 199
862	157 136 181 160
863	43 1 23 106
864	129 104 53 77
865	158 166 97 167
866	147 61 4 62
867	177 164 171 93
868	10 74 114 40
869	33 92 12 158
870	25 7 103 4
871	93 19 88 23
872	186 110 8 177
873	65 134 78 116
874	200 83 143 22
875	160 113 46 76
876	156 152 151 139
877	114 9 75 16
878	62 184 29 170
879	22 40 94 53
880	68 52 177 94
881	139 38 68 179
882	107 6 49 119
883	57 108 97 105
884	6 179 164 40
885	160 3 106 78
886	49 44 127 31
887	95 86 171 134
888	147 129 182 124
889	12 67 88 80
890	101 100 159 106
891	157 113 26 47
892	42 161 69 155
893	54 139 53 3
894	122 82 136 175
895	27 24 128 47
896	170 55 179 20
897	133 164 39 8
898	96 156 160 198
899	124 144 146 184
900	124 60 20 194
901	72 122 31 85
902	77 69 181 26
903	84 172 118 67
904	72 1 131 137
905	10 13 105 82
906	10 94 180 107
907	111 29 185 105
908	37 196 41 68
909	185 98 180 55
910	48 117 123 4
911	192 191 4 70
912	136 157 174 21
913	177 182 162 76
914	39 89 87 139
915	100 200 47 13
916	37 18 166 91
917	81 139 197 166
918	87 33 183 52
919	57 73 80 121
920	77 143 2 18
921	42 114 86 169
922	109 61 30 66
923	91 12 70 182
924	130 80 99 144
925	34 174 130 75
926	170 177 40 77
927	117 130 119 172
928	12 140 109 136
929	46 35 32 39
930	198 105 96 14
931	164 81 2 69
932	54 85 6 91
933	77 52 176 9
934	112 16 194 44
935	104 67 50 14
936	113 45 191 168
937	109 156 75 70
938	175 180 147 98
939	17 13 108 78
940	115 93 158 177
941	194 132 5 125
942	24 181 32 13
943	129 135 32 66
944	153 149 155 183
945	69 68 89 199
946	100 113 98 17
947	175 33 35 56
948	82 153 57 78
949	200 33 131 134
950	85 164 49 162
951	152 49 191 30
952	8 125 32 33
953	50 161 180 171
954	87 166 89 5
955	9 21 74 117
956	181 42 36 150
957	55 83 164 171
958	10 145 170 182
959	108 152 40 122
960	41 110 115 124
961	37 141 93 89
962	117 21 101 32
963	60 173 45 103
964	61 14 39 144
965	131 156 28 137
966	197 101 173 103
967	28 50 197 153
968	185 96 122 164
969	161 112 107 150
970	161 185 148 182
971	72 158 166 30
972	170 28 129 125
973	53 8 112 86
974	187 5 166 176
975	136 90 165 83
976	109 6 8 174
977	108 179 165 72
978	133 159 116 193
979	127 116 103 19
980	138 162 74 164
981	19 10 146 29
982	30 117 125 27
983	4 158 142 74
984	125 95 62 151
985	170 49 113 192
986	93 183 21 133
987	33 197 151 6
988	24 129 181 104
989	192 151 27 50
990	140 100 101 170
991	3 77 196 195
992	3 102 97 37
993	10 149 147 127
994	178 50 189 98
995	73 130 46 155
996	127 186 63 64
997	69 195 110 37
998	133 64 195 18
999	157 78 141 57
1000	200 48 33 100
1001	57 153 163 108
1002	180 90 57 39
1003	191 134 112 53
1004	59 145 65 8
1005	128 100 49 138
1006	163 21 2 57
1007	102 68 181 101
1008	6 177 175 9
1009	29 15 121 69
1010	55 37 83 24
1011	134 56 39 2
1012	185 175 22 59
1013	48 198 97 23
1014	38 73 31 111
1015	34 172 39 17
1016	96 155 91 115
1017	77 20 109 15
1018	74 55 94 22
1019	52 50 188 101
1020	123 114 71 76
1021	6 32 169 68
1022	27 18 186 178
1023	173 69 77 11
1024	5 7 173 44
1025	56 137 17 148
1026	114 50 132 119
1027	33 90 139 21
1028	4 164 199 177
1029	149 156 152 153
1030	55 78 19 148
1031	16 6 82 14
1032	6 103 2 81
1033	30 187 122 61
1034	182 142 141 65
1035	107 17 159 167
1036	6 92 45 118
1037	144 196 179 180
1038	190 54 59 103
1039	95 4 50 123
1040	112 102 7 68
1041	85 123 68 103
1042	83 20 155 43
1043	186 19 110 136
1044	37 31 38 101
1045	67 157 6 109
1046	198 99 87 138
1047	143 44 200 80
1048	124 113 102 190
1049	111 172 3 120
1050	67 116 179 64
1051	53 86 161 95
1052	169 185 7 172
1053	55 58 87 64
1054	110 163 65 126
1055	36 29 93 137
1056	92 88 136 162
1057	132 117 67 140
1058	150 11 65 161
1059	96 82 56 182
1060	47 198 45 129
1061	56 53 147 27
1062	161 38 153 156
1063	188 4 16 117
1064	104 84 187 75
1065	189 165 37 12
1066	195 25 24 125
1067	132 197 142 86
1068	145 75 37 15
1069	75 23 157 129
1070	135 72 34 199
1071	137 99 158 106
1072	163 71 47 184
1073	23 174 117 44
1074	26 14 200 179
1075	178 65 70 121
1076	73 15 129 168
1077	88 106 134 82
1078	191 153 46 65
1079	83 169 40 111
1080	147 66 191 74
1081	40 118 70 43
1082	179 1 174 119
1083	41 25 33 138
1084	54 183 115 130
1085	160 20 55 97
1086	56 141 54 62
1087	105 157 108 31
1088	137 59 5 147
1089	154 21 76 107
1090	189 10 69 109
1091	113 73 94 8
1092	20 2 121 129
1093	27 189 179 131
1094	85 197 64 53
1095	150 78 49 181
1096	128 197 116 28
1097	193 55 61 50
1098	189 36 78 84
1099	197 174 84 134
1100	196 16 195 144
1101	67 139 124 27
1102	100 19 71 37
1103	10 105 133 15
1104	57 131 45 37
1105	72 167 26 147
1106	181 42 75 145
1107	135 53 140 87
1108	105 169 172 165
1109	141 110 93 21
1110	18 72 176 196
1111	89 115 152 24
1112	138 154 198 37
1113	179 163 30 161
1114	77 19 71 45
1115	70 135 87 53
1116	13 79 42 127
1117	52 89 79 136
1118	104 106 32 49
1119	126 156 109 157
1120	76 27 21 38
1121	74 116 156 46
1122	19 120 111 45
1123	158 25 174 26
1124	139 141 147 59
1125	6 37 163 136
1126	151 130 115 135
1127	28 110 176 87
1128	87 167 154 100
1129	23 11 128 178
1130	83 152 82 188
1131	22 170 150 178
1132	189 158 42 65
1133	170 7 55 157
1134	29 57 94 41
1135	32 33 57 118
1136	85 183 160 126
1137	68 102 37 182
1138	119 94 63 198
1139	42 12 124 27
1140	32 115 124 68
1141	82 67 27 53
1142	23 26 200 107
1143	144 42 152 142
1144	72 29 85 74
1145	11 141 102 122
1146	190 151 137 122
1147	183 132 71 103
1148	19 20 145 7
1149	24 152 132 159
1150	19 106 92 122
1151	168 44 43 137
1152	15 44 143 74
1153	194 164 174 172
1154	149 28 145 5
1155	39 85 112 17
1156	51 91 96 6
1157	49 119 12 190
1158	82 70 128 108
1159	14 6 186 126
1160	122 13 27 162
1161	199 151 70 57
1162	27 139 91 101
1163	29 28 53 17
1164	85 197 165 187
1165	165 131 195 151
1166	83 162 137 79
1167	185 59 123 68
1168	11 119 143 114
1169	146 48 59 167
1170	137 44 105 115
1171	8 38 88 152
1172	190 56 79 59
1173	177 49 176 179
1174	109 129 188 94
1175	149 160 102 7
1176	75 106 76 97
1177	98 63 170 39
1178	9 13 50 186
1179	19 25 165 127
1180	44 84 113 156
1181	86 141 196 197
1182	141 40 61 92
1183	93 175 14 167
1184	138 143 174 31
1185	81 114 53 121
1186	30 18 81 102
1187	76 130 113 162
1188	179 200 79 44
1189	145 14 195 100
1190	91 184 126 16
1191	161 121 139 89
1192	110 95 164 159
1193	200 160 65 100
1194	117 61 57 51
1195	78 117 42 137
1196	67 85 188 178
1197	69 54 68 161
1198	124 141 108 110
1199	67 38 11 127
1200	132 91 90 123
1201	174 86 107 103
1202	120 102 5 154
1203	62 91 151 155
1204	193 95 129 110
1205	89 99 155 138
1206	137 69 121 196
1207	10 93 176 121
1208	106 80 58 164
1209	59 91 94 137
1210	34 18 41 142
1211	25 52 164 136
1212	19 8 63 76
1213	163 90 116 118
1214	181 77 67 89
1215	20 163 165 4
1216	38 34 193 23
1217	55 145 82 19
1218	9 47 99 97
1219	18 152 44 177
1220	114 187 189 24
1221	132 70 1 61
1222	67 87 99 3
1223	153 118 181 149
1224	192 145 57 42
1225	40 62 187 139
1226	60 84 74 137
1227	162 98 112 178
1228	164 102 57 92
1229	169 102 196 164
1230	175 113 151 58
1231	35 88 155 93
1232	71 136 5 109
1233	133 84 107 141
1234	74 45 139 115
1235	141 86 82 189
1236	17 184 26 5
1237	95 72 127 192
1238	133 11 69 64
1239	19 167 185 59
1240	165 134 147 170
1241	22 122 199 14
1242	13 79 8 26
1243	38 77 99 60
1244	161 39 182 124
1245	20 168 104 102
1246	66 152 128 132
1247	10 50 15 172
1248	51 61 186 100
1249	154 117 11 89
1250	131 136 34 42
1251	73 27 175 41
1252	163 46 28 158
1253	197 146 84 54
1254	129 104 33 165
1255	26 91 152 67
1256	89 53 75 87
1257	191 43 197 63
1258	134 183 39 88
1259	122 191 124 27
1260	157 22 23 37
1261	3 90 59 70
1262	5 10 107 132
1263	10 72 142 195
1264	27 8 173 28
1265	36 106 148 161
1266	172 183 40 135
1267	183 95 148 89
1268	74 86 36 129
1269	148 163 86 95
1270	172 163 23 178
1271	181 84 120 11
1272	158 19 128 80
1273	180 133 24 96
1274	58 163 62 146
1275	102 196 197 12
1276	117 165 58 84
1277	173 7 51 82
1278	129 163 191 7
1279	112 97 109 95
1280	162 15 195 140
1281	10 158 131 109
1282	171 55 170 164
1283	21 127 12 137
1284	173 155 170 127
1285	136 127 13 169
1286	139 154 164 168
1287	166 33 123 155
1288	33 115 48 93
1289	73 140 162 124
1290	31 82 132 70
1291	140 102 96 142
1292	145 87 110 99
1293	39 70 67 106
1294	166 4 55 101
1295	81 140 98 111
1296	186 28 29 8
1297	11 1 89 122
1298	125 24 199 193
1299	100 168 185 25
1300	163 68 29 85
1301	12 187 71 90
1302	59 10 42 123
1303	58 165 20 150
1304	111 31 105 85
1305	96 70 1 162
1306	122 161 165 86
1307	163 31 55 22
1308	13 92 188 94
1309	56 34 40 38
1310	95 34 192 115
1311	16 96 53 175
1312	90 193 180 91
1313	4 66 45 53
1314	50 66 188 153
1315	69 83 72 136
1316	200 43 118 11
1317	31 75 160 183
1318	94 20 197 45
1319	63 119 126 47
1320	194 195 187 161
1321	86 109 92 125
1322	37 200 79 64
1323	49 45 136 104
1324	105 125 95 36
1325	5 48 74 14
1326	22 199 102 94
1327	190 130 34 53
1328	196 39 192 111
1329	187 112 164 106
1330	9 192 30 23
1331	39 58 74 73
1332	180 70 178 39
1333	105 142 45 82
1334	23 192 21 42
1335	95 71 43 146
1336	68 28 88 71
1337	107 134 1 138
1338	73 182 135 127
1339	19 173 172 111
1340	102 35 99 25
1341	1 143 164 55
1342	115 36 144 13
1343	134 133 161 21
1344	59 195 164 114
1345	189 144 198 122
1346	78 46 149 39
1347	89 106 26 102
1348	58 118 120 62
1349	144 68 32 7
1350	10 60 197 82
1351	19 101 85 32
1352	76 164 156 117
1353	97 87 101 140
1354	68 154 100 41
1355	176 19 77 125
1356	7 111 8 94
1357	22 78 6 9
1358	121 144 146 5
1359	59 191 51 56
1360	158 22 61 155
1361	82 52 143 33
1362	168 154 9 59
1363	133 39 100 10
1364	113 112 17 147
1365	144 135 114 60
1366	57 45 161 48
1367	83 90 172 178
1368	91 23 135 5
1369	76 96 27 13
1370	92 188 149 148
1371	28 152 168 25
1372	89 200 16 43
1373	194 69 52 115
1374	184 121 5 104
1375	49 188 62 41
1376	119 186 173 42
1377	58 165 115 3
1378	164 41 143 134
1379	96 66 2 124
1380	110 124 150 199
1381	28 49 123 14
1382	125 1 137 154
1383	71 44 52 100
1384	160 6 3 159
1385	94 200 84 99
1386	196 43 164 31
1387	154 4 184 31
1388	120 111 16 193
1389	101 77 183 83
1390	187 80 167 62
1391	140 64 77 82
1392	140 126 61 132
1393	144 97 53 159
1394	25 95 99 15
1395	166 117 74 179
1396	93 57 175 74
1397	160 43 47 136
1398	61 75 34 73
1399	11 1 3 162
1400	190 199 109 49
1401	5 122 172 21
1402	42 124 110 143
1403	145 69 11 62
1404	177 136 160 35
1405	139 161 112 82
1406	142 189 197 2
1407	17 59 55 107
1408	22 160 117 44
1409	64 116 119 19
1410	129 39 134 141
1411	44 83 122 108
1412	39 169 42 96
1413	195 136 8 174
1414	77 38 120 87
1415	124 60 16 165
1416	149 194 114 52
1417	1 54 45 73
1418	59 198 32 84
1419	40 163 150 28
1420	21 48 39 47
1421	129 103 113 34
1422	80 14 120 108
1423	185 116 36 52
1424	80 37 187 78
1425	61 118 163 31
1426	185 54 136 199
1427	112 34 12 177
1428	54 146 51 194
1429	131 132 18 52
1430	105 138 34 170
1431	24 112 7 188
1432	132 114 88 150
1433	142 125 50 41
1434	72 148 31 190
1435	8 181 167 173
1436	95 121 44 55
1437	116 123 89 159
1438	67 20 36 190
1439	28 124 52 135
1440	16 18 118 191
1441	113 117 189 158
1442	29 61 141 104
1443	181 65 138 175
1444	95 163 28 149
1445	103 112 94 1
1446	29 105 174 140
1447	51 13 142 83
1448	32 188 110 64
1449	194 46 85 22
1450	34 198 46 170
1451	5 107 146 171
1452	134 57 137 45
1453	26 127 40 61
1454	185 42 186 158
1455	187 61 100 137
1456	181 141 19 182
1457	100 178 145 85
1458	149 126 32 135
1459	49 56 94 193
1460	107 132 135 44
1461	173 138 156 65
1462	53 126 120 33
1463	5 111 2 121
1464	127 60 57 156
1465	61 81 179 121
1466	173 6 96 51
1467	112 180 178 80
1468	38 31 84 72
1469	49 19 76 80
1470	163 127 158 78
1471	78 145 14 159
1472	4 37 144 12
1473	176 70 86 193
1474	165 52 132 51
1475	95 49 190 125
1476	48 29 104 74
1477	90 97 103 143
1478	34 163 28 177
1479	16 150 46 71
1480	83 125 152 75
1481	50 95 90 10
1482	148 79 187 25
1483	71 45 26 101
1484	175 51 190 136
1485	56 125 179 30
1486	112 103 153 96
1487	136 161 133 56
1488	188 155 195 166
1489	188 193 36 98
1490	141 166 94 176
1491	59 141 11 123
1492	199 23 198 70
1493	42 140 135 166
1494	127 19 196 2
1495	156 121 130 36
1496	138 128 135 117
1497	35 75 25 171
1498	62 23 155 20
1499	67 154 173 3
1500	138 30 104 197
1501	176 99 129 170
1502	156 190 100 83
1503	12 44 200 168
1504	137 79 14 125
1505	165 148 72 184
1506	182 147 162 154
1507	108 156 187 44
1508	144 12 28 191
1509	125 13 160 150
1510	108 143 125 174
1511	104 189 24 27
1512	193 119 102 31
1513	125 69 110 184
1514	54 88 70 63
1515	98 138 65 133
1516	86 69 128 115
1517	100 54 169 35
1518	112 53 169 87
1519	69 154 6 149
1520	83 142 62 27
1521	26 141 7 53
1522	196 101 5 95
1523	126 40 106 61
1524	111 99 69 129
1525	59 153 19 45
1526	127 187 100 140
1527	172 164 193 43
1528	154 108 144 92
1529	189 38 134 35
1530	46 101 127 80
1531	2 43 7 157
1532	110 56 157 179
1533	20 183 59 9
1534	58 89 169 196
1535	34 82 197 171
1536	61 197 82 62
1537	136 167 152 163
1538	76 16 27 105
1539	180 15 28 132
1540	157 125 39 166
1541	158 28 165 24
1542	95 22 21 106
1543	175 27 194 144
1544	143 30 17 39
1545	165 136 74 163
1546	33 182 148 152
1547	22 110 52 46
1548	126 84 89 23
1549	31 174 146 154
1550	156 5 49 91
1551	98 127 179 141
1552	29 3 114 111
1553	35 130 111 137
1554	51 137 57 28
1555	198 60 112 13
1556	42 118 76 143
1557	136 184 36 139
1558	195 73 82 153
1559	112 122 82 146
1560	62 143 132 58
1561	12 38 27 181
1562	21 148 192 183
1563	74 82 142 141
1564	161 44 184 134
1565	9 55 39 112
1566	165 179 195 33
1567	52 168 188 98
1568	23 105 56 71
1569	61 138 167 197
1570	91 162 15 83
1571	66 172 117 168
1572	149 19 85 14
1573	49 173 2 86
1574	38 65 164 153
1575	124 13 26 111
1576	80 62 191 81
1577	126 138 54 40
1578	46 36 135 186
1579	28 71 191 164
1580	143 109 128 7
1581	173 10 143 117
1582	113 148 111 62
1583	126 63 41 144
1584	83 27 93 149
1585	191 58 56 108
1586	143 114 110 22
1587	162 66 144 12
1588	166 110 77 164
1589	106 162 54 21
1590	33 199 71 42
1591	21 154 141 107
1592	29 199 45 125
1593	99 46 54 1
1594	52 39 97 141
1595	187 162 144 171
1596	164 38 36 68
1597	34 163 147 197
1598	166 118 58 34
1599	33 136 8 104
1600	197 25 151 41
1601	188 23 193 142
1602	182 108 65 46
1603	68 95 131 25
1604	167 190 44 150
1605	160 193 42 72
1606	18 103 136 190
1607	137 153 68 119
1608	56 82 161 168
1609	74 69 29 56
1610	118 81 47 199
1611	11 118 112 124
1612	73 74 56 106
1613	34 155 194 45
1614	1 109 196 158
1615	71 145 41 38
1616	51 82 127 14
1617	63 28 167 22
1618	48 123 167 196
1619	10 32 75 14
1620	155 108 197 107
1621	172 43 70 61
1622	49 110 137 185
1623	157 47 145 105
1624	156 91 187 180
1625	100 54 89 180
1626	86 3 99 27
1627	61 179 18 149
1628	185 189 1 118
1629	63 92 153 87
1630	181 48 146 149
1631	23 193 75 125
1632	101 70 177 160
1633	156 190 74 7
1634	198 24 95 107
1635	128 90 195 2
1636	93 33 121 15
1637	54 200 100 1
1638	110 183 189 15
1639	148 39 41 96
1640	172 40 173 200
1641	143 71 112 48
1642	27 7 61 185
1643	182 97 82 53
1644	34 182 27 200
1645	29 148 138 4
1646	1 129 200 21
1647	106 79 180 186
1648	84 156 61 101
1649	71 67 104 22
1650	103 20 190 26
1651	185 189 151 171
1652	187 181 177 20
1653	166 87 196 35
1654	76 96 78 85
1655	29 78 145 15
1656	37 72 139 152
1657	56 183 169 143
1658	40 170 147 39
1659	167 88 175 26
1660	167 88 81 16
1661	84 104 166 14
1662	185 139 174 108
1663	166 58 189 66
1664	135 143 57 14
1665	168 46 91 188
1666	182 70 133 77
1667	102 49 7 183
1668	163 199 59 138
1669	15 38 117 61
1670	50 94 101 90
1671	118 132 31 56
1672	84 18 107 81
1673	110 174 69 53
1674	85 97 140 127
1675	161 166 41 68
1676	109 154 71 3
1677	164 139 131 84
1678	175 119 167 146
1679	34 27 70 188
1680	196 84 38 200
1681	189 138 50 32
1682	166 135 125 97
1683	28 148 72 109
1684	16 178 72 124
1685	164 58 166 8
1686	45 159 21 58
1687	26 17 3 94
1688	177 71 99 28
1689	111 125 33 160
1690	90 36 99 30
1691	25 123 44 70
1692	27 44 84 186
1693	61 178 81 148
1694	49 170 16 128
1695	77 99 117 139
1696	175 64 100 69
1697	32 126 175 105
1698	23 62 180 7
1699	92 54 80 141
1700	167 197 173 127
1701	187 15 24 111
1702	188 186 29 156
1703	11 136 76 132
1704	150 157 14 39
1705	199 170 193 109
1706	141 199 102 12
1707	79 32 135 111
1708	62 175 198 8
1709	92 128 173 191
1710	108 102 189 13
1711	35 132 168 169
1712	79 73 16 55
1713	87 138 164 68
1714	94 44 49 55
1715	168 180 93 150
1716	33 58 165 13
1717	45 122 167 121
1718	96 22 131 145
1719	159 137 83 81
1720	19 51 173 124
1721	26 25 60 119
1722	176 7 23 140
1723	168 199 133 55
1724	71 112 133 178
1725	102 16 181 135
1726	166 95 191 97
1727	8 78 24 183
1728	106 38 140 107
1729	184 67 14 111
1730	90 8 69 141
1731	95 111 182 57
1732	160 94 68 58
1733	94 132 26 193
1734	98 83 129 46
1735	88 114 52 4
1736	5 17 91 10
1737	5 128 26 147
1738	22 137 46 117
1739	23 117 136 124
1740	164 8 139 61
1741	41 9 117 107
1742	158 135 138 152
1743	61 135 53 76
1744	167 120 71 86
1745	190 184 24 163
1746	134 16 83 152
1747	79 172 54 39
1748	172 111 5 162
1749	165 26 67 99
1750	11 57 184 52
1751	111 121 73 86
1752	89 85 92 158
1753	68 40 66 87
1754	190 24 86 48
1755	169 68 30 95
1756	27 77 76 182
1757	185 126 141 154
1758	165 1 125 95
1759	157 128 170 154
1760	125 5 21 199
1761	82 13 193 124
1762	197 31 99 35
1763	98 56 54 70
1764	51 52 54 196
1765	16 189 128 161
1766	41 171 143 50
1767	102 51 91 37
1768	158 3 200 109
1769	137 117 123 95
1770	122 193 20 192
1771	174 79 125 186
1772	76 87 59 198
1773	193 151 83 176
1774	167 29 174 175
1775	17 61 161 16
1776	156 101 180 116
1777	46 87 131 197
1778	101 182 94 2
1779	130 147 144 78
1780	63 32 98 100
1781	175 83 70 2
1782	119 52 153 172
1783	12 198 183 139
1784	145 106 151 51
1785	51 117 17 81
1786	1 84 165 36
1787	84 135 104 198
1788	125 157 114 163
1789	67 101 81 199
1790	61 200 194 122
1791	46 182 1 140
1792	126 160 65 19
1793	66 101 14 167
1794	179 56 97 160
1795	92 136 7 40
1796	170 175 165 121
1797	73 71 190 181
1798	185 29 74 25
1799	120 181 178 26
1800	149 78 172 47
1801	87 39 38 130
1802	25 135 40 132
1803	116 180 78 41
1804	129 113 6 71
1805	168 200 63 185
1806	177 191 103 98
1807	187 90 170 58
1808	22 148 47 11
1809	45 112 197 81
1810	83 190 191 94
1811	62 107 78 24
1812	33 51 97 7
1813	179 199 107 1
1814	126 75 53 160
1815	146 190 72 54
1816	160 199 49 41
1817	179 184 10 118
1818	87 58 138 175
1819	29 92 179 93
1820	3 6 2 110
1821	46 53 60 34
1822	80 93 42 48
1823	35 196 26 94
1824	167 15 187 110
1825	23 125 68 53
1826	63 81 87 119
1827	57 89 45 102
1828	57 18 164 157
1829	169 34 16 100
1830	49 146 132 117
1831	88 146 140 197
1832	118 180 88 67
1833	43 154 62 172
1834	147 141 118 55
1835	97 131 11 168
1836	56 133 22 128
1837	181 42 15 69
1838	179 191 105 188
1839	41 113 137 38
1840	82 200 188 153
1841	22 39 84 167
1842	90 186 134 136
1843	106 16 196 83
1844	27 36 11 108
1845	57 127 156 145
1846	137 142 58 140
1847	188 151 30 36
1848	66 135 149 90
1849	52 113 177 134
1850	75 176 120 195
1851	172 91 96 120
1852	66 178 41 111
1853	7 97 192 27
1854	14 131 4 138
1855	110 115 198 9
1856	110 39 159 199
1857	14 155 126 171
1858	59 52 157 92
1859	40 79 145 71
1860	3 191 24 148
1861	138 28 196 120
1862	157 164 64 115
1863	22 25 35 122
1864	39 85 79 92
1865	104 45 46 9
1866	56 54 8 161
1867	186 98 79 167
1868	139 124 165 149
1869	24 190 170 144
1870	118 13 75 128
1871	57 196 187 46
1872	140 124 21 17
1873	43 42 49 48
1874	186 146 45 185
1875	56 200 121 163
1876	41 181 36 58
1877	39 182 60 73
1878	135 94 37 57
1879	144 119 126 113
1880	95 130 163 49
1881	156 115 56 22
1882	77 38 160 6
1883	105 162 84 42
1884	14 157 48 8
1885	188 2 35 157
1886	21 84 154 38
1887	163 145 161 77
1888	55 111 41 27
1889	49 70 33 114
1890	152 127 135 45
1891	12 8 96 157
1892	51 170 131 96
1893	44 53 74 102
1894	134 64 101 198
1895	24 96 172 117
1896	171 103 25 38
1897	189 14 108 12
1898	34 47 30 75
1899	199 18 32 121
1900	185 98 76 12
1901	7 143 90 63
1902	90 50 109 18
1903	1 151 199 22
1904	13 165 163 71
1905	168 14 38 69
1906	62 133 134 139
1907	110 27 50 26
1908	101 14 127 43
1909	142 129 36 140
1910	39 58 142 108
1911	16 102 83 169
1912	27 101 167 95
1913	75 46 125 139
1914	199 197 178 157
1915	21 39 134 81
1916	153 189 27 18
1917	15 56 81 20
1918	68 100 169 125
1919	58 89 70 53
1920	2 37 52 127
1921	196 37 121 55
1922	98 161 97 80
1923	199 16 142 182
1924	94 48 50 88
1925	199 125 48 187
1926	9 39 151 57
1927	170 57 5 103
1928	13 3 160 67
1929	10 130 173 4
1930	191 176 156 127
1931	37 38 89 197
1932	145 8 130 38
1933	85 68 9 81
1934	137 180 44 54
1935	72 57 34 62
1936	151 64 130 109
1937	145 195 198 86
1938	100 171 38 83
1939	152 175 61 119
1940	121 196 29 110
1941	35 152 85 25
1942	70 147 116 110
1943	62 83 21 160
1944	92 122 29 198
1945	102 168 159 74
1946	46 93 15 52
1947	199 51 190 89
1948	6 14 55 91
1949	78 11 54 79
1950	17 67 123 55
1951	32 35 62 83
1952	199 49 108 59
1953	10 79 145 105
1954	88 76 116 125
1955	31 99 102 179
1956	29 36 169 150
1957	167 85 45 40
1958	15 126 22 98
1959	103 178 89 124
1960	156 176 199 91
1961	27 22 112 133
1962	177 97 190 75
1963	144 145 46 71
1964	116 29 64 110
1965	109 22 189 123
1966	137 178 30 184
1967	83 186 5 94
1968	113 173 191 134
1969	196 37 114 173
1970	68 92 166 121
1971	74 162 48 127
1972	71 143 33 169
1973	198 46 101 167
1974	27 106 162 8
1975	142 132 23 149
1976	57 170 17 8
1977	42 176 182 183
1978	38 102 43 37
1979	84 99 122 150
1980	143 191 126 15
1981	121 47 59 114
1982	147 6 36 89
1983	141 168 180 102
1984	58 186 55 25
1985	25 26 198 69
1986	191 120 79 105
1987	26 56 164 162
1988	1 155 19 194
1989	114 151 71 36
1990	89 56 50 4
1991	107 20 18 66
1992	149 134 98 111
1993	193 150 57 85
1994	46 199 166 185
1995	83 166 9 100
1996	65 76 184 172
1997	130 143 62 46
1998	14 75 149 168
1999	155 67 150 145
2000	162 194 73 30
