Students	2000
1	53 128 175 140
2	143 164 139 169
3	81 51 143 85
4	92 149 45 109
5	13 33 168 19
6	106 83 72 48
7	50 185 94 31
8	194 199 137 124
9	66 195 133 28
10	173 134 51 1
11	97 123 193 92
12	125 74 136 197
13	77 145 74 155
14	107 16 42 57
15	173 157 73 79
16	133 188 124 72
17	163 100 28 102
18	62 95 138 72
19	104 12 129 112
20	100 10 37 75
21	113 32 102 65
22	152 32 64 17
23	23 198 79 88
24	37 38 184 174
25	164 127 1 66
26	41 3 109 79
27	143 188 59 70
28	149 52 49 122
29	134 56 63 28
30	75 19 117 156
31	103 139 111 125
32	15 19 42 164
33	146 98 74 72
34	96 34 24 175
35	149 147 166 200
36	48 99 110 78
37	45 30 194 138
38	161 22 82 101
39	76 59 54 72
40	79 44 172 132
41	55 129 171 79
42	11 30 165 152
43	89 118 176 59
44	144 130 194 8
45	61 100 63 67
46	3 89 173 11
47	22 178 50 13
48	196 12 163 193
49	163 168 151 136
50	62 73 53 30
51	162 63 65 5
52	150 145 73 184
53	12 58 160 1
54	57 104 150 137
55	13 95 169 115
56	55 66 94 108
57	47 197 171 98
58	61 95 86 124
59	165 82 109 20
60	117 66 127 188
61	44 162 49 58
62	200 105 14 131
63	88 78 67 123
64	67 61 15 185
65	22 9 57 75
66	50 31 113 118
67	113 185 191 85
68	91 120 124 194
69	198 191 84 188
70	186 86 192 156
71	101 149 154 90
72	139 34 138 107
73	65 2 101 150
74	199 37 193 54
75	28 9 142 101
76	19 29 52 172
77	47 139 133 114
78	85 162 156 101
79	126 112 92 176
80	117 115 15 25
81	110 82 138 53
82	16 156 28 77
83	29 23 124 128
84	28 25 134 12
85	87 200 116 170
86	154 58 27 8
87	132 200 96 49
88	185 75 91 146
89	76 92 111 74
90	154 133 185 173
91	37 25 57 113
92	13 124 4 127
93	110 67 135 4
94	22 29 50 197
95	200 35 101 4
96	11 99 30 69
97	145 198 60 47
98	25 92 169 94
99	187 49 25 141
100	189 183 45 41
101	69 121 1 182
102	35 179 23 176
103	133 160 30 135
104	163 52 14 139
105	95 112 139 173
106	109 160 140 3
107	113 175 126 163
108	47 154 88 119
109	137 104 16 52
110	186 144 152 198
111	134 163 9 187
112	131 104 132 3
113	13 88 127 121
114	7 124 29 177
115	135 4 171 1
116	181 105 25 176
117	1 56 153 104
118	26 163 149 142
119	26 103 85 138
120	70 161 142 106
121	79 31 178 80
122	137 134 142 79
123	39 57 152 122
124	62 88 43 82
125	69 30 98 135
126	67 27 68 2
127	124 130 146 195
128	147 1 99 23
129	130 33 96 57
130	166 132 156 93
131	163 37 140 96
132	80 167 47 106
133	70 78 112 159
134	18 184 84 47
135	193 148 133 196
136	17 145 134 89
137	25 41 132 65
138	113 7 18 70
139	19 163 26 150
140	101 25 105 188
141	160 174 39 166
142	115 18 32 191
143	155 144 47 189
144	72 169 129 171
145	48 162 159 120
146	118 166 29 128
147	97 113 54 166
148	194 129 78 80
149	41 199 121 17
150	1 192 145 131
151	187 19 32 17
152	155 33 60 161
153	42 61 20 156
154	62 14 1 82
155	170 31 42 25
156	186 168 130 139
157	7 68 130 45
158	137 37 131 90
159	170 26 92 72
160	148 64 24 62
161	63 181 133 112
162	90 198 95 125
163	173 24 131 110
164	114 25 10 40
165	154 141 75 112
166	20 36 154 143
167	185 29 175 154
168	194 110 192 21
169	6 30 99 42
170	165 90 110 169
171	51 151 75 129
172	24 1 84 16
173	15 40 66 19
174	137 13 108 72
175	197 145 30 172
176	183 67 68 20
177	160 129 18 59
178	196 25 90 10
179	185 157 49 17
180	45 164 56 135
181	50 60 90 100
182	79 157 197 171
183	39 98 189 169
184	35 171 90 50
185	78 192 138 105
186	186 42 108 94
187	149 160 35 199
188	108 111 72 85
189	122 39 171 101
190	155 192 130 94
191	181 169 183 150
192	94 153 75 46
193	59 31 166 66
194	119 10 101 175
195	125 197 81 110
196	42 43 122 195
197	23 24 49 48
198	180 190 35 55
199	4 51 76 20
200	126 163 190 104
201	167 90 127 112
202	83 44 75 181
203	59 117 141 79
204	106 62 17 168
205	187 8 47 195
206	145 118 173 74
207	62 115 24 133
208	32 162 172 65
209	49 118 70 181
210	111 120 169 167
211	51 131 185 71
212	92 182 69 39
213	65 46 42 160
214	75 37 181 173
215	39 172 169 155
216	160 78 81 176
217	90 55 132 94
218	71 169 87 70
219	106 122 88 188
220	81 155 146 66
221	64 47 42 146
222	157 32 113 12
223	106 42 147 134
224	125 30 95 120
225	174 57 46 3
226	78 178 190 165
227	119 195 194 30
228	154 17 25 26
229	167 159 57 144
230	64 189 12 82
231	164 26 130 73
232	40 114 35 118
233	178 150 1 80
234	136 170 152 110
235	7 195 55 24
236	163 47 130 116
237	10 173 27 155
238	116 74 141 87
239	184 90 131 50
240	65 142 11 69
241	8 160 136 122
242	179 79 100 85
243	72 48 1 57
244	42 155 59 63
245	152 127 27 49
246	97 145 196 61
247	114 193 116 77
248	73 179 4 139
249	164 116 78 193
250	120 193 8 188
251	199 167 140 66
252	14 78 167 195
253	165 84 92 98
254	195 21 140 109
255	137 12 196 68
256	75 178 191 43
257	149 12 101 128
258	44 174 30 37
259	147 85 172 41
260	195 67 43 27
261	150 116 35 27
262	192 59 126 187
263	71 124 53 12
264	124 147 167 57
265	1 110 104 90
266	77 126 148 13
267	5 144 55 67
268	168 52 61 98
269	73 165 65 75
270	9 197 89 98
271	14 64 107 146
272	80 100 13 43
273	163 90 200 27
274	96 160 190 200
275	172 43 154 101
276	85 185 122 40
277	168 103 49 158
278	157 63 178 8
279	98 136 124 152
280	43 166 101 48
281	173 92 137 86
282	105 32 79 157
283	171 175 169 117
284	145 129 54 71
285	152 85 24 147
286	77 117 82 150
287	113 164 92 69
288	47 164 92 54
289	14 174 149 181
290	55 117 128 161
291	95 16 91 160
292	156 150 96 159
293	195 49 12 51
294	98 14 5 163
295	29 140 179 23
296	196 103 32 165
297	51 164 82 31
298	139 94 128 67
299	94 8 88 189
300	52 102 16 26
301	168 5 67 28
302	191 82 62 198
303	65 94 126 15
304	145 34 17 19
305	140 162 33 61
306	12 74 89 103
307	193 31 95 88
308	21 63 128 17
309	21 194 116 74
310	158 90 173 126
311	90 76 43 73
312	108 189 170 32
313	109 78 11 2
314	187 130 112 21
315	94 21 50 87
316	27 84 64 40
317	170 131 76 59
318	43 61 149 159
319	42 147 121 70
320	113 76 43 162
321	66 105 140 83
322	82 119 114 100
323	45 57 94 107
324	22 168 27 86
325	175 31 158 195
326	55 36 76 166
327	79 83 137 114
328	193 61 143 114
329	80 25 89 109
330	37 105 90 109
331	93 7 23 112
332	137 172 10 32
333	26 122 52 53
334	97 75 88 197
335	152 86 81 2
336	12 114 68 63
337	97 54 32 136
338	195 80 30 117
339	6 28 100 186
340	171 126 79 21
341	130 144 89 19
342	19 22 42 113
343	108 4 180 32
344	34 29 168 13
345	14 120 44 32
346	139 81 170 61
347	175 38 122 23
348	67 81 36 118
349	91 131 92 89
350	79 101 177 11
351	13 170 33 98
352	128 21 24 80
353	2 71 27 37
354	4 2 96 167
355	192 33 49 130
356	65 174 142 149
357	200 179 7 110
358	114 73 83 167
359	7 135 151 133
360	110 191 50 9
361	179 133 70 5
362	138 11 183 123
363	200 180 80 54
364	63 20 14 17
365	122 102 13 159
366	130 34 45 170
367	179 31 8 36
368	125 164 109 13
369	137 81 140 45
370	42 59 91 107
371	120 155 98 119
372	47 126 194 197
373	80 64 14 163
374	3 160 101 164
375	171 27 92 150
376	169 2 50 51
377	17 71 199 48
378	57 190 194 174
379	59 54 163 180
380	121 22 79 107
381	48 112 23 64
382	194 102 80 100
383	11 2 73 16
384	44 89 70 22
385	33 183 68 12
386	130 140 59 87
387	188 157 168 99
388	21 27 132 68
389	37 76 111 22
390	175 130 141 82
391	60 134 165 91
392	58 88 189 3
393	151 14 107 51
394	131 151 69 109
395	194 53 145 29
396	20 123 51 129
397	188 170 54 161
398	70 120 107 125
399	1 87 11 133
400	157 70 144 200
401	19 3 33 200
402	38 62 92 50
403	16 24 137 118
404	62 17 81 157
405	164 150 155 12
406	95 93 9 143
407	119 159 148 199
408	115 10 139 39
409	190 178 109 88
410	15 91 59 151
411	198 121 52 20
412	191 105 145 114
413	57 130 159 105
414	5 121 148 150
415	193 55 10 67
416	92 34 184 105
417	107 63 134 186
418	47 179 83 32
419	148 86 143 8
420	102 170 43 31
421	117 36 175 110
422	66 46 150 103
423	1 43 42 116
424	103 188 80 76
425	114 20 107 83
426	87 25 66 195
427	62 178 132 195
428	4 97 142 175
429	24 196 166 137
430	133 57 193 184
431	1 66 70 63
432	104 149 29 112
433	55 134 113 10
434	44 93 14 105
435	169 190 141 69
436	116 124 184 104
437	184 173 7 50
438	37 91 93 82
439	158 180 33 10
440	196 188 193 153
441	166 24 149 83
442	103 37 6 171
443	126 117 54 25
444	183 133 88 58
445	136 194 182 94
446	152 26 188 33
447	98 169 70 116
448	98 87 125 52
449	106 155 171 166
450	103 131 63 32
451	63 65 130 192
452	19 14 137 61
453	144 169 116 19
454	125 178 116 179
455	175 176 166 189
456	75 175 32 59
457	27 179 46 98
458	131 54 168 15
459	193 18 17 35
460	166 192 38 9
461	66 184 51 38
462	41 189 4 154
463	146 30 71 137
464	60 172 163 156
465	181 10 80 186
466	196 107 141 76
467	78 159 89 57
468	180 30 168 75
469	24 183 171 79
470	149 11 155 200
471	151 190 178 141
472	28 174 30 138
473	158 132 49 61
474	116 186 72 114
475	55 58 200 83
476	41 197 90 100
477	141 124 53 62
478	20 85 143 103
479	113 190 73 75
480	158 34 154 155
481	63 40 14 192
482	91 192 199 154
483	126 200 151 36
484	176 111 57 95
485	74 126 173 87
486	69 11 59 42
487	91 49 63 62
488	80 44 193 130
489	106 33 169 80
490	188 149 118 3
491	186 178 99 22
492	142 188 143 33
493	91 149 33 111
494	14 71 161 148
495	45 87 70 184
496	46 99 12 62
497	186 57 48 74
498	3 27 65 20
499	84 149 166 192
500	94 29 193 179
501	112 22 70 73
502	111 13 20 70
503	60 3 38 75
504	117 147 38 16
505	55 128 57 168
506	177 63 3 195
507	36 186 79 181
508	55 184 65 111
509	160 83 189 150
510	60 10 4 106
511	78 63 54 44
512	9 105 97 116
513	172 158 171 124
514	149 107 185 163
515	25 199 159 81
516	109 135 150 156
517	139 39 109 15
518	133 3 167 54
519	163 61 71 148
520	73 109 10 83
521	7 39 145 196
522	85 177 62 98
523	34 118 26 28
524	135 116 27 125
525	123 184 43 171
526	170 30 124 144
527	74 4 104 87
528	155 23 151 147
529	145 189 133 14
530	105 199 84 145
531	145 65 62 27
532	81 106 166 128
533	140 66 70 100
534	143 129 81 104
535	54 116 22 32
536	108 114 122 105
537	16 183 150 35
538	118 46 180 138
539	73 101 129 88
540	66 145 168 80
541	60 185 80 89
542	39 131 47 193
543	133 43 175 190
544	123 120 89 170
545	181 48 180 5
546	29 86 30 121
547	48 192 80 158
548	111 45 94 149
549	152 197 33 166
550	31 118 125 79
551	152 103 192 37
552	33 138 98 158
553	162 53 84 90
554	172 25 176 65
555	8 46 7 113
556	172 110 147 37
557	54 15 96 126
558	119 105 60 80
559	190 162 9 47
560	168 101 147 72
561	171 54 40 23
562	159 3 75 126
563	63 5 196 134
564	143 158 43 190
565	32 141 46 61
566	138 176 86 90
567	13 97 100 119
568	3 14 166 141
569	84 67 87 195
570	97 53 165 88
571	48 14 75 52
572	148 7 128 151
573	78 196 115 195
574	38 92 104 167
575	150 100 42 178
576	121 22 28 65
577	29 87 18 148
578	47 122 141 36
579	91 18 111 158
580	86 39 175 136
581	141 51 84 106
582	132 108 156 126
583	133 169 65 100
584	152 29 18 129
585	31 109 18 21
586	104 6 122 95
587	146 127 105 121
588	125 118 168 26
589	87 166 77 73
590	30 123 43 148
591	23 71 19 197
592	12 71 180 81
593	158 29 136 189
594	160 45 165 75
595	132 77 71 12
596	119 6 117 167
597	80 102 34 4
598	27 157 41 7
599	183 13 75 24
600	98 8 190 165
601	49 114 96 120
602	75 93 90 70
603	190 170 172 29
604	18 67 33 195
605	138 171 148 142
606	10 144 79 118
607	165 99 101 95
608	93 17 168 149
609	111 149 26 118
610	64 115 136 168
611	30 181 50 16
612	80 141 176 171
613	81 28 77 140
614	53 97 120 47
615	47 83 26 62
616	156 56 124 33
617	81 185 175 141
618	102 123 58 68
619	140 35 138 41
620	71 55 12 101
621	161 196 190 3
622	72 199 25 149
623	87 96 187 148
624	164 84 148 127
625	150 186 163 48
626	43 128 93 35
627	57 48 106 72
628	66 106 35 104
629	7 140 102 9
630	76 52 69 124
631	30 188 101 139
632	77 180 66 163
633	19 53 140 114
634	94 126 30 119
635	119 126 166 143
636	176 77 165 196
637	10 58 41 125
638	176 143 114 180
639	53 137 97 95
640	107 152 79 119
641	111 104 67 32
642	34 68 108 116
643	81 158 128 126
644	61 53 54 4
645	60 154 194 25
646	163 94 130 127
647	152 26 72 189
648	63 51 74 137
649	191 151 17 19
650	21 28 121 48
651	145 75 199 125
652	123 189 166 146
653	172 30 43 129
654	170 67 118 97
655	26 116 149 41
656	86 10 95 174
657	185 187 155 129
658	119 180 82 64
659	185 165 81 182
660	78 170 95 96
661	70 127 185 120
662	86 142 55 199
663	44 49 118 53
664	30 95 73 75
665	177 196 97 94
666	35 192 158 75
667	124 119 179 154
668	90 9 114 5
669	37 7 41 101
670	34 182 89 95
671	129 186 86 165
672	2 121 10 4
673	54 176 195 168
674	36 107 66 144
675	51 46 85 43
676	170 191 154 12
677	42 90 158 153
678	11 177 174 150
679	154 17 157 162
680	162 200 173 86
681	24 98 6 39
682	38 150 165 147
683	135 178 35 100
684	179 139 131 58
685	10 138 109 2
686	185 79 27 97
687	154 200 143 181
688	177 100 31 186
689	95 71 60 172
690	86 131 109 98
691	94 195 173 63
692	69 13 57 85
693	85 180 95 32
694	154 104 118 144
695	157 57 156 76
696	15 148 197 108
697	177 188 137 187
698	20 157 118 88
699	90 179 89 169
700	164 22 197 118
701	139 53 113 18
702	100 52 88 78
703	126 92 136 18
704	58 155 122 8
705	185 58 169 107
706	6 68 47 73
707	113 16 45 164
708	16 44 179 71
709	143 175 33 118
710	119 52 113 87
711	148 162 113 28
712	113 66 63 77
713	125 107 146 115
714	63 176 70 131
715	176 59 24 35
716	77 20 8 125
717	131 62 110 13
718	28 85 144 16
719	44 186 173 178
720	123 168 26 38
721	125 29 6 64
722	9 135 152 95
723	30 108 122 49
724	166 103 25 79
725	41 101 138 149
726	26 178 13 65
727	157 183 114 168
728	105 140 124 88
729	137 84 33 165
730	140 18 194 165
731	79 200 63 22
732	50 15 179 49
733	175 21 69 179
734	197 47 172 143
735	109 35 91 102
736	42 93 67 183
737	197 36 86 49
738	19 152 50 86
739	39 115 65 114
740	115 161 155 119
741	195 159 76 42
742	64 38 193 15
743	91 58 28 167
744	183 127 121 175
745	193 153 148 21
746	191 26 70 115
747	139 75 98 56
748	104 65 37 83
749	115 65 55 193
750	30 141 23 99
751	159 39 142 1
752	127 51 103 117
753	155 181 70 103
754	4 72 82 23
755	53 186 173 148
756	31 181 67 82
757	140 30 7 110
758	130 14 149 108
759	159 119 59 10
760	179 135 195 102
761	104 178 44 88
762	184 134 170 166
763	6 94 127 32
764	128 148 200 135
765	185 36 9 137
766	149 155 133 152
767	4 53 88 128
768	151 104 93 108
769	42 10 179 69
770	79 53 93 90
771	126 40 17 42
772	89 94 199 51
773	87 111 78 193
774	147 68 150 174
775	30 127 89 186
776	138 193 35 84
777	66 113 143 73
778	48 60 123 112
779	132 155 52 24
780	74 105 64 140
781	80 32 169 124
782	179 70 71 1
783	31 94 89 122
784	55 174 50 139
785	121 119 108 189
786	69 12 119 103
787	117 34 152 4
788	9 104 169 199
789	118 30 26 95
790	181 68 51 91
791	42 115 116 53
792	45 173 65 100
793	78 84 99 11
794	59 194 198 54
795	197 99 142 113
796	192 5 124 88
797	186 155 157 108
798	42 17 15 127
799	177 187 89 88
800	8 174 48 131
801	192 17 133 58
802	25 40 156 125
803	64 102 66 129
804	62 199 110 19
805	22 193 57 153
806	170 125 139 157
807	26 131 73 3
808	136 114 63 120
809	36 13 38 88
810	169 65 132 94
811	148 40 109 112
812	37 74 187 72
813	190 40 159 97
814	48 132 25 174
815	102 68 198 80
816	178 65 153 143
817	15 81 63 177
818	22 106 30 101
819	73 6 27 59
820	118 88 75 25
821	165 16 19 193
822	84 151 46 38
823	67 125 190 109
824	2 145 92 157
825	179 169 94 133
826	184 178 185 126
827	61 190 54 156
828	62 107 4 152
829	35 40 137 49
830	165 5 90 47
831	67 189 47 122
832	66 77 171 88
833	148 109 52 185
834	73 139 114 26
835	32 135 36 92
836	28 55 60 137
837	129 30 142 10
838	97 33 181 127
839	176 85 106 36
840	7 147 169 79
841	39 186 142 62
842	88 170 13 98
843	139 126 67 61
844	101 129 150 66
845	19 94 152 50
846	134 133 121 129
847	47 30 28 20
848	124 84 193 79
849	157 7 149 156
850	176 31 84 149
851	141 27 9 55
852	101 45 57 36
853	163 91 84 27
854	161 140 165 29
855	74 196 132 180
856	49 178 19 89
857	110 47 11 36
858	33 122 150 118
859	184 109 65 3
860	75 113 84 94
861	55 31 66 38
862	130 48 90 191
863	75 192 174 24
864	145 64 104 43
865	185 86 16 136
866	45 123 19 167
867	20 190 179 137
868	158 50 55 16
869	178 9 79 62
870	67 130 117 127
871	38 127 168 184
872	61 143 176 187
873	180 147 31 155
874	140 92 16 134
875	35 148 152 13
876	193 69 185 107
877	156 163 33 11
878	183 81 100 33
879	105 134 141 157
880	136 70 62 80
881	183 92 60 134
882	194 138 28 64
883	120 61 142 96
884	197 28 183 79
885	104 105 35 155
886	22 97 167 162
887	113 110 134 87
888	144 56 193 118
889	4 185 63 36
890	127 171 73 85
891	80 195 109 11
892	43 51 87 30
893	30 28 166 133
894	121 196 3 151
895	11 21 125 128
896	100 117 12 68
897	124 102 12 29
898	100 87 94 8
899	68 30 183 91
900	65 52 144 170
901	72 40 143 124
902	65 97 93 129
903	33 64 160 200
904	196 102 54 12
905	149 25 86 175
906	150 151 172 160
907	27 183 100 162
908	41 85 21 196
909	74 35 168 85
910	35 130 16 98
911	136 182 18 28
912	148 184 6 183
913	32 108 104 33
914	181 76 25 141
915	43 140 1 67
916	39 8 40 26
917	194 192 80 142
918	157 106 92 87
919	196 39 73 170
920	77 127 47 12
921	189 36 110 76
922	196 95 128 6
923	114 100 99 23
924	51 172 147 7
925	86 60 151 18
926	83 189 64 154
927	90 141 9 17
928	167 64 2 160
929	189 25 84 121
930	126 174 14 20
931	110 126 81 22
932	105 78 100 163
933	193 62 172 93
934	51 167 181 86
935	20 114 91 163
936	165 188 198 113
937	27 190 45 117
938	55 159 187 171
939	160 86 24 125
940	22 93 151 121
941	24 120 153 88
942	68 140 56 179
943	128 115 41 76
944	24 157 23 15
945	119 128 173 144
946	67 33 136 97
947	41 105 4 114
948	99 9 117 150
949	132 5 147 128
950	76 39 104 169
951	126 10 112 200
952	165 110 94 151
953	104 114 79 12
954	157 111 28 88
955	151 189 93 51
956	117 39 97 92
957	100 3 159 196
958	10 150 140 27
959	172 81 134 87
960	106 42 39 162
961	124 63 28 193
962	159 8 50 192
963	3 96 113 148
964	156 101 151 135
965	192 184 154 63
966	19 39 143 15
967	140 164 5 71
968	61 35 173 129
969	34 140 131 158
970	37 126 92 130
971	160 113 90 190
972	69 100 18 53
973	182 138 24 19
974	43 51 164 30
975	170 149 123 82
976	1 89 156 76
977	129 5 125 83
978	57 168 115 134
979	55 176 13 41
980	167 121 30 158
981	24 190 200 125
982	30 78 165 171
983	172 53 198 131
984	106 63 105 10
985	25 47 110 195
986	171 106 170 126
987	51 193 96 97
988	70 59 106 173
989	187 115 28 45
990	15 60 16 126
991	4 31 62 42
992	47 29 110 120
993	1 164 91 48
994	45 164 64 120
995	184 173 105 192
996	30 65 20 81
997	46 63 16 43
998	169 155 106 43
999	173 23 8 200
1000	197 17 191 149
1001	50 152 23 7
1002	113 37 57 31
1003	162 65 22 70
1004	180 69 91 53
1005	166 190 30 192
1006	14 43 171 148
1007	50 182 187 53
1008	5 171 59 90
1009	49 173 137 112
1010	102 172 23 31
1011	133 3 54 137
1012	57 197 30 141
1013	93 199 53 181
1014	68 61 185 67
1015	108 197 193 104
1016	83 64 140 144
1017	49 58 2 190
1018	123 175 23 134
1019	11 112 26 140
1020	105 62 107 170
1021	127 200 162 134
1022	136 169 77 171
1023	188 143 11 27
1024	54 9 87 132
1025	71 81 11 170
1026	151 90 15 104
1027	155 68 6 89
1028	156 102 160 169
1029	21 194 134 90
1030	70 112 97 187
1031	141 188 103 9
1032	149 49 116 156
1033	74 18 182 190
1034	16 200 184 113
1035	107 29 82 124
1036	131 77 162 4
1037	34 22 65 45
1038	129 181 188 32
1039	141 9 64 172
1040	104 110 160 96
1041	200 165 78 152
1042	193 176 130 58
1043	3 138 188 42
1044	142 98 95 62
1045	66 169 86 140
1046	183 196 79 20
1047	47 160 195 158
1048	118 91 149 78
1049	97 173 72 130
1050	56 54 155 197
1051	111 8 36 84
1052	104 154 73 23
1053	16 187 130 152
1054	176 134 16 50
1055	66 194 159 142
1056	144 73 116 99
1057	188 84 37 146
1058	157 21 60 122
1059	184 115 80 133
1060	96 159 69 134
1061	55 193 29 96
1062	183 170 50 198
1063	107 49 77 102
1064	157 150 64 104
1065	161 20 81 188
1066	21 192 5 72
1067	103 56 32 23
1068	41 57 198 125
1069	190 3 26 175
1070	1 26 199 173
1071	143 26 13 159
1072	99 188 104 165
1073	154 138 48 165
1074	110 129 54 25
1075	69 57 181 22
1076	136 22 69 144
1077	8 190 169 56
1078	197 114 141 135
1079	139 57 70 121
1080	162 64 146 179
1081	25 108 183 140
1082	127 72 180 134
1083	72 114 95 130
1084	59 158 139 126
1085	60 166 194 190
1086	86 143 197 7
1087	109 171 129 189
1088	1 160 162 170
1089	195 113 93 88
1090	95 63 138 147
1091	70 27 159 21
1092	198 140 199 119
1093	72 113 155 125
1094	107 149 2 166
1095	70 118 46 81
1096	150 24 147 177
1097	140 145 147 17
1098	22 103 200 150
1099	47 161 136 7
1100	188 81 132 116
1101	119 178 74 31
1102	155 148 71 4
1103	27 30 89 123
1104	126 75 188 196
1105	162 168 166 195
1106	30 156 97 125
1107	82 69 85 3
1108	193 170 16 178
1109	163 146 110 171
1110	38 99 42 133
1111	17 69 198 116
1112	180 42 162 147
1113	163 64 10 38
1114	15 89 56 192
1115	126 20 137 178
1116	87 188 148 141
1117	121 37 79 42
1118	143 80 155 175
1119	145 54 29 133
1120	87 84 42 46
1121	120 165 115 33
1122	53 85 161 23
1123	35 116 112 102
1124	129 197 82 24
1125	79 34 184 91
1126	166 171 21 161
1127	101 31 61 142
1128	31 17 137 42
1129	154 40 4 114
1130	178 190 127 70
1131	46 149 179 198
1132	172 6 145 131
1133	186 4 123 135
1134	42 186 96 175
1135	83 193 19 31
1136	81 95 17 151
1137	45 18 88 153
1138	185 28 23 8
1139	100 175 140 60
1140	180 151 97 20
1141	168 103 43 67
1142	46 37 20 50
1143	194 32 103 51
1144	144 138 91 188
1145	170 192 188 162
1146	20 75 24 156
1147	84 40 167 22
1148	158 152 45 19
1149	37 184 194 48
1150	131 199 73 145
1151	121 47 14 6
1152	44 184 29 140
1153	50 52 134 9
1154	5 39 95 168
1155	91 81 77 137
1156	48 75 172 133
1157	81 68 101 169
1158	180 122 140 107
1159	57 65 66 9
1160	129 15 16 135
1161	97 42 178 120
1162	12 187 193 139
1163	111 108 198 53
1164	75 156 145 2
1165	3 114 37 128
1166	123 13 178 25
1167	194 2 15 170
1168	193 133 123 178
1169	95 135 57 149
1170	111 25 133 157
1171	76 188 86 31
1172	172 95 24 122
1173	23 72 30 25
1174	102 82 74 105
1175	168 104 112 60
1176	94 164 162 76
1177	12 179 66 78
1178	21 53 57 123
1179	140 125 193 8
1180	65 79 135 127
1181	148 20 12 49
1182	85 51 137 102
1183	9 18 161 8
1184	54 129 18 164
1185	32 158 104 40
1186	59 41 164 75
1187	14 152 140 73
1188	128 108 150 94
1189	20 169 189 178
1190	48 156 112 83
1191	197 51 17 117
1192	110 45 173 186
1193	48 164 30 107
1194	159 71 91 114
1195	197 170 187 37
1196	61 165 55 199
1197	101 25 12 166
1198	13 153 156 191
1199	105 72 53 9
1200	146 42 4 32
1201	76 153 114 93
1202	136 17 193 43
1203	65 74 38 167
1204	121 23 131 97
1205	23 142 85 46
1206	142 137 128 13
1207	148 9 78 110
1208	21 81 149 77
1209	87 38 190 138
1210	68 51 167 70
1211	109 125 194 167
1212	21 182 128 38
1213	40 177 82 64
1214	61 66 89 90
1215	74 90 142 62
1216	86 2 62 176
1217	35 123 163 70
1218	170 162 37 161
1219	50 57 177 51
1220	119 123 165 87
1221	125 157 99 28
1222	39 148 197 15
1223	156 58 125 69
1224	85 63 143 82
1225	102 192 79 1
1226	22 140 196 61
1227	154 10 122 72
1228	155 48 186 60
1229	178 23 164 124
1230	86 123 85 133
1231	110 107 96 13
1232	173 95 70 76
1233	45 103 50 46
1234	114 158 33 116
1235	62 187 29 129
1236	162 18 35 191
1237	134 64 86 38
1238	78 98 100 95
1239	31 124 180 66
1240	93 20 118 65
1241	119 56 180 139
1242	199 85 122 58
1243	142 147 20 37
1244	127 177 99 176
1245	165 35 129 126
1246	59 166 172 116
1247	90 43 131 31
1248	49 189 55 10
1249	88 176 111 189
1250	77 33 112 165
1251	39 33 155 164
1252	13 9 169 17
1253	13 34 165 191
1254	31 103 37 52
1255	62 183 111 104
1256	2 5 93 191
1257	200 123 109 97
1258	116 38 197 78
1259	124 49 95 146
1260	44 175 14 142
1261	134 59 10 157
1262	135 50 97 188
1263	17 90 165 171
1264	67 178 13 25
1265	34 14 170 115
1266	10 163 86 188
1267	140 83 123 179
1268	146 192 178 121
1269	179 132 31 144
1270	107 80 13 40
1271	47 159 111 117
1272	123 67 153 100
1273	123 170 61 64
1274	67 147 161 76
1275	142 174 18 188
1276	51 75 85 71
1277	80 90 139 50
1278	127 140 153 69
1279	150 169 125 76
1280	139 38 160 167
1281	51 184 185 94
1282	138 77 128 126
1283	43 117 81 166
1284	160 32 170 44
1285	80 148 58 119
1286	149 81 176 13
1287	153 198 135 94
1288	96 132 19 159
1289	117 197 178 103
1290	78 193 54 199
1291	48 122 19 198
1292	67 124 115 104
1293	164 128 174 28
1294	22 66 49 123
1295	192 35 115 125
1296	37 131 34 152
1297	79 113 135 102
1298	43 128 107 64
1299	92 13 180 49
1300	41 174 115 1
1301	29 62 59 164
1302	82 62 21 23
1303	29 197 187 53
1304	114 138 84 167
1305	60 10 165 32
1306	120 76 73 100
1307	176 71 40 41
1308	174 36 45 119
1309	67 65 182 198
1310	152 116 27 74
1311	125 26 24 32
1312	148 162 47 100
1313	141 94 171 130
1314	197 199 176 160
1315	95 21 50 93
1316	78 121 60 25
1317	77 171 90 76
1318	2 110 34 161
1319	160 187 57 64
1320	3 11 82 106
1321	114 55 164 151
1322	162 155 81 92
1323	70 69 130 47
1324	57 79 95 98
1325	194 43 171 89
1326	15 95 37 181
1327	95 67 189 92
1328	69 189 89 105
1329	113 149 2 134
1330	143 69 197 32
1331	173 74 123 164
1332	23 144 195 150
1333	146 56 103 165
1334	124 119 186 157
1335	87 155 108 124
1336	147 103 23 140
1337	20 103 64 25
1338	78 31 165 155
1339	52 176 97 99
1340	89 23 153 137
1341	129 42 67 47
1342	143 19 160 55
1343	148 128 109 83
1344	61 75 183 64
1345	139 133 143 45
1346	126 26 35 190
1347	55 156 8 46
1348	107 58 168 53
1349	7 10 56 75
1350	177 113 81 23
1351	57 126 114 80
1352	62 66 164 70
1353	43 186 77 113
1354	6 194 46 199
1355	48 53 9 168
1356	74 131 16 118
1357	137 132 147 76
1358	21 64 73 134
1359	13 123 2 14
1360	153 197 180 157
1361	98 4 20 179
1362	127 83 119 31
1363	116 117 195 102
1364	38 46 146 109
1365	104 66 45 26
1366	154 150 141 90
1367	142 200 22 189
1368	42 34 155 178
1369	150 48 155 98
1370	138 167 56 5
1371	138 101 33 7
1372	79 14 121 169
1373	120 133 59 174
1374	178 198 141 61
1375	23 121 86 1
1376	119 168 120 103
1377	38 148 50 114
1378	52 9 142 136
1379	136 156 35 87
1380	136 109 60 115
1381	16 33 68 120
1382	114 53 191 181
1383	97 2 139 179
1384	148 60 86 36
1385	37 163 62 111
1386	57 194 77 70
1387	166 54 41 83
1388	76 63 23 142
1389	56 69 10 103
1390	167 143 189 58
1391	121 118 120 11
1392	26 68 154 131
1393	6 191 175 1
1394	145 36 46 153
1395	18 154 156 48
1396	85 151 94 9
1397	81 182 67 42
1398	164 52 106 103
1399	122 83 189 56
1400	65 9 76 18
1401	80 97 95 176
1402	19 80 161 31
1403	180 118 172 69
1404	173 83 168 19
1405	42 119 47 2
1406	154 181 153 98
1407	82 80 167 35
1408	183 93 44 63
1409	184 155 23 132
1410	62 89 30 133
1411	137 115 8 117
1412	141 188 76 129
1413	114 70 138 81
1414	19 20 140 43
1415	64 101 200 109
1416	83 114 61 129
1417	25 46 40 38
1418	28 54 25 166
1419	166 55 91 192
1420	135 145 42 48
1421	55 154 9 13
1422	158 46 75 69
1423	104 152 138 93
1424	7 111 134 24
1425	22 177 182 16
1426	137 29 70 157
1427	169 24 37 84
1428	115 129 90 29
1429	39 116 64 151
1430	58 134 63 52
1431	62 102 100 48
1432	50 47 37 9
1433	181 20 12 152
1434	34 147 18 161
1435	126 30 21 169
1436	40 119 42 51
1437	4 150 140 86
1438	125 9 188 197
1439	172 85 57 186
1440	186 177 86 57
1441	179 72 50 144
1442	158 83 29 198
1443	126 103 4 5
1444	83 168 158 24
1445	17 49 177 31
1446	114 91 123 58
1447	57 49 137 62
1448	99 36 50 68
1449	78 23 31 73
1450	182 99 96 184
1451	90 176 178 132
1452	46 24 50 156
1453	179 47 70 37
1454	192 148 1 176
1455	168 65 149 8
1456	193 195 155 24
1457	105 9 184 131
1458	127 102 16 120
1459	114 99 35 165
1460	138 185 70 57
1461	71 84 174 64
1462	88 80 58 147
1463	22 121 195 79
1464	182 121 187 59
1465	52 116 173 139
1466	2 118 103 8
1467	11 181 170 146
1468	77 88 2 174
1469	113 25 114 4
1470	138 91 67 153
1471	51 71 162 62
1472	145 152 165 138
1473	92 69 12 66
1474	187 151 178 103
1475	155 184 118 32
1476	89 11 142 115
1477	99 89 49 103
1478	28 168 148 72
1479	1 171 143 107
1480	134 70 35 14
1481	78 20 183 176
1482	117 180 165 30
1483	165 188 88 72
1484	124 76 162 175
1485	107 32 150 70
1486	158 47 46 200
1487	108 14 127 89
1488	126 84 35 168
1489	71 149 2 142
1490	197 38 59 54
1491	176 57 50 128
1492	5 165 117 76
1493	189 2 110 75
1494	71 164 147 77
1495	159 167 113 184
1496	151 186 178 29
1497	42 99 124 183
1498	113 169 68 93
1499	96 36 63 85
1500	32 113 186 106
1501	176 63 43 28
1502	175 88 59 116
1503	1 7 118 149
1504	131 45 48 79
1505	1 149 108 3
1506	105 18 129 65
1507	122 178 199 18
1508	22 152 56 157
1509	153 28 8 163
1510	95 166 170 153
1511	12 181 56 111
1512	50 102 85 136
1513	44 42 97 144
1514	23 190 8 25
1515	120 160 191 87
1516	169 121 7 66
1517	30 98 68 33
1518	103 19 10 4
1519	42 129 144 176
1520	177 63 48 21
1521	57 194 155 43
1522	158 138 84 30
1523	54 127 156 93
1524	186 138 55 168
1525	131 28 16 145
1526	134 24 170 139
1527	164 55 59 76
1528	77 174 106 32
1529	190 188 64 28
1530	70 32 182 175
1531	2 113 111 79
1532	72 170 119 43
1533	191 83 93 25
1534	37 99 179 90
1535	90 17 135 151
1536	66 112 8 177
1537	119 5 81 82
1538	176 83 29 4
1539	102 24 168 130
1540	172 90 126 64
1541	13 180 103 109
1542	28 190 54 100
1543	167 34 83 193
1544	196 24 51 73
1545	16 106 141 87
1546	1 20 13 14
1547	117 100 102 80
1548	16 108 162 65
1549	65 130 32 167
1550	59 168 9 104
1551	39 119 139 74
1552	187 139 3 102
1553	59 21 47 183
1554	28 174 149 124
1555	136 10 13 47
1556	88 164 23 131
1557	69 78 146 189
1558	30 37 160 85
1559	123 146 8 24
1560	2 30 46 111
1561	200 148 179 144
1562	45 102 177 25
1563	179 138 69 136
1564	48 50 49 102
1565	190 174 139 77
1566	112 57 3 132
1567	105 60 99 77
1568	22 75 158 148
1569	56 177 188 120
1570	105 49 65 183
1571	196 191 51 171
1572	142 195 194 24
1573	63 127 182 74
1574	2 122 54 134
1575	119 188 29 96
1576	114 155 127 36
1577	195 3 9 45
1578	57 169 31 77
1579	4 24 127 48
1580	20 146 172 83
1581	56 49 178 30
1582	69 1 150 132
1583	122 53 34 142
1584	47 101 86 77
1585	33 145 135 7
1586	121 163 189 80
1587	179 8 144 134
1588	75 91 47 142
1589	1 43 113 90
1590	22 128 176 99
1591	191 106 168 18
1592	109 89 96 79
1593	173 10 154 12
1594	45 86 65 25
1595	177 29 120 68
1596	81 97 52 13
1597	136 182 135 89
1598	87 138 134 108
1599	171 197 154 6
1600	44 53 87 130
1601	90 9 161 125
1602	125 24 127 121
1603	53 4 158 41
1604	29 38 32 175
1605	48 186 87 84
1606	144 194 57 151
1607	150 60 174 58
1608	144 160 165 99
1609	175 82 166 62
1610	108 66 131 132
1611	54 88 187 3
1612	29 35 105 147
1613	26 59 190 38
1614	36 69 34 151
1615	52 49 99 13
1616	2 26 98 6
1617	168 186 54 32
1618	7 38 183 192
1619	170 17 137 107
1620	58 67 198 51
1621	107 68 149 116
1622	10 26 3 163
1623	84 165 35 149
1624	149 131 157 195
1625	123 180 10 199
1626	176 15 121 155
1627	33 47 126 2
1628	24 73 25 95
1629	38 122 123 155
1630	194 81 46 95
1631	67 58 196 71
1632	129 10 149 107
1633	2 106 28 89
1634	158 196 130 19
1635	55 167 134 74
1636	173 61 110 55
1637	39 172 103 34
1638	141 118 56 52
1639	111 75 114 122
1640	154 114 153 95
1641	130 144 84 154
1642	47 67 183 11
1643	147 18 70 59
1644	133 139 162 47
1645	73 141 198 56
1646	136 124 68 3
1647	110 61 81 33
1648	69 27 52 179
1649	5 135 62 194
1650	70 152 199 56
1651	120 198 122 152
1652	101 151 92 97
1653	116 78 133 38
1654	178 82 172 56
1655	164 8 127 104
1656	88 150 167 53
1657	155 191 148 134
1658	86 57 28 99
1659	60 81 86 83
1660	77 28 178 3
1661	134 39 59 197
1662	117 185 96 66
1663	42 62 37 12
1664	40 150 82 32
1665	156 75 181 63
1666	96 90 155 10
1667	191 31 187 88
1668	28 158 85 192
1669	60 190 171 162
1670	66 102 158 58
1671	158 170 96 159
1672	190 67 175 44
1673	102 51 60 22
1674	71 187 31 148
1675	102 120 84 52
1676	105 65 23 73
1677	82 43 36 173
1678	176 169 95 163
1679	187 91 78 46
1680	167 189 133 164
1681	25 126 121 55
1682	7 10 122 107
1683	69 38 162 140
1684	194 96 159 185
1685	127 109 131 3
1686	77 32 65 183
1687	8 42 159 179
1688	69 189 184 199
1689	174 148 163 16
1690	76 142 185 115
1691	144 119 198 8
1692	111 33 175 34
1693	52 82 94 77
1694	88 20 115 69
1695	71 109 80 12
1696	69 22 108 16
1697	45 97 43 33
1698	16 68 64 19
1699	132 152 130 99
1700	139 110 72 132
1701	44 52 180 104
1702	89 154 30 22
1703	99 102 27 15
1704	9 92 157 103
1705	66 41 126 128
1706	16 48 107 130
1707	137 103 195 113
1708	7 141 125 127
1709	112 34 110 166
1710	104 52 114 17
1711	161 164 184 86
1712	175 171 96 38
1713	69 97 91 38
1714	168 113 36 195
1715	37 165 170 4
1716	74 82 128 197
1717	132 67 186 114
1718	173 168 123 5
1719	12 88 70 130
1720	13 186 128 21
1721	107 33 122 36
1722	94 89 95 84
1723	132 155 146 145
1724	41 113 119 175
1725	26 146 33 114
1726	31 73 96 188
1727	181 128 51 169
1728	61 47 142 188
1729	101 34 116 6
1730	198 147 84 9
1731	107 128 94 71
1732	38 6 183 70
1733	79 96 26 73
1734	74 111 123 51
1735	45 170 133 196
1736	109 113 30 122
1737	81 118 114 147
1738	190 5 131 75
1739	141 181 51 189
1740	104 110 199 165
1741	183 106 74 129
1742	134 76 38 81
1743	49 129 178 13
1744	57 165 137 69
1745	198 70 11 37
1746	121 24 2 25
1747	193 112 120 163
1748	123 129 154 126
1749	13 154 194 28
1750	19 2 133 141
1751	162 143 71 78
1752	163 4 187 49
1753	39 157 13 125
1754	86 63 73 170
1755	33 177 142 34
1756	135 57 134 23
1757	26 131 88 57
1758	195 10 197 69
1759	93 15 116 37
1760	42 57 176 115
1761	116 200 162 46
1762	113 56 60 192
1763	58 134 39 90
1764	64 168 121 152
1765	68 188 29 56
1766	104 139 172 16
1767	148 178 162 54
1768	144 71 90 72
1769	34 105 12 42
1770	133 11 21 124
1771	23 62 151 177
1772	151 149 74 172
1773	121 178 157 189
1774	23 41 126 195
1775	46 108 167 21
1776	178 10 181 146
1777	27 160 159 10
1778	153 138 133 16
1779	165 82 49 145
1780	10 81 15 37
1781	66 127 74 179
1782	157 58 52 180
1783	185 56 86 176
1784	14 47 83 106
1785	182 185 138 60
1786	99 189 132 172
1787	30 43 127 143
1788	192 170 1 32
1789	177 195 54 119
1790	78 165 181 14
1791	51 35 199 191
1792	141 158 69 144
1793	28 44 164 87
1794	63 131 125 69
1795	98 112 87 49
1796	164 125 97 17
1797	39 63 156 139
1798	191 86 115 64
1799	89 123 162 75
1800	186 7 158 6
1801	3 24 42 70
1802	31 35 72 57
1803	116 133 189 150
1804	200 79 37 174
1805	194 21 145 45
1806	151 83 88 114
1807	14 103 148 7
1808	34 164 76 103
1809	163 127 176 197
1810	89 37 137 24
1811	86 2 150 84
1812	168 87 155 8
1813	72 118 26 106
1814	123 12 45 184
1815	98 34 21 33
1816	40 190 118 199
1817	46 44 185 172
1818	38 109 113 184
1819	121 122 34 133
1820	45 196 139 66
1821	141 143 120 89
1822	109 125 126 11
1823	179 111 56 183
1824	166 66 168 135
1825	160 61 135 178
1826	139 91 32 14
1827	76 181 65 25
1828	51 143 85 197
1829	96 199 157 40
1830	90 145 116 35
1831	129 11 30 42
1832	175 32 80 97
1833	106 27 76 126
1834	143 62 194 116
1835	192 32 22 142
1836	132 183 98 21
1837	82 123 57 171
1838	140 34 182 40
1839	170 155 76 194
1840	126 165 30 166
1841	175 156 47 90
1842	6 103 47 10
1843	99 22 182 134
1844	197 84 192 118
1845	61 68 3 170
1846	15 142 200 26
1847	103 53 26 29
1848	151 53 68 133
1849	182 179 164 66
1850	5 99 55 166
1851	198 43 147 185
1852	35 56 161 130
1853	66 168 179 138
1854	74 79 94 29
1855	160 84 44 108
1856	26 9 30 107
1857	59 148 132 117
1858	198 104 57 41
1859	119 63 1 100
1860	69 77 53 86
1861	61 104 168 182
1862	3 122 193 1
1863	10 46 191 40
1864	133 99 185 112
1865	192 61 8 90
1866	182 184 6 175
1867	48 125 102 65
1868	120 144 48 113
1869	83 124 64 75
1870	32 178 190 139
1871	121 14 28 67
1872	117 121 103 33
1873	142 113 31 12
1874	80 91 89 153
1875	134 44 84 158
1876	124 194 178 126
1877	11 96 113 74
1878	28 99 105 109
1879	102 17 123 98
1880	177 164 180 101
1881	56 116 34 165
1882	80 14 115 109
1883	75 133 185 86
1884	177 15 189 150
1885	197 91 89 175
1886	173 24 46 179
1887	33 19 138 47
1888	110 140 7 78
1889	34 131 112 154
1890	81 18 43 80
1891	149 68 172 14
1892	74 143 162 177
1893	130 165 20 88
1894	47 170 58 91
1895	87 44 8 15
1896	97 48 161 178
1897	60 71 45 143
1898	186 16 185 109
1899	89 90 94 74
1900	166 106 8 131
1901	170 196 11 162
1902	32 73 154 26
1903	181 93 62 111
1904	187 107 139 48
1905	120 34 63 39
1906	26 119 48 44
1907	67 48 186 9
1908	176 107 155 88
1909	130 88 48 16
1910	70 168 200 137
1911	68 7 133 87
1912	166 1 80 194
1913	86 156 44 68
1914	83 196 49 54
1915	177 163 63 107
1916	127 83 129 138
1917	27 105 128 167
1918	129 95 92 51
1919	43 94 140 100
1920	110 51 71 97
1921	114 103 180 190
1922	147 191 187 109
1923	84 162 64 140
1924	61 66 93 187
1925	148 22 160 45
1926	130 165 21 37
1927	199 157 70 118
1928	139 164 40 29
1929	167 130 82 48
1930	171 124 1 123
1931	60 23 199 48
1932	167 27 89 19
1933	174 63 48 139
1934	88 151 137 84
1935	124 71 101 174
1936	29 92 104 153
1937	188 79 164 111
1938	181 28 161 91
1939	190 30 187 3
1940	155 199 92 100
1941	73 36 21 135
1942	36 14 165 81
1943	171 92 58 42
1944	62 13 110 75
1945	29 14 50 82
1946	11 78 106 37
1947	189 194 145 97
1948	192 104 163 109
1949	96 131 147 7
1950	52 181 159 155
1951	186 7 164 192
1952	133 51 119 155
1953	60 140 177 196
1954	143 77 158 72
1955	43 176 47 62
1956	137 130 100 144
1957	15 94 50 47
1958	147 163 9 181
1959	97 169 33 200
1960	140 53 58 123
1961	62 145 69 93
1962	55 123 26 97
1963	167 176 83 90
1964	100 32 106 82
1965	101 67 159 115
1966	88 2 162 61
1967	142 14 114 139
1968	122 16 116 108
1969	71 174 177 163
1970	165 186 48 177
1971	49 5 66 26
1972	30 148 14 137
1973	5 173 21 85
1974	59 86 24 82
1975	36 173 67 179
1976	19 110 33 141
1977	1 183 148 67
1978	145 45 181 171
1979	184 173 98 12
1980	28 140 43 170
1981	163 39 138 28
1982	28 164 114 190
1983	41 21 54 121
1984	115 195 104 124
1985	70 103 17 198
1986	21 190 99 30
1987	23 192 51 36
1988	40 25 153 107
1989	161 140 99 116
1990	84 77 60 91
1991	153 117 13 144
1992	175 94 105 10
1993	94 164 176 14
1994	21 23 129 50
1995	190 27 117 60
1996	33 36 111 118
1997	175 129 143 61
1998	65 109 140 53
1999	106 77 122 173
2000	13 199 177 172
