Students	2000
1	129 137 173 180
2	109 189 199 176
3	78 100 2 51
4	106 103 163 137
5	41 57 121 197
6	198 111 180 131
7	114 110 30 199
8	192 47 20 53
9	191 34 70 170
10	58 84 178 102
11	186 138 87 154
12	56 66 17 1
13	183 198 114 22
14	49 132 101 138
15	47 28 157 64
16	198 119 85 108
17	44 72 58 154
18	63 86 189 73
19	172 23 131 115
20	103 94 121 99
21	74 11 13 25
22	135 160 44 200
23	105 41 154 139
24	88 180 48 165
25	81 194 3 36
26	52 130 20 15
27	93 167 178 160
28	33 52 107 126
29	68 86 173 65
30	194 135 69 198
31	9 74 109 25
32	160 123 191 85
33	90 138 110 60
34	104 6 177 44
35	192 8 130 165
36	67 171 88 1
37	68 148 186 135
38	102 33 197 7
39	130 142 56 152
40	80 96 154 83
41	167 147 106 73
42	151 161 100 72
43	109 23 40 189
44	30 15 174 131
45	19 135 100 187
46	192 50 152 120
47	43 44 162 90
48	23 154 35 21
49	119 36 22 135
50	39 75 149 86
51	118 131 123 193
52	198 41 72 164
53	146 85 93 148
54	177 2 106 195
55	159 101 87 81
56	153 159 13 39
57	62 128 76 168
58	35 119 39 171
59	66 179 183 17
60	129 64 69 124
61	33 141 88 37
62	178 58 136 191
63	111 20 13 96
64	128 30 15 22
65	109 150 154 161
66	97 184 46 197
67	145 26 175 125
68	168 121 99 23
69	43 164 16 70
70	147 94 96 24
71	19 11 54 102
72	132 52 115 184
73	47 191 180 5
74	189 188 62 63
75	163 104 183 32
76	132 41 199 62
77	184 64 31 60
78	7 174 193 22
79	112 31 130 53
80	136 122 165 103
81	106 30 94 86
82	154 156 24 194
83	47 177 117 87
84	77 6 49 107
85	107 144 168 18
86	186 62 178 95
87	22 70 17 106
88	96 62 171 72
89	124 117 121 111
90	47 181 188 198
91	52 179 43 133
92	40 22 95 151
93	153 152 154 43
94	61 48 41 104
95	39 178 72 147
96	166 65 89 96
97	200 127 43 87
98	6 153 174 183
99	193 53 24 133
100	62 186 159 59
101	142 153 59 4
102	200 11 124 141
103	41 127 140 52
104	9 172 5 133
105	170 163 142 196
106	173 67 21 185
107	63 194 71 187
108	55 34 93 196
109	108 101 124 114
110	7 138 15 180
111	13 56 200 189
112	109 140 15 164
113	171 72 87 93
114	137 79 80 10
115	104 147 15 148
116	14 163 118 109
117	76 101 155 8
118	71 193 48 40
119	94 117 82 49
120	26 94 12 101
121	107 28 26 194
122	69 110 195 103
123	152 53 20 151
124	106 192 161 114
125	73 45 41 162
126	137 74 167 168
127	185 75 124 56
128	68 136 10 15
129	120 75 185 28
130	178 102 195 90
131	3 160 123 87
132	38 66 6 76
133	1 182 119 106
134	145 50 187 48
135	184 149 55 94
136	59 35 109 162
137	23 157 21 175
138	144 3 17 183
139	126 131 135 98
140	166 96 6 52
141	180 152 184 50
142	86 21 39 177
143	83 58 38 119
144	154 88 21 145
145	57 47 86 165
146	9 95 41 160
147	71 93 96 66
148	169 138 38 196
149	131 154 72 133
150	196 37 95 52
151	43 182 124 107
152	97 119 156 38
153	127 50 199 101
154	8 135 32 162
155	118 115 48 11
156	118 53 14 51
157	148 142 71 120
158	22 39 151 172
159	3 38 88 2
160	138 180 145 117
161	59 157 198 194
162	29 19 48 64
163	13 168 185 116
164	113 81 97 42
165	120 68 62 177
166	34 193 82 121
167	65 179 104 74
168	142 189 147 123
169	170 164 40 20
170	105 185 37 161
171	64 97 130 80
172	20 72 11 99
173	73 38 70 68
174	142 13 138 152
175	126 184 82 122
176	178 5 98 147
177	96 162 3 78
178	19 151 178 133
179	27 129 102 45
180	15 142 197 64
181	181 158 169 190
182	136 126 146 187
183	15 10 117 174
184	110 72 116 98
185	9 49 157 59
186	166 63 194 157
187	174 126 154 100
188	90 147 15 34
189	163 22 155 173
190	134 171 131 16
191	127 119 71 145
192	118 71 26 3
193	100 34 83 6
194	16 162 72 93
195	194 71 144 78
196	17 68 199 146
197	44 75 156 110
198	114 70 122 31
199	171 82 199 118
200	111 21 95 135
201	190 102 23 88
202	84 158 7 173
203	120 93 30 76
204	89 190 168 171
205	51 156 7 44
206	180 78 51 144
207	39 180 85 176
208	67 19 127 148
209	27 198 95 163
210	97 90 100 33
211	114 174 63 121
212	75 122 144 121
213	131 45 122 119
214	59 185 83 46
215	118 135 112 23
216	25 71 6 65
217	54 69 60 48
218	50 17 135 120
219	144 36 158 79
220	90 168 147 148
221	198 127 187 103
222	135 9 53 88
223	161 79 164 104
224	55 125 185 22
225	160 74 145 15
226	50 23 115 172
227	65 110 149 105
228	74 145 195 50
229	5 61 143 178
230	130 53 132 94
231	8 50 61 109
232	79 2 23 65
233	97 38 32 195
234	47 51 71 88
235	200 97 34 128
236	188 148 1 89
237	137 167 195 87
238	114 30 6 200
239	48 137 27 170
240	60 118 56 104
241	77 86 94 6
242	154 56 44 65
243	125 8 84 87
244	24 165 57 1
245	41 12 107 161
246	159 174 82 27
247	147 149 86 57
248	56 113 123 111
249	51 123 193 91
250	59 185 134 124
251	148 191 156 3
252	121 36 15 118
253	169 115 125 100
254	127 11 3 75
255	114 119 93 50
256	36 70 32 86
257	153 75 134 77
258	19 72 114 107
259	193 47 69 194
260	105 61 63 91
261	154 57 192 28
262	101 108 194 55
263	23 154 96 20
264	156 40 71 69
265	28 3 78 45
266	144 165 121 62
267	190 123 174 127
268	135 158 199 116
269	112 108 174 115
270	149 95 119 41
271	87 109 134 188
272	3 152 62 103
273	130 159 6 25
274	74 169 116 93
275	54 101 200 20
276	164 67 96 169
277	167 52 198 56
278	133 61 161 160
279	182 199 159 81
280	98 34 62 57
281	100 115 148 200
282	139 112 3 6
283	173 160 85 77
284	112 100 56 137
285	102 138 192 129
286	51 15 23 103
287	117 49 197 182
288	171 25 11 200
289	120 49 65 127
290	109 138 135 18
291	96 35 90 71
292	57 141 172 158
293	40 26 131 111
294	14 131 143 170
295	164 78 39 163
296	85 82 14 31
297	138 87 85 77
298	31 121 71 59
299	120 50 90 163
300	133 190 172 66
301	41 53 96 164
302	174 57 37 140
303	128 117 161 18
304	134 92 181 61
305	73 13 4 195
306	60 197 117 138
307	79 48 151 65
308	48 165 66 37
309	138 105 33 184
310	77 1 51 74
311	77 162 183 184
312	4 78 103 46
313	97 29 134 163
314	167 125 131 104
315	31 92 90 44
316	106 35 80 137
317	90 3 122 120
318	159 84 44 143
319	21 163 152 151
320	92 197 74 182
321	85 88 18 98
322	51 166 94 72
323	151 68 111 72
324	54 15 191 81
325	162 91 59 159
326	86 75 80 190
327	33 150 161 69
328	93 49 161 146
329	151 72 96 122
330	188 156 35 120
331	57 35 4 30
332	104 156 88 29
333	146 133 77 21
334	192 48 112 135
335	188 3 41 143
336	168 12 96 156
337	144 28 127 85
338	95 53 157 117
339	200 195 116 138
340	66 127 146 114
341	87 18 50 140
342	75 97 184 22
343	77 151 9 41
344	25 114 121 85
345	153 177 28 8
346	68 182 37 110
347	153 129 69 120
348	167 176 177 42
349	199 174 47 76
350	37 187 198 146
351	77 172 136 11
352	18 196 48 9
353	198 146 4 178
354	147 61 60 153
355	15 147 21 58
356	153 197 8 127
357	170 146 70 17
358	81 72 139 46
359	175 77 169 151
360	165 70 101 121
361	58 76 22 44
362	16 49 118 175
363	51 78 180 174
364	178 118 44 179
365	34 80 178 119
366	196 187 92 26
367	182 98 106 29
368	193 27 116 143
369	177 196 155 153
370	126 36 24 179
371	98 106 101 59
372	182 98 148 139
373	123 140 164 183
374	21 166 71 95
375	173 200 45 147
376	126 64 8 14
377	110 133 184 168
378	31 7 88 133
379	151 186 16 197
380	10 18 21 43
381	134 133 7 50
382	184 74 78 44
383	153 20 128 174
384	68 70 191 150
385	132 81 18 79
386	54 170 183 70
387	44 134 115 122
388	190 177 189 9
389	4 41 185 43
390	13 62 98 183
391	64 150 76 31
392	89 46 56 183
393	104 121 30 99
394	166 157 190 85
395	103 113 62 69
396	43 68 94 147
397	92 165 159 150
398	121 137 115 24
399	23 35 17 150
400	99 72 197 73
401	100 5 12 155
402	1 197 112 129
403	100 187 57 56
404	57 162 185 101
405	178 164 121 37
406	159 154 59 20
407	103 19 101 190
408	31 124 98 97
409	96 91 37 56
410	80 150 181 112
411	176 68 133 66
412	196 174 117 109
413	163 118 105 10
414	49 130 187 137
415	13 12 120 14
416	25 167 16 18
417	140 152 58 167
418	120 33 199 61
419	141 4 48 63
420	137 155 99 189
421	81 173 200 184
422	175 183 150 69
423	97 67 158 47
424	52 27 113 47
425	65 175 116 44
426	133 65 15 76
427	65 144 32 13
428	157 73 100 62
429	51 159 105 101
430	141 96 15 134
431	159 9 87 67
432	81 165 11 90
433	143 113 122 7
434	183 74 37 16
435	70 15 53 102
436	174 72 86 88
437	48 84 155 129
438	90 4 124 172
439	58 190 19 123
440	175 26 163 105
441	180 100 34 191
442	150 69 107 21
443	19 132 195 1
444	8 185 144 19
445	191 134 23 110
446	92 103 37 183
447	26 45 133 134
448	122 67 193 130
449	145 188 11 88
450	170 125 138 169
451	72 43 140 8
452	99 66 9 92
453	112 173 91 24
454	131 134 10 199
455	161 70 14 65
456	85 145 82 198
457	105 28 182 77
458	57 56 98 125
459	46 14 189 77
460	68 78 47 44
461	142 87 106 19
462	105 63 178 32
463	96 60 172 177
464	11 149 91 38
465	83 137 72 24
466	139 135 129 82
467	103 125 168 78
468	137 192 141 63
469	69 18 47 67
470	92 174 127 8
471	124 48 113 53
472	16 161 173 68
473	78 180 51 109
474	181 22 123 68
475	51 85 189 190
476	97 47 159 55
477	153 125 113 154
478	184 93 101 140
479	105 56 66 107
480	146 32 159 137
481	169 82 28 106
482	71 142 163 117
483	174 150 152 62
484	113 65 3 166
485	157 147 13 76
486	158 109 101 4
487	73 183 127 37
488	23 100 99 68
489	120 4 164 53
490	185 183 17 189
491	24 118 125 39
492	106 101 111 89
493	42 177 110 107
494	175 118 168 31
495	164 149 163 101
496	66 135 130 9
497	122 22 76 118
498	190 63 81 119
499	51 61 60 107
500	4 162 198 200
501	49 96 41 101
502	123 18 10 21
503	90 46 160 49
504	192 153 98 100
505	31 34 109 46
506	156 85 107 24
507	152 16 197 130
508	116 31 183 77
509	112 65 71 9
510	116 140 52 146
511	184 80 113 6
512	87 181 34 154
513	182 180 184 88
514	62 171 14 36
515	27 117 68 106
516	132 107 42 73
517	111 7 50 134
518	37 20 23 148
519	96 24 161 9
520	161 92 195 56
521	109 93 105 102
522	8 85 75 86
523	57 73 191 116
524	45 148 58 61
525	63 149 106 14
526	39 198 183 31
527	67 51 72 100
528	69 189 150 176
529	34 64 44 136
530	20 147 193 26
531	187 103 159 78
532	108 33 178 47
533	158 139 144 30
534	89 159 67 140
535	56 82 163 72
536	112 61 40 102
537	61 41 95 195
538	169 116 156 189
539	126 5 29 13
540	106 29 181 145
541	118 43 73 48
542	72 104 70 130
543	37 120 171 166
544	20 187 77 190
545	150 141 191 74
546	76 180 170 100
547	158 88 99 104
548	58 66 153 20
549	13 106 47 182
550	136 60 167 134
551	149 86 170 28
552	199 11 23 174
553	185 98 189 129
554	108 186 17 73
555	37 180 63 53
556	125 163 99 199
557	186 32 197 23
558	56 12 25 54
559	26 13 164 172
560	53 95 179 166
561	174 64 94 109
562	93 20 101 36
563	68 111 93 40
564	55 48 105 170
565	186 32 86 36
566	39 3 168 178
567	104 151 42 192
568	150 8 119 126
569	2 20 29 57
570	108 144 167 36
571	105 42 83 3
572	39 12 154 51
573	162 153 54 104
574	134 58 103 24
575	111 56 50 129
576	123 83 186 166
577	183 122 1 17
578	36 43 157 67
579	137 114 32 84
580	193 128 121 184
581	29 42 125 43
582	119 170 181 195
583	193 99 57 88
584	159 95 25 70
585	13 123 103 146
586	120 109 96 102
587	166 24 185 57
588	173 194 34 17
589	114 105 196 165
590	9 195 161 154
591	167 134 110 91
592	160 10 141 62
593	116 74 63 80
594	170 120 142 167
595	195 100 181 41
596	26 20 108 183
597	64 115 196 94
598	59 62 38 145
599	9 65 46 8
600	48 58 189 177
601	153 117 172 112
602	72 136 92 198
603	174 192 135 50
604	14 128 21 83
605	24 83 191 11
606	77 49 116 73
607	190 73 52 131
608	5 59 155 102
609	162 194 53 187
610	138 96 147 130
611	165 150 148 146
612	131 25 24 39
613	59 134 107 18
614	131 129 164 173
615	32 125 22 149
616	40 167 3 134
617	188 71 120 102
618	98 35 200 102
619	147 121 107 73
620	200 39 173 154
621	181 80 57 121
622	152 182 157 192
623	28 134 18 137
624	185 51 76 103
625	127 26 182 22
626	74 54 56 102
627	131 156 110 36
628	143 78 45 106
629	40 22 55 199
630	113 49 128 144
631	161 32 86 153
632	177 106 196 21
633	182 25 165 193
634	13 21 193 173
635	32 142 116 194
636	75 93 60 86
637	149 65 192 29
638	118 167 110 129
639	195 187 133 41
640	39 199 186 33
641	10 169 77 193
642	35 189 37 22
643	116 122 60 102
644	175 48 83 114
645	149 163 69 189
646	152 20 119 156
647	128 164 94 114
648	59 9 54 107
649	171 101 27 59
650	2 27 150 47
651	74 67 76 33
652	54 132 113 56
653	141 17 134 91
654	137 85 139 164
655	100 7 140 109
656	124 129 39 185
657	186 64 188 129
658	42 181 116 197
659	194 162 104 6
660	191 76 27 134
661	181 157 97 160
662	62 48 165 69
663	117 85 194 38
664	139 161 60 136
665	95 21 63 101
666	175 173 114 90
667	11 41 56 83
668	27 58 143 179
669	196 67 155 137
670	89 189 171 158
671	25 115 139 172
672	105 145 24 77
673	196 107 59 61
674	194 93 42 132
675	154 169 122 179
676	92 55 54 187
677	52 14 27 48
678	143 2 116 151
679	136 146 124 20
680	65 103 199 171
681	60 88 20 100
682	184 147 153 88
683	41 44 26 199
684	122 83 36 65
685	110 61 138 116
686	174 123 43 29
687	143 16 104 102
688	119 100 193 95
689	135 121 67 188
690	25 61 78 82
691	74 50 166 24
692	89 77 48 38
693	101 153 66 154
694	193 99 21 197
695	78 37 80 34
696	66 187 176 36
697	200 178 33 71
698	5 140 117 76
699	120 166 83 145
700	168 19 103 142
701	193 140 66 149
702	115 113 159 63
703	79 67 109 135
704	135 125 20 136
705	112 65 170 161
706	195 2 186 163
707	78 182 59 198
708	177 8 122 190
709	167 130 165 25
710	185 55 83 120
711	178 149 7 63
712	180 74 79 143
713	142 94 109 179
714	46 178 112 192
715	92 76 190 78
716	8 147 174 93
717	180 49 85 76
718	25 36 89 175
719	10 159 167 14
720	122 22 101 49
721	31 198 67 161
722	79 104 185 199
723	20 180 104 15
724	158 194 41 126
725	150 63 134 128
726	25 199 179 105
727	176 122 110 52
728	181 192 49 55
729	121 46 155 179
730	177 188 83 35
731	161 142 176 36
732	59 38 24 160
733	16 19 51 144
734	124 189 15 187
735	133 194 142 49
736	199 88 140 99
737	92 130 39 76
738	13 186 44 196
739	127 60 107 115
740	114 156 134 19
741	18 82 175 29
742	87 146 101 76
743	102 180 66 97
744	186 137 187 159
745	139 50 25 183
746	37 63 198 14
747	85 200 7 82
748	94 61 67 87
749	25 28 91 63
750	139 158 124 169
751	160 179 2 113
752	200 62 8 3
753	155 124 126 67
754	125 85 53 155
755	89 141 139 6
756	17 148 132 190
757	110 95 107 85
758	37 58 2 142
759	85 90 4 83
760	124 121 95 137
761	104 87 124 50
762	155 54 143 79
763	73 69 88 60
764	143 19 74 78
765	135 170 52 92
766	139 111 15 71
767	56 84 110 198
768	37 135 77 197
769	81 120 144 34
770	174 185 130 121
771	43 172 133 93
772	67 92 190 153
773	123 154 144 12
774	162 75 130 163
775	20 140 171 82
776	151 108 30 40
777	122 166 131 47
778	62 182 77 104
779	152 145 54 49
780	52 147 166 27
781	62 5 56 93
782	118 142 84 189
783	150 159 33 52
784	121 119 59 52
785	50 130 26 24
786	19 178 199 145
787	121 69 55 72
788	23 187 171 189
789	178 131 146 165
790	92 127 168 159
791	99 59 157 115
792	17 90 7 91
793	85 74 113 174
794	135 63 113 71
795	121 197 117 145
796	179 23 40 9
797	146 118 112 194
798	70 116 16 148
799	11 29 106 8
800	158 98 33 101
801	80 172 185 143
802	130 169 126 177
803	123 151 122 133
804	82 125 48 102
805	112 140 178 171
806	29 87 189 63
807	163 146 113 178
808	175 182 37 38
809	198 107 191 70
810	70 58 65 50
811	62 48 30 58
812	105 19 60 6
813	179 8 21 2
814	168 78 81 72
815	36 33 31 187
816	71 28 121 47
817	197 14 128 101
818	81 77 32 175
819	127 46 156 98
820	83 131 101 70
821	115 41 17 176
822	158 75 60 150
823	68 81 84 16
824	47 8 177 69
825	74 111 151 68
826	25 46 73 53
827	90 168 4 199
828	152 92 130 133
829	167 194 155 58
830	66 124 68 128
831	43 173 12 73
832	132 60 127 126
833	9 107 83 41
834	68 110 61 64
835	54 140 8 29
836	29 170 85 125
837	179 43 193 187
838	169 160 141 150
839	53 167 77 32
840	130 149 51 173
841	160 172 129 46
842	118 14 2 80
843	112 95 154 28
844	4 198 87 142
845	80 183 42 112
846	78 143 153 38
847	16 101 44 183
848	5 147 166 169
849	177 118 41 111
850	92 72 59 152
851	119 151 124 46
852	75 27 88 150
853	176 57 28 124
854	131 172 122 22
855	2 140 76 171
856	101 158 11 49
857	17 107 189 109
858	152 58 49 116
859	88 142 78 199
860	174 158 113 36
861	11 165 104 39
862	191 195 24 46
863	25 117 122 12
864	98 62 76 78
865	167 186 46 111
866	200 151 114 14
867	108 196 165 75
868	189 29 3 107
869	74 151 130 150
870	171 1 43 138
871	22 176 88 91
872	24 174 179 109
873	166 147 184 156
874	147 8 63 45
875	104 71 75 156
876	75 63 155 125
877	65 62 106 27
878	169 2 137 153
879	105 21 86 53
880	192 117 96 32
881	133 11 75 108
882	48 77 90 120
883	118 135 124 183
884	155 184 157 192
885	12 83 73 76
886	123 110 25 182
887	199 53 82 57
888	185 199 128 121
889	2 39 7 140
890	193 54 161 156
891	17 100 173 146
892	112 99 22 185
893	142 47 167 155
894	76 188 101 138
895	155 126 15 129
896	189 18 129 170
897	154 173 12 116
898	83 171 175 169
899	134 6 85 14
900	177 33 126 22
901	6 28 137 151
902	169 4 171 198
903	39 187 110 90
904	155 166 68 124
905	158 193 94 174
906	151 27 200 105
907	141 157 12 84
908	4 37 131 84
909	157 99 24 6
910	37 165 106 32
911	103 128 72 164
912	112 157 51 114
913	117 110 81 31
914	169 53 73 77
915	41 104 27 79
916	141 158 18 77
917	87 172 96 108
918	130 140 125 86
919	139 131 71 173
920	118 61 80 172
921	114 78 173 82
922	5 120 87 125
923	198 186 177 62
924	182 164 108 39
925	113 16 147 136
926	50 75 198 42
927	103 21 200 10
928	148 156 69 152
929	61 138 113 13
930	62 185 38 5
931	92 111 85 93
932	124 144 187 191
933	113 142 55 58
934	2 93 70 148
935	124 113 136 96
936	37 92 2 142
937	59 78 63 14
938	68 70 151 82
939	105 99 179 114
940	9 63 30 135
941	29 76 99 196
942	60 181 12 116
943	193 65 67 119
944	144 66 138 65
945	156 128 82 111
946	144 83 175 53
947	32 72 56 162
948	153 185 13 93
949	9 96 140 34
950	152 169 189 88
951	26 30 17 156
952	80 112 166 186
953	6 181 130 94
954	31 181 156 188
955	23 186 89 27
956	74 52 132 93
957	113 150 155 99
958	64 99 152 173
959	7 6 56 73
960	155 8 11 3
961	144 29 71 154
962	191 161 176 186
963	59 31 156 22
964	9 139 118 198
965	70 56 37 184
966	152 73 160 56
967	113 92 84 112
968	87 88 180 36
969	150 137 186 133
970	66 1 170 158
971	45 164 18 6
972	121 60 147 81
973	186 62 158 40
974	82 98 15 171
975	119 140 116 157
976	38 73 160 15
977	27 37 104 73
978	10 34 113 23
979	46 107 24 125
980	95 42 46 111
981	98 180 16 73
982	17 121 147 172
983	111 137 181 97
984	19 166 155 81
985	49 36 181 182
986	54 80 24 141
987	85 52 187 34
988	165 106 186 156
989	196 40 163 171
990	29 75 27 59
991	31 55 182 102
992	66 130 29 1
993	26 22 90 110
994	73 79 69 11
995	24 186 177 135
996	61 180 195 66
997	186 187 90 24
998	91 66 148 39
999	45 26 89 111
1000	113 45 139 48
1001	27 86 137 21
1002	8 158 188 153
1003	91 31 195 69
1004	177 188 122 145
1005	166 181 81 88
1006	120 10 196 165
1007	79 80 163 1
1008	99 150 76 45
1009	16 6 143 34
1010	5 81 4 28
1011	93 156 129 139
1012	104 116 163 37
1013	56 153 166 141
1014	72 100 132 178
1015	192 118 171 121
1016	200 70 177 71
1017	83 187 2 120
1018	108 80 137 34
1019	19 183 162 142
1020	67 15 4 60
1021	118 23 47 10
1022	14 82 85 139
1023	200 44 80 40
1024	195 174 157 99
1025	154 174 132 163
1026	180 13 5 40
1027	198 9 11 77
1028	91 12 192 157
1029	184 192 29 90
1030	148 112 113 29
1031	19 122 178 10
1032	16 146 96 84
1033	143 189 2 54
1034	193 2 146 54
1035	9 186 158 53
1036	2 159 18 96
1037	135 170 93 60
1038	164 132 141 185
1039	62 72 176 7
1040	97 52 41 13
1041	110 55 194 190
1042	85 172 93 86
1043	129 14 4 195
1044	48 200 118 32
1045	189 155 49 144
1046	104 129 111 107
1047	146 198 113 85
1048	10 170 19 143
1049	54 76 138 120
1050	25 163 1 36
1051	7 48 198 135
1052	154 192 23 55
1053	126 84 89 46
1054	23 122 124 31
1055	53 24 58 113
1056	102 128 44 164
1057	136 173 122 191
1058	192 82 161 78
1059	179 47 34 136
1060	164 59 16 158
1061	117 169 64 65
1062	38 7 107 193
1063	140 65 108 157
1064	20 22 137 77
1065	124 15 147 140
1066	63 114 52 13
1067	64 169 152 72
1068	114 102 88 115
1069	5 69 15 197
1070	45 164 160 95
1071	40 79 126 64
1072	83 141 143 100
1073	38 58 60 132
1074	75 156 110 68
1075	96 103 36 52
1076	21 148 154 31
1077	45 20 21 128
1078	47 145 90 63
1079	143 98 120 166
1080	191 175 64 98
1081	108 187 44 128
1082	157 170 139 49
1083	83 28 1 21
1084	59 51 12 79
1085	2 19 61 8
1086	16 112 10 18
1087	168 146 161 199
1088	199 27 181 37
1089	145 68 174 95
1090	32 152 42 143
1091	108 172 23 32
1092	34 166 101 117
1093	165 196 120 164
1094	167 131 140 113
1095	134 149 129 25
1096	109 95 167 16
1097	108 149 157 197
1098	27 182 74 64
1099	20 153 17 51
1100	176 199 193 23
1101	61 162 135 152
1102	33 25 132 100
1103	39 114 193 9
1104	47 157 29 135
1105	119 76 178 73
1106	156 79 105 123
1107	8 91 171 107
1108	140 199 160 132
1109	169 85 53 107
1110	17 66 193 195
1111	69 161 61 23
1112	62 15 189 60
1113	189 36 88 24
1114	171 124 194 40
1115	174 27 107 34
1116	55 140 153 170
1117	23 9 136 176
1118	134 155 178 119
1119	101 157 197 26
1120	165 158 194 106
1121	66 102 47 160
1122	20 33 1 193
1123	102 41 15 182
1124	30 115 175 184
1125	2 141 127 87
1126	108 21 74 142
1127	111 59 148 166
1128	33 163 62 58
1129	138 135 143 198
1130	139 123 42 57
1131	110 86 130 79
1132	25 130 170 101
1133	154 113 57 48
1134	134 2 68 66
1135	79 181 34 132
1136	80 150 187 107
1137	134 40 137 105
1138	42 119 102 16
1139	36 19 75 192
1140	155 139 179 150
1141	184 163 144 59
1142	118 1 115 184
1143	80 105 163 51
1144	36 140 179 85
1145	18 188 135 13
1146	27 194 186 7
1147	56 118 157 87
1148	148 47 80 44
1149	94 125 74 147
1150	81 128 112 136
1151	52 136 48 37
1152	99 14 125 114
1153	1 110 106 104
1154	105 129 134 98
1155	35 190 139 88
1156	40 158 2 25
1157	179 143 176 28
1158	36 113 166 144
1159	155 190 143 80
1160	4 177 173 170
1161	154 148 140 168
1162	50 108 180 109
1163	175 166 131 23
1164	177 107 62 89
1165	196 180 92 31
1166	8 74 128 2
1167	33 194 190 69
1168	30 155 50 129
1169	187 135 61 44
1170	160 155 196 138
1171	161 116 127 72
1172	61 117 36 146
1173	73 4 62 53
1174	89 16 79 156
1175	101 89 144 141
1176	117 54 90 133
1177	32 79 153 127
1178	74 42 148 154
1179	179 58 56 84
1180	69 164 65 195
1181	128 32 162 38
1182	100 133 43 189
1183	191 139 153 20
1184	88 71 145 81
1185	80 195 162 108
1186	102 176 22 181
1187	27 137 64 193
1188	194 78 84 60
1189	35 3 151 30
1190	102 177 5 166
1191	6 38 133 2
1192	172 184 193 28
1193	50 48 68 4
1194	164 129 195 30
1195	47 138 175 45
1196	71 144 172 15
1197	167 156 189 78
1198	81 93 120 109
1199	140 61 129 62
1200	81 72 67 73
1201	194 147 143 132
1202	125 8 124 160
1203	200 48 93 148
1204	200 80 178 20
1205	103 11 154 170
1206	60 198 128 195
1207	145 182 140 85
1208	169 114 139 32
1209	78 27 24 200
1210	166 32 143 78
1211	155 192 90 83
1212	28 13 75 125
1213	129 11 115 59
1214	138 2 91 21
1215	19 126 63 71
1216	116 11 57 177
1217	97 178 118 93
1218	100 85 71 175
1219	165 15 105 111
1220	148 198 43 9
1221	150 151 60 45
1222	73 186 164 48
1223	73 129 110 143
1224	79 88 93 89
1225	142 116 94 38
1226	108 59 125 124
1227	162 25 93 161
1228	68 142 114 19
1229	14 121 104 124
1230	149 125 113 96
1231	82 33 179 140
1232	166 74 32 81
1233	111 23 167 181
1234	143 101 83 193
1235	177 78 73 104
1236	151 72 136 125
1237	107 180 193 165
1238	170 159 132 109
1239	161 200 55 163
1240	193 96 132 91
1241	90 151 195 9
1242	94 112 76 160
1243	178 199 123 58
1244	176 69 56 193
1245	89 98 130 149
1246	184 143 76 199
1247	20 144 55 162
1248	117 62 136 88
1249	58 80 94 166
1250	90 194 187 24
1251	148 14 37 98
1252	17 191 64 146
1253	137 189 69 18
1254	198 55 114 8
1255	164 147 7 68
1256	19 48 51 35
1257	51 174 143 110
1258	79 28 127 166
1259	181 121 194 57
1260	91 54 162 21
1261	102 124 18 167
1262	192 11 196 100
1263	85 160 199 110
1264	176 45 109 107
1265	133 97 30 42
1266	28 127 49 41
1267	77 129 167 113
1268	149 88 145 196
1269	193 123 79 55
1270	114 137 8 187
1271	177 78 143 82
1272	129 183 65 17
1273	120 168 98 107
1274	150 153 64 114
1275	165 156 178 145
1276	194 86 109 176
1277	73 62 3 56
1278	30 152 37 146
1279	16 194 13 61
1280	117 36 76 154
1281	181 163 130 126
1282	71 128 150 121
1283	22 174 69 162
1284	120 128 156 25
1285	112 39 20 199
1286	142 117 1 196
1287	169 130 171 125
1288	145 5 95 128
1289	24 72 82 138
1290	130 150 140 189
1291	42 29 19 47
1292	43 61 140 107
1293	17 69 189 124
1294	109 71 100 179
1295	10 29 67 94
1296	117 16 29 173
1297	36 172 73 21
1298	134 1 169 165
1299	50 141 130 97
1300	124 171 148 109
1301	35 48 80 43
1302	138 65 84 198
1303	64 200 74 77
1304	76 82 44 162
1305	58 178 50 46
1306	127 70 13 96
1307	153 87 8 144
1308	25 76 103 54
1309	145 100 186 21
1310	79 65 104 54
1311	190 170 41 91
1312	94 47 82 147
1313	14 129 174 7
1314	22 153 82 155
1315	72 49 108 194
1316	39 42 22 97
1317	141 124 115 96
1318	16 195 59 193
1319	82 46 47 52
1320	84 195 97 133
1321	79 105 41 56
1322	193 69 149 124
1323	43 20 122 85
1324	26 10 59 198
1325	127 11 66 143
1326	91 35 142 48
1327	199 86 63 16
1328	61 36 116 180
1329	114 79 43 123
1330	140 162 136 131
1331	198 66 139 55
1332	18 63 6 178
1333	97 55 91 178
1334	26 62 79 92
1335	20 189 21 7
1336	141 162 13 131
1337	35 8 150 25
1338	102 5 28 139
1339	119 155 53 135
1340	31 2 169 47
1341	136 50 30 4
1342	63 138 158 94
1343	124 181 191 92
1344	171 77 109 71
1345	48 56 27 177
1346	151 200 47 90
1347	70 41 129 51
1348	150 154 109 116
1349	99 163 40 97
1350	23 149 159 74
1351	198 22 164 40
1352	108 101 84 15
1353	23 55 192 178
1354	35 182 159 4
1355	4 112 29 144
1356	15 91 161 190
1357	113 104 190 33
1358	171 90 74 69
1359	69 22 143 32
1360	23 42 120 126
1361	124 95 92 6
1362	88 107 34 130
1363	48 93 196 11
1364	181 188 12 130
1365	162 72 56 164
1366	192 98 123 199
1367	61 158 40 148
1368	58 148 147 158
1369	191 159 21 89
1370	112 154 146 55
1371	156 118 86 81
1372	87 57 106 85
1373	191 186 20 196
1374	132 167 134 181
1375	16 80 113 11
1376	23 127 32 169
1377	86 165 181 106
1378	112 116 59 49
1379	52 169 164 70
1380	195 18 20 66
1381	128 149 170 13
1382	1 11 72 26
1383	29 15 20 58
1384	24 42 39 92
1385	166 83 118 176
1386	170 6 30 122
1387	177 180 83 52
1388	101 139 15 131
1389	2 70 11 122
1390	39 103 115 122
1391	135 38 105 127
1392	24 110 173 115
1393	84 118 172 94
1394	5 48 34 31
1395	145 127 129 9
1396	15 46 155 145
1397	70 142 5 83
1398	129 131 152 180
1399	140 113 100 190
1400	52 120 88 94
1401	80 37 94 27
1402	68 130 34 54
1403	76 162 8 105
1404	130 177 190 4
1405	103 26 55 181
1406	177 10 144 191
1407	92 6 48 13
1408	103 184 195 26
1409	65 9 149 131
1410	164 113 68 129
1411	136 197 151 86
1412	6 84 98 134
1413	148 23 127 189
1414	124 164 116 30
1415	167 124 83 31
1416	22 8 175 29
1417	151 12 44 103
1418	32 104 174 67
1419	53 194 162 65
1420	80 99 105 190
1421	173 144 3 143
1422	19 6 147 101
1423	165 62 81 64
1424	160 187 30 180
1425	134 169 46 198
1426	24 164 177 41
1427	114 195 197 193
1428	79 88 54 96
1429	144 87 26 29
1430	112 71 100 158
1431	70 179 107 12
1432	158 101 3 123
1433	187 13 179 171
1434	25 52 107 20
1435	132 142 45 110
1436	48 34 103 51
1437	148 70 101 183
1438	177 2 77 151
1439	117 176 185 109
1440	160 196 182 138
1441	69 129 200 116
1442	179 66 132 119
1443	86 15 73 89
1444	173 164 148 71
1445	100 168 174 110
1446	14 181 100 53
1447	170 30 33 180
1448	73 39 18 33
1449	156 121 17 150
1450	158 136 165 81
1451	125 123 43 69
1452	171 104 139 179
1453	130 104 34 28
1454	3 151 121 119
1455	175 152 144 183
1456	136 15 191 54
1457	54 26 63 81
1458	142 189 93 99
1459	98 197 75 79
1460	187 144 109 87
1461	63 90 117 70
1462	146 30 32 153
1463	5 93 12 178
1464	106 169 165 90
1465	179 135 199 116
1466	195 95 90 5
1467	186 108 198 5
1468	75 98 73 120
1469	164 108 147 40
1470	131 191 150 149
1471	123 16 146 132
1472	193 90 76 112
1473	160 166 87 15
1474	94 183 191 57
1475	55 166 185 142
1476	76 140 29 37
1477	21 194 32 118
1478	86 8 150 26
1479	14 18 47 147
1480	101 166 167 11
1481	155 32 35 14
1482	166 45 77 93
1483	115 106 184 51
1484	101 84 188 13
1485	84 194 171 168
1486	115 107 50 185
1487	119 173 35 74
1488	81 144 109 42
1489	87 110 135 161
1490	8 186 109 71
1491	58 120 119 69
1492	4 42 127 142
1493	95 117 14 27
1494	68 140 10 44
1495	74 128 112 102
1496	65 15 183 42
1497	128 185 120 96
1498	165 102 52 131
1499	77 7 112 183
1500	97 147 17 49
1501	189 39 14 64
1502	127 99 64 88
1503	82 15 170 128
1504	57 172 132 61
1505	13 175 106 83
1506	125 185 110 52
1507	117 105 172 136
1508	133 120 136 5
1509	79 119 73 101
1510	11 43 99 13
1511	68 153 56 154
1512	96 195 189 86
1513	185 132 169 127
1514	160 90 168 97
1515	56 197 159 132
1516	175 110 128 62
1517	95 11 177 162
1518	194 126 99 97
1519	7 179 163 126
1520	150 181 89 9
1521	52 88 171 173
1522	43 57 164 152
1523	109 84 137 48
1524	48 121 101 102
1525	175 173 142 145
1526	29 40 155 120
1527	126 91 58 137
1528	51 96 177 176
1529	30 49 149 84
1530	112 86 71 40
1531	150 126 194 39
1532	77 125 65 93
1533	92 166 162 123
1534	90 154 148 116
1535	75 116 32 68
1536	164 64 101 182
1537	87 30 149 86
1538	3 78 191 137
1539	61 59 49 8
1540	152 12 65 39
1541	50 64 169 16
1542	71 188 62 177
1543	91 84 191 87
1544	84 9 47 91
1545	34 19 198 139
1546	27 74 168 200
1547	174 136 121 19
1548	59 140 92 56
1549	178 160 9 167
1550	85 126 12 43
1551	74 28 10 91
1552	86 120 39 42
1553	78 56 130 79
1554	167 147 95 98
1555	171 64 10 110
1556	91 116 197 9
1557	75 10 194 196
1558	48 33 167 68
1559	61 33 66 194
1560	11 4 72 118
1561	167 3 164 31
1562	184 165 190 71
1563	180 161 192 184
1564	112 81 60 12
1565	121 185 109 25
1566	144 141 174 90
1567	134 93 186 167
1568	26 40 161 4
1569	98 106 104 17
1570	177 171 2 56
1571	50 191 178 109
1572	30 96 46 199
1573	125 134 95 129
1574	65 155 179 130
1575	125 79 180 177
1576	172 41 30 31
1577	118 4 11 79
1578	78 104 178 11
1579	157 27 68 94
1580	130 45 143 91
1581	60 9 41 105
1582	27 105 103 94
1583	189 193 178 161
1584	56 55 197 81
1585	162 179 122 40
1586	168 136 128 5
1587	73 160 91 179
1588	88 22 25 85
1589	91 101 156 48
1590	99 78 195 135
1591	150 114 98 145
1592	95 196 12 75
1593	145 176 151 55
1594	3 35 70 183
1595	27 178 76 151
1596	186 188 47 89
1597	60 118 147 175
1598	116 82 23 200
1599	57 20 17 105
1600	72 19 6 137
1601	30 39 197 163
1602	55 144 173 77
1603	15 172 190 13
1604	155 72 197 154
1605	194 143 101 68
1606	195 161 61 32
1607	158 83 134 4
1608	64 114 30 56
1609	134 33 92 153
1610	127 55 136 51
1611	45 163 138 4
1612	19 54 148 193
1613	42 51 127 71
1614	54 36 137 40
1615	126 93 97 160
1616	43 45 136 15
1617	64 133 69 46
1618	152 67 135 68
1619	128 158 76 7
1620	194 152 30 56
1621	27 93 106 167
1622	9 53 2 26
1623	135 77 60 40
1624	200 178 86 145
1625	65 80 180 79
1626	80 153 84 194
1627	134 48 42 1
1628	181 109 139 5
1629	117 77 160 193
1630	12 59 151 172
1631	188 139 71 173
1632	88 197 116 170
1633	144 93 196 129
1634	110 21 158 184
1635	187 26 170 15
1636	141 134 120 24
1637	31 197 35 54
1638	172 190 134 69
1639	192 90 191 70
1640	93 61 60 143
1641	42 134 39 139
1642	60 135 16 119
1643	183 85 152 128
1644	143 55 37 124
1645	88 120 183 99
1646	198 75 190 161
1647	183 189 112 33
1648	30 75 89 60
1649	125 189 108 79
1650	148 66 129 174
1651	143 11 7 159
1652	26 30 79 99
1653	15 178 25 148
1654	101 43 26 75
1655	182 171 183 174
1656	55 164 44 161
1657	168 103 136 58
1658	21 79 65 93
1659	187 132 166 15
1660	182 121 136 67
1661	9 54 48 161
1662	185 112 59 167
1663	144 87 132 128
1664	80 111 62 3
1665	178 42 131 150
1666	61 29 45 70
1667	8 156 138 147
1668	134 53 2 51
1669	20 6 70 73
1670	155 57 112 163
1671	60 126 182 179
1672	175 107 85 129
1673	176 114 61 198
1674	92 76 4 122
1675	155 144 135 10
1676	164 135 86 24
1677	98 179 60 44
1678	96 180 106 69
1679	148 59 6 112
1680	67 71 161 78
1681	122 157 174 179
1682	119 126 21 72
1683	89 178 150 28
1684	170 54 32 97
1685	172 120 23 168
1686	173 122 37 43
1687	145 158 164 128
1688	144 54 164 70
1689	180 124 137 1
1690	194 72 126 44
1691	149 103 179 39
1692	149 36 65 159
1693	36 80 81 159
1694	74 10 30 109
1695	131 35 90 145
1696	166 190 117 99
1697	144 190 30 152
1698	144 155 26 116
1699	36 31 72 187
1700	103 107 116 190
1701	124 97 167 54
1702	185 197 154 64
1703	169 97 171 46
1704	183 52 151 146
1705	68 167 136 71
1706	65 90 149 107
1707	12 108 32 52
1708	119 96 64 71
1709	184 137 24 185
1710	157 53 166 181
1711	68 1 63 195
1712	80 185 22 144
1713	118 52 187 192
1714	151 161 34 77
1715	59 41 183 82
1716	66 6 150 184
1717	116 34 122 95
1718	117 139 31 112
1719	43 42 151 115
1720	175 16 54 152
1721	7 89 173 57
1722	118 6 12 148
1723	67 76 143 37
1724	111 1 84 90
1725	46 9 189 182
1726	139 124 183 180
1727	38 42 52 19
1728	83 31 50 45
1729	134 66 23 21
1730	136 179 62 189
1731	117 125 90 136
1732	165 88 172 164
1733	133 61 70 179
1734	56 132 9 156
1735	11 35 66 101
1736	163 105 49 28
1737	92 125 61 24
1738	153 5 160 27
1739	190 135 18 9
1740	150 25 141 99
1741	17 129 193 154
1742	127 16 73 41
1743	82 54 70 67
1744	35 98 47 54
1745	79 4 118 149
1746	130 18 196 104
1747	185 10 93 145
1748	198 130 173 176
1749	12 128 167 145
1750	57 84 168 124
1751	48 111 153 35
1752	82 8 172 72
1753	90 187 33 60
1754	69 78 182 79
1755	152 182 1 154
1756	68 104 49 4
1757	127 153 195 121
1758	65 146 96 46
1759	157 76 105 78
1760	16 187 19 181
1761	198 94 3 8
1762	146 85 40 62
1763	33 120 187 129
1764	100 158 98 21
1765	28 165 2 172
1766	101 5 91 140
1767	46 152 39 128
1768	30 113 37 7
1769	28 183 118 134
1770	40 164 74 4
1771	21 98 99 10
1772	181 162 51 65
1773	46 42 190 33
1774	118 74 161 181
1775	145 54 66 130
1776	18 23 79 189
1777	110 75 158 131
1778	170 52 17 113
1779	36 107 114 54
1780	47 90 108 112
1781	113 104 105 27
1782	95 39 74 8
1783	43 178 108 151
1784	175 113 5 92
1785	32 5 159 1
1786	125 149 172 19
1787	2 8 65 107
1788	9 88 101 76
1789	139 13 134 144
1790	102 51 66 151
1791	113 71 165 143
1792	75 188 42 26
1793	71 97 55 181
1794	2 176 121 186
1795	52 42 66 185
1796	199 41 80 178
1797	135 142 109 152
1798	131 149 190 144
1799	108 99 116 59
1800	117 78 5 91
1801	18 154 83 155
1802	138 105 126 50
1803	135 185 122 52
1804	52 161 192 186
1805	162 123 139 25
1806	162 30 188 31
1807	15 13 168 24
1808	54 115 68 125
1809	89 79 61 37
1810	151 72 111 15
1811	140 45 42 105
1812	103 73 171 13
1813	28 59 159 14
1814	191 43 3 161
1815	74 112 57 62
1816	96 163 1 86
1817	28 17 32 39
1818	169 189 122 180
1819	38 18 142 67
1820	15 126 141 184
1821	17 117 98 34
1822	103 125 17 180
1823	59 100 79 69
1824	86 121 154 136
1825	89 114 182 117
1826	175 126 170 108
1827	129 176 47 174
1828	137 197 17 78
1829	163 185 170 93
1830	98 166 128 104
1831	123 149 80 152
1832	58 173 109 145
1833	21 3 126 95
1834	142 188 161 144
1835	108 19 78 177
1836	78 122 20 21
1837	154 113 176 36
1838	168 115 147 198
1839	107 51 81 10
1840	59 103 80 118
1841	125 116 59 167
1842	75 171 199 166
1843	42 163 148 40
1844	15 22 194 159
1845	181 14 138 128
1846	124 121 45 130
1847	14 174 53 78
1848	163 175 173 30
1849	114 113 88 77
1850	45 110 182 79
1851	160 82 38 45
1852	22 53 36 190
1853	21 149 141 166
1854	72 3 111 134
1855	138 112 132 119
1856	147 66 4 183
1857	47 134 17 84
1858	136 4 169 157
1859	162 194 178 1
1860	130 57 125 64
1861	63 76 102 10
1862	45 161 162 47
1863	170 132 181 149
1864	165 174 172 68
1865	178 118 198 185
1866	33 37 116 128
1867	197 15 58 3
1868	22 65 152 167
1869	174 152 54 78
1870	22 70 149 153
1871	125 199 150 1
1872	123 102 180 14
1873	98 160 2 21
1874	156 119 37 158
1875	151 84 21 154
1876	62 32 178 64
1877	46 146 122 44
1878	116 129 92 10
1879	146 68 11 138
1880	178 108 77 30
1881	130 14 145 114
1882	196 119 27 6
1883	7 65 69 173
1884	198 29 17 194
1885	86 188 88 129
1886	94 151 18 134
1887	56 154 148 183
1888	124 66 40 57
1889	28 122 21 112
1890	111 12 121 49
1891	90 139 185 89
1892	50 146 65 83
1893	119 69 136 67
1894	175 197 169 133
1895	164 39 103 53
1896	99 195 120 139
1897	142 126 193 147
1898	32 124 47 20
1899	137 178 156 147
1900	131 67 157 26
1901	138 135 25 34
1902	94 53 162 112
1903	89 52 149 46
1904	164 95 86 58
1905	187 104 178 30
1906	103 32 186 18
1907	164 137 120 94
1908	21 84 56 30
1909	121 33 133 149
1910	60 97 147 175
1911	47 171 38 72
1912	185 60 182 10
1913	135 122 4 5
1914	69 148 171 173
1915	10 138 136 18
1916	120 135 107 58
1917	14 190 115 130
1918	18 25 186 101
1919	48 44 62 200
1920	78 97 124 44
1921	9 123 130 145
1922	109 149 41 182
1923	41 153 74 23
1924	75 186 107 68
1925	11 185 121 162
1926	178 150 54 5
1927	97 66 139 124
1928	92 193 138 47
1929	155 49 143 35
1930	22 114 10 11
1931	124 108 39 147
1932	72 137 180 86
1933	160 169 63 138
1934	189 117 35 145
1935	24 160 45 108
1936	15 37 111 27
1937	168 16 120 194
1938	64 182 187 121
1939	36 108 144 72
1940	122 157 83 46
1941	110 188 136 106
1942	133 66 33 178
1943	135 113 70 152
1944	4 146 14 198
1945	47 12 144 34
1946	143 128 163 51
1947	99 173 45 72
1948	1 164 63 69
1949	18 136 73 165
1950	150 182 16 152
1951	77 81 164 187
1952	109 90 18 138
1953	152 53 137 118
1954	77 73 61 184
1955	154 157 34 96
1956	84 26 139 111
1957	71 136 83 124
1958	57 195 9 70
1959	50 146 108 67
1960	118 88 75 135
1961	35 25 36 39
1962	102 188 199 139
1963	148 171 8 85
1964	136 182 117 43
1965	158 61 191 20
1966	64 118 142 134
1967	89 31 199 47
1968	32 81 85 41
1969	62 99 10 13
1970	127 98 52 91
1971	30 19 194 34
1972	183 181 31 97
1973	169 85 53 5
1974	96 134 57 161
1975	102 75 149 49
1976	57 165 141 126
1977	123 42 16 74
1978	35 74 19 111
1979	58 130 146 88
1980	157 41 118 153
1981	32 157 184 91
1982	1 124 158 80
1983	165 160 103 11
1984	19 96 150 27
1985	119 92 2 134
1986	124 96 36 11
1987	111 114 179 6
1988	127 13 181 183
1989	122 54 63 162
1990	143 29 197 186
1991	103 72 36 105
1992	174 138 106 142
1993	133 45 42 55
1994	78 147 165 19
1995	194 64 98 187
1996	51 83 133 177
1997	164 197 53 11
1998	137 91 145 18
1999	192 86 20 22
2000	178 131 101 37
