Class Times	5
Rooms	200
1	48	A	0
2	84	C	1
3	73	C	1
4	64	C	1
5	20	B	0
6	87	C	0
7	72	B	1
8	62	B	0
9	58	B	1
10	85	B	1
11	26	B	0
12	14	A	1
13	29	C	1
14	70	C	0
15	54	C	1
16	83	A	1
17	73	A	0
18	91	A	0
19	44	B	1
20	49	A	1
21	62	A	0
22	95	C	0
23	26	A	0
24	71	B	0
25	41	B	1
26	46	C	0
27	97	B	1
28	17	C	0
29	46	C	1
30	50	A	1
31	98	C	1
32	77	B	1
33	88	B	0
34	75	C	0
35	40	B	0
36	56	B	1
37	53	B	1
38	18	B	1
39	95	A	0
40	75	A	0
41	21	B	0
42	77	C	0
43	87	A	1
44	65	B	1
45	75	A	1
46	53	C	0
47	26	C	0
48	43	C	1
49	43	C	1
50	75	B	1
51	51	C	0
52	72	B	0
53	64	A	0
54	86	A	0
55	48	B	0
56	98	B	0
57	28	C	1
58	16	C	1
59	23	A	1
60	74	C	1
61	31	A	0
62	90	B	0
63	72	B	1
64	53	A	0
65	17	B	1
66	14	A	0
67	71	C	0
68	62	C	0
69	97	A	1
70	95	C	0
71	74	B	1
72	65	B	0
73	77	A	1
74	76	A	1
75	26	C	0
76	92	C	1
77	29	A	1
78	94	C	0
79	72	C	1
80	63	B	0
81	43	B	1
82	39	A	0
83	35	A	0
84	13	B	0
85	30	A	0
86	22	C	1
87	20	A	1
88	61	B	0
89	49	C	1
90	32	C	1
91	62	B	1
92	29	C	1
93	86	C	1
94	48	A	1
95	92	C	0
96	92	C	0
97	42	B	0
98	63	C	1
99	15	A	1
100	15	B	1
101	41	C	1
102	30	A	1
103	55	B	0
104	23	A	1
105	51	A	0
106	12	A	1
107	31	C	1
108	33	B	1
109	52	C	0
110	18	A	0
111	81	A	1
112	53	C	1
113	16	A	1
114	25	C	1
115	74	B	0
116	88	C	0
117	44	C	1
118	19	C	0
119	20	C	1
120	52	B	0
121	28	B	1
122	87	B	1
123	71	C	0
124	92	C	0
125	50	A	0
126	52	C	0
127	12	C	1
128	28	A	1
129	29	A	0
130	40	A	1
131	85	A	0
132	48	A	1
133	93	A	0
134	71	A	0
135	39	A	1
136	71	C	0
137	23	C	0
138	97	B	0
139	18	A	0
140	38	A	1
141	30	C	0
142	78	C	0
143	74	C	1
144	52	C	0
145	24	A	1
146	32	B	0
147	30	B	1
148	71	C	0
149	33	A	1
150	28	B	0
151	79	A	0
152	84	B	0
153	81	B	1
154	34	A	1
155	34	A	1
156	95	C	0
157	92	A	0
158	93	C	0
159	20	B	0
160	59	C	0
161	21	A	1
162	43	B	0
163	65	B	1
164	29	C	1
165	51	B	1
166	36	B	1
167	75	C	1
168	59	A	1
169	70	A	0
170	31	C	1
171	99	C	1
172	65	C	1
173	55	B	1
174	71	B	0
175	48	A	1
176	98	A	1
177	60	C	1
178	36	C	1
179	77	C	1
180	29	A	1
181	10	B	1
182	68	C	1
183	61	C	1
184	19	C	1
185	79	C	1
186	43	B	1
187	88	C	0
188	22	C	1
189	78	A	0
190	48	A	1
191	31	A	1
192	65	C	1
193	51	A	1
194	86	C	1
195	67	B	1
196	82	B	0
197	51	B	0
198	51	A	1
199	92	B	1
200	38	C	1
Classes	1000
Teachers	500
1	433	1	A	1
2	298	2	B	1
3	399	1	A	1
4	264	4	C	1
5	91	1	A	1
6	323	2	B	1
7	48	2	B	1
8	371	1	A	1
9	456	4	C	1
10	367	3	C	1
11	233	1	A	1
12	253	3	C	1
13	11	3	C	1
14	93	3	C	1
15	293	2	B	1
16	185	2	B	1
17	45	1	A	1
18	33	3	C	1
19	261	1	A	1
20	312	3	C	1
21	8	4	C	1
22	269	4	C	1
23	231	3	C	1
24	214	3	C	1
25	347	1	A	1
26	60	4	C	1
27	411	2	B	1
28	311	4	C	1
29	329	4	C	1
30	373	3	C	1
31	88	1	A	1
32	228	4	C	1
33	58	4	C	1
34	172	4	C	1
35	281	3	C	1
36	60	1	A	1
37	374	3	C	1
38	109	1	A	1
39	338	2	B	1
40	341	3	C	1
41	457	2	B	1
42	352	2	B	1
43	178	2	B	1
44	450	4	C	1
45	322	1	A	1
46	179	4	C	1
47	264	4	C	1
48	220	3	C	1
49	436	2	B	1
50	262	3	C	1
51	244	4	C	0
52	116	4	C	0
53	459	1	A	0
54	95	2	B	0
55	499	4	C	0
56	21	3	C	0
57	73	1	A	0
58	451	1	A	0
59	87	4	C	0
60	431	2	B	0
61	24	1	A	0
62	485	3	C	0
63	269	1	A	0
64	184	3	C	0
65	377	2	B	0
66	147	2	B	0
67	484	4	C	0
68	285	2	B	0
69	54	4	C	0
70	476	3	C	0
71	221	2	B	0
72	337	2	B	0
73	500	4	C	0
74	47	2	B	0
75	332	2	B	0
76	215	3	C	0
77	310	2	B	0
78	399	4	C	0
79	324	1	A	0
80	205	1	A	0
81	307	4	C	0
82	143	2	B	0
83	155	1	A	0
84	99	3	C	0
85	492	1	A	0
86	152	2	B	0
87	468	4	C	0
88	31	2	B	0
89	320	2	B	0
90	255	3	C	0
91	100	4	C	0
92	206	2	B	0
93	88	2	B	0
94	226	3	C	0
95	495	1	A	0
96	142	2	B	0
97	209	2	B	0
98	56	1	A	0
99	478	4	C	0
100	91	4	C	0
101	316	1	A	0
102	465	1	A	0
103	43	3	C	0
104	413	4	C	0
105	321	1	A	0
106	232	1	A	0
107	284	3	C	0
108	361	2	B	0
109	493	3	C	0
110	160	2	B	0
111	113	1	A	0
112	173	1	A	0
113	71	3	C	0
114	73	2	B	0
115	282	1	A	0
116	331	3	C	0
117	132	4	C	0
118	33	4	C	0
119	366	1	A	0
120	273	2	B	0
121	19	2	B	0
122	11	2	B	0
123	429	1	A	0
124	107	2	B	0
125	415	1	A	0
126	282	2	B	0
127	431	3	C	0
128	325	2	B	0
129	284	2	B	0
130	142	2	B	0
131	78	3	C	0
132	237	3	C	0
133	428	1	A	0
134	338	4	C	0
135	113	4	C	0
136	436	4	C	0
137	293	1	A	0
138	114	2	B	0
139	43	2	B	0
140	145	2	B	0
141	327	1	A	0
142	242	3	C	0
143	409	1	A	0
144	193	1	A	0
145	48	3	C	0
146	191	4	C	0
147	5	4	C	0
148	289	3	C	0
149	262	2	B	0
150	287	2	B	0
151	298	2	B	0
152	103	4	C	0
153	462	4	C	0
154	339	4	C	0
155	448	4	C	0
156	214	2	B	0
157	65	2	B	0
158	316	1	A	0
159	13	3	C	0
160	241	2	B	0
161	32	4	C	0
162	157	4	C	0
163	226	1	A	0
164	405	2	B	0
165	247	2	B	0
166	306	1	A	0
167	107	3	C	0
168	429	2	B	0
169	68	4	C	0
170	82	1	A	0
171	30	1	A	0
172	70	3	C	0
173	460	2	B	0
174	8	4	C	0
175	35	3	C	0
176	111	1	A	0
177	62	2	B	0
178	400	1	A	0
179	295	2	B	0
180	164	4	C	0
181	183	2	B	0
182	209	2	B	0
183	52	2	B	0
184	411	1	A	0
185	428	2	B	0
186	319	2	B	0
187	184	1	A	0
188	328	2	B	0
189	404	3	C	0
190	325	3	C	0
191	137	4	C	0
192	220	3	C	0
193	32	1	A	0
194	448	1	A	0
195	172	2	B	0
196	178	3	C	0
197	407	1	A	0
198	450	2	B	0
199	194	4	C	0
200	394	1	A	0
201	329	1	A	0
202	475	1	A	0
203	364	4	C	0
204	314	3	C	0
205	381	1	A	0
206	30	2	B	0
207	150	1	A	0
208	477	4	C	0
209	345	1	A	0
210	188	3	C	0
211	356	2	B	0
212	491	1	A	0
213	152	1	A	0
214	498	1	A	0
215	461	4	C	0
216	340	1	A	0
217	488	2	B	0
218	427	1	A	0
219	294	1	A	0
220	301	3	C	0
221	443	4	C	0
222	467	4	C	0
223	247	2	B	0
224	66	3	C	0
225	309	1	A	0
226	330	4	C	0
227	92	3	C	0
228	469	4	C	0
229	304	1	A	0
230	308	3	C	0
231	306	3	C	0
232	403	2	B	0
233	39	2	B	0
234	46	1	A	0
235	495	4	C	0
236	225	4	C	0
237	10	4	C	0
238	19	4	C	0
239	281	1	A	0
240	5	4	C	0
241	312	4	C	0
242	366	1	A	0
243	432	3	C	0
244	53	1	A	0
245	132	2	B	0
246	187	2	B	0
247	454	4	C	0
248	145	4	C	0
249	438	1	A	0
250	189	1	A	0
251	302	1	A	0
252	323	2	B	0
253	376	3	C	0
254	35	4	C	0
255	176	1	A	0
256	225	2	B	0
257	151	1	A	0
258	271	1	A	0
259	103	1	A	0
260	183	2	B	0
261	97	2	B	0
262	21	4	C	0
263	68	3	C	0
264	267	3	C	0
265	258	2	B	0
266	72	3	C	0
267	146	3	C	0
268	290	3	C	0
269	432	2	B	0
270	365	1	A	0
271	99	3	C	0
272	71	2	B	0
273	481	3	C	0
274	234	3	C	0
275	65	4	C	0
276	215	1	A	0
277	245	1	A	0
278	367	3	C	0
279	94	3	C	0
280	121	2	B	0
281	126	2	B	0
282	185	2	B	0
283	339	2	B	0
284	181	3	C	0
285	95	4	C	0
286	318	2	B	0
287	398	2	B	0
288	404	2	B	0
289	355	4	C	0
290	257	2	B	0
291	299	4	C	0
292	108	3	C	0
293	96	3	C	0
294	164	4	C	0
295	268	4	C	0
296	135	4	C	0
297	93	2	B	0
298	433	4	C	0
299	364	3	C	0
300	412	2	B	0
301	67	2	B	0
302	480	4	C	0
303	360	2	B	0
304	92	2	B	0
305	203	1	A	0
306	108	4	C	0
307	118	1	A	0
308	336	4	C	0
309	9	4	C	0
310	361	3	C	0
311	234	1	A	0
312	321	2	B	0
313	139	4	C	0
314	179	3	C	0
315	378	3	C	0
316	98	3	C	0
317	195	2	B	0
318	173	4	C	0
319	12	3	C	0
320	79	1	A	0
321	47	1	A	0
322	454	3	C	0
323	106	1	A	0
324	388	2	B	0
325	123	3	C	0
326	487	2	B	0
327	61	2	B	0
328	482	2	B	0
329	193	3	C	0
330	204	2	B	0
331	406	3	C	0
332	74	2	B	0
333	497	2	B	0
334	493	1	A	0
335	197	1	A	0
336	299	4	C	0
337	370	2	B	0
338	134	3	C	0
339	424	4	C	0
340	481	4	C	0
341	233	1	A	0
342	232	1	A	0
343	9	4	C	0
344	17	3	C	0
345	462	1	A	0
346	463	2	B	0
347	228	3	C	0
348	7	4	C	0
349	317	4	C	0
350	416	1	A	0
351	31	2	B	0
352	69	2	B	0
353	76	1	A	0
354	280	2	B	0
355	392	1	A	0
356	106	1	A	0
357	261	2	B	0
358	449	1	A	0
359	120	4	C	0
360	207	1	A	0
361	439	3	C	0
362	235	1	A	0
363	487	3	C	0
364	140	3	C	0
365	391	1	A	0
366	489	3	C	0
367	165	1	A	0
368	4	1	A	0
369	379	2	B	0
370	422	4	C	0
371	255	4	C	0
372	59	2	B	0
373	181	2	B	0
374	446	1	A	0
375	497	2	B	0
376	151	2	B	0
377	165	4	C	0
378	356	1	A	0
379	118	3	C	0
380	273	3	C	0
381	240	4	C	0
382	211	3	C	0
383	231	3	C	0
384	12	3	C	0
385	290	3	C	0
386	16	2	B	0
387	406	1	A	0
388	278	1	A	0
389	418	3	C	0
390	348	4	C	0
391	140	1	A	0
392	396	1	A	0
393	416	4	C	0
394	334	2	B	0
395	123	4	C	0
396	346	3	C	0
397	470	3	C	0
398	300	1	A	0
399	20	2	B	0
400	347	3	C	0
401	96	4	C	0
402	28	4	C	0
403	423	2	B	0
404	144	2	B	0
405	188	1	A	0
406	403	4	C	0
407	422	1	A	0
408	146	2	B	0
409	254	1	A	0
410	386	4	C	0
411	464	1	A	0
412	397	1	A	0
413	492	3	C	0
414	314	1	A	0
415	476	1	A	0
416	333	2	B	0
417	236	2	B	0
418	64	4	C	0
419	41	4	C	0
420	317	1	A	0
421	391	3	C	0
422	86	1	A	0
423	15	3	C	0
424	420	4	C	0
425	63	2	B	0
426	388	2	B	0
427	249	1	A	0
428	348	4	C	0
429	167	3	C	0
430	344	1	A	0
431	139	2	B	0
432	56	1	A	0
433	379	2	B	0
434	86	1	A	0
435	36	2	B	0
436	360	3	C	0
437	23	2	B	0
438	303	3	C	0
439	250	1	A	0
440	345	3	C	0
441	467	4	C	0
442	182	3	C	0
443	435	3	C	0
444	110	3	C	0
445	287	1	A	0
446	204	4	C	0
447	236	2	B	0
448	369	3	C	0
449	74	3	C	0
450	417	2	B	0
451	119	3	C	0
452	87	2	B	0
453	444	2	B	0
454	128	1	A	0
455	6	2	B	0
456	296	2	B	0
457	460	4	C	0
458	148	4	C	0
459	153	1	A	0
460	59	1	A	0
461	191	1	A	0
462	170	2	B	0
463	241	4	C	0
464	373	2	B	0
465	427	2	B	0
466	224	3	C	0
467	485	3	C	0
468	167	3	C	0
469	200	2	B	0
470	211	1	A	0
471	458	4	C	0
472	260	2	B	0
473	227	1	A	0
474	494	3	C	0
475	119	1	A	0
476	239	1	A	0
477	6	3	C	0
478	77	2	B	0
479	349	2	B	0
480	407	3	C	0
481	271	3	C	0
482	386	3	C	0
483	104	3	C	0
484	159	4	C	0
485	242	4	C	0
486	351	4	C	0
487	97	3	C	0
488	121	2	B	0
489	163	3	C	0
490	245	4	C	0
491	486	3	C	0
492	61	2	B	0
493	498	1	A	0
494	27	1	A	0
495	141	3	C	0
496	141	2	B	0
497	279	3	C	0
498	266	3	C	0
499	353	3	C	0
500	469	3	C	0
501	468	1	A	0
502	175	4	C	0
503	223	1	A	0
504	94	2	B	0
505	437	2	B	0
506	41	4	C	0
507	201	2	B	0
508	13	1	A	0
509	398	2	B	0
510	77	3	C	0
511	169	2	B	0
512	401	3	C	0
513	170	4	C	0
514	135	4	C	0
515	248	2	B	0
516	111	4	C	0
517	300	4	C	0
518	144	2	B	0
519	439	1	A	0
520	109	3	C	0
521	310	4	C	0
522	240	1	A	0
523	82	2	B	0
524	78	2	B	0
525	267	3	C	0
526	401	2	B	0
527	79	4	C	0
528	313	3	C	0
529	200	1	A	0
530	426	4	C	0
531	458	3	C	0
532	138	1	A	0
533	358	3	C	0
534	2	2	B	0
535	235	1	A	0
536	176	1	A	0
537	500	1	A	0
538	324	4	C	0
539	414	1	A	0
540	138	1	A	0
541	49	4	C	0
542	488	1	A	0
543	475	4	C	0
544	412	3	C	0
545	435	3	C	0
546	28	1	A	0
547	437	2	B	0
548	206	1	A	0
549	221	3	C	0
550	114	3	C	0
551	155	4	C	0
552	405	1	A	0
553	346	3	C	0
554	66	3	C	0
555	51	2	B	0
556	187	3	C	0
557	180	1	A	0
558	292	2	B	0
559	258	3	C	0
560	443	1	A	0
561	328	3	C	0
562	256	2	B	0
563	115	2	B	0
564	477	2	B	0
565	354	2	B	0
566	10	2	B	0
567	50	3	C	0
568	143	4	C	0
569	384	1	A	0
570	464	1	A	0
571	307	2	B	0
572	479	2	B	0
573	18	4	C	0
574	279	3	C	0
575	303	3	C	0
576	110	1	A	0
577	384	4	C	0
578	445	2	B	0
579	251	1	A	0
580	301	4	C	0
581	29	4	C	0
582	101	2	B	0
583	334	2	B	0
584	447	2	B	0
585	52	3	C	0
586	212	4	C	0
587	447	3	C	0
588	423	1	A	0
589	216	1	A	0
590	424	2	B	0
591	277	1	A	0
592	390	1	A	0
593	237	2	B	0
594	67	1	A	0
595	166	2	B	0
596	102	1	A	0
597	27	2	B	0
598	22	1	A	0
599	353	2	B	0
600	252	1	A	0
601	382	2	B	0
602	34	3	C	0
603	342	4	C	0
604	7	3	C	0
605	369	4	C	0
606	376	3	C	0
607	208	4	C	0
608	425	4	C	0
609	177	2	B	0
610	16	4	C	0
611	478	1	A	0
612	131	2	B	0
613	466	4	C	0
614	350	1	A	0
615	313	3	C	0
616	378	1	A	0
617	414	1	A	0
618	342	2	B	0
619	160	3	C	0
620	168	3	C	0
621	421	2	B	0
622	440	2	B	0
623	238	4	C	0
624	134	3	C	0
625	426	1	A	0
626	177	4	C	0
627	395	1	A	0
628	393	3	C	0
629	294	2	B	0
630	192	3	C	0
631	58	4	C	0
632	201	3	C	0
633	192	2	B	0
634	42	3	C	0
635	474	1	A	0
636	90	2	B	0
637	417	2	B	0
638	252	2	B	0
639	381	1	A	0
640	465	3	C	0
641	64	3	C	0
642	34	4	C	0
643	302	1	A	0
644	265	3	C	0
645	39	2	B	0
646	349	1	A	0
647	159	1	A	0
648	246	4	C	0
649	84	1	A	0
650	389	3	C	0
651	456	2	B	0
652	196	3	C	0
653	194	3	C	0
654	474	1	A	0
655	285	3	C	0
656	459	2	B	0
657	3	4	C	0
658	75	1	A	0
659	394	3	C	0
660	24	3	C	0
661	358	4	C	0
662	149	4	C	0
663	374	3	C	0
664	320	2	B	0
665	275	4	C	0
666	122	4	C	0
667	202	4	C	0
668	494	3	C	0
669	449	4	C	0
670	496	2	B	0
671	249	2	B	0
672	441	2	B	0
673	72	3	C	0
674	218	3	C	0
675	308	3	C	0
676	392	3	C	0
677	330	4	C	0
678	157	2	B	0
679	168	4	C	0
680	163	3	C	0
681	199	2	B	0
682	419	3	C	0
683	296	2	B	0
684	37	1	A	0
685	166	2	B	0
686	496	3	C	0
687	357	1	A	0
688	54	1	A	0
689	130	2	B	0
690	153	4	C	0
691	383	2	B	0
692	254	2	B	0
693	421	1	A	0
694	344	1	A	0
695	169	1	A	0
696	470	4	C	0
697	40	3	C	0
698	199	2	B	0
699	286	2	B	0
700	305	1	A	0
701	453	1	A	0
702	259	4	C	0
703	105	4	C	0
704	196	2	B	0
705	335	4	C	0
706	80	3	C	0
707	276	3	C	0
708	210	4	C	0
709	38	1	A	0
710	297	1	A	0
711	162	2	B	0
712	489	4	C	0
713	101	1	A	0
714	291	3	C	0
715	483	1	A	0
716	15	3	C	0
717	292	4	C	0
718	372	1	A	0
719	263	1	A	0
720	275	1	A	0
721	341	4	C	0
722	357	4	C	0
723	445	1	A	0
724	125	3	C	0
725	419	2	B	0
726	413	1	A	0
727	251	2	B	0
728	70	4	C	0
729	441	1	A	0
730	326	4	C	0
731	130	1	A	0
732	355	2	B	0
733	277	4	C	0
734	158	3	C	0
735	69	1	A	0
736	372	2	B	0
737	363	2	B	0
738	158	2	B	0
739	148	4	C	0
740	288	1	A	0
741	62	4	C	0
742	335	2	B	0
743	222	4	C	0
744	408	1	A	0
745	195	1	A	0
746	265	1	A	0
747	81	3	C	0
748	375	4	C	0
749	57	4	C	0
750	3	2	B	0
751	20	4	C	0
752	263	3	C	0
753	266	4	C	0
754	434	2	B	0
755	278	2	B	0
756	53	2	B	0
757	332	1	A	0
758	319	3	C	0
759	227	1	A	0
760	257	3	C	0
761	124	2	B	0
762	430	1	A	0
763	175	1	A	0
764	230	4	C	0
765	444	2	B	0
766	98	1	A	0
767	55	1	A	0
768	186	3	C	0
769	484	3	C	0
770	396	1	A	0
771	137	3	C	0
772	23	1	A	0
773	17	1	A	0
774	90	3	C	0
775	63	4	C	0
776	471	3	C	0
777	363	1	A	0
778	365	1	A	0
779	393	1	A	0
780	274	3	C	0
781	136	2	B	0
782	274	3	C	0
783	499	3	C	0
784	81	4	C	0
785	116	1	A	0
786	40	2	B	0
787	75	3	C	0
788	216	3	C	0
789	479	1	A	0
790	76	1	A	0
791	131	3	C	0
792	442	4	C	0
793	385	2	B	0
794	397	4	C	0
795	117	1	A	0
796	223	4	C	0
797	491	3	C	0
798	446	2	B	0
799	483	4	C	0
800	174	2	B	0
801	326	3	C	0
802	471	2	B	0
803	322	3	C	0
804	45	1	A	0
805	44	3	C	0
806	482	3	C	0
807	297	3	C	0
808	270	3	C	0
809	480	2	B	0
810	126	1	A	0
811	309	2	B	0
812	400	3	C	0
813	122	3	C	0
814	375	4	C	0
815	83	1	A	0
816	359	4	C	0
817	280	3	C	0
818	120	3	C	0
819	354	4	C	0
820	473	1	A	0
821	244	1	A	0
822	44	1	A	0
823	408	3	C	0
824	259	4	C	0
825	359	1	A	0
826	453	2	B	0
827	473	1	A	0
828	14	4	C	0
829	343	2	B	0
830	136	3	C	0
831	89	1	A	0
832	383	4	C	0
833	387	4	C	0
834	85	3	C	0
835	289	1	A	0
836	380	3	C	0
837	197	1	A	0
838	180	2	B	0
839	350	4	C	0
840	125	4	C	0
841	124	3	C	0
842	451	2	B	0
843	288	1	A	0
844	29	1	A	0
845	147	1	A	0
846	418	3	C	0
847	37	4	C	0
848	368	2	B	0
849	190	2	B	0
850	182	4	C	0
851	51	3	C	0
852	250	3	C	0
853	36	3	C	0
854	304	1	A	0
855	22	4	C	0
856	327	2	B	0
857	218	3	C	0
858	438	4	C	0
859	311	2	B	0
860	189	3	C	0
861	133	4	C	0
862	390	1	A	0
863	380	3	C	0
864	490	2	B	0
865	210	1	A	0
866	286	4	C	0
867	213	2	B	0
868	133	4	C	0
869	26	2	B	0
870	385	4	C	0
871	295	4	C	0
872	343	3	C	0
873	402	3	C	0
874	212	4	C	0
875	1	4	C	0
876	171	2	B	0
877	42	3	C	0
878	455	3	C	0
879	283	2	B	0
880	150	2	B	0
881	83	3	C	0
882	434	3	C	0
883	190	3	C	0
884	14	3	C	0
885	50	1	A	0
886	207	1	A	0
887	362	2	B	0
888	253	4	C	0
889	217	3	C	0
890	315	2	B	0
891	246	1	A	0
892	318	4	C	0
893	18	2	B	0
894	129	2	B	0
895	222	4	C	0
896	104	4	C	0
897	455	4	C	0
898	382	2	B	0
899	161	4	C	0
900	154	1	A	0
901	420	3	C	0
902	186	3	C	0
903	128	4	C	0
904	333	4	C	0
905	270	1	A	0
906	315	2	B	0
907	129	1	A	0
908	389	4	C	0
909	224	3	C	0
910	55	4	C	0
911	217	1	A	0
912	260	2	B	0
913	272	1	A	0
914	466	2	B	0
915	452	2	B	0
916	198	1	A	0
917	472	1	A	0
918	171	2	B	0
919	440	3	C	0
920	49	4	C	0
921	100	2	B	0
922	430	2	B	0
923	425	3	C	0
924	331	2	B	0
925	2	2	B	0
926	268	4	C	0
927	112	2	B	0
928	368	1	A	0
929	4	2	B	0
930	387	1	A	0
931	362	3	C	0
932	174	4	C	0
933	283	1	A	0
934	351	1	A	0
935	409	3	C	0
936	230	2	B	0
937	127	2	B	0
938	486	3	C	0
939	25	4	C	0
940	117	4	C	0
941	80	2	B	0
942	452	1	A	0
943	291	2	B	0
944	490	1	A	0
945	219	4	C	0
946	219	2	B	0
947	248	3	C	0
948	85	4	C	0
949	377	2	B	0
950	239	4	C	0
951	256	4	C	0
952	156	3	C	0
953	208	1	A	0
954	457	4	C	0
955	415	4	C	0
956	202	1	A	0
957	229	4	C	0
958	112	2	B	0
959	25	1	A	0
960	203	1	A	0
961	46	2	B	0
962	161	3	C	0
963	154	2	B	0
964	243	3	C	0
965	340	3	C	0
966	1	1	A	0
967	57	3	C	0
968	162	3	C	0
969	26	1	A	0
970	352	1	A	0
971	213	1	A	0
972	463	2	B	0
973	149	4	C	0
974	410	2	B	0
975	89	4	C	0
976	305	1	A	0
977	102	3	C	0
978	442	1	A	0
979	38	4	C	0
980	276	2	B	0
981	272	3	C	0
982	336	3	C	0
983	371	4	C	0
984	205	3	C	0
985	229	2	B	0
986	115	4	C	0
987	105	2	B	0
988	395	4	C	0
989	402	1	A	0
990	156	3	C	0
991	127	1	A	0
992	84	2	B	0
993	243	2	B	0
994	370	2	B	0
995	472	1	A	0
996	238	1	A	0
997	337	4	C	0
998	198	4	C	0
999	410	2	B	0
1000	461	2	B	0
