Students	50
1	202 624 674 373	2	-1	0
2	288 58 610 455	3	1	0
3	961 786 210 882	4	2	0
4	163 879 919 329	2	-1	0
5	733 997 871 331	2	-1	0
6	73 307 819 964	4	1	0
7	204 821 384 424	3	1	0
8	681 821 910 376	4	4	0
9	262 757 70 230	4	2	0
10	133 701 368 178	2	-1	0
11	29 932 80 747	1	-1	0
12	1 721 941 602	1	-1	0
13	16 176 645 124	1	-1	0
14	176 325 761 215	3	3	0
15	989 192 361 89	4	1	0
16	752 126 768 342	3	4	0
17	841 641 915 196	2	-1	0
18	898 902 435 978	3	3	0
19	2 869 704 974	1	-1	0
20	130 323 635 869	3	1	0
21	912 476 324 270	3	4	0
22	24 781 869 528	1	-1	0
23	926 920 381 94	2	-1	0
24	358 939 520 84	2	-1	0
25	389 636 415 87	2	-1	0
26	820 349 748 434	3	1	0
27	19 265 222 490	1	-1	0
28	671 886 121 930	3	4	0
29	42 597 267 607	1	-1	0
30	265 839 954 880	3	4	0
31	493 96 600 504	3	2	0
32	420 174 818 466	2	-1	0
33	298 270 684 211	2	-1	0
34	467 548 135 759	2	-1	0
35	328 157 175 632	3	4	0
36	709 258 455 216	4	4	0
37	731 465 640 629	3	3	0
38	335 576 138 661	4	3	0
39	81 908 178 237	3	1	0
40	828 679 380 939	4	4	0
41	34 415 622 403	1	-1	0
42	671 183 221 835	2	-1	0
43	137 534 964 368	3	3	0
44	435 440 589 696	2	-1	0
45	794 572 434 987	4	2	0
46	127 166 769 402	4	4	0
47	837 510 591 453	3	2	0
48	40 842 885 535	1	-1	0
49	4 606 428 169	1	-1	0
50	223 309 619 557	2	-1	0
