Students	50
1	14 982 358 4	1	-1	0
2	117 51 528 868	3	3	0
3	51 909 442 451	3	2	0
4	300 305 899 416	2	-1	0
5	446 321 502 820	4	2	1
6	317 400 417 840	4	4	0
7	171 516 203 130	4	3	0
8	263 850 78 151	2	-1	0
9	478 763 345 549	2	-1	0
10	663 673 254 651	3	2	0
11	1 635 667 231	1	-1	0
12	302 192 292 273	3	2	0
13	493 690 198 112	4	2	0
14	192 828 129 808	4	2	0
15	620 89 649 795	3	4	0
16	8 260 198 203	1	-1	0
17	50 221 772 290	1	-1	0
18	26 843 786 499	1	-1	0
19	154 754 725 744	2	-1	0
20	213 870 789 326	4	3	0
21	317 59 756 156	4	4	0
22	842 513 657 466	3	4	0
23	19 940 956 512	1	-1	0
24	761 906 156 720	2	-1	0
25	108 429 303 881	2	-1	0
26	81 639 481 791	2	-1	0
27	219 144 698 514	2	-1	0
28	14 199 894 444	1	-1	0
29	434 792 251 973	3	2	0
30	706 484 191 986	4	4	0
31	13 469 449 690	1	-1	0
32	847 756 898 942	3	2	0
33	448 853 852 941	4	1	0
34	7 124 476 246	1	-1	0
35	50 681 516 956	1	-1	0
36	953 399 572 460	2	-1	0
37	985 429 193 993	2	-1	0
38	137 172 83 496	4	2	0
39	146 727 685 526	3	1	0
40	664 604 890 703	3	1	0
41	39 623 748 198	1	-1	0
42	48 832 922 96	1	-1	0
43	757 609 720 96	2	-1	0
44	78 882 895 854	2	-1	0
45	38 371 591 487	1	-1	0
46	861 501 659 303	3	4	0
47	453 222 715 423	4	1	0
48	627 476 918 279	3	2	0
49	557 449 96 493	2	-1	0
50	30 279 109 523	1	-1	0
