Students	50
1	9 56 164 930	1	-1	0
2	139 55 715 660	4	2	0
3	570 936 484 786	3	4	0
4	999 754 247 934	2	-1	0
5	756 787 66 327	3	1	0
6	96 137 194 718	4	4	0
7	847 734 537 973	3	3	0
8	805 351 97 658	3	2	0
9	217 289 372 637	4	1	0
10	152 426 64 913	3	2	0
11	538 798 277 452	2	-1	0
12	684 169 243 403	3	2	0
13	992 776 179 921	3	1	0
14	379 761 923 568	2	-1	0
15	936 645 285 214	3	2	0
16	455 289 396 388	4	4	0
17	48 569 321 57	1	-1	0
18	117 910 152 689	4	2	0
19	657 584 679 81	4	2	0
20	654 55 265 107	4	3	0
21	439 619 230 869	3	1	0
22	8 711 258 347	1	-1	0
23	484 522 991 319	2	-1	0
24	61 65 346 352	3	2	0
25	26 393 979 207	1	-1	0
26	50 802 104 139	1	-1	0
27	696 423 733 583	4	3	0
28	574 491 347 207	2	-1	0
29	26 106 800 940	1	-1	0
30	6 785 148 649	1	-1	0
31	115 938 412 213	3	4	0
32	890 541 639 457	3	3	0
33	8 762 697 295	1	-1	0
34	266 145 230 859	3	4	0
35	575 67 409 465	2	-1	0
36	771 671 655 416	4	4	0
37	867 743 680 666	3	1	0
38	238 721 579 376	3	4	0
39	988 653 977 521	2	-1	0
40	11 970 524 820	1	-1	0
41	547 728 67 949	4	2	0
42	381 476 919 727	2	-1	0
43	32 226 611 903	1	-1	0
44	295 531 805 400	3	1	0
45	965 167 340 645	2	-1	0
46	161 271 461 788	2	-1	0
47	600 858 435 888	2	-1	0
48	120 650 698 897	3	4	0
49	204 643 982 273	3	3	0
50	123 168 192 374	4	3	0
