Students	50
1	759 865 57 945	3	3	0
2	39 883 704 343	1	-1	0
3	456 518 852 231	3	1	0
4	854 802 219 629	3	3	0
5	639 51 999 883	2	-1	0
6	602 920 679 658	3	3	0
7	383 478 797 373	3	1	0
8	196 898 511 488	4	3	0
9	920 645 711 120	2	-1	0
10	22 325 999 385	1	-1	0
11	347 820 845 691	4	3	0
12	689 846 538 634	3	4	0
13	438 576 145 344	2	-1	0
14	381 599 659 149	3	4	0
15	28 683 771 437	1	-1	0
16	363 630 190 643	3	3	0
17	763 374 102 846	3	2	0
18	515 932 681 909	3	4	0
19	42 654 223 671	1	-1	0
20	29 430 417 631	1	-1	0
21	554 883 64 503	2	-1	0
22	20 588 966 575	1	-1	0
23	31 495 639 123	1	-1	0
24	827 596 90 643	2	-1	0
25	297 593 776 131	3	1	0
26	375 239 122 354	3	2	0
27	434 980 751 960	4	3	0
28	156 495 158 142	3	3	0
29	48 574 964 700	1	-1	0
30	39 928 399 952	1	-1	0
31	276 876 832 851	4	2	0
32	2 174 348 766	1	-1	0
33	11 751 359 71	1	-1	0
34	588 939 398 206	3	4	0
35	54 377 507 187	3	2	0
36	254 271 669 675	4	2	0
37	594 927 793 529	4	1	0
38	243 556 940 85	2	-1	0
39	42 494 840 641	1	-1	0
40	173 436 616 239	2	-1	0
41	708 528 305 265	2	-1	0
42	35 802 312 609	1	-1	0
43	128 54 733 846	2	-1	0
44	255 546 861 961	4	1	0
45	209 980 147 270	4	1	0
46	681 271 118 560	2	-1	0
47	538 299 223 283	2	-1	0
48	47 494 949 644	1	-1	0
49	861 111 525 187	3	4	0
50	130 204 167 645	4	2	0
