Students	50
1	393 605 135 517	2	-1	0
2	111 552 932 722	2	-1	0
3	222 974 146 114	2	-1	0
4	614 800 350 768	2	-1	0
5	946 276 174 426	4	1	0
6	922 844 860 162	2	-1	0
7	463 128 79 961	2	-1	0
8	791 985 816 615	2	-1	0
9	73 602 195 252	4	2	0
10	994 884 495 874	4	4	0
11	819 269 647 609	4	1	0
12	800 602 811 860	4	1	0
13	25 356 722 413	1	-1	0
14	593 188 412 66	2	-1	0
15	749 801 455 691	3	1	0
16	48 407 586 697	1	-1	0
17	559 153 827 556	2	-1	0
18	4 644 374 461	1	-1	0
19	18 806 355 428	1	-1	0
20	706 277 189 92	2	-1	0
21	42 840 278 286	1	-1	0
22	42 906 744 625	1	-1	1
23	203 749 415 241	2	-1	0
24	142 905 571 722	4	2	0
25	459 287 616 430	3	2	0
26	50 886 551 682	1	-1	0
27	287 864 922 635	3	4	0
28	718 347 341 175	3	3	0
29	978 988 617 665	2	-1	0
30	89 243 800 482	4	1	0
31	904 870 362 102	2	-1	0
32	21 830 745 974	1	-1	0
33	546 917 704 837	2	-1	0
34	675 915 746 361	3	2	0
35	608 406 308 778	2	-1	0
36	821 233 810 194	3	4	0
37	127 868 632 795	2	-1	0
38	975 711 693 524	2	-1	0
39	237 59 557 403	4	2	0
40	495 861 197 59	3	1	0
41	788 337 642 998	4	1	0
42	664 74 438 834	2	-1	0
43	535 979 530 388	3	2	0
44	535 594 844 429	4	1	0
45	531 271 310 264	3	3	0
46	5 179 878 781	1	-1	0
47	431 653 61 450	4	4	0
48	631 921 623 212	4	2	0
49	719 422 726 438	2	-1	0
50	367 164 168 998	4	3	0
