Class Times	10
Rooms	25
1	156
2	313
3	200
4	80
5	660
6	36
7	874
8	501
9	507
10	25
11	830
12	20
13	759
14	67
15	886
16	752
17	169
18	724
19	244
20	717
21	753
22	964
23	170
24	917
25	674
Classes	250
Teachers	125
1	77
2	92
3	30
4	84
5	53
6	62
7	41
8	115
9	38
10	86
11	38
12	14
13	51
14	87
15	51
16	74
17	54
18	125
19	22
20	37
21	47
22	92
23	109
24	62
25	13
26	117
27	55
28	1
29	122
30	98
31	49
32	99
33	17
34	40
35	81
36	84
37	9
38	66
39	102
40	39
41	111
42	36
43	58
44	118
45	122
46	18
47	95
48	53
49	32
50	67
51	29
52	10
53	1
54	33
55	107
56	124
57	86
58	44
59	19
60	49
61	7
62	105
63	120
64	80
65	80
66	32
67	82
68	77
69	43
70	2
71	30
72	109
73	73
74	12
75	99
76	28
77	70
78	44
79	83
80	105
81	85
82	74
83	15
84	61
85	42
86	120
87	36
88	57
89	124
90	87
91	103
92	65
93	96
94	73
95	82
96	6
97	34
98	96
99	107
100	108
101	58
102	6
103	89
104	56
105	94
106	10
107	59
108	18
109	14
110	39
111	43
112	56
113	50
114	42
115	101
116	59
117	89
118	61
119	76
120	88
121	52
122	46
123	37
124	3
125	8
126	4
127	12
128	123
129	117
130	41
131	20
132	25
133	47
134	24
135	26
136	16
137	52
138	45
139	88
140	98
141	29
142	11
143	102
144	72
145	119
146	19
147	79
148	75
149	112
150	25
151	112
152	63
153	70
154	9
155	27
156	26
157	54
158	33
159	21
160	46
161	11
162	81
163	60
164	63
165	100
166	66
167	55
168	5
169	118
170	106
171	2
172	71
173	125
174	3
175	7
176	93
177	90
178	21
179	100
180	69
181	95
182	28
183	90
184	71
185	4
186	79
187	34
188	75
189	27
190	93
191	113
192	69
193	103
194	64
195	115
196	24
197	23
198	101
199	65
200	16
201	13
202	113
203	94
204	8
205	110
206	121
207	116
208	114
209	121
210	116
211	91
212	31
213	106
214	48
215	40
216	17
217	91
218	64
219	85
220	35
221	76
222	114
223	35
224	123
225	110
226	5
227	83
228	67
229	31
230	50
231	48
232	60
233	108
234	97
235	119
236	15
237	72
238	68
239	97
240	111
241	57
242	78
243	78
244	20
245	45
246	22
247	104
248	104
249	23
250	68
