Students	5000
1	98 230 82 26
2	43 197 202 75
3	98 16 170 215
4	193 192 109 115
5	125 138 233 124
6	202 48 225 59
7	141 227 65 67
8	108 192 185 104
9	112 3 161 22
10	31 196 10 2
11	156 49 116 143
12	224 10 37 213
13	191 209 39 231
14	110 211 166 111
15	82 226 192 3
16	195 78 248 143
17	67 180 5 93
18	228 157 250 142
19	102 106 43 220
20	139 25 204 76
21	109 144 49 133
22	114 36 49 41
23	224 200 38 133
24	130 160 66 151
25	232 24 190 173
26	190 10 78 38
27	175 214 10 224
28	58 233 114 123
29	13 167 33 149
30	24 220 144 162
31	81 240 51 71
32	193 171 200 21
33	52 126 162 188
34	122 192 136 203
35	90 79 229 224
36	5 79 76 112
37	37 214 10 211
38	150 204 100 139
39	149 163 74 30
40	91 59 104 105
41	28 90 109 168
42	143 150 80 242
43	247 246 204 157
44	43 214 57 102
45	19 128 196 179
46	206 30 54 155
47	69 138 10 126
48	192 238 228 141
49	141 107 23 174
50	44 22 106 51
51	119 81 111 231
52	201 86 159 210
53	209 106 233 201
54	193 125 54 50
55	118 147 133 30
56	57 247 98 187
57	90 38 239 110
58	168 213 33 134
59	111 141 143 170
60	58 233 119 228
61	218 41 138 147
62	32 131 147 87
63	233 12 165 93
64	230 198 141 182
65	116 62 191 64
66	207 15 50 103
67	160 128 235 16
68	139 162 138 166
69	120 233 27 133
70	176 115 196 202
71	96 53 45 105
72	153 128 169 18
73	38 227 7 50
74	23 178 8 209
75	194 38 24 115
76	8 203 151 131
77	72 83 238 6
78	61 27 54 98
79	129 14 250 38
80	88 130 106 2
81	112 62 77 17
82	145 40 134 36
83	89 147 195 154
84	173 209 188 147
85	82 145 238 170
86	37 30 219 80
87	55 137 58 159
88	168 150 115 67
89	108 202 14 39
90	97 35 241 232
91	197 64 132 194
92	215 166 48 40
93	167 181 116 146
94	92 98 225 132
95	248 116 141 204
96	53 238 121 216
97	245 212 130 49
98	134 123 205 75
99	166 38 134 95
100	210 24 64 154
101	238 244 46 126
102	191 246 46 184
103	230 192 33 124
104	111 162 160 156
105	196 181 75 117
106	46 84 226 60
107	232 67 41 227
108	109 45 230 151
109	177 119 208 5
110	31 222 245 64
111	23 244 232 161
112	13 14 5 130
113	73 101 48 167
114	224 14 128 24
115	80 228 36 198
116	86 10 246 125
117	23 28 62 184
118	126 166 207 167
119	6 161 69 175
120	36 28 54 221
121	102 147 240 26
122	125 104 155 223
123	151 41 53 241
124	116 53 148 155
125	19 147 166 100
126	144 237 82 120
127	153 76 139 231
128	245 237 169 138
129	141 160 126 6
130	163 234 36 95
131	224 175 19 152
132	118 85 186 69
133	202 56 142 130
134	120 36 107 22
135	75 103 246 54
136	109 47 66 154
137	127 224 147 22
138	29 125 88 138
139	208 135 36 173
140	62 173 16 226
141	229 90 110 82
142	170 127 24 115
143	82 144 97 237
144	135 73 94 143
145	62 199 167 116
146	82 146 231 23
147	3 79 119 187
148	176 244 94 201
149	65 222 204 163
150	86 45 227 2
151	133 123 112 88
152	174 114 20 59
153	177 107 83 28
154	178 175 49 76
155	73 135 102 110
156	124 240 134 230
157	152 99 55 49
158	176 162 10 44
159	59 31 223 220
160	248 143 199 14
161	148 225 208 166
162	55 123 8 250
163	94 80 118 96
164	19 91 18 59
165	194 101 174 237
166	32 46 59 171
167	155 47 29 44
168	179 4 47 226
169	21 52 123 164
170	6 224 203 57
171	26 245 191 166
172	150 28 58 174
173	63 123 118 20
174	89 217 199 140
175	122 49 174 178
176	181 136 244 170
177	58 130 97 65
178	182 137 129 203
179	223 216 45 147
180	195 19 236 230
181	17 106 224 81
182	81 169 123 9
183	123 75 189 128
184	66 195 50 103
185	238 166 100 3
186	135 232 187 156
187	112 55 76 122
188	130 167 21 22
189	87 71 53 122
190	114 222 105 238
191	192 123 94 193
192	5 137 174 166
193	9 76 79 53
194	179 168 184 141
195	243 21 196 228
196	17 165 185 203
197	172 232 77 221
198	166 9 187 125
199	180 242 146 112
200	95 236 199 91
201	165 94 75 204
202	199 202 111 154
203	202 234 228 197
204	58 235 50 129
205	21 131 209 48
206	218 216 14 250
207	33 164 82 209
208	49 181 25 74
209	116 180 37 7
210	70 30 179 207
211	148 100 147 73
212	144 90 76 177
213	92 95 60 222
214	113 46 213 61
215	250 61 7 208
216	24 184 18 78
217	237 72 175 154
218	114 161 208 36
219	107 179 4 136
220	115 216 226 53
221	66 165 45 156
222	19 42 212 229
223	162 42 20 65
224	208 220 246 169
225	198 112 231 132
226	230 212 12 132
227	130 93 178 188
228	87 104 226 204
229	131 104 217 39
230	126 132 93 136
231	132 17 237 219
232	49 22 172 37
233	123 228 24 57
234	62 241 149 225
235	202 128 60 44
236	233 45 98 219
237	180 125 188 58
238	203 32 140 139
239	79 59 53 119
240	244 218 176 62
241	220 182 162 73
242	91 244 155 98
243	24 136 65 127
244	140 130 83 91
245	34 200 39 7
246	127 120 176 219
247	172 128 48 159
248	118 220 39 51
249	2 223 46 192
250	21 194 150 112
251	42 116 74 29
252	113 67 89 212
253	58 85 66 138
254	24 169 80 153
255	96 46 135 148
256	10 3 11 22
257	220 10 23 198
258	83 242 171 49
259	93 104 204 166
260	56 193 29 231
261	73 174 5 144
262	148 51 109 70
263	245 80 100 187
264	57 130 81 165
265	143 193 86 233
266	128 217 137 169
267	55 244 18 154
268	56 62 192 144
269	160 79 105 139
270	101 52 144 28
271	224 28 137 71
272	228 182 91 97
273	47 5 227 204
274	149 23 35 87
275	114 159 46 32
276	33 225 241 247
277	239 31 176 16
278	50 154 237 45
279	165 19 109 7
280	172 41 50 18
281	85 126 86 98
282	231 113 33 13
283	9 198 104 81
284	248 74 67 6
285	234 57 42 180
286	87 35 121 191
287	20 221 84 117
288	248 56 163 160
289	243 27 61 21
290	19 163 36 115
291	99 199 8 182
292	114 195 244 178
293	116 166 48 159
294	66 24 199 37
295	222 189 180 96
296	192 181 174 143
297	74 39 146 167
298	33 131 196 218
299	211 232 243 95
300	19 249 140 92
301	205 105 123 47
302	175 203 108 172
303	68 195 141 214
304	213 141 10 155
305	240 64 59 26
306	145 86 191 112
307	236 248 21 226
308	4 86 89 167
309	112 105 41 173
310	44 12 179 27
311	57 17 167 53
312	155 210 180 214
313	227 112 146 61
314	233 175 60 156
315	52 14 173 203
316	89 148 242 167
317	225 230 34 43
318	119 127 242 157
319	182 2 53 27
320	92 133 186 29
321	49 216 43 231
322	188 102 78 108
323	75 35 136 215
324	22 209 197 6
325	215 112 19 115
326	144 152 39 26
327	7 201 69 227
328	25 219 31 227
329	29 116 54 65
330	128 144 8 182
331	133 162 64 97
332	29 12 152 198
333	179 180 70 84
334	208 35 242 34
335	100 168 144 227
336	182 158 187 233
337	86 88 10 22
338	200 177 158 175
339	181 12 152 31
340	105 32 90 104
341	22 221 21 160
342	203 170 113 181
343	30 65 180 135
344	56 193 146 189
345	197 100 155 130
346	105 192 25 47
347	218 96 192 44
348	1 250 243 52
349	120 177 222 15
350	132 25 94 33
351	39 134 223 186
352	47 190 128 4
353	234 187 174 219
354	122 210 85 38
355	95 169 151 215
356	90 179 59 166
357	100 222 233 81
358	101 3 197 248
359	111 205 158 52
360	242 178 189 82
361	20 157 62 89
362	206 13 54 227
363	5 211 36 129
364	75 8 25 162
365	16 206 47 9
366	234 191 239 229
367	118 239 26 199
368	190 11 152 238
369	224 210 162 172
370	156 189 94 13
371	246 136 62 117
372	34 180 10 226
373	118 217 77 228
374	30 130 96 25
375	177 113 104 18
376	165 216 8 137
377	51 39 207 189
378	72 140 146 136
379	9 205 38 154
380	16 28 150 176
381	226 232 202 195
382	78 182 167 61
383	20 215 210 236
384	234 83 53 78
385	249 187 1 134
386	173 112 2 36
387	196 241 217 34
388	80 97 44 76
389	234 241 82 116
390	126 88 157 66
391	194 21 227 192
392	144 169 143 139
393	167 212 55 38
394	240 225 90 97
395	23 46 36 209
396	9 238 24 100
397	241 159 91 62
398	12 204 117 209
399	167 184 216 90
400	71 47 141 224
401	183 140 107 35
402	113 230 133 188
403	31 179 196 9
404	182 231 219 162
405	19 9 160 119
406	82 112 239 149
407	240 206 167 20
408	212 139 114 124
409	95 36 61 56
410	105 68 66 151
411	159 144 182 15
412	168 63 138 46
413	4 195 197 226
414	223 172 105 54
415	247 119 95 48
416	57 222 4 189
417	16 174 189 202
418	180 48 171 71
419	108 180 248 154
420	28 200 43 16
421	164 154 106 142
422	178 190 196 250
423	161 75 133 134
424	95 123 200 238
425	197 193 201 86
426	165 71 118 208
427	190 107 50 38
428	83 140 91 8
429	164 142 19 93
430	56 37 203 229
431	61 154 117 209
432	242 117 241 36
433	241 51 227 209
434	113 43 177 164
435	236 229 36 234
436	39 249 172 213
437	165 115 109 35
438	44 79 136 131
439	16 13 74 43
440	198 110 73 146
441	21 241 243 27
442	140 233 244 75
443	240 137 62 132
444	119 214 105 86
445	138 171 145 178
446	150 119 50 53
447	20 3 233 19
448	127 5 204 1
449	177 112 41 79
450	100 212 65 192
451	110 45 81 37
452	62 212 48 160
453	79 172 167 137
454	98 235 50 57
455	100 121 187 197
456	18 99 168 110
457	66 201 137 70
458	241 234 36 237
459	168 21 57 108
460	134 198 25 33
461	229 183 154 89
462	15 121 160 29
463	218 188 75 40
464	114 155 134 239
465	42 181 229 7
466	195 201 191 152
467	240 4 204 22
468	3 169 175 158
469	190 86 58 57
470	11 72 220 231
471	102 107 175 167
472	26 18 74 214
473	191 53 92 39
474	192 69 18 121
475	249 222 194 239
476	128 35 99 63
477	63 10 87 203
478	57 229 148 190
479	120 95 3 35
480	165 149 81 211
481	147 221 26 108
482	120 94 218 236
483	158 138 204 233
484	8 223 190 115
485	217 197 97 248
486	11 211 229 52
487	79 250 134 109
488	201 238 158 102
489	47 227 46 52
490	6 40 182 155
491	48 165 82 199
492	135 68 221 83
493	172 236 148 174
494	14 22 6 68
495	88 207 117 31
496	18 142 131 161
497	47 232 234 120
498	32 51 70 190
499	208 111 23 196
500	89 233 71 102
501	201 149 12 44
502	34 179 234 168
503	158 195 75 175
504	229 110 136 71
505	22 210 105 102
506	243 42 8 118
507	226 110 68 116
508	79 65 104 211
509	239 99 154 159
510	31 106 91 185
511	129 209 35 189
512	4 227 181 109
513	201 91 129 135
514	74 13 32 80
515	240 94 221 238
516	134 39 36 132
517	19 137 48 109
518	96 161 16 152
519	95 228 227 20
520	69 127 120 93
521	90 186 58 32
522	84 198 238 158
523	32 154 161 107
524	149 164 184 70
525	243 139 150 232
526	83 67 34 48
527	194 65 175 244
528	58 68 116 77
529	140 181 9 234
530	208 20 142 171
531	65 98 132 114
532	168 156 239 146
533	126 41 22 34
534	74 123 28 60
535	3 73 236 25
536	121 135 33 153
537	12 11 63 234
538	164 45 11 89
539	45 164 6 121
540	198 153 53 52
541	124 175 205 40
542	219 5 249 35
543	97 107 35 242
544	67 194 136 249
545	225 52 92 169
546	29 66 201 152
547	49 51 157 111
548	149 42 141 22
549	221 13 30 89
550	26 247 28 2
551	21 93 175 47
552	215 238 172 228
553	7 35 107 139
554	200 213 197 246
555	25 194 234 143
556	104 112 76 24
557	177 94 33 155
558	237 97 63 168
559	72 12 100 154
560	70 183 16 26
561	105 37 156 194
562	136 124 15 153
563	48 166 138 124
564	107 227 166 203
565	204 156 213 38
566	226 56 238 106
567	120 107 183 66
568	215 23 79 245
569	248 45 34 170
570	152 247 104 163
571	191 147 78 57
572	210 237 7 200
573	223 228 21 131
574	5 10 39 32
575	224 98 42 97
576	93 40 141 244
577	220 4 202 188
578	23 148 208 120
579	74 33 65 181
580	75 106 60 38
581	143 71 224 234
582	106 95 4 174
583	40 232 100 42
584	164 203 244 160
585	93 22 208 202
586	212 152 54 213
587	128 207 148 132
588	31 149 42 181
589	103 126 211 76
590	7 121 95 94
591	122 236 110 189
592	168 220 97 13
593	197 130 96 128
594	191 215 71 121
595	85 189 136 78
596	202 166 242 211
597	76 116 172 93
598	16 163 165 168
599	5 191 225 118
600	2 36 222 238
601	31 13 25 51
602	41 18 10 101
603	74 29 169 217
604	47 94 159 246
605	247 187 50 87
606	245 204 142 82
607	210 230 232 162
608	92 161 226 17
609	249 81 206 126
610	199 186 94 178
611	178 84 23 239
612	209 38 66 228
613	6 196 131 150
614	27 195 47 233
615	28 172 85 169
616	122 205 67 58
617	79 16 39 50
618	221 230 69 38
619	105 42 27 157
620	36 90 135 204
621	205 40 134 215
622	185 172 236 151
623	213 218 106 167
624	5 238 200 161
625	67 156 86 227
626	192 106 36 11
627	66 70 203 96
628	161 18 247 227
629	40 136 207 124
630	243 39 229 77
631	221 87 226 75
632	224 106 204 8
633	111 227 11 156
634	11 184 17 19
635	219 15 204 250
636	236 114 245 192
637	190 173 71 230
638	148 2 53 98
639	213 150 78 149
640	81 52 60 197
641	207 155 142 196
642	32 54 97 120
643	202 108 24 59
644	157 84 114 92
645	117 165 57 185
646	59 129 176 162
647	135 63 41 235
648	204 110 129 120
649	168 68 1 26
650	39 202 155 33
651	166 136 232 164
652	73 3 101 199
653	244 30 234 1
654	88 126 116 94
655	198 7 94 192
656	217 18 93 218
657	124 179 62 236
658	179 145 42 213
659	105 91 92 242
660	162 13 2 149
661	175 114 1 225
662	37 150 36 66
663	189 49 244 36
664	196 66 40 89
665	107 189 172 55
666	116 208 94 34
667	11 222 20 33
668	25 165 14 164
669	183 63 236 188
670	219 155 39 29
671	43 121 167 114
672	11 189 16 3
673	128 70 18 7
674	123 151 14 141
675	154 197 125 99
676	108 207 213 94
677	12 11 35 97
678	150 139 12 37
679	235 150 30 6
680	244 213 121 228
681	64 169 93 161
682	195 214 154 119
683	115 97 13 140
684	188 31 204 209
685	31 93 206 47
686	112 246 231 229
687	115 234 156 180
688	225 136 21 129
689	244 67 113 71
690	80 241 92 211
691	1 81 98 215
692	247 99 102 117
693	224 80 204 246
694	153 201 113 130
695	136 189 125 13
696	179 2 170 95
697	34 83 11 250
698	27 167 149 114
699	161 147 92 143
700	207 89 164 145
701	67 163 170 167
702	176 55 231 133
703	244 15 80 116
704	138 50 215 146
705	49 28 116 189
706	229 68 189 179
707	11 239 121 185
708	107 167 89 203
709	157 32 3 200
710	48 140 172 185
711	25 144 28 6
712	74 216 240 138
713	228 154 238 237
714	210 96 209 18
715	229 88 63 42
716	189 220 159 207
717	57 174 142 165
718	161 41 128 150
719	123 242 15 131
720	197 191 44 248
721	44 151 247 135
722	79 90 120 123
723	196 122 104 191
724	23 226 209 191
725	211 192 61 122
726	64 193 227 45
727	249 59 85 157
728	44 112 181 248
729	226 114 175 113
730	148 106 17 58
731	204 158 149 107
732	57 35 240 118
733	147 193 96 174
734	240 249 184 232
735	232 82 1 222
736	213 70 66 195
737	99 73 74 32
738	148 179 152 182
739	86 152 199 127
740	18 104 185 118
741	217 32 74 236
742	75 179 17 186
743	162 236 69 223
744	238 239 33 159
745	59 44 126 120
746	105 205 103 98
747	150 163 136 188
748	100 21 109 208
749	4 200 43 230
750	117 165 41 69
751	66 38 105 149
752	17 221 51 176
753	75 70 132 102
754	142 77 167 186
755	57 133 37 106
756	194 16 37 2
757	81 250 24 117
758	178 240 36 138
759	75 27 99 219
760	186 215 27 125
761	66 135 228 45
762	124 69 221 77
763	97 81 189 57
764	233 137 62 120
765	16 68 154 135
766	216 206 204 203
767	190 141 125 187
768	155 1 46 228
769	50 83 195 60
770	163 142 143 226
771	59 57 138 159
772	163 63 248 229
773	131 96 135 44
774	215 47 207 235
775	96 100 111 204
776	191 160 20 127
777	52 188 30 19
778	36 121 175 70
779	130 179 191 33
780	119 56 199 97
781	206 197 201 13
782	214 166 115 70
783	235 214 87 181
784	192 28 104 123
785	82 64 205 32
786	165 182 88 56
787	94 138 9 107
788	185 70 235 29
789	65 59 155 3
790	129 201 246 105
791	136 230 211 88
792	10 110 74 87
793	113 112 58 61
794	237 113 208 18
795	186 73 197 241
796	102 154 215 191
797	24 74 6 103
798	220 108 173 132
799	98 17 115 50
800	185 127 70 152
801	173 246 105 198
802	214 192 147 70
803	77 18 107 59
804	181 17 57 210
805	65 212 66 165
806	13 71 48 204
807	74 104 33 197
808	142 195 1 7
809	184 24 242 231
810	105 191 180 94
811	182 44 16 118
812	174 12 124 87
813	228 72 166 191
814	133 48 99 7
815	241 94 12 63
816	178 62 53 25
817	103 59 239 89
818	247 197 202 148
819	198 250 225 6
820	1 51 100 130
821	110 39 12 246
822	103 187 206 76
823	67 14 204 217
824	184 60 113 206
825	91 53 86 9
826	113 222 225 78
827	153 246 56 127
828	54 14 35 184
829	96 217 188 177
830	64 164 221 84
831	3 204 238 243
832	187 4 89 231
833	202 158 76 97
834	97 42 178 25
835	141 245 246 147
836	140 169 97 35
837	174 17 212 28
838	33 59 145 95
839	164 149 30 179
840	96 154 244 229
841	64 227 122 157
842	144 122 194 119
843	159 83 222 186
844	218 149 115 214
845	7 239 9 85
846	150 53 137 142
847	107 158 66 25
848	137 186 5 79
849	158 178 198 189
850	142 34 22 130
851	48 178 137 81
852	109 48 120 92
853	173 54 163 79
854	237 126 58 178
855	183 203 59 175
856	120 20 46 156
857	188 210 7 55
858	250 104 94 78
859	240 215 28 229
860	17 189 28 202
861	232 91 49 145
862	177 27 240 172
863	39 7 104 22
864	249 34 124 67
865	108 122 59 51
866	223 15 31 87
867	232 153 42 103
868	226 245 15 155
869	77 117 142 6
870	38 62 147 157
871	107 83 180 215
872	195 11 206 121
873	195 32 241 55
874	205 150 92 147
875	28 117 202 234
876	208 141 211 182
877	226 14 225 212
878	190 211 167 64
879	116 147 44 25
880	67 222 78 34
881	161 103 198 78
882	222 203 26 245
883	210 14 44 195
884	236 224 180 117
885	35 174 34 156
886	4 5 158 226
887	232 168 11 227
888	44 69 57 230
889	59 244 234 151
890	238 162 207 206
891	105 39 218 108
892	26 199 88 115
893	134 86 244 137
894	221 64 113 220
895	214 95 98 66
896	114 23 161 157
897	150 173 195 234
898	116 202 92 234
899	213 120 31 131
900	153 168 248 172
901	6 82 59 49
902	228 76 136 12
903	69 125 45 37
904	176 63 119 224
905	218 230 249 80
906	247 201 138 165
907	5 78 47 210
908	126 187 244 109
909	39 248 15 173
910	159 184 217 135
911	164 161 83 15
912	103 7 34 204
913	225 5 193 46
914	43 147 196 66
915	49 202 144 193
916	154 75 53 45
917	62 79 38 147
918	76 9 172 12
919	221 16 165 213
920	169 3 229 150
921	85 90 131 189
922	161 233 29 7
923	196 213 79 236
924	146 60 180 16
925	43 239 244 8
926	92 155 185 188
927	65 201 194 212
928	44 197 235 215
929	20 216 137 150
930	185 60 104 77
931	240 21 146 15
932	187 74 219 90
933	188 171 114 187
934	72 55 210 30
935	173 58 104 49
936	30 194 95 139
937	13 194 77 187
938	228 162 104 91
939	132 245 22 136
940	156 194 135 237
941	11 97 190 55
942	97 91 82 69
943	165 187 66 67
944	152 192 157 145
945	221 79 49 33
946	18 23 221 174
947	216 219 129 10
948	81 134 127 151
949	182 52 200 192
950	220 160 171 149
951	191 202 30 85
952	164 16 195 223
953	248 19 151 9
954	162 214 16 25
955	112 131 32 218
956	78 118 69 93
957	172 129 59 112
958	172 74 36 5
959	80 150 21 158
960	12 75 233 7
961	17 85 170 124
962	91 118 21 94
963	8 104 101 23
964	57 184 187 189
965	162 213 68 64
966	88 185 145 246
967	185 116 241 75
968	68 122 30 50
969	197 20 133 233
970	43 241 213 146
971	67 1 104 149
972	237 39 91 86
973	86 52 163 229
974	225 142 33 73
975	217 38 84 223
976	73 16 8 129
977	196 197 179 1
978	61 30 44 144
979	46 238 94 239
980	218 40 200 88
981	145 45 214 103
982	157 17 1 106
983	236 116 190 250
984	132 180 238 47
985	35 31 228 109
986	163 135 126 243
987	168 57 123 125
988	66 235 102 117
989	118 60 64 224
990	126 238 179 228
991	166 87 123 104
992	188 59 226 241
993	90 175 62 51
994	75 108 45 178
995	117 101 91 165
996	169 218 197 152
997	57 71 204 224
998	225 165 36 150
999	170 92 41 67
1000	58 184 39 236
1001	154 96 201 142
1002	143 161 246 65
1003	116 242 33 21
1004	98 174 60 149
1005	161 213 182 105
1006	86 169 124 30
1007	79 6 245 119
1008	226 122 196 13
1009	4 192 210 144
1010	61 225 204 25
1011	199 125 165 212
1012	93 36 75 118
1013	113 137 96 145
1014	211 45 22 30
1015	48 85 181 12
1016	230 77 110 68
1017	161 11 91 199
1018	183 67 37 217
1019	85 73 152 242
1020	55 11 226 180
1021	14 129 80 139
1022	217 113 201 126
1023	15 83 144 208
1024	238 233 140 196
1025	47 160 211 84
1026	239 33 140 86
1027	237 81 23 15
1028	234 143 189 240
1029	36 227 214 72
1030	58 19 200 189
1031	128 28 198 171
1032	126 199 243 209
1033	152 30 228 217
1034	91 59 194 181
1035	204 27 119 161
1036	225 47 78 151
1037	143 204 245 116
1038	86 108 249 214
1039	46 26 169 135
1040	176 189 108 200
1041	99 204 137 46
1042	138 64 185 196
1043	152 224 183 146
1044	154 193 242 240
1045	23 61 235 67
1046	92 250 219 64
1047	221 218 118 217
1048	27 58 137 241
1049	219 176 53 190
1050	11 116 57 82
1051	177 188 228 47
1052	178 97 222 76
1053	96 125 15 97
1054	177 242 14 116
1055	35 12 139 5
1056	8 70 161 125
1057	24 1 121 211
1058	166 224 131 123
1059	57 247 55 107
1060	175 70 244 100
1061	225 158 75 206
1062	104 154 35 170
1063	182 227 121 241
1064	215 17 249 38
1065	192 6 159 146
1066	17 151 144 96
1067	37 114 40 210
1068	241 124 135 245
1069	10 83 2 227
1070	244 13 88 151
1071	5 99 237 216
1072	79 1 36 195
1073	192 175 157 224
1074	109 61 134 46
1075	56 77 132 136
1076	180 23 169 35
1077	205 104 44 234
1078	169 120 244 203
1079	130 65 127 5
1080	33 194 193 196
1081	184 131 200 13
1082	225 9 177 209
1083	18 42 212 34
1084	189 204 232 188
1085	58 86 105 238
1086	5 144 248 201
1087	132 119 104 91
1088	193 152 56 82
1089	124 65 60 150
1090	133 227 125 34
1091	102 160 54 215
1092	51 53 79 196
1093	244 160 147 174
1094	81 238 198 180
1095	34 78 248 74
1096	214 220 19 22
1097	122 214 156 205
1098	88 150 84 142
1099	250 138 140 72
1100	205 91 221 230
1101	154 211 224 35
1102	119 244 185 24
1103	133 175 82 107
1104	119 216 12 155
1105	137 6 211 212
1106	214 246 58 172
1107	26 207 233 54
1108	2 101 224 216
1109	170 137 186 182
1110	170 31 141 132
1111	184 214 225 107
1112	189 236 102 57
1113	176 34 185 126
1114	16 243 234 240
1115	106 183 189 175
1116	13 153 139 232
1117	6 2 220 231
1118	124 209 137 194
1119	111 73 16 90
1120	77 184 156 93
1121	170 165 89 171
1122	27 109 219 61
1123	118 179 52 207
1124	117 173 51 96
1125	36 121 88 159
1126	159 164 212 194
1127	121 160 244 9
1128	37 158 175 33
1129	164 129 50 233
1130	222 174 110 124
1131	188 94 65 193
1132	15 175 108 46
1133	246 190 182 4
1134	17 42 100 39
1135	99 206 93 216
1136	129 61 185 65
1137	187 229 7 153
1138	67 1 29 40
1139	86 242 215 144
1140	38 33 170 119
1141	183 108 12 36
1142	237 43 217 158
1143	155 23 192 177
1144	32 64 48 75
1145	189 52 162 56
1146	78 147 231 188
1147	82 18 188 48
1148	119 171 202 105
1149	29 100 28 27
1150	198 178 57 221
1151	195 102 133 60
1152	86 51 83 62
1153	153 33 61 86
1154	24 183 177 32
1155	142 207 116 72
1156	66 35 17 210
1157	168 16 121 230
1158	134 82 93 90
1159	153 163 95 79
1160	196 162 106 79
1161	27 29 181 170
1162	141 94 187 235
1163	99 62 222 76
1164	249 241 24 51
1165	127 200 193 210
1166	201 34 89 130
1167	248 53 185 211
1168	213 63 25 55
1169	79 249 145 197
1170	226 191 55 200
1171	148 46 18 63
1172	80 5 81 96
1173	14 20 180 150
1174	14 43 171 6
1175	140 99 132 159
1176	172 74 114 141
1177	76 183 191 221
1178	6 154 239 156
1179	76 84 153 195
1180	167 243 91 191
1181	80 221 124 236
1182	246 130 49 88
1183	120 48 199 203
1184	11 19 86 199
1185	130 147 27 76
1186	135 90 17 169
1187	69 220 47 249
1188	8 205 206 38
1189	23 197 210 31
1190	181 183 10 100
1191	205 223 201 39
1192	150 180 91 49
1193	122 70 182 21
1194	209 213 223 194
1195	241 52 193 129
1196	105 30 1 166
1197	76 96 175 98
1198	13 51 117 250
1199	13 242 3 48
1200	230 21 117 44
1201	153 243 45 164
1202	46 191 60 1
1203	59 239 79 124
1204	90 183 121 140
1205	232 207 70 94
1206	218 42 54 229
1207	77 52 43 115
1208	21 239 93 163
1209	22 96 199 194
1210	1 28 248 138
1211	211 236 195 216
1212	244 95 202 174
1213	102 83 150 242
1214	7 20 18 32
1215	130 44 66 112
1216	88 105 234 112
1217	237 45 95 51
1218	211 106 87 248
1219	217 165 137 146
1220	140 179 110 147
1221	188 172 126 194
1222	91 24 140 170
1223	196 229 35 149
1224	23 191 183 46
1225	65 188 172 104
1226	13 125 7 120
1227	62 134 151 77
1228	177 232 143 250
1229	110 197 74 114
1230	13 53 18 12
1231	199 94 198 172
1232	60 31 178 225
1233	98 170 136 50
1234	167 139 211 222
1235	180 104 23 156
1236	4 208 112 155
1237	92 204 238 53
1238	64 63 150 164
1239	8 83 59 51
1240	24 67 31 168
1241	136 195 171 119
1242	231 167 139 146
1243	159 29 110 16
1244	193 222 248 48
1245	1 187 190 156
1246	128 96 221 141
1247	77 55 235 154
1248	3 128 244 229
1249	170 163 58 181
1250	181 10 117 149
1251	93 34 45 73
1252	196 179 60 165
1253	73 153 195 70
1254	115 190 130 180
1255	46 86 53 20
1256	121 98 146 241
1257	121 69 85 113
1258	167 148 40 152
1259	211 2 16 241
1260	215 128 28 196
1261	186 1 183 170
1262	74 179 127 92
1263	174 242 34 25
1264	41 133 169 93
1265	190 21 101 45
1266	32 103 242 91
1267	148 193 228 195
1268	118 247 249 189
1269	74 94 181 244
1270	146 11 181 4
1271	235 214 120 143
1272	74 52 140 114
1273	203 25 116 130
1274	210 125 152 223
1275	2 35 180 42
1276	16 52 154 75
1277	83 157 98 245
1278	192 219 215 143
1279	9 156 28 197
1280	4 35 219 143
1281	77 141 44 196
1282	138 93 126 29
1283	29 187 131 53
1284	134 232 194 189
1285	123 102 224 1
1286	12 157 69 15
1287	222 144 111 208
1288	28 238 97 162
1289	22 149 244 161
1290	46 250 86 82
1291	122 30 129 46
1292	87 215 89 163
1293	161 186 75 242
1294	246 132 81 116
1295	85 88 86 235
1296	171 224 93 106
1297	120 90 202 86
1298	7 138 65 180
1299	174 228 77 212
1300	100 44 70 159
1301	97 210 85 103
1302	58 147 42 35
1303	10 22 65 43
1304	57 8 240 144
1305	69 8 242 128
1306	122 67 149 9
1307	147 19 40 51
1308	86 36 183 55
1309	124 140 90 38
1310	6 147 133 70
1311	31 196 136 91
1312	207 133 215 240
1313	179 236 62 240
1314	126 87 93 122
1315	104 102 69 130
1316	2 61 240 184
1317	250 208 14 244
1318	21 99 19 44
1319	221 204 65 186
1320	125 10 190 106
1321	189 100 110 224
1322	191 185 145 56
1323	203 113 103 154
1324	87 203 72 246
1325	80 65 148 95
1326	90 179 187 46
1327	157 202 162 204
1328	130 100 46 103
1329	28 181 103 1
1330	232 149 98 22
1331	201 249 237 129
1332	163 235 215 200
1333	112 96 158 124
1334	228 214 243 96
1335	136 45 191 207
1336	199 170 3 234
1337	13 172 9 234
1338	204 28 127 62
1339	58 56 98 117
1340	11 45 108 40
1341	132 153 94 114
1342	16 63 104 111
1343	241 28 122 14
1344	166 224 145 117
1345	84 163 131 148
1346	161 16 187 158
1347	103 35 135 25
1348	154 58 85 90
1349	9 234 175 79
1350	12 85 55 4
1351	139 176 208 243
1352	43 157 110 16
1353	40 239 136 197
1354	228 42 239 10
1355	223 198 38 18
1356	14 144 140 153
1357	92 216 51 206
1358	53 17 78 204
1359	181 164 196 53
1360	94 223 190 195
1361	190 232 5 142
1362	215 249 169 54
1363	67 109 247 152
1364	135 136 98 191
1365	122 227 106 16
1366	139 129 104 148
1367	174 237 71 74
1368	82 75 179 126
1369	219 240 232 201
1370	115 78 5 241
1371	217 241 50 82
1372	235 243 186 218
1373	176 244 229 173
1374	78 15 218 192
1375	103 211 17 241
1376	11 50 169 191
1377	120 235 206 80
1378	39 239 188 184
1379	126 120 82 4
1380	134 80 209 47
1381	124 162 157 208
1382	52 29 48 213
1383	229 223 109 196
1384	28 221 214 45
1385	99 5 123 40
1386	14 59 224 207
1387	186 164 22 168
1388	178 173 223 196
1389	238 191 249 19
1390	192 57 82 225
1391	105 149 102 163
1392	140 111 35 121
1393	215 120 180 220
1394	219 129 186 25
1395	12 76 229 226
1396	214 110 249 158
1397	85 32 171 80
1398	27 36 70 51
1399	100 97 82 73
1400	23 135 92 222
1401	227 248 157 175
1402	173 7 119 157
1403	142 235 209 246
1404	6 69 135 164
1405	195 198 126 132
1406	92 226 122 133
1407	205 241 126 129
1408	25 64 228 109
1409	24 222 138 82
1410	190 214 167 120
1411	135 184 8 23
1412	167 247 141 33
1413	27 85 127 175
1414	152 190 94 235
1415	50 198 38 33
1416	194 218 17 41
1417	75 172 20 188
1418	19 214 135 23
1419	214 110 213 175
1420	69 235 46 80
1421	209 22 114 128
1422	104 189 75 110
1423	189 2 148 150
1424	235 47 167 45
1425	71 155 142 52
1426	178 38 168 72
1427	187 158 215 36
1428	28 206 231 33
1429	218 154 36 136
1430	195 202 175 43
1431	64 187 199 191
1432	111 37 127 92
1433	189 90 204 85
1434	131 130 145 190
1435	8 142 166 23
1436	192 230 150 91
1437	10 134 198 45
1438	86 54 154 225
1439	240 51 109 39
1440	47 110 245 176
1441	143 47 229 234
1442	72 85 33 179
1443	147 55 195 191
1444	217 171 44 67
1445	166 44 8 81
1446	30 42 149 247
1447	59 193 43 74
1448	44 50 187 37
1449	85 81 5 200
1450	133 195 155 61
1451	190 157 244 101
1452	21 172 227 213
1453	186 182 1 130
1454	14 185 144 60
1455	100 182 168 105
1456	19 87 242 136
1457	197 248 104 45
1458	127 191 5 199
1459	61 16 149 106
1460	220 122 67 129
1461	51 79 23 217
1462	249 230 37 39
1463	63 5 218 57
1464	203 11 145 16
1465	131 165 123 84
1466	195 37 233 85
1467	226 133 96 209
1468	140 206 49 111
1469	184 130 76 140
1470	29 192 31 207
1471	148 245 16 166
1472	200 33 172 145
1473	237 17 166 245
1474	177 169 170 19
1475	16 70 90 15
1476	178 39 73 180
1477	211 222 184 99
1478	171 102 245 212
1479	195 178 23 100
1480	177 163 56 81
1481	190 143 237 54
1482	77 20 111 202
1483	88 182 190 8
1484	236 112 162 179
1485	151 142 134 87
1486	235 22 133 94
1487	69 67 236 226
1488	67 26 88 44
1489	24 153 51 149
1490	227 113 50 139
1491	40 237 232 169
1492	105 96 200 11
1493	197 6 209 247
1494	51 221 109 52
1495	44 136 82 216
1496	98 210 54 169
1497	12 93 152 105
1498	187 49 68 215
1499	26 179 39 211
1500	223 180 65 241
1501	82 8 56 19
1502	79 208 7 105
1503	139 22 31 233
1504	3 166 8 97
1505	127 99 8 84
1506	161 170 108 52
1507	28 41 236 146
1508	225 152 226 82
1509	193 65 95 45
1510	64 136 167 41
1511	73 110 237 203
1512	222 65 23 7
1513	56 170 44 166
1514	132 193 66 198
1515	194 82 19 41
1516	153 22 78 189
1517	217 86 109 204
1518	11 64 169 156
1519	80 37 161 150
1520	247 192 221 105
1521	103 78 86 51
1522	161 249 34 43
1523	37 158 235 159
1524	30 129 134 2
1525	245 107 163 93
1526	84 3 106 189
1527	67 96 100 204
1528	71 149 133 128
1529	97 146 79 29
1530	51 83 26 173
1531	45 214 14 146
1532	234 236 85 3
1533	141 21 86 176
1534	31 172 141 108
1535	23 136 124 161
1536	40 170 177 151
1537	170 240 168 65
1538	86 224 116 133
1539	16 120 172 71
1540	61 160 118 42
1541	53 104 35 228
1542	78 19 130 125
1543	180 52 100 67
1544	96 42 136 34
1545	5 185 206 105
1546	75 51 158 223
1547	102 200 25 60
1548	169 208 205 29
1549	80 77 98 166
1550	157 204 73 241
1551	150 141 195 228
1552	188 4 3 197
1553	170 178 76 201
1554	142 126 235 115
1555	197 136 137 208
1556	188 162 38 147
1557	114 227 52 167
1558	21 47 156 236
1559	63 39 201 130
1560	165 34 90 179
1561	38 200 25 49
1562	198 24 189 38
1563	131 168 41 111
1564	106 99 14 92
1565	29 37 138 115
1566	81 185 88 94
1567	217 233 161 30
1568	161 189 67 77
1569	240 43 107 195
1570	36 199 35 207
1571	20 152 221 178
1572	183 60 113 192
1573	72 155 188 203
1574	217 188 187 80
1575	239 11 235 7
1576	81 53 168 208
1577	71 160 156 14
1578	160 50 137 215
1579	71 135 216 167
1580	99 178 238 177
1581	16 82 38 65
1582	156 52 244 226
1583	199 168 23 182
1584	178 23 41 35
1585	176 207 56 173
1586	38 213 114 171
1587	180 134 43 150
1588	86 145 191 84
1589	215 169 246 170
1590	8 241 75 50
1591	66 91 223 76
1592	97 161 5 79
1593	216 125 119 104
1594	201 131 51 97
1595	10 107 137 29
1596	88 183 112 87
1597	66 193 2 105
1598	118 234 15 121
1599	144 184 47 117
1600	247 38 59 48
1601	33 200 77 45
1602	162 124 16 49
1603	72 36 235 90
1604	126 16 222 71
1605	168 67 142 238
1606	34 190 106 43
1607	162 229 164 193
1608	91 233 88 13
1609	220 209 217 183
1610	85 167 36 213
1611	100 222 132 206
1612	48 216 92 6
1613	90 187 164 208
1614	20 146 151 193
1615	248 188 107 162
1616	117 175 210 125
1617	111 57 158 163
1618	162 8 195 164
1619	19 14 60 250
1620	198 105 157 148
1621	130 95 97 72
1622	22 4 217 195
1623	32 60 192 103
1624	198 153 208 172
1625	165 183 56 68
1626	87 159 123 117
1627	152 227 14 17
1628	242 25 47 82
1629	82 154 92 64
1630	235 151 127 203
1631	150 67 58 190
1632	28 239 120 80
1633	133 16 110 134
1634	190 198 13 229
1635	131 249 91 174
1636	8 138 37 129
1637	91 188 63 95
1638	37 54 199 83
1639	133 68 207 206
1640	129 98 134 96
1641	187 77 229 230
1642	227 62 118 85
1643	139 52 108 70
1644	220 55 184 27
1645	82 24 125 200
1646	248 12 208 113
1647	76 70 150 172
1648	130 210 48 97
1649	207 137 177 44
1650	197 102 149 66
1651	82 120 13 114
1652	148 236 150 70
1653	34 127 166 219
1654	121 156 230 161
1655	181 210 73 54
1656	58 60 185 153
1657	134 155 48 125
1658	21 75 99 150
1659	22 10 88 236
1660	11 115 95 207
1661	201 35 52 182
1662	204 53 167 38
1663	119 27 124 164
1664	245 122 99 27
1665	214 246 30 222
1666	182 33 9 131
1667	114 220 156 129
1668	42 76 247 218
1669	210 127 40 226
1670	104 81 22 238
1671	176 96 180 72
1672	190 15 39 22
1673	76 40 80 104
1674	196 236 151 22
1675	24 20 197 125
1676	183 84 56 186
1677	197 102 99 88
1678	75 174 20 44
1679	102 23 116 72
1680	152 113 137 74
1681	98 74 109 44
1682	68 12 146 171
1683	187 11 98 25
1684	69 110 108 212
1685	213 243 105 127
1686	63 245 51 48
1687	84 208 192 132
1688	89 85 118 143
1689	199 87 177 200
1690	177 118 143 106
1691	222 79 119 109
1692	96 25 54 22
1693	17 108 113 232
1694	203 28 154 19
1695	173 235 166 77
1696	52 105 19 94
1697	21 239 191 24
1698	174 205 2 59
1699	141 117 206 99
1700	7 198 182 14
1701	206 60 73 89
1702	96 142 122 83
1703	15 70 178 235
1704	127 132 188 123
1705	12 36 166 151
1706	162 179 130 31
1707	4 122 91 202
1708	177 224 54 69
1709	102 35 171 159
1710	18 112 127 215
1711	111 10 57 227
1712	30 236 59 93
1713	188 110 163 178
1714	166 34 19 111
1715	121 141 5 170
1716	135 91 32 208
1717	102 107 30 118
1718	222 59 194 94
1719	178 202 4 132
1720	230 46 6 30
1721	247 185 101 134
1722	155 205 133 136
1723	213 149 214 156
1724	82 195 205 157
1725	194 32 231 64
1726	65 74 33 204
1727	250 126 138 9
1728	171 133 72 44
1729	223 225 228 17
1730	242 68 224 44
1731	158 210 9 67
1732	178 126 216 12
1733	244 10 32 43
1734	231 237 228 137
1735	167 74 129 248
1736	143 167 82 250
1737	58 130 123 89
1738	209 131 173 217
1739	12 217 50 11
1740	30 57 163 202
1741	6 146 212 49
1742	44 131 37 12
1743	176 250 49 230
1744	191 41 165 44
1745	105 250 65 199
1746	5 40 220 206
1747	1 156 86 93
1748	250 102 33 74
1749	128 134 49 240
1750	29 63 6 192
1751	38 68 168 174
1752	102 74 70 228
1753	1 216 3 231
1754	71 12 156 26
1755	34 73 44 56
1756	45 96 112 32
1757	38 201 171 137
1758	73 137 56 144
1759	162 199 126 128
1760	168 116 153 148
1761	137 248 136 172
1762	217 118 249 242
1763	89 91 205 82
1764	191 189 53 157
1765	140 66 167 58
1766	96 23 115 47
1767	129 194 110 46
1768	219 87 42 159
1769	100 37 3 26
1770	23 96 49 17
1771	241 132 249 29
1772	168 189 57 55
1773	53 212 37 146
1774	203 97 75 157
1775	68 229 94 192
1776	116 50 121 95
1777	33 49 21 182
1778	13 27 112 219
1779	72 189 9 29
1780	99 118 28 112
1781	153 50 185 197
1782	232 94 241 92
1783	89 5 106 102
1784	247 121 195 166
1785	113 43 17 227
1786	110 111 43 13
1787	223 240 138 47
1788	148 225 59 126
1789	101 137 233 117
1790	226 73 229 51
1791	51 128 11 111
1792	206 108 232 46
1793	52 218 40 217
1794	157 219 28 103
1795	154 4 29 51
1796	16 167 206 248
1797	113 153 114 158
1798	36 210 155 239
1799	96 151 98 61
1800	137 143 176 75
1801	164 177 16 25
1802	137 90 221 5
1803	233 178 109 155
1804	167 244 139 111
1805	97 11 78 30
1806	190 52 8 142
1807	85 160 114 50
1808	122 178 228 214
1809	105 78 132 125
1810	210 44 123 220
1811	52 21 137 124
1812	156 62 63 15
1813	32 213 222 27
1814	136 102 60 8
1815	62 12 104 93
1816	232 222 192 122
1817	175 116 52 221
1818	206 94 63 194
1819	68 155 122 114
1820	182 248 34 48
1821	217 94 185 49
1822	249 111 203 180
1823	109 111 195 90
1824	115 186 34 227
1825	45 179 115 62
1826	175 79 171 168
1827	211 228 2 7
1828	249 93 40 18
1829	16 67 121 126
1830	226 205 90 137
1831	236 101 191 199
1832	5 229 19 173
1833	45 87 119 86
1834	148 192 211 68
1835	75 34 188 242
1836	49 238 221 65
1837	212 3 80 89
1838	228 224 186 126
1839	160 88 106 14
1840	16 202 48 7
1841	126 14 78 16
1842	209 27 143 41
1843	78 248 118 238
1844	201 50 109 89
1845	118 104 173 242
1846	170 132 131 14
1847	120 24 13 158
1848	103 97 80 249
1849	137 235 73 32
1850	15 21 53 24
1851	201 122 177 62
1852	214 43 5 110
1853	40 172 141 188
1854	9 149 11 229
1855	78 136 166 64
1856	103 250 198 21
1857	54 77 135 146
1858	169 64 215 195
1859	35 132 192 57
1860	220 132 181 248
1861	117 210 152 169
1862	206 193 164 1
1863	161 41 207 147
1864	76 119 79 64
1865	114 99 134 137
1866	109 67 120 19
1867	179 16 206 230
1868	169 249 54 111
1869	97 201 227 114
1870	68 176 14 170
1871	102 108 53 59
1872	111 169 154 86
1873	153 113 85 136
1874	191 197 102 128
1875	247 194 38 190
1876	55 62 144 230
1877	59 222 230 60
1878	102 49 11 199
1879	74 27 207 220
1880	184 203 129 186
1881	81 3 225 202
1882	245 60 168 34
1883	182 237 209 64
1884	188 20 13 238
1885	86 44 25 68
1886	56 47 7 213
1887	123 107 26 73
1888	80 71 98 125
1889	159 153 38 238
1890	249 37 51 222
1891	175 207 131 219
1892	140 82 159 125
1893	138 62 215 41
1894	3 186 191 136
1895	17 38 184 128
1896	68 39 99 132
1897	61 249 81 210
1898	183 45 81 157
1899	67 138 179 33
1900	6 104 138 16
1901	31 13 131 4
1902	18 91 117 203
1903	45 167 48 81
1904	118 210 27 123
1905	144 228 139 107
1906	230 52 33 161
1907	70 248 175 31
1908	247 109 96 108
1909	249 186 190 171
1910	74 202 136 114
1911	189 206 165 202
1912	61 96 226 55
1913	48 60 86 122
1914	64 102 155 60
1915	38 193 120 54
1916	3 156 72 161
1917	234 79 184 52
1918	131 105 51 138
1919	34 126 54 232
1920	241 10 61 161
1921	172 158 4 110
1922	118 83 72 55
1923	194 24 120 106
1924	182 151 91 107
1925	69 20 143 179
1926	36 102 201 42
1927	190 179 2 187
1928	69 22 219 58
1929	141 98 200 157
1930	153 76 237 170
1931	61 237 92 217
1932	132 70 233 181
1933	60 130 70 96
1934	233 127 135 84
1935	6 120 245 27
1936	26 19 153 102
1937	243 234 111 22
1938	34 237 198 142
1939	228 205 161 186
1940	198 52 138 114
1941	154 241 11 105
1942	238 182 75 210
1943	27 230 177 53
1944	150 181 40 171
1945	58 210 167 81
1946	199 67 235 90
1947	229 214 185 8
1948	161 168 240 77
1949	2 139 13 52
1950	36 229 196 209
1951	101 3 144 139
1952	146 66 230 31
1953	159 5 12 136
1954	151 173 9 185
1955	101 97 212 221
1956	125 2 46 37
1957	142 138 129 29
1958	32 98 54 187
1959	237 106 213 144
1960	250 173 141 239
1961	248 7 170 117
1962	115 204 47 184
1963	167 110 168 81
1964	137 165 183 45
1965	125 237 102 16
1966	64 19 232 24
1967	31 103 250 158
1968	29 147 60 49
1969	47 132 21 148
1970	51 19 217 166
1971	227 190 54 92
1972	181 55 59 58
1973	241 28 27 132
1974	121 189 66 116
1975	92 35 141 65
1976	239 238 246 167
1977	66 244 199 201
1978	6 46 153 145
1979	170 78 125 58
1980	81 242 201 102
1981	166 248 154 133
1982	195 37 118 56
1983	113 233 131 181
1984	12 36 164 52
1985	8 102 71 229
1986	140 221 154 18
1987	242 55 118 213
1988	79 172 2 245
1989	33 56 152 234
1990	184 20 57 40
1991	152 67 154 153
1992	92 178 55 220
1993	199 43 219 228
1994	105 76 224 153
1995	123 175 88 4
1996	181 109 19 245
1997	131 40 242 233
1998	240 131 51 134
1999	76 23 229 227
2000	139 53 124 136
2001	152 35 205 131
2002	20 129 21 182
2003	150 224 189 103
2004	153 225 151 47
2005	63 196 233 38
2006	233 92 61 35
2007	20 185 119 43
2008	43 71 162 95
2009	46 111 16 95
2010	236 85 63 47
2011	145 72 137 233
2012	231 142 124 40
2013	194 69 73 180
2014	53 194 45 78
2015	199 25 38 13
2016	193 36 164 1
2017	172 130 12 153
2018	203 221 208 118
2019	246 39 210 2
2020	229 44 22 32
2021	121 61 221 246
2022	78 128 243 105
2023	34 246 223 13
2024	194 166 58 193
2025	209 33 247 88
2026	70 72 26 232
2027	103 135 151 118
2028	143 11 249 57
2029	41 23 200 108
2030	178 181 166 89
2031	200 79 204 41
2032	152 133 174 153
2033	219 181 41 169
2034	129 41 185 49
2035	67 65 106 129
2036	151 173 30 164
2037	147 4 224 70
2038	142 168 160 128
2039	235 142 185 184
2040	156 249 64 12
2041	224 175 184 119
2042	245 63 230 93
2043	247 98 217 42
2044	108 82 87 28
2045	172 48 2 61
2046	135 237 180 184
2047	80 242 135 49
2048	82 173 67 194
2049	247 23 130 184
2050	131 196 127 95
2051	60 206 250 208
2052	192 157 117 44
2053	208 138 113 244
2054	77 147 140 197
2055	168 244 231 9
2056	95 9 227 186
2057	29 80 189 111
2058	13 202 33 149
2059	75 125 93 40
2060	102 190 247 171
2061	185 67 169 59
2062	180 217 194 203
2063	132 15 153 221
2064	184 201 167 159
2065	35 55 200 221
2066	169 94 222 47
2067	121 239 66 34
2068	137 193 211 46
2069	175 179 97 26
2070	235 24 240 142
2071	147 66 109 209
2072	24 27 177 130
2073	101 162 50 21
2074	96 87 205 141
2075	181 66 85 207
2076	199 26 27 103
2077	134 118 157 43
2078	3 80 194 131
2079	50 129 224 114
2080	220 31 214 242
2081	152 178 180 25
2082	9 17 211 242
2083	41 55 9 136
2084	5 182 69 112
2085	185 128 247 229
2086	157 156 214 131
2087	177 150 176 131
2088	11 19 32 61
2089	103 94 104 215
2090	85 207 222 77
2091	21 191 236 123
2092	218 20 159 102
2093	195 218 176 145
2094	46 142 103 11
2095	37 151 26 77
2096	80 132 56 34
2097	147 212 128 45
2098	221 219 163 149
2099	200 183 147 110
2100	249 81 233 34
2101	236 33 207 6
2102	147 247 216 70
2103	20 99 2 244
2104	78 94 230 176
2105	120 39 99 136
2106	216 42 81 164
2107	243 106 185 46
2108	173 11 94 136
2109	196 166 244 231
2110	124 179 126 87
2111	185 202 201 86
2112	17 247 28 22
2113	177 80 88 197
2114	76 57 41 123
2115	58 188 187 231
2116	138 55 104 164
2117	41 235 196 188
2118	28 124 1 177
2119	143 12 109 135
2120	84 195 108 93
2121	11 178 172 8
2122	146 32 35 6
2123	8 231 4 12
2124	49 92 46 100
2125	65 51 204 33
2126	96 152 244 26
2127	15 113 43 179
2128	175 223 212 104
2129	83 71 53 157
2130	45 219 245 9
2131	125 42 13 218
2132	236 176 135 9
2133	182 109 175 59
2134	73 198 163 98
2135	126 164 183 75
2136	89 41 212 134
2137	82 235 56 79
2138	222 154 7 135
2139	157 202 63 143
2140	137 131 127 197
2141	185 205 22 227
2142	102 50 78 7
2143	207 195 128 16
2144	246 226 181 48
2145	31 146 190 211
2146	73 45 20 95
2147	224 203 42 12
2148	189 27 203 242
2149	159 6 16 121
2150	230 238 68 215
2151	3 103 50 128
2152	243 90 225 143
2153	213 179 248 206
2154	239 175 103 243
2155	108 165 190 136
2156	163 50 211 25
2157	197 18 106 233
2158	126 203 197 215
2159	145 130 117 106
2160	20 24 165 239
2161	101 4 123 15
2162	187 100 133 207
2163	238 113 78 206
2164	247 141 11 36
2165	160 165 112 207
2166	14 192 196 152
2167	165 202 188 180
2168	15 206 209 239
2169	107 136 41 82
2170	158 16 118 38
2171	135 162 184 225
2172	160 67 124 228
2173	56 80 172 20
2174	58 116 83 15
2175	26 12 172 49
2176	151 72 228 56
2177	245 242 119 37
2178	137 145 38 230
2179	195 13 182 213
2180	186 62 42 38
2181	156 218 56 217
2182	59 4 122 33
2183	57 199 155 145
2184	59 156 11 5
2185	106 97 100 4
2186	187 39 64 14
2187	172 116 70 71
2188	233 154 90 191
2189	224 179 231 77
2190	93 181 226 133
2191	148 26 189 118
2192	145 185 131 56
2193	2 50 147 155
2194	48 157 51 21
2195	247 128 19 210
2196	63 55 197 172
2197	236 102 42 80
2198	219 34 184 100
2199	100 157 99 147
2200	129 45 38 58
2201	162 135 75 129
2202	114 107 163 214
2203	62 52 57 87
2204	50 238 218 244
2205	215 24 148 61
2206	133 5 88 56
2207	239 179 206 225
2208	184 2 11 70
2209	113 201 140 197
2210	157 166 8 199
2211	75 167 224 4
2212	108 81 175 119
2213	54 61 75 171
2214	129 170 91 139
2215	178 228 70 18
2216	52 49 94 168
2217	104 176 14 41
2218	196 208 168 46
2219	130 133 62 73
2220	147 199 37 181
2221	201 41 14 5
2222	11 48 109 245
2223	100 102 134 198
2224	3 2 129 106
2225	210 109 69 34
2226	105 163 235 245
2227	113 144 78 190
2228	192 85 172 116
2229	90 226 2 57
2230	73 244 100 226
2231	186 236 157 105
2232	20 223 32 199
2233	238 91 98 128
2234	111 139 236 168
2235	56 4 39 168
2236	43 194 98 86
2237	178 225 82 84
2238	14 73 45 155
2239	64 160 38 124
2240	86 94 169 70
2241	57 201 87 245
2242	47 65 78 169
2243	84 249 244 138
2244	91 92 140 67
2245	225 247 104 44
2246	179 16 1 32
2247	150 69 176 145
2248	187 115 213 109
2249	238 93 186 26
2250	224 6 117 185
2251	65 198 127 108
2252	171 37 145 226
2253	193 54 11 201
2254	234 160 107 75
2255	15 127 234 245
2256	173 9 113 49
2257	109 95 223 85
2258	75 245 3 233
2259	93 42 77 36
2260	78 128 106 214
2261	125 240 250 42
2262	164 220 189 144
2263	134 176 194 86
2264	194 34 10 120
2265	204 168 120 161
2266	35 154 184 114
2267	107 57 118 141
2268	86 249 143 222
2269	181 128 216 36
2270	164 24 216 174
2271	209 181 84 13
2272	167 152 132 96
2273	146 25 199 125
2274	248 246 43 203
2275	229 240 69 183
2276	59 118 189 49
2277	109 241 147 170
2278	149 218 30 126
2279	7 126 101 88
2280	11 49 10 28
2281	139 116 204 195
2282	99 157 55 42
2283	175 235 180 26
2284	40 208 122 178
2285	60 219 181 210
2286	11 215 205 163
2287	86 202 92 175
2288	10 170 137 5
2289	245 99 147 79
2290	48 159 98 96
2291	82 200 80 11
2292	145 214 62 67
2293	183 97 21 182
2294	130 27 13 105
2295	202 193 9 143
2296	181 89 239 90
2297	126 163 238 133
2298	240 183 65 16
2299	22 126 226 137
2300	183 132 93 229
2301	144 173 57 199
2302	74 1 14 163
2303	70 125 206 92
2304	42 126 233 11
2305	60 216 150 164
2306	235 225 149 239
2307	186 4 219 176
2308	164 208 118 146
2309	137 143 55 133
2310	211 244 144 164
2311	144 79 33 67
2312	215 243 237 136
2313	53 19 171 84
2314	75 34 217 235
2315	234 130 225 168
2316	171 117 209 198
2317	123 66 170 174
2318	82 125 129 17
2319	191 22 102 10
2320	136 146 240 242
2321	110 204 83 228
2322	23 37 42 70
2323	81 195 186 203
2324	31 46 163 249
2325	71 81 120 78
2326	171 5 31 178
2327	159 236 189 196
2328	41 25 99 10
2329	216 4 123 116
2330	33 221 198 249
2331	163 12 39 101
2332	48 145 203 73
2333	23 138 17 237
2334	169 175 123 157
2335	83 100 101 183
2336	96 163 24 53
2337	179 134 163 153
2338	146 205 208 80
2339	240 113 35 148
2340	14 146 52 32
2341	217 177 90 145
2342	44 189 35 224
2343	96 34 41 192
2344	93 185 118 94
2345	46 234 158 107
2346	194 137 165 120
2347	247 39 85 83
2348	75 122 94 74
2349	114 120 245 53
2350	177 228 129 4
2351	147 37 214 102
2352	248 245 178 203
2353	26 55 120 100
2354	156 176 151 87
2355	156 37 171 2
2356	246 244 99 110
2357	238 171 198 196
2358	104 241 109 53
2359	200 71 173 237
2360	6 134 219 21
2361	41 247 241 5
2362	176 76 111 5
2363	46 194 58 232
2364	154 162 143 186
2365	66 51 238 134
2366	40 156 174 16
2367	68 48 129 67
2368	54 13 232 151
2369	150 97 14 198
2370	212 69 208 189
2371	89 133 82 152
2372	64 217 7 200
2373	138 126 13 26
2374	85 191 161 231
2375	229 178 214 188
2376	108 37 248 152
2377	65 153 58 175
2378	54 43 85 152
2379	210 151 236 58
2380	240 5 112 166
2381	72 60 246 89
2382	67 16 80 199
2383	242 210 118 207
2384	159 239 163 13
2385	156 182 214 235
2386	234 48 166 112
2387	64 3 105 121
2388	202 119 61 176
2389	234 150 84 85
2390	169 87 229 128
2391	50 103 121 69
2392	161 226 178 233
2393	74 246 200 180
2394	62 60 213 172
2395	47 141 64 102
2396	62 11 8 10
2397	185 154 76 14
2398	47 58 90 51
2399	237 14 99 102
2400	149 204 13 71
2401	98 246 57 86
2402	232 60 150 217
2403	85 130 73 243
2404	77 70 144 180
2405	14 149 232 2
2406	79 61 5 27
2407	4 175 17 35
2408	160 142 65 161
2409	112 123 227 85
2410	131 35 246 205
2411	211 2 18 192
2412	90 157 178 159
2413	121 108 35 9
2414	142 217 4 51
2415	1 4 18 115
2416	76 209 119 127
2417	87 97 150 32
2418	237 31 244 231
2419	54 173 214 102
2420	191 219 187 152
2421	52 74 24 232
2422	31 7 156 60
2423	128 110 248 212
2424	20 99 250 60
2425	196 49 242 178
2426	215 131 98 247
2427	111 49 208 11
2428	2 107 221 62
2429	46 74 82 149
2430	128 87 139 187
2431	35 41 11 188
2432	123 27 240 177
2433	202 141 229 107
2434	218 165 48 184
2435	196 247 142 201
2436	225 22 6 128
2437	221 12 106 92
2438	218 10 77 7
2439	128 84 198 219
2440	190 158 228 83
2441	199 84 163 224
2442	180 242 163 96
2443	199 42 240 158
2444	131 240 8 167
2445	198 172 231 10
2446	49 172 121 167
2447	172 179 237 250
2448	62 191 197 34
2449	214 56 181 121
2450	145 68 21 78
2451	82 201 81 59
2452	213 33 2 229
2453	27 31 203 104
2454	99 67 80 191
2455	130 4 127 20
2456	244 151 137 98
2457	224 72 169 32
2458	152 168 11 187
2459	169 203 9 149
2460	82 147 16 139
2461	233 46 96 152
2462	95 67 132 98
2463	151 213 16 153
2464	141 237 48 176
2465	61 215 35 140
2466	111 158 71 131
2467	7 47 152 207
2468	27 130 162 107
2469	178 60 24 174
2470	178 64 221 166
2471	191 29 39 241
2472	110 200 4 22
2473	121 75 70 45
2474	189 151 176 139
2475	229 190 165 146
2476	190 37 50 35
2477	146 167 166 126
2478	42 32 167 55
2479	147 189 6 104
2480	25 38 207 11
2481	105 191 178 79
2482	249 117 100 235
2483	228 151 148 88
2484	57 16 18 159
2485	25 143 242 225
2486	192 105 109 145
2487	108 120 73 101
2488	237 115 166 44
2489	170 135 122 71
2490	199 92 75 52
2491	24 169 98 70
2492	163 125 32 120
2493	205 86 57 65
2494	184 65 166 227
2495	111 225 14 118
2496	49 102 109 202
2497	108 104 155 193
2498	156 96 227 56
2499	185 23 31 222
2500	120 38 154 110
2501	73 125 249 106
2502	225 105 181 168
2503	21 144 216 114
2504	80 90 23 31
2505	184 158 153 20
2506	16 152 163 54
2507	201 144 136 73
2508	104 239 177 202
2509	223 80 95 202
2510	9 249 173 171
2511	165 129 32 79
2512	151 23 182 85
2513	9 209 143 169
2514	85 12 78 118
2515	158 150 106 89
2516	164 86 77 12
2517	21 202 29 16
2518	165 44 137 15
2519	88 145 113 60
2520	60 59 44 98
2521	66 161 74 149
2522	122 224 13 40
2523	107 177 244 78
2524	241 133 139 33
2525	127 105 217 203
2526	187 165 45 134
2527	62 79 81 104
2528	119 242 139 155
2529	20 53 241 41
2530	191 169 142 201
2531	247 121 1 81
2532	19 60 139 57
2533	122 31 87 247
2534	225 36 188 182
2535	225 183 196 7
2536	93 114 81 3
2537	185 92 199 135
2538	177 190 199 226
2539	42 183 41 133
2540	218 110 215 25
2541	100 60 180 59
2542	116 233 185 209
2543	117 113 235 143
2544	125 67 109 26
2545	201 75 158 103
2546	180 190 49 156
2547	77 223 8 228
2548	147 27 202 105
2549	150 190 228 19
2550	207 111 173 161
2551	234 121 154 173
2552	241 249 98 62
2553	201 129 198 120
2554	16 246 17 77
2555	33 129 81 195
2556	204 118 38 35
2557	122 86 40 37
2558	163 122 159 248
2559	206 234 177 186
2560	100 95 206 56
2561	11 207 222 45
2562	208 6 148 47
2563	221 6 177 178
2564	164 63 104 152
2565	220 171 142 205
2566	138 123 93 52
2567	151 14 227 29
2568	110 119 95 115
2569	229 195 44 72
2570	139 144 184 189
2571	217 236 38 21
2572	178 59 215 44
2573	131 219 222 203
2574	223 182 162 206
2575	97 236 108 167
2576	105 111 190 62
2577	234 115 131 29
2578	19 179 53 196
2579	138 242 25 46
2580	213 67 121 199
2581	67 51 97 193
2582	123 64 68 161
2583	191 41 199 82
2584	183 221 138 225
2585	164 219 115 61
2586	182 172 109 202
2587	73 165 186 207
2588	87 138 142 36
2589	52 191 57 123
2590	231 184 146 203
2591	8 187 52 205
2592	105 52 22 7
2593	171 231 140 107
2594	96 210 44 224
2595	179 215 66 63
2596	142 37 120 40
2597	43 213 117 162
2598	233 143 219 95
2599	97 26 63 226
2600	133 110 203 105
2601	49 84 162 53
2602	218 31 82 41
2603	77 62 126 220
2604	145 56 64 109
2605	235 157 28 103
2606	115 228 36 222
2607	124 90 56 177
2608	167 1 175 25
2609	140 47 86 184
2610	63 179 82 131
2611	158 142 156 84
2612	78 131 108 1
2613	204 149 192 139
2614	199 248 110 5
2615	145 173 160 77
2616	246 40 239 112
2617	114 51 111 177
2618	55 195 246 48
2619	85 164 133 169
2620	248 247 84 96
2621	114 81 82 175
2622	196 144 105 191
2623	84 93 92 244
2624	136 12 20 167
2625	148 182 227 80
2626	146 112 38 63
2627	222 18 225 163
2628	167 42 12 137
2629	143 102 66 45
2630	227 150 171 144
2631	47 119 186 193
2632	125 201 23 25
2633	250 154 195 171
2634	145 53 97 208
2635	56 49 140 175
2636	88 16 91 225
2637	212 87 86 154
2638	158 74 110 236
2639	126 243 119 23
2640	53 61 42 57
2641	145 98 244 142
2642	121 137 106 48
2643	229 21 184 181
2644	32 237 21 141
2645	129 18 92 160
2646	142 41 67 219
2647	206 87 80 93
2648	41 174 75 7
2649	33 138 44 210
2650	157 11 224 86
2651	111 192 241 246
2652	32 97 210 28
2653	130 117 34 179
2654	71 119 162 246
2655	210 181 214 128
2656	85 62 240 141
2657	197 245 214 106
2658	191 127 100 101
2659	218 226 206 104
2660	246 217 153 62
2661	142 5 197 54
2662	56 227 37 206
2663	49 24 125 174
2664	42 145 135 132
2665	95 154 27 151
2666	188 165 175 128
2667	184 209 204 115
2668	31 73 62 219
2669	113 164 181 100
2670	50 82 84 69
2671	47 17 54 202
2672	8 134 121 59
2673	250 30 182 205
2674	195 120 207 8
2675	40 21 78 23
2676	47 130 133 58
2677	216 28 42 79
2678	177 238 75 103
2679	119 218 34 178
2680	114 149 224 182
2681	64 223 189 105
2682	97 23 231 65
2683	183 5 12 245
2684	105 17 52 163
2685	170 195 231 80
2686	79 231 202 88
2687	54 199 33 55
2688	136 220 81 168
2689	50 150 16 177
2690	138 72 120 230
2691	206 116 65 207
2692	80 204 18 39
2693	249 167 108 223
2694	67 100 82 112
2695	230 227 229 177
2696	59 67 87 27
2697	249 30 60 95
2698	93 211 8 13
2699	238 55 204 154
2700	197 139 42 186
2701	173 206 82 106
2702	159 209 21 208
2703	30 206 196 161
2704	220 160 229 237
2705	40 172 77 36
2706	83 213 27 124
2707	173 140 193 41
2708	203 24 250 49
2709	19 12 98 107
2710	8 128 215 210
2711	75 6 16 8
2712	108 196 210 221
2713	140 153 123 151
2714	110 128 36 145
2715	104 124 29 50
2716	113 246 86 45
2717	1 91 62 221
2718	121 249 98 119
2719	213 237 70 55
2720	80 157 65 104
2721	213 236 194 242
2722	19 29 128 99
2723	39 213 20 119
2724	174 149 43 39
2725	4 172 83 43
2726	118 218 129 188
2727	245 115 67 235
2728	183 18 88 122
2729	77 228 59 78
2730	62 34 226 61
2731	30 63 189 204
2732	200 89 39 49
2733	6 63 11 166
2734	108 239 207 99
2735	66 219 229 83
2736	118 85 207 195
2737	177 147 124 168
2738	83 226 50 126
2739	139 174 166 13
2740	247 230 35 43
2741	74 239 18 171
2742	72 105 154 99
2743	103 43 197 188
2744	101 143 117 100
2745	15 85 102 44
2746	72 163 161 206
2747	118 94 108 199
2748	144 57 109 157
2749	187 132 110 152
2750	25 236 26 34
2751	136 249 44 62
2752	41 197 83 107
2753	108 104 95 41
2754	192 143 73 33
2755	207 102 125 50
2756	43 245 232 67
2757	241 134 231 18
2758	168 97 79 68
2759	213 158 152 2
2760	215 86 112 133
2761	12 174 53 68
2762	129 122 246 161
2763	198 48 205 112
2764	242 143 191 149
2765	82 229 138 151
2766	221 5 219 84
2767	52 64 15 247
2768	146 124 30 193
2769	10 35 216 198
2770	70 196 147 47
2771	79 148 38 163
2772	37 101 227 21
2773	11 100 77 218
2774	195 59 72 241
2775	81 37 236 55
2776	85 140 90 61
2777	97 86 176 223
2778	173 7 249 119
2779	125 92 109 176
2780	232 6 27 80
2781	153 95 132 241
2782	221 59 75 64
2783	237 121 120 85
2784	197 46 4 221
2785	134 201 179 23
2786	159 211 102 173
2787	68 108 184 144
2788	167 155 190 171
2789	51 166 131 61
2790	60 51 181 199
2791	160 38 219 191
2792	99 44 249 27
2793	45 73 36 158
2794	153 123 92 2
2795	216 90 74 136
2796	159 91 39 3
2797	121 160 223 67
2798	181 105 78 184
2799	144 27 206 101
2800	121 41 162 182
2801	237 26 21 146
2802	168 19 113 143
2803	173 34 220 216
2804	24 160 192 86
2805	91 17 74 15
2806	217 35 148 226
2807	186 218 64 53
2808	180 92 44 233
2809	122 167 204 205
2810	10 124 162 85
2811	133 189 114 157
2812	217 32 57 19
2813	10 134 205 26
2814	206 8 20 44
2815	208 21 159 146
2816	208 29 40 57
2817	19 218 199 54
2818	245 169 159 228
2819	109 201 7 205
2820	144 37 115 109
2821	70 178 209 222
2822	113 166 69 115
2823	137 49 55 83
2824	101 125 51 98
2825	53 35 152 17
2826	223 144 30 119
2827	143 32 49 229
2828	196 113 67 170
2829	235 98 152 3
2830	119 42 118 134
2831	60 138 55 164
2832	42 95 193 79
2833	22 17 145 190
2834	9 176 158 224
2835	161 183 154 9
2836	33 108 183 246
2837	41 149 35 3
2838	64 15 239 78
2839	167 211 222 21
2840	229 228 130 199
2841	170 150 63 204
2842	194 13 241 157
2843	58 101 9 218
2844	176 231 96 195
2845	168 49 183 1
2846	122 208 117 110
2847	228 195 99 199
2848	239 5 181 94
2849	209 150 140 238
2850	248 91 232 104
2851	157 63 131 60
2852	74 3 219 190
2853	132 144 58 93
2854	106 11 115 18
2855	106 89 210 126
2856	205 15 136 218
2857	88 162 128 46
2858	243 244 64 24
2859	132 115 32 42
2860	207 183 45 82
2861	28 27 55 166
2862	226 116 80 124
2863	59 201 27 45
2864	73 180 223 181
2865	67 53 241 107
2866	221 179 191 48
2867	78 125 155 99
2868	161 67 186 237
2869	78 38 241 245
2870	221 214 30 200
2871	234 44 43 97
2872	152 164 120 123
2873	143 156 88 203
2874	3 173 84 192
2875	97 68 226 169
2876	55 40 15 233
2877	104 38 147 85
2878	2 223 115 17
2879	3 44 50 183
2880	67 101 136 7
2881	223 103 229 46
2882	70 114 51 27
2883	35 177 124 110
2884	185 6 42 31
2885	52 74 244 124
2886	173 206 156 5
2887	163 11 212 12
2888	4 183 200 161
2889	102 236 101 129
2890	11 160 235 74
2891	159 81 26 64
2892	141 242 193 56
2893	234 190 53 124
2894	249 202 20 68
2895	148 140 145 244
2896	174 215 28 45
2897	113 197 1 100
2898	85 171 191 13
2899	126 2 198 66
2900	16 135 130 80
2901	23 64 86 239
2902	11 194 50 233
2903	124 149 39 211
2904	205 3 5 81
2905	226 81 202 169
2906	142 109 213 107
2907	17 237 37 170
2908	18 235 220 17
2909	2 45 247 142
2910	81 212 240 75
2911	183 96 31 47
2912	165 150 8 250
2913	97 22 90 227
2914	176 198 249 172
2915	4 103 137 24
2916	194 154 65 242
2917	10 130 83 185
2918	18 220 244 25
2919	139 127 107 59
2920	134 122 179 85
2921	196 101 202 147
2922	120 105 221 47
2923	83 101 244 197
2924	197 26 164 128
2925	118 189 10 238
2926	3 46 187 140
2927	75 47 211 201
2928	204 166 122 38
2929	109 46 161 145
2930	249 158 5 28
2931	238 224 115 240
2932	171 169 128 190
2933	84 3 237 148
2934	134 118 80 139
2935	138 105 70 241
2936	91 11 243 111
2937	199 11 30 238
2938	20 132 186 43
2939	19 234 240 244
2940	244 91 63 233
2941	125 52 192 221
2942	233 84 63 239
2943	43 40 203 246
2944	166 227 89 64
2945	142 150 221 42
2946	250 236 207 176
2947	137 24 20 8
2948	241 10 153 122
2949	166 88 120 38
2950	196 115 162 175
2951	40 195 1 33
2952	128 45 83 207
2953	130 109 40 236
2954	169 35 187 219
2955	193 60 62 100
2956	95 63 248 135
2957	173 231 33 161
2958	67 92 188 154
2959	213 146 241 23
2960	87 21 17 159
2961	191 208 195 199
2962	121 231 138 92
2963	201 177 61 14
2964	226 34 170 103
2965	162 220 13 181
2966	198 221 137 237
2967	217 151 77 232
2968	141 10 80 163
2969	144 36 33 187
2970	96 28 1 216
2971	249 4 18 22
2972	235 46 152 100
2973	240 141 88 4
2974	132 183 144 193
2975	155 192 230 231
2976	16 122 125 55
2977	174 55 72 45
2978	184 69 134 148
2979	232 78 156 76
2980	144 182 114 29
2981	159 149 34 102
2982	120 148 103 12
2983	132 66 205 65
2984	188 249 125 111
2985	65 48 216 87
2986	150 152 236 159
2987	164 14 117 67
2988	152 56 48 128
2989	185 54 179 27
2990	167 148 171 84
2991	71 223 33 175
2992	107 201 233 190
2993	244 65 4 95
2994	223 130 162 185
2995	166 32 63 120
2996	186 34 154 81
2997	30 115 51 94
2998	156 183 221 193
2999	142 192 115 214
3000	224 43 124 245
3001	59 62 18 202
3002	78 231 99 30
3003	124 82 156 146
3004	49 31 131 93
3005	86 191 77 224
3006	243 119 135 11
3007	118 100 181 126
3008	243 186 228 234
3009	94 169 244 16
3010	101 136 89 90
3011	190 198 38 136
3012	179 52 31 44
3013	166 165 182 85
3014	204 248 19 231
3015	83 43 91 103
3016	228 123 57 214
3017	244 28 77 93
3018	176 92 87 174
3019	210 3 188 208
3020	200 116 17 179
3021	250 136 176 245
3022	7 61 84 170
3023	91 166 83 190
3024	46 24 40 31
3025	54 138 29 190
3026	122 97 53 115
3027	130 31 90 158
3028	79 116 119 89
3029	133 50 150 205
3030	136 196 77 87
3031	155 52 139 177
3032	97 103 71 203
3033	135 78 30 103
3034	175 84 118 70
3035	47 219 112 23
3036	239 208 71 193
3037	240 180 104 177
3038	44 219 235 88
3039	230 111 2 170
3040	247 172 250 224
3041	228 235 149 24
3042	229 99 98 97
3043	4 126 175 10
3044	86 191 142 199
3045	126 178 3 86
3046	184 206 196 150
3047	77 195 15 214
3048	186 167 194 174
3049	104 71 50 192
3050	134 189 114 44
3051	230 212 78 53
3052	58 213 158 243
3053	102 247 206 158
3054	158 53 60 247
3055	93 84 143 197
3056	132 122 222 120
3057	177 69 67 131
3058	186 232 37 25
3059	7 112 64 104
3060	199 89 94 216
3061	98 181 157 175
3062	78 243 137 184
3063	73 215 167 130
3064	197 50 8 65
3065	59 168 41 158
3066	37 172 227 218
3067	248 86 233 92
3068	77 19 250 18
3069	157 121 152 56
3070	161 60 144 173
3071	205 173 187 56
3072	122 181 49 191
3073	124 146 195 117
3074	241 73 29 122
3075	196 162 191 96
3076	248 45 198 98
3077	205 109 134 6
3078	140 46 193 7
3079	215 162 86 196
3080	197 68 47 41
3081	188 82 120 37
3082	74 243 177 127
3083	90 148 16 74
3084	36 53 95 207
3085	227 218 28 166
3086	235 174 18 79
3087	220 121 157 22
3088	88 214 57 155
3089	40 226 190 237
3090	122 170 101 180
3091	23 165 117 216
3092	58 158 112 82
3093	181 108 215 135
3094	78 240 18 37
3095	182 153 166 229
3096	6 202 210 84
3097	109 89 178 107
3098	117 130 75 182
3099	228 180 149 97
3100	116 201 244 15
3101	77 141 190 148
3102	200 131 135 18
3103	121 78 90 11
3104	244 6 80 162
3105	139 226 69 103
3106	70 58 152 109
3107	21 192 100 43
3108	35 1 231 32
3109	134 219 78 139
3110	104 96 136 118
3111	35 142 222 123
3112	202 223 29 103
3113	86 24 61 94
3114	181 69 18 37
3115	10 129 191 23
3116	123 108 225 207
3117	243 222 88 7
3118	137 211 33 148
3119	26 138 210 242
3120	12 234 10 72
3121	125 43 192 181
3122	103 222 228 42
3123	216 73 189 54
3124	184 80 146 64
3125	208 165 48 218
3126	245 32 73 219
3127	61 45 81 20
3128	193 148 99 31
3129	175 83 76 87
3130	40 7 211 249
3131	205 215 175 76
3132	124 148 241 136
3133	242 233 192 24
3134	48 153 20 95
3135	183 98 71 209
3136	168 41 23 193
3137	24 78 166 233
3138	146 117 241 81
3139	70 79 44 140
3140	44 206 86 129
3141	239 142 155 16
3142	89 125 221 126
3143	162 98 101 203
3144	9 219 165 4
3145	237 157 39 199
3146	231 196 12 188
3147	65 228 1 96
3148	12 141 182 103
3149	186 199 145 188
3150	17 202 23 71
3151	73 168 207 117
3152	73 25 132 61
3153	245 204 26 147
3154	168 240 46 4
3155	239 242 74 150
3156	4 37 154 129
3157	156 239 148 125
3158	9 77 71 221
3159	51 210 62 46
3160	61 74 167 211
3161	133 112 81 245
3162	212 250 175 148
3163	36 76 170 229
3164	85 53 83 36
3165	31 53 171 84
3166	50 108 163 129
3167	144 234 200 143
3168	12 205 150 94
3169	206 23 198 174
3170	207 194 99 64
3171	30 185 68 125
3172	103 79 187 173
3173	143 96 90 79
3174	8 101 83 54
3175	144 245 97 116
3176	125 156 50 118
3177	185 115 226 134
3178	36 7 158 91
3179	182 153 225 30
3180	161 229 79 118
3181	218 159 155 223
3182	193 75 244 180
3183	186 179 85 154
3184	26 27 68 187
3185	15 201 104 222
3186	102 4 53 31
3187	121 132 239 19
3188	75 127 131 22
3189	215 137 228 109
3190	43 21 6 92
3191	97 217 184 235
3192	28 9 135 20
3193	24 175 89 237
3194	200 219 243 192
3195	187 32 21 121
3196	210 163 190 19
3197	227 142 202 151
3198	22 175 110 172
3199	134 30 29 234
3200	202 222 248 171
3201	229 78 12 75
3202	110 119 83 165
3203	25 97 160 2
3204	195 177 178 132
3205	94 44 2 63
3206	60 212 165 27
3207	93 220 71 210
3208	143 7 241 109
3209	161 144 187 81
3210	39 76 59 193
3211	110 248 94 139
3212	148 159 203 67
3213	98 56 58 119
3214	158 18 47 92
3215	150 100 126 6
3216	50 78 144 9
3217	85 206 103 244
3218	39 210 7 26
3219	65 68 213 121
3220	20 116 64 117
3221	244 115 58 21
3222	141 96 12 72
3223	165 189 26 5
3224	129 233 101 242
3225	90 11 98 18
3226	232 191 124 169
3227	57 25 182 207
3228	217 6 112 108
3229	84 13 18 107
3230	55 224 201 164
3231	155 110 63 62
3232	49 162 226 237
3233	119 45 215 229
3234	165 114 92 150
3235	24 6 114 29
3236	96 130 87 53
3237	191 53 114 210
3238	121 82 179 65
3239	21 64 31 97
3240	38 203 192 97
3241	246 153 107 70
3242	174 211 173 249
3243	11 161 226 189
3244	52 137 237 98
3245	82 47 209 105
3246	131 83 135 236
3247	136 199 85 175
3248	82 152 55 162
3249	116 3 80 139
3250	71 203 113 32
3251	112 40 75 222
3252	203 248 231 209
3253	169 104 96 133
3254	12 214 199 147
3255	42 110 49 76
3256	225 131 168 120
3257	65 132 228 46
3258	47 92 17 16
3259	7 205 14 242
3260	146 166 210 43
3261	245 192 170 216
3262	91 250 125 43
3263	121 215 13 66
3264	45 226 239 136
3265	153 29 164 172
3266	132 54 112 143
3267	105 220 150 45
3268	26 131 229 158
3269	82 15 205 38
3270	1 6 10 212
3271	194 138 193 143
3272	202 80 167 220
3273	97 16 78 223
3274	102 240 133 174
3275	140 16 142 37
3276	243 85 120 244
3277	25 142 70 83
3278	72 185 134 147
3279	31 29 194 100
3280	114 242 250 55
3281	48 132 113 163
3282	15 97 103 173
3283	244 213 129 19
3284	83 129 146 126
3285	26 162 105 61
3286	76 133 111 36
3287	234 42 108 130
3288	227 172 30 209
3289	248 133 9 167
3290	112 147 202 143
3291	22 51 92 77
3292	222 170 42 204
3293	52 125 209 126
3294	3 54 185 174
3295	112 173 3 65
3296	140 11 142 97
3297	152 190 115 230
3298	3 86 135 33
3299	31 79 169 84
3300	238 80 68 132
3301	140 142 97 15
3302	138 116 49 191
3303	239 129 154 29
3304	227 167 86 244
3305	204 151 126 145
3306	193 239 210 88
3307	233 107 140 193
3308	116 240 98 54
3309	136 172 75 223
3310	135 166 61 76
3311	208 215 81 200
3312	26 32 207 66
3313	71 139 185 248
3314	168 250 20 166
3315	216 121 181 240
3316	157 181 202 4
3317	139 88 12 225
3318	135 60 176 204
3319	85 175 42 14
3320	202 221 161 46
3321	90 250 247 24
3322	76 210 148 119
3323	145 197 143 163
3324	17 74 29 22
3325	228 164 109 121
3326	52 231 201 224
3327	152 87 137 195
3328	199 200 243 52
3329	225 52 192 146
3330	71 5 107 88
3331	38 247 53 16
3332	166 114 116 89
3333	90 127 68 146
3334	123 8 205 93
3335	209 119 236 222
3336	194 199 185 222
3337	117 144 193 5
3338	194 225 88 33
3339	49 219 66 52
3340	222 182 158 149
3341	160 134 8 114
3342	69 144 226 139
3343	53 211 157 234
3344	151 194 37 55
3345	91 124 121 50
3346	10 57 93 178
3347	78 143 120 161
3348	132 21 172 185
3349	109 201 92 54
3350	206 233 174 167
3351	200 26 71 228
3352	3 247 176 43
3353	117 249 12 191
3354	205 45 141 11
3355	238 198 246 63
3356	205 71 241 231
3357	213 27 156 38
3358	159 233 86 196
3359	237 1 151 174
3360	209 17 164 68
3361	68 28 200 238
3362	154 46 152 180
3363	135 247 218 248
3364	130 224 68 166
3365	22 107 247 51
3366	116 111 40 107
3367	204 158 214 147
3368	30 55 101 250
3369	35 226 199 137
3370	26 189 225 3
3371	175 15 234 227
3372	218 117 197 41
3373	179 208 99 92
3374	70 36 2 185
3375	43 73 174 177
3376	147 44 70 77
3377	190 212 102 74
3378	100 172 42 176
3379	70 92 143 96
3380	119 10 156 190
3381	145 189 70 175
3382	126 130 218 245
3383	106 186 65 155
3384	8 208 25 144
3385	150 167 87 13
3386	107 124 19 218
3387	131 198 64 181
3388	86 127 129 250
3389	237 245 248 56
3390	143 88 157 70
3391	7 182 20 127
3392	44 246 20 117
3393	220 18 154 34
3394	197 139 82 59
3395	216 88 1 146
3396	161 94 24 216
3397	101 193 92 84
3398	77 46 137 44
3399	200 79 74 112
3400	106 176 151 38
3401	131 234 204 95
3402	189 130 176 124
3403	208 225 104 175
3404	163 88 69 161
3405	3 180 244 36
3406	155 68 11 102
3407	140 127 149 65
3408	29 198 83 112
3409	160 98 109 100
3410	198 116 145 55
3411	155 76 181 120
3412	89 79 50 239
3413	55 181 123 71
3414	247 137 21 121
3415	177 178 129 111
3416	169 217 41 84
3417	245 90 121 138
3418	43 60 112 179
3419	185 190 96 229
3420	79 35 82 101
3421	4 168 193 165
3422	80 12 227 131
3423	35 110 117 174
3424	55 143 134 98
3425	233 249 19 31
3426	34 156 218 115
3427	88 144 178 83
3428	36 224 29 98
3429	216 73 15 172
3430	139 82 96 216
3431	14 215 17 124
3432	24 94 147 149
3433	126 143 104 55
3434	32 162 108 129
3435	170 19 9 111
3436	60 224 186 139
3437	213 170 214 111
3438	163 96 162 231
3439	39 159 68 78
3440	221 126 162 12
3441	196 67 172 208
3442	152 178 35 120
3443	22 250 225 72
3444	38 30 130 93
3445	159 250 241 80
3446	84 139 110 218
3447	174 138 191 208
3448	83 118 148 15
3449	114 102 89 167
3450	228 225 211 116
3451	67 1 199 114
3452	50 124 79 98
3453	150 216 46 151
3454	53 226 165 133
3455	235 116 40 208
3456	174 185 137 43
3457	196 154 94 31
3458	169 12 17 143
3459	16 166 235 40
3460	184 135 157 160
3461	203 220 40 130
3462	162 148 165 16
3463	121 6 116 22
3464	24 243 105 133
3465	149 95 207 7
3466	92 20 215 102
3467	107 138 141 160
3468	156 218 185 152
3469	45 222 224 59
3470	3 189 190 231
3471	237 183 85 224
3472	57 105 199 46
3473	204 146 109 135
3474	80 5 26 27
3475	246 222 65 103
3476	97 20 119 117
3477	106 92 112 84
3478	175 86 114 146
3479	144 191 161 24
3480	227 172 191 231
3481	101 133 194 222
3482	72 194 97 189
3483	47 214 204 145
3484	117 12 214 61
3485	128 60 53 126
3486	120 225 135 45
3487	32 192 2 31
3488	236 153 16 3
3489	50 219 165 35
3490	186 182 25 124
3491	128 81 109 207
3492	35 124 215 72
3493	121 143 241 193
3494	192 15 250 148
3495	61 46 60 108
3496	130 2 191 192
3497	239 112 158 230
3498	97 209 37 184
3499	55 207 13 240
3500	64 152 84 91
3501	192 54 224 33
3502	29 55 222 232
3503	36 187 101 126
3504	25 129 244 142
3505	35 119 182 7
3506	243 3 236 94
3507	44 19 105 225
3508	71 6 68 59
3509	126 104 154 152
3510	151 178 112 241
3511	192 137 16 241
3512	222 192 24 87
3513	67 156 2 54
3514	162 2 161 122
3515	224 175 110 50
3516	77 58 70 248
3517	193 15 164 160
3518	183 229 120 29
3519	55 15 210 188
3520	89 57 180 35
3521	244 60 128 46
3522	203 90 20 57
3523	93 198 234 167
3524	20 206 70 6
3525	107 33 93 117
3526	184 87 137 159
3527	193 116 142 57
3528	210 41 28 106
3529	45 99 19 139
3530	168 143 152 180
3531	248 80 107 61
3532	86 211 35 243
3533	51 84 104 203
3534	179 178 149 191
3535	185 216 66 42
3536	46 231 179 119
3537	7 67 29 12
3538	74 177 249 68
3539	144 181 5 1
3540	10 187 206 134
3541	159 70 149 208
3542	229 36 10 190
3543	111 150 156 75
3544	149 71 201 138
3545	185 31 28 73
3546	9 227 185 68
3547	117 112 183 154
3548	100 156 69 116
3549	141 148 56 218
3550	17 29 156 76
3551	200 107 234 13
3552	67 205 249 240
3553	114 235 178 208
3554	157 94 130 198
3555	106 67 59 177
3556	1 56 200 28
3557	249 59 77 131
3558	124 218 57 100
3559	64 31 176 75
3560	125 238 237 146
3561	107 177 233 152
3562	233 222 226 76
3563	242 9 189 42
3564	131 50 100 221
3565	138 122 74 204
3566	75 171 125 16
3567	65 136 96 107
3568	180 122 242 90
3569	105 69 10 235
3570	43 229 143 115
3571	160 39 69 21
3572	162 21 71 207
3573	112 205 195 24
3574	79 241 78 67
3575	213 153 182 57
3576	225 44 13 30
3577	209 78 178 120
3578	63 220 154 92
3579	135 58 164 189
3580	153 134 16 221
3581	93 5 174 42
3582	87 199 128 178
3583	202 188 65 40
3584	219 191 215 98
3585	3 194 226 161
3586	133 10 89 237
3587	177 103 15 83
3588	229 84 31 78
3589	211 41 129 36
3590	41 74 118 212
3591	221 66 87 119
3592	10 14 25 142
3593	67 123 247 249
3594	162 126 66 190
3595	211 228 78 129
3596	165 158 195 139
3597	228 232 126 191
3598	100 235 177 160
3599	38 96 163 240
3600	119 209 248 29
3601	71 148 30 217
3602	217 91 237 63
3603	136 221 3 236
3604	222 143 27 151
3605	123 224 103 172
3606	3 85 214 152
3607	178 89 158 64
3608	125 54 40 177
3609	120 109 249 189
3610	160 196 166 195
3611	76 92 105 240
3612	130 192 168 201
3613	40 239 111 119
3614	12 109 119 250
3615	214 249 98 79
3616	198 127 22 133
3617	177 115 103 158
3618	113 101 51 203
3619	233 149 211 1
3620	9 163 218 160
3621	11 222 124 199
3622	216 33 228 208
3623	244 246 240 213
3624	75 21 205 133
3625	229 202 209 95
3626	117 96 14 2
3627	86 244 227 225
3628	214 212 143 48
3629	175 140 233 53
3630	135 107 73 123
3631	235 111 148 222
3632	56 70 64 108
3633	130 82 58 75
3634	31 127 103 55
3635	63 56 43 224
3636	13 123 149 202
3637	247 90 204 203
3638	226 47 191 12
3639	141 113 151 7
3640	46 10 97 140
3641	63 150 237 162
3642	237 36 195 42
3643	87 148 154 200
3644	25 153 62 144
3645	215 246 46 96
3646	106 57 43 138
3647	27 44 169 209
3648	38 86 136 191
3649	59 226 14 233
3650	39 181 231 28
3651	53 10 9 161
3652	245 113 170 71
3653	15 76 130 237
3654	32 85 245 15
3655	61 118 24 138
3656	238 48 70 213
3657	60 23 41 107
3658	104 58 236 198
3659	80 23 183 72
3660	207 126 65 167
3661	103 188 86 236
3662	94 112 71 4
3663	203 118 99 225
3664	227 4 218 159
3665	23 74 197 112
3666	235 161 205 218
3667	80 202 22 226
3668	85 32 35 1
3669	2 7 61 153
3670	100 220 129 84
3671	243 41 122 226
3672	112 101 80 137
3673	42 178 66 19
3674	10 219 214 31
3675	75 17 224 35
3676	39 128 76 224
3677	169 30 60 41
3678	115 23 70 211
3679	65 127 186 140
3680	228 97 19 181
3681	110 11 45 222
3682	124 103 129 56
3683	60 153 205 120
3684	178 107 160 197
3685	49 65 238 63
3686	12 91 193 134
3687	5 134 124 236
3688	16 204 12 25
3689	132 15 223 68
3690	61 38 22 161
3691	19 87 140 58
3692	10 83 113 181
3693	205 60 15 48
3694	178 224 86 56
3695	183 241 118 63
3696	196 66 72 235
3697	70 196 138 185
3698	233 227 183 34
3699	233 96 39 173
3700	5 58 1 200
3701	133 144 142 129
3702	233 215 164 248
3703	190 200 157 50
3704	131 10 244 83
3705	89 204 57 195
3706	192 38 97 82
3707	239 86 6 148
3708	231 130 214 150
3709	26 86 66 147
3710	228 239 8 240
3711	121 237 95 229
3712	187 25 53 88
3713	68 136 189 55
3714	96 13 221 90
3715	106 25 228 110
3716	7 49 223 218
3717	107 131 149 132
3718	155 244 79 176
3719	243 159 2 29
3720	224 98 74 228
3721	216 94 83 14
3722	189 224 205 14
3723	174 181 220 151
3724	77 170 172 91
3725	181 35 42 168
3726	84 230 149 198
3727	100 62 142 86
3728	28 2 128 103
3729	151 29 238 49
3730	87 194 86 116
3731	47 162 100 144
3732	215 142 43 155
3733	119 150 205 65
3734	9 24 71 191
3735	171 64 224 38
3736	96 104 107 152
3737	160 244 203 226
3738	159 148 215 234
3739	44 189 177 85
3740	145 85 250 75
3741	137 114 248 155
3742	140 158 165 24
3743	170 128 37 215
3744	224 18 25 207
3745	180 206 229 172
3746	249 132 92 73
3747	236 87 219 116
3748	86 212 152 35
3749	241 126 16 209
3750	205 231 200 74
3751	44 49 183 228
3752	72 236 50 193
3753	26 159 83 127
3754	1 236 103 206
3755	168 116 150 56
3756	56 235 231 38
3757	240 13 88 127
3758	147 155 228 37
3759	134 230 88 62
3760	215 12 91 36
3761	73 81 180 20
3762	230 100 215 202
3763	176 55 75 177
3764	90 74 58 97
3765	130 10 55 134
3766	137 220 95 52
3767	65 231 173 195
3768	233 118 56 234
3769	98 110 182 161
3770	43 65 165 91
3771	128 232 248 162
3772	194 50 208 42
3773	231 37 130 52
3774	46 8 211 235
3775	153 37 105 136
3776	151 4 59 246
3777	250 184 224 149
3778	118 228 22 194
3779	217 72 63 57
3780	15 97 198 202
3781	111 61 106 32
3782	164 9 204 118
3783	6 228 215 224
3784	189 239 168 243
3785	103 240 61 160
3786	215 213 137 210
3787	24 80 124 240
3788	187 119 175 117
3789	99 4 51 151
3790	175 78 185 56
3791	163 207 59 57
3792	161 66 112 40
3793	67 152 198 149
3794	28 78 135 242
3795	130 113 181 93
3796	181 20 37 227
3797	7 237 29 39
3798	90 114 152 87
3799	45 133 191 176
3800	196 235 65 73
3801	51 104 249 11
3802	60 132 139 63
3803	58 7 18 47
3804	132 148 168 11
3805	212 159 150 190
3806	141 39 129 41
3807	161 230 25 227
3808	82 229 129 150
3809	131 218 230 168
3810	64 236 8 81
3811	185 88 240 58
3812	142 171 183 213
3813	13 68 148 5
3814	45 177 116 140
3815	46 178 136 47
3816	247 84 155 213
3817	17 118 100 32
3818	5 18 29 224
3819	133 190 243 102
3820	35 106 239 65
3821	118 137 9 190
3822	143 22 154 82
3823	130 191 199 113
3824	87 136 193 20
3825	100 5 234 179
3826	75 73 123 129
3827	3 163 113 172
3828	215 99 127 151
3829	33 242 42 188
3830	53 190 46 144
3831	123 89 113 220
3832	203 189 138 229
3833	111 102 181 65
3834	99 224 35 112
3835	55 161 83 22
3836	232 33 83 133
3837	32 120 157 73
3838	177 10 191 119
3839	94 10 110 137
3840	44 98 105 234
3841	174 19 184 210
3842	114 44 89 53
3843	213 176 236 154
3844	188 164 90 40
3845	119 246 43 113
3846	33 61 87 141
3847	131 86 193 238
3848	22 55 52 164
3849	147 169 170 162
3850	110 210 101 198
3851	38 134 79 125
3852	211 86 236 11
3853	145 68 119 162
3854	63 101 67 244
3855	55 2 10 249
3856	27 54 145 161
3857	101 70 105 56
3858	25 92 247 90
3859	201 118 19 123
3860	178 43 94 185
3861	226 147 16 38
3862	239 143 14 61
3863	82 27 2 35
3864	234 73 181 250
3865	144 120 245 92
3866	19 164 113 5
3867	175 53 238 166
3868	142 106 7 69
3869	136 109 108 183
3870	229 74 230 163
3871	3 150 20 15
3872	28 132 62 181
3873	207 241 93 1
3874	232 177 216 207
3875	68 216 213 185
3876	5 192 210 176
3877	53 5 165 162
3878	27 53 99 60
3879	45 148 142 27
3880	59 242 142 125
3881	138 139 22 98
3882	61 92 195 96
3883	28 141 181 116
3884	225 154 179 134
3885	3 161 197 19
3886	213 114 221 60
3887	209 9 238 124
3888	93 216 133 35
3889	2 246 231 147
3890	44 104 158 105
3891	214 119 132 172
3892	9 58 246 24
3893	188 205 236 167
3894	149 157 176 122
3895	114 172 94 115
3896	2 29 98 162
3897	127 219 201 213
3898	201 98 246 245
3899	135 71 95 231
3900	123 143 1 15
3901	67 221 2 126
3902	161 227 27 74
3903	87 134 95 92
3904	149 39 157 23
3905	227 173 216 129
3906	11 101 20 107
3907	45 206 104 67
3908	118 105 164 102
3909	125 61 84 232
3910	118 153 164 70
3911	209 219 68 12
3912	37 160 207 80
3913	81 121 82 234
3914	72 215 66 137
3915	132 189 152 228
3916	87 187 143 140
3917	164 176 220 41
3918	191 199 28 14
3919	117 7 87 247
3920	1 106 143 125
3921	239 194 141 143
3922	110 176 215 150
3923	43 134 153 11
3924	133 116 16 88
3925	148 90 193 102
3926	109 245 200 55
3927	1 231 186 241
3928	114 101 207 180
3929	173 237 187 159
3930	45 31 2 146
3931	159 62 65 205
3932	55 246 24 195
3933	176 171 13 112
3934	94 248 217 97
3935	142 205 111 103
3936	140 114 205 54
3937	137 225 142 49
3938	141 56 152 137
3939	12 216 53 80
3940	133 201 93 154
3941	86 173 138 222
3942	110 167 170 196
3943	205 31 156 206
3944	78 101 98 182
3945	121 228 122 65
3946	59 96 169 133
3947	188 28 191 189
3948	109 155 78 230
3949	14 126 173 236
3950	201 248 154 110
3951	187 75 2 175
3952	90 153 136 249
3953	39 85 150 162
3954	243 46 14 134
3955	116 141 68 129
3956	151 83 96 129
3957	39 61 56 158
3958	19 133 151 62
3959	119 158 60 139
3960	237 243 223 231
3961	59 206 63 199
3962	195 226 199 215
3963	200 102 201 29
3964	111 65 70 51
3965	181 73 163 51
3966	130 30 108 15
3967	247 74 34 236
3968	52 106 138 221
3969	8 117 222 215
3970	50 168 194 170
3971	49 6 28 224
3972	64 176 111 134
3973	66 132 11 9
3974	8 153 77 199
3975	223 135 10 249
3976	208 173 229 35
3977	194 73 121 125
3978	139 237 206 195
3979	37 235 231 136
3980	3 240 176 241
3981	59 19 200 103
3982	77 47 40 243
3983	174 138 169 6
3984	138 170 189 207
3985	8 100 58 196
3986	164 200 203 12
3987	39 163 9 223
3988	48 62 124 210
3989	248 18 205 176
3990	180 191 43 66
3991	27 96 24 157
3992	242 21 57 19
3993	198 111 217 196
3994	120 129 64 42
3995	243 213 176 121
3996	49 30 56 182
3997	148 227 157 122
3998	101 228 13 118
3999	209 138 35 221
4000	46 172 49 164
4001	204 42 81 71
4002	5 225 16 159
4003	125 207 112 214
4004	192 60 155 12
4005	126 221 14 10
4006	225 137 132 112
4007	192 246 1 201
4008	212 117 239 177
4009	21 33 97 175
4010	156 191 131 182
4011	77 115 34 130
4012	203 227 110 105
4013	20 217 209 215
4014	65 172 231 178
4015	63 51 22 185
4016	168 89 10 128
4017	57 90 168 65
4018	138 57 148 110
4019	18 19 21 55
4020	249 76 112 82
4021	228 83 55 85
4022	114 70 37 244
4023	61 230 97 89
4024	97 29 116 187
4025	18 17 208 222
4026	213 137 39 224
4027	103 46 173 107
4028	88 9 238 91
4029	152 86 83 32
4030	18 35 139 15
4031	20 116 148 115
4032	101 190 53 7
4033	129 74 211 220
4034	9 102 65 60
4035	92 181 67 221
4036	70 159 224 226
4037	99 121 38 164
4038	31 136 64 42
4039	107 32 169 149
4040	141 175 225 73
4041	248 203 21 195
4042	33 235 163 250
4043	99 185 199 2
4044	27 30 193 192
4045	226 13 150 237
4046	223 107 111 82
4047	41 110 192 52
4048	21 199 146 106
4049	173 40 126 191
4050	114 182 10 53
4051	54 226 2 99
4052	134 32 99 85
4053	235 152 1 46
4054	209 213 177 211
4055	87 122 137 25
4056	176 60 155 114
4057	10 100 130 241
4058	196 75 144 208
4059	15 73 66 228
4060	147 43 6 134
4061	194 132 122 105
4062	21 41 202 65
4063	213 206 175 185
4064	121 202 38 233
4065	231 6 8 60
4066	72 157 18 225
4067	200 250 169 205
4068	110 134 83 49
4069	117 226 191 9
4070	243 102 113 90
4071	24 98 219 230
4072	215 245 173 234
4073	45 136 27 233
4074	204 23 105 243
4075	108 5 15 142
4076	187 57 177 84
4077	154 109 210 98
4078	43 124 126 171
4079	108 2 177 51
4080	79 105 74 60
4081	205 63 208 10
4082	238 112 189 85
4083	119 240 32 142
4084	219 154 108 206
4085	51 177 32 48
4086	215 151 49 11
4087	165 225 92 186
4088	79 81 208 27
4089	134 167 207 95
4090	112 69 205 126
4091	179 9 128 160
4092	145 28 43 238
4093	219 104 120 12
4094	116 73 201 147
4095	35 201 33 227
4096	220 32 213 59
4097	234 37 224 50
4098	107 104 17 210
4099	218 8 118 159
4100	130 88 94 63
4101	248 153 187 122
4102	218 72 217 18
4103	24 126 63 90
4104	16 143 89 12
4105	47 95 184 230
4106	227 248 12 116
4107	151 195 179 228
4108	115 212 244 190
4109	48 117 190 220
4110	136 104 106 96
4111	121 92 82 234
4112	30 103 239 143
4113	220 156 60 54
4114	223 39 140 3
4115	194 117 28 90
4116	110 136 25 107
4117	17 238 98 122
4118	176 214 100 190
4119	184 167 198 66
4120	205 172 168 95
4121	15 32 242 131
4122	4 115 245 1
4123	139 144 64 123
4124	249 59 174 55
4125	228 153 53 17
4126	16 185 167 67
4127	1 36 96 211
4128	95 212 201 195
4129	158 218 147 117
4130	210 36 117 51
4131	182 194 97 185
4132	125 94 215 87
4133	142 178 35 92
4134	240 50 244 42
4135	30 141 58 143
4136	189 215 123 10
4137	140 65 154 220
4138	175 246 234 35
4139	250 36 202 77
4140	10 40 62 31
4141	185 52 188 190
4142	102 96 156 75
4143	133 13 236 240
4144	250 33 5 160
4145	8 70 58 106
4146	148 58 97 132
4147	30 162 88 237
4148	230 119 229 193
4149	166 40 77 243
4150	106 109 34 157
4151	54 219 29 149
4152	134 151 196 203
4153	80 65 25 127
4154	128 194 144 14
4155	66 114 111 41
4156	72 53 6 191
4157	183 9 245 90
4158	12 237 122 103
4159	49 85 146 60
4160	191 94 98 200
4161	199 209 161 16
4162	204 4 99 12
4163	64 118 66 92
4164	95 90 238 45
4165	137 103 190 59
4166	154 98 79 121
4167	14 42 15 135
4168	114 100 98 155
4169	141 63 147 12
4170	241 139 128 19
4171	178 114 121 209
4172	132 80 225 156
4173	157 202 198 5
4174	167 47 20 235
4175	149 39 2 31
4176	55 159 170 242
4177	9 191 18 19
4178	40 231 237 124
4179	174 68 90 155
4180	39 196 94 34
4181	203 185 193 109
4182	88 13 91 168
4183	78 91 163 70
4184	227 132 28 4
4185	209 70 197 68
4186	4 8 82 102
4187	110 189 61 223
4188	146 185 165 171
4189	119 113 80 92
4190	122 183 69 200
4191	166 229 137 57
4192	111 42 101 202
4193	191 195 54 186
4194	160 205 85 45
4195	175 78 189 197
4196	31 108 195 233
4197	96 97 193 47
4198	93 144 232 69
4199	67 99 41 234
4200	151 150 245 172
4201	111 4 235 197
4202	53 111 229 23
4203	11 72 219 151
4204	11 37 154 138
4205	222 220 45 146
4206	113 28 100 73
4207	155 16 152 195
4208	170 49 229 21
4209	239 101 75 201
4210	154 51 82 9
4211	97 197 191 91
4212	11 56 84 162
4213	81 34 7 76
4214	24 228 91 113
4215	165 159 241 48
4216	33 189 174 9
4217	207 62 43 30
4218	66 25 225 71
4219	135 187 162 44
4220	76 153 59 142
4221	233 119 152 87
4222	120 185 6 102
4223	75 181 137 245
4224	11 188 31 121
4225	71 107 125 170
4226	171 174 204 40
4227	79 209 14 153
4228	227 219 92 196
4229	15 137 97 78
4230	140 57 101 184
4231	197 92 202 219
4232	51 50 210 243
4233	65 36 33 115
4234	184 125 41 201
4235	183 5 144 64
4236	32 75 83 17
4237	248 228 78 139
4238	148 115 113 121
4239	43 98 216 184
4240	118 110 181 30
4241	120 193 232 21
4242	17 15 60 63
4243	153 48 212 78
4244	161 79 125 27
4245	187 25 129 219
4246	131 187 111 127
4247	200 183 86 75
4248	78 59 183 67
4249	65 226 50 102
4250	101 96 241 198
4251	96 47 4 113
4252	187 247 245 248
4253	224 186 102 59
4254	144 101 91 65
4255	104 219 6 167
4256	93 197 96 63
4257	6 247 45 66
4258	219 7 162 63
4259	69 24 73 30
4260	224 85 152 67
4261	127 73 193 211
4262	104 156 63 49
4263	140 174 191 196
4264	7 238 92 39
4265	108 176 112 248
4266	103 225 168 50
4267	10 124 209 9
4268	146 127 99 168
4269	71 2 92 67
4270	73 18 183 211
4271	214 96 195 85
4272	27 64 204 69
4273	177 97 224 82
4274	201 195 193 108
4275	214 56 76 223
4276	90 153 196 197
4277	54 235 21 63
4278	132 125 6 133
4279	155 13 23 148
4280	56 212 187 116
4281	138 234 172 191
4282	25 10 194 101
4283	63 73 5 181
4284	164 208 58 179
4285	231 80 147 67
4286	208 216 57 24
4287	36 44 2 236
4288	132 43 11 211
4289	127 23 150 3
4290	199 64 33 62
4291	88 152 168 114
4292	107 121 53 126
4293	213 147 27 201
4294	116 153 159 234
4295	70 31 66 120
4296	205 149 31 199
4297	26 202 234 12
4298	124 94 235 20
4299	188 187 128 89
4300	28 218 166 49
4301	66 77 108 30
4302	80 87 158 55
4303	194 204 97 239
4304	126 17 77 176
4305	200 82 178 56
4306	129 122 217 182
4307	112 39 236 46
4308	174 80 113 232
4309	89 27 110 88
4310	51 83 179 184
4311	226 27 167 188
4312	211 53 115 249
4313	98 157 169 241
4314	232 178 95 84
4315	61 79 13 140
4316	75 1 62 127
4317	250 51 166 113
4318	188 94 22 219
4319	197 79 81 69
4320	11 117 72 230
4321	56 161 136 144
4322	133 173 211 91
4323	42 69 127 10
4324	216 243 108 12
4325	153 240 98 109
4326	150 143 93 73
4327	7 110 75 80
4328	162 166 231 157
4329	210 195 19 150
4330	78 54 237 120
4331	101 41 99 97
4332	96 237 111 24
4333	166 248 200 125
4334	52 103 226 163
4335	12 138 64 224
4336	183 156 45 250
4337	120 61 99 64
4338	190 106 5 217
4339	53 25 118 143
4340	54 84 26 196
4341	75 85 158 107
4342	220 185 33 22
4343	182 214 49 249
4344	112 58 18 187
4345	236 167 39 120
4346	183 43 154 101
4347	90 5 74 237
4348	235 244 103 128
4349	155 44 223 216
4350	124 27 152 192
4351	192 234 60 208
4352	90 125 7 70
4353	96 135 226 12
4354	39 239 14 59
4355	140 241 200 39
4356	82 38 80 162
4357	9 141 25 227
4358	101 238 23 21
4359	75 166 30 8
4360	27 31 83 216
4361	106 230 77 65
4362	65 250 51 100
4363	64 190 59 202
4364	79 246 182 78
4365	196 140 130 8
4366	40 58 13 71
4367	77 186 69 218
4368	4 75 131 46
4369	245 157 178 169
4370	231 45 248 73
4371	32 168 112 17
4372	16 243 176 177
4373	171 42 76 168
4374	122 90 72 33
4375	72 126 230 46
4376	86 169 55 171
4377	204 245 168 7
4378	135 92 85 230
4379	64 138 67 46
4380	210 242 172 187
4381	154 67 19 243
4382	90 219 41 21
4383	29 177 7 129
4384	135 182 203 28
4385	25 225 128 113
4386	60 74 185 170
4387	187 30 36 204
4388	226 103 184 32
4389	94 9 198 147
4390	124 182 152 217
4391	10 162 107 55
4392	201 150 67 121
4393	247 166 183 136
4394	138 210 60 162
4395	3 233 103 249
4396	249 163 32 62
4397	189 220 75 147
4398	237 124 9 19
4399	204 221 40 65
4400	153 92 165 44
4401	215 232 18 66
4402	56 82 231 132
4403	25 223 237 236
4404	67 12 172 219
4405	19 101 105 241
4406	239 145 235 203
4407	46 34 228 69
4408	171 79 106 212
4409	90 28 47 68
4410	126 227 68 28
4411	238 170 2 122
4412	241 140 155 110
4413	81 101 216 229
4414	49 239 153 27
4415	133 92 232 114
4416	239 237 96 57
4417	51 30 110 54
4418	248 214 219 189
4419	15 150 200 132
4420	74 70 87 109
4421	84 93 123 70
4422	222 18 130 141
4423	48 133 208 182
4424	13 51 16 72
4425	86 199 55 111
4426	148 39 25 85
4427	19 83 56 27
4428	122 224 124 15
4429	94 161 60 79
4430	202 190 243 110
4431	239 191 177 107
4432	184 70 218 175
4433	103 171 31 242
4434	19 60 205 20
4435	91 88 184 154
4436	70 137 122 147
4437	57 173 200 142
4438	122 231 75 85
4439	144 75 181 131
4440	193 47 69 161
4441	96 34 249 109
4442	163 204 65 167
4443	39 114 160 188
4444	101 157 174 136
4445	158 54 36 98
4446	179 87 149 152
4447	161 74 223 214
4448	189 7 118 135
4449	28 132 135 88
4450	172 222 216 3
4451	192 27 60 17
4452	3 207 124 169
4453	158 75 104 72
4454	190 12 71 39
4455	118 91 97 92
4456	211 132 30 250
4457	207 148 103 33
4458	70 180 225 124
4459	48 237 134 181
4460	29 210 54 141
4461	32 62 65 138
4462	22 53 2 233
4463	211 15 47 105
4464	229 174 199 65
4465	203 129 163 172
4466	87 250 46 203
4467	139 225 230 198
4468	119 165 26 218
4469	157 160 152 62
4470	25 211 125 34
4471	30 117 238 214
4472	3 193 98 211
4473	180 198 205 153
4474	37 88 180 157
4475	153 28 186 145
4476	147 226 214 154
4477	205 36 200 190
4478	8 59 159 145
4479	193 152 225 197
4480	120 14 97 142
4481	3 10 192 57
4482	42 206 194 187
4483	240 238 36 248
4484	170 69 49 237
4485	117 114 157 109
4486	115 154 42 169
4487	224 35 43 151
4488	117 23 93 67
4489	242 66 127 246
4490	225 220 33 113
4491	145 143 81 66
4492	155 248 7 38
4493	247 167 217 249
4494	155 157 162 43
4495	235 48 173 31
4496	191 93 215 12
4497	180 171 11 105
4498	85 82 86 147
4499	148 11 162 39
4500	112 90 86 176
4501	137 55 146 241
4502	229 85 193 126
4503	103 26 190 131
4504	44 40 45 84
4505	20 139 69 102
4506	211 150 46 100
4507	14 11 74 205
4508	58 75 169 134
4509	46 244 228 8
4510	57 188 175 150
4511	187 204 224 124
4512	16 60 62 194
4513	78 39 183 65
4514	225 239 118 142
4515	227 153 157 49
4516	163 75 203 247
4517	7 208 237 138
4518	15 90 158 59
4519	58 247 213 56
4520	72 192 163 65
4521	170 166 135 151
4522	28 40 70 144
4523	124 23 125 211
4524	78 175 73 48
4525	61 244 68 47
4526	175 211 140 187
4527	136 233 189 117
4528	182 144 140 192
4529	72 193 233 210
4530	140 229 17 131
4531	185 107 187 142
4532	31 87 46 11
4533	70 72 117 28
4534	144 48 242 209
4535	92 36 44 164
4536	83 149 79 24
4537	2 176 39 25
4538	200 15 95 155
4539	182 224 12 165
4540	190 199 188 27
4541	221 185 1 98
4542	83 80 227 88
4543	239 158 237 129
4544	94 230 198 129
4545	79 64 250 189
4546	64 106 97 223
4547	204 71 102 216
4548	183 217 242 132
4549	135 23 231 35
4550	29 66 61 142
4551	231 132 110 10
4552	129 119 38 140
4553	116 187 204 207
4554	135 226 246 158
4555	60 142 64 232
4556	132 15 172 74
4557	128 175 83 205
4558	12 191 186 112
4559	188 118 163 53
4560	24 195 151 109
4561	124 89 142 201
4562	43 63 237 28
4563	164 155 177 44
4564	63 14 101 240
4565	5 28 58 83
4566	213 111 93 130
4567	68 176 17 66
4568	59 137 128 153
4569	89 91 106 55
4570	18 171 245 45
4571	105 104 163 78
4572	67 143 89 171
4573	50 103 170 133
4574	222 215 223 96
4575	76 53 133 94
4576	147 176 117 102
4577	184 250 213 87
4578	124 3 239 103
4579	78 145 73 168
4580	193 88 128 236
4581	88 94 203 127
4582	133 129 238 58
4583	51 9 145 42
4584	219 160 125 103
4585	183 5 200 189
4586	24 133 54 220
4587	190 139 169 18
4588	247 27 210 221
4589	240 156 130 51
4590	63 24 26 88
4591	229 44 56 133
4592	71 51 127 185
4593	186 18 142 129
4594	14 131 29 161
4595	201 216 184 68
4596	126 17 234 1
4597	42 244 120 228
4598	42 202 143 116
4599	132 56 8 214
4600	127 175 31 210
4601	4 20 63 155
4602	65 151 238 107
4603	110 204 88 215
4604	205 144 201 20
4605	101 91 237 194
4606	2 67 159 17
4607	33 121 156 182
4608	71 177 108 222
4609	107 118 51 128
4610	181 150 85 84
4611	124 123 216 125
4612	20 63 136 220
4613	188 204 7 94
4614	157 27 10 36
4615	36 70 168 189
4616	1 234 121 107
4617	89 98 102 237
4618	207 146 184 186
4619	244 161 20 37
4620	182 124 149 103
4621	200 214 60 18
4622	92 233 137 72
4623	126 111 8 135
4624	15 64 220 8
4625	92 237 113 183
4626	1 141 199 68
4627	242 39 234 3
4628	106 48 115 98
4629	175 198 109 247
4630	141 209 241 198
4631	103 194 14 27
4632	45 93 222 172
4633	165 38 133 25
4634	71 195 170 45
4635	3 182 40 108
4636	53 123 196 188
4637	70 125 182 45
4638	166 189 15 142
4639	173 162 142 114
4640	209 166 89 206
4641	185 219 54 238
4642	10 239 219 133
4643	202 166 80 230
4644	8 78 138 157
4645	134 241 111 236
4646	114 214 92 183
4647	178 230 48 123
4648	82 23 15 16
4649	94 34 184 167
4650	227 124 152 76
4651	72 53 91 144
4652	230 95 45 202
4653	183 33 173 115
4654	159 78 138 23
4655	47 229 107 39
4656	233 169 240 108
4657	84 204 25 53
4658	1 106 57 80
4659	104 212 248 28
4660	67 45 109 166
4661	2 33 154 208
4662	106 37 3 222
4663	213 234 94 109
4664	153 29 238 141
4665	139 170 223 169
4666	42 20 27 178
4667	127 140 28 37
4668	118 151 229 188
4669	172 108 235 59
4670	239 8 166 226
4671	155 228 50 240
4672	109 33 112 249
4673	22 135 218 203
4674	167 147 49 171
4675	214 189 99 228
4676	237 231 201 184
4677	36 76 77 5
4678	160 47 53 52
4679	103 238 137 76
4680	183 119 99 246
4681	161 35 72 78
4682	213 47 222 107
4683	233 137 86 177
4684	234 105 134 200
4685	190 97 191 57
4686	25 84 181 2
4687	167 98 114 130
4688	216 194 53 148
4689	190 89 52 155
4690	144 202 19 188
4691	182 12 19 192
4692	1 27 208 109
4693	85 214 32 118
4694	60 14 190 61
4695	47 171 183 236
4696	99 62 182 126
4697	136 83 94 198
4698	196 175 200 220
4699	182 153 243 195
4700	64 107 246 237
4701	15 7 101 241
4702	24 50 132 184
4703	30 228 180 207
4704	79 164 83 236
4705	147 57 107 215
4706	150 128 51 64
4707	197 73 41 34
4708	39 22 42 199
4709	100 7 44 209
4710	115 104 26 166
4711	137 126 155 136
4712	219 218 187 109
4713	62 177 90 130
4714	219 223 215 2
4715	5 231 162 101
4716	110 178 249 126
4717	123 212 110 218
4718	62 155 7 141
4719	102 83 228 57
4720	247 116 63 14
4721	107 66 133 196
4722	205 182 151 209
4723	221 199 217 108
4724	108 122 19 148
4725	189 192 215 35
4726	29 58 227 207
4727	114 247 227 70
4728	244 132 112 5
4729	63 184 137 169
4730	199 75 250 170
4731	204 148 218 192
4732	242 147 241 111
4733	17 167 25 15
4734	156 85 221 164
4735	60 246 235 2
4736	111 30 224 221
4737	74 204 79 195
4738	114 83 241 165
4739	197 129 69 231
4740	229 216 62 65
4741	177 132 124 215
4742	133 225 126 208
4743	88 14 220 54
4744	62 21 35 55
4745	192 245 49 114
4746	118 236 26 214
4747	67 167 140 242
4748	179 38 37 180
4749	91 75 219 200
4750	181 233 100 8
4751	143 133 239 90
4752	137 153 119 93
4753	224 100 44 42
4754	89 37 112 71
4755	28 133 5 82
4756	144 58 13 244
4757	143 240 176 181
4758	126 112 155 149
4759	21 15 110 40
4760	195 179 227 199
4761	26 80 139 113
4762	202 95 231 147
4763	188 10 209 90
4764	214 238 127 108
4765	46 84 237 139
4766	164 175 248 57
4767	81 37 189 64
4768	21 33 201 107
4769	94 98 166 2
4770	28 148 66 218
4771	80 187 204 49
4772	35 1 49 217
4773	78 28 62 33
4774	199 53 21 33
4775	232 20 118 84
4776	156 28 192 169
4777	96 129 22 104
4778	27 79 166 69
4779	19 153 70 76
4780	110 215 83 91
4781	63 148 213 230
4782	142 19 61 30
4783	78 170 168 72
4784	84 158 60 102
4785	217 157 230 246
4786	45 88 203 176
4787	179 207 138 82
4788	36 99 7 136
4789	227 165 197 30
4790	20 16 60 29
4791	87 100 63 211
4792	161 127 63 145
4793	178 242 133 59
4794	208 100 187 70
4795	16 84 164 172
4796	14 156 36 160
4797	50 116 215 163
4798	51 246 240 159
4799	164 70 145 62
4800	134 233 237 214
4801	77 81 90 127
4802	68 73 12 237
4803	153 87 154 102
4804	51 35 14 220
4805	241 86 217 128
4806	31 219 172 175
4807	7 61 22 96
4808	157 228 68 215
4809	154 185 53 47
4810	148 61 208 205
4811	102 132 222 179
4812	186 172 224 164
4813	206 116 154 1
4814	182 108 126 171
4815	106 61 51 242
4816	153 26 94 114
4817	120 53 150 21
4818	243 152 34 164
4819	207 58 124 226
4820	144 103 190 18
4821	145 170 45 92
4822	63 62 51 150
4823	33 191 60 49
4824	159 152 58 151
4825	175 207 148 104
4826	106 180 17 23
4827	180 97 62 230
4828	37 63 90 58
4829	140 25 243 66
4830	196 85 91 88
4831	127 35 156 103
4832	36 25 241 71
4833	78 230 165 235
4834	157 56 86 6
4835	92 105 159 58
4836	227 5 159 229
4837	117 228 9 164
4838	4 115 237 99
4839	209 68 16 73
4840	147 232 92 247
4841	151 164 23 174
4842	68 121 153 170
4843	221 206 213 109
4844	237 150 206 6
4845	56 227 36 140
4846	207 167 249 92
4847	200 37 17 250
4848	151 153 39 69
4849	106 157 95 222
4850	119 118 39 227
4851	99 199 123 33
4852	77 212 121 88
4853	74 56 35 46
4854	39 179 230 32
4855	22 183 102 225
4856	27 57 95 223
4857	38 219 37 102
4858	189 97 37 161
4859	122 89 132 123
4860	158 247 50 2
4861	205 18 232 168
4862	179 218 195 142
4863	174 232 52 203
4864	56 153 238 240
4865	237 28 112 7
4866	244 174 145 107
4867	88 228 84 152
4868	135 238 64 84
4869	44 143 197 193
4870	146 166 24 158
4871	123 71 49 162
4872	37 67 180 198
4873	90 130 197 44
4874	91 28 243 104
4875	19 231 93 184
4876	180 36 88 178
4877	179 9 153 82
4878	191 206 228 25
4879	74 13 98 167
4880	192 174 100 148
4881	20 165 49 170
4882	205 81 182 203
4883	156 173 115 229
4884	109 83 119 73
4885	107 9 189 198
4886	187 49 235 70
4887	66 188 63 203
4888	30 110 136 66
4889	117 212 109 192
4890	2 132 157 99
4891	218 114 16 95
4892	183 150 164 58
4893	65 134 152 14
4894	222 156 138 153
4895	167 64 222 34
4896	239 52 124 217
4897	46 114 105 157
4898	241 141 183 105
4899	86 110 40 98
4900	194 151 30 110
4901	169 90 126 161
4902	239 59 242 109
4903	90 21 62 241
4904	27 19 106 137
4905	144 115 6 48
4906	201 238 4 218
4907	137 11 227 76
4908	92 82 73 79
4909	247 104 122 172
4910	14 197 104 95
4911	25 30 85 112
4912	64 90 98 183
4913	9 248 238 239
4914	221 52 40 150
4915	98 166 130 71
4916	28 184 25 247
4917	219 59 128 51
4918	61 156 178 214
4919	49 43 234 19
4920	154 183 7 3
4921	209 109 81 80
4922	17 4 16 204
4923	55 171 234 51
4924	181 229 26 133
4925	159 57 112 48
4926	123 168 203 38
4927	13 250 73 147
4928	6 4 58 84
4929	230 130 76 12
4930	122 181 131 103
4931	235 24 178 56
4932	5 51 232 169
4933	169 58 130 249
4934	102 14 191 169
4935	249 42 91 207
4936	235 50 119 215
4937	49 233 108 52
4938	86 171 156 180
4939	184 63 171 131
4940	21 177 130 128
4941	175 213 151 125
4942	63 195 157 193
4943	5 82 6 4
4944	217 41 35 25
4945	191 243 8 52
4946	68 223 75 14
4947	223 75 221 187
4948	8 206 185 165
4949	34 6 230 154
4950	182 250 209 171
4951	202 99 203 238
4952	165 150 111 199
4953	165 176 68 92
4954	172 128 152 169
4955	55 180 52 150
4956	3 57 180 113
4957	72 97 142 141
4958	18 90 121 24
4959	163 27 159 161
4960	70 164 108 1
4961	132 36 88 134
4962	182 171 45 147
4963	140 130 82 26
4964	203 191 151 152
4965	172 225 120 113
4966	231 21 209 177
4967	125 7 211 101
4968	190 131 240 201
4969	238 81 67 47
4970	45 92 177 223
4971	150 93 21 162
4972	216 10 212 48
4973	63 59 169 118
4974	50 56 32 23
4975	182 95 12 128
4976	46 31 35 213
4977	37 5 14 1
4978	101 146 224 140
4979	184 214 67 153
4980	213 12 19 77
4981	127 62 150 98
4982	181 173 7 81
4983	214 171 97 208
4984	199 204 24 141
4985	90 159 23 193
4986	54 82 89 20
4987	175 90 151 68
4988	193 162 119 53
4989	141 212 10 21
4990	184 141 103 153
4991	241 67 240 177
4992	128 155 238 19
4993	107 26 201 20
4994	103 221 7 12
4995	117 59 238 29
4996	213 32 3 211
4997	184 16 166 110
4998	169 30 132 54
4999	18 21 225 247
5000	197 248 54 104
