Class Times	60
Rooms	50
1	860
2	611
3	119
4	777
5	224
6	446
7	439
8	808
9	76
10	292
11	673
12	655
13	265
14	333
15	753
16	836
17	213
18	376
19	787
20	243
21	552
22	229
23	704
24	306
25	598
26	787
27	276
28	962
29	891
30	186
31	818
32	710
33	356
34	923
35	463
36	493
37	681
38	626
39	935
40	904
41	767
42	864
43	612
44	14
45	472
46	298
47	943
48	829
49	785
50	705
Classes	3000
Teachers	1500
1	43
2	1058
3	1072
4	1441
5	962
6	18
7	1007
8	1429
9	1019
10	567
11	1361
12	1052
13	274
14	1272
15	1453
16	1064
17	1061
18	1135
19	633
20	972
21	602
22	813
23	432
24	489
25	965
26	817
27	656
28	451
29	557
30	784
31	435
32	882
33	1455
34	1164
35	238
36	285
37	1025
38	15
39	697
40	1498
41	586
42	752
43	625
44	512
45	406
46	577
47	1450
48	931
49	623
50	910
51	638
52	501
53	147
54	1473
55	1192
56	122
57	1197
58	1437
59	183
60	1380
61	955
62	1411
63	137
64	1135
65	1441
66	1421
67	63
68	157
69	1329
70	1164
71	266
72	1283
73	1188
74	1450
75	182
76	453
77	924
78	624
79	333
80	177
81	144
82	400
83	271
84	1039
85	948
86	830
87	173
88	164
89	807
90	297
91	126
92	271
93	167
94	426
95	310
96	926
97	230
98	1197
99	1108
100	630
101	749
102	259
103	69
104	791
105	506
106	449
107	238
108	328
109	10
110	149
111	251
112	928
113	1190
114	273
115	1204
116	385
117	736
118	648
119	400
120	232
121	101
122	42
123	395
124	702
125	604
126	561
127	1214
128	1173
129	252
130	872
131	265
132	911
133	752
134	877
135	365
136	346
137	367
138	156
139	1373
140	778
141	381
142	773
143	743
144	783
145	701
146	475
147	334
148	518
149	301
150	387
151	544
152	1395
153	69
154	1455
155	684
156	711
157	79
158	98
159	1124
160	1080
161	1212
162	541
163	757
164	471
165	1491
166	219
167	634
168	1171
169	1296
170	1357
171	1187
172	143
173	676
174	1134
175	187
176	925
177	1003
178	360
179	1439
180	1153
181	891
182	166
183	625
184	1227
185	354
186	254
187	1499
188	1081
189	1460
190	194
191	899
192	58
193	493
194	260
195	898
196	722
197	1454
198	863
199	609
200	1101
201	335
202	226
203	648
204	1200
205	313
206	1094
207	1415
208	548
209	33
210	1462
211	721
212	1033
213	487
214	809
215	870
216	860
217	995
218	246
219	218
220	185
221	171
222	1071
223	1351
224	1132
225	1103
226	1339
227	977
228	1399
229	159
230	771
231	1183
232	377
233	1321
234	1360
235	372
236	594
237	295
238	1227
239	850
240	8
241	1176
242	174
243	998
244	1030
245	980
246	48
247	851
248	249
249	846
250	1127
251	380
252	1381
253	1008
254	1219
255	89
256	1125
257	265
258	71
259	1446
260	1339
261	14
262	73
263	1400
264	818
265	525
266	670
267	1285
268	783
269	556
270	1352
271	802
272	524
273	945
274	1157
275	865
276	428
277	1311
278	1407
279	1073
280	974
281	604
282	513
283	1344
284	1300
285	875
286	46
287	808
288	470
289	1421
290	524
291	320
292	335
293	617
294	1280
295	897
296	741
297	840
298	1099
299	924
300	980
301	47
302	1277
303	1268
304	396
305	405
306	1475
307	1293
308	307
309	156
310	559
311	1298
312	1301
313	164
314	425
315	123
316	1198
317	561
318	1436
319	798
320	608
321	1244
322	857
323	556
324	132
325	1101
326	925
327	76
328	796
329	122
330	1230
331	1279
332	1369
333	715
334	955
335	1334
336	595
337	894
338	1205
339	1468
340	368
341	651
342	566
343	963
344	143
345	694
346	317
347	93
348	1139
349	1438
350	708
351	485
352	124
353	1457
354	670
355	525
356	978
357	96
358	642
359	1088
360	681
361	899
362	1077
363	1131
364	445
365	217
366	109
367	452
368	612
369	1097
370	954
371	1252
372	1071
373	1409
374	1159
375	357
376	974
377	699
378	898
379	49
380	124
381	893
382	595
383	559
384	1370
385	893
386	256
387	1287
388	972
389	58
390	90
391	1141
392	1259
393	911
394	313
395	867
396	922
397	707
398	655
399	140
400	1122
401	694
402	1479
403	510
404	478
405	1428
406	951
407	442
408	399
409	593
410	695
411	633
412	731
413	71
414	535
415	984
416	540
417	140
418	137
419	49
420	484
421	450
422	1462
423	1359
424	1436
425	763
426	952
427	581
428	1374
429	1188
430	960
431	411
432	612
433	997
434	701
435	1110
436	1174
437	60
438	1102
439	134
440	1483
441	1430
442	1272
443	1238
444	240
445	731
446	689
447	667
448	214
449	397
450	285
451	914
452	585
453	760
454	251
455	180
456	815
457	226
458	516
459	99
460	1381
461	361
462	934
463	805
464	961
465	827
466	406
467	1340
468	954
469	1041
470	490
471	219
472	380
473	370
474	1488
475	1222
476	1167
477	638
478	1094
479	933
480	158
481	878
482	1011
483	86
484	353
485	1267
486	945
487	1251
488	66
489	583
490	32
491	1053
492	750
493	742
494	1133
495	1270
496	1330
497	328
498	372
499	109
500	274
501	289
502	558
503	933
504	768
505	95
506	929
507	268
508	136
509	669
510	1274
511	716
512	114
513	936
514	1155
515	982
516	134
517	769
518	840
519	975
520	1198
521	423
522	548
523	323
524	1286
525	672
526	1420
527	14
528	891
529	1499
530	464
531	275
532	437
533	994
534	607
535	1060
536	597
537	100
538	98
539	845
540	66
541	1190
542	502
543	1070
544	549
545	600
546	1113
547	403
548	964
549	740
550	222
551	967
552	1485
553	778
554	775
555	1394
556	108
557	60
558	443
559	1435
560	1256
561	87
562	1133
563	359
564	293
565	120
566	1331
567	339
568	1372
569	1405
570	1108
571	1465
572	610
573	1304
574	755
575	253
576	229
577	1495
578	121
579	52
580	451
581	193
582	765
583	740
584	1259
585	342
586	10
587	844
588	196
589	1142
590	478
591	332
592	504
593	3
594	1013
595	125
596	118
597	1264
598	1212
599	1323
600	1023
601	1312
602	442
603	1280
604	489
605	583
606	1130
607	569
608	645
609	1338
610	84
611	298
612	181
613	626
614	267
615	729
616	1373
617	605
618	484
619	1021
620	1463
621	435
622	116
623	125
624	1285
625	1159
626	674
627	1219
628	210
629	268
630	1476
631	1055
632	1075
633	1201
634	115
635	895
636	914
637	512
638	812
639	1065
640	227
641	1073
642	1058
643	858
644	398
645	597
646	825
647	677
648	121
649	568
650	1489
651	805
652	867
653	223
654	1407
655	831
656	765
657	1249
658	1216
659	211
660	943
661	741
662	4
663	1217
664	1216
665	999
666	1386
667	315
668	900
669	291
670	908
671	1000
672	649
673	292
674	753
675	222
676	1051
677	582
678	52
679	359
680	1313
681	916
682	1318
683	915
684	1242
685	830
686	1019
687	1322
688	163
689	325
690	600
691	510
692	734
693	1004
694	855
695	629
696	576
697	1317
698	1484
699	354
700	1467
701	9
702	709
703	450
704	1199
705	168
706	1444
707	433
708	1118
709	455
710	880
711	552
712	1252
713	747
714	1204
715	1298
716	1388
717	1372
718	278
719	438
720	960
721	617
722	347
723	321
724	1034
725	666
726	1109
727	1380
728	776
729	477
730	296
731	284
732	1241
733	564
734	1140
735	939
736	610
737	747
738	934
739	768
740	696
741	723
742	254
743	514
744	170
745	1137
746	1208
747	103
748	375
749	344
750	852
751	1160
752	1233
753	1034
754	479
755	719
756	490
757	1408
758	711
759	1387
760	1032
761	1247
762	410
763	347
764	946
765	1051
766	661
767	294
768	45
769	705
770	127
771	423
772	38
773	1038
774	441
775	921
776	775
777	1320
778	603
779	1488
780	689
781	655
782	1292
783	1040
784	585
785	849
786	45
787	464
788	505
789	652
790	270
791	189
792	1215
793	1328
794	1275
795	1088
796	1265
797	1215
798	1174
799	1333
800	338
801	1262
802	207
803	223
804	1018
805	364
806	1466
807	258
808	1009
809	84
810	339
811	1018
812	500
813	1413
814	739
815	959
816	1130
817	1496
818	393
819	1435
820	1354
821	784
822	334
823	682
824	1337
825	1241
826	130
827	964
828	814
829	149
830	1314
831	822
832	62
833	800
834	1153
835	1069
836	418
837	743
838	225
839	425
840	1257
841	883
842	878
843	691
844	1075
845	194
846	959
847	1031
848	1283
849	357
850	763
851	1312
852	57
853	723
854	1224
855	1286
856	153
857	870
858	1404
859	460
860	70
861	1330
862	1331
863	500
864	622
865	1411
866	248
867	866
868	145
869	1045
870	869
871	1172
872	366
873	29
874	4
875	631
876	730
877	87
878	1303
879	1169
880	220
881	1410
882	762
883	1303
884	564
885	537
886	1491
887	816
888	1473
889	169
890	1027
891	294
892	1122
893	408
894	326
895	1099
896	365
897	24
898	838
899	1021
900	488
901	505
902	550
903	1141
904	1232
905	319
906	8
907	857
908	1149
909	1218
910	382
911	651
912	280
913	432
914	151
915	224
916	744
917	1199
918	909
919	245
920	94
921	1107
922	1232
923	77
924	1458
925	1446
926	717
927	350
928	467
929	1119
930	549
931	987
932	68
933	997
934	685
935	1368
936	695
937	1304
938	430
939	679
940	611
941	1069
942	13
943	502
944	1239
945	1063
946	141
947	224
948	348
949	542
950	187
951	875
952	384
953	89
954	44
955	374
956	716
957	928
958	557
959	1279
960	1347
961	1392
962	986
963	414
964	42
965	733
966	153
967	25
968	371
969	582
970	1105
971	1228
972	1217
973	1395
974	1432
975	59
976	1072
977	1430
978	909
979	566
980	491
981	1111
982	594
983	142
984	1382
985	609
986	827
987	634
988	1299
989	725
990	1480
991	247
992	168
993	188
994	118
995	1358
996	727
997	838
998	1116
999	1025
1000	16
1001	983
1002	88
1003	849
1004	1189
1005	1425
1006	290
1007	96
1008	1396
1009	501
1010	749
1011	139
1012	1147
1013	672
1014	1006
1015	550
1016	803
1017	1245
1018	1080
1019	807
1020	161
1021	951
1022	906
1023	983
1024	975
1025	1010
1026	1114
1027	1412
1028	393
1029	798
1030	1261
1031	1040
1032	132
1033	922
1034	977
1035	103
1036	27
1037	751
1038	565
1039	727
1040	62
1041	23
1042	201
1043	332
1044	1257
1045	85
1046	1467
1047	965
1048	852
1049	593
1050	637
1051	710
1052	639
1053	1399
1054	447
1055	764
1056	1468
1057	15
1058	1180
1059	1068
1060	475
1061	179
1062	1364
1063	1264
1064	1448
1065	1236
1066	26
1067	289
1068	940
1069	750
1070	1314
1071	1172
1072	179
1073	544
1074	1327
1075	1317
1076	828
1077	315
1078	833
1079	1082
1080	385
1081	1382
1082	613
1083	1189
1084	1423
1085	1117
1086	1006
1087	473
1088	659
1089	1149
1090	536
1091	1096
1092	264
1093	447
1094	152
1095	1328
1096	596
1097	1398
1098	1137
1099	369
1100	781
1101	1428
1102	1221
1103	683
1104	250
1105	970
1106	1365
1107	650
1108	1313
1109	298
1110	779
1111	1053
1112	511
1113	59
1114	73
1115	1140
1116	1117
1117	123
1118	1457
1119	1180
1120	647
1121	1085
1122	1013
1123	527
1124	900
1125	319
1126	1389
1127	1010
1128	256
1129	978
1130	1398
1131	1009
1132	522
1133	1458
1134	213
1135	1416
1136	1
1137	939
1138	363
1139	106
1140	759
1141	692
1142	779
1143	145
1144	999
1145	923
1146	669
1147	338
1148	444
1149	146
1150	809
1151	1348
1152	756
1153	639
1154	1263
1155	1039
1156	1151
1157	529
1158	858
1159	161
1160	906
1161	172
1162	493
1163	408
1164	430
1165	82
1166	345
1167	394
1168	675
1169	253
1170	1001
1171	216
1172	1029
1173	591
1174	754
1175	1368
1176	579
1177	1184
1178	1327
1179	1063
1180	1319
1181	1270
1182	233
1183	218
1184	635
1185	200
1186	48
1187	363
1188	1228
1189	388
1190	1379
1191	1384
1192	213
1193	272
1194	18
1195	276
1196	1336
1197	1037
1198	1087
1199	146
1200	273
1201	864
1202	1443
1203	230
1204	476
1205	558
1206	1136
1207	1226
1208	120
1209	1032
1210	892
1211	262
1212	1337
1213	186
1214	886
1215	248
1216	1484
1217	1020
1218	673
1219	627
1220	383
1221	1084
1222	1115
1223	937
1224	182
1225	890
1226	395
1227	191
1228	269
1229	971
1230	1050
1231	1106
1232	445
1233	244
1234	1132
1235	1318
1236	286
1237	196
1238	310
1239	1098
1240	356
1241	774
1242	1060
1243	759
1244	44
1245	1083
1246	402
1247	85
1248	956
1249	348
1250	287
1251	28
1252	653
1253	227
1254	193
1255	1121
1256	755
1257	234
1258	1367
1259	92
1260	688
1261	249
1262	356
1263	1213
1264	1359
1265	296
1266	748
1267	799
1268	1388
1269	217
1270	887
1271	1116
1272	1361
1273	1028
1274	1497
1275	508
1276	567
1277	728
1278	1213
1279	440
1280	235
1281	1406
1282	283
1283	874
1284	789
1285	719
1286	1211
1287	417
1288	553
1289	859
1290	275
1291	546
1292	482
1293	1295
1294	144
1295	225
1296	170
1297	1029
1298	1278
1299	803
1300	1334
1301	513
1302	183
1303	810
1304	308
1305	1443
1306	1222
1307	826
1308	130
1309	138
1310	1097
1311	704
1312	751
1313	1377
1314	1423
1315	387
1316	1210
1317	654
1318	901
1319	1245
1320	1316
1321	793
1322	444
1323	1452
1324	1420
1325	1014
1326	305
1327	1192
1328	284
1329	492
1330	1113
1331	452
1332	410
1333	667
1334	522
1335	514
1336	581
1337	879
1338	1066
1339	665
1340	963
1341	1248
1342	675
1343	646
1344	554
1345	969
1346	494
1347	687
1348	584
1349	692
1350	463
1351	640
1352	25
1353	666
1354	203
1355	1091
1356	735
1357	601
1358	973
1359	873
1360	1367
1361	725
1362	195
1363	499
1364	414
1365	1127
1366	1275
1367	756
1368	326
1369	698
1370	65
1371	744
1372	850
1373	767
1374	24
1375	542
1376	1356
1377	397
1378	1300
1379	773
1380	64
1381	142
1382	1049
1383	1409
1384	1278
1385	1463
1386	497
1387	1042
1388	1344
1389	237
1390	177
1391	789
1392	1439
1393	287
1394	404
1395	325
1396	1004
1397	404
1398	887
1399	1263
1400	961
1401	1414
1402	1182
1403	1183
1404	102
1405	910
1406	1323
1407	1347
1408	6
1409	537
1410	1003
1411	178
1412	1453
1413	126
1414	1121
1415	184
1416	1068
1417	280
1418	532
1419	822
1420	1154
1421	622
1422	235
1423	920
1424	336
1425	206
1426	116
1427	654
1428	139
1429	412
1430	577
1431	1276
1432	491
1433	466
1434	1291
1435	895
1436	952
1437	777
1438	748
1439	1386
1440	361
1441	1392
1442	848
1443	111
1444	687
1445	1016
1446	260
1447	770
1448	1090
1449	1390
1450	1170
1451	1365
1452	1364
1453	890
1454	1118
1455	311
1456	189
1457	148
1458	571
1459	769
1460	318
1461	286
1462	1429
1463	394
1464	762
1465	233
1466	996
1467	104
1468	664
1469	673
1470	826
1471	814
1472	468
1473	67
1474	440
1475	159
1476	1015
1477	1083
1478	97
1479	1408
1480	456
1481	923
1482	204
1483	201
1484	1349
1485	135
1486	1294
1487	111
1488	700
1489	691
1490	640
1491	854
1492	993
1493	611
1494	708
1495	1326
1496	860
1497	162
1498	1074
1499	1042
1500	753
1501	1306
1502	1123
1503	1351
1504	1391
1505	720
1506	270
1507	37
1508	327
1509	800
1510	1277
1511	697
1512	879
1513	1301
1514	515
1515	468
1516	1074
1517	342
1518	1100
1519	643
1520	1078
1521	1151
1522	1489
1523	1322
1524	1100
1525	518
1526	1315
1527	917
1528	996
1529	1016
1530	467
1531	1434
1532	1000
1533	987
1534	1422
1535	176
1536	573
1537	107
1538	443
1539	1253
1540	788
1541	1383
1542	913
1543	746
1544	931
1545	1191
1546	309
1547	1437
1548	434
1549	787
1550	1306
1551	1078
1552	197
1553	1433
1554	1256
1555	1169
1556	246
1557	79
1558	1173
1559	681
1560	150
1561	985
1562	209
1563	771
1564	523
1565	420
1566	509
1567	1156
1568	1393
1569	876
1570	412
1571	1106
1572	553
1573	831
1574	1093
1575	1224
1576	311
1577	476
1578	758
1579	37
1580	99
1581	1254
1582	1260
1583	350
1584	252
1585	1479
1586	614
1587	679
1588	1348
1589	720
1590	1184
1591	78
1592	1282
1593	1254
1594	1477
1595	1307
1596	713
1597	1181
1598	27
1599	1002
1600	1104
1601	1459
1602	477
1603	734
1604	70
1605	305
1606	869
1607	119
1608	1472
1609	927
1610	1321
1611	915
1612	1170
1613	1393
1614	1401
1615	465
1616	370
1617	1412
1618	1103
1619	417
1620	480
1621	1089
1622	882
1623	994
1624	77
1625	50
1626	232
1627	95
1628	644
1629	1308
1630	1165
1631	847
1632	1146
1633	1177
1634	1171
1635	1459
1636	856
1637	257
1638	465
1639	917
1640	813
1641	662
1642	698
1643	288
1644	1335
1645	199
1646	1033
1647	957
1648	1030
1649	1049
1650	1391
1651	1154
1652	1287
1653	1324
1654	1445
1655	846
1656	944
1657	685
1658	936
1659	133
1660	496
1661	662
1662	184
1663	229
1664	147
1665	855
1666	626
1667	833
1668	317
1669	791
1670	1374
1671	872
1672	608
1673	266
1674	1431
1675	990
1676	677
1677	880
1678	314
1679	1067
1680	766
1681	9
1682	407
1683	1037
1684	1294
1685	873
1686	615
1687	167
1688	1456
1689	1207
1690	1377
1691	1008
1692	106
1693	1433
1694	41
1695	1434
1696	607
1697	100
1698	790
1699	1267
1700	1469
1701	1152
1702	949
1703	104
1704	746
1705	757
1706	136
1707	1152
1708	379
1709	471
1710	820
1711	1136
1712	1251
1713	1162
1714	680
1715	1249
1716	876
1717	1319
1718	152
1719	1061
1720	492
1721	1041
1722	1052
1723	1329
1724	797
1725	1478
1726	214
1727	1105
1728	712
1729	774
1730	958
1731	508
1732	494
1733	953
1734	937
1735	110
1736	1128
1737	437
1738	469
1739	1155
1740	65
1741	1261
1742	780
1743	495
1744	1363
1745	1166
1746	531
1747	1095
1748	441
1749	1093
1750	83
1751	793
1752	1356
1753	68
1754	953
1755	257
1756	383
1757	1177
1758	971
1759	1195
1760	323
1761	1242
1762	466
1763	1024
1764	571
1765	1126
1766	20
1767	984
1768	888
1769	1050
1770	1268
1771	29
1772	324
1773	429
1774	812
1775	658
1776	908
1777	1201
1778	606
1779	31
1780	1168
1781	373
1782	272
1783	529
1784	1234
1785	1419
1786	1120
1787	1378
1788	742
1789	1444
1790	74
1791	216
1792	1167
1793	1406
1794	455
1795	806
1796	115
1797	236
1798	992
1799	190
1800	1015
1801	422
1802	777
1803	307
1804	588
1805	1243
1806	487
1807	1119
1808	730
1809	1454
1810	276
1811	704
1812	204
1813	472
1814	241
1815	1195
1816	733
1817	938
1818	1185
1819	1244
1820	5
1821	806
1822	848
1823	944
1824	957
1825	358
1826	378
1827	290
1828	1031
1829	1206
1830	479
1831	642
1832	1187
1833	661
1834	801
1835	920
1836	1281
1837	1288
1838	836
1839	795
1840	599
1841	1022
1842	714
1843	884
1844	97
1845	705
1846	919
1847	650
1848	659
1849	844
1850	804
1851	91
1852	210
1853	1362
1854	1448
1855	205
1856	1157
1857	409
1858	534
1859	1271
1860	699
1861	1161
1862	1178
1863	1494
1864	50
1865	758
1866	562
1867	715
1868	243
1869	434
1870	527
1871	83
1872	982
1873	834
1874	38
1875	703
1876	456
1877	1178
1878	732
1879	1338
1880	1332
1881	1243
1882	787
1883	1020
1884	303
1885	1422
1886	186
1887	1487
1888	829
1889	660
1890	1056
1891	772
1892	1486
1893	601
1894	175
1895	1092
1896	546
1897	1290
1898	1202
1899	1349
1900	854
1901	688
1902	1274
1903	970
1904	646
1905	288
1906	637
1907	173
1908	795
1909	6
1910	1289
1911	664
1912	1138
1913	1482
1914	618
1915	340
1916	1390
1917	815
1918	1181
1919	888
1920	499
1921	1014
1922	802
1923	409
1924	1495
1925	473
1926	469
1927	263
1928	1124
1929	619
1930	1156
1931	680
1932	51
1933	448
1934	1200
1935	482
1936	1269
1937	580
1938	401
1939	1208
1940	1481
1941	991
1942	913
1943	889
1944	938
1945	343
1946	674
1947	1203
1948	1375
1949	368
1950	615
1951	1378
1952	181
1953	511
1954	1059
1955	722
1956	728
1957	1255
1958	206
1959	539
1960	57
1961	91
1962	352
1963	1497
1964	1062
1965	1383
1966	700
1967	259
1968	580
1969	190
1970	1418
1971	314
1972	154
1973	316
1974	643
1975	1424
1976	54
1977	198
1978	53
1979	1342
1980	1346
1981	345
1982	536
1983	1440
1984	712
1985	374
1986	1131
1987	1416
1988	1104
1989	554
1990	148
1991	320
1992	565
1993	416
1994	619
1995	205
1996	1163
1997	1233
1998	690
1999	1470
2000	1043
2001	105
2002	588
2003	1350
2004	486
2005	1397
2006	835
2007	519
2008	985
2009	333
2010	632
2011	349
2012	1440
2013	269
2014	463
2015	428
2016	534
2017	851
2018	760
2019	1087
2020	1476
2021	1206
2022	331
2023	138
2024	343
2025	1220
2026	799
2027	497
2028	366
2029	263
2030	299
2031	1493
2032	211
2033	107
2034	318
2035	82
2036	1281
2037	302
2038	533
2039	1352
2040	865
2041	63
2042	1498
2043	551
2044	623
2045	1218
2046	1110
2047	427
2048	1044
2049	215
2050	1027
2051	1090
2052	291
2053	575
2054	382
2055	1315
2056	80
2057	841
2058	520
2059	521
2060	503
2061	43
2062	353
2063	1085
2064	1248
2065	413
2066	1209
2067	461
2068	1086
2069	1324
2070	950
2071	1084
2072	535
2073	1343
2074	158
2075	1316
2076	966
2077	804
2078	1295
2079	555
2080	1045
2081	1355
2082	515
2083	621
2084	30
2085	606
2086	1415
2087	163
2088	215
2089	592
2090	958
2091	299
2092	324
2093	282
2094	462
2095	1414
2096	1340
2097	329
2098	336
2099	1384
2100	714
2101	624
2102	942
2103	1369
2104	21
2105	344
2106	552
2107	764
2108	1419
2109	859
2110	1311
2111	301
2112	461
2113	1343
2114	415
2115	614
2116	108
2117	362
2118	1402
2119	1481
2120	684
2121	277
2122	80
2123	462
2124	1247
2125	644
2126	32
2127	174
2128	832
2129	459
2130	941
2131	279
2132	794
2133	926
2134	541
2135	726
2136	74
2137	459
2138	411
2139	1168
2140	1308
2141	1333
2142	1238
2143	832
2144	241
2145	292
2146	1296
2147	1472
2148	5
2149	1134
2150	1418
2151	21
2152	413
2153	1070
2154	483
2155	641
2156	647
2157	131
2158	191
2159	772
2160	396
2161	533
2162	1044
2163	1493
2164	1017
2165	790
2166	446
2167	401
2168	929
2169	754
2170	645
2171	483
2172	1357
2173	1086
2174	76
2175	950
2176	520
2177	1059
2178	1111
2179	1477
2180	921
2181	402
2182	90
2183	726
2184	1309
2185	176
2186	281
2187	1355
2188	1271
2189	665
2190	195
2191	1163
2192	39
2193	207
2194	3
2195	990
2196	940
2197	1066
2198	35
2199	792
2200	78
2201	866
2202	1175
2203	424
2204	732
2205	889
2206	330
2207	1470
2208	834
2209	817
2210	349
2211	1035
2212	460
2213	507
2214	868
2215	592
2216	481
2217	506
2218	845
2219	1424
2220	304
2221	322
2222	30
2223	1076
2224	573
2225	707
2226	770
2227	237
2228	935
2229	1320
2230	255
2231	1366
2232	761
2233	453
2234	431
2235	1065
2236	663
2237	1096
2238	721
2239	1002
2240	776
2241	992
2242	415
2243	839
2244	398
2245	530
2246	169
2247	175
2248	1054
2249	782
2250	810
2251	717
2252	1451
2253	449
2254	761
2255	947
2256	391
2257	1240
2258	17
2259	1265
2260	329
2261	1223
2262	297
2263	178
2264	228
2265	1404
2266	905
2267	81
2268	1148
2269	486
2270	1410
2271	496
2272	590
2273	702
2274	371
2275	1490
2276	1341
2277	871
2278	112
2279	824
2280	1120
2281	572
2282	1490
2283	1456
2284	1182
2285	517
2286	1438
2287	1432
2288	1449
2289	1211
2290	504
2291	521
2292	621
2293	620
2294	1400
2295	172
2296	1123
2297	551
2298	362
2299	976
2300	41
2301	390
2302	886
2303	474
2304	1205
2305	656
2306	1345
2307	1336
2308	1405
2309	1207
2310	946
2311	1376
2312	1092
2313	316
2314	113
2315	696
2316	470
2317	51
2318	1047
2319	1363
2320	117
2321	1342
2322	820
2323	388
2324	1107
2325	53
2326	572
2327	1146
2328	390
2329	1302
2330	75
2331	1024
2332	1425
2333	1214
2334	485
2335	352
2336	304
2337	1464
2338	1203
2339	1001
2340	420
2341	424
2342	166
2343	853
2344	282
2345	480
2346	377
2347	279
2348	185
2349	903
2350	28
2351	782
2352	663
2353	877
2354	1341
2355	93
2356	766
2357	92
2358	422
2359	1147
2360	713
2361	367
2362	258
2363	1062
2364	767
2365	693
2366	1289
2367	1091
2368	1485
2369	1126
2370	180
2371	1461
2372	540
2373	676
2374	653
2375	35
2376	1394
2377	306
2378	198
2379	358
2380	942
2381	454
2382	935
2383	337
2384	36
2385	1413
2386	1297
2387	901
2388	570
2389	234
2390	75
2391	884
2392	264
2393	995
2394	250
2395	81
2396	1064
2397	989
2398	903
2399	786
2400	1310
2401	114
2402	373
2403	1185
2404	1043
2405	131
2406	192
2407	1186
2408	905
2409	278
2410	641
2411	327
2412	562
2413	962
2414	1012
2415	998
2416	739
2417	1445
2418	1447
2419	539
2420	605
2421	209
2422	1332
2423	11
2424	351
2425	956
2426	620
2427	1487
2428	532
2429	818
2430	1048
2431	386
2432	1047
2433	1081
2434	649
2435	896
2436	1288
2437	1471
2438	1449
2439	797
2440	516
2441	203
2442	1007
2443	1221
2444	474
2445	628
2446	47
2447	369
2448	88
2449	391
2450	1035
2451	519
2452	300
2453	13
2454	33
2455	1452
2456	1246
2457	981
2458	668
2459	1226
2460	102
2461	1079
2462	141
2463	243
2464	128
2465	1460
2466	563
2467	528
2468	602
2469	538
2470	498
2471	507
2472	968
2473	682
2474	1292
2475	202
2476	1402
2477	904
2478	1011
2479	245
2480	503
2481	881
2482	221
2483	949
2484	629
2485	686
2486	405
2487	547
2488	856
2489	1109
2490	1346
2491	105
2492	792
2493	509
2494	2
2495	309
2496	586
2497	375
2498	1335
2499	340
2500	150
2501	341
2502	135
2503	1229
2504	781
2505	231
2506	1186
2507	531
2508	1210
2509	718
2510	1305
2511	811
2512	829
2513	1143
2514	575
2515	613
2516	1284
2517	1310
2518	1258
2519	1202
2520	1193
2521	337
2522	1166
2523	267
2524	918
2525	1082
2526	563
2527	300
2528	293
2529	1145
2530	295
2531	825
2532	630
2533	1240
2534	1325
2535	576
2536	616
2537	330
2538	786
2539	200
2540	724
2541	360
2542	993
2543	454
2544	864
2545	1375
2546	1142
2547	255
2548	346
2549	188
2550	378
2551	1478
2552	892
2553	312
2554	835
2555	1480
2556	1176
2557	17
2558	736
2559	128
2560	436
2561	381
2562	1237
2563	523
2564	302
2565	735
2566	794
2567	212
2568	635
2569	1482
2570	1162
2571	603
2572	472
2573	686
2574	157
2575	517
2576	819
2577	1379
2578	321
2579	862
2580	165
2581	386
2582	129
2583	1056
2584	426
2585	221
2586	407
2587	1284
2588	154
2589	488
2590	1273
2591	1353
2592	331
2593	155
2594	1465
2595	883
2596	1325
2597	569
2598	821
2599	64
2600	1397
2601	1138
2602	429
2603	22
2604	729
2605	1005
2606	907
2607	1291
2608	1234
2609	738
2610	690
2611	1297
2612	1236
2613	981
2614	1246
2615	439
2616	94
2617	1028
2618	897
2619	824
2620	244
2621	117
2622	718
2623	277
2624	247
2625	989
2626	1191
2627	119
2628	303
2629	1255
2630	1451
2631	796
2632	745
2633	930
2634	1260
2635	632
2636	1239
2637	1235
2638	868
2639	919
2640	1403
2641	1362
2642	392
2643	1165
2644	918
2645	1048
2646	932
2647	39
2648	1376
2649	171
2650	199
2651	112
2652	1148
2653	578
2654	1055
2655	54
2656	837
2657	1269
2658	1067
2659	1144
2660	745
2661	1302
2662	40
2663	1038
2664	23
2665	240
2666	26
2667	847
2668	584
2669	1358
2670	36
2671	457
2672	896
2673	19
2674	1401
2675	1194
2676	842
2677	1371
2678	683
2679	197
2680	1230
2681	1396
2682	1036
2683	1442
2684	1354
2685	1114
2686	660
2687	907
2688	881
2689	1360
2690	530
2691	968
2692	1464
2693	526
2694	427
2695	1483
2696	239
2697	1005
2698	973
2699	1326
2700	1145
2701	912
2702	1220
2703	341
2704	574
2705	1023
2706	1403
2707	446
2708	1150
2709	133
2710	2
2711	40
2712	439
2713	1139
2714	988
2715	231
2716	1305
2717	652
2718	1158
2719	801
2720	671
2721	948
2722	1282
2723	110
2724	574
2725	433
2726	966
2727	431
2728	979
2729	678
2730	61
2731	261
2732	538
2733	1309
2734	1125
2735	1143
2736	599
2737	1266
2738	261
2739	1290
2740	1299
2741	843
2742	841
2743	498
2744	1307
2745	162
2746	862
2747	668
2748	281
2749	904
2750	1150
2751	283
2752	811
2753	1427
2754	7
2755	1262
2756	1276
2757	399
2758	1022
2759	1179
2760	628
2761	72
2762	1
2763	1350
2764	418
2765	991
2766	1223
2767	853
2768	113
2769	819
2770	1486
2771	1161
2772	389
2773	943
2774	389
2775	780
2776	738
2777	1293
2778	1209
2779	155
2780	1076
2781	598
2782	55
2783	836
2784	438
2785	1466
2786	1258
2787	724
2788	1447
2789	1079
2790	457
2791	458
2792	1017
2793	56
2794	816
2795	1128
2796	1229
2797	1389
2798	636
2799	1231
2800	543
2801	1036
2802	1461
2803	376
2804	67
2805	419
2806	657
2807	598
2808	1494
2809	885
2810	871
2811	202
2812	1250
2813	1196
2814	1026
2815	703
2816	842
2817	403
2818	591
2819	1026
2820	1237
2821	1046
2822	927
2823	16
2824	86
2825	11
2826	636
2827	579
2828	1471
2829	1442
2830	837
2831	988
2832	1366
2833	355
2834	22
2835	72
2836	616
2837	1089
2838	596
2839	671
2840	384
2841	56
2842	1054
2843	543
2844	1193
2845	1353
2846	101
2847	916
2848	481
2849	12
2850	322
2851	419
2852	242
2853	1475
2854	1175
2855	12
2856	967
2857	19
2858	785
2859	262
2860	560
2861	1115
2862	1231
2863	788
2864	1098
2865	1500
2866	570
2867	941
2868	828
2869	976
2870	785
2871	545
2872	737
2873	1095
2874	568
2875	208
2876	932
2877	1426
2878	545
2879	1273
2880	61
2881	1077
2882	1385
2883	1387
2884	1129
2885	894
2886	627
2887	590
2888	678
2889	20
2890	578
2891	979
2892	34
2893	1474
2894	1057
2895	1194
2896	236
2897	618
2898	228
2899	308
2900	843
2901	46
2902	31
2903	547
2904	458
2905	709
2906	555
2907	986
2908	902
2909	1179
2910	560
2911	1426
2912	1370
2913	448
2914	392
2915	1144
2916	1253
2917	127
2918	239
2919	34
2920	693
2921	1250
2922	1266
2923	165
2924	823
2925	379
2926	151
2927	351
2928	1129
2929	1225
2930	710
2931	1371
2932	212
2933	1469
2934	528
2935	306
2936	1474
2937	969
2938	912
2939	129
2940	526
2941	1196
2942	861
2943	1012
2944	587
2945	364
2946	208
2947	1496
2948	1046
2949	706
2950	1431
2951	587
2952	1158
2953	355
2954	589
2955	808
2956	658
2957	1225
2958	1417
2959	1385
2960	1102
2961	861
2962	192
2963	874
2964	737
2965	863
2966	657
2967	1057
2968	589
2969	1345
2970	376
2971	1492
2972	947
2973	930
2974	1112
2975	160
2976	1235
2977	1427
2978	55
2979	7
2980	902
2981	839
2982	312
2983	1492
2984	436
2985	631
2986	823
2987	1160
2988	1417
2989	1500
2990	160
2991	706
2992	416
2993	421
2994	821
2995	421
2996	220
2997	495
2998	242
2999	1112
3000	885
