Class Times	60
Rooms	50
1	317
2	723
3	568
4	790
5	606
6	880
7	417
8	202
9	790
10	139
11	541
12	928
13	730
14	74
15	11
16	879
17	463
18	63
19	240
20	616
21	689
22	294
23	762
24	836
25	835
26	259
27	956
28	252
29	425
30	643
31	35
32	439
33	669
34	460
35	27
36	700
37	487
38	385
39	865
40	395
41	940
42	856
43	954
44	337
45	124
46	516
47	504
48	609
49	716
50	458
Classes	3000
Teachers	1500
1	299
2	1398
3	336
4	1384
5	905
6	764
7	1359
8	352
9	1496
10	760
11	751
12	1169
13	1367
14	1355
15	186
16	1296
17	1484
18	902
19	34
20	297
21	733
22	386
23	99
24	941
25	324
26	47
27	991
28	291
29	1443
30	303
31	1311
32	950
33	358
34	1058
35	815
36	1119
37	343
38	1398
39	43
40	1304
41	1073
42	783
43	975
44	613
45	695
46	248
47	77
48	857
49	60
50	225
51	465
52	404
53	1098
54	402
55	452
56	746
57	875
58	1324
59	52
60	323
61	231
62	290
63	964
64	207
65	1012
66	972
67	948
68	622
69	519
70	1332
71	897
72	859
73	1056
74	1030
75	11
76	926
77	1275
78	1375
79	1320
80	1043
81	933
82	571
83	575
84	619
85	482
86	221
87	1334
88	1160
89	1045
90	296
91	1434
92	1256
93	831
94	714
95	1218
96	1316
97	856
98	1114
99	196
100	1192
101	1194
102	1097
103	724
104	786
105	843
106	718
107	877
108	917
109	652
110	154
111	55
112	1498
113	991
114	1105
115	513
116	983
117	1206
118	981
119	1048
120	327
121	1309
122	421
123	1437
124	538
125	1217
126	1126
127	1147
128	979
129	589
130	1251
131	1004
132	290
133	123
134	782
135	1391
136	1198
137	882
138	960
139	120
140	118
141	811
142	1167
143	961
144	1371
145	1395
146	550
147	806
148	743
149	1051
150	300
151	198
152	373
153	1233
154	584
155	1302
156	114
157	673
158	1411
159	1499
160	1213
161	1095
162	1148
163	806
164	1176
165	1158
166	387
167	136
168	1142
169	227
170	31
171	965
172	1287
173	1061
174	293
175	719
176	1425
177	1102
178	321
179	521
180	919
181	1165
182	1234
183	1392
184	960
185	441
186	880
187	736
188	1202
189	443
190	108
191	260
192	778
193	837
194	809
195	281
196	1080
197	388
198	1070
199	1109
200	306
201	355
202	876
203	161
204	653
205	1403
206	919
207	1115
208	1465
209	584
210	581
211	47
212	776
213	1382
214	3
215	541
216	350
217	225
218	24
219	4
220	673
221	246
222	203
223	248
224	292
225	844
226	38
227	105
228	665
229	580
230	538
231	867
232	1122
233	1001
234	101
235	1123
236	622
237	490
238	63
239	1333
240	4
241	475
242	253
243	957
244	214
245	1239
246	501
247	219
248	542
249	128
250	825
251	287
252	400
253	982
254	795
255	7
256	1042
257	446
258	1022
259	664
260	1340
261	1092
262	1490
263	754
264	1217
265	21
266	1221
267	376
268	641
269	264
270	223
271	82
272	298
273	268
274	529
275	267
276	6
277	1297
278	1487
279	644
280	81
281	829
282	1017
283	1294
284	1186
285	1090
286	1002
287	964
288	1339
289	966
290	958
291	5
292	1304
293	1270
294	1384
295	166
296	360
297	1427
298	997
299	1002
300	1159
301	289
302	1063
303	428
304	336
305	636
306	699
307	318
308	341
309	701
310	888
311	1104
312	809
313	332
314	1232
315	980
316	777
317	1486
318	1498
319	304
320	223
321	567
322	1314
323	234
324	1370
325	597
326	93
327	624
328	761
329	642
330	165
331	316
332	1037
333	297
334	1218
335	559
336	129
337	585
338	928
339	319
340	569
341	1395
342	1065
343	478
344	639
345	1162
346	975
347	610
348	1457
349	1084
350	137
351	1350
352	22
353	631
354	576
355	860
356	66
357	841
358	1341
359	1244
360	1202
361	90
362	1212
363	636
364	1355
365	674
366	255
367	1385
368	425
369	685
370	220
371	569
372	134
373	1477
374	402
375	854
376	1034
377	1301
378	1092
379	489
380	1302
381	786
382	368
383	767
384	1422
385	516
386	520
387	1438
388	892
389	427
390	32
391	516
392	1215
393	148
394	232
395	798
396	316
397	33
398	379
399	1052
400	1115
401	1313
402	307
403	205
404	559
405	878
406	544
407	941
408	1087
409	961
410	984
411	696
412	1500
413	269
414	749
415	1080
416	1042
417	144
418	521
419	335
420	1486
421	886
422	469
423	1266
424	1278
425	738
426	895
427	207
428	1320
429	861
430	710
431	1469
432	542
433	971
434	307
435	1208
436	165
437	159
438	724
439	69
440	37
441	324
442	1444
443	515
444	1028
445	1303
446	233
447	1143
448	1169
449	792
450	624
451	701
452	603
453	188
454	854
455	193
456	1001
457	1467
458	1325
459	467
460	573
461	247
462	1215
463	106
464	1383
465	715
466	473
467	239
468	326
469	898
470	356
471	1190
472	38
473	637
474	969
475	545
476	1460
477	1018
478	160
479	1243
480	1137
481	154
482	992
483	329
484	1094
485	421
486	1022
487	634
488	1268
489	1046
490	970
491	227
492	464
493	596
494	878
495	766
496	244
497	794
498	1016
499	450
500	915
501	804
502	514
503	667
504	169
505	942
506	302
507	868
508	83
509	751
510	179
511	48
512	768
513	175
514	1037
515	138
516	342
517	1188
518	1437
519	782
520	1119
521	1192
522	605
523	1101
524	354
525	170
526	609
527	320
528	1361
529	179
530	1284
531	238
532	1272
533	420
534	396
535	1010
536	1370
537	897
538	1212
539	982
540	629
541	1481
542	275
543	1351
544	184
545	1005
546	1161
547	660
548	1173
549	113
550	473
551	3
552	1460
553	754
554	697
555	741
556	1456
557	611
558	296
559	1
560	437
561	94
562	1335
563	972
564	1210
565	115
566	1265
567	546
568	596
569	457
570	1187
571	1333
572	821
573	829
574	503
575	585
576	1199
577	867
578	65
579	318
580	1035
581	346
582	1031
583	1127
584	826
585	651
586	232
587	892
588	204
589	113
590	921
591	1298
592	1238
593	172
594	887
595	1191
596	1436
597	452
598	42
599	644
600	127
601	1079
602	1067
603	962
604	23
605	390
606	1170
607	286
608	533
609	1020
610	794
611	642
612	814
613	1376
614	1341
615	197
616	1258
617	433
618	188
619	1417
620	594
621	215
622	83
623	1019
624	275
625	839
626	494
627	581
628	693
629	396
630	1060
631	1299
632	284
633	25
634	1153
635	449
636	582
637	1216
638	183
639	599
640	16
641	1431
642	129
643	100
644	735
645	1186
646	1152
647	1433
648	1419
649	736
650	440
651	1147
652	789
653	1000
654	1198
655	1059
656	1259
657	926
658	625
659	1237
660	256
661	1015
662	40
663	947
664	820
665	1164
666	668
667	413
668	44
669	51
670	1011
671	966
672	1048
673	1223
674	1317
675	474
676	576
677	281
678	1358
679	287
680	540
681	1325
682	916
683	418
684	321
685	269
686	1053
687	305
688	1015
689	532
690	1141
691	651
692	217
693	544
694	73
695	746
696	849
697	687
698	634
699	712
700	875
701	993
702	1130
703	266
704	670
705	283
706	1144
707	80
708	1011
709	1224
710	407
711	276
712	1128
713	1268
714	18
715	240
716	1153
717	676
718	704
719	481
720	231
721	760
722	345
723	784
724	810
725	230
726	288
727	573
728	1270
729	1104
730	1221
731	1018
732	1032
733	727
734	971
735	69
736	250
737	865
738	1013
739	1226
740	989
741	57
742	773
743	849
744	398
745	1427
746	392
747	1253
748	64
749	270
750	1168
751	458
752	77
753	632
754	310
755	661
756	1278
757	137
758	830
759	23
760	1490
761	71
762	1265
763	503
764	1476
765	283
766	163
767	709
768	1172
769	1009
770	1344
771	288
772	250
773	641
774	1127
775	909
776	932
777	49
778	807
779	1261
780	391
781	1195
782	928
783	902
784	592
785	739
786	610
787	1399
788	844
789	134
790	909
791	464
792	1043
793	408
794	1418
795	996
796	969
797	591
798	1069
799	1220
800	753
801	665
802	931
803	78
804	291
805	1144
806	351
807	323
808	913
809	896
810	164
811	1469
812	277
813	1200
814	236
815	98
816	693
817	1181
818	237
819	389
820	1360
821	403
822	769
823	532
824	35
825	1321
826	678
827	1231
828	740
829	993
830	14
831	495
832	1386
833	1433
834	888
835	732
836	416
837	375
838	558
839	1244
840	1446
841	800
842	482
843	48
844	1468
845	1068
846	309
847	109
848	416
849	1478
850	1286
851	438
852	1441
853	1319
854	983
855	869
856	608
857	1136
858	1456
859	1200
860	8
861	1344
862	691
863	868
864	407
865	830
866	944
867	386
868	891
869	980
870	1017
871	881
872	1005
873	1237
874	646
875	1290
876	564
877	70
878	372
879	519
880	1279
881	317
882	796
883	667
884	1500
885	41
886	553
887	14
888	958
889	277
890	1209
891	1148
892	603
893	748
894	461
895	906
896	1253
897	237
898	453
899	1014
900	903
901	1016
902	1474
903	611
904	577
905	1313
906	313
907	840
908	419
909	813
910	234
911	1164
912	587
913	1083
914	1423
915	535
916	390
917	1058
918	832
919	1450
920	456
921	1201
922	1286
923	607
924	609
925	1171
926	617
927	361
928	383
929	708
930	327
931	359
932	2
933	1376
934	748
935	425
936	170
937	997
938	797
939	1266
940	1383
941	64
942	39
943	962
944	320
945	1311
946	646
947	1220
948	465
949	257
950	1187
951	702
952	273
953	317
954	428
955	1063
956	34
957	719
958	682
959	1190
960	12
961	501
962	1276
963	432
964	1488
965	737
966	213
967	330
968	219
969	767
970	590
971	757
972	837
973	153
974	335
975	625
976	616
977	439
978	815
979	951
980	895
981	801
982	251
983	785
984	1379
985	817
986	973
987	1207
988	575
989	1414
990	220
991	230
992	733
993	26
994	1197
995	420
996	42
997	497
998	495
999	377
1000	418
1001	206
1002	711
1003	537
1004	734
1005	1470
1006	633
1007	1388
1008	1203
1009	529
1010	716
1011	1280
1012	1078
1013	915
1014	813
1015	1424
1016	853
1017	1459
1018	422
1019	574
1020	1310
1021	906
1022	885
1023	911
1024	445
1025	1315
1026	303
1027	1054
1028	484
1029	61
1030	1386
1031	766
1032	28
1033	101
1034	427
1035	415
1036	583
1037	857
1038	249
1039	1393
1040	799
1041	489
1042	720
1043	1172
1044	1309
1045	893
1046	1410
1047	298
1048	785
1049	676
1050	755
1051	984
1052	1289
1053	1369
1054	979
1055	710
1056	241
1057	499
1058	119
1059	954
1060	776
1061	1107
1062	1010
1063	1106
1064	90
1065	1250
1066	945
1067	247
1068	432
1069	1472
1070	715
1071	1371
1072	918
1073	552
1074	604
1075	1292
1076	858
1077	846
1078	302
1079	1299
1080	350
1081	968
1082	963
1083	515
1084	1487
1085	164
1086	125
1087	222
1088	1422
1089	1258
1090	690
1091	1323
1092	95
1093	463
1094	1146
1095	916
1096	189
1097	629
1098	1315
1099	1239
1100	426
1101	1377
1102	272
1103	36
1104	1297
1105	344
1106	276
1107	1170
1108	379
1109	1146
1110	268
1111	1248
1112	1105
1113	470
1114	116
1115	1421
1116	595
1117	708
1118	1448
1119	49
1120	822
1121	595
1122	889
1123	1457
1124	533
1125	305
1126	312
1127	79
1128	600
1129	116
1130	1263
1131	509
1132	723
1133	1236
1134	1424
1135	1479
1136	274
1137	255
1138	245
1139	393
1140	937
1141	650
1142	686
1143	847
1144	468
1145	945
1146	457
1147	119
1148	1035
1149	650
1150	883
1151	368
1152	774
1153	1054
1154	1267
1155	1267
1156	1109
1157	131
1158	260
1159	1473
1160	205
1161	1045
1162	850
1163	526
1164	397
1165	1235
1166	985
1167	705
1168	176
1169	780
1170	697
1171	1188
1172	2
1173	977
1174	1352
1175	355
1176	1132
1177	934
1178	655
1179	52
1180	471
1181	86
1182	1334
1183	758
1184	270
1185	438
1186	201
1187	429
1188	159
1189	1470
1190	1171
1191	1435
1192	500
1193	943
1194	887
1195	1295
1196	1083
1197	25
1198	1332
1199	221
1200	1307
1201	1468
1202	1101
1203	57
1204	254
1205	391
1206	141
1207	1381
1208	337
1209	1356
1210	1132
1211	249
1212	699
1213	401
1214	681
1215	1366
1216	1166
1217	630
1218	632
1219	944
1220	364
1221	1128
1222	620
1223	819
1224	571
1225	1003
1226	1393
1227	1027
1228	882
1229	619
1230	1443
1231	1463
1232	1227
1233	685
1234	115
1235	1004
1236	171
1237	442
1238	1183
1239	817
1240	727
1241	106
1242	561
1243	509
1244	843
1245	556
1246	721
1247	1040
1248	1343
1249	879
1250	805
1251	492
1252	740
1253	67
1254	674
1255	555
1256	1285
1257	1136
1258	1074
1259	53
1260	635
1261	455
1262	986
1263	1431
1264	353
1265	791
1266	570
1267	72
1268	349
1269	274
1270	1050
1271	405
1272	1479
1273	1099
1274	996
1275	1209
1276	784
1277	1145
1278	72
1279	831
1280	85
1281	1403
1282	1056
1283	582
1284	466
1285	1197
1286	171
1287	1195
1288	63
1289	1294
1290	271
1291	1260
1292	1262
1293	1387
1294	498
1295	799
1296	752
1297	128
1298	239
1299	20
1300	369
1301	1292
1302	263
1303	1044
1304	241
1305	1091
1306	1493
1307	1061
1308	777
1309	597
1310	713
1311	496
1312	19
1313	273
1314	1429
1315	828
1316	41
1317	539
1318	1078
1319	930
1320	135
1321	1263
1322	986
1323	779
1324	363
1325	558
1326	577
1327	1308
1328	530
1329	122
1330	722
1331	1133
1332	985
1333	1274
1334	838
1335	605
1336	376
1337	33
1338	973
1339	1154
1340	1415
1341	672
1342	810
1343	717
1344	1225
1345	1352
1346	633
1347	393
1348	999
1349	1072
1350	620
1351	1381
1352	1137
1353	1248
1354	563
1355	469
1356	842
1357	1176
1358	176
1359	793
1360	855
1361	1271
1362	492
1363	925
1364	1472
1365	1346
1366	284
1367	286
1368	229
1369	357
1370	669
1371	987
1372	970
1373	1033
1374	1151
1375	649
1376	1349
1377	1264
1378	1428
1379	824
1380	822
1381	1340
1382	1312
1383	31
1384	721
1385	1023
1386	264
1387	514
1388	12
1389	373
1390	1151
1391	406
1392	32
1393	1165
1394	963
1395	467
1396	1478
1397	679
1398	637
1399	772
1400	8
1401	16
1402	904
1403	1288
1404	1338
1405	174
1406	871
1407	695
1408	1276
1409	564
1410	1377
1411	1059
1412	362
1413	1114
1414	11
1415	858
1416	405
1417	505
1418	1488
1419	894
1420	1482
1421	691
1422	579
1423	485
1424	759
1425	132
1426	590
1427	1481
1428	360
1429	1328
1430	1463
1431	934
1432	1226
1433	1492
1434	779
1435	126
1436	380
1437	141
1438	599
1439	598
1440	929
1441	419
1442	408
1443	1241
1444	1446
1445	560
1446	732
1447	114
1448	383
1449	845
1450	257
1451	690
1452	311
1453	730
1454	1254
1455	688
1456	204
1457	1204
1458	1174
1459	1050
1460	1199
1461	299
1462	1157
1463	1310
1464	124
1465	873
1466	149
1467	689
1468	594
1469	361
1470	824
1471	54
1472	1193
1473	423
1474	1256
1475	178
1476	1400
1477	683
1478	385
1479	367
1480	1129
1481	598
1482	483
1483	1419
1484	728
1485	322
1486	1174
1487	1264
1488	70
1489	545
1490	943
1491	546
1492	946
1493	240
1494	687
1495	592
1496	65
1497	93
1498	627
1499	1150
1500	518
1501	929
1502	371
1503	341
1504	18
1505	1407
1506	1342
1507	412
1508	1068
1509	1474
1510	37
1511	692
1512	1373
1513	1019
1514	1288
1515	282
1516	282
1517	105
1518	948
1519	1360
1520	841
1521	54
1522	1230
1523	959
1524	1350
1525	1032
1526	707
1527	992
1528	537
1529	1143
1530	783
1531	133
1532	229
1533	988
1534	769
1535	56
1536	899
1537	890
1538	440
1539	26
1540	616
1541	488
1542	1390
1543	862
1544	1121
1545	1491
1546	17
1547	1365
1548	1094
1549	753
1550	1301
1551	192
1552	802
1553	570
1554	910
1555	1338
1556	877
1557	918
1558	1214
1559	836
1560	160
1561	640
1562	1087
1563	1317
1564	1392
1565	1491
1566	1314
1567	301
1568	1077
1569	1126
1570	449
1571	1222
1572	1493
1573	461
1574	1289
1575	1458
1576	27
1577	1367
1578	702
1579	547
1580	800
1581	884
1582	186
1583	1047
1584	58
1585	578
1586	193
1587	196
1588	643
1589	869
1590	1025
1591	661
1592	278
1593	818
1594	692
1595	485
1596	1337
1597	259
1598	549
1599	550
1600	1116
1601	1205
1602	1023
1603	1290
1604	925
1605	108
1606	1216
1607	859
1608	995
1609	1298
1610	735
1611	1291
1612	1120
1613	643
1614	262
1615	125
1616	168
1617	197
1618	988
1619	1372
1620	21
1621	73
1622	1167
1623	1229
1624	672
1625	1380
1626	1227
1627	401
1628	524
1629	86
1630	1121
1631	663
1632	337
1633	1141
1634	1102
1635	1382
1636	99
1637	664
1638	1066
1639	1077
1640	201
1641	773
1642	15
1643	1496
1644	424
1645	951
1646	1133
1647	453
1648	563
1649	917
1650	487
1651	1178
1652	195
1653	1322
1654	1391
1655	602
1656	1139
1657	1489
1658	938
1659	586
1660	292
1661	218
1662	557
1663	378
1664	653
1665	1052
1666	662
1667	744
1668	696
1669	331
1670	1028
1671	1321
1672	1271
1673	814
1674	566
1675	947
1676	132
1677	764
1678	224
1679	319
1680	135
1681	430
1682	896
1683	398
1684	780
1685	981
1686	192
1687	183
1688	1399
1689	797
1690	607
1691	1296
1692	1453
1693	827
1694	1025
1695	759
1696	481
1697	505
1698	187
1699	172
1700	1044
1701	430
1702	1484
1703	652
1704	816
1705	1499
1706	55
1707	214
1708	1155
1709	778
1710	145
1711	1281
1712	1453
1713	728
1714	967
1715	1051
1716	75
1717	957
1718	161
1719	251
1720	1116
1721	589
1722	1086
1723	216
1724	344
1725	493
1726	720
1727	737
1728	921
1729	1327
1730	228
1731	377
1732	884
1733	347
1734	712
1735	448
1736	491
1737	763
1738	568
1739	1451
1740	1414
1741	739
1742	557
1743	1280
1744	22
1745	149
1746	1222
1747	772
1748	1420
1749	1347
1750	560
1751	1295
1752	345
1753	1046
1754	820
1755	444
1756	1100
1757	293
1758	587
1759	1293
1760	689
1761	447
1762	145
1763	1208
1764	1149
1765	551
1766	445
1767	1086
1768	880
1769	792
1770	199
1771	870
1772	745
1773	855
1774	734
1775	1327
1776	1161
1777	53
1778	927
1779	850
1780	1166
1781	380
1782	280
1783	513
1784	190
1785	326
1786	1291
1787	127
1788	62
1789	738
1790	1
1791	761
1792	823
1793	835
1794	866
1795	1387
1796	1358
1797	1406
1798	939
1799	911
1800	1233
1801	1323
1802	865
1803	956
1804	1196
1805	655
1806	1466
1807	414
1808	1134
1809	726
1810	1454
1811	635
1812	1231
1813	1107
1814	1390
1815	182
1816	124
1817	1475
1818	1064
1819	552
1820	158
1821	497
1822	87
1823	1040
1824	522
1825	913
1826	1065
1827	216
1828	20
1829	540
1830	1205
1831	382
1832	208
1833	184
1834	191
1835	1464
1836	486
1837	144
1838	412
1839	726
1840	1353
1841	447
1842	59
1843	259
1844	890
1845	56
1846	1329
1847	403
1848	313
1849	312
1850	387
1851	617
1852	15
1853	400
1854	458
1855	1243
1856	747
1857	81
1858	722
1859	406
1860	1029
1861	1106
1862	531
1863	883
1864	648
1865	1373
1866	1060
1867	591
1868	819
1869	1088
1870	718
1871	905
1872	94
1873	866
1874	215
1875	580
1876	348
1877	904
1878	130
1879	1306
1880	294
1881	206
1882	140
1883	1343
1884	98
1885	578
1886	774
1887	788
1888	967
1889	900
1890	836
1891	1407
1892	1240
1893	338
1894	328
1895	626
1896	236
1897	121
1898	369
1899	730
1900	1413
1901	1039
1902	84
1903	626
1904	1090
1905	745
1906	121
1907	990
1908	1347
1909	551
1910	1234
1911	59
1912	475
1913	67
1914	1475
1915	126
1916	451
1917	441
1918	856
1919	539
1920	1245
1921	994
1922	990
1923	339
1924	178
1925	169
1926	454
1927	1160
1928	950
1929	566
1930	798
1931	471
1932	155
1933	1307
1934	914
1935	853
1936	85
1937	554
1938	1374
1939	1331
1940	795
1941	1062
1942	474
1943	51
1944	912
1945	177
1946	123
1947	493
1948	1326
1949	711
1950	1250
1951	881
1952	1492
1953	669
1954	294
1955	765
1956	74
1957	522
1958	1417
1959	423
1960	1175
1961	541
1962	1033
1963	614
1964	524
1965	1162
1966	256
1967	342
1968	1103
1969	1038
1970	76
1971	647
1972	1142
1973	914
1974	74
1975	593
1976	823
1977	742
1978	314
1979	1339
1980	1326
1981	574
1982	852
1983	956
1984	707
1985	1085
1986	647
1987	434
1988	1196
1989	987
1990	271
1991	1330
1992	202
1993	508
1994	1125
1995	863
1996	185
1997	568
1998	657
1999	682
2000	448
2001	181
2002	444
2003	454
2004	1173
2005	1238
2006	488
2007	612
2008	404
2009	422
2010	1183
2011	506
2012	1149
2013	1408
2014	490
2015	1459
2016	1089
2017	1449
2018	1123
2019	930
2020	654
2021	864
2022	435
2023	446
2024	660
2025	1007
2026	862
2027	309
2028	686
2029	1411
2030	242
2031	168
2032	1400
2033	998
2034	561
2035	903
2036	346
2037	1207
2038	908
2039	1357
2040	1281
2041	1471
2042	747
2043	152
2044	1049
2045	1124
2046	378
2047	1477
2048	1283
2049	212
2050	562
2051	602
2052	1260
2053	554
2054	24
2055	548
2056	601
2057	311
2058	932
2059	705
2060	1055
2061	1330
2062	1003
2063	104
2064	654
2065	821
2066	142
2067	631
2068	781
2069	1179
2070	1117
2071	1319
2072	162
2073	480
2074	1027
2075	1473
2076	340
2077	1471
2078	285
2079	103
2080	1375
2081	103
2082	1117
2083	139
2084	556
2085	671
2086	470
2087	803
2088	528
2089	329
2090	1140
2091	199
2092	1462
2093	226
2094	506
2095	92
2096	939
2097	604
2098	1041
2099	1201
2100	343
2101	88
2102	871
2103	518
2104	157
2105	363
2106	846
2107	1069
2108	1096
2109	1191
2110	994
2111	531
2112	763
2113	332
2114	167
2115	1261
2116	1152
2117	1140
2118	102
2119	1085
2120	1445
2121	66
2122	1442
2123	1108
2124	1223
2125	1182
2126	1489
2127	834
2128	82
2129	1091
2130	414
2131	80
2132	362
2133	749
2134	565
2135	1118
2136	1100
2137	439
2138	684
2139	1247
2140	91
2141	1213
2142	1480
2143	118
2144	510
2145	202
2146	870
2147	1425
2148	612
2149	415
2150	333
2151	835
2152	76
2153	771
2154	348
2155	480
2156	263
2157	807
2158	567
2159	940
2160	331
2161	688
2162	1466
2163	1096
2164	1438
2165	852
2166	1072
2167	117
2168	1497
2169	136
2170	628
2171	1322
2172	872
2173	977
2174	1021
2175	662
2176	347
2177	1099
2178	371
2179	1062
2180	1467
2181	1439
2182	385
2183	44
2184	768
2185	512
2186	358
2187	462
2188	648
2189	840
2190	508
2191	649
2192	295
2193	1041
2194	507
2195	978
2196	1269
2197	758
2198	272
2199	775
2200	158
2201	709
2202	245
2203	498
2204	13
2205	91
2206	1401
2207	78
2208	96
2209	1434
2210	851
2211	923
2212	1284
2213	694
2214	668
2215	1485
2216	1203
2217	1139
2218	900
2219	1451
2220	555
2221	17
2222	1378
2223	1181
2224	1436
2225	314
2226	1242
2227	770
2228	1449
2229	295
2230	1014
2231	238
2232	1225
2233	120
2234	424
2235	243
2236	1494
2237	417
2238	1125
2239	163
2240	860
2241	89
2242	138
2243	500
2244	535
2245	1421
2246	139
2247	1497
2248	1159
2249	876
2250	484
2251	111
2252	833
2253	1210
2254	827
2255	1070
2256	426
2257	357
2258	1444
2259	968
2260	1335
2261	770
2262	1405
2263	1255
2264	1410
2265	87
2266	102
2267	364
2268	1009
2269	267
2270	1329
2271	1241
2272	499
2273	289
2274	845
2275	700
2276	243
2277	898
2278	388
2279	1423
2280	838
2281	97
2282	194
2283	885
2284	1064
2285	1363
2286	1211
2287	912
2288	308
2289	1331
2290	1081
2291	1228
2292	366
2293	476
2294	233
2295	1361
2296	173
2297	1305
2298	940
2299	826
2300	1134
2301	1110
2302	530
2303	1075
2304	45
2305	1337
2306	1402
2307	84
2308	71
2309	1353
2310	1084
2311	50
2312	1057
2313	1406
2314	1426
2315	28
2316	1368
2317	1429
2318	1157
2319	1259
2320	1112
2321	657
2322	640
2323	1426
2324	671
2325	995
2326	334
2327	5
2328	1262
2329	1178
2330	40
2331	1285
2332	1450
2333	1277
2334	1461
2335	805
2336	1359
2337	1448
2338	704
2339	1439
2340	1368
2341	833
2342	191
2343	285
2344	1093
2345	1420
2346	756
2347	301
2348	1021
2349	1184
2350	744
2351	615
2352	308
2353	901
2354	1108
2355	1113
2356	901
2357	155
2358	954
2359	394
2360	46
2361	1031
2362	1428
2363	879
2364	1432
2365	459
2366	330
2367	618
2368	638
2369	536
2370	698
2371	743
2372	933
2373	1240
2374	224
2375	194
2376	208
2377	706
2378	477
2379	978
2380	658
2381	1184
2382	435
2383	663
2384	976
2385	1168
2386	1182
2387	333
2388	1242
2389	1000
2390	185
2391	436
2392	365
2393	494
2394	472
2395	203
2396	700
2397	1404
2398	677
2399	1130
2400	851
2401	608
2402	1447
2403	1279
2404	111
2405	1257
2406	1272
2407	523
2408	1211
2409	35
2410	1036
2411	1458
2412	1483
2413	460
2414	75
2415	1380
2416	562
2417	235
2418	1277
2419	436
2420	1404
2421	148
2422	1030
2423	593
2424	1418
2425	228
2426	1024
2427	1194
2428	95
2429	1110
2430	477
2431	1385
2432	613
2433	1098
2434	182
2435	217
2436	7
2437	907
2438	1093
2439	627
2440	181
2441	842
2442	468
2443	1318
2444	553
2445	1081
2446	107
2447	1494
2448	832
2449	1138
2450	389
2451	512
2452	675
2453	670
2454	680
2455	1452
2456	549
2457	1316
2458	104
2459	1254
2460	167
2461	1273
2462	1349
2463	618
2464	254
2465	279
2466	1095
2467	1365
2468	1057
2469	1483
2470	588
2471	796
2472	1150
2473	949
2474	793
2475	1246
2476	1252
2477	372
2478	762
2479	455
2480	511
2481	808
2482	750
2483	1255
2484	117
2485	366
2486	812
2487	1441
2488	804
2489	1336
2490	863
2491	547
2492	1097
2493	252
2494	1224
2495	395
2496	1246
2497	356
2498	1401
2499	1118
2500	579
2501	899
2502	959
2503	666
2504	528
2505	417
2506	658
2507	861
2508	893
2509	410
2510	1396
2511	1055
2512	1076
2513	1039
2514	394
2515	789
2516	525
2517	717
2518	190
2519	1020
2520	1038
2521	1252
2522	802
2523	953
2524	100
2525	375
2526	246
2527	1430
2528	527
2529	328
2530	694
2531	974
2532	359
2533	213
2534	565
2535	6
2536	1053
2537	638
2538	235
2539	1305
2540	614
2541	790
2542	525
2543	133
2544	143
2545	908
2546	252
2547	1075
2548	442
2549	162
2550	787
2551	1440
2552	397
2553	1346
2554	790
2555	811
2556	242
2557	543
2558	353
2559	935
2560	395
2561	974
2562	1342
2563	411
2564	411
2565	166
2566	762
2567	431
2568	572
2569	698
2570	437
2571	1455
2572	36
2573	847
2574	526
2575	723
2576	839
2577	1214
2578	628
2579	384
2580	1175
2581	1235
2582	1229
2583	300
2584	450
2585	920
2586	834
2587	1356
2588	927
2589	1308
2590	466
2591	1476
2592	989
2593	808
2594	1073
2595	1328
2596	1257
2597	392
2598	645
2599	731
2600	1156
2601	684
2602	922
2603	999
2604	683
2605	434
2606	666
2607	92
2608	429
2609	443
2610	1447
2611	462
2612	1324
2613	1465
2614	1193
2615	965
2616	218
2617	1122
2618	750
2619	107
2620	212
2621	354
2622	1364
2623	266
2624	456
2625	27
2626	507
2627	187
2628	175
2629	1230
2630	678
2631	130
2632	1432
2633	1336
2634	586
2635	177
2636	1415
2637	1189
2638	572
2639	955
2640	787
2641	150
2642	209
2643	1408
2644	729
2645	889
2646	261
2647	920
2648	931
2649	1120
2650	703
2651	195
2652	1435
2653	949
2654	1482
2655	1251
2656	511
2657	280
2658	1112
2659	1485
2660	413
2661	496
2662	527
2663	1232
2664	409
2665	334
2666	1189
2667	924
2668	818
2669	89
2670	716
2671	88
2672	1379
2673	58
2674	725
2675	352
2676	520
2677	399
2678	472
2679	588
2680	504
2681	370
2682	1247
2683	146
2684	1076
2685	1312
2686	938
2687	600
2688	147
2689	1034
2690	174
2691	384
2692	62
2693	306
2694	399
2695	1066
2696	677
2697	1036
2698	1303
2699	1236
2700	1275
2701	1461
2702	1369
2703	771
2704	803
2705	61
2706	339
2707	1495
2708	1364
2709	942
2710	409
2711	1245
2712	1388
2713	1378
2714	1354
2715	367
2716	1464
2717	460
2718	1158
2719	1204
2720	180
2721	173
2722	338
2723	601
2724	615
2725	151
2726	147
2727	1103
2728	478
2729	1345
2730	1345
2731	1177
2732	675
2733	894
2734	1412
2735	1179
2736	13
2737	1163
2738	1445
2739	679
2740	1389
2741	816
2742	365
2743	998
2744	872
2745	1357
2746	681
2747	713
2748	1082
2749	1026
2750	953
2751	1318
2752	656
2753	1363
2754	1495
2755	43
2756	1348
2757	1440
2758	788
2759	907
2760	703
2761	431
2762	621
2763	410
2764	755
2765	1180
2766	110
2767	60
2768	258
2769	523
2770	1389
2771	9
2772	645
2773	146
2774	1416
2775	1354
2776	1416
2777	1454
2778	451
2779	1480
2780	623
2781	261
2782	725
2783	1228
2784	606
2785	1163
2786	198
2787	517
2788	1008
2789	623
2790	639
2791	459
2792	910
2793	621
2794	1071
2795	97
2796	9
2797	922
2798	848
2799	874
2800	955
2801	1111
2802	483
2803	1155
2804	1111
2805	864
2806	1067
2807	1396
2808	142
2809	1024
2810	29
2811	351
2812	1008
2813	325
2814	50
2815	781
2816	200
2817	370
2818	656
2819	731
2820	487
2821	39
2822	112
2823	1374
2824	279
2825	1306
2826	189
2827	937
2828	1249
2829	1394
2830	741
2831	10
2832	923
2833	479
2834	1287
2835	1455
2836	1366
2837	325
2838	122
2839	209
2840	757
2841	1113
2842	143
2843	200
2844	714
2845	265
2846	659
2847	46
2848	756
2849	1154
2850	1397
2851	1138
2852	1282
2853	976
2854	1089
2855	1362
2856	211
2857	1397
2858	96
2859	211
2860	1206
2861	479
2862	583
2863	315
2864	349
2865	262
2866	491
2867	112
2868	543
2869	534
2870	828
2871	1026
2872	258
2873	1047
2874	253
2875	1129
2876	874
2877	304
2878	1177
2879	952
2880	1156
2881	463
2882	1029
2883	886
2884	476
2885	873
2886	1405
2887	1362
2888	1348
2889	812
2890	680
2891	1006
2892	19
2893	1012
2894	68
2895	45
2896	891
2897	226
2898	1071
2899	110
2900	1145
2901	1394
2902	1274
2903	30
2904	1006
2905	1282
2906	1049
2907	791
2908	265
2909	606
2910	1462
2911	1293
2912	952
2913	742
2914	433
2915	548
2916	1249
2917	109
2918	752
2919	1013
2920	659
2921	322
2922	152
2923	222
2924	1273
2925	1124
2926	29
2927	374
2928	1372
2929	1180
2930	1283
2931	1074
2932	1412
2933	630
2934	153
2935	1135
2936	151
2937	68
2938	79
2939	936
2940	30
2941	374
2942	157
2943	180
2944	150
2945	278
2946	946
2947	729
2948	1442
2949	1219
2950	1219
2951	848
2952	1269
2953	924
2954	534
2955	935
2956	140
2957	517
2958	1135
2959	765
2960	1088
2961	1082
2962	315
2963	504
2964	381
2965	1402
2966	340
2967	1079
2968	706
2969	1185
2970	1452
2971	244
2972	1131
2973	10
2974	382
2975	1351
2976	1409
2977	1300
2978	936
2979	486
2980	775
2981	210
2982	1300
2983	1131
2984	825
2985	131
2986	536
2987	1007
2988	1185
2989	1430
2990	210
2991	1409
2992	156
2993	801
2994	310
2995	156
2996	510
2997	1413
2998	502
2999	381
3000	502
