Class Times	60
Rooms	50
1	124
2	132
3	710
4	661
5	864
6	532
7	539
8	648
9	601
10	185
11	56
12	689
13	924
14	526
15	492
16	660
17	151
18	292
19	609
20	927
21	315
22	104
23	936
24	229
25	755
26	79
27	24
28	804
29	147
30	394
31	582
32	147
33	275
34	702
35	340
36	562
37	95
38	479
39	132
40	14
41	346
42	829
43	802
44	50
45	53
46	519
47	881
48	938
49	508
50	642
Classes	3000
Teachers	1500
1	444
2	961
3	1438
4	1070
5	695
6	72
7	653
8	1445
9	444
10	520
11	77
12	1178
13	117
14	1007
15	758
16	255
17	1124
18	857
19	1156
20	1421
21	1037
22	439
23	248
24	834
25	920
26	960
27	1202
28	651
29	653
30	1386
31	780
32	361
33	1154
34	932
35	571
36	579
37	1090
38	958
39	1055
40	252
41	953
42	724
43	1486
44	799
45	1408
46	1372
47	456
48	1004
49	144
50	568
51	318
52	699
53	1395
54	589
55	212
56	282
57	421
58	391
59	233
60	727
61	550
62	1046
63	236
64	267
65	505
66	1346
67	645
68	1329
69	880
70	1463
71	69
72	1366
73	849
74	1217
75	63
76	520
77	1028
78	1355
79	775
80	1338
81	329
82	917
83	1458
84	741
85	936
86	12
87	1142
88	1309
89	1186
90	1048
91	637
92	130
93	619
94	408
95	1176
96	1450
97	1290
98	490
99	1387
100	383
101	1269
102	254
103	1106
104	362
105	658
106	862
107	711
108	191
109	1270
110	722
111	454
112	357
113	375
114	1305
115	1475
116	1148
117	285
118	655
119	683
120	415
121	925
122	464
123	82
124	1146
125	445
126	43
127	1010
128	115
129	628
130	290
131	1477
132	60
133	1178
134	904
135	1106
136	256
137	177
138	1267
139	827
140	474
141	1086
142	246
143	1239
144	1258
145	1471
146	33
147	1117
148	823
149	1247
150	289
151	748
152	1172
153	662
154	1435
155	146
156	147
157	637
158	199
159	788
160	875
161	36
162	508
163	1055
164	1072
165	840
166	236
167	356
168	88
169	525
170	544
171	463
172	853
173	975
174	343
175	349
176	1447
177	818
178	438
179	141
180	536
181	1212
182	1466
183	1225
184	286
185	1197
186	1315
187	1345
188	371
189	486
190	625
191	767
192	681
193	1336
194	496
195	974
196	1195
197	1446
198	77
199	516
200	1137
201	464
202	816
203	1154
204	375
205	342
206	780
207	577
208	467
209	1356
210	950
211	93
212	892
213	474
214	748
215	274
216	651
217	216
218	1423
219	717
220	809
221	478
222	356
223	504
224	1436
225	1128
226	244
227	1051
228	231
229	84
230	1146
231	626
232	15
233	1234
234	215
235	201
236	361
237	98
238	725
239	1308
240	991
241	926
242	1326
243	470
244	971
245	725
246	951
247	1176
248	1288
249	1316
250	225
251	928
252	1414
253	1216
254	1229
255	1097
256	1492
257	1066
258	4
259	221
260	850
261	819
262	899
263	1145
264	120
265	630
266	842
267	743
268	1380
269	1189
270	656
271	313
272	996
273	1371
274	1468
275	667
276	508
277	101
278	998
279	1173
280	1213
281	1006
282	888
283	763
284	745
285	1225
286	392
287	634
288	762
289	149
290	982
291	215
292	1001
293	1134
294	190
295	1378
296	81
297	467
298	1443
299	1200
300	853
301	272
302	493
303	278
304	423
305	1098
306	804
307	332
308	579
309	1469
310	1054
311	677
312	308
313	1370
314	962
315	1115
316	1098
317	833
318	1182
319	1087
320	926
321	472
322	1257
323	472
324	417
325	775
326	1398
327	645
328	498
329	1162
330	1384
331	613
332	634
333	50
334	804
335	402
336	404
337	740
338	1262
339	1027
340	762
341	596
342	1368
343	654
344	301
345	1366
346	185
347	191
348	29
349	1443
350	336
351	396
352	1297
353	210
354	192
355	1321
356	494
357	639
358	1150
359	523
360	714
361	974
362	1192
363	708
364	717
365	1469
366	329
367	235
368	468
369	1422
370	1139
371	1248
372	1082
373	1071
374	118
375	1406
376	129
377	1483
378	689
379	1299
380	766
381	1171
382	1263
383	721
384	661
385	1113
386	352
387	1487
388	1308
389	1285
390	1459
391	807
392	1177
393	1185
394	248
395	245
396	1150
397	1097
398	643
399	108
400	71
401	1050
402	1386
403	1149
404	1125
405	526
406	113
407	68
408	441
409	429
410	1034
411	238
412	803
413	49
414	908
415	136
416	878
417	892
418	416
419	1262
420	1272
421	1368
422	1059
423	378
424	1329
425	900
426	1483
427	1411
428	479
429	1335
430	79
431	1451
432	483
433	219
434	469
435	268
436	46
437	724
438	612
439	880
440	881
441	941
442	835
443	845
444	1040
445	21
446	761
447	50
448	1266
449	414
450	1020
451	1181
452	646
453	805
454	983
455	970
456	33
457	1016
458	113
459	1114
460	794
461	1048
462	1428
463	1296
464	70
465	478
466	1247
467	877
468	869
469	832
470	1257
471	247
472	201
473	861
474	65
475	799
476	1343
477	1442
478	353
479	896
480	1459
481	727
482	1409
483	319
484	1318
485	471
486	458
487	192
488	413
489	289
490	296
491	733
492	870
493	1127
494	204
495	845
496	1087
497	684
498	812
499	97
500	721
501	240
502	662
503	1041
504	570
505	553
506	1058
507	468
508	374
509	1001
510	728
511	1445
512	463
513	40
514	1438
515	1373
516	384
517	754
518	78
519	881
520	383
521	1284
522	820
523	151
524	509
525	67
526	16
527	595
528	959
529	1358
530	714
531	1339
532	486
533	978
534	829
535	257
536	405
537	972
538	1167
539	1063
540	1318
541	454
542	1141
543	844
544	182
545	575
546	713
547	435
548	834
549	1
550	652
551	275
552	420
553	631
554	935
555	742
556	835
557	1273
558	316
559	1208
560	704
561	1066
562	1044
563	1236
564	782
565	694
566	237
567	915
568	1012
569	1491
570	479
571	1155
572	202
573	401
574	387
575	440
576	802
577	667
578	1273
579	435
580	422
581	999
582	1030
583	1298
584	996
585	276
586	1020
587	1151
588	788
589	1186
590	1252
591	1099
592	1300
593	385
594	1183
595	557
596	352
597	433
598	868
599	407
600	1141
601	251
602	1264
603	147
604	247
605	135
606	252
607	1104
608	1304
609	496
610	988
611	426
612	541
613	159
614	1278
615	399
616	549
617	370
618	1052
619	776
620	985
621	228
622	1027
623	665
624	1398
625	625
626	111
627	41
628	1452
629	603
630	1164
631	695
632	395
633	19
634	1222
635	919
636	1011
637	93
638	107
639	798
640	280
641	1371
642	811
643	610
644	1234
645	842
646	1343
647	256
648	216
649	1029
650	266
651	396
652	1383
653	1143
654	534
655	370
656	1065
657	26
658	284
659	601
660	186
661	1264
662	71
663	893
664	1271
665	660
666	309
667	549
668	999
669	1094
670	746
671	1500
672	763
673	988
674	918
675	1269
676	328
677	72
678	412
679	15
680	1118
681	987
682	1423
683	145
684	1136
685	886
686	1316
687	48
688	264
689	1039
690	165
691	1381
692	408
693	111
694	105
695	888
696	631
697	1472
698	97
699	1356
700	1227
701	871
702	1275
703	927
704	985
705	1056
706	83
707	1434
708	413
709	814
710	367
711	907
712	1425
713	1072
714	576
715	1315
716	1390
717	308
718	966
719	1039
720	837
721	608
722	1069
723	800
724	1102
725	1113
726	391
727	824
728	654
729	1003
730	898
731	580
732	719
733	793
734	1417
735	61
736	1162
737	1337
738	719
739	872
740	1197
741	429
742	1121
743	1482
744	716
745	1139
746	673
747	673
748	1080
749	127
750	124
751	1340
752	656
753	184
754	357
755	302
756	1397
757	1000
758	324
759	46
760	1236
761	190
762	905
763	211
764	544
765	273
766	1205
767	1104
768	574
769	866
770	1232
771	684
772	310
773	226
774	1015
775	904
776	937
777	557
778	638
779	907
780	411
781	442
782	531
783	1294
784	896
785	1497
786	1013
787	423
788	1405
789	359
790	179
791	716
792	994
793	973
794	1242
795	303
796	912
797	224
798	1280
799	824
800	578
801	363
802	767
803	1430
804	659
805	320
806	1327
807	1168
808	28
809	873
810	331
811	1453
812	705
813	107
814	647
815	560
816	744
817	946
818	305
819	551
820	793
821	222
822	288
823	249
824	731
825	606
826	899
827	1310
828	176
829	815
830	70
831	1360
832	593
833	677
834	639
835	1177
836	29
837	1067
838	1169
839	327
840	371
841	95
842	1206
843	369
844	543
845	574
846	415
847	198
848	1369
849	756
850	1346
851	1073
852	733
853	693
854	1121
855	832
856	199
857	1217
858	466
859	34
860	839
861	1061
862	333
863	301
864	342
865	353
866	499
867	1228
868	1486
869	390
870	7
871	490
872	1278
873	1331
874	711
875	658
876	1265
877	942
878	400
879	731
880	86
881	573
882	409
883	1241
884	310
885	114
886	395
887	864
888	958
889	758
890	343
891	1237
892	1440
893	145
894	1381
895	25
896	801
897	965
898	224
899	1473
900	705
901	1008
902	1101
903	323
904	417
905	1408
906	319
907	471
908	1456
909	1068
910	848
911	912
912	439
913	566
914	267
915	302
916	61
917	568
918	1223
919	432
920	827
921	404
922	1405
923	522
924	421
925	599
926	954
927	1196
928	910
929	1215
930	506
931	1359
932	833
933	1395
934	285
935	1028
936	734
937	913
938	1190
939	1063
940	1026
941	857
942	1013
943	774
944	75
945	27
946	225
947	298
948	995
949	1240
950	506
951	715
952	489
953	818
954	703
955	1081
956	966
957	543
958	1478
959	1030
960	869
961	1082
962	1363
963	1304
964	1279
965	1231
966	1350
967	1382
968	1029
969	642
970	401
971	699
972	650
973	1184
974	87
975	1025
976	403
977	98
978	1298
979	960
980	409
981	1402
982	1268
983	1310
984	1105
985	170
986	1282
987	519
988	849
989	95
990	92
991	1007
992	1202
993	617
994	800
995	1258
996	131
997	685
998	537
999	57
1000	615
1001	697
1002	1065
1003	384
1004	1115
1005	1355
1006	422
1007	188
1008	831
1009	1397
1010	1287
1011	674
1012	1359
1013	1388
1014	1263
1015	1497
1016	1073
1017	303
1018	1052
1019	1143
1020	915
1021	1122
1022	577
1023	1458
1024	1492
1025	217
1026	1265
1027	1482
1028	1410
1029	759
1030	48
1031	143
1032	266
1033	36
1034	1126
1035	991
1036	1122
1037	1301
1038	1127
1039	624
1040	743
1041	955
1042	264
1043	1068
1044	682
1045	614
1046	282
1047	712
1048	693
1049	1430
1050	299
1051	858
1052	696
1053	1479
1054	483
1055	1223
1056	1249
1057	385
1058	584
1059	62
1060	1406
1061	420
1062	167
1063	1049
1064	1107
1065	318
1066	934
1067	791
1068	177
1069	202
1070	1317
1071	1216
1072	866
1073	92
1074	441
1075	924
1076	959
1077	1224
1078	644
1079	753
1080	964
1081	1280
1082	362
1083	337
1084	924
1085	900
1086	1002
1087	872
1088	1348
1089	445
1090	196
1091	1050
1092	315
1093	1271
1094	878
1095	1129
1096	1019
1097	1433
1098	1449
1099	848
1100	964
1101	1043
1102	541
1103	972
1104	449
1105	1349
1106	1266
1107	133
1108	372
1109	515
1110	205
1111	1205
1112	668
1113	1093
1114	1427
1115	917
1116	1487
1117	1473
1118	1387
1119	686
1120	855
1121	1384
1122	690
1123	1221
1124	6
1125	525
1126	57
1127	1240
1128	381
1129	7
1130	1208
1131	1037
1132	1444
1133	1111
1134	500
1135	841
1136	1336
1137	1313
1138	980
1139	811
1140	859
1141	570
1142	643
1143	262
1144	863
1145	513
1146	1003
1147	709
1148	685
1149	816
1150	295
1151	910
1152	1044
1153	982
1154	707
1155	1420
1156	1428
1157	919
1158	572
1159	622
1160	217
1161	825
1162	1149
1163	1283
1164	1229
1165	1023
1166	979
1167	920
1168	1481
1169	290
1170	531
1171	1335
1172	63
1173	1110
1174	1209
1175	1332
1176	587
1177	975
1178	837
1179	1069
1180	1455
1181	407
1182	418
1183	1251
1184	377
1185	470
1186	230
1187	350
1188	641
1189	682
1190	757
1191	618
1192	1254
1193	228
1194	737
1195	304
1196	1170
1197	838
1198	939
1199	925
1200	1382
1201	180
1202	379
1203	1414
1204	1477
1205	666
1206	306
1207	259
1208	789
1209	367
1210	687
1211	360
1212	297
1213	605
1214	1422
1215	1152
1216	1035
1217	586
1218	766
1219	1117
1220	315
1221	1281
1222	663
1223	608
1224	967
1225	305
1226	1444
1227	1157
1228	1000
1229	1058
1230	797
1231	928
1232	363
1233	533
1234	1341
1235	962
1236	179
1237	103
1238	785
1239	884
1240	184
1241	1128
1242	1350
1243	446
1244	640
1245	400
1246	828
1247	969
1248	492
1249	1456
1250	426
1251	1111
1252	1031
1253	134
1254	306
1255	1036
1256	433
1257	39
1258	921
1259	1227
1260	993
1261	949
1262	644
1263	398
1264	340
1265	585
1266	1424
1267	913
1268	410
1269	186
1270	115
1271	779
1272	235
1273	1454
1274	659
1275	1107
1276	729
1277	854
1278	27
1279	387
1280	1148
1281	476
1282	1354
1283	603
1284	78
1285	174
1286	416
1287	1267
1288	1249
1289	1307
1290	536
1291	701
1292	952
1293	364
1294	405
1295	1246
1296	629
1297	1181
1298	565
1299	484
1300	1060
1301	114
1302	296
1303	825
1304	1396
1305	456
1306	750
1307	1155
1308	1132
1309	56
1310	571
1311	85
1312	152
1313	505
1314	117
1315	100
1316	1136
1317	784
1318	495
1319	1108
1320	930
1321	89
1322	1307
1323	481
1324	918
1325	674
1326	242
1327	304
1328	134
1329	1088
1330	951
1331	929
1332	1457
1333	234
1334	1095
1335	744
1336	893
1337	1342
1338	884
1339	1409
1340	723
1341	994
1342	757
1343	497
1344	1256
1345	914
1346	288
1347	730
1348	1291
1349	1173
1350	1244
1351	1071
1352	277
1353	943
1354	178
1355	503
1356	870
1357	1333
1358	119
1359	1410
1360	1212
1361	1242
1362	87
1363	1211
1364	171
1365	585
1366	183
1367	143
1368	1328
1369	133
1370	530
1371	427
1372	509
1373	42
1374	1498
1375	1125
1376	640
1377	1472
1378	551
1379	17
1380	49
1381	1118
1382	676
1383	1485
1384	257
1385	1436
1386	2
1387	38
1388	440
1389	1488
1390	392
1391	1167
1392	1110
1393	1248
1394	1189
1395	901
1396	1314
1397	1185
1398	1198
1399	1468
1400	47
1401	151
1402	1224
1403	547
1404	40
1405	69
1406	1094
1407	1333
1408	43
1409	419
1410	204
1411	1099
1412	978
1413	477
1414	487
1415	171
1416	1375
1417	1370
1418	172
1419	1499
1420	1447
1421	858
1422	172
1423	575
1424	281
1425	21
1426	563
1427	753
1428	1281
1429	269
1430	104
1431	158
1432	1404
1433	1183
1434	229
1435	533
1436	1325
1437	1238
1438	657
1439	587
1440	598
1441	715
1442	277
1443	351
1444	902
1445	476
1446	1100
1447	105
1448	20
1449	686
1450	1059
1451	1032
1452	1254
1453	381
1454	1302
1455	164
1456	156
1457	469
1458	1153
1459	1034
1460	593
1461	1100
1462	1064
1463	1463
1464	180
1465	411
1466	1170
1467	268
1468	1475
1469	1328
1470	1313
1471	1140
1472	376
1473	1081
1474	262
1475	102
1476	108
1477	188
1478	200
1479	258
1480	1060
1481	1292
1482	152
1483	90
1484	1400
1485	1120
1486	786
1487	4
1488	612
1489	779
1490	588
1491	1338
1492	1174
1493	45
1494	321
1495	125
1496	66
1497	442
1498	504
1499	1137
1500	54
1501	157
1502	560
1503	382
1504	148
1505	562
1506	600
1507	1062
1508	323
1509	1206
1510	1095
1511	139
1512	1252
1513	1484
1514	197
1515	1075
1516	460
1517	1014
1518	813
1519	709
1520	822
1521	424
1522	24
1523	495
1524	106
1525	255
1526	1417
1527	1369
1528	1179
1529	159
1530	1130
1531	718
1532	205
1533	1305
1534	13
1535	339
1536	761
1537	19
1538	713
1539	885
1540	740
1541	22
1542	109
1543	348
1544	886
1545	559
1546	1057
1547	350
1548	1448
1549	772
1550	819
1551	580
1552	1009
1553	1215
1554	1388
1555	854
1556	614
1557	1195
1558	769
1559	1312
1560	88
1561	165
1562	16
1563	368
1564	1191
1565	14
1566	1416
1567	1038
1568	1018
1569	984
1570	690
1571	953
1572	1424
1573	979
1574	90
1575	1009
1576	130
1577	58
1578	914
1579	1231
1580	867
1581	669
1582	948
1583	374
1584	118
1585	68
1586	987
1587	212
1588	242
1589	18
1590	883
1591	1144
1592	742
1593	284
1594	1012
1595	1083
1596	223
1597	1160
1598	538
1599	1108
1600	436
1601	1051
1602	1325
1603	1372
1604	14
1605	452
1606	940
1607	1491
1608	657
1609	218
1610	403
1611	526
1612	1002
1613	873
1614	874
1615	1299
1616	451
1617	120
1618	791
1619	567
1620	203
1621	823
1622	1323
1623	1036
1624	679
1625	140
1626	1093
1627	948
1628	632
1629	485
1630	1075
1631	336
1632	167
1633	258
1634	1268
1635	480
1636	1179
1637	39
1638	642
1639	1053
1640	980
1641	158
1642	1319
1643	83
1644	751
1645	1190
1646	855
1647	163
1648	1407
1649	60
1650	1131
1651	1442
1652	523
1653	512
1654	109
1655	1250
1656	1426
1657	1471
1658	967
1659	238
1660	1232
1661	1289
1662	203
1663	1184
1664	517
1665	345
1666	1419
1667	1476
1668	446
1669	349
1670	1394
1671	481
1672	607
1673	298
1674	462
1675	554
1676	1362
1677	561
1678	1014
1679	261
1680	485
1681	649
1682	1375
1683	448
1684	1279
1685	898
1686	609
1687	1079
1688	23
1689	311
1690	952
1691	519
1692	156
1693	1296
1694	338
1695	253
1696	187
1697	378
1698	1396
1699	782
1700	273
1701	741
1702	322
1703	1465
1704	528
1705	764
1706	419
1707	195
1708	563
1709	613
1710	1129
1711	1213
1712	1295
1713	576
1714	850
1715	376
1716	200
1717	74
1718	437
1719	174
1720	149
1721	148
1722	806
1723	1004
1724	976
1725	207
1726	883
1727	940
1728	127
1729	1466
1730	1331
1731	986
1732	691
1733	79
1734	1079
1735	752
1736	930
1737	524
1738	503
1739	902
1740	126
1741	1255
1742	675
1743	538
1744	566
1745	1290
1746	794
1747	1391
1748	1460
1749	1295
1750	1324
1751	1011
1752	591
1753	1005
1754	1192
1755	240
1756	696
1757	175
1758	279
1759	1462
1760	981
1761	746
1762	131
1763	1005
1764	170
1765	607
1766	129
1767	1479
1768	137
1769	1255
1770	451
1771	1102
1772	569
1773	867
1774	1348
1775	10
1776	139
1777	55
1778	923
1779	1464
1780	316
1781	220
1782	1270
1783	291
1784	710
1785	197
1786	220
1787	1349
1788	942
1789	601
1790	944
1791	233
1792	670
1793	1379
1794	1199
1795	207
1796	786
1797	1419
1798	1022
1799	67
1800	1364
1801	624
1802	676
1803	169
1804	41
1805	1353
1806	1412
1807	801
1808	52
1809	1126
1810	194
1811	278
1812	335
1813	1416
1814	527
1815	1357
1816	1119
1817	610
1818	875
1819	615
1820	1289
1821	798
1822	1112
1823	517
1824	507
1825	635
1826	605
1827	161
1828	309
1829	795
1830	1353
1831	553
1832	237
1833	368
1834	1321
1835	59
1836	382
1837	660
1838	432
1839	449
1840	1324
1841	635
1842	524
1843	1049
1844	254
1845	436
1846	1364
1847	1140
1848	1043
1849	1461
1850	1400
1851	769
1852	1064
1853	814
1854	956
1855	702
1856	860
1857	1090
1858	101
1859	1376
1860	697
1861	939
1862	430
1863	272
1864	1461
1865	128
1866	132
1867	887
1868	414
1869	890
1870	1478
1871	861
1872	977
1873	1133
1874	687
1875	1455
1876	773
1877	548
1878	578
1879	1061
1880	963
1881	500
1882	1083
1883	784
1884	473
1885	337
1886	335
1887	1109
1888	1008
1889	689
1890	745
1891	1056
1892	1207
1893	166
1894	334
1895	1394
1896	434
1897	1345
1898	499
1899	42
1900	428
1901	1283
1902	529
1903	931
1904	929
1905	871
1906	573
1907	123
1908	1038
1909	484
1910	1275
1911	774
1912	1067
1913	453
1914	1211
1915	852
1916	1500
1917	291
1918	648
1919	836
1920	1480
1921	739
1922	1194
1923	1169
1924	399
1925	333
1926	555
1927	1164
1928	618
1929	518
1930	629
1931	458
1932	230
1933	735
1934	1074
1935	286
1936	1210
1937	1253
1938	700
1939	9
1940	1285
1941	981
1942	157
1943	406
1944	125
1945	1332
1946	162
1947	181
1948	851
1949	379
1950	998
1951	555
1952	1411
1953	339
1954	22
1955	1496
1956	1153
1957	514
1958	182
1959	776
1960	142
1961	322
1962	636
1963	1114
1964	708
1965	64
1966	600
1967	1494
1968	936
1969	698
1970	189
1971	1057
1972	511
1973	124
1974	2
1975	166
1976	161
1977	437
1978	661
1979	1084
1980	931
1981	1464
1982	164
1983	843
1984	648
1985	1109
1986	393
1987	393
1988	1088
1989	943
1990	1246
1991	312
1992	10
1993	494
1994	245
1995	529
1996	1035
1997	1490
1998	241
1999	771
2000	372
2001	1222
2002	1448
2003	359
2004	312
2005	198
2006	438
2007	452
2008	851
2009	425
2010	332
2011	1377
2012	806
2013	1379
2014	189
2015	864
2016	502
2017	1199
2018	591
2019	592
2020	604
2021	37
2022	424
2023	1131
2024	1320
2025	561
2026	1288
2027	1399
2028	1457
2029	581
2030	1119
2031	489
2032	1327
2033	1293
2034	1462
2035	253
2036	209
2037	1024
2038	617
2039	1261
2040	921
2041	334
2042	460
2043	1413
2044	341
2045	750
2046	1018
2047	294
2048	542
2049	1201
2050	251
2051	626
2052	1311
2053	345
2054	796
2055	466
2056	515
2057	604
2058	977
2059	1145
2060	1124
2061	279
2062	1399
2063	173
2064	983
2065	219
2066	218
2067	314
2068	790
2069	698
2070	984
2071	1465
2072	564
2073	121
2074	30
2075	1420
2076	1460
2077	1243
2078	162
2079	812
2080	1390
2081	311
2082	5
2083	5
2084	187
2085	227
2086	863
2087	1297
2088	664
2089	630
2090	487
2091	773
2092	1171
2093	1042
2094	488
2095	1485
2096	234
2097	632
2098	897
2099	1259
2100	418
2101	680
2102	12
2103	82
2104	663
2105	1019
2106	1133
2107	986
2108	815
2109	300
2110	720
2111	874
2112	502
2113	307
2114	789
2115	901
2116	989
2117	862
2118	229
2119	702
2120	1339
2121	652
2122	1256
2123	1312
2124	1151
2125	1103
2126	1490
2127	208
2128	398
2129	17
2130	1180
2131	341
2132	265
2133	1378
2134	1204
2135	455
2136	354
2137	300
2138	313
2139	1142
2140	168
2141	781
2142	369
2143	820
2144	1352
2145	736
2146	777
2147	507
2148	1105
2149	1294
2150	1031
2151	1484
2152	297
2153	1017
2154	957
2155	1159
2156	1025
2157	831
2158	51
2159	822
2160	1116
2161	457
2162	1180
2163	175
2164	792
2165	1357
2166	1123
2167	552
2168	1250
2169	480
2170	126
2171	1363
2172	64
2173	492
2174	1494
2175	552
2176	759
2177	706
2178	1101
2179	497
2180	1427
2181	1091
2182	1287
2183	142
2184	324
2185	860
2186	448
2187	809
2188	1499
2189	1496
2190	622
2191	193
2192	52
2193	1045
2194	23
2195	1144
2196	74
2197	1361
2198	859
2199	328
2200	868
2201	565
2202	722
2203	556
2204	609
2205	331
2206	89
2207	821
2208	1016
2209	1166
2210	9
2211	338
2212	1159
2213	829
2214	1401
2215	1226
2216	226
2217	1474
2218	1021
2219	681
2220	1446
2221	275
2222	734
2223	1
2224	1292
2225	787
2226	712
2227	94
2228	1330
2229	934
2230	1163
2231	941
2232	428
2233	954
2234	1393
2235	704
2236	703
2237	817
2238	969
2239	1334
2240	348
2241	1092
2242	1157
2243	45
2244	993
2245	562
2246	946
2247	1402
2248	1074
2249	796
2250	84
2251	80
2252	847
2253	808
2254	1374
2255	294
2256	1470
2257	1426
2258	1214
2259	1214
2260	1407
2261	1152
2262	330
2263	1488
2264	59
2265	194
2266	1156
2267	1174
2268	330
2269	62
2270	140
2271	1047
2272	6
2273	679
2274	1193
2275	752
2276	1135
2277	947
2278	564
2279	394
2280	790
2281	669
2282	749
2283	326
2284	265
2285	274
2286	1204
2287	498
2288	688
2289	11
2290	633
2291	1344
2292	735
2293	963
2294	890
2295	841
2296	680
2297	213
2298	670
2299	1452
2300	865
2301	1253
2302	1010
2303	513
2304	360
2305	1431
2306	813
2307	30
2308	81
2309	1160
2310	1347
2311	457
2312	1320
2313	971
2314	512
2315	595
2316	852
2317	1194
2318	482
2319	1096
2320	1026
2321	787
2322	31
2323	1354
2324	542
2325	307
2326	1334
2327	447
2328	160
2329	1392
2330	777
2331	754
2332	1309
2333	1022
2334	221
2335	51
2336	887
2337	169
2338	840
2339	431
2340	511
2341	1135
2342	1041
2343	911
2344	1373
2345	1033
2346	443
2347	771
2348	1112
2349	1182
2350	185
2351	1200
2352	1165
2353	678
2354	838
2355	354
2356	455
2357	805
2358	897
2359	453
2360	664
2361	956
2362	1228
2363	346
2364	891
2365	728
2366	321
2367	846
2368	402
2369	11
2370	1277
2371	1476
2372	691
2373	55
2374	1092
2375	768
2376	1360
2377	636
2378	1158
2379	153
2380	756
2381	1470
2382	933
2383	738
2384	535
2385	723
2386	31
2387	970
2388	231
2389	104
2390	299
2391	843
2392	885
2393	493
2394	73
2395	1284
2396	1282
2397	1449
2398	394
2399	1272
2400	390
2401	1218
2402	792
2403	138
2404	119
2405	1301
2406	1429
2407	261
2408	1134
2409	1103
2410	1367
2411	1421
2412	909
2413	1493
2414	726
2415	599
2416	810
2417	747
2418	1344
2419	260
2420	1209
2421	473
2422	434
2423	260
2424	208
2425	1367
2426	1418
2427	1070
2428	346
2429	647
2430	510
2431	1163
2432	317
2433	154
2434	244
2435	317
2436	128
2437	425
2438	1326
2439	163
2440	135
2441	430
2442	283
2443	808
2444	1168
2445	1086
2446	91
2447	1274
2448	846
2449	1219
2450	530
2451	462
2452	894
2453	86
2454	243
2455	616
2456	1376
2457	550
2458	1259
2459	1474
2460	136
2461	1047
2462	865
2463	803
2464	488
2465	1440
2466	1241
2467	1489
2468	1358
2469	606
2470	965
2471	933
2472	1437
2473	482
2474	968
2475	945
2476	427
2477	270
2478	58
2479	997
2480	1053
2481	91
2482	1451
2483	937
2484	326
2485	1077
2486	923
2487	1337
2488	1389
2489	24
2490	227
2491	1412
2492	1244
2493	807
2494	1431
2495	1221
2496	181
2497	1201
2498	34
2499	1042
2500	475
2501	280
2502	548
2503	1291
2504	347
2505	821
2506	1352
2507	627
2508	1138
2509	1078
2510	534
2511	246
2512	594
2513	882
2514	997
2515	1319
2516	510
2517	210
2518	701
2519	475
2520	770
2521	232
2522	1175
2523	707
2524	1323
2525	364
2526	590
2527	730
2528	894
2529	621
2530	1322
2531	431
2532	1277
2533	155
2534	1191
2535	739
2536	1015
2537	110
2538	459
2539	13
2540	214
2541	572
2542	778
2543	56
2544	1196
2545	770
2546	1454
2547	358
2548	1342
2549	1403
2550	927
2551	668
2552	844
2553	522
2554	66
2555	320
2556	729
2557	366
2558	85
2559	132
2560	243
2561	80
2562	388
2563	239
2564	1261
2565	96
2566	20
2567	747
2568	1193
2569	675
2570	1314
2571	1226
2572	1311
2573	1239
2574	1198
2575	1238
2576	621
2577	751
2578	1300
2579	718
2580	47
2581	655
2582	802
2583	968
2584	737
2585	1085
2586	649
2587	905
2588	37
2589	537
2590	461
2591	1351
2592	671
2593	1385
2594	397
2595	138
2596	764
2597	295
2598	1219
2599	1054
2600	732
2601	388
2602	8
2603	532
2604	877
2605	1385
2606	250
2607	223
2608	1080
2609	1260
2610	1260
2611	882
2612	1172
2613	1306
2614	935
2615	351
2616	594
2617	1380
2618	160
2619	3
2620	836
2621	281
2622	26
2623	889
2624	755
2625	1434
2626	916
2627	100
2628	778
2629	110
2630	389
2631	521
2632	75
2633	903
2634	477
2635	1425
2636	1453
2637	1077
2638	1432
2639	545
2640	1023
2641	355
2642	726
2643	596
2644	1045
2645	380
2646	646
2647	765
2648	995
2649	1123
2650	1062
2651	94
2652	459
2653	283
2654	1351
2655	973
2656	602
2657	588
2658	99
2659	1480
2660	1341
2661	239
2662	597
2663	373
2664	620
2665	678
2666	183
2667	1493
2668	293
2669	765
2670	1322
2671	270
2672	611
2673	990
2674	558
2675	173
2676	736
2677	1441
2678	1365
2679	1439
2680	213
2681	990
2682	583
2683	1237
2684	1006
2685	292
2686	1235
2687	269
2688	123
2689	619
2690	18
2691	768
2692	146
2693	54
2694	196
2695	638
2696	589
2697	710
2698	211
2699	406
2700	876
2701	856
2702	950
2703	276
2704	559
2705	1207
2706	491
2707	1187
2708	214
2709	144
2710	99
2711	1429
2712	633
2713	1361
2714	1210
2715	922
2716	1089
2717	781
2718	828
2719	911
2720	856
2721	1439
2722	895
2723	738
2724	340
2725	1347
2726	755
2727	106
2728	122
2729	938
2730	137
2731	903
2732	222
2733	1435
2734	1495
2735	250
2736	527
2737	916
2738	358
2739	1230
2740	365
2741	178
2742	598
2743	195
2744	1303
2745	944
2746	906
2747	327
2748	209
2749	1187
2750	1024
2751	168
2752	116
2753	521
2754	1362
2755	287
2756	1188
2757	749
2758	38
2759	1017
2760	516
2761	650
2762	1165
2763	1450
2764	772
2765	1120
2766	641
2767	1433
2768	380
2769	1303
2770	528
2771	623
2772	547
2773	922
2774	1203
2775	366
2776	889
2777	720
2778	1432
2779	447
2780	583
2781	518
2782	53
2783	1392
2784	410
2785	443
2786	795
2787	1418
2788	732
2789	1230
2790	1130
2791	1251
2792	909
2793	102
2794	241
2795	1076
2796	567
2797	602
2798	32
2799	1391
2800	325
2801	373
2802	906
2803	1245
2804	1046
2805	586
2806	961
2807	1091
2808	1293
2809	501
2810	540
2811	121
2812	706
2813	672
2814	206
2815	1403
2816	545
2817	1413
2818	263
2819	957
2820	1441
2821	949
2822	155
2823	8
2824	3
2825	287
2826	32
2827	150
2828	122
2829	65
2830	1076
2831	25
2832	1032
2833	672
2834	325
2835	1220
2836	1306
2837	945
2838	554
2839	938
2840	532
2841	879
2842	955
2843	1276
2844	412
2845	1158
2846	1404
2847	989
2848	249
2849	1218
2850	760
2851	461
2852	292
2853	365
2854	976
2855	514
2856	592
2857	1089
2858	76
2859	96
2860	1220
2861	1084
2862	271
2863	1302
2864	386
2865	1245
2866	1021
2867	153
2868	1096
2869	876
2870	271
2871	1132
2872	1498
2873	830
2874	397
2875	611
2876	620
2877	891
2878	386
2879	1175
2880	810
2881	491
2882	112
2883	1276
2884	908
2885	1489
2886	590
2887	232
2888	76
2889	1383
2890	1401
2891	355
2892	826
2893	1340
2894	1138
2895	540
2896	546
2897	1033
2898	760
2899	1415
2900	141
2901	154
2902	817
2903	1161
2904	1235
2905	627
2906	558
2907	193
2908	112
2909	1078
2910	581
2911	1274
2912	665
2913	1389
2914	797
2915	1481
2916	692
2917	1377
2918	694
2919	501
2920	783
2921	569
2922	259
2923	1040
2924	616
2925	263
2926	53
2927	932
2928	1393
2929	783
2930	582
2931	539
2932	116
2933	206
2934	700
2935	377
2936	150
2937	1286
2938	628
2939	1203
2940	539
2941	535
2942	1437
2943	1085
2944	671
2945	666
2946	1243
2947	176
2948	1147
2949	314
2950	28
2951	35
2952	847
2953	1161
2954	1286
2955	344
2956	895
2957	879
2958	692
2959	688
2960	947
2961	103
2962	347
2963	1317
2964	556
2965	1374
2966	597
2967	683
2968	1467
2969	1330
2970	1166
2971	1467
2972	584
2973	35
2974	1116
2975	1495
2976	344
2977	1147
2978	450
2979	1365
2980	546
2981	389
2982	293
2983	1415
2984	785
2985	73
2986	582
2987	826
2988	623
2989	1233
2990	1233
2991	465
2992	465
2993	1188
2994	830
2995	44
2996	44
2997	992
2998	839
2999	992
3000	450
