Class Times	60
Rooms	50
1	773
2	578
3	517
4	784
5	610
6	192
7	147
8	716
9	329
10	928
11	99
12	744
13	577
14	369
15	902
16	501
17	639
18	938
19	353
20	657
21	115
22	244
23	49
24	877
25	493
26	607
27	665
28	129
29	560
30	721
31	213
32	588
33	514
34	549
35	126
36	807
37	209
38	331
39	485
40	146
41	691
42	700
43	859
44	782
45	87
46	222
47	205
48	274
49	244
50	370
Classes	3000
Teachers	1500
1	604
2	436
3	341
4	410
5	185
6	487
7	1329
8	884
9	1044
10	1323
11	876
12	1449
13	697
14	1077
15	1095
16	844
17	514
18	810
19	1259
20	1442
21	34
22	416
23	224
24	1142
25	1113
26	1132
27	921
28	794
29	1225
30	492
31	259
32	1282
33	1281
34	257
35	289
36	848
37	1028
38	261
39	1338
40	1444
41	1376
42	1218
43	1314
44	976
45	1023
46	944
47	268
48	1096
49	1087
50	1032
51	1123
52	1446
53	870
54	344
55	1495
56	1209
57	16
58	1469
59	418
60	5
61	636
62	1113
63	127
64	1122
65	101
66	1313
67	1044
68	27
69	1303
70	977
71	935
72	138
73	1484
74	868
75	836
76	1144
77	1485
78	548
79	1183
80	414
81	1230
82	1446
83	353
84	1067
85	562
86	1465
87	1136
88	604
89	659
90	1272
91	505
92	169
93	784
94	847
95	1242
96	559
97	403
98	1312
99	308
100	552
101	101
102	267
103	1190
104	1096
105	1064
106	832
107	1127
108	58
109	1258
110	1267
111	916
112	1036
113	1170
114	169
115	1186
116	623
117	855
118	235
119	1060
120	303
121	905
122	564
123	1491
124	1497
125	1368
126	426
127	1462
128	862
129	325
130	193
131	457
132	633
133	700
134	761
135	923
136	233
137	4
138	585
139	478
140	1143
141	1079
142	774
143	1147
144	1099
145	315
146	423
147	575
148	647
149	1030
150	1169
151	200
152	896
153	226
154	1314
155	632
156	581
157	352
158	506
159	550
160	1369
161	328
162	546
163	709
164	660
165	1433
166	516
167	831
168	1147
169	1378
170	1478
171	330
172	957
173	700
174	251
175	1482
176	688
177	1125
178	1093
179	1097
180	888
181	1100
182	557
183	164
184	1018
185	290
186	1067
187	427
188	267
189	717
190	16
191	324
192	1313
193	770
194	58
195	634
196	466
197	355
198	1447
199	256
200	708
201	52
202	1281
203	947
204	1390
205	290
206	1138
207	1255
208	1315
209	27
210	236
211	40
212	1401
213	799
214	809
215	1102
216	516
217	349
218	1085
219	329
220	933
221	1000
222	656
223	683
224	681
225	1305
226	163
227	128
228	1469
229	585
230	792
231	1052
232	507
233	729
234	450
235	780
236	612
237	1005
238	33
239	656
240	1232
241	371
242	575
243	877
244	827
245	140
246	771
247	483
248	1324
249	346
250	1108
251	870
252	555
253	1477
254	479
255	1049
256	563
257	211
258	277
259	1368
260	461
261	935
262	669
263	364
264	948
265	384
266	831
267	1345
268	127
269	17
270	163
271	941
272	92
273	1214
274	735
275	784
276	756
277	125
278	109
279	1496
280	355
281	1428
282	686
283	130
284	571
285	829
286	183
287	427
288	920
289	733
290	822
291	1490
292	537
293	757
294	1069
295	749
296	815
297	1319
298	70
299	684
300	29
301	222
302	428
303	14
304	1050
305	1457
306	128
307	452
308	1069
309	271
310	1308
311	1144
312	554
313	781
314	1318
315	1111
316	733
317	1032
318	70
319	1466
320	1465
321	185
322	1474
323	1110
324	915
325	531
326	1466
327	159
328	966
329	910
330	1065
331	886
332	226
333	62
334	473
335	1127
336	804
337	419
338	553
339	574
340	471
341	684
342	1403
343	1181
344	374
345	1055
346	370
347	505
348	345
349	1095
350	123
351	234
352	762
353	1195
354	526
355	570
356	228
357	294
358	447
359	1002
360	26
361	248
362	1401
363	259
364	859
365	963
366	1027
367	554
368	756
369	1292
370	876
371	1227
372	73
373	112
374	1086
375	837
376	1240
377	1451
378	339
379	164
380	704
381	856
382	1334
383	1167
384	51
385	502
386	446
387	10
388	1424
389	716
390	750
391	1308
392	59
393	984
394	1382
395	661
396	1138
397	1294
398	717
399	420
400	297
401	212
402	764
403	348
404	182
405	1244
406	1392
407	1372
408	136
409	1393
410	1187
411	1237
412	1351
413	80
414	448
415	691
416	582
417	500
418	196
419	731
420	997
421	1349
422	913
423	1427
424	1259
425	1306
426	243
427	1083
428	978
429	806
430	556
431	1321
432	300
433	561
434	991
435	30
436	121
437	40
438	550
439	707
440	1156
441	69
442	1225
443	15
444	1456
445	581
446	689
447	188
448	966
449	918
450	580
451	718
452	450
453	804
454	560
455	509
456	951
457	1223
458	776
459	22
460	1354
461	15
462	1245
463	436
464	1161
465	523
466	571
467	458
468	539
469	1458
470	13
471	1396
472	1293
473	493
474	102
475	268
476	701
477	457
478	1119
479	798
480	48
481	649
482	764
483	628
484	561
485	1410
486	1470
487	1369
488	1460
489	231
490	454
491	526
492	715
493	24
494	616
495	744
496	415
497	608
498	448
499	352
500	206
501	1438
502	66
503	844
504	683
505	96
506	386
507	1222
508	826
509	81
510	618
511	135
512	1035
513	57
514	135
515	841
516	845
517	1208
518	99
519	895
520	73
521	177
522	1349
523	390
524	738
525	275
526	1233
527	1268
528	1455
529	229
530	428
531	903
532	28
533	1391
534	123
535	105
536	130
537	120
538	222
539	462
540	103
541	309
542	767
543	993
544	1425
545	801
546	300
547	238
548	402
549	396
550	1290
551	1288
552	542
553	1352
554	444
555	106
556	323
557	1431
558	108
559	582
560	1010
561	995
562	1340
563	963
564	820
565	1352
566	224
567	1394
568	1330
569	463
570	566
571	1042
572	637
573	1208
574	174
575	1043
576	791
577	1199
578	449
579	93
580	1372
581	907
582	544
583	1354
584	605
585	1028
586	7
587	724
588	1043
589	1084
590	834
591	535
592	408
593	38
594	908
595	994
596	919
597	187
598	1348
599	1170
600	412
601	751
602	532
603	1311
604	940
605	614
606	1389
607	207
608	923
609	979
610	864
611	160
612	1156
613	623
614	1033
615	773
616	860
617	1131
618	210
619	557
620	409
621	1472
622	367
623	4
624	1004
625	1087
626	1356
627	939
628	314
629	361
630	61
631	1342
632	378
633	1053
634	1298
635	576
636	1361
637	1099
638	1476
639	1430
640	14
641	681
642	137
643	633
644	852
645	340
646	1378
647	788
648	645
649	1060
650	379
651	652
652	1339
653	354
654	534
655	819
656	29
657	688
658	1489
659	32
660	670
661	237
662	1494
663	893
664	640
665	1158
666	829
667	198
668	1448
669	1068
670	241
671	810
672	1418
673	476
674	146
675	407
676	1440
677	496
678	848
679	1477
680	714
681	133
682	842
683	1050
684	583
685	669
686	138
687	1191
688	1296
689	749
690	242
691	1252
692	71
693	32
694	376
695	1456
696	477
697	1407
698	297
699	965
700	1457
701	728
702	1303
703	415
704	1418
705	742
706	695
707	159
708	1395
709	808
710	759
711	242
712	362
713	1362
714	75
715	1143
716	350
717	294
718	38
719	66
720	250
721	853
722	494
723	493
724	1252
725	1428
726	1427
727	1119
728	441
729	325
730	461
731	572
732	236
733	1398
734	1205
735	132
736	627
737	1066
738	654
739	463
740	478
741	1260
742	880
743	929
744	524
745	1404
746	1186
747	612
748	713
749	991
750	333
751	904
752	247
753	687
754	195
755	482
756	558
757	800
758	358
759	277
760	529
761	827
762	1024
763	1233
764	410
765	1424
766	1011
767	1484
768	1213
769	1112
770	906
771	374
772	474
773	233
774	568
775	1375
776	198
777	1001
778	1255
779	507
780	393
781	1290
782	103
783	743
784	1171
785	141
786	1177
787	1222
788	811
789	572
790	46
791	1291
792	797
793	874
794	522
795	50
796	1159
797	1056
798	451
799	223
800	209
801	1334
802	361
803	1396
804	1011
805	926
806	2
807	249
808	885
809	45
810	387
811	988
812	1194
813	1072
814	1407
815	796
816	351
817	1082
818	63
819	165
820	212
821	714
822	972
823	834
824	1098
825	867
826	1182
827	335
828	881
829	456
830	1445
831	1408
832	1365
833	1204
834	170
835	613
836	788
837	278
838	1370
839	675
840	1381
841	671
842	1417
843	739
844	1359
845	650
846	487
847	1453
848	309
849	1244
850	947
851	146
852	840
853	1210
854	10
855	1319
856	1438
857	175
858	855
859	443
860	1389
861	863
862	1411
863	417
864	918
865	537
866	1106
867	1162
868	1265
869	399
870	787
871	245
872	190
873	96
874	1012
875	107
876	564
877	826
878	1201
879	547
880	94
881	1137
882	653
883	727
884	545
885	379
886	1341
887	3
888	955
889	26
890	608
891	528
892	580
893	165
894	1269
895	521
896	671
897	419
898	162
899	1207
900	120
901	731
902	211
903	59
904	413
905	737
906	1472
907	884
908	1415
909	1350
910	860
911	69
912	613
913	1336
914	559
915	1426
916	915
917	709
918	695
919	417
920	105
921	1336
922	747
923	1160
924	1243
925	245
926	1077
927	755
928	207
929	414
930	1425
931	1386
932	63
933	592
934	1148
935	883
936	745
937	562
938	1492
939	1118
940	407
941	183
942	1291
943	1201
944	217
945	663
946	1398
947	836
948	1075
949	853
950	1482
951	877
952	1188
953	1167
954	887
955	477
956	583
957	863
958	619
959	817
960	944
961	1412
962	223
963	345
964	102
965	1176
966	324
967	1500
968	801
969	376
970	328
971	1350
972	426
973	249
974	551
975	1142
976	1129
977	567
978	1216
979	167
980	565
981	104
982	326
983	1013
984	565
985	658
986	1221
987	1221
988	690
989	1270
990	1045
991	606
992	1395
993	1394
994	586
995	332
996	357
997	578
998	891
999	1397
1000	922
1001	421
1002	1485
1003	1391
1004	1111
1005	1449
1006	1042
1007	456
1008	975
1009	1240
1010	230
1011	979
1012	910
1013	30
1014	1064
1015	1280
1016	985
1017	593
1018	52
1019	257
1020	655
1021	524
1022	1353
1023	432
1024	1487
1025	354
1026	44
1027	1166
1028	247
1029	1289
1030	114
1031	1479
1032	1169
1033	970
1034	362
1035	595
1036	452
1037	791
1038	1130
1039	166
1040	780
1041	517
1042	449
1043	742
1044	1002
1045	322
1046	938
1047	1215
1048	1321
1049	269
1050	191
1051	122
1052	1196
1053	502
1054	1198
1055	1062
1056	1250
1057	1089
1058	942
1059	1437
1060	174
1061	186
1062	1408
1063	1073
1064	679
1065	1416
1066	459
1067	1384
1068	480
1069	1162
1070	603
1071	473
1072	1128
1073	1355
1074	759
1075	659
1076	1267
1077	1026
1078	155
1079	1195
1080	593
1081	856
1082	743
1083	1376
1084	734
1085	835
1086	1190
1087	886
1088	494
1089	691
1090	626
1091	1458
1092	1419
1093	167
1094	98
1095	1274
1096	504
1097	1045
1098	1236
1099	445
1100	616
1101	1026
1102	673
1103	614
1104	639
1105	282
1106	221
1107	934
1108	168
1109	718
1110	1122
1111	1317
1112	78
1113	639
1114	1030
1115	1487
1116	481
1117	1455
1118	279
1119	657
1120	75
1121	60
1122	632
1123	1264
1124	1166
1125	563
1126	650
1127	326
1128	1283
1129	758
1130	240
1131	1056
1132	609
1133	984
1134	939
1135	395
1136	316
1137	692
1138	1460
1139	977
1140	861
1141	76
1142	674
1143	813
1144	552
1145	342
1146	484
1147	1164
1148	206
1149	653
1150	964
1151	53
1152	882
1153	735
1154	1285
1155	295
1156	470
1157	1422
1158	1374
1159	1152
1160	289
1161	1139
1162	807
1163	850
1164	521
1165	470
1166	1445
1167	637
1168	1406
1169	1005
1170	1022
1171	18
1172	949
1173	1068
1174	8
1175	1353
1176	405
1177	1496
1178	340
1179	803
1180	1174
1181	811
1182	87
1183	342
1184	601
1185	776
1186	1412
1187	1500
1188	97
1189	636
1190	189
1191	468
1192	409
1193	12
1194	234
1195	842
1196	625
1197	365
1198	522
1199	896
1200	347
1201	643
1202	126
1203	230
1204	1065
1205	393
1206	938
1207	1499
1208	1203
1209	303
1210	1273
1211	465
1212	665
1213	1285
1214	832
1215	1435
1216	528
1217	1047
1218	763
1219	369
1220	1306
1221	1091
1222	192
1223	1270
1224	71
1225	302
1226	39
1227	762
1228	6
1229	1416
1230	589
1231	599
1232	307
1233	928
1234	544
1235	8
1236	1237
1237	729
1238	1289
1239	1159
1240	577
1241	1444
1242	1269
1243	982
1244	1209
1245	383
1246	906
1247	497
1248	1386
1249	1436
1250	1048
1251	217
1252	1467
1253	181
1254	532
1255	113
1256	322
1257	1017
1258	1125
1259	864
1260	921
1261	79
1262	377
1263	530
1264	1012
1265	713
1266	33
1267	50
1268	382
1269	862
1270	962
1271	377
1272	177
1273	455
1274	344
1275	1062
1276	154
1277	315
1278	738
1279	664
1280	768
1281	1152
1282	335
1283	786
1284	586
1285	1305
1286	351
1287	287
1288	28
1289	956
1290	1246
1291	904
1292	145
1293	13
1294	495
1295	678
1296	950
1297	955
1298	549
1299	434
1300	591
1301	727
1302	2
1303	166
1304	307
1305	548
1306	251
1307	1262
1308	1315
1309	1173
1310	821
1311	1041
1312	520
1313	336
1314	1493
1315	445
1316	1278
1317	256
1318	269
1319	1086
1320	1430
1321	1116
1322	1070
1323	11
1324	1019
1325	1037
1326	1100
1327	1033
1328	948
1329	1381
1330	1027
1331	1129
1332	34
1333	854
1334	152
1335	1478
1336	818
1337	1262
1338	235
1339	1093
1340	576
1341	1417
1342	529
1343	610
1344	840
1345	45
1346	750
1347	907
1348	1075
1349	1137
1350	1115
1351	1215
1352	865
1353	152
1354	215
1355	17
1356	444
1357	178
1358	1036
1359	42
1360	654
1361	1049
1362	940
1363	157
1364	693
1365	1298
1366	1106
1367	292
1368	1256
1369	1112
1370	295
1371	704
1372	1157
1373	1124
1374	998
1375	1351
1376	868
1377	734
1378	154
1379	1342
1380	1105
1381	1121
1382	446
1383	662
1384	337
1385	346
1386	1385
1387	1218
1388	129
1389	88
1390	1415
1391	1474
1392	865
1393	402
1394	187
1395	1126
1396	350
1397	1384
1398	869
1399	1008
1400	392
1401	291
1402	663
1403	1183
1404	443
1405	321
1406	179
1407	657
1408	332
1409	1204
1410	920
1411	1253
1412	411
1413	1468
1414	665
1415	685
1416	533
1417	778
1418	1048
1419	1083
1420	971
1421	497
1422	1243
1423	1348
1424	336
1425	883
1426	981
1427	197
1428	1462
1429	721
1430	252
1431	1301
1432	246
1433	558
1434	1088
1435	205
1436	1189
1437	845
1438	194
1439	1467
1440	1275
1441	839
1442	609
1443	549
1444	396
1445	851
1446	265
1447	1293
1448	137
1449	771
1450	64
1451	675
1452	475
1453	1284
1454	80
1455	878
1456	447
1457	879
1458	1124
1459	1224
1460	1188
1461	382
1462	541
1463	533
1464	1076
1465	219
1466	578
1467	384
1468	651
1469	1347
1470	972
1471	772
1472	929
1473	1338
1474	83
1475	677
1476	459
1477	228
1478	1301
1479	1238
1480	1120
1481	722
1482	722
1483	276
1484	721
1485	1470
1486	132
1487	783
1488	651
1489	815
1490	1441
1491	1072
1492	496
1493	631
1494	618
1495	439
1496	248
1497	1015
1498	1464
1499	594
1500	195
1501	395
1502	1014
1503	310
1504	867
1505	254
1506	716
1507	807
1508	629
1509	1431
1510	927
1511	510
1512	181
1513	434
1514	747
1515	1104
1516	1160
1517	748
1518	375
1519	314
1520	1139
1521	968
1522	546
1523	785
1524	136
1525	406
1526	838
1527	661
1528	820
1529	118
1530	1173
1531	835
1532	997
1533	952
1534	1148
1535	748
1536	1287
1537	408
1538	484
1539	1261
1540	1299
1541	440
1542	209
1543	1277
1544	858
1545	628
1546	81
1547	1307
1548	1023
1549	1080
1550	945
1551	1118
1552	1367
1553	846
1554	611
1555	902
1556	971
1557	1110
1558	573
1559	359
1560	126
1561	1085
1562	739
1563	1423
1564	606
1565	392
1566	818
1567	589
1568	1178
1569	472
1570	839
1571	237
1572	481
1573	274
1574	1426
1575	1176
1576	1210
1577	746
1578	425
1579	1382
1580	398
1581	1346
1582	466
1583	310
1584	1165
1585	1140
1586	239
1587	838
1588	765
1589	1055
1590	431
1591	905
1592	1432
1593	1343
1594	760
1595	745
1596	1226
1597	23
1598	313
1599	667
1600	847
1601	1494
1602	150
1603	276
1604	909
1605	1076
1606	372
1607	1497
1608	798
1609	1347
1610	744
1611	401
1612	155
1613	258
1614	422
1615	646
1616	51
1617	37
1618	1115
1619	244
1620	891
1621	471
1622	317
1623	106
1624	658
1625	260
1626	553
1627	888
1628	1107
1629	624
1630	985
1631	1493
1632	712
1633	173
1634	339
1635	687
1636	1123
1637	1224
1638	1307
1639	1120
1640	193
1641	440
1642	648
1643	504
1644	601
1645	512
1646	1248
1647	655
1648	67
1649	9
1650	475
1651	1453
1652	372
1653	752
1654	802
1655	894
1656	288
1657	397
1658	1343
1659	168
1660	1046
1661	438
1662	686
1663	1390
1664	1359
1665	215
1666	668
1667	1436
1668	293
1669	260
1670	180
1671	1450
1672	1052
1673	200
1674	210
1675	437
1676	909
1677	682
1678	188
1679	685
1680	1227
1681	519
1682	871
1683	969
1684	1443
1685	1363
1686	61
1687	150
1688	621
1689	425
1690	1212
1691	619
1692	1479
1693	1440
1694	416
1695	772
1696	254
1697	404
1698	890
1699	90
1700	1185
1701	1402
1702	88
1703	91
1704	773
1705	622
1706	462
1707	394
1708	1299
1709	148
1710	736
1711	569
1712	551
1713	517
1714	560
1715	510
1716	22
1717	9
1718	567
1719	712
1720	1388
1721	331
1722	1362
1723	880
1724	500
1725	861
1726	1249
1727	677
1728	273
1729	1459
1730	1031
1731	148
1732	767
1733	1363
1734	472
1735	501
1736	1304
1737	378
1738	531
1739	1380
1740	1324
1741	679
1742	199
1743	190
1744	46
1745	281
1746	539
1747	1116
1748	1191
1749	1248
1750	397
1751	957
1752	1326
1753	930
1754	869
1755	641
1756	298
1757	274
1758	316
1759	264
1760	451
1761	901
1762	1311
1763	723
1764	279
1765	1092
1766	1003
1767	20
1768	37
1769	1256
1770	93
1771	509
1772	327
1773	78
1774	755
1775	919
1776	74
1777	620
1778	1074
1779	1328
1780	785
1781	111
1782	281
1783	385
1784	547
1785	1202
1786	814
1787	975
1788	1017
1789	390
1790	1182
1791	629
1792	1379
1793	1132
1794	996
1795	1397
1796	1473
1797	1323
1798	173
1799	584
1800	1340
1801	1294
1802	512
1803	881
1804	36
1805	432
1806	1275
1807	598
1808	830
1809	1330
1810	1226
1811	312
1812	1206
1813	950
1814	23
1815	184
1816	1131
1817	569
1818	672
1819	278
1820	1260
1821	330
1822	942
1823	830
1824	1071
1825	1078
1826	77
1827	933
1828	197
1829	706
1830	337
1831	674
1832	501
1833	872
1834	1432
1835	486
1836	1271
1837	1437
1838	711
1839	262
1840	205
1841	1153
1842	959
1843	723
1844	1414
1845	1179
1846	19
1847	1146
1848	455
1849	592
1850	790
1851	1094
1852	803
1853	1276
1854	1268
1855	140
1856	805
1857	133
1858	667
1859	21
1860	321
1861	626
1862	964
1863	1403
1864	1037
1865	1325
1866	1364
1867	64
1868	1392
1869	1491
1870	1081
1871	1318
1872	1245
1873	142
1874	1282
1875	1187
1876	1047
1877	666
1878	1423
1879	1080
1880	1128
1881	333
1882	821
1883	1151
1884	1102
1885	47
1886	368
1887	1155
1888	1074
1889	903
1890	777
1891	1266
1892	924
1893	946
1894	286
1895	1212
1896	405
1897	625
1898	1272
1899	978
1900	1380
1901	62
1902	439
1903	255
1904	643
1905	930
1906	697
1907	437
1908	320
1909	1345
1910	893
1911	1103
1912	1016
1913	1229
1914	951
1915	39
1916	1003
1917	98
1918	490
1919	401
1920	1054
1921	1400
1922	1206
1923	31
1924	797
1925	108
1926	666
1927	1121
1928	1325
1929	1310
1930	894
1931	1179
1932	527
1933	823
1934	995
1935	263
1936	857
1937	95
1938	145
1939	1133
1940	1092
1941	1454
1942	170
1943	74
1944	740
1945	706
1946	262
1947	794
1948	621
1949	982
1950	442
1951	960
1952	875
1953	225
1954	725
1955	672
1956	196
1957	770
1958	381
1959	420
1960	304
1961	1041
1962	1335
1963	635
1964	506
1965	1097
1966	441
1967	566
1968	1168
1969	754
1970	1288
1971	634
1972	161
1973	617
1974	1010
1975	1197
1976	134
1977	161
1978	368
1979	381
1980	740
1981	469
1982	615
1983	892
1984	1211
1985	366
1986	1207
1987	469
1988	1158
1989	57
1990	218
1991	741
1992	460
1993	1171
1994	778
1995	645
1996	962
1997	990
1998	664
1999	1029
2000	115
2001	1135
2002	662
2003	19
2004	288
2005	627
2006	175
2007	380
2008	1063
2009	220
2010	726
2011	1400
2012	35
2013	976
2014	1257
2015	92
2016	774
2017	795
2018	1235
2019	1404
2020	412
2021	431
2022	91
2023	1346
2024	1058
2025	1155
2026	715
2027	1057
2028	1063
2029	1271
2030	184
2031	178
2032	18
2033	317
2034	1194
2035	356
2036	240
2037	986
2038	1109
2039	1488
2040	913
2041	386
2042	305
2043	11
2044	1331
2045	1317
2046	41
2047	1151
2048	1419
2049	1090
2050	1341
2051	647
2052	241
2053	113
2054	974
2055	751
2056	1495
2057	86
2058	115
2059	1135
2060	491
2061	872
2062	385
2063	283
2064	594
2065	724
2066	1411
2067	970
2068	1374
2069	726
2070	341
2071	511
2072	320
2073	403
2074	225
2075	125
2076	3
2077	418
2078	94
2079	311
2080	1104
2081	20
2082	480
2083	649
2084	1473
2085	266
2086	482
2087	1184
2088	489
2089	981
2090	283
2091	1284
2092	912
2093	221
2094	1025
2095	1025
2096	239
2097	95
2098	35
2099	959
2100	648
2101	238
2102	1239
2103	622
2104	754
2105	670
2106	1393
2107	89
2108	1230
2109	253
2110	365
2111	1185
2112	890
2113	1040
2114	934
2115	814
2116	954
2117	1464
2118	422
2119	795
2120	928
2121	1039
2122	1057
2123	1088
2124	543
2125	591
2126	699
2127	42
2128	568
2129	777
2130	400
2131	349
2132	574
2133	100
2134	312
2135	987
2136	453
2137	291
2138	1040
2139	849
2140	676
2141	1197
2142	485
2143	285
2144	394
2145	1402
2146	111
2147	1375
2148	1286
2149	927
2150	1452
2151	1265
2152	160
2153	67
2154	954
2155	701
2156	204
2157	1468
2158	850
2159	191
2160	752
2161	692
2162	1174
2163	953
2164	76
2165	1439
2166	993
2167	1019
2168	866
2169	1326
2170	369
2171	786
2172	1007
2173	367
2174	833
2175	391
2176	141
2177	728
2178	1101
2179	525
2180	898
2181	305
2182	1039
2183	617
2184	1228
2185	515
2186	421
2187	348
2188	83
2189	652
2190	1276
2191	1091
2192	270
2193	1413
2194	1203
2195	334
2196	1053
2197	1015
2198	1021
2199	817
2200	1172
2201	590
2202	525
2203	144
2204	1435
2205	1273
2206	819
2207	1014
2208	467
2209	1146
2210	429
2211	1300
2212	588
2213	808
2214	302
2215	630
2216	158
2217	1254
2218	270
2219	388
2220	725
2221	973
2222	1234
2223	202
2224	56
2225	334
2226	873
2227	960
2228	602
2229	110
2230	1257
2231	1234
2232	508
2233	1130
2234	556
2235	705
2236	1141
2237	100
2238	1211
2239	1193
2240	924
2241	243
2242	967
2243	359
2244	916
2245	579
2246	1439
2247	1253
2248	373
2249	47
2250	1387
2251	97
2252	1081
2253	356
2254	265
2255	139
2256	859
2257	25
2258	766
2259	900
2260	280
2261	1021
2262	114
2263	201
2264	1414
2265	917
2266	1339
2267	360
2268	218
2269	1059
2270	387
2271	882
2272	641
2273	892
2274	116
2275	227
2276	846
2277	1228
2278	411
2279	660
2280	599
2281	765
2282	1164
2283	698
2284	1358
2285	453
2286	143
2287	264
2288	357
2289	86
2290	787
2291	949
2292	885
2293	746
2294	1054
2295	1434
2296	802
2297	285
2298	1073
2299	640
2300	871
2301	370
2302	1157
2303	435
2304	1292
2305	44
2306	1175
2307	792
2308	595
2309	1242
2310	705
2311	1009
2312	769
2313	89
2314	327
2315	1283
2316	825
2317	172
2318	308
2319	761
2320	943
2321	1241
2322	783
2323	816
2324	854
2325	806
2326	514
2327	703
2328	298
2329	329
2330	1235
2331	1029
2332	311
2333	1020
2334	284
2335	1261
2336	1193
2337	673
2338	707
2339	203
2340	1475
2341	323
2342	79
2343	1239
2344	897
2345	895
2346	122
2347	1184
2348	1007
2349	1297
2350	68
2351	1280
2352	1154
2353	638
2354	1016
2355	1066
2356	313
2357	176
2358	24
2359	252
2360	941
2361	483
2362	536
2363	631
2364	1046
2365	986
2366	306
2367	945
2368	364
2369	816
2370	144
2371	1205
2372	689
2373	1251
2374	961
2375	1180
2376	1302
2377	987
2378	536
2379	1126
2380	1094
2381	1379
2382	36
2383	391
2384	1101
2385	1078
2386	139
2387	702
2388	1018
2389	1296
2390	992
2391	1035
2392	495
2393	573
2394	513
2395	186
2396	602
2397	1286
2398	1300
2399	1196
2400	488
2401	433
2402	898
2403	192
2404	914
2405	301
2406	1377
2407	371
2408	1461
2409	969
2410	825
2411	1180
2412	21
2413	520
2414	1365
2415	199
2416	1399
2417	874
2418	879
2419	1165
2420	1163
2421	822
2422	823
2423	1410
2424	973
2425	1429
2426	1008
2427	545
2428	1264
2429	992
2430	176
2431	1489
2432	1238
2433	433
2434	1463
2435	467
2436	587
2437	737
2438	430
2439	214
2440	84
2441	1433
2442	1161
2443	1344
2444	1429
2445	983
2446	41
2447	902
2448	208
2449	1231
2450	60
2451	600
2452	1217
2453	244
2454	1447
2455	90
2456	624
2457	266
2458	503
2459	841
2460	399
2461	983
2462	1140
2463	180
2464	1476
2465	7
2466	1377
2467	1399
2468	1254
2469	65
2470	503
2471	1333
2472	1459
2473	65
2474	793
2475	194
2476	147
2477	318
2478	465
2479	1070
2480	380
2481	1471
2482	282
2483	1059
2484	912
2485	366
2486	458
2487	468
2488	1232
2489	1333
2490	858
2491	491
2492	1084
2493	275
2494	423
2495	805
2496	678
2497	1200
2498	1071
2499	1141
2500	227
2501	824
2502	250
2503	961
2504	1103
2505	25
2506	296
2507	793
2508	875
2509	1251
2510	1387
2511	413
2512	1220
2513	988
2514	171
2515	668
2516	932
2517	508
2518	908
2519	519
2520	383
2521	1020
2522	1277
2523	1297
2524	1483
2525	644
2526	1154
2527	1360
2528	498
2529	271
2530	214
2531	523
2532	922
2533	996
2534	760
2535	72
2536	1366
2537	124
2538	1448
2539	1241
2540	1331
2541	1105
2542	799
2543	117
2544	943
2545	538
2546	1344
2547	878
2548	1109
2549	1434
2550	87
2551	809
2552	1172
2553	442
2554	828
2555	1452
2556	1337
2557	635
2558	156
2559	253
2560	610
2561	5
2562	611
2563	429
2564	131
2565	605
2566	1367
2567	1461
2568	833
2569	757
2570	936
2571	438
2572	255
2573	1246
2574	1034
2575	499
2576	980
2577	952
2578	768
2579	1058
2580	389
2581	590
2582	998
2583	1108
2584	318
2585	373
2586	1200
2587	702
2588	1364
2589	866
2590	306
2591	1189
2592	1214
2593	1133
2594	1153
2595	967
2596	926
2597	530
2598	492
2599	1024
2600	296
2601	711
2602	812
2603	1274
2604	104
2605	1249
2606	1441
2607	1422
2608	272
2609	796
2610	1213
2611	143
2612	203
2613	117
2614	897
2615	680
2616	54
2617	1009
2618	1278
2619	460
2620	543
2621	1328
2622	1309
2623	1038
2624	974
2625	1443
2626	389
2627	1322
2628	1483
2629	1236
2630	603
2631	229
2632	1499
2633	118
2634	1198
2635	55
2636	852
2637	464
2638	644
2639	638
2640	1279
2641	1413
2642	911
2643	129
2644	999
2645	1192
2646	53
2647	84
2648	710
2649	1337
2650	696
2651	732
2652	1498
2653	263
2654	1107
2655	1488
2656	319
2657	179
2658	1366
2659	319
2660	147
2661	781
2662	1051
2663	1168
2664	936
2665	555
2666	932
2667	1388
2668	1134
2669	1442
2670	1454
2671	1463
2672	538
2673	454
2674	588
2675	375
2676	1327
2677	694
2678	204
2679	1031
2680	1250
2681	1145
2682	1163
2683	843
2684	406
2685	124
2686	109
2687	937
2688	1312
2689	1310
2690	824
2691	1061
2692	1192
2693	828
2694	258
2695	980
2696	849
2697	676
2698	1145
2699	577
2700	246
2701	710
2702	1383
2703	511
2704	56
2705	925
2706	489
2707	1371
2708	607
2709	741
2710	499
2711	6
2712	1421
2713	946
2714	485
2715	1475
2716	782
2717	1327
2718	85
2719	110
2720	837
2721	1217
2722	1223
2723	1287
2724	925
2725	1114
2726	201
2727	900
2728	1358
2729	1001
2730	479
2731	620
2732	1373
2733	1361
2734	1150
2735	1177
2736	968
2737	790
2738	873
2739	107
2740	732
2741	994
2742	1114
2743	488
2744	156
2745	476
2746	1000
2747	596
2748	708
2749	1175
2750	286
2751	690
2752	474
2753	953
2754	598
2755	162
2756	730
2757	299
2758	1231
2759	1406
2760	1480
2761	1038
2762	219
2763	430
2764	1266
2765	720
2766	775
2767	1490
2768	1051
2769	292
2770	301
2771	400
2772	1356
2773	1371
2774	261
2775	1322
2776	766
2777	887
2778	220
2779	1304
2780	769
2781	1360
2782	424
2783	272
2784	901
2785	213
2786	696
2787	464
2788	813
2789	698
2790	388
2791	363
2792	1090
2793	775
2794	693
2795	540
2796	232
2797	435
2798	1332
2799	600
2800	1134
2801	542
2802	812
2803	1481
2804	1258
2805	1320
2806	171
2807	958
2808	1216
2809	889
2810	287
2811	779
2812	1098
2813	758
2814	490
2815	54
2816	719
2817	77
2818	1
2819	800
2820	1329
2821	1079
2822	937
2823	789
2824	134
2825	1320
2826	1383
2827	1004
2828	579
2829	989
2830	587
2831	607
2832	131
2833	736
2834	273
2835	232
2836	989
2837	1150
2838	55
2839	1471
2840	1405
2841	343
2842	914
2843	1450
2844	116
2845	535
2846	720
2847	615
2848	597
2849	1247
2850	338
2851	763
2852	353
2853	153
2854	68
2855	142
2856	753
2857	753
2858	293
2859	1149
2860	424
2861	917
2862	630
2863	338
2864	1335
2865	1498
2866	82
2867	1202
2868	153
2869	1229
2870	1409
2871	216
2872	1034
2873	331
2874	857
2875	789
2876	213
2877	646
2878	112
2879	299
2880	527
2881	1405
2882	363
2883	1295
2884	956
2885	1385
2886	889
2887	1316
2888	1219
2889	1219
2890	85
2891	1263
2892	1220
2893	343
2894	518
2895	1309
2896	699
2897	1373
2898	31
2899	158
2900	1357
2901	1421
2902	1451
2903	360
2904	398
2905	540
2906	149
2907	498
2908	1486
2909	99
2910	12
2911	1247
2912	49
2913	584
2914	570
2915	694
2916	541
2917	1295
2918	1149
2919	121
2920	1420
2921	1022
2922	1370
2923	990
2924	730
2925	1089
2926	119
2927	965
2928	1480
2929	1492
2930	404
2931	1357
2932	48
2933	208
2934	534
2935	1117
2936	782
2937	518
2938	149
2939	72
2940	999
2941	680
2942	1316
2943	280
2944	189
2945	1181
2946	1420
2947	216
2948	1178
2949	703
2950	486
2951	1006
2952	1082
2953	172
2954	1117
2955	1302
2956	347
2957	284
2958	596
2959	719
2960	157
2961	958
2962	1332
2963	358
2964	151
2965	231
2966	1481
2967	43
2968	513
2969	1
2970	182
2971	119
2972	779
2973	1006
2974	851
2975	682
2976	43
2977	515
2978	911
2979	202
2980	82
2981	1199
2982	843
2983	151
2984	931
2985	1013
2986	899
2987	1486
2988	304
2989	1355
2990	1061
2991	1136
2992	899
2993	597
2994	1263
2995	642
2996	642
2997	1409
2998	1279
2999	49
3000	931
