Class Times	60
Rooms	50
1	329
2	610
3	165
4	646
5	633
6	763
7	595
8	297
9	311
10	24
11	116
12	220
13	742
14	180
15	935
16	609
17	250
18	266
19	151
20	671
21	937
22	314
23	966
24	137
25	41
26	312
27	618
28	815
29	121
30	656
31	717
32	281
33	203
34	294
35	13
36	746
37	605
38	894
39	184
40	397
41	624
42	58
43	257
44	791
45	730
46	303
47	607
48	295
49	633
50	47
Classes	3000
Teachers	1500
1	54
2	1302
3	1164
4	213
5	241
6	1101
7	756
8	793
9	1205
10	310
11	888
12	1374
13	592
14	1478
15	815
16	1291
17	1438
18	123
19	255
20	419
21	1291
22	372
23	310
24	647
25	1461
26	703
27	810
28	1217
29	322
30	1265
31	1040
32	664
33	187
34	436
35	337
36	563
37	420
38	1177
39	870
40	5
41	261
42	352
43	461
44	783
45	1374
46	605
47	1125
48	71
49	929
50	1433
51	1383
52	1122
53	1487
54	979
55	1396
56	979
57	67
58	1276
59	850
60	839
61	598
62	1072
63	885
64	1200
65	1065
66	737
67	369
68	1306
69	864
70	1239
71	411
72	1146
73	340
74	828
75	1476
76	380
77	496
78	205
79	656
80	529
81	645
82	405
83	581
84	100
85	46
86	967
87	1256
88	730
89	548
90	179
91	1368
92	565
93	133
94	656
95	271
96	1059
97	998
98	262
99	864
100	723
101	524
102	237
103	34
104	737
105	1451
106	555
107	464
108	671
109	287
110	1340
111	960
112	1306
113	524
114	845
115	1301
116	422
117	320
118	1052
119	1407
120	1308
121	1225
122	297
123	987
124	620
125	502
126	1233
127	1378
128	456
129	372
130	665
131	7
132	304
133	635
134	1109
135	304
136	1275
137	1323
138	545
139	538
140	564
141	1342
142	1170
143	465
144	918
145	958
146	415
147	1058
148	1020
149	91
150	1405
151	65
152	492
153	1459
154	1431
155	784
156	625
157	479
158	403
159	1039
160	67
161	1299
162	615
163	90
164	653
165	789
166	647
167	416
168	1316
169	696
170	784
171	9
172	1384
173	148
174	827
175	627
176	589
177	1179
178	1463
179	636
180	651
181	144
182	824
183	1137
184	314
185	701
186	1275
187	1350
188	1168
189	808
190	1033
191	488
192	597
193	496
194	42
195	1175
196	249
197	1434
198	193
199	1056
200	236
201	317
202	963
203	207
204	645
205	26
206	369
207	340
208	1432
209	1014
210	17
211	1183
212	1398
213	1138
214	338
215	1426
216	1310
217	899
218	278
219	374
220	355
221	1336
222	899
223	1132
224	639
225	711
226	419
227	1380
228	1157
229	1266
230	1004
231	993
232	981
233	1226
234	970
235	775
236	1209
237	796
238	1389
239	324
240	887
241	680
242	1239
243	1341
244	1159
245	1165
246	803
247	275
248	1423
249	211
250	962
251	1017
252	1371
253	124
254	1456
255	226
256	540
257	1228
258	56
259	1173
260	351
261	1326
262	901
263	848
264	299
265	607
266	1036
267	1000
268	642
269	1080
270	1392
271	985
272	1394
273	627
274	125
275	167
276	1401
277	742
278	728
279	1188
280	300
281	21
282	854
283	790
284	324
285	1177
286	422
287	938
288	183
289	1333
290	278
291	676
292	41
293	677
294	794
295	8
296	649
297	731
298	934
299	1058
300	991
301	981
302	140
303	1461
304	1157
305	1380
306	1214
307	196
308	1111
309	1093
310	523
311	1378
312	1492
313	46
314	1457
315	1266
316	544
317	1103
318	481
319	951
320	1230
321	535
322	870
323	785
324	947
325	94
326	1051
327	748
328	658
329	521
330	143
331	83
332	423
333	116
334	1289
335	811
336	600
337	1028
338	1174
339	780
340	116
341	1491
342	922
343	1125
344	942
345	1107
346	1297
347	877
348	99
349	274
350	778
351	1163
352	232
353	675
354	1382
355	1269
356	343
357	958
358	241
359	225
360	190
361	1233
362	185
363	1419
364	61
365	1473
366	106
367	1098
368	809
369	454
370	980
371	1170
372	163
373	996
374	248
375	994
376	742
377	796
378	1091
379	518
380	866
381	471
382	985
383	1492
384	1036
385	54
386	1338
387	1190
388	776
389	1040
390	863
391	1100
392	924
393	1289
394	637
395	492
396	709
397	1381
398	1310
399	609
400	385
401	37
402	231
403	203
404	52
405	488
406	557
407	980
408	1245
409	359
410	1489
411	436
412	282
413	728
414	871
415	463
416	1081
417	1231
418	1329
419	39
420	1420
421	637
422	849
423	343
424	1167
425	694
426	120
427	778
428	1342
429	748
430	1195
431	587
432	818
433	18
434	1033
435	1103
436	1307
437	1171
438	700
439	464
440	284
441	902
442	401
443	1209
444	200
445	1228
446	644
447	1207
448	1010
449	1388
450	1109
451	236
452	1251
453	349
454	1086
455	443
456	1173
457	753
458	202
459	361
460	18
461	162
462	607
463	1222
464	906
465	1287
466	1298
467	948
468	604
469	539
470	804
471	1427
472	212
473	384
474	921
475	203
476	1403
477	1274
478	551
479	855
480	987
481	1439
482	872
483	741
484	291
485	91
486	1426
487	943
488	347
489	329
490	962
491	998
492	1320
493	414
494	1313
495	1237
496	606
497	563
498	82
499	1167
500	1246
501	1182
502	699
503	1321
504	1410
505	966
506	547
507	4
508	1331
509	752
510	649
511	354
512	817
513	766
514	554
515	973
516	1082
517	1299
518	431
519	591
520	76
521	456
522	168
523	325
524	703
525	568
526	842
527	1111
528	644
529	963
530	1445
531	447
532	288
533	1276
534	121
535	431
536	117
537	102
538	897
539	578
540	376
541	706
542	486
543	1163
544	1181
545	876
546	452
547	166
548	544
549	522
550	1277
551	1145
552	342
553	538
554	536
555	895
556	1129
557	860
558	1446
559	713
560	1015
561	1179
562	786
563	1495
564	166
565	254
566	572
567	885
568	1287
569	437
570	1268
571	240
572	1412
573	893
574	1123
575	537
576	1478
577	1329
578	825
579	420
580	977
581	15
582	454
583	1135
584	863
585	771
586	1286
587	611
588	869
589	666
590	900
591	165
592	255
593	704
594	1042
595	312
596	1368
597	217
598	447
599	352
600	1394
601	438
602	667
603	100
604	357
605	282
606	1267
607	1032
608	1067
609	1098
610	1285
611	886
612	540
613	1052
614	1460
615	45
616	387
617	424
618	769
619	869
620	1447
621	978
622	1149
623	1473
624	1483
625	606
626	367
627	523
628	47
629	259
630	274
631	1016
632	300
633	555
634	794
635	1147
636	519
637	244
638	733
639	306
640	389
641	1482
642	505
643	358
644	221
645	1186
646	1396
647	1123
648	102
649	123
650	119
651	1023
652	1271
653	1236
654	36
655	1407
656	280
657	407
658	750
659	761
660	323
661	707
662	1153
663	1497
664	1257
665	368
666	164
667	16
668	217
669	911
670	1128
671	960
672	1399
673	238
674	1082
675	1046
676	1311
677	903
678	668
679	439
680	660
681	1042
682	1382
683	859
684	202
685	1025
686	1113
687	760
688	74
689	478
690	11
691	1206
692	1220
693	659
694	25
695	611
696	33
697	139
698	501
699	1224
700	65
701	427
702	978
703	153
704	716
705	206
706	311
707	130
708	1464
709	302
710	183
711	966
712	891
713	128
714	60
715	1117
716	994
717	1338
718	212
719	477
720	851
721	791
722	989
723	143
724	547
725	695
726	857
727	787
728	1067
729	253
730	708
731	844
732	272
733	848
734	1222
735	376
736	687
737	49
738	1400
739	1340
740	1112
741	321
742	250
743	678
744	72
745	774
746	264
747	1071
748	388
749	502
750	1001
751	1084
752	1131
753	695
754	588
755	276
756	1493
757	1039
758	793
759	1065
760	948
761	173
762	739
763	1119
764	699
765	638
766	1303
767	191
768	293
769	1063
770	17
771	466
772	1073
773	968
774	30
775	1265
776	1355
777	175
778	972
779	1195
780	1147
781	805
782	666
783	1022
784	717
785	577
786	407
787	724
788	1365
789	1347
790	595
791	500
792	1136
793	260
794	582
795	302
796	1357
797	1312
798	265
799	504
800	972
801	529
802	1429
803	503
804	791
805	491
806	1129
807	893
808	872
809	1371
810	1014
811	1248
812	105
813	1199
814	861
815	1337
816	1050
817	1000
818	1009
819	11
820	1333
821	314
822	1218
823	319
824	829
825	1246
826	757
827	754
828	876
829	738
830	937
831	1365
832	1165
833	975
834	955
835	394
836	129
837	1409
838	326
839	1073
840	287
841	253
842	1057
843	1279
844	804
845	1020
846	1047
847	42
848	1088
849	1443
850	614
851	1327
852	814
853	332
854	33
855	738
856	1436
857	451
858	1487
859	562
860	612
861	45
862	330
863	512
864	1196
865	1258
866	15
867	1059
868	1028
869	1479
870	1367
871	344
872	940
873	99
874	136
875	247
876	387
877	1322
878	1372
879	172
880	834
881	160
882	1268
883	242
884	364
885	726
886	1258
887	733
888	1010
889	1032
890	763
891	1270
892	802
893	1038
894	1248
895	59
896	1041
897	619
898	1317
899	478
900	844
901	491
902	542
903	398
904	1245
905	942
906	660
907	674
908	1158
909	566
910	1391
911	1128
912	271
913	72
914	322
915	726
916	240
917	291
918	317
919	1448
920	890
921	956
922	1323
923	1035
924	989
925	1413
926	905
927	1188
928	467
929	1241
930	1091
931	129
932	1363
933	1114
934	835
935	1349
936	1013
937	336
938	609
939	115
940	1404
941	210
942	1435
943	358
944	1385
945	126
946	1491
947	874
948	1230
949	595
950	786
951	171
952	532
953	395
954	1332
955	783
956	2
957	377
958	260
959	990
960	1308
961	1364
962	1495
963	884
964	802
965	284
966	789
967	60
968	393
969	191
970	319
971	1452
972	1004
973	167
974	807
975	814
976	721
977	971
978	1465
979	1166
980	903
981	223
982	600
983	813
984	1214
985	199
986	1364
987	248
988	1372
989	1292
990	629
991	487
992	418
993	1469
994	674
995	1454
996	1395
997	1334
998	1094
999	1247
1000	209
1001	909
1002	613
1003	974
1004	1240
1005	415
1006	514
1007	26
1008	1116
1009	1332
1010	961
1011	1472
1012	1253
1013	235
1014	477
1015	1500
1016	95
1017	1280
1018	83
1019	916
1020	145
1021	577
1022	365
1023	779
1024	565
1025	734
1026	707
1027	852
1028	193
1029	1271
1030	235
1031	179
1032	801
1033	238
1034	1464
1035	1434
1036	356
1037	1072
1038	283
1039	1219
1040	1088
1041	665
1042	818
1043	857
1044	93
1045	168
1046	459
1047	1309
1048	1199
1049	891
1050	1297
1051	754
1052	918
1053	380
1054	511
1055	393
1056	198
1057	273
1058	1280
1059	612
1060	256
1061	1377
1062	329
1063	760
1064	765
1065	465
1066	227
1067	912
1068	14
1069	570
1070	643
1071	1051
1072	1441
1073	813
1074	249
1075	1453
1076	1421
1077	1080
1078	862
1079	552
1080	1432
1081	1377
1082	247
1083	952
1084	1339
1085	552
1086	1062
1087	771
1088	1404
1089	986
1090	1158
1091	608
1092	602
1093	884
1094	205
1095	1359
1096	357
1097	549
1098	887
1099	1135
1100	702
1101	1166
1102	195
1103	550
1104	459
1105	27
1106	895
1107	441
1108	1409
1109	826
1110	655
1111	476
1112	245
1113	511
1114	1349
1115	275
1116	604
1117	673
1118	1448
1119	1288
1120	1126
1121	1171
1122	360
1123	196
1124	697
1125	821
1126	216
1127	790
1128	730
1129	964
1130	795
1131	1102
1132	671
1133	1002
1134	759
1135	189
1136	696
1137	280
1138	355
1139	490
1140	80
1141	788
1142	515
1143	856
1144	1462
1145	1069
1146	651
1147	829
1148	561
1149	705
1150	534
1151	1055
1152	1055
1153	288
1154	470
1155	495
1156	1403
1157	225
1158	894
1159	723
1160	780
1161	519
1162	506
1163	517
1164	1215
1165	231
1166	1106
1167	27
1168	773
1169	268
1170	1499
1171	59
1172	641
1173	1267
1174	658
1175	550
1176	1476
1177	1182
1178	965
1179	1139
1180	617
1181	1138
1182	94
1183	823
1184	1141
1185	204
1186	3
1187	1097
1188	1161
1189	349
1190	315
1191	632
1192	774
1193	85
1194	1352
1195	157
1196	1385
1197	118
1198	337
1199	756
1200	820
1201	718
1202	1284
1203	66
1204	1218
1205	1414
1206	171
1207	1018
1208	1437
1209	1181
1210	1348
1211	1189
1212	954
1213	1272
1214	1488
1215	955
1216	843
1217	1399
1218	1381
1219	622
1220	108
1221	631
1222	925
1223	763
1224	3
1225	921
1226	1474
1227	1083
1228	933
1229	104
1230	44
1231	624
1232	433
1233	1136
1234	1043
1235	779
1236	579
1237	1053
1238	1130
1239	152
1240	808
1241	504
1242	1068
1243	1345
1244	686
1245	983
1246	828
1247	1358
1248	1180
1249	1095
1250	959
1251	6
1252	1162
1253	1354
1254	881
1255	1335
1256	481
1257	700
1258	448
1259	812
1260	925
1261	1237
1262	237
1263	335
1264	1304
1265	1242
1266	1470
1267	528
1268	489
1269	131
1270	1405
1271	1418
1272	455
1273	625
1274	1282
1275	145
1276	762
1277	533
1278	1035
1279	886
1280	1363
1281	469
1282	1302
1283	758
1284	566
1285	1190
1286	1398
1287	259
1288	1311
1289	383
1290	659
1291	353
1292	1137
1293	845
1294	484
1295	1459
1296	213
1297	1017
1298	1262
1299	1352
1300	443
1301	1480
1302	810
1303	1243
1304	234
1305	493
1306	1043
1307	37
1308	860
1309	745
1310	858
1311	1309
1312	350
1313	940
1314	1345
1315	1360
1316	675
1317	805
1318	1090
1319	327
1320	30
1321	414
1322	118
1323	1379
1324	350
1325	1481
1326	1452
1327	669
1328	1281
1329	441
1330	909
1331	709
1332	1357
1333	739
1334	219
1335	1370
1336	338
1337	410
1338	201
1339	1099
1340	1467
1341	392
1342	1015
1343	677
1344	1466
1345	724
1346	402
1347	165
1348	1161
1349	877
1350	762
1351	710
1352	154
1353	405
1354	689
1355	988
1356	922
1357	871
1358	1339
1359	473
1360	743
1361	93
1362	1217
1363	157
1364	480
1365	720
1366	147
1367	1093
1368	403
1369	1099
1370	97
1371	134
1372	1174
1373	1249
1374	1077
1375	916
1376	404
1377	149
1378	620
1379	136
1380	1483
1381	531
1382	370
1383	262
1384	837
1385	825
1386	298
1387	603
1388	785
1389	941
1390	311
1391	589
1392	1023
1393	439
1394	688
1395	686
1396	982
1397	831
1398	475
1399	1479
1400	938
1401	1105
1402	535
1403	239
1404	976
1405	952
1406	421
1407	856
1408	149
1409	19
1410	1284
1411	1235
1412	12
1413	1484
1414	933
1415	1145
1416	192
1417	1457
1418	743
1419	626
1420	1041
1421	245
1422	360
1423	855
1424	256
1425	907
1426	1101
1427	991
1428	432
1429	890
1430	97
1431	299
1432	799
1433	648
1434	13
1435	957
1436	348
1437	223
1438	653
1439	373
1440	975
1441	148
1442	1341
1443	111
1444	830
1445	1335
1446	285
1447	277
1448	159
1449	1375
1450	39
1451	1047
1452	513
1453	1227
1454	1018
1455	1499
1456	445
1457	830
1458	1498
1459	788
1460	1184
1461	1455
1462	169
1463	1480
1464	1358
1465	187
1466	1466
1467	1295
1468	1437
1469	655
1470	85
1471	817
1472	634
1473	993
1474	1142
1475	121
1476	1373
1477	1131
1478	510
1479	661
1480	683
1481	1144
1482	768
1483	833
1484	10
1485	180
1486	150
1487	371
1488	1008
1489	745
1490	7
1491	252
1492	853
1493	605
1494	959
1495	370
1496	198
1497	1001
1498	568
1499	1053
1500	590
1501	668
1502	1376
1503	970
1504	692
1505	850
1506	965
1507	749
1508	558
1509	879
1510	657
1511	446
1512	1419
1513	846
1514	47
1515	841
1516	75
1517	702
1518	901
1519	34
1520	207
1521	264
1522	935
1523	720
1524	176
1525	48
1526	51
1527	1075
1528	1083
1529	146
1530	888
1531	1415
1532	133
1533	1273
1534	1294
1535	1314
1536	111
1537	684
1538	493
1539	546
1540	1183
1541	1120
1542	1383
1543	546
1544	104
1545	753
1546	475
1547	706
1548	1451
1549	1113
1550	717
1551	468
1552	1278
1553	648
1554	339
1555	267
1556	1114
1557	1096
1558	1356
1559	1075
1560	113
1561	385
1562	1430
1563	1187
1564	1453
1565	388
1566	824
1567	1225
1568	1277
1569	1226
1570	281
1571	186
1572	110
1573	359
1574	1024
1575	630
1576	701
1577	526
1578	1162
1579	1458
1580	1477
1581	144
1582	1324
1583	518
1584	309
1585	626
1586	390
1587	1092
1588	679
1589	640
1590	328
1591	913
1592	1438
1593	364
1594	902
1595	119
1596	86
1597	159
1598	716
1599	161
1600	222
1601	172
1602	383
1603	258
1604	24
1605	68
1606	1436
1607	1259
1608	1079
1609	2
1610	128
1611	474
1612	1362
1613	1097
1614	1141
1615	882
1616	1281
1617	1418
1618	1313
1619	1386
1620	228
1621	698
1622	484
1623	537
1624	410
1625	1187
1626	333
1627	906
1628	923
1629	131
1630	113
1631	530
1632	1054
1633	1411
1634	490
1635	391
1636	924
1637	610
1638	528
1639	1149
1640	142
1641	583
1642	1331
1643	84
1644	239
1645	798
1646	472
1647	49
1648	309
1649	82
1650	294
1651	1122
1652	977
1653	768
1654	1424
1655	471
1656	1241
1657	375
1658	1175
1659	657
1660	428
1661	209
1662	1460
1663	273
1664	494
1665	215
1666	132
1667	865
1668	222
1669	746
1670	318
1671	23
1672	9
1673	558
1674	1077
1675	984
1676	1006
1677	470
1678	631
1679	580
1680	1034
1681	81
1682	570
1683	1005
1684	751
1685	1400
1686	356
1687	501
1688	897
1689	836
1690	52
1691	1482
1692	1207
1693	14
1694	473
1695	411
1696	1156
1697	1234
1698	1319
1699	1176
1700	883
1701	396
1702	787
1703	243
1704	176
1705	328
1706	819
1707	406
1708	578
1709	1140
1710	70
1711	1252
1712	1115
1713	1178
1714	181
1715	1046
1716	840
1717	746
1718	956
1719	690
1720	527
1721	584
1722	204
1723	371
1724	81
1725	440
1726	55
1727	458
1728	1494
1729	399
1730	682
1731	854
1732	267
1733	1454
1734	950
1735	450
1736	661
1737	1455
1738	373
1739	1263
1740	983
1741	827
1742	1283
1743	598
1744	1021
1745	935
1746	941
1747	1251
1748	1156
1749	585
1750	834
1751	1328
1752	487
1753	1301
1754	875
1755	124
1756	1110
1757	752
1758	1330
1759	1390
1760	242
1761	1446
1762	378
1763	945
1764	141
1765	164
1766	560
1767	1212
1768	1057
1769	961
1770	646
1771	56
1772	1013
1773	1450
1774	582
1775	705
1776	554
1777	736
1778	571
1779	1024
1780	24
1781	616
1782	811
1783	621
1784	453
1785	770
1786	244
1787	1361
1788	761
1789	73
1790	782
1791	366
1792	1176
1793	474
1794	35
1795	66
1796	174
1797	1192
1798	1159
1799	862
1800	348
1801	390
1802	1119
1803	1164
1804	147
1805	894
1806	1344
1807	996
1808	70
1809	1063
1810	670
1811	581
1812	1494
1813	61
1814	755
1815	530
1816	5
1817	105
1818	676
1819	160
1820	450
1821	1038
1822	132
1823	889
1824	812
1825	837
1826	20
1827	469
1828	1220
1829	866
1830	1343
1831	467
1832	185
1833	1203
1834	1219
1835	170
1836	682
1837	71
1838	195
1839	188
1840	685
1841	920
1842	184
1843	944
1844	510
1845	345
1846	692
1847	397
1848	1449
1849	12
1850	907
1851	920
1852	325
1853	986
1854	1328
1855	736
1856	757
1857	1270
1858	572
1859	1002
1860	51
1861	1388
1862	1115
1863	1346
1864	853
1865	406
1866	799
1867	4
1868	1132
1869	489
1870	567
1871	50
1872	672
1873	79
1874	630
1875	1068
1876	603
1877	188
1878	1021
1879	354
1880	444
1881	769
1882	1320
1883	711
1884	543
1885	621
1886	254
1887	435
1888	1351
1889	1269
1890	819
1891	1304
1892	281
1893	640
1894	1253
1895	725
1896	227
1897	545
1898	272
1899	318
1900	1210
1901	1475
1902	634
1903	1285
1904	1493
1905	55
1906	1475
1907	200
1908	663
1909	548
1910	290
1911	1376
1912	1102
1913	449
1914	1412
1915	815
1916	917
1917	199
1918	1223
1919	1146
1920	175
1921	461
1922	732
1923	1351
1924	1070
1925	663
1926	904
1927	412
1928	851
1929	803
1930	1100
1931	673
1932	928
1933	73
1934	878
1935	335
1936	881
1937	433
1938	28
1939	807
1940	1414
1941	77
1942	84
1943	608
1944	399
1945	616
1946	251
1947	926
1948	243
1949	1006
1950	1488
1951	1373
1952	997
1953	678
1954	308
1955	1295
1956	344
1957	776
1958	551
1959	286
1960	628
1961	137
1962	992
1963	1274
1964	698
1965	917
1966	1092
1967	1016
1968	1303
1969	206
1970	1124
1971	662
1972	449
1973	19
1974	1152
1975	758
1976	564
1977	224
1978	1450
1979	1354
1980	408
1981	883
1982	122
1983	307
1984	1201
1985	155
1986	575
1987	1198
1988	1498
1989	402
1990	1379
1991	1086
1992	96
1993	293
1994	1257
1995	1232
1996	710
1997	534
1998	691
1999	232
2000	1211
2001	62
2002	967
2003	832
2004	234
2005	20
2006	140
2007	1477
2008	120
2009	596
2010	306
2011	1330
2012	285
2013	1369
2014	1410
2015	614
2016	553
2017	1090
2018	1026
2019	755
2020	858
2021	1151
2022	316
2023	1215
2024	50
2025	590
2026	1458
2027	1144
2028	1337
2029	98
2030	134
2031	708
2032	875
2033	908
2034	514
2035	162
2036	1361
2037	1260
2038	1224
2039	301
2040	177
2041	114
2042	773
2043	466
2044	930
2045	1048
2046	575
2047	911
2048	29
2049	48
2050	505
2051	458
2052	679
2053	610
2054	536
2055	1025
2056	1422
2057	426
2058	527
2059	384
2060	622
2061	29
2062	1293
2063	713
2064	1282
2065	263
2066	379
2067	495
2068	1260
2069	156
2070	180
2071	923
2072	831
2073	6
2074	1076
2075	1393
2076	77
2077	1425
2078	1240
2079	1279
2080	905
2081	296
2082	672
2083	98
2084	44
2085	1350
2086	562
2087	1489
2088	1048
2089	908
2090	1427
2091	96
2092	820
2093	269
2094	929
2095	377
2096	843
2097	777
2098	112
2099	1203
2100	1439
2101	1283
2102	13
2103	1221
2104	556
2105	184
2106	635
2107	315
2108	1112
2109	1416
2110	509
2111	345
2112	305
2113	932
2114	619
2115	1238
2116	976
2117	944
2118	1210
2119	1417
2120	425
2121	930
2122	957
2123	1327
2124	816
2125	1355
2126	775
2127	795
2128	576
2129	1160
2130	442
2131	617
2132	1322
2133	186
2134	693
2135	499
2136	867
2137	1120
2138	78
2139	517
2140	725
2141	1318
2142	351
2143	230
2144	230
2145	1064
2146	1389
2147	321
2148	220
2149	574
2150	1312
2151	1231
2152	765
2153	1463
2154	1121
2155	900
2156	624
2157	396
2158	365
2159	1005
2160	832
2161	330
2162	453
2163	586
2164	457
2165	592
2166	1026
2167	1254
2168	642
2169	261
2170	336
2171	440
2172	382
2173	181
2174	1343
2175	1315
2176	1262
2177	1469
2178	1293
2179	141
2180	680
2181	498
2182	1206
2183	468
2184	494
2185	68
2186	512
2187	270
2188	521
2189	1126
2190	1201
2191	1242
2192	643
2193	333
2194	1254
2195	586
2196	386
2197	841
2198	847
2199	400
2200	103
2201	633
2202	1133
2203	1027
2204	1440
2205	178
2206	633
2207	150
2208	1011
2209	1178
2210	953
2211	1003
2212	526
2213	398
2214	910
2215	103
2216	1346
2217	714
2218	1008
2219	1421
2220	339
2221	292
2222	327
2223	842
2224	1019
2225	732
2226	438
2227	1238
2228	1202
2229	88
2230	950
2231	445
2232	664
2233	1106
2234	353
2235	1133
2236	615
2237	1431
2238	295
2239	429
2240	879
2241	1348
2242	435
2243	1202
2244	368
2245	1118
2246	163
2247	1094
2248	1022
2249	1496
2250	1390
2251	158
2252	947
2253	35
2254	366
2255	313
2256	797
2257	125
2258	838
2259	424
2260	1031
2261	681
2262	599
2263	1467
2264	210
2265	704
2266	1305
2267	1300
2268	1084
2269	997
2270	594
2271	632
2272	1471
2273	1272
2274	1449
2275	533
2276	953
2277	482
2278	747
2279	1401
2280	1003
2281	638
2282	1212
2283	1468
2284	154
2285	308
2286	1069
2287	382
2288	497
2289	63
2290	984
2291	1360
2292	560
2293	112
2294	641
2295	691
2296	130
2297	305
2298	1468
2299	729
2300	629
2301	520
2302	22
2303	326
2304	312
2305	1416
2306	1443
2307	189
2308	197
2309	1232
2310	1054
2311	782
2312	740
2313	408
2314	297
2315	498
2316	1117
2317	434
2318	413
2319	741
2320	497
2321	1465
2322	767
2323	995
2324	448
2325	898
2326	772
2327	1471
2328	1193
2329	1227
2330	386
2331	1359
2332	1353
2333	80
2334	525
2335	1049
2336	423
2337	859
2338	1250
2339	1336
2340	1153
2341	25
2342	1445
2343	1140
2344	1197
2345	334
2346	1056
2347	1081
2348	395
2349	268
2350	1143
2351	178
2352	10
2353	914
2354	158
2355	92
2356	1027
2357	553
2358	910
2359	155
2360	1062
2361	751
2362	109
2363	579
2364	303
2365	508
2366	1408
2367	821
2368	1031
2369	1300
2370	588
2371	694
2372	1096
2373	569
2374	569
2375	1121
2376	1298
2377	1221
2378	846
2379	63
2380	1470
2381	797
2382	687
2383	341
2384	873
2385	137
2386	522
2387	250
2388	1198
2389	1045
2390	332
2391	101
2392	747
2393	559
2394	1234
2395	574
2396	409
2397	229
2398	1273
2399	1200
2400	735
2401	636
2402	1353
2403	194
2404	1497
2405	341
2406	618
2407	486
2408	1307
2409	1485
2410	173
2411	868
2412	378
2413	766
2414	898
2415	1444
2416	654
2417	169
2418	1481
2419	220
2420	1074
2421	107
2422	744
2423	584
2424	432
2425	428
2426	8
2427	1428
2428	215
2429	593
2430	822
2431	525
2432	1186
2433	712
2434	1255
2435	593
2436	968
2437	973
2438	75
2439	777
2440	576
2441	192
2442	806
2443	931
2444	1402
2445	412
2446	597
2447	1044
2448	729
2449	117
2450	1415
2451	437
2452	573
2453	1395
2454	28
2455	174
2456	1315
2457	683
2458	602
2459	689
2460	873
2461	1366
2462	16
2463	1370
2464	404
2465	74
2466	480
2467	913
2468	1150
2469	1205
2470	954
2471	303
2472	1229
2473	618
2474	1030
2475	1264
2476	1213
2477	838
2478	197
2479	1074
2480	999
2481	1392
2482	1433
2483	1249
2484	988
2485	127
2486	882
2487	1325
2488	1030
2489	1247
2490	937
2491	1486
2492	135
2493	276
2494	1116
2495	1417
2496	295
2497	286
2498	549
2499	1085
2500	878
2501	1252
2502	1078
2503	690
2504	381
2505	43
2506	190
2507	1045
2508	557
2509	1152
2510	1193
2511	266
2512	1070
2513	1264
2514	939
2515	867
2516	279
2517	460
2518	654
2519	561
2520	740
2521	482
2522	156
2523	889
2524	425
2525	800
2526	1105
2527	127
2528	221
2529	585
2530	1447
2531	681
2532	1413
2533	1029
2534	224
2535	719
2536	331
2537	36
2538	1440
2539	767
2540	712
2541	1134
2542	430
2543	1321
2544	646
2545	506
2546	1484
2547	78
2548	214
2549	840
2550	836
2551	587
2552	892
2553	292
2554	826
2555	374
2556	781
2557	334
2558	79
2559	1408
2560	86
2561	880
2562	599
2563	1402
2564	912
2565	214
2566	208
2567	457
2568	849
2569	1411
2570	1384
2571	1326
2572	331
2573	307
2574	1278
2575	1168
2576	816
2577	809
2578	1317
2579	1261
2580	76
2581	650
2582	1085
2583	446
2584	719
2585	839
2586	434
2587	1386
2588	734
2589	109
2590	1
2591	990
2592	1456
2593	1500
2594	1422
2595	1261
2596	211
2597	556
2598	601
2599	652
2600	1189
2601	927
2602	1154
2603	40
2604	697
2605	543
2606	146
2607	1151
2608	500
2609	289
2610	296
2611	1393
2612	571
2613	801
2614	216
2615	1019
2616	444
2617	1060
2618	1444
2619	1089
2620	108
2621	798
2622	520
2623	1324
2624	41
2625	1139
2626	95
2627	40
2628	381
2629	218
2630	418
2631	722
2632	270
2633	1490
2634	781
2635	1191
2636	541
2637	1256
2638	1294
2639	1255
2640	257
2641	718
2642	1089
2643	479
2644	623
2645	106
2646	800
2647	1424
2648	915
2649	714
2650	792
2651	1296
2652	1037
2653	539
2654	1127
2655	394
2656	992
2657	1127
2658	880
2659	969
2660	513
2661	218
2662	62
2663	580
2664	152
2665	936
2666	1429
2667	1490
2668	1208
2669	21
2670	1191
2671	430
2672	693
2673	852
2674	1319
2675	362
2676	87
2677	182
2678	201
2679	735
2680	367
2681	684
2682	115
2683	139
2684	1007
2685	507
2686	932
2687	1029
2688	946
2689	416
2690	1049
2691	142
2692	1192
2693	397
2694	362
2695	263
2696	107
2697	361
2698	346
2699	1134
2700	1366
2701	945
2702	1079
2703	1061
2704	628
2705	379
2706	685
2707	1356
2708	252
2709	194
2710	995
2711	508
2712	413
2713	161
2714	1066
2715	951
2716	455
2717	283
2718	1064
2719	101
2720	874
2721	931
2722	246
2723	1292
2724	442
2725	567
2726	722
2727	233
2728	1420
2729	865
2730	1216
2731	772
2732	1197
2733	1108
2734	1290
2735	266
2736	1154
2737	601
2738	1369
2739	943
2740	483
2741	1435
2742	542
2743	1044
2744	451
2745	426
2746	1423
2747	391
2748	463
2749	58
2750	1050
2751	485
2752	1130
2753	1012
2754	22
2755	1441
2756	298
2757	1286
2758	1
2759	429
2760	1143
2761	591
2762	1250
2763	1347
2764	515
2765	1124
2766	69
2767	417
2768	427
2769	1442
2770	1243
2771	294
2772	662
2773	1184
2774	1208
2775	806
2776	926
2777	727
2778	749
2779	541
2780	1406
2781	417
2782	971
2783	1213
2784	31
2785	999
2786	1235
2787	792
2788	472
2789	731
2790	313
2791	532
2792	892
2793	1076
2794	927
2795	516
2796	1334
2797	279
2798	919
2799	1314
2800	114
2801	1061
2802	573
2803	1387
2804	721
2805	1007
2806	1318
2807	623
2808	727
2809	1095
2810	759
2811	476
2812	1472
2813	1290
2814	823
2815	1078
2816	1169
2817	639
2818	1211
2819	1169
2820	226
2821	861
2822	90
2823	233
2824	974
2825	1180
2826	914
2827	503
2828	269
2829	1160
2830	764
2831	1155
2832	1430
2833	1244
2834	208
2835	1066
2836	290
2837	1428
2838	1204
2839	1150
2840	1425
2841	1148
2842	946
2843	182
2844	594
2845	392
2846	229
2847	982
2848	764
2849	64
2850	596
2851	1316
2852	868
2853	43
2854	934
2855	219
2856	915
2857	228
2858	89
2859	1391
2860	1009
2861	38
2862	1194
2863	88
2864	1110
2865	750
2866	1496
2867	507
2868	1185
2869	1172
2870	1107
2871	153
2872	1229
2873	1406
2874	346
2875	516
2876	669
2877	509
2878	1087
2879	499
2880	320
2881	323
2882	1387
2883	258
2884	1196
2885	342
2886	1216
2887	904
2888	613
2889	1486
2890	835
2891	1288
2892	1142
2893	151
2894	928
2895	1155
2896	1071
2897	126
2898	122
2899	57
2900	896
2901	110
2902	1012
2903	1236
2904	347
2905	485
2906	170
2907	896
2908	1194
2909	1244
2910	1034
2911	257
2912	688
2913	1375
2914	919
2915	409
2916	1325
2917	316
2918	69
2919	38
2920	531
2921	822
2922	452
2923	421
2924	1087
2925	1185
2926	964
2927	1172
2928	1305
2929	289
2930	460
2931	1223
2932	401
2933	92
2934	847
2935	1485
2936	64
2937	833
2938	363
2939	87
2940	138
2941	1442
2942	53
2943	583
2944	1474
2945	31
2946	301
2947	58
2948	670
2949	1118
2950	375
2951	251
2952	667
2953	151
2954	1296
2955	483
2956	936
2957	1108
2958	1263
2959	177
2960	462
2961	1259
2962	650
2963	652
2964	57
2965	23
2966	138
2967	1367
2968	1344
2969	32
2970	246
2971	770
2972	400
2973	715
2974	89
2975	1397
2976	1362
2977	1037
2978	939
2979	1060
2980	1462
2981	949
2982	969
2983	53
2984	1397
2985	363
2986	1204
2987	1011
2988	277
2989	265
2990	1148
2991	135
2992	462
2993	32
2994	559
2995	744
2996	949
2997	715
2998	389
2999	1104
3000	1104
