Students	50
1	13 5 9 19	2	-1	0
2	16 2 11 15	4	4	0
3	16 12 7 18	2	-1	0
4	9 12 4 10	2	-1	0
5	16 19 2 10	3	2	0
6	1 6 17 13	1	-1	0
7	1 3 2 20	1	-1	0
8	7 5 2 8	3	4	0
9	20 3 13 17	3	3	0
10	2 20 8 15	2	-1	0
11	12 6 16 13	3	1	0
12	1 3 2 15	1	-1	0
13	1 12 9 8	1	-1	0
14	16 6 17 10	4	2	0
15	1 15 17 10	1	-1	0
16	18 12 6 4	4	1	0
17	3 6 9 10	2	-1	0
18	11 13 19 15	4	1	0
19	9 10 15 2	2	-1	0
20	8 4 11 7	4	2	0
21	5 4 13 10	2	-1	0
22	3 2 15 4	3	1	0
23	1 15 11 14	1	-1	0
24	12 18 11 10	3	2	0
25	1 8 4 16	1	-1	0
26	1 5 2 18	1	-1	0
27	3 11 2 16	2	-1	0
28	11 19 20 18	4	3	0
29	17 10 18 3	4	4	0
30	10 11 3 12	2	-1	0
31	20 14 16 2	4	2	0
32	14 18 6 17	4	1	0
33	4 6 2 7	3	1	0
34	10 2 5 7	3	1	0
35	20 13 14 4	4	3	0
36	3 20 10 7	4	1	0
37	18 10 14 8	2	-1	0
38	18 5 9 6	3	2	0
39	1 8 19 16	1	-1	0
40	10 11 9 12	3	3	0
41	1 6 18 19	1	-1	0
42	18 4 16 19	4	3	0
43	4 5 7 16	4	2	0
44	6 18 4 2	2	-1	0
45	18 6 2 4	3	1	0
46	3 11 8 9	2	-1	0
47	1 5 12 16	1	-1	0
48	11 3 16 6	3	3	0
49	1 7 10 2	1	-1	0
50	19 5 13 18	4	2	0
