Students	50
1	9 18 4 5	4	3	0
2	10 19 6 5	3	2	0
3	10 9 8 18	3	4	0
4	1 2 17 20	1	-1	0
5	2 16 8 3	4	2	0
6	17 6 20 7	2	-1	0
7	8 14 12 16	4	1	0
8	1 2 5 10	1	-1	0
9	9 15 8 5	4	1	0
10	17 16 11 8	3	3	0
11	13 14 3 18	4	2	0
12	3 4 6 2	4	4	0
13	1 3 19 8	1	-1	0
14	14 15 9 16	4	3	0
15	15 13 11 20	4	2	0
16	1 10 13 20	1	-1	0
17	19 15 16 17	2	-1	0
18	18 4 9 6	2	-1	0
19	1 4 12 3	1	-1	0
20	8 3 4 6	3	2	0
21	14 17 8 10	3	4	0
22	5 20 9 4	2	-1	0
23	19 7 11 12	3	3	0
24	13 18 17 12	2	-1	0
25	1 17 10 5	1	-1	0
26	12 10 13 20	2	-1	0
27	17 5 16 6	2	-1	0
28	19 6 8 13	4	1	1
29	8 5 20 15	2	-1	0
30	2 15 8 9	3	2	0
31	8 18 12 7	4	4	0
32	1 4 3 20	1	-1	0
33	12 4 9 5	2	-1	0
34	19 15 5 20	4	3	0
35	17 14 8 2	4	3	0
36	8 13 19 15	2	-1	0
37	1 3 5 7	1	-1	0
38	17 11 12 4	3	1	0
39	12 18 9 6	3	3	0
40	1 9 2 11	1	-1	0
41	1 5 19 10	1	-1	0
42	4 3 10 12	3	1	0
43	16 9 12 4	3	3	0
44	1 6 13 2	1	-1	0
45	2 12 16 20	2	-1	0
46	3 11 10 7	2	-1	0
47	20 19 5 3	3	2	0
48	15 8 4 14	4	3	0
49	5 6 9 7	3	1	0
50	15 9 10 3	2	-1	0
