Class Times	5
Rooms	20
1	17	C	0
2	77	A	1
3	85	B	1
4	63	C	0
5	18	B	0
6	58	A	0
7	68	B	0
8	65	C	1
9	31	B	1
10	78	B	1
11	64	C	1
12	92	C	1
13	67	A	1
14	50	B	1
15	90	B	1
16	99	C	0
17	72	B	0
18	19	A	1
19	30	A	0
20	51	C	1
Classes	100
Teachers	50
1	3	4	C	1
2	5	1	A	1
3	30	4	C	1
4	40	2	B	1
5	16	1	A	1
6	22	3	C	0
7	27	3	C	0
8	41	1	A	0
9	48	2	B	0
10	19	3	C	0
11	40	1	A	0
12	19	3	C	0
13	28	1	A	0
14	13	1	A	0
15	36	1	A	0
16	8	1	A	0
17	16	2	B	0
18	21	2	B	0
19	2	4	C	0
20	2	3	C	0
21	50	2	B	0
22	22	1	A	0
23	32	1	A	0
24	17	4	C	0
25	8	4	C	0
26	46	2	B	0
27	3	2	B	0
28	11	3	C	0
29	6	3	C	0
30	17	3	C	0
31	30	1	A	0
32	42	1	A	0
33	37	3	C	0
34	27	4	C	0
35	6	3	C	0
36	37	1	A	0
37	45	4	C	0
38	48	4	C	0
39	46	4	C	0
40	26	1	A	0
41	18	4	C	0
42	26	2	B	0
43	13	2	B	0
44	12	3	C	0
45	11	3	C	0
46	9	2	B	0
47	33	1	A	0
48	36	2	B	0
49	4	1	A	0
50	21	2	B	0
51	44	3	C	0
52	15	4	C	0
53	15	1	A	0
54	45	1	A	0
55	14	2	B	0
56	4	1	A	0
57	38	4	C	0
58	42	4	C	0
59	9	3	C	0
60	28	1	A	0
61	31	2	B	0
62	18	2	B	0
63	24	3	C	0
64	5	4	C	0
65	44	2	B	0
66	47	2	B	0
67	29	2	B	0
68	34	3	C	0
69	20	4	C	0
70	10	3	C	0
71	25	2	B	0
72	10	1	A	0
73	20	3	C	0
74	29	2	B	0
75	47	3	C	0
76	24	4	C	0
77	31	4	C	0
78	49	3	C	0
79	35	3	C	0
80	41	2	B	0
81	7	3	C	0
82	12	1	A	0
83	14	4	C	0
84	49	4	C	0
85	32	3	C	0
86	25	4	C	0
87	23	1	A	0
88	35	1	A	0
89	23	3	C	0
90	1	4	C	0
91	34	3	C	0
92	43	4	C	0
93	50	3	C	0
94	38	3	C	0
95	43	1	A	0
96	39	3	C	0
97	33	4	C	0
98	1	2	B	0
99	7	4	C	0
100	39	2	B	0
