Class Times	5
Rooms	20
1	81	C	1
2	26	B	1
3	78	B	0
4	69	B	1
5	90	C	0
6	58	B	1
7	12	C	0
8	28	B	0
9	93	B	0
10	97	B	0
11	26	C	0
12	34	B	0
13	83	C	0
14	69	C	0
15	10	B	1
16	30	A	1
17	52	C	0
18	29	C	0
19	90	B	0
20	69	C	0
Classes	100
Teachers	50
1	22	1	A	1
2	33	4	C	1
3	37	3	C	1
4	36	1	A	1
5	46	1	A	1
6	47	3	C	0
7	20	4	C	0
8	34	2	B	0
9	40	4	C	0
10	42	3	C	0
11	10	4	C	0
12	7	4	C	0
13	37	3	C	0
14	31	4	C	0
15	21	4	C	0
16	14	4	C	0
17	47	3	C	0
18	6	1	A	0
19	10	2	B	0
20	11	2	B	0
21	30	3	C	0
22	50	3	C	0
23	11	4	C	0
24	35	4	C	0
25	9	2	B	0
26	29	1	A	0
27	12	4	C	0
28	8	1	A	0
29	34	1	A	0
30	30	1	A	0
31	16	3	C	0
32	38	3	C	0
33	8	1	A	0
34	22	3	C	0
35	41	3	C	0
36	49	3	C	0
37	41	4	C	0
38	43	1	A	0
39	29	2	B	0
40	44	2	B	0
41	14	3	C	0
42	3	2	B	0
43	12	1	A	0
44	25	4	C	0
45	4	4	C	0
46	40	4	C	0
47	19	2	B	0
48	43	4	C	0
49	27	4	C	0
50	5	1	A	0
51	1	3	C	0
52	50	1	A	0
53	42	2	B	0
54	26	4	C	0
55	33	2	B	0
56	48	2	B	0
57	24	1	A	0
58	9	3	C	0
59	44	1	A	0
60	5	2	B	0
61	18	1	A	0
62	45	1	A	0
63	38	1	A	0
64	16	4	C	0
65	24	2	B	0
66	3	1	A	0
67	45	1	A	0
68	1	2	B	0
69	13	2	B	0
70	15	3	C	0
71	32	4	C	0
72	28	2	B	0
73	25	4	C	0
74	23	2	B	0
75	15	2	B	0
76	28	2	B	0
77	7	1	A	0
78	36	3	C	0
79	39	4	C	0
80	20	4	C	0
81	31	3	C	0
82	4	2	B	0
83	39	2	B	0
84	46	2	B	0
85	48	4	C	0
86	2	1	A	0
87	19	2	B	0
88	26	4	C	0
89	2	4	C	0
90	23	1	A	0
91	17	3	C	0
92	21	4	C	0
93	32	1	A	0
94	18	4	C	0
95	49	2	B	0
96	35	2	B	0
97	27	2	B	0
98	17	1	A	0
99	13	4	C	0
100	6	1	A	0
