Class Times	5
Rooms	20
1	85	C	1
2	50	A	0
3	32	A	1
4	77	B	0
5	46	C	0
6	55	B	1
7	66	B	1
8	53	A	0
9	54	B	0
10	55	C	1
11	20	B	0
12	51	C	1
13	86	A	1
14	39	A	1
15	15	A	0
16	54	C	0
17	21	A	0
18	46	A	0
19	89	B	1
20	77	C	0
Classes	100
Teachers	50
1	32	1	A	1
2	38	4	C	1
3	45	3	C	1
4	4	2	B	1
5	25	3	C	1
6	15	1	A	0
7	14	2	B	0
8	40	1	A	0
9	26	4	C	0
10	21	4	C	0
11	45	3	C	0
12	43	3	C	0
13	32	1	A	0
14	15	3	C	0
15	49	1	A	0
16	42	4	C	0
17	1	1	A	0
18	36	2	B	0
19	25	3	C	0
20	26	4	C	0
21	23	2	B	0
22	36	2	B	0
23	23	1	A	0
24	28	1	A	0
25	11	2	B	0
26	19	2	B	0
27	39	2	B	0
28	30	2	B	0
29	40	1	A	0
30	10	2	B	0
31	10	4	C	0
32	12	3	C	0
33	37	3	C	0
34	34	3	C	0
35	5	3	C	0
36	8	4	C	0
37	31	1	A	0
38	47	2	B	0
39	16	3	C	0
40	24	4	C	0
41	33	3	C	0
42	12	1	A	0
43	17	4	C	0
44	11	2	B	0
45	16	4	C	0
46	17	2	B	0
47	30	2	B	0
48	24	1	A	0
49	49	4	C	0
50	42	1	A	0
51	44	4	C	0
52	44	1	A	0
53	21	4	C	0
54	46	3	C	0
55	48	1	A	0
56	35	3	C	0
57	2	2	B	0
58	27	2	B	0
59	13	2	B	0
60	37	4	C	0
61	18	1	A	0
62	39	4	C	0
63	41	2	B	0
64	3	1	A	0
65	14	3	C	0
66	38	1	A	0
67	22	3	C	0
68	48	4	C	0
69	20	1	A	0
70	13	1	A	0
71	2	2	B	0
72	8	2	B	0
73	6	4	C	0
74	4	3	C	0
75	46	2	B	0
76	43	1	A	0
77	7	1	A	0
78	6	4	C	0
79	34	2	B	0
80	22	1	A	0
81	29	4	C	0
82	19	2	B	0
83	41	3	C	0
84	31	1	A	0
85	1	3	C	0
86	5	2	B	0
87	29	1	A	0
88	3	2	B	0
89	35	3	C	0
90	27	1	A	0
91	33	4	C	0
92	50	3	C	0
93	18	2	B	0
94	9	4	C	0
95	20	2	B	0
96	7	1	A	0
97	47	4	C	0
98	9	4	C	0
99	28	1	A	0
100	50	2	B	0
