Class Times	5
Rooms	20
1	58	B	1
2	94	A	0
3	69	B	1
4	35	B	1
5	15	B	0
6	10	A	1
7	77	C	1
8	92	B	0
9	30	C	1
10	28	B	1
11	63	A	0
12	48	A	0
13	92	A	0
14	89	A	1
15	31	B	0
16	84	A	0
17	29	B	1
18	90	C	0
19	13	B	0
20	63	B	0
Classes	100
Teachers	50
1	27	3	C	1
2	40	3	C	1
3	10	1	A	1
4	24	3	C	1
5	11	4	C	1
6	19	4	C	0
7	13	2	B	0
8	34	3	C	0
9	41	3	C	0
10	8	3	C	0
11	31	1	A	0
12	40	3	C	0
13	6	3	C	0
14	39	4	C	0
15	44	4	C	0
16	37	1	A	0
17	45	2	B	0
18	44	4	C	0
19	27	2	B	0
20	3	4	C	0
21	26	2	B	0
22	5	1	A	0
23	20	4	C	0
24	46	2	B	0
25	19	3	C	0
26	11	1	A	0
27	8	3	C	0
28	12	3	C	0
29	29	3	C	0
30	37	1	A	0
31	47	1	A	0
32	32	2	B	0
33	30	4	C	0
34	34	3	C	0
35	25	1	A	0
36	49	4	C	0
37	49	3	C	0
38	47	3	C	0
39	1	1	A	0
40	22	4	C	0
41	18	2	B	0
42	1	1	A	0
43	18	2	B	0
44	36	3	C	0
45	38	1	A	0
46	42	4	C	0
47	48	2	B	0
48	7	2	B	0
49	5	2	B	0
50	13	3	C	0
51	36	3	C	0
52	23	4	C	0
53	23	1	A	0
54	15	2	B	0
55	46	1	A	0
56	3	3	C	0
57	30	1	A	0
58	29	2	B	0
59	14	2	B	0
60	24	4	C	0
61	45	1	A	0
62	20	4	C	0
63	43	2	B	0
64	16	2	B	0
65	9	3	C	0
66	42	4	C	0
67	35	2	B	0
68	4	4	C	0
69	21	2	B	0
70	41	2	B	0
71	7	1	A	0
72	48	2	B	0
73	12	2	B	0
74	39	1	A	0
75	32	1	A	0
76	17	3	C	0
77	26	2	B	0
78	6	2	B	0
79	50	4	C	0
80	22	4	C	0
81	50	4	C	0
82	4	2	B	0
83	43	1	A	0
84	33	2	B	0
85	31	2	B	0
86	33	4	C	0
87	16	4	C	0
88	21	4	C	0
89	35	1	A	0
90	2	3	C	0
91	38	3	C	0
92	14	3	C	0
93	10	3	C	0
94	28	4	C	0
95	2	1	A	0
96	28	3	C	0
97	17	3	C	0
98	9	2	B	0
99	15	1	A	0
100	25	4	C	0
