Class Times	5
Rooms	20
1	91	B	1
2	29	B	1
3	78	A	1
4	32	B	1
5	32	C	0
6	66	C	1
7	65	A	1
8	56	A	0
9	75	B	1
10	96	A	1
11	53	A	0
12	11	C	1
13	74	A	1
14	94	B	1
15	16	A	1
16	15	B	0
17	18	A	1
18	75	B	0
19	59	B	1
20	44	B	1
Classes	100
Teachers	50
1	3	3	C	1
2	17	2	B	1
3	26	4	C	1
4	25	4	C	1
5	20	1	A	1
6	32	4	C	0
7	44	1	A	0
8	14	1	A	0
9	22	2	B	0
10	12	3	C	0
11	7	3	C	0
12	19	2	B	0
13	21	1	A	0
14	13	2	B	0
15	25	1	A	0
16	37	2	B	0
17	40	4	C	0
18	23	1	A	0
19	47	3	C	0
20	31	3	C	0
21	42	3	C	0
22	9	4	C	0
23	38	3	C	0
24	45	1	A	0
25	7	1	A	0
26	17	1	A	0
27	50	4	C	0
28	39	3	C	0
29	11	3	C	0
30	28	2	B	0
31	45	3	C	0
32	28	2	B	0
33	29	2	B	0
34	3	4	C	0
35	47	2	B	0
36	40	2	B	0
37	44	3	C	0
38	32	1	A	0
39	15	1	A	0
40	12	2	B	0
41	38	1	A	0
42	2	2	B	0
43	39	2	B	0
44	24	2	B	0
45	43	1	A	0
46	5	1	A	0
47	2	2	B	0
48	16	3	C	0
49	18	4	C	0
50	29	4	C	0
51	46	1	A	0
52	49	2	B	0
53	4	3	C	0
54	41	4	C	0
55	37	4	C	0
56	46	3	C	0
57	1	2	B	0
58	6	2	B	0
59	43	1	A	0
60	8	1	A	0
61	35	3	C	0
62	8	4	C	0
63	31	1	A	0
64	1	1	A	0
65	23	3	C	0
66	6	2	B	0
67	11	1	A	0
68	24	2	B	0
69	5	3	C	0
70	49	4	C	0
71	42	1	A	0
72	35	4	C	0
73	13	4	C	0
74	50	2	B	0
75	48	3	C	0
76	30	3	C	0
77	36	2	B	0
78	34	3	C	0
79	30	2	B	0
80	15	3	C	0
81	48	4	C	0
82	14	1	A	0
83	16	1	A	0
84	22	4	C	0
85	4	2	B	0
86	19	3	C	0
87	10	1	A	0
88	10	4	C	0
89	26	3	C	0
90	33	1	A	0
91	33	1	A	0
92	36	4	C	0
93	20	1	A	0
94	21	2	B	0
95	34	1	A	0
96	9	3	C	0
97	18	1	A	0
98	41	3	C	0
99	27	4	C	0
100	27	1	A	0
