Class Times	5
Rooms	20
1	76	A	1
2	89	C	1
3	34	C	0
4	58	A	1
5	46	C	1
6	99	C	0
7	24	B	0
8	79	A	0
9	28	C	1
10	49	B	0
11	61	B	1
12	42	C	1
13	52	B	1
14	78	A	0
15	63	C	0
16	41	A	1
17	76	C	0
18	50	C	1
19	99	B	1
20	63	A	1
Classes	100
Teachers	50
1	4	4	C	1
2	11	2	B	1
3	22	2	B	1
4	41	1	A	1
5	46	3	C	1
6	6	4	C	0
7	13	1	A	0
8	7	1	A	0
9	18	1	A	0
10	41	1	A	0
11	35	1	A	0
12	37	3	C	0
13	2	3	C	0
14	39	4	C	0
15	38	3	C	0
16	2	4	C	0
17	12	1	A	0
18	5	3	C	0
19	16	1	A	0
20	9	2	B	0
21	50	1	A	0
22	23	1	A	0
23	34	3	C	0
24	43	1	A	0
25	43	4	C	0
26	3	3	C	0
27	9	2	B	0
28	5	3	C	0
29	4	2	B	0
30	48	1	A	0
31	38	1	A	0
32	21	1	A	0
33	42	2	B	0
34	37	2	B	0
35	40	2	B	0
36	35	1	A	0
37	44	1	A	0
38	48	3	C	0
39	29	2	B	0
40	21	1	A	0
41	23	3	C	0
42	39	1	A	0
43	13	3	C	0
44	36	3	C	0
45	3	3	C	0
46	40	4	C	0
47	20	1	A	0
48	42	4	C	0
49	16	1	A	0
50	19	4	C	0
51	8	3	C	0
52	14	4	C	0
53	14	4	C	0
54	10	2	B	0
55	30	4	C	0
56	18	2	B	0
57	12	3	C	0
58	7	2	B	0
59	36	4	C	0
60	15	4	C	0
61	10	3	C	0
62	50	4	C	0
63	15	2	B	0
64	22	1	A	0
65	46	3	C	0
66	34	2	B	0
67	1	4	C	0
68	6	2	B	0
69	24	3	C	0
70	25	4	C	0
71	26	4	C	0
72	29	1	A	0
73	26	3	C	0
74	8	4	C	0
75	20	2	B	0
76	45	1	A	0
77	31	3	C	0
78	28	4	C	0
79	27	1	A	0
80	32	3	C	0
81	19	1	A	0
82	17	1	A	0
83	1	4	C	0
84	47	3	C	0
85	32	2	B	0
86	27	2	B	0
87	28	4	C	0
88	31	4	C	0
89	17	2	B	0
90	44	2	B	0
91	33	2	B	0
92	30	1	A	0
93	49	3	C	0
94	25	1	A	0
95	47	4	C	0
96	11	2	B	0
97	49	2	B	0
98	33	1	A	0
99	24	2	B	0
100	45	1	A	0
