Class Times	5
Rooms	20
1	13	A	1
2	41	A	0
3	22	A	1
4	64	A	1
5	26	A	0
6	28	C	0
7	50	A	1
8	41	A	1
9	51	B	0
10	55	C	0
11	22	A	1
12	32	B	0
13	90	C	1
14	40	B	1
15	25	C	1
16	29	A	1
17	87	A	0
18	86	A	0
19	60	B	1
20	34	B	0
Classes	100
Teachers	50
1	6	4	C	1
2	49	1	A	1
3	48	2	B	1
4	8	2	B	1
5	15	3	C	1
6	26	2	B	0
7	44	2	B	0
8	11	4	C	0
9	5	3	C	0
10	45	1	A	0
11	1	1	A	0
12	44	2	B	0
13	4	2	B	0
14	31	3	C	0
15	18	2	B	0
16	27	1	A	0
17	50	3	C	0
18	47	2	B	0
19	18	2	B	0
20	35	1	A	0
21	19	1	A	0
22	27	2	B	0
23	38	4	C	0
24	40	2	B	0
25	22	4	C	0
26	8	4	C	0
27	9	4	C	0
28	42	3	C	0
29	37	4	C	0
30	22	4	C	0
31	35	1	A	0
32	28	2	B	0
33	26	1	A	0
34	36	1	A	0
35	3	4	C	0
36	49	1	A	0
37	6	1	A	0
38	30	3	C	0
39	12	2	B	0
40	1	3	C	0
41	45	2	B	0
42	19	3	C	0
43	36	4	C	0
44	20	3	C	0
45	33	1	A	0
46	20	1	A	0
47	25	4	C	0
48	39	4	C	0
49	28	4	C	0
50	34	1	A	0
51	11	4	C	0
52	29	2	B	0
53	34	4	C	0
54	32	3	C	0
55	33	4	C	0
56	46	4	C	0
57	25	3	C	0
58	40	4	C	0
59	2	3	C	0
60	47	4	C	0
61	2	4	C	0
62	7	2	B	0
63	46	1	A	0
64	9	1	A	0
65	24	1	A	0
66	7	2	B	0
67	48	1	A	0
68	3	3	C	0
69	38	3	C	0
70	24	2	B	0
71	10	3	C	0
72	17	3	C	0
73	4	1	A	0
74	41	1	A	0
75	32	3	C	0
76	17	2	B	0
77	10	3	C	0
78	37	4	C	0
79	21	2	B	0
80	43	4	C	0
81	21	1	A	0
82	30	1	A	0
83	14	2	B	0
84	12	1	A	0
85	5	1	A	0
86	16	1	A	0
87	31	4	C	0
88	23	3	C	0
89	16	1	A	0
90	29	1	A	0
91	50	1	A	0
92	43	1	A	0
93	41	1	A	0
94	23	2	B	0
95	13	3	C	0
96	39	3	C	0
97	13	1	A	0
98	14	3	C	0
99	15	3	C	0
100	42	4	C	0
