Class Times	5
Rooms	20
1	39	C	0
2	16	C	0
3	83	B	0
4	60	A	1
5	64	A	0
6	83	B	1
7	97	B	1
8	71	C	1
9	35	A	0
10	97	A	1
11	93	A	0
12	47	C	1
13	35	C	1
14	27	C	1
15	91	C	1
16	90	A	1
17	52	B	0
18	98	A	0
19	12	C	0
20	76	B	1
Classes	100
Teachers	50
1	38	2	B	1
2	21	1	A	1
3	30	1	A	1
4	42	4	C	1
5	16	3	C	1
6	27	2	B	0
7	40	2	B	0
8	25	2	B	0
9	39	3	C	0
10	35	1	A	0
11	12	2	B	0
12	15	4	C	0
13	50	3	C	0
14	38	4	C	0
15	3	1	A	0
16	21	2	B	0
17	9	4	C	0
18	40	3	C	0
19	50	4	C	0
20	2	3	C	0
21	36	4	C	0
22	7	1	A	0
23	3	3	C	0
24	2	2	B	0
25	36	3	C	0
26	29	4	C	0
27	49	2	B	0
28	42	2	B	0
29	9	1	A	0
30	23	4	C	0
31	14	2	B	0
32	22	2	B	0
33	25	1	A	0
34	8	4	C	0
35	1	2	B	0
36	29	2	B	0
37	46	4	C	0
38	4	4	C	0
39	6	3	C	0
40	32	4	C	0
41	18	1	A	0
42	24	4	C	0
43	18	4	C	0
44	47	2	B	0
45	30	2	B	0
46	47	3	C	0
47	43	1	A	0
48	8	2	B	0
49	1	2	B	0
50	24	2	B	0
51	11	3	C	0
52	45	1	A	0
53	33	2	B	0
54	43	4	C	0
55	19	4	C	0
56	44	2	B	0
57	45	4	C	0
58	33	2	B	0
59	34	3	C	0
60	23	1	A	0
61	37	3	C	0
62	32	2	B	0
63	6	3	C	0
64	20	3	C	0
65	41	2	B	0
66	41	3	C	0
67	20	3	C	0
68	26	3	C	0
69	16	1	A	0
70	44	2	B	0
71	34	3	C	0
72	46	1	A	0
73	13	2	B	0
74	19	4	C	0
75	27	4	C	0
76	49	3	C	0
77	17	1	A	0
78	17	3	C	0
79	26	2	B	0
80	13	3	C	0
81	28	2	B	0
82	22	3	C	0
83	12	1	A	0
84	15	3	C	0
85	37	4	C	0
86	4	2	B	0
87	48	3	C	0
88	11	4	C	0
89	48	2	B	0
90	14	1	A	0
91	5	4	C	0
92	35	2	B	0
93	28	2	B	0
94	10	2	B	0
95	39	4	C	0
96	5	1	A	0
97	31	2	B	0
98	10	2	B	0
99	7	4	C	0
100	31	3	C	0
