Class Times	5
Rooms	20
1	92	B	0
2	33	A	0
3	74	C	1
4	16	C	1
5	12	C	0
6	13	C	1
7	69	B	0
8	90	A	1
9	80	A	1
10	65	A	1
11	22	C	0
12	64	C	1
13	17	C	1
14	13	A	1
15	14	A	1
16	53	A	1
17	59	C	1
18	27	B	1
19	59	B	0
20	76	A	0
Classes	100
Teachers	50
1	40	2	B	1
2	41	3	C	1
3	41	3	C	1
4	46	1	A	1
5	25	2	B	1
6	40	3	C	0
7	12	3	C	0
8	29	4	C	0
9	44	1	A	0
10	7	1	A	0
11	5	3	C	0
12	32	1	A	0
13	31	4	C	0
14	19	1	A	0
15	5	4	C	0
16	48	3	C	0
17	21	3	C	0
18	35	3	C	0
19	48	4	C	0
20	12	3	C	0
21	3	1	A	0
22	8	4	C	0
23	9	1	A	0
24	11	2	B	0
25	31	4	C	0
26	22	4	C	0
27	27	2	B	0
28	32	4	C	0
29	18	1	A	0
30	9	1	A	0
31	29	2	B	0
32	36	3	C	0
33	1	4	C	0
34	37	1	A	0
35	35	3	C	0
36	42	4	C	0
37	28	2	B	0
38	27	2	B	0
39	43	1	A	0
40	11	1	A	0
41	15	2	B	0
42	3	4	C	0
43	7	2	B	0
44	20	1	A	0
45	37	1	A	0
46	50	4	C	0
47	16	3	C	0
48	38	2	B	0
49	21	2	B	0
50	4	2	B	0
51	44	3	C	0
52	45	4	C	0
53	45	1	A	0
54	28	2	B	0
55	50	2	B	0
56	19	4	C	0
57	14	2	B	0
58	33	2	B	0
59	25	2	B	0
60	38	4	C	0
61	26	1	A	0
62	1	3	C	0
63	14	4	C	0
64	17	2	B	0
65	26	1	A	0
66	23	1	A	0
67	10	4	C	0
68	24	3	C	0
69	33	4	C	0
70	15	4	C	0
71	4	1	A	0
72	2	1	A	0
73	36	3	C	0
74	47	2	B	0
75	43	1	A	0
76	6	2	B	0
77	49	4	C	0
78	46	2	B	0
79	8	3	C	0
80	18	1	A	0
81	42	2	B	0
82	13	4	C	0
83	24	3	C	0
84	39	3	C	0
85	22	3	C	0
86	17	4	C	0
87	10	4	C	0
88	16	1	A	0
89	39	3	C	0
90	47	3	C	0
91	2	1	A	0
92	20	4	C	0
93	6	1	A	0
94	23	4	C	0
95	13	1	A	0
96	49	4	C	0
97	34	2	B	0
98	30	4	C	0
99	30	4	C	0
100	34	4	C	0
