Students	500
1	3 91 9 57	1	-1	0
2	35 14 38 80	4	2	0
3	73 47 19 31	4	2	0
4	59 30 28 7	3	4	0
5	97 12 46 88	2	-1	0
6	1 78 63 53	1	-1	0
7	5 93 53 59	1	-1	0
8	3 94 89 19	1	-1	0
9	66 40 97 83	3	3	0
10	37 44 36 35	2	-1	0
11	49 51 8 7	2	-1	0
12	27 77 95 69	4	2	0
13	30 12 15 79	2	-1	0
14	25 76 36 61	2	-1	0
15	37 38 99 79	2	-1	0
16	61 90 87 93	4	3	0
17	83 30 87 3	4	4	0
18	40 17 84 21	4	3	0
19	65 73 16 61	3	2	1
20	92 22 70 98	4	3	0
21	2 100 89 88	1	-1	0
22	95 62 84 68	3	2	0
23	44 80 60 53	2	-1	0
24	47 83 50 71	2	-1	0
25	47 83 35 96	4	2	0
26	5 44 48 32	1	-1	0
27	1 55 57 20	1	-1	0
28	15 38 51 100	4	2	0
29	15 74 57 49	4	4	0
30	2 16 100 98	1	-1	0
31	42 16 31 43	3	1	0
32	22 35 16 23	2	-1	0
33	39 28 45 58	3	4	0
34	91 61 40 92	2	-1	0
35	15 32 20 80	3	2	0
36	60 68 67 69	2	-1	0
37	2 54 45 42	1	-1	0
38	95 37 39 61	2	-1	0
39	46 84 11 75	2	-1	0
40	78 63 56 60	4	3	0
41	10 27 70 80	3	4	0
42	1 71 13 86	1	-1	0
43	4 22 68 8	1	-1	0
44	65 80 81 28	4	4	0
45	57 43 48 87	3	3	0
46	41 95 39 90	4	3	0
47	5 60 70 25	1	-1	0
48	14 27 73 16	2	-1	0
49	3 60 53 25	1	-1	0
50	5 63 27 58	1	-1	0
51	76 33 79 13	4	3	0
52	9 48 81 56	4	1	0
53	20 36 88 82	3	4	0
54	1 92 58 40	1	-1	0
55	89 43 10 13	2	-1	0
56	21 62 71 99	4	1	0
57	51 53 62 54	3	4	0
58	1 20 18 14	1	-1	0
59	64 15 24 85	3	2	0
60	40 65 33 63	3	3	0
61	9 56 80 91	2	-1	0
62	9 91 56 65	3	2	0
63	62 93 54 4	4	1	0
64	88 75 87 86	4	4	0
65	51 56 100 37	4	1	0
66	91 58 85 57	4	3	0
67	85 60 6 66	3	2	0
68	15 29 45 72	4	1	0
69	40 49 30 63	4	2	0
70	80 10 78 43	4	3	0
71	68 63 18 28	3	4	0
72	1 17 28 96	1	-1	0
73	10 35 15 6	4	2	0
74	7 31 82 83	2	-1	0
75	60 25 100 65	4	3	0
76	68 39 18 91	4	4	0
77	88 60 58 57	4	2	0
78	91 84 24 36	4	3	0
79	70 41 22 35	3	4	0
80	31 63 7 86	3	1	0
81	59 7 4 23	3	3	0
82	79 95 70 67	2	-1	0
83	5 15 61 48	1	-1	0
84	30 42 7 52	2	-1	0
85	93 60 32 64	4	1	0
86	44 99 80 91	2	-1	0
87	90 44 80 95	2	-1	0
88	21 57 58 62	4	1	0
89	64 8 79 87	4	3	0
90	78 60 94 43	4	4	0
91	81 84 50 33	2	-1	0
92	98 65 35 23	4	3	0
93	10 89 66 21	3	3	0
94	7 69 47 66	2	-1	0
95	44 39 63 69	2	-1	0
96	39 85 63 10	2	-1	0
97	97 81 39 10	2	-1	0
98	4 35 87 56	1	-1	0
99	17 64 56 68	2	-1	0
100	2 59 20 65	1	-1	0
101	3 79 92 94	1	-1	0
102	24 32 72 53	2	-1	0
103	3 65 41 97	1	-1	0
104	85 7 23 93	2	-1	0
105	4 100 70 24	1	-1	0
106	49 7 75 69	2	-1	0
107	69 62 93 14	2	-1	0
108	68 48 61 54	4	3	0
109	43 98 25 29	4	3	0
110	39 65 88 19	2	-1	0
111	50 23 33 53	4	1	0
112	45 99 50 86	4	2	0
113	3 96 15 47	1	-1	0
114	99 14 25 36	2	-1	0
115	56 70 51 11	3	3	0
116	56 8 53 76	2	-1	0
117	3 45 74 89	1	-1	0
118	5 63 94 46	1	-1	0
119	83 43 62 35	3	3	0
120	83 33 25 91	2	-1	0
121	2 95 16 39	1	-1	0
122	21 12 94 11	2	-1	0
123	39 44 83 85	3	1	0
124	2 58 74 8	1	-1	0
125	3 8 89 23	1	-1	0
126	3 100 31 90	1	-1	0
127	4 75 78 80	1	-1	0
128	89 25 46 36	3	3	0
129	95 20 33 59	2	-1	0
130	2 76 100 35	1	-1	0
131	13 9 47 56	4	3	0
132	5 83 92 28	1	-1	0
133	74 9 26 81	3	4	0
134	86 39 91 34	2	-1	0
135	5 15 92 41	1	-1	0
136	49 42 71 60	2	-1	1
137	48 93 6 99	3	4	0
138	56 84 49 26	3	4	0
139	4 44 38 19	1	-1	0
140	89 41 43 68	2	-1	0
141	89 44 83 91	2	-1	0
142	1 52 42 97	1	-1	0
143	14 73 87 95	4	3	0
144	65 59 40 97	2	-1	0
145	99 68 88 60	2	-1	0
146	87 47 71 89	4	4	0
147	88 8 50 69	2	-1	0
148	31 21 46 49	2	-1	0
149	18 89 95 76	2	-1	0
150	17 37 45 91	4	2	0
151	59 17 49 7	3	3	0
152	59 84 35 60	2	-1	0
153	41 74 92 48	2	-1	0
154	2 6 99 98	1	-1	0
155	91 90 95 78	4	2	0
156	5 60 55 90	1	-1	0
157	54 73 86 66	2	-1	0
158	7 40 65 96	4	4	0
159	44 35 84 23	2	-1	0
160	2 24 62 32	1	-1	0
161	49 93 52 54	4	3	0
162	82 23 12 22	2	-1	0
163	65 7 81 80	4	1	0
164	16 18 45 82	2	-1	0
165	67 32 80 84	3	2	0
166	79 97 24 62	4	4	0
167	61 17 51 11	2	-1	0
168	80 50 93 47	2	-1	0
169	53 42 95 82	2	-1	0
170	5 60 35 25	1	-1	0
171	95 27 45 43	4	1	0
172	93 94 36 13	4	2	0
173	20 58 90 95	3	3	0
174	3 33 68 79	1	-1	0
175	78 24 8 39	3	3	0
176	53 18 35 22	2	-1	0
177	39 98 11 88	4	1	0
178	44 50 32 77	4	2	0
179	1 93 64 81	1	-1	0
180	2 88 95 20	1	-1	0
181	58 34 18 54	4	4	0
182	17 99 86 45	4	3	0
183	88 25 61 30	2	-1	0
184	71 69 15 21	2	-1	0
185	5 97 32 60	1	-1	0
186	12 52 72 84	3	3	0
187	58 38 43 7	4	3	0
188	50 37 22 89	3	2	0
189	44 41 30 25	2	-1	0
190	73 58 23 13	2	-1	0
191	54 47 36 77	3	1	0
192	1 70 68 60	1	-1	0
193	46 71 53 26	3	2	0
194	5 72 77 27	1	-1	0
195	4 55 73 16	1	-1	0
196	5 91 82 69	1	-1	0
197	100 36 57 74	3	4	0
198	92 38 36 95	4	3	0
199	29 87 43 24	3	2	0
200	11 83 47 18	2	-1	0
201	14 17 76 96	2	-1	0
202	92 85 11 34	3	4	0
203	92 18 8 71	4	1	0
204	4 18 92 14	1	-1	0
205	50 96 79 78	2	-1	0
206	13 39 51 91	4	3	0
207	3 61 79 46	1	-1	0
208	6 41 82 13	2	-1	0
209	82 21 78 34	2	-1	0
210	4 94 40 39	1	-1	0
211	77 51 66 31	4	1	0
212	62 17 53 99	3	2	0
213	76 33 50 22	3	4	0
214	32 46 65 97	4	1	0
215	5 84 9 7	1	-1	0
216	63 81 14 70	3	2	0
217	25 59 30 100	2	-1	0
218	1 100 86 56	1	-1	0
219	12 64 23 74	4	3	0
220	80 48 14 96	4	1	0
221	23 49 51 48	4	2	0
222	21 68 51 81	4	3	0
223	3 51 8 95	1	-1	0
224	40 67 61 45	4	2	0
225	21 98 86 100	2	-1	0
226	45 16 30 54	3	1	0
227	2 56 37 84	1	-1	0
228	92 48 49 63	4	2	0
229	37 65 34 85	2	-1	0
230	35 61 97 66	2	-1	0
231	93 65 45 25	3	1	0
232	3 61 86 68	1	-1	0
233	88 55 47 40	4	3	0
234	98 93 72 7	3	2	0
235	66 6 86 89	3	2	0
236	29 45 48 11	4	1	0
237	3 80 91 81	1	-1	0
238	85 18 27 90	4	2	0
239	7 48 52 30	3	4	0
240	54 85 93 49	2	-1	0
241	17 86 48 74	3	3	0
242	44 67 71 60	2	-1	0
243	82 85 75 21	2	-1	0
244	5 33 29 99	1	-1	0
245	10 28 50 13	2	-1	0
246	4 81 27 40	1	-1	0
247	43 42 92 28	4	2	0
248	81 79 44 98	4	1	0
249	28 62 92 91	3	2	0
250	11 13 10 100	3	2	0
251	5 37 35 98	1	-1	0
252	42 31 29 86	4	4	0
253	70 18 14 83	4	1	0
254	31 30 61 51	2	-1	0
255	5 19 76 27	1	-1	0
256	9 18 56 61	3	1	0
257	77 89 88 75	3	3	0
258	39 45 60 83	3	3	0
259	68 21 31 53	2	-1	0
260	2 93 11 70	1	-1	0
261	76 43 66 7	2	-1	0
262	86 60 70 76	4	1	0
263	72 75 23 99	2	-1	0
264	26 6 38 65	2	-1	0
265	34 11 35 42	2	-1	0
266	43 26 80 98	4	4	0
267	74 88 48 32	2	-1	0
268	1 84 51 94	1	-1	0
269	11 91 17 57	3	1	0
270	7 86 13 79	4	2	0
271	22 29 72 91	2	-1	0
272	17 35 7 62	3	3	0
273	4 13 57 18	1	-1	0
274	4 16 31 55	1	-1	0
275	5 10 97 27	1	-1	0
276	1 77 87 23	1	-1	0
277	81 71 36 25	4	1	0
278	79 34 35 73	3	3	0
279	14 70 91 42	3	1	0
280	3 93 20 68	1	-1	0
281	39 47 41 74	4	2	0
282	1 97 31 74	1	-1	0
283	88 95 93 42	4	2	0
284	94 6 34 24	3	2	0
285	5 58 97 85	1	-1	0
286	27 34 98 36	2	-1	0
287	5 97 45 17	1	-1	0
288	35 28 69 52	3	1	0
289	12 8 93 72	3	4	0
290	21 44 54 17	2	-1	0
291	25 35 96 83	3	1	0
292	38 74 72 21	3	1	0
293	25 50 93 37	4	3	0
294	51 53 93 97	3	3	0
295	3 72 80 81	1	-1	0
296	64 63 18 17	2	-1	0
297	32 69 77 58	4	4	0
298	2 82 99 35	1	-1	0
299	61 39 68 7	2	-1	0
300	5 38 47 81	1	-1	0
301	26 48 6 32	4	1	0
302	70 87 84 26	3	1	0
303	4 38 74 13	1	-1	0
304	79 18 9 87	4	4	0
305	65 45 50 18	2	-1	0
306	9 60 99 13	2	-1	0
307	7 8 37 61	2	-1	0
308	12 23 30 10	4	2	0
309	71 98 32 46	2	-1	0
310	86 43 74 62	4	2	0
311	5 51 53 68	1	-1	0
312	58 43 81 26	4	1	0
313	18 11 88 32	2	-1	0
314	82 6 95 34	3	3	0
315	69 60 58 25	4	2	0
316	62 10 68 67	4	4	0
317	1 29 45 66	1	-1	0
318	83 74 22 26	3	1	0
319	84 43 85 25	2	-1	0
320	8 15 23 20	4	2	0
321	99 77 10 79	3	4	0
322	63 15 76 72	4	2	0
323	38 84 59 97	3	4	0
324	41 25 43 75	3	1	0
325	2 39 90 44	1	-1	0
326	13 35 24 73	4	4	0
327	94 27 14 36	3	3	0
328	75 29 16 63	3	3	0
329	97 69 18 85	3	2	0
330	79 86 14 22	3	2	0
331	58 73 93 46	2	-1	0
332	97 6 92 76	4	2	0
333	4 51 65 53	1	-1	0
334	40 66 55 13	3	1	0
335	2 50 40 71	1	-1	0
336	57 18 97 50	4	4	0
337	26 85 67 6	3	4	0
338	69 22 9 95	2	-1	0
339	1 60 95 85	1	-1	0
340	5 50 47 16	1	-1	0
341	5 70 95 96	1	-1	0
342	66 54 75 38	4	3	0
343	20 63 36 45	4	3	0
344	23 67 98 20	4	2	0
345	52 79 70 63	3	1	0
346	84 83 41 35	2	-1	0
347	1 65 82 7	1	-1	0
348	48 49 65 97	2	-1	0
349	3 28 26 89	1	-1	0
350	4 13 76 99	1	-1	0
351	14 15 6 52	3	2	0
352	83 25 79 64	2	-1	0
353	5 84 52 17	1	-1	0
354	53 56 28 74	3	1	0
355	2 94 67 92	1	-1	0
356	22 75 38 11	3	1	0
357	30 77 40 14	4	1	0
358	42 54 46 27	2	-1	0
359	33 38 17 7	3	2	0
360	60 67 32 80	3	2	0
361	58 35 29 17	3	1	0
362	47 57 92 46	4	4	0
363	69 27 11 12	4	2	0
364	38 60 19 29	3	3	0
365	27 15 32 23	3	1	0
366	8 57 24 74	2	-1	0
367	50 26 13 59	2	-1	0
368	75 89 31 40	3	4	0
369	58 73 14 55	3	4	0
370	1 98 6 46	1	-1	0
371	29 85 14 84	3	2	0
372	36 84 44 99	3	1	0
373	49 30 66 26	3	3	0
374	84 88 30 33	2	-1	0
375	1 54 48 99	1	-1	0
376	4 44 31 24	1	-1	0
377	62 60 41 95	2	-1	0
378	7 76 13 25	3	1	0
379	4 86 49 14	1	-1	0
380	23 35 27 51	2	-1	0
381	12 38 87 10	3	3	1
382	63 79 54 37	4	4	0
383	62 31 20 56	2	-1	0
384	20 46 32 69	3	1	0
385	72 31 10 93	3	2	0
386	43 72 13 85	2	-1	0
387	2 41 91 28	1	-1	0
388	39 28 56 26	3	4	0
389	62 86 23 88	2	-1	0
390	59 76 70 79	4	3	0
391	5 39 40 67	1	-1	0
392	70 65 51 28	3	1	0
393	16 82 10 60	4	1	0
394	5 54 12 50	1	-1	0
395	80 24 65 68	3	3	0
396	65 95 98 49	2	-1	0
397	100 89 63 52	3	2	0
398	4 76 70 7	1	-1	0
399	41 51 13 81	4	4	0
400	46 68 69 7	3	1	0
401	24 68 17 35	4	4	0
402	50 53 17 18	2	-1	0
403	31 89 76 50	3	4	0
404	24 67 76 46	4	1	0
405	16 97 72 99	2	-1	0
406	5 34 77 47	1	-1	0
407	42 60 59 33	3	4	1
408	22 56 62 82	4	1	0
409	62 69 52 65	2	-1	0
410	56 14 39 35	4	2	0
411	94 75 34 92	3	2	0
412	3 18 41 23	1	-1	0
413	79 77 9 27	3	4	0
414	24 86 7 23	4	1	0
415	46 36 86 13	2	-1	0
416	2 83 81 91	1	-1	0
417	5 14 40 21	1	-1	0
418	5 16 14 33	1	-1	0
419	2 9 13 92	1	-1	0
420	54 90 72 44	3	4	0
421	5 33 97 87	1	-1	0
422	12 97 80 23	2	-1	0
423	44 99 25 90	4	3	0
424	5 85 7 67	1	-1	0
425	37 95 52 30	4	4	0
426	58 74 63 18	3	2	0
427	74 23 40 66	4	4	0
428	26 75 61 6	3	1	0
429	2 32 20 88	1	-1	0
430	77 53 20 8	3	4	0
431	4 57 33 72	1	-1	0
432	49 55 92 83	3	1	0
433	78 62 7 10	4	2	0
434	5 52 69 37	1	-1	0
435	2 31 91 74	1	-1	0
436	2 18 97 22	1	-1	0
437	4 39 66 36	1	-1	0
438	60 43 45 84	3	1	0
439	45 85 33 18	4	4	0
440	2 19 52 18	1	-1	0
441	83 91 20 69	3	3	0
442	87 63 82 71	3	4	0
443	5 63 34 19	1	-1	0
444	68 17 18 73	2	-1	0
445	87 96 58 42	2	-1	0
446	16 85 96 13	4	3	0
447	63 8 90 26	4	3	0
448	68 32 82 90	4	1	0
449	93 64 51 68	4	4	1
450	88 39 84 12	3	1	0
451	60 90 55 88	3	1	0
452	75 79 59 8	4	2	0
453	1 81 50 72	1	-1	0
454	2 35 60 46	1	-1	0
455	68 30 95 67	3	2	0
456	98 57 85 78	4	2	0
457	44 41 67 8	3	2	0
458	56 8 27 54	3	1	0
459	93 15 100 29	4	1	0
460	77 17 41 85	2	-1	0
461	90 77 22 8	3	4	0
462	5 53 59 91	1	-1	0
463	34 87 72 55	4	2	0
464	26 18 68 54	3	4	0
465	87 94 82 67	4	3	0
466	17 75 71 31	3	3	0
467	98 87 9 59	4	2	0
468	48 88 94 64	3	3	0
469	21 12 76 33	4	2	0
470	65 15 73 90	2	-1	0
471	46 66 63 83	3	1	0
472	3 35 60 20	1	-1	0
473	51 24 82 26	4	3	0
474	74 62 76 17	3	1	0
475	59 20 56 70	2	-1	0
476	44 34 52 54	3	3	0
477	37 86 25 39	2	-1	0
478	27 83 98 74	4	1	0
479	22 6 36 66	2	-1	0
480	54 35 87 91	2	-1	0
481	89 66 59 75	2	-1	0
482	5 46 27 49	1	-1	0
483	12 51 29 39	4	3	0
484	77 24 89 16	4	3	0
485	1 88 15 96	1	-1	0
486	47 85 76 74	2	-1	0
487	88 24 38 89	4	1	0
488	5 13 52 29	1	-1	0
489	93 70 98 31	3	2	0
490	83 49 41 88	2	-1	0
491	28 80 55 82	4	3	0
492	1 87 25 33	1	-1	0
493	74 29 48 37	2	-1	0
494	3 94 95 32	1	-1	0
495	61 80 38 85	2	-1	0
496	87 10 45 31	3	2	0
497	23 6 89 27	3	2	0
498	53 46 11 82	3	4	0
499	3 18 25 72	1	-1	0
500	13 27 18 76	4	4	0
