Students	500
1	34 36 13 6	4	4	0
2	67 57 76 23	2	-1	0
3	4 83 52 38	1	-1	0
4	96 42 20 87	3	4	0
5	38 23 61 27	4	1	0
6	53 90 37 51	3	4	0
7	94 56 22 18	4	3	0
8	6 52 94 12	3	4	0
9	85 92 67 98	3	2	0
10	7 31 61 83	3	1	0
11	88 75 51 12	3	2	0
12	88 16 20 68	4	2	0
13	96 70 17 27	4	3	0
14	3 27 17 52	1	-1	0
15	11 16 23 30	4	4	0
16	19 98 51 96	2	-1	0
17	86 92 16 79	3	2	0
18	1 99 38 46	1	-1	0
19	50 39 66 96	3	2	0
20	50 89 20 13	4	3	0
21	11 42 14 57	4	1	0
22	45 8 28 34	2	-1	0
23	18 36 8 84	2	-1	0
24	86 52 7 45	4	1	0
25	12 27 24 79	2	-1	0
26	60 55 11 62	2	-1	0
27	5 90 42 7	1	-1	0
28	60 71 51 39	2	-1	0
29	13 29 47 50	4	1	0
30	39 94 49 57	2	-1	0
31	78 55 79 97	3	3	0
32	18 55 87 75	3	2	0
33	2 82 12 27	1	-1	0
34	35 32 25 85	4	3	0
35	81 62 95 84	3	4	0
36	83 86 31 78	4	3	0
37	72 98 87 65	3	1	0
38	27 37 81 47	4	1	0
39	3 58 8 68	1	-1	0
40	5 42 90 58	1	-1	0
41	54 53 9 62	3	3	0
42	67 19 79 45	4	1	0
43	5 21 7 11	1	-1	0
44	1 95 9 67	1	-1	1
45	32 72 96 98	3	2	0
46	5 26 47 30	1	-1	0
47	2 29 66 45	1	-1	0
48	63 76 10 100	2	-1	0
49	44 86 72 27	2	-1	0
50	86 55 25 35	3	4	0
51	49 22 21 55	2	-1	0
52	1 99 55 62	1	-1	0
53	47 60 90 54	3	1	0
54	6 71 85 62	3	3	0
55	48 20 21 30	2	-1	0
56	76 77 67 50	2	-1	0
57	62 32 60 27	2	-1	0
58	57 82 73 78	2	-1	0
59	5 90 61 20	1	-1	0
60	88 25 39 63	4	2	0
61	6 75 38 62	2	-1	0
62	1 32 8 13	1	-1	0
63	84 8 37 91	4	2	0
64	23 84 86 30	4	3	0
65	87 75 26 30	2	-1	0
66	1 75 57 26	1	-1	0
67	8 42 30 35	2	-1	0
68	93 53 42 49	4	3	0
69	38 59 42 40	3	2	0
70	18 87 36 42	3	4	0
71	85 73 65 91	4	4	0
72	56 55 74 77	3	3	0
73	62 60 80 93	2	-1	0
74	10 43 63 44	3	4	0
75	83 38 89 36	2	-1	0
76	24 38 32 33	4	3	0
77	97 48 66 62	4	2	0
78	97 61 17 7	4	4	0
79	5 96 66 70	1	-1	0
80	3 68 76 39	1	-1	1
81	26 47 25 67	3	1	0
82	6 91 9 54	3	3	0
83	63 60 31 54	3	4	0
84	21 29 78 82	2	-1	0
85	75 79 55 97	2	-1	0
86	55 53 58 78	2	-1	0
87	42 22 80 96	4	1	0
88	4 46 38 7	1	-1	0
89	100 8 88 96	2	-1	0
90	50 45 62 7	2	-1	0
91	1 39 67 64	1	-1	0
92	76 84 61 50	4	1	0
93	70 57 65 69	2	-1	0
94	4 26 76 67	1	-1	0
95	5 12 85 6	1	-1	0
96	24 28 74 40	4	4	0
97	20 100 36 59	2	-1	0
98	66 22 37 70	3	2	0
99	41 20 8 67	2	-1	0
100	61 81 32 20	3	4	0
101	81 73 74 15	4	3	0
102	76 24 26 77	2	-1	0
103	84 68 42 62	4	3	0
104	91 8 38 44	2	-1	0
105	12 93 59 84	3	2	0
106	43 42 88 70	2	-1	0
107	96 86 39 48	2	-1	0
108	3 98 73 29	1	-1	0
109	34 73 76 30	4	4	0
110	75 80 54 36	4	2	0
111	15 46 85 88	4	1	0
112	4 24 78 9	1	-1	0
113	43 42 12 25	2	-1	0
114	72 32 29 47	4	1	0
115	6 28 47 26	2	-1	0
116	5 64 29 72	1	-1	0
117	4 7 26 20	1	-1	0
118	9 72 34 91	3	4	0
119	47 48 67 61	4	1	0
120	3 53 13 57	1	-1	0
121	72 54 6 40	2	-1	0
122	5 61 43 60	1	-1	0
123	69 72 73 89	2	-1	0
124	3 45 10 29	1	-1	0
125	49 90 97 29	2	-1	0
126	5 75 49 48	1	-1	0
127	72 47 10 6	4	4	0
128	2 21 18 71	1	-1	0
129	85 27 32 76	3	4	0
130	5 23 89 58	1	-1	0
131	8 99 45 75	3	3	0
132	16 100 7 59	2	-1	0
133	85 19 24 45	4	1	0
134	29 23 31 44	4	2	0
135	98 35 33 81	2	-1	0
136	66 41 85 53	3	2	0
137	67 24 84 27	4	4	0
138	85 84 88 86	4	3	0
139	1 100 17 42	1	-1	0
140	57 17 43 35	3	1	0
141	4 49 72 93	1	-1	0
142	3 27 79 81	1	-1	0
143	95 79 36 60	2	-1	0
144	21 54 74 80	2	-1	0
145	1 83 56 24	1	-1	0
146	2 78 26 86	1	-1	0
147	84 32 77 35	2	-1	0
148	2 8 10 84	1	-1	0
149	49 80 22 78	2	-1	0
150	4 92 89 27	1	-1	0
151	86 76 73 68	4	2	0
152	4 39 80 13	1	-1	0
153	22 45 41 96	2	-1	0
154	4 24 33 13	1	-1	0
155	5 12 34 6	1	-1	0
156	1 19 61 82	1	-1	0
157	33 13 55 65	3	1	0
158	87 50 91 86	4	4	0
159	3 75 52 44	1	-1	0
160	56 90 94 21	2	-1	0
161	2 59 22 36	1	-1	0
162	1 65 71 29	1	-1	0
163	47 32 15 30	3	1	0
164	18 99 67 100	4	3	0
165	39 14 52 62	3	1	0
166	4 22 98 97	1	-1	0
167	52 34 32 85	3	3	0
168	98 27 74 16	4	3	0
169	25 53 75 93	2	-1	0
170	47 60 11 94	4	1	0
171	63 40 51 91	3	4	0
172	49 30 34 58	3	2	0
173	1 45 97 23	1	-1	0
174	24 36 93 84	3	3	0
175	3 89 95 50	1	-1	0
176	3 27 44 24	1	-1	0
177	8 14 51 29	4	2	0
178	73 43 98 49	4	3	0
179	91 69 28 74	3	4	0
180	9 53 79 78	2	-1	0
181	83 41 54 18	3	4	0
182	32 54 40 55	3	4	0
183	93 29 62 40	2	-1	0
184	18 29 77 79	4	2	0
185	95 18 84 34	2	-1	0
186	86 28 6 13	2	-1	0
187	49 45 38 96	4	2	0
188	77 46 65 10	2	-1	0
189	57 47 99 22	2	-1	0
190	46 72 96 25	3	1	0
191	31 21 54 82	3	1	0
192	6 39 38 10	2	-1	0
193	19 72 43 13	4	4	0
194	3 88 32 42	1	-1	0
195	51 69 29 52	4	3	0
196	47 27 56 31	4	1	0
197	58 65 24 94	2	-1	0
198	32 73 61 22	4	4	0
199	34 81 36 52	4	4	0
200	73 37 72 90	4	2	0
201	64 87 81 75	4	3	0
202	64 38 32 7	2	-1	0
203	43 80 77 94	2	-1	0
204	57 22 20 28	4	2	0
205	5 56 28 53	1	-1	0
206	37 71 35 60	2	-1	0
207	63 57 32 19	2	-1	0
208	77 85 74 11	2	-1	0
209	83 68 79 88	3	4	0
210	58 98 66 9	2	-1	0
211	35 83 89 27	3	4	0
212	5 14 62 19	1	-1	0
213	4 76 52 91	1	-1	0
214	59 10 70 6	2	-1	1
215	40 77 55 97	2	-1	0
216	73 40 16 13	2	-1	0
217	57 96 75 100	3	4	0
218	2 42 94 62	1	-1	0
219	1 85 12 97	1	-1	0
220	5 70 86 64	1	-1	0
221	18 77 91 82	2	-1	1
222	51 38 71 61	2	-1	0
223	99 65 22 58	4	3	0
224	57 75 74 76	2	-1	0
225	3 56 62 54	1	-1	0
226	1 45 73 64	1	-1	0
227	49 56 31 67	4	1	0
228	2 55 28 66	1	-1	0
229	66 97 31 53	2	-1	0
230	4 93 30 63	1	-1	0
231	34 8 67 7	2	-1	0
232	42 13 76 37	4	3	0
233	66 41 21 38	4	4	0
234	85 91 86 56	2	-1	0
235	78 82 27 90	3	1	0
236	4 58 85 14	1	-1	0
237	81 50 19 62	4	1	0
238	47 78 19 90	4	2	0
239	54 65 17 25	2	-1	0
240	1 67 51 20	1	-1	0
241	25 66 52 19	2	-1	0
242	46 28 71 58	3	2	0
243	73 18 31 69	4	4	0
244	42 49 32 22	2	-1	0
245	5 96 62 52	1	-1	0
246	3 11 57 73	1	-1	0
247	3 72 22 15	1	-1	0
248	43 23 6 66	4	4	0
249	3 87 84 61	1	-1	0
250	2 44 20 79	1	-1	0
251	1 27 61 81	1	-1	0
252	96 19 32 75	3	1	1
253	75 53 65 64	3	3	0
254	3 25 32 13	1	-1	0
255	25 28 64 58	3	1	0
256	5 40 62 65	1	-1	0
257	72 96 74 69	2	-1	0
258	55 70 27 41	3	2	0
259	42 23 85 52	2	-1	0
260	3 22 82 21	1	-1	0
261	96 49 84 8	2	-1	0
262	17 29 70 92	2	-1	0
263	4 99 29 71	1	-1	0
264	40 97 24 58	2	-1	0
265	50 32 17 43	2	-1	0
266	22 93 14 59	4	2	0
267	3 81 93 13	1	-1	0
268	84 68 90 33	3	1	0
269	51 27 16 94	3	2	0
270	36 35 62 41	4	3	0
271	4 84 65 21	1	-1	0
272	2 64 66 72	1	-1	0
273	8 66 85 78	3	2	0
274	53 27 57 100	3	3	0
275	17 72 92 91	3	3	0
276	3 7 68 73	1	-1	0
277	92 24 72 98	4	4	0
278	2 35 16 46	1	-1	0
279	43 49 41 65	2	-1	0
280	78 86 54 74	2	-1	0
281	77 40 84 69	3	4	0
282	100 63 37 25	4	2	0
283	45 85 75 99	2	-1	0
284	36 99 41 76	3	3	0
285	93 31 22 96	3	3	0
286	69 92 77 85	4	1	0
287	61 48 99 73	4	4	0
288	67 47 62 78	4	2	0
289	4 24 51 30	1	-1	0
290	22 71 69 33	2	-1	0
291	4 54 55 89	1	-1	0
292	40 41 24 8	2	-1	0
293	4 51 48 63	1	-1	0
294	9 40 6 16	2	-1	0
295	91 71 64 87	3	1	0
296	5 34 20 18	1	-1	0
297	3 42 31 19	1	-1	0
298	50 60 10 48	3	4	0
299	59 36 12 37	3	4	0
300	56 72 42 55	3	2	0
301	6 100 22 16	2	-1	0
302	46 53 98 30	2	-1	0
303	4 41 90 20	1	-1	0
304	80 24 50 75	3	1	0
305	14 17 78 52	4	2	0
306	37 96 80 44	2	-1	0
307	4 56 87 57	1	-1	0
308	22 42 26 21	2	-1	0
309	39 57 22 63	3	2	0
310	96 21 40 24	2	-1	0
311	2 76 41 11	1	-1	0
312	1 91 40 76	1	-1	0
313	55 92 93 16	4	2	0
314	27 7 35 24	3	3	0
315	3 80 50 86	1	-1	0
316	20 46 69 53	4	2	0
317	5 52 21 10	1	-1	0
318	32 24 12 45	3	4	0
319	4 9 59 86	1	-1	0
320	3 57 61 60	1	-1	0
321	33 69 89 28	2	-1	0
322	98 87 12 13	3	4	0
323	2 83 76 31	1	-1	0
324	80 43 73 100	3	2	0
325	2 98 27 21	1	-1	0
326	56 22 75 17	2	-1	0
327	23 55 94 29	4	2	0
328	5 62 81 6	1	-1	0
329	39 79 37 43	4	3	0
330	2 90 100 85	1	-1	0
331	44 36 52 86	3	4	0
332	64 39 68 29	4	2	0
333	94 41 50 70	3	2	0
334	2 19 52 26	1	-1	0
335	98 83 71 99	3	1	0
336	39 48 87 74	3	1	0
337	18 38 96 98	3	3	0
338	15 20 38 45	2	-1	0
339	2 68 54 89	1	-1	0
340	97 31 90 61	4	1	0
341	26 27 32 15	3	4	0
342	3 80 63 97	1	-1	0
343	6 82 26 90	2	-1	0
344	4 15 34 81	1	-1	0
345	9 30 58 80	4	4	0
346	58 8 33 97	3	1	0
347	91 13 34 25	4	2	0
348	1 86 84 63	1	-1	0
349	1 72 79 96	1	-1	0
350	90 42 85 61	4	2	0
351	14 42 100 66	3	2	0
352	76 26 44 83	3	4	0
353	3 21 98 82	1	-1	0
354	6 28 24 89	3	4	0
355	96 51 59 18	2	-1	0
356	98 33 37 38	2	-1	0
357	5 75 10 66	1	-1	0
358	81 20 15 47	4	1	0
359	9 70 35 40	2	-1	0
360	55 97 8 64	4	4	0
361	37 57 52 49	2	-1	0
362	69 54 22 58	2	-1	0
363	29 71 73 37	2	-1	0
364	6 83 8 23	2	-1	0
365	11 83 44 94	4	2	0
366	3 80 23 89	1	-1	0
367	66 83 95 47	2	-1	0
368	4 92 82 60	1	-1	0
369	5 44 59 30	1	-1	0
370	96 88 35 28	4	2	0
371	82 50 100 35	2	-1	0
372	64 10 16 13	2	-1	0
373	6 33 85 41	2	-1	0
374	61 93 57 27	3	3	0
375	4 97 39 40	1	-1	0
376	3 7 52 28	1	-1	0
377	54 14 83 29	4	2	0
378	65 41 34 69	4	4	0
379	4 87 22 82	1	-1	0
380	50 17 42 55	4	2	0
381	2 85 20 75	1	-1	0
382	65 34 21 52	3	3	0
383	94 54 49 44	3	4	0
384	3 27 74 76	1	-1	0
385	85 10 49 6	2	-1	0
386	16 50 44 90	2	-1	0
387	15 99 90 7	3	1	0
388	4 34 24 13	1	-1	0
389	17 45 79 100	2	-1	0
390	70 88 58 72	2	-1	0
391	45 33 10 12	4	1	0
392	77 13 37 16	3	4	0
393	71 38 95 52	3	3	0
394	7 53 15 26	3	4	0
395	90 38 52 64	2	-1	0
396	42 8 94 39	2	-1	0
397	99 44 10 100	3	4	0
398	3 40 24 46	1	-1	0
399	41 28 72 94	2	-1	0
400	43 39 22 63	2	-1	0
401	66 60 96 39	4	4	0
402	48 23 12 21	3	2	0
403	21 35 51 17	4	1	0
404	2 12 43 31	1	-1	0
405	87 100 72 54	2	-1	0
406	52 41 70 19	3	4	0
407	49 77 55 63	2	-1	0
408	84 65 20 10	3	2	0
409	43 19 23 68	3	1	0
410	27 15 29 28	3	4	0
411	28 98 73 22	2	-1	0
412	2 99 72 11	1	-1	0
413	53 92 89 32	3	4	0
414	71 22 19 58	4	3	0
415	47 36 82 21	3	3	0
416	64 47 56 60	2	-1	0
417	5 58 73 20	1	-1	0
418	72 9 54 70	4	4	0
419	2 91 35 36	1	-1	0
420	23 73 70 86	3	3	0
421	89 40 10 92	3	3	0
422	25 81 60 49	2	-1	0
423	8 92 30 34	3	2	0
424	88 25 49 94	3	1	0
425	92 41 86 49	2	-1	0
426	89 91 59 37	2	-1	0
427	66 39 31 59	4	2	0
428	95 81 94 9	2	-1	0
429	1 55 76 65	1	-1	0
430	2 54 97 56	1	-1	0
431	70 72 22 54	4	3	0
432	24 54 18 27	4	2	0
433	79 33 19 42	4	3	0
434	99 96 38 86	4	1	0
435	28 19 69 44	3	3	0
436	2 41 100 77	1	-1	0
437	75 40 43 41	2	-1	0
438	3 40 91 29	1	-1	0
439	94 88 81 74	4	3	0
440	92 91 42 36	2	-1	0
441	3 37 95 30	1	-1	0
442	66 59 49 39	4	1	0
443	66 52 74 61	3	2	0
444	3 74 92 7	1	-1	0
445	6 86 24 19	2	-1	0
446	59 44 95 17	3	1	0
447	49 78 71 80	3	2	0
448	24 27 44 1	3	3	0
449	54 11 14 57	3	4	0
450	40 61 78 69	3	3	0
451	45 17 49 28	3	3	0
452	33 15 48 85	3	2	1
453	2 90 24 69	1	-1	0
454	5 36 86 49	1	-1	0
455	98 88 52 65	4	3	0
456	80 70 33 10	2	-1	0
457	1 67 24 48	1	-1	0
458	11 23 99 9	4	1	0
459	62 16 22 7	3	2	0
460	32 80 76 99	2	-1	0
461	49 73 52 76	2	-1	0
462	33 44 76 40	3	2	0
463	3 41 52 14	1	-1	0
464	20 57 60 39	2	-1	0
465	44 60 73 83	4	4	0
466	84 29 60 52	3	1	0
467	3 89 33 59	1	-1	0
468	1 65 76 49	1	-1	0
469	52 99 14 65	3	1	0
470	77 29 79 44	2	-1	0
471	4 12 43 62	1	-1	0
472	82 61 58 45	2	-1	0
473	75 43 61 99	2	-1	0
474	45 69 77 13	2	-1	0
475	77 98 70 100	3	1	0
476	5 18 8 24	1	-1	0
477	20 46 32 63	4	1	0
478	65 45 16 97	4	3	0
479	67 13 85 68	2	-1	0
480	3 32 57 26	1	-1	0
481	85 86 96 70	4	2	0
482	3 40 91 85	1	-1	0
483	4 57 6 23	1	-1	0
484	2 62 24 95	1	-1	1
485	80 89 23 69	3	2	0
486	91 78 45 23	4	4	0
487	78 60 11 81	3	2	0
488	84 78 48 47	2	-1	0
489	94 19 16 42	4	4	0
490	2 72 43 65	1	-1	0
491	33 45 11 60	3	3	0
492	46 12 17 99	3	4	0
493	1 35 100 24	1	-1	0
494	5 36 70 56	1	-1	0
495	3 25 70 67	1	-1	0
496	94 98 34 12	4	3	0
497	80 20 67 49	2	-1	0
498	4 22 19 73	1	-1	0
499	33 28 47 18	3	3	0
500	5 61 48 85	1	-1	0
