Students	500
1	2 40 42 25	1	-1	0
2	2 42 93 97	1	-1	0
3	54 71 7 46	4	3	0
4	45 53 34 73	4	2	0
5	4 15 66 24	1	-1	0
6	51 47 55 81	3	4	0
7	80 41 78 87	2	-1	0
8	42 40 15 69	4	4	0
9	47 99 32 23	3	3	0
10	4 31 9 87	1	-1	0
11	23 90 63 18	4	2	0
12	10 49 39 97	3	4	0
13	82 78 76 57	2	-1	0
14	4 41 61 24	1	-1	0
15	45 7 99 14	4	4	0
16	15 51 98 27	3	1	0
17	62 64 67 46	3	1	0
18	77 64 48 36	4	2	0
19	81 26 8 19	4	3	0
20	41 82 39 48	3	3	0
21	73 43 51 58	3	1	0
22	1 34 37 20	1	-1	0
23	23 9 38 25	4	2	1
24	13 75 73 81	2	-1	0
25	42 67 55 66	3	4	0
26	91 79 85 72	2	-1	0
27	1 92 26 93	1	-1	0
28	47 27 9 88	4	4	0
29	88 18 53 34	4	2	0
30	55 63 79 76	3	2	0
31	2 53 23 82	1	-1	0
32	65 85 56 48	3	3	0
33	11 91 86 39	3	4	0
34	86 100 89 92	4	3	0
35	49 57 33 31	4	4	0
36	23 43 16 60	2	-1	0
37	3 69 74 49	1	-1	0
38	95 62 54 40	3	2	0
39	89 59 22 46	4	3	0
40	68 72 30 38	2	-1	0
41	87 45 13 70	2	-1	0
42	43 64 58 9	4	4	0
43	2 26 55 58	1	-1	0
44	1 59 60 13	1	-1	0
45	58 36 69 12	3	1	0
46	4 67 75 86	1	-1	0
47	29 73 43 15	4	3	0
48	14 86 7 18	2	-1	0
49	1 79 92 67	1	-1	0
50	76 83 74 85	4	1	0
51	5 95 17 75	1	-1	0
52	6 55 47 76	4	4	0
53	20 33 11 35	3	4	0
54	34 93 48 11	4	1	0
55	88 100 95 8	4	3	0
56	99 12 15 49	2	-1	0
57	88 18 70 75	3	3	0
58	92 91 41 83	2	-1	0
59	58 79 28 27	4	1	0
60	1 18 38 76	1	-1	0
61	20 16 85 26	2	-1	0
62	26 95 7 38	3	1	0
63	49 26 29 47	4	2	0
64	72 76 22 26	3	1	0
65	30 78 80 85	3	2	0
66	84 33 23 50	3	2	0
67	27 95 51 8	2	-1	0
68	16 93 80 84	4	1	0
69	88 55 99 50	4	3	0
70	3 37 54 57	1	-1	0
71	4 82 29 15	1	-1	0
72	8 66 42 9	4	3	0
73	5 12 99 96	1	-1	0
74	31 9 35 68	2	-1	0
75	78 55 54 77	3	2	0
76	53 17 78 52	2	-1	0
77	4 90 75 46	1	-1	0
78	1 13 24 43	1	-1	0
79	4 95 96 78	1	-1	0
80	83 54 93 65	3	1	0
81	1 76 85 58	1	-1	0
82	80 51 32 71	2	-1	0
83	73 70 94 63	3	2	0
84	1 93 20 23	1	-1	0
85	55 41 61 94	3	3	0
86	20 17 64 85	4	2	0
87	69 55 18 82	4	1	0
88	10 32 69 35	3	3	0
89	36 67 9 61	4	4	0
90	23 59 7 34	2	-1	0
91	28 50 7 23	3	1	0
92	63 13 40 83	2	-1	0
93	73 45 17 28	3	1	0
94	6 95 29 47	2	-1	0
95	90 92 72 78	4	1	0
96	57 42 36 77	4	2	0
97	23 12 34 87	3	1	0
98	92 78 50 18	4	2	0
99	21 78 75 69	3	1	0
100	3 35 62 79	1	-1	0
101	5 100 43 51	1	-1	0
102	75 68 46 72	3	1	0
103	3 98 16 57	1	-1	0
104	5 93 72 83	1	-1	0
105	49 6 72 93	3	2	0
106	17 33 75 67	2	-1	0
107	10 60 81 75	3	2	0
108	2 21 41 51	1	-1	0
109	5 53 35 23	1	-1	0
110	57 83 87 14	2	-1	0
111	81 96 43 46	3	4	0
112	34 29 13 99	3	2	0
113	12 8 97 53	3	3	0
114	78 9 93 15	4	2	0
115	67 64 23 96	2	-1	0
116	33 75 20 100	4	3	0
117	5 74 54 89	1	-1	0
118	4 79 72 36	1	-1	0
119	92 22 19 68	4	2	0
120	38 85 100 21	2	-1	0
121	36 6 73 48	2	-1	0
122	98 88 55 87	2	-1	0
123	39 84 74 83	4	3	0
124	27 30 79 90	4	1	0
125	74 63 27 68	4	2	0
126	54 46 65 29	4	3	0
127	82 91 36 92	2	-1	0
128	20 11 43 45	3	2	0
129	85 40 17 59	2	-1	0
130	44 89 98 35	3	4	0
131	19 95 66 59	2	-1	0
132	74 45 93 32	2	-1	0
133	71 22 93 97	2	-1	0
134	51 17 76 22	3	2	0
135	65 77 12 93	3	1	0
136	42 79 34 90	3	4	0
137	29 50 11 56	4	3	0
138	72 51 89 8	4	4	0
139	1 15 85 75	1	-1	0
140	66 69 52 61	3	4	0
141	28 94 79 60	2	-1	0
142	95 41 44 74	4	1	0
143	20 81 42 6	3	3	0
144	1 36 96 28	1	-1	0
145	47 69 15 67	3	3	0
146	20 18 42 74	2	-1	0
147	68 36 78 24	4	2	0
148	1 24 51 91	1	-1	0
149	1 74 7 34	1	-1	0
150	24 60 66 10	4	2	0
151	5 99 30 38	1	-1	0
152	38 97 85 73	4	3	0
153	10 26 9 88	4	4	0
154	23 49 21 13	3	4	0
155	5 42 53 51	1	-1	0
156	3 11 56 14	1	-1	0
157	60 6 35 53	4	2	0
158	84 17 9 53	3	2	0
159	77 37 23 70	3	1	0
160	2 78 33 41	1	-1	0
161	55 13 79 59	2	-1	0
162	66 34 65 90	3	3	0
163	2 38 34 17	1	-1	0
164	23 91 81 64	2	-1	0
165	31 18 75 74	4	1	0
166	48 16 50 97	3	2	0
167	61 32 8 77	4	3	0
168	56 75 19 21	2	-1	0
169	9 20 84 30	2	-1	0
170	39 78 48 24	3	4	0
171	73 36 34 76	2	-1	0
172	62 23 98 84	2	-1	0
173	3 43 12 6	1	-1	0
174	63 28 93 60	4	3	0
175	10 51 17 53	4	4	0
176	25 61 73 90	3	3	0
177	79 74 12 67	3	4	0
178	79 44 47 71	3	4	0
179	17 67 24 21	4	3	0
180	4 31 27 97	1	-1	0
181	3 55 49 40	1	-1	0
182	40 39 75 33	4	4	0
183	2 18 78 63	1	-1	0
184	82 44 79 35	3	1	0
185	21 89 22 87	2	-1	0
186	68 94 24 77	4	2	0
187	20 25 63 50	2	-1	0
188	46 10 69 68	2	-1	0
189	73 23 98 33	3	3	0
190	4 78 15 70	1	-1	0
191	5 73 60 38	1	-1	0
192	3 89 35 15	1	-1	0
193	7 22 95 9	2	-1	0
194	18 94 91 60	4	2	0
195	18 11 74 63	3	1	0
196	17 52 9 75	4	1	0
197	73 59 47 62	4	3	0
198	30 84 13 67	2	-1	0
199	97 45 15 66	3	3	0
200	26 30 91 78	2	-1	0
201	92 20 76 27	2	-1	0
202	3 27 17 53	1	-1	0
203	5 10 77 26	1	-1	0
204	15 26 67 8	2	-1	0
205	1 29 70 30	1	-1	0
206	27 76 37 77	4	4	0
207	1 98 35 89	1	-1	0
208	10 69 29 12	4	4	0
209	58 84 87 66	3	4	0
210	42 21 45 58	3	2	0
211	1 70 56 80	1	-1	0
212	15 41 59 23	3	3	0
213	92 81 17 90	2	-1	0
214	61 31 12 91	4	4	0
215	28 88 58 56	4	4	0
216	35 26 58 42	2	-1	0
217	78 41 97 48	3	2	0
218	5 42 100 49	1	-1	0
219	61 65 74 64	2	-1	0
220	5 41 75 7	1	-1	0
221	46 35 72 86	2	-1	0
222	60 36 95 56	2	-1	0
223	20 15 88 67	3	3	0
224	86 10 43 26	2	-1	0
225	23 72 75 54	2	-1	0
226	1 31 19 83	1	-1	0
227	1 93 69 9	1	-1	0
228	5 63 69 97	1	-1	0
229	1 19 73 53	1	-1	0
230	89 70 13 49	3	4	0
231	84 49 12 26	4	1	0
232	3 19 54 69	1	-1	0
233	8 19 46 40	4	1	0
234	37 94 83 69	3	4	0
235	78 79 25 96	3	3	0
236	47 76 51 50	3	3	0
237	53 41 85 95	3	1	0
238	95 12 21 57	2	-1	0
239	3 64 81 30	1	-1	0
240	20 23 68 26	4	1	0
241	85 28 51 100	4	3	0
242	78 71 27 93	4	4	0
243	44 24 23 90	4	1	0
244	94 67 47 57	4	3	0
245	1 99 91 37	1	-1	0
246	4 42 78 66	1	-1	0
247	82 54 95 60	3	3	0
248	57 15 65 90	2	-1	0
249	2 52 95 93	1	-1	0
250	20 30 93 70	4	3	0
251	61 58 93 43	2	-1	0
252	97 19 21 66	2	-1	0
253	29 92 42 50	3	4	0
254	1 39 57 11	1	-1	0
255	65 39 6 87	3	2	0
256	2 95 39 51	1	-1	0
257	50 38 42 39	3	3	0
258	2 24 59 55	1	-1	0
259	33 12 10 28	4	3	0
260	80 41 73 21	2	-1	0
261	2 92 66 90	1	-1	0
262	66 83 75 99	4	1	0
263	2 66 54 10	1	-1	0
264	23 82 32 21	3	1	0
265	45 75 8 18	3	1	0
266	18 86 33 51	2	-1	0
267	56 17 45 32	4	3	0
268	28 45 79 22	3	1	0
269	41 47 94 90	4	4	0
270	100 8 11 32	3	2	0
271	85 70 56 16	3	2	0
272	2 7 11 82	1	-1	0
273	1 22 46 85	1	-1	0
274	51 73 10 97	2	-1	0
275	84 74 44 91	4	3	0
276	7 35 100 57	2	-1	0
277	32 81 29 19	2	-1	0
278	1 56 18 31	1	-1	0
279	14 64 67 42	2	-1	0
280	5 81 98 22	1	-1	0
281	80 56 24 87	3	3	0
282	3 17 9 19	1	-1	0
283	91 65 87 45	3	2	0
284	91 95 81 96	2	-1	0
285	44 22 50 84	3	1	0
286	12 6 73 18	3	4	0
287	9 64 37 62	2	-1	0
288	48 37 26 86	4	1	0
289	81 91 51 89	4	4	0
290	34 73 68 52	2	-1	0
291	100 79 83 88	2	-1	0
292	2 25 72 31	1	-1	0
293	1 73 38 76	1	-1	0
294	1 59 72 97	1	-1	0
295	5 41 68 72	1	-1	0
296	48 24 61 96	4	3	0
297	47 66 20 84	3	3	0
298	74 89 64 54	2	-1	0
299	13 36 82 90	3	4	0
300	1 83 37 91	1	-1	0
301	66 67 22 54	2	-1	0
302	88 72 93 94	2	-1	0
303	3 66 52 25	1	-1	0
304	30 97 84 70	2	-1	0
305	28 7 66 25	4	3	0
306	29 55 20 44	2	-1	0
307	6 86 63 50	2	-1	0
308	14 21 82 8	3	1	0
309	49 97 41 27	3	3	0
310	71 90 79 60	2	-1	0
311	5 71 64 22	1	-1	0
312	1 19 41 25	1	-1	0
313	93 62 31 55	3	1	0
314	4 54 75 85	1	-1	0
315	66 27 48 41	3	2	0
316	19 36 44 16	4	2	0
317	2 20 42 30	1	-1	0
318	2 27 17 71	1	-1	0
319	76 21 66 37	2	-1	0
320	36 78 55 69	3	2	0
321	63 94 53 20	4	1	0
322	46 92 20 7	4	4	0
323	14 96 28 52	3	1	0
324	29 35 53 81	4	4	0
325	16 86 52 90	3	3	0
326	47 100 99 44	4	1	0
327	70 16 54 87	4	3	0
328	11 80 53 22	4	3	0
329	78 14 12 34	3	4	0
330	1 75 95 82	1	-1	0
331	22 62 18 48	3	3	0
332	17 25 46 67	4	1	0
333	76 47 53 38	3	4	0
334	62 58 73 11	4	1	0
335	42 58 19 64	2	-1	0
336	66 75 27 32	4	4	0
337	56 84 8 25	4	3	0
338	34 37 10 77	4	1	0
339	17 7 94 40	4	4	0
340	2 85 60 40	1	-1	0
341	4 82 37 97	1	-1	0
342	42 91 49 63	2	-1	0
343	3 67 12 31	1	-1	0
344	4 28 37 66	1	-1	0
345	47 77 11 63	2	-1	0
346	22 84 88 7	4	2	0
347	51 48 81 69	2	-1	0
348	42 68 92 24	3	1	0
349	87 77 66 30	4	4	0
350	63 46 92 21	4	3	0
351	98 55 64 6	4	4	0
352	1 67 85 60	1	-1	0
353	26 39 25 23	3	1	0
354	34 36 4 51	3	1	0
355	64 100 8 99	3	3	0
356	15 81 42 31	2	-1	0
357	25 21 7 34	4	3	0
358	69 59 97 13	4	3	0
359	52 99 36 8	3	3	0
360	85 68 34 12	4	3	0
361	1 65 38 15	1	-1	0
362	8 30 40 79	4	4	0
363	81 55 15 72	3	3	0
364	17 97 32 41	3	4	0
365	83 87 57 21	2	-1	0
366	45 8 25 97	2	-1	0
367	99 37 17 13	3	3	0
368	65 34 32 78	2	-1	0
369	4 66 48 49	1	-1	0
370	73 47 85 92	4	1	0
371	74 50 92 23	2	-1	0
372	4 29 66 55	1	-1	0
373	5 37 55 32	1	-1	0
374	2 68 13 90	1	-1	0
375	31 10 54 63	3	4	0
376	67 12 43 25	4	2	0
377	71 26 79 66	2	-1	0
378	78 30 81 47	4	2	0
379	3 99 8 33	1	-1	0
380	2 86 53 43	1	-1	0
381	57 33 42 27	3	2	0
382	39 19 66 92	2	-1	0
383	76 72 34 49	3	2	0
384	46 56 97 60	2	-1	0
385	81 84 10 76	3	3	0
386	36 75 17 93	4	3	0
387	89 57 29 8	2	-1	0
388	61 24 98 37	2	-1	0
389	94 54 40 99	3	2	0
390	82 55 18 53	3	4	0
391	77 39 30 99	2	-1	0
392	95 8 6 63	4	3	0
393	2 27 16 91	1	-1	0
394	37 96 95 43	2	-1	0
395	28 25 51 61	4	2	0
396	24 32 44 91	2	-1	0
397	82 57 52 89	4	3	0
398	51 99 64 11	4	3	0
399	43 27 91 47	3	3	0
400	42 49 88 89	3	3	0
401	53 70 26 82	3	1	0
402	19 17 24 14	3	4	0
403	44 79 23 99	3	4	0
404	12 57 7 55	2	-1	0
405	48 82 21 84	3	4	0
406	22 40 84 37	3	2	0
407	4 77 32 91	1	-1	0
408	54 22 20 55	2	-1	0
409	78 16 89 11	3	1	0
410	60 74 27 44	3	2	0
411	9 17 98 66	2	-1	0
412	84 58 49 48	3	4	0
413	34 11 59 48	4	2	0
414	1 41 57 90	1	-1	0
415	57 65 95 7	3	1	0
416	78 69 73 17	2	-1	0
417	2 42 56 33	1	-1	0
418	89 81 80 30	4	4	0
419	85 73 30 47	2	-1	0
420	61 18 32 45	2	-1	0
421	24 79 65 74	3	3	0
422	5 12 84 46	1	-1	0
423	48 43 44 60	2	-1	0
424	3 8 97 59	1	-1	0
425	5 84 7 6	1	-1	0
426	50 32 54 40	3	3	0
427	40 33 62 7	4	2	0
428	81 20 48 36	2	-1	0
429	13 35 17 9	4	3	0
430	12 52 82 100	2	-1	0
431	2 34 23 77	1	-1	0
432	14 97 27 96	2	-1	0
433	3 91 57 96	1	-1	0
434	7 15 65 83	4	4	0
435	63 74 24 23	4	4	0
436	89 52 54 24	3	2	0
437	56 91 67 50	2	-1	0
438	2 67 30 70	1	-1	0
439	77 21 7 42	3	3	0
440	14 85 37 86	3	3	0
441	1 69 11 28	1	-1	0
442	38 53 100 62	3	1	0
443	5 58 74 44	1	-1	0
444	4 75 23 41	1	-1	0
445	39 48 34 57	2	-1	0
446	17 75 38 67	4	1	0
447	84 24 80 93	2	-1	0
448	9 79 31 34	3	2	0
449	69 16 23 68	3	1	0
450	93 35 77 39	2	-1	0
451	1 32 86 6	1	-1	0
452	68 54 84 66	2	-1	0
453	24 81 70 59	4	2	0
454	6 42 25 40	2	-1	0
455	60 40 45 42	3	1	0
456	17 70 95 85	2	-1	0
457	95 55 46 31	4	3	0
458	52 42 71 83	4	2	0
459	2 62 51 23	1	-1	0
460	59 23 11 26	4	2	0
461	77 46 7 65	2	-1	0
462	4 90 96 60	1	-1	0
463	68 14 52 17	2	-1	0
464	33 10 30 47	2	-1	0
465	83 34 89 15	4	2	0
466	47 94 10 25	3	2	0
467	85 43 66 58	3	2	0
468	17 40 29 47	3	1	0
469	85 77 48 42	3	3	0
470	59 94 83 65	3	4	0
471	98 26 42 34	3	1	0
472	81 18 36 49	2	-1	0
473	15 50 95 7	4	2	0
474	51 42 19 10	3	3	0
475	49 17 62 95	3	1	0
476	2 17 74 6	1	-1	1
477	2 13 71 81	1	-1	0
478	35 34 20 38	3	3	0
479	84 21 49 78	2	-1	0
480	2 75 36 91	1	-1	0
481	14 24 54 31	4	1	0
482	50 42 39 79	3	2	0
483	68 90 95 56	3	4	0
484	75 55 63 80	3	3	0
485	2 7 53 40	1	-1	0
486	68 40 66 31	2	-1	0
487	34 35 48 64	2	-1	0
488	49 75 9 43	4	2	0
489	23 26 27 54	3	3	0
490	1 42 40 19	1	-1	0
491	3 74 23 49	1	-1	0
492	4 57 22 28	1	-1	0
493	27 81 39 82	2	-1	0
494	18 8 48 26	4	2	0
495	1 47 56 70	1	-1	0
496	64 14 73 90	2	-1	0
497	4 82 21 20	1	-1	0
498	5 74 99 26	1	-1	0
499	37 30 16 28	4	4	0
500	1 10 14 48	1	-1	0
