Students	500
1	3 74 46 58	1	-1	0
2	57 95 25 42	4	2	0
3	51 47 20 72	2	-1	0
4	1 7 20 30	1	-1	0
5	82 69 27 58	3	3	0
6	30 44 92 37	2	-1	0
7	97 30 39 6	4	1	0
8	88 34 47 70	4	1	0
9	3 91 41 18	1	-1	0
10	66 82 28 75	3	2	0
11	14 100 32 48	4	2	0
12	22 34 84 41	4	2	0
13	25 73 34 5	2	-1	0
14	10 14 28 18	4	2	0
15	80 32 51 34	2	-1	0
16	47 89 70 41	2	-1	0
17	41 95 92 15	4	3	0
18	4 67 16 56	1	-1	0
19	14 98 53 59	2	-1	0
20	66 59 96 70	2	-1	0
21	56 30 93 82	4	4	0
22	68 76 42 8	2	-1	0
23	9 10 77 54	3	3	0
24	56 61 94 34	4	3	0
25	64 58 95 97	3	3	1
26	3 34 45 69	1	-1	0
27	91 54 31 51	2	-1	0
28	30 20 73 23	3	4	0
29	57 58 63 75	2	-1	0
30	46 72 88 77	4	3	0
31	9 28 62 47	2	-1	0
32	5 40 56 87	1	-1	0
33	4 49 47 44	1	-1	0
34	4 46 93 77	1	-1	0
35	94 53 75 42	3	2	0
36	3 95 88 26	1	-1	0
37	75 39 99 10	3	1	0
38	90 100 98 34	4	2	0
39	53 28 73 17	4	2	0
40	88 38 81 20	2	-1	0
41	7 80 33 71	4	3	0
42	25 23 31 79	4	2	0
43	9 76 22 95	4	3	0
44	99 92 17 70	4	4	0
45	55 15 36 96	3	1	0
46	91 100 48 8	3	3	0
47	1 84 68 60	1	-1	0
48	51 58 88 66	2	-1	1
49	99 39 90 34	3	3	0
50	56 11 92 93	2	-1	0
51	2 27 46 95	1	-1	0
52	6 100 15 98	2	-1	0
53	2 31 48 20	1	-1	0
54	89 96 8 98	2	-1	0
55	49 38 100 67	4	4	0
56	4 23 63 45	1	-1	0
57	71 19 20 49	4	1	0
58	53 78 71 31	3	4	0
59	67 40 14 41	3	1	0
60	1 80 50 16	1	-1	0
61	33 65 31 23	4	2	0
62	88 59 89 99	4	1	0
63	40 50 84 20	2	-1	0
64	52 31 95 15	3	3	0
65	4 34 35 23	1	-1	0
66	45 52 22 50	2	-1	0
67	42 63 47 16	4	4	0
68	13 17 27 91	2	-1	0
69	1 81 28 56	1	-1	0
70	19 17 85 100	3	4	0
71	83 34 29 97	4	3	0
72	22 73 50 78	3	3	0
73	5 42 22 81	1	-1	0
74	92 6 73 85	2	-1	0
75	3 17 30 42	1	-1	0
76	52 56 55 70	3	3	0
77	93 29 79 33	4	4	0
78	13 91 14 82	4	4	0
79	56 9 47 30	3	1	0
80	23 77 50 16	2	-1	0
81	47 27 84 73	4	4	0
82	35 50 33 56	3	3	0
83	27 100 95 23	2	-1	0
84	91 39 54 50	4	4	0
85	48 97 19 87	2	-1	0
86	39 60 32 43	2	-1	0
87	84 47 14 100	3	4	0
88	4 100 79 17	1	-1	0
89	2 99 40 75	1	-1	0
90	39 64 13 27	2	-1	0
91	1 83 58 46	1	-1	0
92	17 75 64 29	2	-1	0
93	19 99 69 90	4	1	0
94	1 98 28 79	1	-1	0
95	42 90 38 17	3	3	0
96	6 82 74 48	4	2	0
97	41 69 29 59	3	4	0
98	81 48 60 52	2	-1	0
99	8 21 20 71	2	-1	0
100	60 62 79 35	3	2	0
101	21 60 33 66	2	-1	0
102	11 70 42 99	2	-1	0
103	56 81 51 30	3	2	0
104	50 15 52 80	2	-1	0
105	75 46 66 37	4	1	0
106	10 9 47 37	2	-1	0
107	2 46 23 8	1	-1	0
108	2 66 71 84	1	-1	0
109	4 84 78 88	1	-1	0
110	15 35 75 6	3	3	0
111	33 24 51 61	2	-1	0
112	80 45 65 41	3	2	0
113	36 55 23 100	4	3	0
114	70 74 65 39	4	2	0
115	2 66 51 47	1	-1	0
116	16 88 57 92	4	2	0
117	84 82 99 53	4	4	0
118	34 40 75 32	2	-1	0
119	42 28 25 95	2	-1	0
120	12 57 16 86	3	3	0
121	9 50 62 46	2	-1	0
122	41 93 33 46	2	-1	0
123	31 25 30 18	4	1	0
124	46 33 52 57	2	-1	0
125	14 22 69 51	2	-1	0
126	2 94 85 38	1	-1	0
127	37 54 58 80	2	-1	0
128	78 23 25 51	4	1	0
129	3 14 81 32	1	-1	0
130	59 63 10 41	4	4	0
131	76 15 70 66	4	1	0
132	5 67 29 99	1	-1	0
133	95 69 31 73	2	-1	0
134	55 6 15 79	2	-1	0
135	21 55 25 22	4	2	0
136	30 73 97 75	4	4	0
137	90 37 77 22	3	3	0
138	5 63 72 59	1	-1	0
139	21 100 29 89	4	2	0
140	2 9 97 66	1	-1	0
141	4 28 30 24	1	-1	0
142	14 27 25 18	4	4	0
143	57 96 76 66	4	1	0
144	11 15 85 63	4	1	0
145	5 6 50 78	1	-1	0
146	70 13 83 88	3	3	0
147	15 60 65 28	4	3	0
148	47 28 98 6	4	3	0
149	14 62 28 81	4	2	0
150	7 56 44 11	2	-1	0
151	8 32 65 95	2	-1	0
152	38 32 99 21	4	2	0
153	6 54 89 80	3	4	0
154	5 42 72 53	1	-1	0
155	62 98 99 15	3	4	0
156	4 48 95 50	1	-1	0
157	48 58 37 93	3	3	0
158	1 56 47 6	1	-1	0
159	5 71 9 63	1	-1	0
160	32 61 95 30	4	2	0
161	99 20 97 35	3	1	0
162	38 29 17 74	2	-1	0
163	37 51 58 13	4	3	0
164	54 89 19 97	3	1	0
165	40 64 27 92	4	2	0
166	2 22 61 65	1	-1	0
167	4 55 56 17	1	-1	0
168	72 51 50 59	2	-1	0
169	21 84 95 38	4	3	0
170	32 48 35 36	2	-1	0
171	84 78 18 22	3	3	0
172	3 18 13 61	1	-1	0
173	4 41 74 71	1	-1	0
174	69 24 81 44	2	-1	0
175	31 38 36 41	2	-1	0
176	67 74 13 26	3	1	0
177	84 69 79 40	2	-1	0
178	76 44 71 21	4	2	0
179	92 75 82 58	3	4	0
180	26 38 18 73	3	1	0
181	51 15 18 73	4	1	0
182	2 92 77 39	1	-1	0
183	30 22 75 71	3	1	0
184	99 36 85 39	4	2	0
185	98 7 94 70	2	-1	0
186	33 39 12 22	2	-1	0
187	3 77 7 91	1	-1	0
188	3 29 33 80	1	-1	0
189	60 21 97 98	4	3	0
190	69 65 23 78	4	1	0
191	77 64 96 97	4	2	0
192	93 45 30 13	2	-1	0
193	28 84 23 10	3	2	0
194	3 92 43 80	1	-1	0
195	5 28 78 20	1	-1	0
196	69 48 79 8	4	4	0
197	2 55 48 30	1	-1	0
198	2 24 64 8	1	-1	0
199	5 45 69 53	1	-1	0
200	51 91 75 43	3	2	0
201	18 98 20 7	4	1	0
202	2 32 99 34	1	-1	0
203	1 83 71 16	1	-1	0
204	14 63 89 25	3	2	0
205	4 39 42 52	1	-1	0
206	15 54 90 97	4	4	0
207	5 77 20 31	1	-1	0
208	67 85 84 20	4	1	0
209	11 42 30 54	3	2	0
210	78 60 50 46	3	1	0
211	15 83 56 78	3	2	0
212	7 38 85 8	4	3	0
213	14 72 12 88	4	2	1
214	23 89 86 13	2	-1	0
215	87 84 94 27	4	4	0
216	46 11 88 76	4	1	0
217	55 23 87 66	2	-1	0
218	5 7 6 69	1	-1	0
219	99 85 89 26	3	3	0
220	90 47 24 93	3	4	0
221	35 21 64 87	4	3	0
222	1 70 33 41	1	-1	0
223	3 33 16 60	1	-1	0
224	91 85 64 92	2	-1	0
225	68 51 55 14	4	2	0
226	70 15 10 14	3	4	0
227	50 66 54 61	4	3	0
228	86 72 55 73	3	4	0
229	35 64 94 95	2	-1	0
230	62 19 98 65	4	2	0
231	13 17 61 12	2	-1	0
232	3 26 20 9	1	-1	0
233	48 62 51 25	3	1	0
234	1 11 64 74	1	-1	0
235	2 83 66 42	1	-1	0
236	59 83 85 37	3	4	0
237	36 11 71 10	3	4	0
238	33 69 53 90	4	3	0
239	35 94 51 20	3	4	0
240	5 23 38 66	1	-1	0
241	12 59 32 86	2	-1	0
242	81 49 23 91	4	4	0
243	100 40 73 90	2	-1	0
244	48 78 43 70	4	3	0
245	67 38 64 76	4	4	0
246	16 68 75 84	2	-1	0
247	3 51 90 20	1	-1	0
248	1 90 49 100	1	-1	0
249	60 68 8 57	2	-1	0
250	67 77 33 90	2	-1	0
251	28 61 77 31	2	-1	0
252	74 51 72 35	2	-1	0
253	2 55 44 85	1	-1	0
254	2 22 49 72	1	-1	0
255	1 74 42 85	1	-1	0
256	37 59 46 94	4	2	0
257	60 97 74 28	2	-1	0
258	100 62 70 97	4	3	0
259	63 91 30 60	4	4	0
260	89 16 92 25	4	4	0
261	93 37 42 64	2	-1	0
262	68 71 59 22	3	3	0
263	48 99 65 92	3	3	0
264	33 36 45 78	2	-1	0
265	99 86 32 65	2	-1	0
266	29 20 55 31	4	3	0
267	20 24 85 13	4	1	0
268	55 84 74 23	4	2	0
269	28 84 88 54	3	4	0
270	79 58 45 57	2	-1	0
271	98 9 99 26	4	3	0
272	43 76 99 97	2	-1	0
273	26 100 18 46	2	-1	0
274	85 57 77 98	4	4	0
275	46 23 86 94	3	1	0
276	5 40 61 6	1	-1	0
277	1 59 72 70	1	-1	0
278	61 45 35 56	2	-1	0
279	52 43 40 99	2	-1	0
280	51 40 49 71	3	3	0
281	84 83 92 66	4	4	0
282	4 46 22 48	1	-1	0
283	27 91 8 99	4	1	0
284	4 14 18 37	1	-1	0
285	75 84 51 28	2	-1	0
286	53 85 59 77	3	1	0
287	95 92 19 14	2	-1	0
288	98 29 92 38	2	-1	0
289	60 75 73 63	3	1	0
290	15 28 47 85	4	4	0
291	25 37 76 97	2	-1	0
292	2 60 100 6	1	-1	0
293	2 89 50 7	1	-1	0
294	64 86 87 16	2	-1	0
295	2 27 82 40	1	-1	0
296	1 93 71 61	1	-1	0
297	28 78 40 46	4	4	0
298	35 86 74 31	3	3	0
299	4 23 84 78	1	-1	0
300	50 42 33 27	2	-1	0
301	84 23 72 74	3	4	0
302	56 21 67 87	2	-1	0
303	5 68 49 39	1	-1	0
304	50 21 26 60	2	-1	0
305	13 81 11 28	2	-1	0
306	49 15 74 45	4	4	0
307	8 66 22 16	4	2	0
308	99 91 89 80	3	4	0
309	23 85 82 21	2	-1	0
310	91 92 86 98	4	3	0
311	4 49 84 64	1	-1	0
312	5 64 12 48	1	-1	0
313	17 85 99 23	3	4	0
314	84 11 34 86	2	-1	0
315	12 17 96 75	2	-1	0
316	11 49 32 52	4	4	0
317	46 75 93 44	2	-1	0
318	40 29 42 26	3	4	0
319	3 62 81 69	1	-1	0
320	24 19 90 43	4	4	0
321	64 17 55 45	4	1	0
322	21 89 69 40	2	-1	0
323	8 71 60 52	2	-1	0
324	90 94 85 86	3	4	0
325	52 55 97 99	2	-1	0
326	11 46 48 82	3	1	0
327	35 65 30 62	3	1	0
328	91 45 34 43	2	-1	0
329	91 92 60 61	2	-1	0
330	2 23 59 83	1	-1	0
331	39 91 52 15	2	-1	0
332	75 99 27 8	4	1	0
333	85 58 67 46	3	4	0
334	57 80 7 13	3	1	0
335	59 40 49 67	2	-1	0
336	51 48 92 12	3	3	0
337	30 7 32 53	4	1	0
338	52 63 56 84	2	-1	0
339	81 58 64 57	4	4	0
340	1 92 6 50	1	-1	0
341	91 31 8 36	2	-1	0
342	5 51 19 12	1	-1	0
343	75 67 33 86	2	-1	0
344	6 39 8 34	4	2	0
345	79 100 30 59	2	-1	0
346	21 48 32 51	2	-1	0
347	51 15 28 69	4	3	0
348	3 23 80 34	1	-1	0
349	40 43 24 89	2	-1	0
350	38 99 39 18	4	3	0
351	89 50 64 9	3	2	0
352	28 92 57 3	4	2	0
353	86 21 16 85	4	1	0
354	74 71 56 46	4	4	0
355	92 20 33 86	4	2	0
356	25 74 81 41	3	2	0
357	27 64 54 37	4	2	0
358	74 8 27 76	3	4	0
359	52 30 93 14	3	3	0
360	37 69 16 49	3	4	0
361	9 38 40 87	2	-1	0
362	4 62 59 42	1	-1	0
363	94 27 75 56	4	1	0
364	19 40 30 77	3	3	0
365	84 80 44 53	2	-1	0
366	30 16 99 43	3	2	0
367	1 49 58 41	1	-1	0
368	5 55 47 89	1	-1	0
369	2 18 72 82	1	-1	0
370	83 10 77 97	3	3	0
371	2 35 76 39	1	-1	0
372	94 58 86 10	2	-1	0
373	23 87 86 70	3	1	0
374	4 11 17 24	1	-1	0
375	34 89 48 15	3	2	0
376	55 65 28 77	3	1	0
377	4 33 13 96	1	-1	0
378	70 29 43 73	2	-1	0
379	52 49 99 53	2	-1	0
380	92 56 13 49	3	4	0
381	60 98 57 10	4	2	0
382	12 85 98 100	4	4	0
383	14 64 39 22	4	1	0
384	10 40 69 79	2	-1	0
385	6 90 10 57	3	1	0
386	1 21 90 66	1	-1	0
387	22 34 47 64	3	4	0
388	3 80 69 15	1	-1	0
389	84 66 85 98	2	-1	0
390	25 55 30 31	4	4	0
391	77 14 87 83	2	-1	0
392	4 46 20 39	1	-1	0
393	1 91 23 92	1	-1	0
394	1 52 68 89	1	-1	0
395	58 61 30 34	2	-1	0
396	20 57 84 95	3	4	0
397	89 88 67 60	3	4	0
398	81 76 85 50	2	-1	0
399	1 28 99 87	1	-1	0
400	48 61 90 19	2	-1	0
401	50 68 41 24	3	3	0
402	90 57 94 99	2	-1	0
403	72 30 22 83	3	3	0
404	93 27 52 33	2	-1	0
405	100 25 13 64	3	2	0
406	88 69 67 98	2	-1	0
407	85 39 16 58	2	-1	0
408	46 77 33 13	4	4	0
409	56 9 11 12	4	1	0
410	33 12 8 81	3	4	0
411	19 57 76 83	3	2	0
412	28 92 17 50	4	3	0
413	94 39 44 45	3	3	0
414	32 76 16 27	4	4	0
415	31 76 55 61	2	-1	0
416	55 64 54 24	2	-1	0
417	62 13 85 65	2	-1	0
418	1 26 69 95	1	-1	0
419	73 85 53 36	3	1	0
420	21 64 86 8	2	-1	0
421	37 32 56 18	4	3	0
422	12 64 50 51	2	-1	0
423	79 18 100 33	3	1	0
424	6 82 68 16	4	3	0
425	83 13 80 61	2	-1	1
426	4 63 77 46	1	-1	0
427	3 15 21 19	1	-1	0
428	72 17 91 97	2	-1	0
429	63 23 92 42	3	2	0
430	4 57 93 60	1	-1	0
431	4 83 36 75	1	-1	0
432	84 78 14 100	2	-1	0
433	4 33 88 70	1	-1	0
434	42 68 90 88	2	-1	0
435	34 54 85 20	3	4	0
436	2 69 37 84	1	-1	0
437	54 70 66 92	2	-1	0
438	13 90 77 63	4	3	0
439	70 8 51 83	2	-1	0
440	18 96 39 79	3	2	0
441	24 98 84 47	4	4	0
442	1 17 35 63	1	-1	0
443	32 47 62 24	4	2	0
444	74 25 46 24	2	-1	0
445	58 87 91 100	2	-1	0
446	3 64 83 58	1	-1	0
447	89 29 56 99	4	3	0
448	98 58 42 47	2	-1	0
449	4 100 9 99	1	-1	0
450	90 73 85 37	2	-1	0
451	72 22 62 11	4	2	0
452	5 41 24 58	1	-1	0
453	28 10 32 77	3	3	0
454	29 95 83 43	2	-1	0
455	90 32 59 67	2	-1	0
456	34 84 42 57	3	4	0
457	41 66 40 76	2	-1	0
458	4 30 58 84	1	-1	0
459	3 81 85 27	1	-1	0
460	31 21 57 14	3	3	0
461	95 43 50 62	2	-1	0
462	71 55 78 39	4	4	0
463	93 92 72 51	4	4	0
464	4 18 78 42	1	-1	1
465	95 81 68 9	4	2	0
466	90 96 45 18	3	1	0
467	5 24 13 28	1	-1	0
468	26 17 45 46	3	4	0
469	3 79 52 87	1	-1	0
470	11 27 58 57	3	4	0
471	77 14 89 86	4	3	0
472	7 65 89 13	4	2	0
473	25 97 41 59	3	4	0
474	45 94 59 89	3	3	0
475	87 37 6 36	3	4	0
476	66 77 16 9	2	-1	0
477	42 18 44 87	2	-1	0
478	1 45 24 38	1	-1	0
479	80 71 56 14	2	-1	0
480	56 62 37 24	3	3	0
481	33 48 67 24	4	3	0
482	28 27 76 55	2	-1	0
483	46 69 35 86	3	4	0
484	1 16 44 36	1	-1	0
485	45 46 57 47	2	-1	0
486	21 52 62 65	2	-1	0
487	96 47 87 14	4	2	0
488	53 16 23 71	4	4	0
489	46 87 95 34	2	-1	0
490	5 25 20 83	1	-1	0
491	100 36 10 25	2	-1	0
492	56 81 57 68	2	-1	0
493	99 47 22 13	4	1	0
494	4 59 56 47	1	-1	0
495	28 13 78 7	3	1	0
496	83 17 70 69	3	2	0
497	43 84 90 8	3	4	0
498	75 21 63 16	4	4	0
499	39 42 91 99	3	1	0
500	16 50 83 59	3	2	0
