Students	500
1	20 64 49 95	3	2	0
2	32 25 49 78	4	1	0
3	6 82 68 65	3	1	0
4	87 98 67 90	4	4	0
5	48 94 58 8	4	1	0
6	6 77 75 98	3	3	0
7	24 33 87 86	4	3	0
8	4 62 12 21	1	-1	0
9	85 71 39 68	3	4	0
10	38 72 33 80	4	4	0
11	84 22 51 65	4	1	0
12	99 72 13 100	4	3	0
13	67 29 36 78	3	2	0
14	5 92 95 86	1	-1	0
15	98 66 54 28	3	4	0
16	65 43 50 59	2	-1	0
17	88 62 44 72	3	3	0
18	37 17 64 15	4	3	0
19	5 70 98 73	1	-1	0
20	5 23 30 99	1	-1	0
21	5 88 89 69	1	-1	0
22	68 29 7 94	2	-1	0
23	35 95 38 11	4	2	0
24	6 78 56 80	2	-1	0
25	65 38 75 81	3	1	0
26	4 93 16 31	1	-1	0
27	46 33 47 10	3	2	0
28	5 62 39 81	1	-1	0
29	81 68 89 86	2	-1	0
30	3 96 56 33	1	-1	0
31	44 93 42 90	2	-1	0
32	3 25 65 28	1	-1	0
33	41 75 19 56	4	1	0
34	34 80 96 32	2	-1	0
35	46 71 16 100	2	-1	0
36	8 66 42 79	4	4	1
37	99 58 87 32	3	2	0
38	12 87 53 64	3	1	0
39	1 22 15 94	1	-1	0
40	53 23 46 17	4	4	0
41	17 45 44 20	2	-1	0
42	4 77 95 54	1	-1	0
43	64 10 75 30	3	2	0
44	5 46 47 49	1	-1	0
45	5 39 55 83	1	-1	0
46	91 63 45 90	3	4	0
47	59 56 63 24	2	-1	0
48	68 69 10 27	4	4	0
49	57 95 90 6	3	2	0
50	97 98 83 29	4	1	0
51	66 80 83 20	2	-1	0
52	71 98 14 27	2	-1	0
53	20 77 60 35	2	-1	0
54	1 57 78 24	1	-1	0
55	4 42 38 50	1	-1	0
56	45 71 82 75	2	-1	0
57	83 48 32 8	4	2	0
58	99 52 6 21	4	2	0
59	82 81 84 33	2	-1	0
60	5 64 91 72	1	-1	0
61	33 81 17 82	3	2	0
62	55 46 33 50	4	4	0
63	53 69 16 40	4	2	0
64	1 64 55 56	1	-1	0
65	53 100 29 56	4	3	0
66	36 50 51 9	2	-1	0
67	28 27 62 45	3	3	0
68	26 38 48 44	2	-1	0
69	21 78 49 80	3	1	0
70	27 83 64 98	4	4	0
71	8 61 39 6	4	2	0
72	44 91 85 53	2	-1	0
73	18 100 74 79	4	2	0
74	88 95 50 69	3	3	0
75	87 47 15 93	2	-1	0
76	70 24 52 11	3	3	0
77	96 86 57 51	4	3	0
78	83 64 79 43	4	2	0
79	42 47 71 63	2	-1	0
80	4 21 70 53	1	-1	0
81	1 26 69 13	1	-1	0
82	54 11 12 99	2	-1	0
83	60 25 92 69	2	-1	0
84	55 40 51 26	4	1	0
85	2 28 95 36	1	-1	0
86	82 28 33 38	3	3	0
87	64 41 36 58	2	-1	0
88	88 59 90 9	2	-1	0
89	79 57 41 24	4	4	0
90	29 47 69 24	3	4	0
91	23 70 60 10	3	1	0
92	89 74 82 8	3	3	0
93	14 46 97 29	3	2	0
94	4 25 86 70	1	-1	0
95	82 18 47 92	2	-1	0
96	64 14 17 44	4	3	0
97	1 46 24 48	1	-1	0
98	16 73 81 23	2	-1	0
99	12 100 86 98	3	2	0
100	41 49 29 25	2	-1	0
101	93 92 87 76	2	-1	0
102	20 36 100 37	3	2	0
103	26 60 8 48	3	1	0
104	5 20 56 58	1	-1	0
105	8 41 99 16	3	3	0
106	18 73 41 48	4	3	0
107	3 28 9 66	1	-1	0
108	24 25 22 16	2	-1	0
109	5 68 80 96	1	-1	0
110	73 85 99 82	4	3	0
111	34 76 31 6	3	3	0
112	12 67 71 19	3	3	0
113	95 51 85 45	2	-1	0
114	2 53 49 78	1	-1	0
115	27 88 82 7	3	2	0
116	3 16 43 57	1	-1	0
117	4 31 80 17	1	-1	0
118	5 50 20 60	1	-1	0
119	4 25 87 67	1	-1	0
120	12 55 14 72	2	-1	0
121	22 66 20 12	4	1	0
122	98 57 56 79	2	-1	0
123	44 37 28 48	3	3	0
124	49 59 28 79	4	1	0
125	29 33 64 40	4	3	0
126	29 14 48 95	2	-1	0
127	54 38 22 57	4	2	0
128	35 88 43 10	3	3	0
129	60 63 39 29	3	3	0
130	90 47 77 62	3	1	0
131	96 53 70 33	4	4	0
132	53 79 20 34	4	1	0
133	3 17 89 80	1	-1	0
134	100 12 58 86	2	-1	0
135	3 13 86 37	1	-1	0
136	27 52 24 100	4	3	0
137	94 69 70 27	4	3	0
138	21 40 56 47	2	-1	0
139	78 52 21 81	3	1	0
140	34 82 93 52	4	2	0
141	16 14 52 89	3	4	0
142	5 53 98 23	1	-1	0
143	56 53 55 66	4	3	0
144	2 54 7 78	1	-1	1
145	87 29 93 80	2	-1	0
146	48 82 7 10	3	3	0
147	43 18 69 58	3	3	0
148	89 79 41 80	2	-1	0
149	3 32 70 33	1	-1	0
150	23 18 47 8	4	3	0
151	8 92 96 13	2	-1	0
152	4 41 88 42	1	-1	0
153	15 56 70 38	3	3	0
154	2 57 77 11	1	-1	0
155	46 44 92 60	2	-1	0
156	4 19 98 49	1	-1	0
157	10 15 67 77	3	3	0
158	1 80 35 20	1	-1	0
159	11 64 43 34	3	3	0
160	34 39 17 94	4	2	0
161	77 97 100 24	4	1	0
162	79 39 27 21	3	3	0
163	27 80 36 48	3	4	0
164	36 61 63 21	3	2	0
165	7 34 10 79	3	4	0
166	12 89 37 59	4	4	0
167	93 91 28 76	4	1	0
168	2 40 79 66	1	-1	0
169	63 13 37 59	2	-1	0
170	5 10 51 48	1	-1	0
171	4 43 64 72	1	-1	0
172	62 29 74 49	3	4	0
173	2 95 46 13	1	-1	0
174	3 97 52 100	1	-1	0
175	1 64 18 38	1	-1	0
176	4 13 94 82	1	-1	0
177	68 25 72 37	4	2	0
178	70 91 35 58	2	-1	0
179	4 25 26 70	1	-1	0
180	2 6 17 98	1	-1	0
181	34 93 41 60	4	4	0
182	4 79 26 85	1	-1	0
183	11 88 94 81	2	-1	0
184	6 38 69 16	3	2	1
185	26 87 83 33	4	4	0
186	22 11 19 13	4	2	0
187	97 84 91 19	2	-1	0
188	23 91 74 50	4	4	0
189	73 34 80 16	4	4	0
190	31 97 83 99	4	1	0
191	92 96 81 13	4	4	0
192	82 65 25 83	4	1	0
193	10 79 68 88	4	3	0
194	65 31 48 32	3	2	0
195	2 65 88 54	1	-1	0
196	4 12 24 54	1	-1	0
197	2 10 46 13	1	-1	0
198	48 80 78 12	3	4	0
199	50 66 12 75	3	1	0
200	81 8 89 25	2	-1	0
201	83 49 35 44	3	2	0
202	45 37 28 77	4	3	0
203	81 57 52 7	2	-1	0
204	64 81 37 85	4	4	0
205	84 50 79 43	4	3	1
206	4 99 7 9	1	-1	0
207	32 66 81 67	2	-1	0
208	27 84 63 100	3	3	1
209	30 27 12 17	2	-1	0
210	2 24 9 67	1	-1	0
211	26 70 46 20	4	3	0
212	57 19 17 56	4	4	0
213	95 70 84 12	4	4	0
214	1 43 94 83	1	-1	0
215	21 69 78 74	3	4	0
216	48 93 45 6	2	-1	0
217	10 54 34 98	2	-1	0
218	15 8 23 16	2	-1	0
219	11 57 80 23	4	4	0
220	26 14 66 93	4	3	0
221	55 37 68 16	2	-1	0
222	1 35 100 97	1	-1	0
223	10 30 45 88	2	-1	0
224	87 88 57 99	3	3	0
225	60 53 44 43	2	-1	0
226	5 59 33 38	1	-1	0
227	24 53 8 81	4	4	0
228	40 19 81 60	2	-1	0
229	100 99 36 59	2	-1	0
230	81 96 52 55	3	1	0
231	44 94 81 62	2	-1	0
232	43 22 53 89	2	-1	0
233	66 6 64 20	2	-1	0
234	100 29 82 62	3	1	0
235	2 86 37 55	1	-1	0
236	80 65 66 12	4	3	0
237	68 49 37 63	3	2	0
238	69 39 24 34	3	4	0
239	96 33 83 39	3	4	0
240	10 80 25 7	2	-1	0
241	99 15 28 86	4	1	0
242	85 36 7 82	4	1	0
243	2 76 55 28	1	-1	0
244	6 99 18 87	3	4	0
245	71 90 19 30	3	1	0
246	3 93 80 50	1	-1	0
247	10 68 55 63	2	-1	0
248	1 86 83 94	1	-1	0
249	44 79 93 73	2	-1	0
250	58 36 94 88	3	2	0
251	76 51 33 63	2	-1	0
252	1 82 69 31	1	-1	0
253	77 59 46 93	2	-1	0
254	66 18 54 22	4	2	0
255	86 41 77 63	4	2	0
256	3 77 82 7	1	-1	0
257	84 24 53 95	3	1	0
258	27 63 47 22	4	2	0
259	2 91 45 23	1	-1	0
260	5 53 64 24	1	-1	0
261	8 52 83 22	3	2	0
262	3 13 62 18	1	-1	0
263	18 70 83 28	3	3	1
264	2 54 86 19	1	-1	0
265	4 81 66 21	1	-1	0
266	3 94 43 33	1	-1	0
267	46 82 94 86	2	-1	0
268	32 89 14 25	4	1	0
269	74 53 9 50	4	2	0
270	38 59 63 55	4	4	0
271	76 47 11 12	4	4	0
272	93 69 71 76	3	4	0
273	66 19 24 20	2	-1	0
274	54 50 7 56	4	1	0
275	11 65 89 31	2	-1	0
276	96 93 75 14	3	4	0
277	21 82 22 59	4	2	0
278	66 39 15 81	3	1	0
279	13 66 82 58	2	-1	0
280	67 71 80 84	3	3	0
281	87 35 54 42	3	1	0
282	96 86 45 93	3	2	0
283	51 66 60 40	2	-1	0
284	76 25 91 20	3	2	0
285	96 56 11 92	3	2	0
286	2 46 58 17	1	-1	0
287	69 100 21 18	3	4	0
288	2 8 12 87	1	-1	0
289	10 33 95 39	4	1	0
290	52 100 94 72	2	-1	0
291	25 62 28 91	4	2	0
292	11 43 18 41	2	-1	0
293	4 92 6 51	1	-1	0
294	27 12 30 40	2	-1	0
295	80 67 42 16	4	4	0
296	1 88 20 21	1	-1	0
297	50 60 58 77	2	-1	0
298	2 16 61 82	1	-1	0
299	58 98 61 75	4	4	0
300	59 66 17 41	2	-1	0
301	87 81 64 24	2	-1	1
302	51 12 17 72	4	3	0
303	67 95 79 6	2	-1	0
304	2 59 66 73	1	-1	0
305	62 78 10 36	2	-1	0
306	37 22 47 71	3	2	0
307	75 43 81 28	4	1	0
308	50 66 68 60	4	1	0
309	98 15 99 29	3	4	0
310	76 22 26 28	3	4	0
311	43 37 47 58	2	-1	0
312	100 69 66 90	4	4	0
313	37 8 28 84	4	4	0
314	43 99 18 77	3	4	0
315	60 36 17 86	2	-1	0
316	18 68 24 33	3	3	0
317	80 53 74 19	4	1	0
318	96 58 52 100	4	2	0
319	2 18 8 66	1	-1	0
320	5 88 23 96	1	-1	0
321	1 16 36 70	1	-1	0
322	100 75 13 72	2	-1	0
323	14 84 70 94	3	3	0
324	3 51 63 45	1	-1	0
325	5 65 29 72	1	-1	0
326	54 87 45 47	3	3	0
327	96 13 41 59	4	3	0
328	48 93 99 83	3	4	0
329	4 15 70 30	1	-1	0
330	4 73 36 79	1	-1	0
331	57 13 68 32	4	3	0
332	96 38 25 70	3	1	0
333	56 79 6 72	4	1	0
334	41 66 11 82	2	-1	0
335	2 96 89 39	1	-1	0
336	8 69 60 80	3	3	0
337	3 14 70 46	1	-1	0
338	52 89 8 24	3	3	0
339	2 10 26 96	1	-1	0
340	5 50 85 72	1	-1	0
341	82 51 98 39	3	4	0
342	4 92 43 10	1	-1	0
343	37 19 20 74	3	3	0
344	47 10 77 11	4	4	0
345	71 8 51 18	2	-1	0
346	27 31 97 91	4	1	0
347	26 18 91 23	3	1	0
348	4 86 77 82	1	-1	0
349	12 83 7 53	4	3	0
350	5 40 91 30	1	-1	0
351	31 48 97 28	4	1	0
352	15 91 48 7	4	4	0
353	93 32 65 92	3	2	0
354	4 22 32 55	1	-1	0
355	38 39 99 37	3	2	0
356	5 100 38 45	1	-1	0
357	13 37 94 47	3	1	0
358	3 63 38 22	1	-1	0
359	85 65 15 80	3	4	0
360	93 60 73 59	3	1	0
361	39 32 12 59	2	-1	0
362	47 55 16 51	3	3	0
363	36 18 43 13	2	-1	0
364	31 59 79 57	2	-1	0
365	41 93 76 61	4	3	0
366	3 61 33 7	1	-1	0
367	38 93 73 26	2	-1	0
368	34 80 82 65	3	2	0
369	2 23 47 20	1	-1	0
370	78 55 7 74	2	-1	1
371	94 12 53 6	4	2	0
372	2 100 11 99	1	-1	0
373	99 20 23 100	3	3	0
374	45 7 53 12	3	2	0
375	49 45 85 62	2	-1	0
376	70 75 57 2	4	3	0
377	46 73 41 26	4	1	0
378	9 21 28 30	4	3	0
379	19 60 41 93	4	2	0
380	79 14 94 30	3	1	0
381	51 28 17 14	4	4	0
382	40 89 44 54	2	-1	0
383	26 32 36 48	3	1	0
384	2 54 48 73	1	-1	0
385	65 11 10 88	3	4	0
386	5 25 37 91	1	-1	0
387	94 27 31 91	2	-1	0
388	92 85 57 69	3	2	0
389	44 54 36 73	2	-1	0
390	53 18 21 68	3	2	0
391	53 22 99 91	3	2	0
392	45 13 87 67	3	4	0
393	36 96 63 87	2	-1	0
394	14 44 90 32	4	1	0
395	83 98 57 69	2	-1	0
396	99 22 13 89	2	-1	0
397	3 70 41 50	1	-1	0
398	2 33 80 98	1	-1	0
399	92 25 22 98	4	3	0
400	51 19 28 32	4	1	0
401	5 69 72 43	1	-1	0
402	94 32 84 43	3	1	0
403	43 26 100 9	2	-1	0
404	60 73 66 29	4	4	0
405	63 58 73 51	3	3	0
406	76 92 66 46	4	1	0
407	80 77 99 16	2	-1	0
408	18 95 59 42	3	1	0
409	80 6 10 76	4	2	0
410	5 77 15 97	1	-1	0
411	86 40 92 100	2	-1	0
412	19 8 7 89	2	-1	0
413	11 49 23 94	4	3	0
414	5 92 6 12	1	-1	0
415	76 93 78 15	3	1	0
416	72 13 29 27	3	1	0
417	3 21 22 93	1	-1	0
418	58 83 60 9	4	3	0
419	29 89 86 84	2	-1	0
420	6 27 73 84	2	-1	0
421	2 43 82 97	1	-1	0
422	8 52 31 71	3	2	0
423	3 67 17 63	1	-1	0
424	57 47 62 20	4	2	0
425	3 24 99 78	1	-1	0
426	65 79 96 100	3	3	0
427	9 95 41 63	2	-1	0
428	50 35 84 20	3	3	0
429	58 75 84 33	2	-1	0
430	2 63 34 78	1	-1	0
431	20 11 62 36	4	3	0
432	85 25 11 43	3	2	0
433	63 92 22 55	2	-1	0
434	60 93 67 72	3	4	0
435	15 65 66 33	2	-1	0
436	1 17 85 71	1	-1	0
437	37 56 66 14	2	-1	0
438	45 58 65 39	4	2	0
439	3 12 27 70	1	-1	0
440	47 40 51 90	2	-1	0
441	7 95 8 99	3	2	0
442	61 48 97 20	4	4	0
443	2 86 77 51	1	-1	0
444	5 98 26 50	1	-1	0
445	57 31 20 73	4	3	0
446	5 73 77 80	1	-1	0
447	3 48 79 74	1	-1	0
448	98 24 56 58	2	-1	0
449	94 71 36 75	2	-1	0
450	4 29 28 82	1	-1	0
451	80 43 99 83	4	4	0
452	2 15 24 62	1	-1	0
453	81 37 9 42	3	3	0
454	85 18 96 27	2	-1	0
455	86 30 98 79	3	3	0
456	81 42 33 55	4	3	0
457	100 24 40 19	3	2	0
458	1 28 12 26	1	-1	0
459	2 79 39 67	1	-1	0
460	48 95 93 88	2	-1	0
461	63 14 64 19	4	3	0
462	65 97 84 81	2	-1	0
463	70 7 75 83	3	3	0
464	69 31 70 48	3	3	0
465	65 24 35 95	4	1	0
466	17 57 18 12	2	-1	0
467	55 61 58 60	2	-1	0
468	5 49 12 97	1	-1	0
469	4 84 9 33	1	-1	0
470	18 59 19 43	2	-1	0
471	70 59 77 16	3	1	0
472	18 6 21 76	3	1	0
473	98 31 88 72	4	2	0
474	64 6 90 100	3	1	0
475	13 19 85 49	2	-1	0
476	92 98 25 66	2	-1	0
477	15 17 24 71	2	-1	0
478	51 46 59 26	3	4	0
479	59 83 82 62	3	4	0
480	56 39 41 90	2	-1	0
481	4 99 45 77	1	-1	0
482	4 74 56 14	1	-1	0
483	44 86 19 91	4	1	0
484	64 84 6 12	4	3	0
485	93 50 53 63	3	4	0
486	2 73 56 8	1	-1	0
487	72 6 12 73	4	4	0
488	73 48 78 81	4	4	0
489	92 56 69 74	2	-1	0
490	65 96 56 69	4	4	0
491	10 39 16 94	3	1	0
492	47 34 35 28	4	2	0
493	76 13 70 97	4	4	0
494	38 39 44 69	4	3	0
495	63 71 13 24	4	2	0
496	3 23 79 38	1	-1	0
497	70 90 88 64	2	-1	0
498	91 9 74 97	3	4	0
499	2 42 83 70	1	-1	0
500	4 80 98 8	1	-1	0
