Class Times	5
Rooms	10
1	77	A	1
2	41	B	1
3	19	B	0
4	33	C	0
5	17	A	1
6	41	A	0
7	79	A	0
8	62	B	1
9	27	B	1
10	90	C	0
Classes	50
Teachers	25
1	14	4	C	1
2	9	1	A	1
3	5	5	C	1
4	20	5	C	0
5	6	4	C	0
6	14	1	A	0
7	23	2	B	0
8	12	4	C	0
9	7	1	A	0
10	16	2	B	0
11	8	3	C	0
12	12	4	C	0
13	10	3	C	0
14	7	2	B	0
15	9	5	C	0
16	22	5	C	0
17	1	3	C	0
18	8	4	C	0
19	1	3	C	0
20	16	4	C	0
21	22	3	C	0
22	21	1	A	0
23	20	1	A	0
24	4	3	C	0
25	10	5	C	0
26	24	5	C	0
27	11	4	C	0
28	15	4	C	0
29	13	5	C	0
30	17	3	C	0
31	24	1	A	0
32	4	4	C	0
33	11	4	C	0
34	18	1	A	0
35	2	2	B	0
36	13	1	A	0
37	23	3	C	0
38	25	4	C	0
39	15	5	C	0
40	17	3	C	0
41	18	2	B	0
42	2	3	C	0
43	3	4	C	0
44	3	1	A	0
45	6	3	C	0
46	25	4	C	0
47	5	5	C	0
48	21	3	C	0
49	19	5	C	0
50	19	4	C	0
