Class Times	5
Rooms	10
1	79	C	1
2	77	C	0
3	37	A	1
4	46	C	0
5	13	B	0
6	54	B	0
7	70	B	1
8	72	C	0
9	91	B	0
10	19	B	0
Classes	50
Teachers	25
1	4	3	C	1
2	10	4	C	1
3	25	2	B	1
4	14	1	A	0
5	16	1	A	0
6	8	4	C	0
7	5	2	B	0
8	2	2	B	0
9	6	2	B	0
10	13	3	C	0
11	11	1	A	0
12	24	1	A	0
13	16	2	B	0
14	10	5	C	0
15	22	1	A	0
16	4	3	C	0
17	18	4	C	0
18	11	2	B	0
19	19	2	B	0
20	6	4	C	0
21	1	2	B	0
22	5	2	B	0
23	8	5	C	0
24	1	2	B	0
25	25	4	C	0
26	22	1	A	0
27	13	2	B	0
28	20	4	C	0
29	14	1	A	0
30	21	4	C	0
31	17	4	C	0
32	24	4	C	0
33	20	2	B	0
34	12	5	C	0
35	18	5	C	0
36	3	3	C	0
37	9	4	C	0
38	23	4	C	0
39	7	1	A	0
40	19	2	B	0
41	7	4	C	0
42	3	4	C	0
43	21	3	C	0
44	23	3	C	0
45	12	4	C	0
46	2	4	C	0
47	17	4	C	0
48	15	3	C	0
49	9	2	B	0
50	15	5	C	0
