Class Times	5
Rooms	10
1	45	B	1
2	64	C	0
3	57	C	1
4	46	A	1
5	89	C	1
6	34	A	0
7	36	B	1
8	52	A	1
9	88	C	1
10	30	A	0
Classes	50
Teachers	25
1	23	4	C	1
2	7	4	C	1
3	7	1	A	1
4	2	4	C	0
5	5	5	C	0
6	8	2	B	0
7	16	3	C	0
8	15	5	C	0
9	12	3	C	0
10	19	5	C	0
11	17	1	A	0
12	17	2	B	0
13	8	4	C	0
14	6	5	C	0
15	18	5	C	0
16	24	4	C	0
17	19	2	B	0
18	16	4	C	0
19	13	3	C	0
20	24	2	B	0
21	9	2	B	0
22	1	2	B	0
23	9	4	C	0
24	22	4	C	0
25	18	3	C	0
26	22	3	C	0
27	10	4	C	0
28	3	5	C	0
29	3	3	C	0
30	11	2	B	0
31	21	4	C	0
32	1	1	A	0
33	5	2	B	0
34	20	1	A	0
35	25	5	C	0
36	15	5	C	0
37	11	3	C	0
38	23	5	C	0
39	2	2	B	0
40	20	1	A	0
41	21	5	C	0
42	6	1	A	0
43	4	5	C	0
44	12	2	B	0
45	4	5	C	0
46	13	3	C	0
47	10	5	C	0
48	14	4	C	0
49	14	5	C	0
50	25	1	A	0
