Class Times	5
Rooms	10
1	38	B	1
2	57	B	0
3	29	B	0
4	63	B	1
5	28	A	0
6	20	A	1
7	97	A	0
8	13	A	0
9	66	C	0
10	19	C	1
Classes	50
Teachers	25
1	9	5	C	1
2	10	2	B	1
3	22	1	A	1
4	1	4	C	0
5	7	2	B	0
6	8	4	C	0
7	25	5	C	0
8	7	2	B	0
9	13	3	C	0
10	11	2	B	0
11	17	5	C	0
12	22	4	C	0
13	3	2	B	0
14	12	3	C	0
15	4	5	C	0
16	14	4	C	0
17	2	4	C	0
18	23	5	C	0
19	15	5	C	0
20	25	3	C	0
21	5	2	B	0
22	8	2	B	0
23	11	3	C	0
24	1	4	C	0
25	18	2	B	0
26	10	4	C	0
27	13	1	A	0
28	5	3	C	0
29	18	5	C	0
30	12	2	B	0
31	9	4	C	0
32	24	5	C	0
33	15	1	A	0
34	4	4	C	0
35	2	5	C	0
36	24	1	A	0
37	20	2	B	0
38	20	1	A	0
39	14	2	B	0
40	23	2	B	0
41	17	5	C	0
42	21	1	A	0
43	21	2	B	0
44	16	4	C	0
45	19	3	C	0
46	16	3	C	0
47	6	4	C	0
48	3	5	C	0
49	6	3	C	0
50	19	3	C	0
