Students	500
1	2 26 44 7	1	-1	0
2	50 36 15 30	2	-1	0
3	24 25 48 33	4	1	0
4	37 24 34 29	3	3	0
5	48 41 13 27	3	3	0
6	7 28 24 31	2	-1	0
7	1 9 43 4	1	-1	0
8	42 27 5 23	3	1	0
9	11 46 6 17	3	2	0
10	2 23 35 15	1	-1	0
11	3 29 40 46	1	-1	0
12	3 23 6 25	1	-1	0
13	21 13 39 42	4	3	0
14	2 6 36 26	1	-1	0
15	41 30 46 27	2	-1	0
16	48 11 20 44	3	4	0
17	43 22 23 50	2	-1	0
18	41 23 48 42	4	5	0
19	34 46 44 13	2	-1	0
20	3 27 8 36	1	-1	0
21	28 31 40 44	3	1	0
22	41 19 31 47	4	5	0
23	1 48 35 40	1	-1	0
24	1 8 28 38	1	-1	0
25	3 10 41 36	1	-1	0
26	6 7 50 17	2	-1	0
27	3 22 23 6	1	-1	0
28	17 8 46 31	3	2	0
29	2 19 16 28	1	-1	0
30	12 33 36 22	4	2	0
31	2 7 32 18	1	-1	0
32	16 24 48 15	4	3	0
33	3 46 49 38	1	-1	0
34	39 40 32 17	4	3	0
35	3 8 42 29	1	-1	0
36	10 35 17 47	2	-1	0
37	47 26 33 19	4	4	0
38	2 38 36 9	1	-1	0
39	27 11 6 15	2	-1	0
40	4 45 42 22	2	-1	0
41	25 9 10 49	4	5	0
42	44 8 38 7	2	-1	0
43	12 30 15 23	2	-1	0
44	48 9 24 16	4	1	0
45	7 45 18 50	4	4	0
46	40 12 43 18	2	-1	0
47	16 33 4 14	2	-1	0
48	2 6 26 29	1	-1	0
49	1 12 6 41	1	-1	0
50	33 32 45 30	2	-1	0
51	11 38 19 49	2	-1	0
52	29 40 42 41	2	-1	0
53	32 16 41 28	3	1	0
54	26 45 49 40	2	-1	0
55	25 39 17 45	4	3	0
56	4 31 11 9	4	5	0
57	19 28 7 31	4	4	0
58	18 11 22 40	4	1	0
59	3 33 31 19	1	-1	0
60	36 8 5 39	4	4	0
61	14 7 23 12	3	1	0
62	17 35 33 45	3	2	0
63	19 5 35 15	2	-1	0
64	6 49 7 10	2	-1	0
65	43 29 22 21	2	-1	0
66	27 31 30 35	4	1	0
67	3 24 22 28	1	-1	0
68	2 38 5 24	1	-1	0
69	2 29 16 37	1	-1	0
70	2 15 27 9	1	-1	0
71	17 21 37 16	2	-1	0
72	44 15 5 38	4	2	0
73	19 44 23 29	3	2	0
74	31 6 24 50	4	3	0
75	26 11 17 15	4	4	0
76	32 16 27 35	3	1	0
77	1 49 27 23	1	-1	0
78	1 21 19 9	1	-1	0
79	25 10 9 11	2	-1	0
80	15 47 11 50	2	-1	0
81	6 30 18 34	3	4	0
82	50 15 12 24	2	-1	0
83	19 25 42 47	2	-1	0
84	27 28 21 18	4	4	0
85	43 23 22 15	2	-1	0
86	16 18 47 19	2	-1	0
87	34 25 35 11	3	1	0
88	2 14 19 6	1	-1	0
89	2 35 42 20	1	-1	0
90	11 34 28 10	2	-1	0
91	27 12 7 6	3	1	0
92	29 24 16 31	4	5	0
93	41 5 4 49	3	3	0
94	14 8 40 26	3	4	0
95	20 47 43 24	2	-1	0
96	1 26 21 44	1	-1	0
97	47 21 37 48	2	-1	0
98	50 23 43 39	2	-1	0
99	3 11 46 29	1	-1	0
100	1 49 36 21	1	-1	0
101	20 48 9 14	4	1	0
102	1 20 30 37	1	-1	1
103	4 13 41 45	2	-1	0
104	39 42 31 44	3	1	0
105	39 8 16 24	3	1	0
106	32 5 12 28	4	1	0
107	23 37 30 36	2	-1	0
108	38 13 19 40	3	1	0
109	2 43 20 23	1	-1	0
110	48 12 18 50	2	-1	0
111	33 44 37 42	3	4	0
112	1 20 41 11	1	-1	0
113	44 42 48 28	2	-1	0
114	8 30 13 41	4	1	0
115	34 40 23 9	4	3	0
116	32 19 25 20	2	-1	0
117	23 9 46 26	2	-1	0
118	1 42 13 50	1	-1	0
119	1 26 16 9	1	-1	0
120	39 47 48 36	2	-1	0
121	9 5 16 38	3	3	0
122	19 38 30 9	2	-1	0
123	2 21 49 22	1	-1	0
124	49 38 14 29	3	4	0
125	41 42 4 15	2	-1	0
126	13 48 45 7	4	5	0
127	39 31 45 29	2	-1	0
128	2 5 15 35	1	-1	0
129	4 6 42 16	4	5	0
130	21 44 11 15	4	1	0
131	1 49 10 4	1	-1	0
132	42 20 29 38	2	-1	0
133	2 23 7 16	1	-1	0
134	39 19 10 48	3	4	0
135	8 32 35 13	4	4	0
136	2 28 37 35	1	-1	0
137	49 46 1 13	4	5	0
138	7 13 39 37	3	5	0
139	8 28 17 23	2	-1	0
140	5 19 21 50	2	-1	0
141	36 4 27 7	4	4	0
142	13 19 8 15	3	4	0
143	9 12 22 39	2	-1	0
144	38 36 18 43	3	2	0
145	4 20 19 32	2	-1	0
146	34 46 43 49	4	1	0
147	45 10 11 50	3	3	0
148	39 25 6 18	4	2	0
149	19 50 31 10	3	4	0
150	9 25 17 30	4	4	0
151	8 38 19 35	3	3	0
152	24 46 13 26	4	3	0
153	1 49 29 24	1	-1	0
154	33 16 32 7	4	5	0
155	16 44 5 14	2	-1	0
156	19 32 18 8	3	4	0
157	47 44 31 11	3	1	0
158	11 36 17 48	3	5	0
159	32 11 25 20	3	1	0
160	6 24 34 32	3	5	0
161	41 38 32 15	4	5	0
162	1 14 27 32	1	-1	0
163	36 40 46 4	3	1	0
164	3 30 29 45	1	-1	0
165	36 28 37 9	4	2	0
166	47 40 41 29	3	3	0
167	1 40 27 20	1	-1	0
168	5 32 15 17	4	4	0
169	5 26 39 29	2	-1	0
170	1 41 7 20	1	-1	0
171	1 5 42 10	1	-1	0
172	23 34 20 8	3	3	0
173	2 30 32 7	1	-1	0
174	16 46 13 12	2	-1	0
175	22 38 49 44	4	1	0
176	33 16 38 24	2	-1	0
177	1 5 41 22	1	-1	0
178	41 6 33 16	4	5	0
179	2 34 44 39	1	-1	0
180	11 34 49 28	2	-1	0
181	10 45 40 22	3	4	0
182	2 14 26 21	1	-1	0
183	31 16 45 20	4	1	0
184	2 24 6 46	1	-1	0
185	14 36 42 11	3	3	0
186	23 33 46 42	2	-1	0
187	49 38 48 36	3	2	0
188	8 11 26 39	4	5	0
189	34 7 21 39	3	4	0
190	2 47 49 9	1	-1	0
191	4 21 6 43	4	3	0
192	1 39 13 25	1	-1	0
193	37 38 44 31	3	1	0
194	41 30 9 35	4	4	0
195	12 48 18 50	4	3	0
196	17 33 41 15	4	2	0
197	35 43 29 19	4	4	0
198	36 39 32 48	2	-1	0
199	3 11 23 46	1	-1	0
200	30 7 48 37	4	4	0
201	35 6 5 9	2	-1	0
202	3 27 22 48	1	-1	0
203	19 32 42 27	3	4	0
204	14 7 8 30	2	-1	0
205	23 16 10 31	2	-1	0
206	11 44 29 34	3	5	0
207	4 47 45 13	4	4	0
208	16 17 13 9	4	3	0
209	46 41 47 12	4	5	0
210	1 34 49 4	1	-1	0
211	18 5 45 46	4	1	0
212	31 41 50 20	4	3	0
213	8 27 7 19	3	2	0
214	27 13 10 25	4	5	0
215	40 6 43 11	4	3	0
216	17 14 16 31	2	-1	0
217	45 27 44 39	2	-1	0
218	37 14 49 39	2	-1	0
219	33 9 22 32	4	5	0
220	4 9 31 20	2	-1	0
221	16 35 48 17	2	-1	0
222	13 28 7 10	3	5	0
223	33 9 6 35	4	5	0
224	26 46 30 3	3	5	0
225	7 39 6 27	2	-1	0
226	16 29 49 44	3	5	0
227	11 41 44 27	2	-1	0
228	27 20 17 46	3	3	0
229	2 18 46 34	1	-1	0
230	20 38 27 5	3	4	0
231	9 10 24 39	2	-1	0
232	25 36 18 31	3	4	0
233	19 28 21 32	2	-1	0
234	1 46 40 17	1	-1	0
235	1 39 12 45	1	-1	0
236	13 25 43 39	4	1	0
237	2 26 42 50	1	-1	0
238	3 42 46 31	1	-1	0
239	47 14 36 33	4	4	0
240	49 37 19 35	4	5	0
241	17 39 34 48	2	-1	0
242	13 7 19 18	4	2	0
243	42 36 39 35	2	-1	0
244	13 15 40 7	2	-1	0
245	32 13 17 45	2	-1	0
246	50 20 25 24	4	5	0
247	2 10 38 42	1	-1	0
248	49 6 8 27	3	5	0
249	5 25 40 39	3	4	0
250	1 18 48 34	1	-1	0
251	25 33 28 6	4	1	0
252	43 26 8 25	3	5	0
253	32 26 44 23	4	4	0
254	1 23 7 40	1	-1	0
255	26 39 43 13	4	2	0
256	21 12 49 45	4	1	0
257	2 34 15 37	1	-1	0
258	13 32 36 24	4	1	0
259	40 37 4 44	2	-1	0
260	30 13 31 26	2	-1	0
261	13 16 44 45	4	1	0
262	29 28 16 25	4	5	0
263	49 19 9 47	3	4	0
264	1 42 26 44	1	-1	0
265	3 17 43 22	1	-1	0
266	17 27 20 48	2	-1	0
267	2 22 48 50	1	-1	0
268	17 14 40 11	4	1	0
269	1 44 46 15	1	-1	0
270	45 46 30 23	3	5	0
271	30 35 13 41	4	4	0
272	24 22 47 26	3	1	0
273	25 44 26 37	4	4	0
274	41 11 13 30	4	4	0
275	30 29 3 37	4	4	0
276	41 21 13 10	3	3	0
277	6 30 41 19	3	3	0
278	1 33 44 28	1	-1	0
279	31 33 25 22	4	4	0
280	47 13 12 14	3	4	0
281	1 6 26 42	1	-1	0
282	8 48 4 38	4	4	0
283	1 46 25 22	1	-1	0
284	12 33 47 42	2	-1	0
285	42 47 10 44	2	-1	0
286	41 15 30 14	3	1	0
287	8 30 21 38	2	-1	0
288	6 8 49 5	4	3	0
289	36 11 15 29	2	-1	0
290	1 12 25 36	1	-1	0
291	40 44 19 48	4	4	0
292	41 24 27 33	4	4	0
293	1 35 50 26	1	-1	0
294	14 41 7 20	3	5	0
295	41 19 32 11	2	-1	0
296	1 21 11 48	1	-1	0
297	26 10 27 32	4	2	0
298	29 47 41 5	2	-1	0
299	18 46 10 33	2	-1	0
300	18 28 4 13	2	-1	0
301	30 14 22 10	2	-1	0
302	49 36 13 30	2	-1	0
303	48 16 11 41	3	2	0
304	28 30 18 6	2	-1	0
305	50 27 41 29	2	-1	0
306	19 16 11 3	3	5	0
307	2 13 22 11	1	-1	0
308	2 9 6 27	1	-1	0
309	38 46 28 39	3	4	1
310	1 46 13 50	1	-1	0
311	3 23 46 40	1	-1	0
312	21 8 33 46	2	-1	0
313	2 10 4 13	1	-1	0
314	3 18 8 36	1	-1	0
315	16 4 6 46	3	3	0
316	35 25 11 14	4	1	0
317	2 18 8 9	1	-1	0
318	3 46 9 48	1	-1	0
319	3 29 19 15	1	-1	0
320	16 10 15 11	2	-1	0
321	48 6 10 24	2	-1	0
322	1 13 23 49	1	-1	0
323	1 27 47 25	1	-1	0
324	13 46 7 36	3	1	1
325	7 36 17 45	2	-1	0
326	46 50 19 30	3	4	0
327	3 6 28 7	1	-1	0
328	48 39 32 33	2	-1	0
329	2 36 46 14	1	-1	0
330	32 35 5 24	4	4	0
331	37 18 32 42	2	-1	0
332	6 13 8 30	4	2	0
333	17 5 10 41	4	2	0
334	2 29 5 4	1	-1	0
335	48 15 41 46	2	-1	0
336	4 31 24 9	3	2	0
337	22 26 8 43	4	3	0
338	26 11 20 15	2	-1	0
339	2 18 12 32	1	-1	0
340	18 26 48 7	2	-1	0
341	1 23 38 45	1	-1	1
342	26 31 43 27	2	-1	0
343	35 6 19 44	4	5	0
344	48 38 46 9	2	-1	0
345	9 21 38 46	2	-1	0
346	25 50 29 32	4	5	0
347	28 25 14 20	3	1	0
348	36 47 38 13	4	4	0
349	48 49 18 36	4	5	0
350	33 12 23 41	4	1	0
351	2 6 23 16	1	-1	1
352	29 38 25 45	3	4	0
353	45 46 9 21	4	3	0
354	3 18 24 4	1	-1	0
355	48 21 41 27	3	3	0
356	29 43 30 38	3	4	0
357	41 46 21 49	3	4	0
358	2 27 49 20	1	-1	0
359	2 30 27 38	1	-1	0
360	43 39 37 5	2	-1	0
361	44 34 40 50	2	-1	0
362	38 28 46 35	4	5	0
363	36 29 33 20	3	3	0
364	41 34 31 45	4	2	0
365	1 9 50 21	1	-1	0
366	36 47 28 13	3	2	0
367	34 29 12 25	4	3	0
368	39 19 17 43	4	5	0
369	19 34 50 11	4	2	0
370	34 30 39 4	2	-1	0
371	10 15 3 9	3	3	0
372	1 47 14 37	1	-1	0
373	1 45 37 32	1	-1	0
374	47 14 22 48	3	1	0
375	46 17 23 45	4	5	0
376	3 23 32 26	1	-1	0
377	48 37 17 20	4	4	0
378	29 21 37 48	2	-1	0
379	5 38 33 4	2	-1	0
380	15 41 6 43	4	5	0
381	29 22 18 30	4	4	0
382	4 21 39 33	2	-1	0
383	25 10 15 22	3	3	0
384	8 24 48 14	4	4	1
385	25 38 41 23	2	-1	0
386	19 35 50 43	4	2	0
387	6 22 38 32	3	2	0
388	1 30 14 45	1	-1	0
389	12 46 45 9	4	2	0
390	3 16 38 20	1	-1	0
391	4 17 34 12	2	-1	0
392	5 29 46 12	2	-1	0
393	20 12 34 42	3	4	0
394	25 26 22 47	2	-1	0
395	31 6 23 19	4	5	0
396	6 16 37 28	4	5	0
397	7 30 21 25	4	2	0
398	33 16 9 44	3	4	0
399	48 4 7 12	3	4	0
400	1 11 28 13	1	-1	0
401	15 47 17 34	3	1	0
402	18 9 48 13	3	4	0
403	14 45 39 18	2	-1	0
404	28 27 48 43	4	3	0
405	49 8 42 32	2	-1	0
406	11 5 8 24	3	3	0
407	1 10 31 12	1	-1	0
408	3 45 35 34	1	-1	0
409	42 44 37 50	2	-1	0
410	28 15 18 23	2	-1	0
411	1 23 4 32	1	-1	0
412	39 50 29 12	3	3	0
413	2 50 28 11	1	-1	0
414	9 40 20 29	3	2	0
415	39 31 12 11	3	2	0
416	6 42 19 12	4	4	0
417	6 19 10 42	3	2	0
418	6 35 17 30	2	-1	0
419	2 22 15 48	1	-1	0
420	14 25 35 41	3	5	0
421	3 28 42 6	1	-1	0
422	46 41 14 49	2	-1	0
423	11 21 39 43	2	-1	0
424	16 45 44 14	4	5	0
425	36 20 28 16	4	1	0
426	41 20 29 30	4	2	0
427	42 49 40 29	3	1	0
428	3 30 16 42	1	-1	0
429	3 41 23 10	1	-1	0
430	33 9 25 35	3	2	0
431	47 50 43 48	4	2	0
432	12 34 48 44	2	-1	0
433	17 43 46 30	3	3	0
434	2 33 40 49	1	-1	0
435	46 13 43 15	4	4	0
436	20 33 8 41	2	-1	0
437	29 12 28 33	4	5	0
438	34 45 28 13	4	5	0
439	22 6 30 45	3	1	0
440	33 31 7 46	2	-1	0
441	3 10 40 46	1	-1	0
442	44 27 39 15	3	5	0
443	3 19 16 10	1	-1	0
444	27 13 37 22	4	4	0
445	30 45 22 21	2	-1	0
446	28 26 34 30	2	-1	0
447	18 24 23 45	2	-1	0
448	19 6 45 35	2	-1	0
449	34 49 28 41	3	5	0
450	5 24 19 10	2	-1	0
451	3 22 31 41	1	-1	0
452	18 26 46 40	2	-1	0
453	45 43 49 50	3	4	0
454	2 16 42 25	1	-1	0
455	21 49 29 50	2	-1	0
456	15 23 17 37	2	-1	0
457	28 11 29 35	2	-1	0
458	9 34 48 29	4	4	0
459	1 22 50 40	1	-1	0
460	44 47 10 24	2	-1	0
461	13 20 33 45	2	-1	0
462	28 38 24 18	4	2	0
463	32 15 39 44	2	-1	0
464	28 19 9 47	3	3	0
465	33 5 45 23	2	-1	0
466	34 27 10 36	4	2	0
467	2 21 19 50	1	-1	0
468	32 35 5 19	3	5	0
469	16 28 32 24	3	1	0
470	3 28 24 29	1	-1	0
471	28 37 14 12	3	4	0
472	13 32 18 25	4	5	1
473	5 47 15 24	4	1	0
474	48 37 28 19	4	1	0
475	26 17 15 14	4	1	0
476	4 9 30 26	3	1	0
477	23 39 42 45	4	2	0
478	49 12 23 5	3	2	0
479	1 50 35 47	1	-1	0
480	14 43 10 36	2	-1	0
481	32 24 18 45	4	1	0
482	10 41 14 47	4	3	0
483	17 36 13 35	4	3	0
484	3 13 17 12	1	-1	0
485	27 37 6 17	2	-1	0
486	39 41 22 31	2	-1	0
487	26 38 25 9	2	-1	0
488	15 43 9 41	4	5	0
489	21 5 39 12	4	1	0
490	1 44 11 5	1	-1	0
491	24 43 25 1	2	-1	0
492	45 37 42 14	3	2	0
493	33 37 16 38	2	-1	0
494	46 49 26 11	3	1	0
495	17 11 38 6	3	3	0
496	44 14 47 5	2	-1	0
497	28 36 35 16	3	2	0
498	30 49 9 38	3	5	0
499	8 36 22 16	3	4	0
500	1 10 27 34	1	-1	0
