Students	500
1	1 36 19 42	1	-1	0
2	2 43 41 8	1	-1	0
3	34 39 35 22	2	-1	0
4	14 32 29 21	2	-1	0
5	1 44 20 21	1	-1	0
6	6 44 17 13	2	-1	0
7	34 33 42 43	3	4	0
8	43 13 39 10	3	5	0
9	2 11 36 27	1	-1	0
10	25 30 50 6	3	5	0
11	22 20 50 35	2	-1	0
12	11 6 27 35	3	4	0
13	35 49 12 19	4	2	0
14	3 13 31 21	1	-1	0
15	44 49 50 47	2	-1	0
16	16 26 50 8	4	4	0
17	3 38 21 44	1	-1	0
18	23 9 46 44	4	3	0
19	5 35 8 34	2	-1	0
20	6 44 13 31	4	4	0
21	50 23 9 39	2	-1	0
22	29 15 36 9	3	1	0
23	15 37 12 32	4	2	0
24	24 32 7 36	3	5	0
25	9 46 49 5	3	5	0
26	2 6 30 22	1	-1	0
27	1 16 36 50	1	-1	0
28	6 8 18 27	3	2	0
29	23 30 44 10	4	2	0
30	21 25 48 14	4	2	1
31	36 11 40 44	2	-1	0
32	13 31 32 27	3	3	0
33	29 16 6 47	3	3	0
34	35 48 18 26	4	3	0
35	35 24 34 6	3	4	0
36	6 45 16 40	2	-1	0
37	39 49 23 5	4	2	0
38	4 36 19 16	3	3	0
39	49 47 32 21	2	-1	0
40	50 7 38 24	3	4	0
41	16 5 6 7	4	3	0
42	46 4 5 14	3	4	0
43	31 42 9 10	4	4	0
44	50 25 32 10	4	5	0
45	1 10 17 31	1	-1	0
46	36 6 38 18	4	3	0
47	29 6 21 9	4	1	0
48	29 44 7 32	2	-1	0
49	23 11 31 33	3	4	0
50	47 9 27 35	2	-1	0
51	35 24 32 43	4	5	0
52	12 23 42 11	2	-1	0
53	26 23 22 11	4	1	0
54	3 30 36 38	1	-1	0
55	33 43 22 23	4	5	0
56	45 36 11 13	4	3	0
57	43 45 41 37	2	-1	0
58	11 10 42 27	3	3	0
59	2 36 25 4	1	-1	0
60	21 46 8 31	4	2	0
61	15 37 10 23	4	1	0
62	7 31 19 38	2	-1	0
63	35 16 8 45	3	3	0
64	3 27 31 32	1	-1	0
65	48 4 31 14	3	4	0
66	34 10 49 12	3	2	0
67	36 6 43 45	4	3	0
68	33 10 22 29	3	4	0
69	32 25 4 39	4	3	0
70	11 45 5 24	4	2	0
71	6 48 15 10	4	5	0
72	2 20 42 46	1	-1	0
73	40 48 49 10	3	5	0
74	10 12 28 40	4	2	0
75	24 38 16 23	4	2	0
76	2 18 44 40	1	-1	0
77	16 26 23 24	2	-1	0
78	50 7 42 46	4	2	0
79	6 26 31 21	3	3	0
80	41 43 24 22	3	4	0
81	4 40 31 15	3	1	0
82	6 12 30 34	3	2	0
83	1 36 47 21	1	-1	0
84	24 14 18 17	2	-1	0
85	2 9 43 32	1	-1	0
86	49 5 24 13	2	-1	0
87	44 26 21 28	3	2	0
88	39 24 8 31	2	-1	0
89	6 14 47 4	3	3	0
90	45 49 22 50	4	3	0
91	27 35 44 22	2	-1	0
92	46 30 45 13	2	-1	0
93	18 6 47 17	3	2	0
94	21 42 27 36	2	-1	0
95	23 38 8 19	2	-1	0
96	22 25 19 41	4	1	0
97	33 27 41 35	3	4	0
98	3 6 17 30	1	-1	0
99	1 5 11 30	1	-1	0
100	3 36 6 44	1	-1	0
101	25 12 32 37	3	3	0
102	39 22 19 43	3	3	0
103	14 49 20 37	3	1	0
104	7 18 17 43	2	-1	0
105	3 45 19 5	1	-1	1
106	2 5 37 16	1	-1	0
107	46 11 37 36	3	5	0
108	39 42 25 38	4	4	0
109	29 45 31 14	2	-1	0
110	18 17 26 27	4	5	0
111	13 35 23 37	2	-1	0
112	29 34 24 47	4	4	0
113	31 34 26 8	3	3	0
114	36 46 42 43	3	2	0
115	22 24 13 6	3	2	0
116	24 28 26 32	3	2	0
117	3 15 19 12	1	-1	0
118	16 8 30 36	3	4	0
119	29 23 5 15	4	5	0
120	23 12 42 31	2	-1	0
121	6 19 37 45	3	3	0
122	29 21 27 24	3	1	0
123	39 22 9 48	3	1	0
124	32 28 23 15	3	1	0
125	27 41 12 25	4	4	0
126	6 31 17 20	4	4	0
127	40 11 16 5	4	1	0
128	19 4 20 21	3	3	0
129	24 12 27 49	3	2	0
130	3 24 18 25	1	-1	0
131	13 27 31 46	2	-1	0
132	40 47 14 30	3	2	0
133	39 45 14 43	2	-1	0
134	30 43 15 18	3	5	0
135	17 11 39 10	4	3	0
136	38 15 31 22	3	3	0
137	38 39 27 12	2	-1	0
138	16 41 7 25	4	2	0
139	2 31 39 38	1	-1	0
140	32 39 5 46	3	2	0
141	3 17 26 31	1	-1	0
142	46 42 48 15	3	3	0
143	1 5 8 45	1	-1	0
144	1 49 40 33	1	-1	0
145	20 38 22 45	3	5	0
146	17 6 22 26	3	5	0
147	7 47 39 32	2	-1	0
148	32 40 28 47	3	5	0
149	10 31 14 17	2	-1	0
150	35 32 46 38	2	-1	0
151	45 11 33 42	2	-1	0
152	1 47 12 14	1	-1	0
153	2 5 13 38	1	-1	0
154	9 37 43 5	2	-1	0
155	23 15 30 28	4	5	0
156	20 31 17 30	3	4	0
157	48 34 46 31	2	-1	0
158	3 5 28 45	1	-1	0
159	2 8 41 11	1	-1	0
160	25 14 35 39	3	4	0
161	26 42 29 18	3	2	0
162	41 43 14 12	2	-1	1
163	42 15 28 17	3	2	0
164	13 36 18 6	2	-1	0
165	1 13 23 26	1	-1	0
166	44 25 18 12	2	-1	0
167	16 31 50 22	2	-1	0
168	3 27 38 36	1	-1	0
169	31 21 34 50	3	3	0
170	1 22 32 5	1	-1	0
171	6 33 46 9	2	-1	0
172	35 12 50 40	3	5	0
173	17 21 11 29	2	-1	0
174	15 36 44 46	3	4	0
175	11 41 35 43	2	-1	0
176	6 32 12 13	2	-1	0
177	49 7 37 13	3	4	0
178	43 37 15 2	3	3	0
179	50 14 39 41	4	3	0
180	28 20 11 42	2	-1	0
181	20 49 25 28	2	-1	0
182	3 31 12 19	1	-1	0
183	49 17 34 4	4	4	0
184	34 13 33 35	3	4	0
185	24 26 36 8	4	4	0
186	7 39 5 29	4	2	0
187	3 7 12 34	1	-1	0
188	2 46 17 5	1	-1	0
189	7 33 32 15	4	2	0
190	32 9 42 47	4	5	0
191	13 17 15 33	4	2	0
192	1 48 25 17	1	-1	0
193	11 33 32 23	3	1	0
194	19 6 9 4	4	2	0
195	7 49 1 14	3	2	0
196	20 46 24 33	4	1	0
197	48 49 38 33	4	3	0
198	26 49 48 5	4	1	0
199	20 21 29 14	4	3	0
200	18 39 10 22	4	2	0
201	9 29 30 10	3	5	0
202	2 18 28 38	1	-1	0
203	45 44 29 28	2	-1	0
204	46 12 5 7	4	1	0
205	22 4 29 34	3	3	0
206	29 20 34 8	2	-1	0
207	17 32 23 8	4	3	0
208	11 13 50 14	3	5	0
209	1 49 20 32	1	-1	0
210	42 39 44 34	4	3	0
211	13 14 36 6	2	-1	0
212	1 11 17 19	1	-1	0
213	46 14 38 37	2	-1	0
214	3 25 14 18	1	-1	0
215	3 7 33 48	1	-1	0
216	2 39 44 21	1	-1	0
217	46 19 44 12	2	-1	0
218	41 16 47 29	3	1	0
219	43 38 46 21	2	-1	0
220	10 46 50 29	3	5	0
221	3 21 25 28	1	-1	0
222	47 32 7 18	4	3	0
223	18 19 12 5	4	1	0
224	15 27 24 33	3	1	0
225	14 10 19 21	3	2	0
226	28 25 40 39	2	-1	0
227	11 27 32 16	4	1	0
228	1 50 6 14	1	-1	0
229	44 12 25 6	3	5	0
230	50 23 28 37	3	5	0
231	1 12 49 46	1	-1	0
232	14 47 8 48	4	5	0
233	1 34 20 24	1	-1	0
234	3 42 26 47	1	-1	0
235	48 40 3 50	2	-1	0
236	35 44 18 47	2	-1	0
237	21 11 44 25	3	4	0
238	12 41 4 49	4	3	0
239	3 22 32 38	1	-1	0
240	7 27 11 43	2	-1	0
241	2 32 12 23	1	-1	0
242	31 38 18 13	4	5	0
243	2 6 5 19	1	-1	0
244	46 43 35 48	2	-1	0
245	10 33 37 19	2	-1	0
246	44 36 23 22	3	4	0
247	38 42 5 21	2	-1	1
248	35 13 9 41	4	5	0
249	28 4 11 5	4	5	0
250	47 11 42 45	4	1	0
251	36 30 50 13	4	2	0
252	44 30 22 20	4	2	0
253	28 16 6 23	4	3	0
254	2 44 31 10	1	-1	0
255	50 42 30 39	3	5	0
256	9 42 18 36	4	3	0
257	21 40 4 33	3	3	0
258	3 36 6 41	1	-1	0
259	41 13 14 4	4	2	0
260	47 34 37 41	3	1	0
261	38 24 37 39	4	4	0
262	3 35 37 46	1	-1	0
263	2 23 44 26	1	-1	0
264	5 13 46 4	3	4	0
265	15 42 38 28	3	4	0
266	45 12 44 49	3	5	0
267	1 47 16 41	1	-1	0
268	10 40 32 6	3	2	0
269	13 4 35 21	3	2	0
270	2 11 24 16	1	-1	0
271	2 46 9 47	1	-1	0
272	39 36 24 18	3	4	0
273	20 29 18 15	2	-1	0
274	38 10 31 26	4	3	0
275	13 35 4 7	2	-1	0
276	46 44 9 11	4	3	0
277	40 9 36 13	3	5	0
278	2 34 6 23	1	-1	0
279	39 26 32 34	3	2	0
280	6 42 14 38	3	2	0
281	41 34 24 48	3	1	0
282	11 13 14 20	4	4	0
283	21 40 28 42	4	1	0
284	14 38 15 36	3	4	0
285	14 27 10 35	3	3	0
286	32 24 6 23	2	-1	0
287	19 45 5 48	2	-1	0
288	27 21 23 17	3	1	0
289	13 23 21 18	3	3	0
290	1 20 18 35	1	-1	0
291	1 12 44 30	1	-1	0
292	3 26 35 23	1	-1	0
293	26 29 15 25	3	4	0
294	40 47 26 6	2	-1	1
295	2 22 11 25	1	-1	0
296	35 22 14 39	2	-1	0
297	23 40 19 7	3	3	0
298	3 48 21 45	1	-1	0
299	2 17 25 31	1	-1	0
300	41 15 40 29	4	4	0
301	5 49 41 45	3	5	0
302	47 35 49 4	2	-1	0
303	6 42 8 25	3	3	0
304	3 48 9 36	1	-1	0
305	35 15 24 34	4	1	0
306	28 5 6 9	3	3	0
307	36 25 30 18	2	-1	0
308	41 4 7 26	4	4	0
309	7 50 26 29	4	3	0
310	3 12 38 42	1	-1	0
311	22 30 28 13	3	4	0
312	1 46 40 6	1	-1	0
313	26 40 32 18	3	1	0
314	5 18 24 25	3	5	0
315	24 4 20 41	3	4	0
316	3 24 46 9	1	-1	0
317	2 9 48 4	1	-1	0
318	5 50 33 47	4	2	0
319	41 18 25 20	2	-1	0
320	37 36 39 33	4	1	0
321	9 48 27 19	2	-1	0
322	24 8 32 43	4	2	0
323	1 5 14 12	1	-1	0
324	16 48 19 15	3	5	0
325	26 10 34 38	4	3	0
326	18 31 36 20	2	-1	0
327	1 22 35 10	1	-1	0
328	36 32 45 28	3	1	0
329	3 34 29 15	1	-1	0
330	39 42 7 37	2	-1	0
331	22 26 50 24	3	2	0
332	25 32 43 16	4	4	0
333	2 33 21 29	1	-1	0
334	39 36 2 17	3	5	0
335	15 33 24 6	2	-1	0
336	3 17 6 37	1	-1	0
337	2 34 5 28	1	-1	0
338	44 27 22 47	2	-1	0
339	14 49 24 15	2	-1	1
340	18 7 11 19	2	-1	0
341	1 13 33 35	1	-1	0
342	2 27 41 34	1	-1	0
343	45 31 7 27	3	1	0
344	30 12 29 44	4	2	0
345	19 50 46 38	3	3	0
346	32 37 25 27	4	4	0
347	48 18 25 37	2	-1	0
348	31 44 27 15	2	-1	0
349	17 36 42 28	2	-1	0
350	2 36 16 47	1	-1	0
351	2 45 25 11	1	-1	0
352	45 40 29 34	3	4	0
353	36 29 43 9	2	-1	0
354	8 36 28 27	4	3	0
355	3 49 13 6	1	-1	0
356	2 39 13 31	1	-1	0
357	4 40 23 39	2	-1	0
358	11 7 43 37	2	-1	0
359	39 38 7 37	4	5	0
360	1 40 17 26	1	-1	0
361	2 29 27 49	1	-1	0
362	17 47 23 21	4	3	0
363	6 44 14 39	2	-1	0
364	48 42 30 21	3	4	0
365	46 19 43 20	2	-1	0
366	31 29 12 30	4	4	0
367	25 10 34 45	3	2	0
368	21 24 42 18	4	4	0
369	38 25 26 13	3	4	0
370	4 38 43 28	3	3	0
371	29 10 18 39	2	-1	0
372	34 37 47 23	3	1	0
373	5 12 16 22	3	1	0
374	1 17 47 45	1	-1	0
375	32 28 11 29	3	4	0
376	2 35 23 34	1	-1	0
377	47 48 31 5	2	-1	0
378	8 47 30 45	2	-1	0
379	1 16 27 37	1	-1	0
380	32 4 14 12	3	2	0
381	25 40 47 48	2	-1	0
382	3 13 14 38	1	-1	0
383	24 33 28 6	4	1	0
384	30 37 11 16	4	5	0
385	2 41 22 50	1	-1	0
386	3 27 30 33	1	-1	0
387	1 45 29 6	1	-1	0
388	48 11 39 17	3	2	0
389	44 46 9 36	4	2	0
390	18 21 17 13	4	1	0
391	1 27 42 33	1	-1	0
392	33 39 45 40	3	2	0
393	32 6 36 40	3	2	0
394	43 6 36 35	4	3	0
395	3 6 50 17	1	-1	0
396	16 5 10 35	2	-1	0
397	22 38 20 39	2	-1	0
398	48 35 40 20	2	-1	0
399	37 13 33 15	2	-1	0
400	18 27 17 13	3	4	0
401	18 38 10 22	3	2	0
402	10 44 25 26	3	3	0
403	2 23 44 34	1	-1	0
404	26 32 40 50	3	5	0
405	43 26 39 23	2	-1	0
406	37 17 24 12	2	-1	0
407	12 35 48 41	2	-1	0
408	2 32 15 29	1	-1	0
409	44 45 39 50	2	-1	0
410	2 6 35 40	1	-1	0
411	2 26 22 34	1	-1	0
412	18 8 38 48	2	-1	0
413	1 8 7 4	1	-1	0
414	2 21 37 39	1	-1	0
415	13 28 18 38	4	5	0
416	39 26 11 4	2	-1	0
417	33 44 24 3	2	-1	0
418	26 42 36 7	3	5	0
419	24 47 8 22	4	1	0
420	25 17 16 39	2	-1	0
421	20 23 5 6	2	-1	0
422	2 25 9 35	1	-1	0
423	31 9 17 26	3	4	0
424	11 17 12 45	2	-1	0
425	49 48 42 39	2	-1	0
426	44 6 39 31	2	-1	0
427	16 30 11 40	3	1	0
428	21 33 44 30	2	-1	0
429	7 10 25 43	3	5	0
430	19 41 20 5	4	3	0
431	24 39 40 47	2	-1	0
432	15 44 39 25	3	4	0
433	3 16 48 36	1	-1	0
434	44 49 8 39	4	3	0
435	45 27 25 17	4	3	0
436	21 9 25 26	3	3	0
437	3 36 39 16	1	-1	0
438	3 49 50 14	1	-1	0
439	2 9 32 21	1	-1	0
440	3 47 44 9	1	-1	0
441	8 44 27 14	4	2	0
442	7 40 18 27	2	-1	0
443	3 20 14 30	1	-1	0
444	38 32 15 9	4	2	0
445	3 14 49 41	1	-1	0
446	3 49 42 15	1	-1	0
447	37 17 8 27	2	-1	0
448	28 16 13 30	4	5	0
449	10 50 27 37	2	-1	1
450	41 7 21 19	3	2	0
451	11 17 48 30	3	4	0
452	5 7 37 8	3	2	0
453	28 23 47 33	2	-1	0
454	2 35 43 20	1	-1	0
455	22 4 40 32	3	4	0
456	48 47 10 24	2	-1	0
457	7 13 36 14	2	-1	0
458	21 37 42 23	2	-1	0
459	1 31 29 28	1	-1	0
460	2 24 47 30	1	-1	0
461	1 17 31 22	1	-1	0
462	3 20 4 35	1	-1	0
463	2 48 14 43	1	-1	0
464	43 14 45 13	2	-1	0
465	46 29 20 35	4	5	0
466	16 43 30 33	3	3	0
467	27 12 16 26	4	1	0
468	35 33 31 19	4	4	0
469	7 24 48 21	4	3	0
470	6 44 33 39	2	-1	0
471	2 27 4 32	1	-1	0
472	33 39 18 43	2	-1	0
473	46 29 19 39	3	4	0
474	24 5 31 48	2	-1	0
475	30 48 16 26	4	1	0
476	3 21 47 20	1	-1	0
477	21 37 31 41	4	5	0
478	42 41 9 20	2	-1	0
479	3 14 39 37	1	-1	0
480	42 47 30 17	2	-1	0
481	12 35 6 38	4	2	0
482	3 6 32 27	1	-1	0
483	48 30 39 12	4	2	0
484	1 11 13 19	1	-1	0
485	2 25 28 45	1	-1	0
486	38 34 4 11	4	2	0
487	4 39 15 42	2	-1	0
488	1 24 48 12	1	-1	0
489	3 38 7 36	1	-1	0
490	32 9 29 30	2	-1	0
491	44 43 17 16	4	5	0
492	21 16 14 7	2	-1	0
493	2 49 24 17	1	-1	0
494	17 29 40 32	4	1	0
495	36 39 7 13	2	-1	0
496	3 17 44 22	1	-1	0
497	20 17 44 39	3	2	0
498	3 36 10 30	1	-1	0
499	29 38 20 41	4	4	0
500	16 32 17 35	3	1	0
