Class Times	60
Rooms	50
1	492
2	132
3	785
4	180
5	158
6	584
7	42
8	192
9	776
10	706
11	787
12	535
13	969
14	768
15	318
16	670
17	479
18	204
19	31
20	152
21	347
22	988
23	67
24	682
25	444
26	435
27	684
28	919
29	393
30	207
31	533
32	88
33	107
34	678
35	317
36	923
37	407
38	561
39	790
40	242
41	198
42	347
43	323
44	909
45	267
46	338
47	69
48	500
49	577
50	763
Classes	3000
Teachers	1500
1	264
2	15
3	22
4	914
5	269
6	621
7	363
8	100
9	215
10	817
11	1283
12	764
13	933
14	1093
15	943
16	1236
17	1309
18	885
19	1231
20	1389
21	653
22	58
23	1105
24	265
25	1063
26	332
27	822
28	1195
29	572
30	1395
31	698
32	733
33	522
34	143
35	521
36	1107
37	1224
38	395
39	1103
40	146
41	309
42	527
43	961
44	714
45	156
46	394
47	996
48	940
49	138
50	978
51	845
52	1317
53	1350
54	40
55	139
56	689
57	1111
58	816
59	227
60	803
61	333
62	148
63	339
64	582
65	501
66	339
67	80
68	1224
69	96
70	1131
71	23
72	256
73	582
74	354
75	277
76	1484
77	348
78	1143
79	249
80	1051
81	450
82	806
83	75
84	822
85	304
86	674
87	540
88	1141
89	578
90	1452
91	1121
92	211
93	83
94	91
95	502
96	1345
97	719
98	84
99	1215
100	839
101	1441
102	819
103	1449
104	1138
105	39
106	1110
107	176
108	180
109	404
110	176
111	603
112	550
113	167
114	965
115	111
116	514
117	1489
118	227
119	867
120	251
121	152
122	219
123	213
124	461
125	507
126	370
127	258
128	611
129	523
130	999
131	895
132	278
133	30
134	848
135	236
136	440
137	1450
138	344
139	95
140	721
141	379
142	1338
143	973
144	1017
145	1205
146	952
147	1488
148	305
149	1063
150	291
151	948
152	727
153	833
154	359
155	1119
156	1183
157	318
158	1300
159	1375
160	656
161	1042
162	550
163	1260
164	948
165	365
166	583
167	834
168	1412
169	1115
170	622
171	1350
172	372
173	613
174	237
175	1242
176	1492
177	799
178	752
179	470
180	1267
181	1238
182	84
183	1404
184	396
185	1170
186	394
187	1375
188	1407
189	1201
190	1115
191	470
192	666
193	761
194	821
195	1070
196	1239
197	516
198	567
199	1233
200	164
201	1492
202	833
203	1372
204	890
205	839
206	1354
207	650
208	193
209	130
210	739
211	1124
212	1246
213	450
214	349
215	1314
216	1007
217	1418
218	115
219	285
220	863
221	679
222	858
223	1181
224	881
225	1340
226	1314
227	516
228	1342
229	1340
230	140
231	382
232	422
233	52
234	69
235	865
236	946
237	1256
238	874
239	297
240	377
241	1398
242	735
243	853
244	46
245	63
246	727
247	1494
248	208
249	1104
250	1285
251	636
252	586
253	127
254	1446
255	1310
256	712
257	1216
258	99
259	933
260	574
261	1065
262	349
263	89
264	472
265	118
266	392
267	118
268	642
269	134
270	608
271	684
272	898
273	46
274	253
275	1265
276	520
277	990
278	844
279	819
280	562
281	853
282	1286
283	1465
284	773
285	175
286	845
287	923
288	34
289	977
290	1206
291	1460
292	1413
293	37
294	515
295	1334
296	285
297	1484
298	1038
299	1479
300	743
301	199
302	140
303	708
304	1351
305	689
306	197
307	1414
308	461
309	41
310	75
311	1169
312	1169
313	653
314	796
315	497
316	1357
317	1282
318	556
319	1393
320	830
321	874
322	367
323	815
324	1060
325	137
326	1500
327	385
328	1381
329	793
330	655
331	400
332	1353
333	525
334	1395
335	193
336	1094
337	1335
338	867
339	1334
340	36
341	45
342	330
343	803
344	405
345	1419
346	152
347	732
348	448
349	1103
350	289
351	364
352	1293
353	1163
354	838
355	873
356	252
357	1001
358	242
359	937
360	718
361	913
362	1091
363	1495
364	1151
365	999
366	829
367	502
368	86
369	934
370	1432
371	354
372	1099
373	982
374	1182
375	1025
376	504
377	1219
378	1494
379	149
380	280
381	1366
382	95
383	238
384	299
385	523
386	526
387	526
388	1420
389	1370
390	977
391	1133
392	442
393	251
394	428
395	591
396	453
397	620
398	831
399	350
400	432
401	655
402	817
403	1308
404	970
405	1265
406	446
407	426
408	601
409	1384
410	545
411	501
412	1173
413	940
414	1345
415	304
416	1239
417	894
418	299
419	172
420	1242
421	1180
422	1198
423	441
424	272
425	1397
426	693
427	884
428	1261
429	219
430	1087
431	1198
432	506
433	957
434	1250
435	500
436	640
437	1280
438	503
439	158
440	31
441	1182
442	777
443	855
444	918
445	624
446	1355
447	1209
448	218
449	1074
450	1469
451	900
452	615
453	357
454	1065
455	513
456	1007
457	573
458	773
459	909
460	1417
461	539
462	1442
463	306
464	1408
465	1050
466	65
467	50
468	210
469	873
470	476
471	1263
472	33
473	121
474	166
475	1152
476	717
477	1491
478	885
479	1250
480	263
481	239
482	130
483	597
484	57
485	584
486	1154
487	1107
488	918
489	849
490	1132
491	371
492	109
493	775
494	1096
495	8
496	564
497	290
498	371
499	273
500	533
501	906
502	1147
503	1418
504	759
505	1277
506	863
507	36
508	1230
509	596
510	1377
511	1373
512	935
513	1457
514	725
515	513
516	514
517	86
518	1238
519	784
520	1292
521	58
522	182
523	37
524	1262
525	372
526	1311
527	1460
528	179
529	1060
530	638
531	254
532	320
533	22
534	110
535	185
536	529
537	361
538	557
539	1386
540	158
541	146
542	1413
543	309
544	540
545	1009
546	825
547	487
548	1289
549	464
550	563
551	80
552	1018
553	982
554	1331
555	1101
556	327
557	1306
558	612
559	1267
560	167
561	402
562	482
563	667
564	1347
565	527
566	497
567	711
568	232
569	111
570	542
571	1069
572	744
573	1359
574	1119
575	184
576	1420
577	9
578	776
579	1109
580	505
581	449
582	1147
583	1416
584	781
585	1497
586	900
587	357
588	525
589	907
590	1406
591	1370
592	1419
593	413
594	1014
595	231
596	916
597	1016
598	1316
599	451
600	66
601	761
602	1125
603	757
604	181
605	944
606	1414
607	520
608	989
609	235
610	419
611	49
612	412
613	189
614	583
615	910
616	449
617	775
618	680
619	718
620	804
621	236
622	369
623	1097
624	423
625	479
626	823
627	395
628	662
629	404
630	276
631	50
632	322
633	1391
634	205
635	380
636	1025
637	1054
638	636
639	1123
640	218
641	1290
642	1320
643	739
644	781
645	90
646	654
647	1496
648	997
649	255
650	937
651	861
652	1447
653	105
654	134
655	942
656	1046
657	337
658	1277
659	1355
660	229
661	847
662	961
663	1495
664	65
665	785
666	1021
667	117
668	397
669	857
670	1409
671	542
672	476
673	668
674	1254
675	1216
676	1037
677	1474
678	895
679	1149
680	990
681	203
682	422
683	837
684	717
685	231
686	648
687	695
688	1078
689	766
690	136
691	191
692	448
693	950
694	1076
695	939
696	1363
697	635
698	854
699	860
700	123
701	1256
702	753
703	734
704	766
705	2
706	455
707	1416
708	1338
709	898
710	1447
711	454
712	132
713	687
714	824
715	1259
716	675
717	1454
718	387
719	62
720	125
721	400
722	434
723	25
724	241
725	793
726	517
727	307
728	659
729	720
730	161
731	1364
732	499
733	1237
734	1363
735	1415
736	638
737	1170
738	1012
739	551
740	106
741	135
742	813
743	430
744	144
745	420
746	183
747	1083
748	1304
749	1214
750	295
751	150
752	618
753	1481
754	1343
755	695
756	42
757	1353
758	124
759	671
760	778
761	68
762	694
763	259
764	77
765	1249
766	708
767	74
768	336
769	1318
770	1225
771	1004
772	1139
773	991
774	1205
775	1404
776	1125
777	233
778	225
779	1240
780	210
781	412
782	226
783	1299
784	666
785	1013
786	351
787	267
788	659
789	531
790	335
791	690
792	1410
793	1133
794	487
795	1006
796	1294
797	790
798	1359
799	1105
800	541
801	1049
802	345
803	941
804	85
805	67
806	597
807	1232
808	554
809	1434
810	1226
811	816
812	1056
813	1006
814	870
815	967
816	924
817	855
818	1221
819	1104
820	432
821	840
822	510
823	477
824	785
825	30
826	675
827	1485
828	125
829	1367
830	170
831	725
832	1369
833	195
834	910
835	925
836	53
837	949
838	673
839	1222
840	917
841	321
842	14
843	213
844	451
845	458
846	203
847	623
848	196
849	459
850	244
851	1278
852	507
853	1228
854	334
855	541
856	1454
857	1102
858	1342
859	764
860	595
861	711
862	254
863	467
864	1150
865	821
866	779
867	435
868	665
869	1017
870	915
871	324
872	1230
873	1437
874	800
875	985
876	663
877	414
878	883
879	238
880	1145
881	85
882	939
883	1371
884	1244
885	1038
886	1361
887	578
888	1086
889	951
890	137
891	138
892	522
893	367
894	1261
895	401
896	1220
897	561
898	44
899	1452
900	17
901	32
902	69
903	710
904	1219
905	674
906	1174
907	980
908	925
909	613
910	646
911	62
912	135
913	190
914	914
915	1018
916	621
917	172
918	1071
919	1343
920	1149
921	1456
922	996
923	815
924	355
925	256
926	651
927	794
928	180
929	473
930	844
931	804
932	1257
933	329
934	43
935	1249
936	1152
937	201
938	1258
939	1298
940	1019
941	946
942	687
943	1
944	1406
945	1259
946	45
947	286
948	417
949	559
950	365
951	749
952	467
953	577
954	1176
955	1066
956	570
957	356
958	1211
959	639
960	410
961	145
962	1233
963	670
964	148
965	1379
966	446
967	955
968	1391
969	1042
970	1271
971	78
972	1056
973	827
974	552
975	812
976	1297
977	1443
978	667
979	1130
980	731
981	1139
982	646
983	741
984	782
985	381
986	890
987	1497
988	1485
989	457
990	587
991	72
992	1186
993	820
994	186
995	633
996	612
997	619
998	440
999	962
1000	893
1001	294
1002	407
1003	297
1004	929
1005	162
1006	662
1007	83
1008	364
1009	1396
1010	831
1011	973
1012	1117
1013	56
1014	1349
1015	852
1016	214
1017	207
1018	892
1019	678
1020	1287
1021	670
1022	290
1023	861
1024	403
1025	1126
1026	869
1027	1195
1028	311
1029	864
1030	441
1031	880
1032	924
1033	594
1034	1251
1035	724
1036	79
1037	475
1038	544
1039	671
1040	710
1041	1227
1042	375
1043	752
1044	1324
1045	878
1046	1062
1047	490
1048	1227
1049	25
1050	903
1051	208
1052	1278
1053	589
1054	1229
1055	1090
1056	877
1057	776
1058	78
1059	93
1060	919
1061	284
1062	166
1063	771
1064	1026
1065	971
1066	428
1067	1322
1068	361
1069	485
1070	459
1071	359
1072	1121
1073	194
1074	1258
1075	1127
1076	634
1077	473
1078	305
1079	755
1080	1352
1081	1411
1082	74
1083	328
1084	190
1085	962
1086	771
1087	871
1088	59
1089	601
1090	41
1091	724
1092	68
1093	241
1094	472
1095	1197
1096	1083
1097	1266
1098	535
1099	639
1100	1428
1101	186
1102	769
1103	56
1104	1145
1105	1270
1106	71
1107	113
1108	641
1109	1082
1110	1438
1111	1318
1112	1143
1113	486
1114	228
1115	1146
1116	1273
1117	559
1118	1217
1119	1080
1120	840
1121	543
1122	1192
1123	892
1124	269
1125	553
1126	721
1127	1215
1128	1428
1129	1112
1130	872
1131	120
1132	419
1133	1156
1134	121
1135	554
1136	564
1137	142
1138	249
1139	1403
1140	714
1141	706
1142	884
1143	128
1144	1090
1145	1305
1146	565
1147	53
1148	955
1149	605
1150	594
1151	324
1152	444
1153	926
1154	720
1155	510
1156	1455
1157	628
1158	7
1159	641
1160	1011
1161	782
1162	624
1163	896
1164	302
1165	333
1166	767
1167	1382
1168	916
1169	157
1170	1181
1171	145
1172	648
1173	1293
1174	981
1175	178
1176	1362
1177	335
1178	301
1179	453
1180	1398
1181	52
1182	1429
1183	1116
1184	200
1185	347
1186	826
1187	619
1188	1154
1189	418
1190	508
1191	551
1192	1423
1193	625
1194	1489
1195	128
1196	1140
1197	1092
1198	1037
1199	280
1200	868
1201	71
1202	1477
1203	1047
1204	1367
1205	182
1206	1301
1207	177
1208	308
1209	698
1210	872
1211	837
1212	1071
1213	1284
1214	312
1215	606
1216	635
1217	1285
1218	765
1219	1465
1220	1408
1221	651
1222	1443
1223	580
1224	5
1225	789
1226	270
1227	984
1228	1094
1229	703
1230	1368
1231	1172
1232	1217
1233	903
1234	1179
1235	35
1236	1478
1237	568
1238	1130
1239	930
1240	994
1241	435
1242	779
1243	421
1244	1231
1245	195
1246	730
1247	555
1248	715
1249	384
1250	77
1251	1035
1252	1124
1253	1315
1254	705
1255	398
1256	197
1257	281
1258	1112
1259	252
1260	264
1261	114
1262	1141
1263	387
1264	76
1265	1471
1266	1279
1267	983
1268	162
1269	896
1270	338
1271	1086
1272	987
1273	1352
1274	1081
1275	90
1276	552
1277	652
1278	452
1279	212
1280	652
1281	848
1282	179
1283	273
1284	994
1285	723
1286	887
1287	576
1288	1307
1289	795
1290	91
1291	1134
1292	546
1293	469
1294	199
1295	1206
1296	1457
1297	1120
1298	1235
1299	1298
1300	813
1301	16
1302	444
1303	421
1304	479
1305	380
1306	1053
1307	1211
1308	202
1309	942
1310	47
1311	660
1312	665
1313	413
1314	680
1315	871
1316	3
1317	645
1318	673
1319	1433
1320	189
1321	92
1322	959
1323	1232
1324	1426
1325	922
1326	1273
1327	397
1328	515
1329	1009
1330	811
1331	406
1332	1140
1333	1313
1334	967
1335	923
1336	143
1337	534
1338	21
1339	283
1340	1487
1341	669
1342	447
1343	47
1344	212
1345	836
1346	29
1347	314
1348	912
1349	889
1350	642
1351	7
1352	777
1353	1471
1354	797
1355	1438
1356	606
1357	1185
1358	805
1359	1051
1360	835
1361	229
1362	389
1363	87
1364	796
1365	462
1366	1432
1367	161
1368	1378
1369	828
1370	20
1371	1175
1372	1079
1373	987
1374	1197
1375	499
1376	1134
1377	809
1378	226
1379	588
1380	998
1381	558
1382	114
1383	245
1384	746
1385	223
1386	788
1387	888
1388	627
1389	471
1390	504
1391	760
1392	1033
1393	1208
1394	986
1395	1461
1396	1305
1397	1245
1398	1118
1399	465
1400	615
1401	1111
1402	1030
1403	535
1404	1016
1405	141
1406	1299
1407	1442
1408	1148
1409	101
1410	265
1411	841
1412	956
1413	632
1414	623
1415	1473
1416	1047
1417	107
1418	1320
1419	1151
1420	626
1421	1248
1422	568
1423	941
1424	59
1425	1385
1426	544
1427	1041
1428	557
1429	1456
1430	741
1431	429
1432	603
1433	808
1434	1461
1435	545
1436	626
1437	155
1438	445
1439	276
1440	1444
1441	147
1442	390
1443	96
1444	1304
1445	469
1446	1440
1447	230
1448	1308
1449	534
1450	73
1451	1174
1452	76
1453	1361
1454	706
1455	512
1456	1388
1457	763
1458	93
1459	79
1460	1358
1461	505
1462	1073
1463	82
1464	1378
1465	1157
1466	1483
1467	12
1468	1483
1469	72
1470	97
1471	731
1472	864
1473	11
1474	1159
1475	200
1476	352
1477	1226
1478	1114
1479	1351
1480	259
1481	750
1482	99
1483	392
1484	1218
1485	748
1486	814
1487	221
1488	643
1489	762
1490	325
1491	1059
1492	1329
1493	834
1494	406
1495	823
1496	327
1497	113
1498	953
1499	672
1500	300
1501	728
1502	215
1503	1309
1504	1295
1505	894
1506	1306
1507	207
1508	976
1509	602
1510	60
1511	1280
1512	688
1513	104
1514	511
1515	1043
1516	878
1517	1295
1518	1069
1519	283
1520	1144
1521	584
1522	1328
1523	632
1524	1067
1525	1313
1526	250
1527	1113
1528	157
1529	106
1530	206
1531	1076
1532	1253
1533	151
1534	824
1535	1431
1536	1165
1537	1034
1538	314
1539	1068
1540	696
1541	533
1542	1412
1543	343
1544	1126
1545	959
1546	947
1547	736
1548	1297
1549	396
1550	618
1551	1194
1552	160
1553	1323
1554	112
1555	462
1556	1319
1557	1049
1558	1190
1559	729
1560	672
1561	10
1562	279
1563	417
1564	1024
1565	1364
1566	769
1567	546
1568	850
1569	1397
1570	1073
1571	1136
1572	326
1573	1257
1574	748
1575	787
1576	1064
1577	805
1578	298
1579	981
1580	1400
1581	1243
1582	338
1583	350
1584	120
1585	1486
1586	795
1587	734
1588	320
1589	905
1590	315
1591	1264
1592	1099
1593	825
1594	886
1595	549
1596	1019
1597	248
1598	992
1599	930
1600	902
1601	1175
1602	1096
1603	633
1604	704
1605	826
1606	947
1607	660
1608	746
1609	1244
1610	165
1611	1234
1612	1212
1613	196
1614	596
1615	217
1616	1199
1617	1409
1618	1260
1619	1043
1620	774
1621	585
1622	490
1623	631
1624	300
1625	1100
1626	1360
1627	1430
1628	1029
1629	1486
1630	477
1631	1365
1632	1326
1633	155
1634	744
1635	1279
1636	131
1637	965
1638	1407
1639	573
1640	457
1641	599
1642	1387
1643	740
1644	509
1645	791
1646	14
1647	355
1648	581
1649	168
1650	401
1651	851
1652	958
1653	1204
1654	480
1655	818
1656	1399
1657	1188
1658	409
1659	1163
1660	1040
1661	949
1662	1225
1663	1429
1664	1132
1665	899
1666	565
1667	1469
1668	812
1669	178
1670	1082
1671	935
1672	270
1673	1410
1674	1077
1675	1389
1676	1067
1677	38
1678	1014
1679	663
1680	127
1681	1052
1682	783
1683	1057
1684	1021
1685	129
1686	953
1687	126
1688	838
1689	832
1690	549
1691	330
1692	778
1693	1333
1694	1156
1695	1377
1696	384
1697	204
1698	1347
1699	1448
1700	303
1701	989
1702	656
1703	1470
1704	905
1705	700
1706	1114
1707	1187
1708	405
1709	398
1710	489
1711	915
1712	379
1713	1284
1714	18
1715	260
1716	1020
1717	315
1718	1166
1719	308
1720	580
1721	1331
1722	1046
1723	589
1724	964
1725	888
1726	801
1727	1011
1728	170
1729	329
1730	326
1731	1246
1732	857
1733	32
1734	1088
1735	31
1736	1178
1737	902
1738	1136
1739	802
1740	471
1741	1020
1742	133
1743	920
1744	1431
1745	88
1746	1118
1747	938
1748	481
1749	1050
1750	789
1751	103
1752	591
1753	64
1754	81
1755	116
1756	1417
1757	26
1758	1157
1759	149
1760	1024
1761	1022
1762	682
1763	1445
1764	1354
1765	133
1766	1475
1767	464
1768	1264
1769	1117
1770	1482
1771	1467
1772	762
1773	389
1774	891
1775	843
1776	1058
1777	757
1778	500
1779	829
1780	1128
1781	323
1782	519
1783	976
1784	733
1785	463
1786	424
1787	797
1788	992
1789	1405
1790	1220
1791	791
1792	995
1793	1064
1794	851
1795	1177
1796	1440
1797	322
1798	954
1799	697
1800	688
1801	1040
1802	1013
1803	287
1804	985
1805	747
1806	1349
1807	1478
1808	328
1809	171
1810	1173
1811	105
1812	341
1813	220
1814	998
1815	1275
1816	735
1817	1321
1818	144
1819	1254
1820	429
1821	1491
1822	751
1823	678
1824	352
1825	411
1826	303
1827	860
1828	760
1829	1379
1830	142
1831	1066
1832	579
1833	6
1834	132
1835	1274
1836	1190
1837	480
1838	602
1839	681
1840	1218
1841	1052
1842	1385
1843	1061
1844	427
1845	716
1846	192
1847	1000
1848	1245
1849	346
1850	723
1851	201
1852	1054
1853	1248
1854	460
1855	758
1856	730
1857	150
1858	217
1859	475
1860	747
1861	537
1862	879
1863	792
1864	108
1865	605
1866	802
1867	694
1868	1330
1869	931
1870	931
1871	239
1872	576
1873	899
1874	250
1875	669
1876	1041
1877	859
1878	1137
1879	343
1880	808
1881	317
1882	745
1883	1421
1884	375
1885	277
1886	34
1887	1070
1888	702
1889	55
1890	1012
1891	245
1892	963
1893	296
1894	790
1895	664
1896	194
1897	369
1898	445
1899	1207
1900	377
1901	524
1902	1180
1903	592
1904	593
1905	88
1906	342
1907	681
1908	366
1909	407
1910	979
1911	1290
1912	1415
1913	738
1914	51
1915	1048
1916	1171
1917	631
1918	295
1919	743
1920	240
1921	1188
1922	963
1923	117
1924	1424
1925	1002
1926	360
1927	124
1928	489
1929	702
1930	644
1931	562
1932	865
1933	1057
1934	1253
1935	292
1936	644
1937	800
1938	1368
1939	811
1940	1336
1941	402
1942	1329
1943	289
1944	337
1945	1393
1946	247
1947	173
1948	1341
1949	581
1950	288
1951	291
1952	1321
1953	323
1954	301
1955	566
1956	481
1957	294
1958	4
1959	221
1960	436
1961	131
1962	1023
1963	1266
1964	228
1965	1500
1966	909
1967	1150
1968	841
1969	175
1970	926
1971	298
1972	362
1973	340
1974	768
1975	993
1976	1062
1977	237
1978	1301
1979	1472
1980	154
1981	759
1982	887
1983	1029
1984	1332
1985	1269
1986	1
1987	1336
1988	332
1989	854
1990	598
1991	1102
1992	1159
1993	70
1994	1074
1995	103
1996	1480
1997	147
1998	390
1999	944
2000	1061
2001	1153
2002	1390
2003	376
2004	1035
2005	1142
2006	44
2007	1479
2008	211
2009	685
2010	693
2011	288
2012	426
2013	341
2014	901
2015	1186
2016	222
2017	1288
2018	754
2019	316
2020	1296
2021	927
2022	684
2023	1459
2024	1193
2025	1072
2026	1327
2027	742
2028	1108
2029	958
2030	1339
2031	223
2032	1382
2033	262
2034	1196
2035	1310
2036	418
2037	1028
2038	183
2039	267
2040	129
2041	1022
2042	1316
2043	780
2044	891
2045	336
2046	938
2047	645
2048	1474
2049	607
2050	442
2051	691
2052	39
2053	27
2054	929
2055	115
2056	880
2057	579
2058	27
2059	21
2060	1421
2061	17
2062	385
2063	991
2064	1475
2065	188
2066	192
2067	630
2068	491
2069	1142
2070	575
2071	347
2072	677
2073	154
2074	89
2075	271
2076	61
2077	972
2078	1366
2079	758
2080	1384
2081	253
2082	24
2083	657
2084	312
2085	1451
2086	1335
2087	1252
2088	383
2089	279
2090	1449
2091	574
2092	1330
2093	460
2094	590
2095	628
2096	368
2097	869
2098	378
2099	870
2100	512
2101	468
2102	742
2103	772
2104	974
2105	783
2106	455
2107	592
2108	1202
2109	518
2110	556
2111	414
2112	1262
2113	92
2114	1459
2115	993
2116	960
2117	296
2118	1269
2119	827
2120	97
2121	1268
2122	799
2123	988
2124	310
2125	1341
2126	1346
2127	1235
2128	287
2129	94
2130	521
2131	344
2132	112
2133	1196
2134	1166
2135	1327
2136	1010
2137	382
2138	1153
2139	547
2140	286
2141	185
2142	950
2143	1241
2144	908
2145	1453
2146	1002
2147	707
2148	1015
2149	325
2150	928
2151	1490
2152	1356
2153	1202
2154	28
2155	1189
2156	561
2157	768
2158	1179
2159	19
2160	755
2161	43
2162	1337
2163	1131
2164	1015
2165	282
2166	28
2167	964
2168	20
2169	168
2170	1108
2171	1162
2172	19
2173	617
2174	1033
2175	1028
2176	334
2177	174
2178	1003
2179	736
2180	879
2181	1300
2182	1241
2183	38
2184	690
2185	366
2186	519
2187	306
2188	809
2189	4
2190	420
2191	104
2192	508
2193	798
2194	1229
2195	980
2196	1477
2197	1453
2198	257
2199	1155
2200	798
2201	1167
2202	1164
2203	1171
2204	188
2205	912
2206	1089
2207	224
2208	42
2209	668
2210	8
2211	763
2212	10
2213	386
2214	486
2215	268
2216	772
2217	682
2218	26
2219	12
2220	234
2221	393
2222	810
2223	1023
2224	331
2225	35
2226	983
2227	1168
2228	1128
2229	970
2230	123
2231	187
2232	1425
2233	814
2234	102
2235	423
2236	1183
2237	1328
2238	1386
2239	1168
2240	1424
2241	1283
2242	1401
2243	921
2244	1294
2245	713
2246	271
2247	1207
2248	220
2249	1362
2250	1346
2251	1427
2252	1287
2253	932
2254	368
2255	376
2256	599
2257	901
2258	488
2259	1276
2260	984
2261	60
2262	595
2263	975
2264	1039
2265	699
2266	174
2267	830
2268	1164
2269	517
2270	1439
2271	340
2272	373
2273	1482
2274	485
2275	640
2276	1498
2277	625
2278	538
2279	2
2280	70
2281	1077
2282	598
2283	465
2284	850
2285	889
2286	1373
2287	1411
2288	934
2289	608
2290	749
2291	202
2292	391
2293	570
2294	447
2295	847
2296	311
2297	1138
2298	1045
2299	801
2300	539
2301	627
2302	98
2303	1446
2304	498
2305	246
2306	1312
2307	94
2308	40
2309	160
2310	654
2311	268
2312	765
2313	712
2314	23
2315	832
2316	1030
2317	836
2318	1137
2319	1045
2320	1433
2321	1358
2322	1435
2323	732
2324	705
2325	348
2326	370
2327	701
2328	1323
2329	1101
2330	345
2331	647
2332	630
2333	1161
2334	181
2335	1289
2336	1374
2337	588
2338	1390
2339	51
2340	1402
2341	699
2342	753
2343	509
2344	683
2345	151
2346	607
2347	374
2348	1360
2349	1210
2350	482
2351	932
2352	1387
2353	1085
2354	1458
2355	664
2356	737
2357	729
2358	488
2359	1247
2360	3
2361	686
2362	969
2363	492
2364	408
2365	886
2366	531
2367	6
2368	1388
2369	1281
2370	563
2371	611
2372	780
2373	171
2374	754
2375	807
2376	506
2377	24
2378	1437
2379	820
2380	1252
2381	1240
2382	590
2383	738
2384	278
2385	261
2386	225
2387	1344
2388	233
2389	908
2390	1165
2391	1144
2392	474
2393	715
2394	1010
2395	1223
2396	1490
2397	307
2398	547
2399	767
2400	260
2401	548
2402	248
2403	1467
2404	986
2405	1439
2406	456
2407	849
2408	262
2409	139
2410	230
2411	496
2412	807
2413	1275
2414	342
2415	408
2416	187
2417	1088
2418	1488
2419	1357
2420	713
2421	868
2422	274
2423	468
2424	244
2425	1091
2426	310
2427	1493
2428	677
2429	577
2430	676
2431	281
2432	466
2433	1222
2434	169
2435	388
2436	1004
2437	1034
2438	73
2439	235
2440	856
2441	284
2442	1426
2443	913
2444	907
2445	566
2446	858
2447	478
2448	443
2449	1263
2450	1333
2451	1176
2452	788
2453	1148
2454	1158
2455	629
2456	558
2457	1319
2458	518
2459	1396
2460	548
2461	1087
2462	1445
2463	1311
2464	1463
2465	141
2466	920
2467	232
2468	1059
2469	774
2470	616
2471	1337
2472	1039
2473	593
2474	617
2475	707
2476	55
2477	66
2478	1027
2479	1200
2480	1270
2481	1098
2482	409
2483	951
2484	1463
2485	1192
2486	709
2487	1109
2488	1274
2489	709
2490	216
2491	969
2492	1326
2493	184
2494	159
2495	904
2496	1212
2497	483
2498	234
2499	1312
2500	1303
2501	363
2502	216
2503	846
2504	1324
2505	431
2506	1005
2507	610
2508	1292
2509	82
2510	1237
2511	1081
2512	119
2513	1209
2514	1383
2515	609
2516	1399
2517	882
2518	1481
2519	1374
2520	242
2521	163
2522	1344
2523	585
2524	443
2525	538
2526	1221
2527	358
2528	716
2529	1307
2530	492
2531	1325
2532	620
2533	263
2534	1113
2535	9
2536	553
2537	751
2538	701
2539	415
2540	1123
2541	719
2542	1493
2543	988
2544	1189
2545	1129
2546	1458
2547	810
2548	1084
2549	643
2550	692
2551	373
2552	1098
2553	1122
2554	246
2555	214
2556	399
2557	1425
2558	431
2559	567
2560	1281
2561	1110
2562	1005
2563	1214
2564	1282
2565	1470
2566	122
2567	439
2568	1160
2569	1116
2570	722
2571	1092
2572	728
2573	1317
2574	1472
2575	1172
2576	1048
2577	374
2578	425
2579	81
2580	102
2581	1376
2582	191
2583	806
2584	843
2585	16
2586	496
2587	388
2588	438
2589	828
2590	975
2591	1315
2592	587
2593	61
2594	1499
2595	1288
2596	1400
2597	1210
2598	282
2599	686
2600	954
2601	1068
2602	966
2603	48
2604	1162
2605	1080
2606	493
2607	1093
2608	978
2609	386
2610	528
2611	1072
2612	745
2613	1008
2614	995
2615	974
2616	383
2617	1204
2618	1444
2619	609
2620	883
2621	1496
2622	1466
2623	356
2624	29
2625	737
2626	1383
2627	1435
2628	452
2629	222
2630	616
2631	1129
2632	1499
2633	846
2634	555
2635	57
2636	1135
2637	921
2638	904
2639	101
2640	897
2641	351
2642	1158
2643	1247
2644	67
2645	1423
2646	63
2647	411
2648	378
2649	1332
2650	275
2651	1089
2652	1243
2653	1160
2654	1185
2655	163
2656	650
2657	600
2658	15
2659	362
2660	136
2661	491
2662	503
2663	240
2664	478
2665	1203
2666	726
2667	1213
2668	971
2669	876
2670	5
2671	532
2672	54
2673	100
2674	318
2675	792
2676	173
2677	425
2678	403
2679	1031
2680	1184
2681	1369
2682	1122
2683	614
2684	528
2685	1194
2686	49
2687	614
2688	1031
2689	1394
2690	353
2691	321
2692	1055
2693	1462
2694	530
2695	159
2696	575
2697	1498
2698	1155
2699	1177
2700	126
2701	433
2702	960
2703	750
2704	842
2705	875
2706	881
2707	1161
2708	917
2709	842
2710	274
2711	676
2712	852
2713	1008
2714	1199
2715	1339
2716	399
2717	1223
2718	956
2719	1027
2720	1036
2721	1276
2722	1451
2723	906
2724	1268
2725	1044
2726	1325
2727	247
2728	1487
2729	1480
2730	511
2731	897
2732	862
2733	1455
2734	537
2735	261
2736	1079
2737	818
2738	700
2739	1036
2740	957
2741	657
2742	1372
2743	1365
2744	696
2745	454
2746	586
2747	1436
2748	922
2749	302
2750	877
2751	911
2752	1403
2753	393
2754	882
2755	437
2756	1201
2757	1303
2758	835
2759	255
2760	360
2761	33
2762	272
2763	647
2764	726
2765	177
2766	866
2767	463
2768	972
2769	439
2770	1371
2771	498
2772	1191
2773	637
2774	1085
2775	1401
2776	1001
2777	997
2778	1146
2779	434
2780	1468
2781	770
2782	691
2783	1106
2784	87
2785	697
2786	1058
2787	437
2788	1468
2789	1271
2790	11
2791	64
2792	536
2793	685
2794	1044
2795	875
2796	438
2797	436
2798	600
2799	679
2800	1003
2801	1291
2802	415
2803	1084
2804	122
2805	943
2806	458
2807	433
2808	275
2809	1187
2810	1097
2811	866
2812	637
2813	1356
2814	1286
2815	952
2816	243
2817	787
2818	1167
2819	856
2820	1236
2821	1466
2822	156
2823	474
2824	13
2825	18
2826	116
2827	572
2828	1193
2829	569
2830	622
2831	704
2832	258
2833	1191
2834	1120
2835	629
2836	1394
2837	316
2838	169
2839	1434
2840	243
2841	1291
2842	1450
2843	649
2844	859
2845	206
2846	266
2847	1055
2848	1441
2849	1348
2850	1095
2851	1272
2852	1078
2853	529
2854	1200
2855	1127
2856	494
2857	1272
2858	1381
2859	703
2860	153
2861	893
2862	927
2863	919
2864	1392
2865	1251
2866	661
2867	495
2868	317
2869	54
2870	770
2871	331
2872	911
2873	484
2874	483
2875	979
2876	560
2877	13
2878	1436
2879	604
2880	569
2881	1208
2882	107
2883	794
2884	1422
2885	1430
2886	1348
2887	524
2888	109
2889	266
2890	48
2891	610
2892	153
2893	1322
2894	1296
2895	98
2896	224
2897	722
2898	530
2899	1234
2900	1422
2901	484
2902	358
2903	1448
2904	862
2905	532
2906	786
2907	1462
2908	560
2909	649
2910	1376
2911	110
2912	430
2913	1255
2914	165
2915	416
2916	968
2917	209
2918	1203
2919	346
2920	292
2921	876
2922	1184
2923	692
2924	427
2925	784
2926	1053
2927	493
2928	293
2929	968
2930	1032
2931	536
2932	494
2933	1178
2934	936
2935	936
2936	164
2937	381
2938	313
2939	1473
2940	1075
2941	740
2942	1402
2943	108
2944	945
2945	658
2946	424
2947	945
2948	319
2949	1095
2950	1000
2951	257
2952	198
2953	205
2954	1026
2955	1427
2956	543
2957	456
2958	1228
2959	319
2960	1255
2961	683
2962	416
2963	466
2964	119
2965	634
2966	209
2967	293
2968	661
2969	966
2970	1213
2971	1100
2972	1032
2973	391
2974	1075
2975	313
2976	353
2977	1405
2978	786
2979	495
2980	571
2981	756
2982	756
2983	1476
2984	1302
2985	571
2986	204
2987	1392
2988	1106
2989	1464
2990	410
2991	1476
2992	604
2993	1380
2994	1380
2995	658
2996	928
2997	198
2998	1135
2999	1464
3000	1302
