Class Times	5
Rooms	40
1	56	B	0
2	25	B	0
3	20	A	0
4	63	B	0
5	20	C	1
6	37	C	1
7	39	A	0
8	39	A	0
9	97	B	1
10	78	C	1
11	64	A	1
12	35	C	0
13	43	A	1
14	94	C	1
15	93	A	1
16	10	A	0
17	85	B	0
18	89	A	1
19	64	B	0
20	38	C	0
21	68	A	1
22	23	C	0
23	47	A	1
24	68	B	0
25	50	B	0
26	39	B	0
27	43	C	0
28	61	C	0
29	30	B	1
30	43	B	1
31	59	A	0
32	26	C	0
33	23	A	0
34	92	B	0
35	59	B	0
36	67	B	1
37	45	B	0
38	73	B	1
39	70	A	0
40	77	B	0
Classes	200
Teachers	100
1	49	2	B	1
2	71	3	C	1
3	67	1	A	1
4	71	1	A	1
5	67	3	C	1
6	54	3	C	1
7	73	1	A	1
8	2	2	B	1
9	43	2	B	1
10	50	2	B	1
11	63	3	C	0
12	28	1	A	0
13	29	3	C	0
14	6	4	C	0
15	18	4	C	0
16	80	1	A	0
17	25	3	C	0
18	39	3	C	0
19	7	2	B	0
20	79	1	A	0
21	30	4	C	0
22	68	4	C	0
23	41	4	C	0
24	25	2	B	0
25	27	4	C	0
26	22	1	A	0
27	59	1	A	0
28	82	2	B	0
29	19	3	C	0
30	44	3	C	0
31	50	4	C	0
32	53	2	B	0
33	19	3	C	0
34	9	1	A	0
35	34	1	A	0
36	14	3	C	0
37	78	2	B	0
38	55	4	C	0
39	57	2	B	0
40	45	3	C	0
41	87	4	C	0
42	35	1	A	0
43	30	1	A	0
44	42	1	A	0
45	82	1	A	0
46	22	1	A	0
47	44	2	B	0
48	39	1	A	0
49	75	1	A	0
50	97	1	A	0
51	85	1	A	0
52	81	2	B	0
53	17	4	C	0
54	77	4	C	0
55	90	3	C	0
56	97	3	C	0
57	56	3	C	0
58	3	2	B	0
59	85	4	C	0
60	41	2	B	0
61	99	2	B	0
62	78	4	C	0
63	65	3	C	0
64	56	3	C	0
65	51	1	A	0
66	65	2	B	0
67	55	4	C	0
68	87	2	B	0
69	37	3	C	0
70	93	4	C	0
71	3	1	A	0
72	68	2	B	0
73	14	4	C	0
74	26	3	C	0
75	47	3	C	0
76	18	3	C	0
77	11	4	C	0
78	99	1	A	0
79	77	2	B	0
80	100	4	C	0
81	69	3	C	0
82	79	2	B	0
83	27	3	C	0
84	42	2	B	0
85	74	3	C	0
86	100	3	C	0
87	66	2	B	0
88	51	4	C	0
89	96	3	C	0
90	84	1	A	0
91	66	4	C	0
92	17	3	C	0
93	49	4	C	0
94	98	2	B	0
95	53	4	C	0
96	48	3	C	0
97	10	2	B	0
98	21	3	C	0
99	34	4	C	0
100	69	4	C	0
101	94	3	C	0
102	29	3	C	0
103	74	2	B	0
104	81	1	A	0
105	57	3	C	0
106	59	4	C	0
107	48	2	B	0
108	1	2	B	0
109	4	4	C	0
110	13	1	A	0
111	21	1	A	0
112	93	1	A	0
113	86	4	C	0
114	24	3	C	0
115	96	4	C	0
116	8	1	A	0
117	6	3	C	0
118	64	3	C	0
119	75	4	C	0
120	38	1	A	0
121	60	4	C	0
122	46	3	C	0
123	70	4	C	0
124	94	1	A	0
125	15	2	B	0
126	36	2	B	0
127	26	3	C	0
128	36	4	C	0
129	84	1	A	0
130	5	3	C	0
131	20	3	C	0
132	38	1	A	0
133	64	1	A	0
134	10	2	B	0
135	31	3	C	0
136	32	1	A	0
137	37	3	C	0
138	91	4	C	0
139	83	1	A	0
140	60	3	C	0
141	92	2	B	0
142	8	1	A	0
143	15	2	B	0
144	23	4	C	0
145	72	2	B	0
146	12	4	C	0
147	24	3	C	0
148	43	3	C	0
149	98	1	A	0
150	16	2	B	0
151	88	3	C	0
152	20	4	C	0
153	89	3	C	0
154	90	1	A	0
155	95	4	C	0
156	28	3	C	0
157	32	1	A	0
158	1	1	A	0
159	12	1	A	0
160	72	1	A	0
161	45	2	B	0
162	86	1	A	0
163	83	4	C	0
164	70	1	A	0
165	33	1	A	0
166	35	4	C	0
167	63	2	B	0
168	52	3	C	0
169	4	3	C	0
170	31	3	C	0
171	7	4	C	0
172	52	2	B	0
173	23	4	C	0
174	62	3	C	0
175	89	1	A	0
176	95	1	A	0
177	47	2	B	0
178	46	4	C	0
179	92	4	C	0
180	9	4	C	0
181	2	4	C	0
182	13	4	C	0
183	33	1	A	0
184	88	3	C	0
185	54	1	A	0
186	40	3	C	0
187	62	2	B	0
188	16	4	C	0
189	61	2	B	0
190	11	4	C	0
191	76	2	B	0
192	5	3	C	0
193	73	3	C	0
194	61	4	C	0
195	76	4	C	0
196	80	3	C	0
197	58	4	C	0
198	40	3	C	0
199	58	1	A	0
200	91	2	B	0
