Class Times	5
Rooms	40
1	39	C	0
2	74	B	0
3	24	B	0
4	61	A	1
5	81	B	1
6	46	C	0
7	52	A	0
8	12	B	0
9	11	B	1
10	26	A	0
11	31	B	1
12	16	C	0
13	99	B	0
14	66	A	0
15	53	B	0
16	91	A	1
17	37	A	0
18	20	C	0
19	92	C	1
20	31	B	0
21	77	C	0
22	12	A	1
23	35	C	1
24	25	C	0
25	70	A	0
26	53	A	0
27	94	A	1
28	40	A	1
29	95	C	1
30	31	C	1
31	96	A	1
32	99	A	0
33	29	C	1
34	56	B	1
35	41	B	0
36	54	A	1
37	45	A	1
38	11	C	1
39	28	A	1
40	56	A	1
Classes	200
Teachers	100
1	80	1	A	1
2	95	4	C	1
3	81	1	A	1
4	1	4	C	1
5	57	4	C	1
6	42	1	A	1
7	63	1	A	1
8	5	3	C	1
9	23	3	C	1
10	63	1	A	1
11	87	1	A	0
12	33	1	A	0
13	13	4	C	0
14	44	4	C	0
15	37	1	A	0
16	31	3	C	0
17	33	2	B	0
18	70	3	C	0
19	36	4	C	0
20	95	3	C	0
21	25	1	A	0
22	15	1	A	0
23	7	3	C	0
24	18	4	C	0
25	54	4	C	0
26	90	4	C	0
27	86	3	C	0
28	67	3	C	0
29	52	2	B	0
30	81	3	C	0
31	86	1	A	0
32	74	2	B	0
33	93	1	A	0
34	90	1	A	0
35	41	4	C	0
36	37	4	C	0
37	9	3	C	0
38	89	3	C	0
39	19	4	C	0
40	45	1	A	0
41	25	3	C	0
42	72	3	C	0
43	20	1	A	0
44	69	1	A	0
45	84	4	C	0
46	60	4	C	0
47	31	2	B	0
48	35	1	A	0
49	43	1	A	0
50	93	2	B	0
51	5	2	B	0
52	54	2	B	0
53	68	3	C	0
54	27	4	C	0
55	77	2	B	0
56	4	2	B	0
57	38	4	C	0
58	78	4	C	0
59	76	4	C	0
60	59	4	C	0
61	99	3	C	0
62	51	1	A	0
63	17	3	C	0
64	26	4	C	0
65	84	2	B	0
66	85	3	C	0
67	64	3	C	0
68	36	3	C	0
69	72	2	B	0
70	3	2	B	0
71	97	1	A	0
72	50	4	C	0
73	79	3	C	0
74	24	2	B	0
75	56	3	C	0
76	89	2	B	0
77	55	4	C	0
78	96	1	A	0
79	39	1	A	0
80	35	3	C	0
81	38	2	B	0
82	85	3	C	0
83	7	3	C	0
84	97	1	A	0
85	58	2	B	0
86	17	2	B	0
87	77	1	A	0
88	21	3	C	0
89	29	1	A	0
90	42	4	C	0
91	80	1	A	0
92	6	2	B	0
93	14	4	C	0
94	23	4	C	0
95	94	1	A	0
96	13	4	C	0
97	76	2	B	0
98	11	3	C	0
99	70	4	C	0
100	64	1	A	0
101	16	2	B	0
102	22	4	C	0
103	53	4	C	0
104	44	2	B	0
105	28	4	C	0
106	49	1	A	0
107	10	4	C	0
108	29	4	C	0
109	68	2	B	0
110	56	3	C	0
111	48	2	B	0
112	16	2	B	0
113	15	2	B	0
114	73	3	C	0
115	52	3	C	0
116	18	4	C	0
117	55	4	C	0
118	65	2	B	0
119	34	3	C	0
120	1	4	C	0
121	48	2	B	0
122	88	4	C	0
123	94	4	C	0
124	8	3	C	0
125	32	1	A	0
126	45	2	B	0
127	2	2	B	0
128	83	4	C	0
129	43	3	C	0
130	39	2	B	0
131	20	1	A	0
132	3	1	A	0
133	24	2	B	0
134	65	2	B	0
135	83	3	C	0
136	78	1	A	0
137	62	1	A	0
138	51	1	A	0
139	75	2	B	0
140	10	1	A	0
141	22	4	C	0
142	73	2	B	0
143	62	1	A	0
144	87	4	C	0
145	32	2	B	0
146	100	2	B	0
147	60	4	C	0
148	49	1	A	0
149	46	3	C	0
150	69	2	B	0
151	47	3	C	0
152	53	1	A	0
153	27	3	C	0
154	21	1	A	0
155	30	3	C	0
156	74	2	B	0
157	9	2	B	0
158	19	1	A	0
159	88	1	A	0
160	4	2	B	0
161	59	2	B	0
162	46	1	A	0
163	8	2	B	0
164	14	4	C	0
165	58	4	C	0
166	100	4	C	0
167	11	1	A	0
168	71	4	C	0
169	91	1	A	0
170	82	4	C	0
171	2	1	A	0
172	57	2	B	0
173	34	2	B	0
174	98	1	A	0
175	71	1	A	0
176	98	3	C	0
177	67	4	C	0
178	41	4	C	0
179	12	1	A	0
180	28	3	C	0
181	75	2	B	0
182	82	2	B	0
183	79	3	C	0
184	92	4	C	0
185	92	3	C	0
186	40	4	C	0
187	61	1	A	0
188	96	2	B	0
189	50	3	C	0
190	47	3	C	0
191	99	4	C	0
192	66	2	B	0
193	30	1	A	0
194	6	4	C	0
195	91	1	A	0
196	61	3	C	0
197	40	4	C	0
198	66	3	C	0
199	12	4	C	0
200	26	2	B	0
