Class Times	5
Rooms	40
1	17	A	1
2	23	C	1
3	48	A	0
4	99	C	0
5	79	A	0
6	53	A	0
7	84	A	1
8	62	B	0
9	21	B	0
10	49	A	1
11	87	B	1
12	82	B	0
13	65	C	1
14	93	C	1
15	38	C	1
16	75	C	1
17	96	C	1
18	42	A	1
19	69	B	1
20	21	C	0
21	84	C	1
22	20	B	0
23	76	A	0
24	98	C	0
25	61	A	0
26	14	A	1
27	92	B	1
28	92	B	0
29	23	B	0
30	18	C	1
31	94	C	0
32	34	B	0
33	55	C	1
34	27	B	1
35	74	C	0
36	20	A	1
37	56	A	1
38	13	B	0
39	16	C	0
40	30	B	1
Classes	200
Teachers	100
1	45	3	C	1
2	14	4	C	1
3	77	3	C	1
4	22	2	B	1
5	26	1	A	1
6	74	2	B	1
7	74	1	A	1
8	25	3	C	1
9	23	4	C	1
10	67	3	C	1
11	94	4	C	0
12	6	3	C	0
13	32	2	B	0
14	96	2	B	0
15	45	2	B	0
16	36	3	C	0
17	12	2	B	0
18	1	3	C	0
19	29	1	A	0
20	22	2	B	0
21	56	1	A	0
22	46	3	C	0
23	3	4	C	0
24	27	2	B	0
25	84	3	C	0
26	35	3	C	0
27	62	1	A	0
28	66	1	A	0
29	46	2	B	0
30	14	2	B	0
31	8	2	B	0
32	53	2	B	0
33	63	1	A	0
34	55	4	C	0
35	84	3	C	0
36	94	2	B	0
37	80	4	C	0
38	33	2	B	0
39	64	4	C	0
40	53	3	C	0
41	69	2	B	0
42	93	1	A	0
43	55	3	C	0
44	25	1	A	0
45	67	2	B	0
46	83	3	C	0
47	36	2	B	0
48	20	2	B	0
49	56	2	B	0
50	48	1	A	0
51	69	4	C	0
52	76	3	C	0
53	26	4	C	0
54	59	3	C	0
55	29	1	A	0
56	95	2	B	0
57	98	2	B	0
58	62	1	A	0
59	60	4	C	0
60	68	2	B	0
61	11	2	B	0
62	43	2	B	0
63	96	1	A	0
64	3	3	C	0
65	60	4	C	0
66	97	2	B	0
67	88	4	C	0
68	83	2	B	0
69	34	3	C	0
70	2	1	A	0
71	32	4	C	0
72	87	4	C	0
73	31	1	A	0
74	92	4	C	0
75	48	3	C	0
76	79	3	C	0
77	16	1	A	0
78	19	4	C	0
79	65	2	B	0
80	30	2	B	0
81	82	2	B	0
82	24	4	C	0
83	51	2	B	0
84	95	2	B	0
85	87	4	C	0
86	4	4	C	0
87	15	3	C	0
88	10	2	B	0
89	10	1	A	0
90	1	2	B	0
91	52	1	A	0
92	73	2	B	0
93	40	3	C	0
94	72	4	C	0
95	71	1	A	0
96	50	3	C	0
97	5	1	A	0
98	9	3	C	0
99	24	3	C	0
100	88	3	C	0
101	43	2	B	0
102	39	4	C	0
103	16	2	B	0
104	90	4	C	0
105	19	3	C	0
106	72	2	B	0
107	28	4	C	0
108	35	4	C	0
109	11	2	B	0
110	13	1	A	0
111	98	1	A	0
112	5	1	A	0
113	50	3	C	0
114	70	3	C	0
115	42	1	A	0
116	4	1	A	0
117	51	1	A	0
118	70	4	C	0
119	38	1	A	0
120	52	2	B	0
121	91	1	A	0
122	42	3	C	0
123	57	3	C	0
124	68	4	C	0
125	12	1	A	0
126	65	1	A	0
127	27	3	C	0
128	75	1	A	0
129	15	1	A	0
130	9	1	A	0
131	77	2	B	0
132	63	4	C	0
133	92	3	C	0
134	47	4	C	0
135	99	1	A	0
136	30	2	B	0
137	79	2	B	0
138	41	2	B	0
139	39	3	C	0
140	41	1	A	0
141	66	4	C	0
142	18	2	B	0
143	71	1	A	0
144	6	1	A	0
145	59	3	C	0
146	17	3	C	0
147	8	1	A	0
148	90	4	C	0
149	80	4	C	0
150	40	2	B	0
151	100	2	B	0
152	31	4	C	0
153	20	4	C	0
154	7	3	C	0
155	18	1	A	0
156	85	4	C	0
157	37	3	C	0
158	82	2	B	0
159	13	3	C	0
160	34	4	C	0
161	76	1	A	0
162	61	3	C	0
163	93	1	A	0
164	97	4	C	0
165	33	2	B	0
166	28	3	C	0
167	86	1	A	0
168	49	4	C	0
169	75	1	A	0
170	37	3	C	0
171	99	1	A	0
172	89	3	C	0
173	100	2	B	0
174	38	4	C	0
175	58	2	B	0
176	7	2	B	0
177	89	1	A	0
178	85	2	B	0
179	23	2	B	0
180	49	4	C	0
181	73	3	C	0
182	44	3	C	0
183	44	1	A	0
184	57	1	A	0
185	17	3	C	0
186	58	2	B	0
187	2	2	B	0
188	61	4	C	0
189	54	4	C	0
190	21	4	C	0
191	54	2	B	0
192	47	4	C	0
193	21	2	B	0
194	91	2	B	0
195	86	1	A	0
196	78	1	A	0
197	81	1	A	0
198	64	4	C	0
199	78	4	C	0
200	81	3	C	0
