Class Times	5
Rooms	40
1	38	A	0
2	76	A	0
3	79	C	1
4	22	C	0
5	82	B	1
6	28	C	0
7	44	A	0
8	38	B	1
9	49	B	1
10	86	C	1
11	56	B	1
12	71	B	1
13	36	B	1
14	82	B	1
15	82	C	0
16	41	B	1
17	87	B	0
18	22	B	1
19	23	B	1
20	30	C	1
21	24	A	1
22	73	B	0
23	43	A	1
24	82	C	1
25	96	C	0
26	33	C	0
27	19	A	1
28	17	C	0
29	17	A	1
30	23	C	1
31	23	A	1
32	65	B	0
33	28	C	0
34	15	B	0
35	89	B	1
36	36	B	1
37	41	C	1
38	67	A	0
39	59	C	1
40	31	A	0
Classes	200
Teachers	100
1	6	2	B	1
2	59	3	C	1
3	59	2	B	1
4	37	2	B	1
5	7	1	A	1
6	97	2	B	1
7	15	3	C	1
8	45	2	B	1
9	87	2	B	1
10	20	3	C	1
11	51	2	B	0
12	48	4	C	0
13	22	3	C	0
14	41	3	C	0
15	32	4	C	0
16	66	4	C	0
17	33	2	B	0
18	71	1	A	0
19	98	4	C	0
20	90	4	C	0
21	76	3	C	0
22	15	1	A	0
23	74	3	C	0
24	39	3	C	0
25	12	1	A	0
26	61	4	C	0
27	74	1	A	0
28	66	2	B	0
29	71	4	C	0
30	37	3	C	0
31	65	2	B	0
32	2	2	B	0
33	32	4	C	0
34	20	3	C	0
35	72	4	C	0
36	12	2	B	0
37	73	2	B	0
38	18	1	A	0
39	17	1	A	0
40	96	3	C	0
41	67	1	A	0
42	10	3	C	0
43	68	1	A	0
44	73	1	A	0
45	96	4	C	0
46	82	2	B	0
47	40	1	A	0
48	30	2	B	0
49	93	2	B	0
50	5	4	C	0
51	100	3	C	0
52	30	1	A	0
53	47	3	C	0
54	60	2	B	0
55	51	1	A	0
56	40	1	A	0
57	91	2	B	0
58	11	1	A	0
59	49	4	C	0
60	42	3	C	0
61	69	3	C	0
62	57	3	C	0
63	53	2	B	0
64	69	4	C	0
65	83	3	C	0
66	86	2	B	0
67	8	3	C	0
68	17	4	C	0
69	10	2	B	0
70	14	1	A	0
71	3	4	C	0
72	81	1	A	0
73	36	2	B	0
74	21	3	C	0
75	92	1	A	0
76	31	4	C	0
77	79	4	C	0
78	11	3	C	0
79	31	4	C	0
80	33	1	A	0
81	62	3	C	0
82	22	3	C	0
83	39	3	C	0
84	53	3	C	0
85	28	3	C	0
86	43	4	C	0
87	76	4	C	0
88	44	2	B	0
89	7	4	C	0
90	29	3	C	0
91	47	3	C	0
92	58	4	C	0
93	21	3	C	0
94	24	3	C	0
95	88	2	B	0
96	68	3	C	0
97	3	4	C	0
98	28	4	C	0
99	62	2	B	0
100	87	3	C	0
101	27	3	C	0
102	16	2	B	0
103	36	4	C	0
104	8	1	A	0
105	42	1	A	0
106	35	2	B	0
107	63	1	A	0
108	4	3	C	0
109	75	2	B	0
110	88	2	B	0
111	2	3	C	0
112	38	3	C	0
113	64	1	A	0
114	81	3	C	0
115	85	2	B	0
116	46	4	C	0
117	14	3	C	0
118	64	1	A	0
119	38	2	B	0
120	84	2	B	0
121	16	4	C	0
122	50	1	A	0
123	84	2	B	0
124	13	3	C	0
125	82	3	C	0
126	24	2	B	0
127	100	2	B	0
128	77	2	B	0
129	77	3	C	0
130	29	1	A	0
131	79	4	C	0
132	45	4	C	0
133	46	1	A	0
134	34	2	B	0
135	67	1	A	0
136	9	2	B	0
137	91	2	B	0
138	70	3	C	0
139	89	2	B	0
140	65	2	B	0
141	54	2	B	0
142	23	3	C	0
143	6	3	C	0
144	41	2	B	0
145	1	2	B	0
146	48	2	B	0
147	52	3	C	0
148	58	3	C	0
149	99	3	C	0
150	57	3	C	0
151	95	4	C	0
152	93	3	C	0
153	43	3	C	0
154	18	1	A	0
155	99	3	C	0
156	44	4	C	0
157	34	3	C	0
158	26	1	A	0
159	90	1	A	0
160	52	1	A	0
161	80	1	A	0
162	50	3	C	0
163	92	4	C	0
164	95	2	B	0
165	49	2	B	0
166	54	4	C	0
167	60	2	B	0
168	75	1	A	0
169	97	2	B	0
170	13	3	C	0
171	72	2	B	0
172	85	4	C	0
173	61	4	C	0
174	78	4	C	0
175	4	4	C	0
176	23	4	C	0
177	19	1	A	0
178	25	1	A	0
179	19	2	B	0
180	56	3	C	0
181	35	1	A	0
182	78	4	C	0
183	94	4	C	0
184	55	3	C	0
185	86	4	C	0
186	27	4	C	0
187	98	3	C	0
188	70	2	B	0
189	56	3	C	0
190	89	4	C	0
191	25	3	C	0
192	5	3	C	0
193	1	4	C	0
194	80	3	C	0
195	94	3	C	0
196	83	2	B	0
197	55	4	C	0
198	26	4	C	0
199	63	2	B	0
200	9	2	B	0
