Class Times	5
Rooms	40
1	80	C	0
2	89	C	1
3	23	B	0
4	53	B	0
5	28	B	1
6	79	C	1
7	64	A	0
8	35	A	1
9	96	B	0
10	19	B	0
11	68	A	1
12	64	B	1
13	77	C	1
14	87	C	1
15	79	B	0
16	93	A	0
17	53	B	0
18	46	C	0
19	68	C	1
20	70	B	0
21	42	A	1
22	85	B	1
23	65	C	1
24	94	B	0
25	63	C	0
26	56	A	1
27	51	C	1
28	23	B	0
29	63	C	0
30	40	C	0
31	83	A	1
32	93	A	1
33	63	B	1
34	49	A	0
35	85	A	1
36	59	C	1
37	52	B	1
38	14	C	1
39	15	B	1
40	12	A	1
Classes	200
Teachers	100
1	51	3	C	1
2	15	2	B	1
3	97	3	C	1
4	64	3	C	1
5	28	3	C	1
6	57	4	C	1
7	44	2	B	1
8	61	1	A	1
9	53	4	C	1
10	75	2	B	1
11	79	1	A	0
12	25	4	C	0
13	74	2	B	0
14	72	4	C	0
15	18	1	A	0
16	21	4	C	0
17	16	1	A	0
18	21	1	A	0
19	80	4	C	0
20	69	3	C	0
21	57	2	B	0
22	76	4	C	0
23	61	3	C	0
24	4	4	C	0
25	30	2	B	0
26	43	4	C	0
27	45	3	C	0
28	29	2	B	0
29	77	4	C	0
30	99	2	B	0
31	32	3	C	0
32	40	3	C	0
33	46	3	C	0
34	58	3	C	0
35	4	1	A	0
36	37	1	A	0
37	44	2	B	0
38	28	4	C	0
39	27	3	C	0
40	96	1	A	0
41	51	3	C	0
42	20	4	C	0
43	96	1	A	0
44	87	2	B	0
45	65	2	B	0
46	58	2	B	0
47	56	4	C	0
48	26	2	B	0
49	56	2	B	0
50	8	3	C	0
51	29	3	C	0
52	86	2	B	0
53	38	2	B	0
54	22	3	C	0
55	72	3	C	0
56	14	2	B	0
57	14	4	C	0
58	46	3	C	0
59	74	3	C	0
60	26	1	A	0
61	12	4	C	0
62	38	1	A	0
63	83	4	C	0
64	22	1	A	0
65	39	1	A	0
66	12	4	C	0
67	27	1	A	0
68	69	4	C	0
69	37	2	B	0
70	53	3	C	0
71	63	4	C	0
72	93	3	C	0
73	1	3	C	0
74	40	2	B	0
75	2	4	C	0
76	20	2	B	0
77	65	3	C	0
78	79	2	B	0
79	66	4	C	0
80	94	2	B	0
81	77	4	C	0
82	1	4	C	0
83	67	2	B	0
84	68	3	C	0
85	55	3	C	0
86	11	2	B	0
87	19	1	A	0
88	83	1	A	0
89	81	4	C	0
90	82	4	C	0
91	100	3	C	0
92	70	3	C	0
93	48	2	B	0
94	97	1	A	0
95	39	3	C	0
96	93	1	A	0
97	62	3	C	0
98	42	1	A	0
99	35	4	C	0
100	8	2	B	0
101	78	3	C	0
102	42	1	A	0
103	81	1	A	0
104	3	2	B	0
105	82	4	C	0
106	78	2	B	0
107	68	4	C	0
108	76	4	C	0
109	64	1	A	0
110	35	2	B	0
111	63	1	A	0
112	47	3	C	0
113	80	2	B	0
114	10	3	C	0
115	19	3	C	0
116	85	4	C	0
117	95	3	C	0
118	45	2	B	0
119	50	2	B	0
120	99	1	A	0
121	43	3	C	0
122	55	1	A	0
123	23	3	C	0
124	11	2	B	0
125	54	3	C	0
126	70	3	C	0
127	52	3	C	0
128	85	4	C	0
129	18	2	B	0
130	10	3	C	0
131	3	1	A	0
132	41	1	A	0
133	15	1	A	0
134	2	1	A	0
135	5	4	C	0
136	49	2	B	0
137	49	4	C	0
138	94	3	C	0
139	60	1	A	0
140	88	2	B	0
141	73	3	C	0
142	60	1	A	0
143	25	2	B	0
144	47	2	B	0
145	67	2	B	0
146	5	1	A	0
147	30	4	C	0
148	100	1	A	0
149	34	1	A	0
150	6	4	C	0
151	62	2	B	0
152	66	2	B	0
153	54	1	A	0
154	59	2	B	0
155	88	2	B	0
156	87	1	A	0
157	33	3	C	0
158	91	1	A	0
159	59	3	C	0
160	9	2	B	0
161	73	3	C	0
162	98	3	C	0
163	24	4	C	0
164	32	4	C	0
165	86	1	A	0
166	7	3	C	0
167	34	2	B	0
168	71	4	C	0
169	90	2	B	0
170	91	3	C	0
171	71	3	C	0
172	24	1	A	0
173	16	1	A	0
174	50	2	B	0
175	31	4	C	0
176	13	4	C	0
177	48	1	A	0
178	33	1	A	0
179	6	4	C	0
180	84	4	C	0
181	52	3	C	0
182	41	2	B	0
183	90	1	A	0
184	98	3	C	0
185	84	3	C	0
186	36	1	A	0
187	95	1	A	0
188	92	2	B	0
189	31	4	C	0
190	17	3	C	0
191	89	1	A	0
192	89	4	C	0
193	36	2	B	0
194	13	3	C	0
195	7	2	B	0
196	23	2	B	0
197	75	3	C	0
198	9	4	C	0
199	17	1	A	0
200	92	3	C	0
