Students	50
1	189 185 90 64	4	3	0
2	161 34 126 39	3	4	0
3	21 187 136 183	2	-1	0
4	3 135 130 61	1	-1	0
5	175 167 82 107	3	3	0
6	4 125 99 142	1	-1	0
7	184 29 22 25	2	-1	0
8	174 66 96 177	2	-1	0
9	106 133 95 64	3	1	0
10	7 88 138 133	1	-1	0
11	1 154 18 15	1	-1	0
12	41 38 163 53	3	3	0
13	174 165 123 61	4	3	0
14	63 152 183 143	3	1	0
15	179 193 194 93	3	2	0
16	187 111 192 103	2	-1	0
17	151 131 122 142	4	2	0
18	7 190 141 126	1	-1	0
19	138 195 82 178	3	3	0
20	8 78 104 160	1	-1	0
21	197 16 93 76	4	1	0
22	6 83 159 126	1	-1	0
23	165 125 174 100	2	-1	0
24	79 80 29 42	2	-1	0
25	173 57 13 78	2	-1	0
26	164 92 38 11	4	1	0
27	157 12 160 109	3	1	0
28	102 108 186 129	2	-1	0
29	4 47 154 156	1	-1	0
30	39 192 145 25	3	2	0
31	5 84 159 109	1	-1	0
32	6 91 23 76	1	-1	0
33	96 107 170 44	2	-1	0
34	115 119 117 70	2	-1	0
35	8 26 99 41	1	-1	0
36	7 23 68 166	1	-1	0
37	34 122 114 111	4	2	0
38	131 32 127 56	2	-1	0
39	98 97 149 90	2	-1	0
40	3 192 15 36	1	-1	0
41	9 115 134 86	1	-1	0
42	180 60 159 186	3	2	0
43	175 28 44 161	2	-1	0
44	54 68 144 164	4	4	0
45	192 70 60 85	4	3	0
46	11 96 136 115	3	2	0
47	7 25 194 45	1	-1	0
48	19 48 87 84	3	1	0
49	49 42 99 142	2	-1	0
50	5 194 147 14	1	-1	0
