Students	50
1	6 127 107 75	1	-1	0
2	30 112 183 164	3	4	0
3	83 82 39 53	4	1	0
4	152 32 121 86	2	-1	0
5	95 151 148 52	3	4	0
6	58 181 25 124	3	1	0
7	33 46 35 82	2	-1	0
8	191 157 186 82	4	4	0
9	76 41 18 78	2	-1	0
10	193 91 180 71	4	4	0
11	3 152 164 28	1	-1	0
12	167 102 190 22	3	2	0
13	57 32 100 158	4	2	0
14	42 36 152 136	3	3	0
15	176 29 188 139	2	-1	0
16	7 124 115 114	1	-1	0
17	123 114 82 37	3	4	0
18	89 49 129 16	2	-1	0
19	8 89 88 96	1	-1	0
20	28 66 104 67	4	2	0
21	18 12 106 137	3	1	0
22	24 75 80 86	4	4	0
23	100 79 137 171	2	-1	0
24	105 97 65 84	2	-1	0
25	10 81 62 31	1	-1	0
26	50 108 15 72	3	3	0
27	42 67 157 79	2	-1	0
28	177 144 95 90	4	3	0
29	145 190 72 24	2	-1	0
30	2 153 63 169	1	-1	0
31	13 179 182 172	2	-1	0
32	168 191 130 37	2	-1	0
33	1 79 32 173	1	-1	0
34	122 141 184 159	4	3	0
35	55 119 18 181	4	1	0
36	154 106 63 146	4	3	0
37	5 191 86 58	1	-1	0
38	33 71 145 58	3	1	0
39	106 132 38 119	4	2	0
40	11 161 189 78	3	1	0
41	59 33 190 109	3	1	0
42	82 145 116 115	4	4	0
43	4 133 194 197	1	-1	0
44	76 53 54 95	4	1	0
45	169 121 171 62	4	4	0
46	7 32 96 190	1	-1	0
47	43 161 23 107	2	-1	0
48	37 182 14 86	3	3	0
49	1 167 15 164	1	-1	0
50	8 192 109 30	1	-1	0
