Students	50
1	147 89 121 160	3	4	0
2	166 194 87 100	4	2	0
3	6 61 54 82	1	-1	0
4	21 75 37 31	4	2	0
5	35 158 25 141	4	1	0
6	20 26 198 49	4	1	1
7	54 162 109 115	3	3	0
8	20 137 160 11	3	4	0
9	84 198 27 42	2	-1	0
10	164 196 76 113	4	2	0
11	181 35 174 89	4	2	0
12	59 146 111 82	2	-1	0
13	186 176 59 66	4	3	0
14	169 117 18 200	4	4	0
15	173 39 172 101	3	2	0
16	117 163 199 44	3	1	0
17	104 92 41 154	4	1	0
18	6 157 82 199	1	-1	0
19	91 184 22 118	4	4	0
20	165 175 72 194	3	3	0
21	3 102 178 87	1	-1	0
22	42 184 59 98	3	4	0
23	4 23 11 150	1	-1	0
24	142 107 136 22	4	2	0
25	63 67 128 146	2	-1	0
26	45 100 115 88	3	2	0
27	68 42 164 45	4	3	0
28	36 62 156 49	4	2	0
29	70 92 156 66	3	2	1
30	8 145 77 152	1	-1	0
31	162 88 39 82	3	1	0
32	75 194 65 72	4	1	0
33	10 23 115 175	1	-1	0
34	9 48 53 63	1	-1	0
35	4 88 122 32	1	-1	0
36	158 77 150 38	3	3	0
37	151 117 20 162	4	4	0
38	69 147 26 87	4	2	0
39	33 179 103 178	2	-1	0
40	81 69 116 191	4	3	0
41	191 126 180 179	3	3	0
42	25 21 88 144	3	2	0
43	29 26 16 124	2	-1	0
44	96 148 169 85	4	3	0
45	101 179 29 171	2	-1	0
46	150 26 47 138	3	1	0
47	54 111 47 177	4	1	0
48	19 119 159 171	3	1	0
49	131 140 149 88	3	1	0
50	122 123 195 125	2	-1	0
