Class Times	5
Rooms	10
1	56	B	1
2	52	B	1
3	95	A	0
4	67	C	1
5	54	A	1
6	79	A	1
7	83	C	0
8	10	B	1
9	43	B	0
10	37	C	0
Classes	50
Teachers	25
1	16	5	C	1
2	5	1	A	1
3	24	3	C	1
4	25	5	C	0
5	13	2	B	0
6	23	2	B	0
7	25	3	C	0
8	16	1	A	0
9	14	1	A	0
10	9	4	C	0
11	24	4	C	0
12	3	2	B	0
13	1	2	B	0
14	14	3	C	0
15	2	4	C	0
16	17	5	C	0
17	2	5	C	0
18	9	2	B	0
19	4	1	A	0
20	20	3	C	0
21	6	3	C	0
22	8	5	C	0
23	5	2	B	0
24	23	5	C	0
25	12	3	C	0
26	3	4	C	0
27	12	3	C	0
28	19	5	C	0
29	1	4	C	0
30	8	3	C	0
31	11	5	C	0
32	13	4	C	0
33	21	5	C	0
34	6	5	C	0
35	17	3	C	0
36	20	2	B	0
37	21	4	C	0
38	22	1	A	0
39	18	3	C	0
40	10	1	A	0
41	15	4	C	0
42	10	4	C	0
43	22	1	A	0
44	4	3	C	0
45	18	5	C	0
46	11	4	C	0
47	19	3	C	0
48	15	4	C	0
49	7	3	C	0
50	7	2	B	0
