Class Times	5
Rooms	10
1	80	C	1
2	49	A	0
3	57	A	1
4	44	A	0
5	14	A	0
6	82	C	1
7	12	A	1
8	66	A	1
9	32	A	1
10	26	A	1
Classes	50
Teachers	25
1	4	3	C	1
2	8	1	A	1
3	23	2	B	1
4	6	4	C	0
5	25	5	C	0
6	17	3	C	0
7	21	2	B	0
8	2	2	B	0
9	20	1	A	0
10	22	2	B	0
11	4	4	C	0
12	17	1	A	0
13	23	5	C	0
14	22	5	C	0
15	25	2	B	0
16	9	3	C	0
17	13	4	C	0
18	16	2	B	0
19	5	3	C	0
20	7	4	C	0
21	2	5	C	0
22	24	5	C	0
23	24	3	C	0
24	20	4	C	0
25	3	5	C	0
26	5	1	A	0
27	3	4	C	0
28	14	3	C	0
29	6	4	C	0
30	7	1	A	0
31	12	2	B	0
32	14	4	C	0
33	21	2	B	0
34	9	3	C	0
35	12	1	A	0
36	16	5	C	0
37	18	3	C	0
38	15	5	C	0
39	8	4	C	0
40	1	2	B	0
41	1	5	C	0
42	13	3	C	0
43	18	1	A	0
44	19	5	C	0
45	19	1	A	0
46	15	1	A	0
47	10	3	C	0
48	10	3	C	0
49	11	1	A	0
50	11	1	A	0
