Class Times	5
Rooms	10
1	25	A	0
2	98	C	0
3	79	C	0
4	38	C	0
5	38	C	0
6	95	C	0
7	49	A	1
8	34	C	1
9	15	B	0
10	19	A	0
Classes	50
Teachers	25
1	2	3	C	1
2	18	4	C	1
3	14	5	C	1
4	5	2	B	0
5	1	1	A	0
6	11	3	C	0
7	16	2	B	0
8	3	4	C	0
9	25	5	C	0
10	10	2	B	0
11	15	1	A	0
12	1	5	C	0
13	11	2	B	0
14	17	4	C	0
15	7	3	C	0
16	2	1	A	0
17	3	4	C	0
18	24	1	A	0
19	4	1	A	0
20	7	3	C	0
21	10	2	B	0
22	18	1	A	0
23	25	1	A	0
24	22	1	A	0
25	9	5	C	0
26	5	5	C	0
27	12	5	C	0
28	9	1	A	0
29	23	3	C	0
30	6	5	C	0
31	16	3	C	0
32	22	3	C	0
33	17	3	C	0
34	23	1	A	0
35	24	3	C	0
36	20	4	C	0
37	6	5	C	0
38	15	3	C	0
39	21	1	A	0
40	13	3	C	0
41	8	5	C	0
42	4	3	C	0
43	13	1	A	0
44	21	4	C	0
45	20	3	C	0
46	14	2	B	0
47	12	2	B	0
48	8	2	B	0
49	19	4	C	0
50	19	5	C	0
