Class Times	5
Rooms	10
1	47	C	0
2	97	C	1
3	93	B	1
4	80	C	0
5	83	C	0
6	84	A	0
7	19	C	0
8	57	C	0
9	48	A	1
10	87	C	1
Classes	50
Teachers	25
1	21	5	C	1
2	7	1	A	1
3	25	2	B	1
4	8	5	C	0
5	17	1	A	0
6	1	3	C	0
7	1	5	C	0
8	11	1	A	0
9	8	1	A	0
10	3	5	C	0
11	7	2	B	0
12	2	3	C	0
13	10	5	C	0
14	20	2	B	0
15	12	2	B	0
16	4	3	C	0
17	19	3	C	0
18	5	2	B	0
19	20	5	C	0
20	3	1	A	0
21	10	4	C	0
22	16	4	C	0
23	17	4	C	0
24	12	1	A	0
25	15	1	A	0
26	23	1	A	0
27	22	1	A	0
28	2	1	A	0
29	11	5	C	0
30	24	3	C	0
31	23	2	B	0
32	14	4	C	0
33	16	1	A	0
34	5	5	C	0
35	22	5	C	0
36	9	3	C	0
37	21	4	C	0
38	19	4	C	0
39	14	5	C	0
40	9	2	B	0
41	4	3	C	0
42	13	1	A	0
43	25	1	A	0
44	15	5	C	0
45	6	5	C	0
46	6	1	A	0
47	18	3	C	0
48	24	4	C	0
49	18	2	B	0
50	13	2	B	0
