Students	1000
1	13 40 29 48	4	3	0
2	33 48 6 29	4	5	0
3	48 31 44 42	4	5	0
4	13 5 17 11	3	1	0
5	43 33 26 15	2	-1	0
6	18 44 19 25	3	4	0
7	43 26 32 23	2	-1	0
8	21 46 18 49	2	-1	0
9	15 24 37 20	3	3	0
10	13 40 6 25	3	5	0
11	43 37 21 27	4	2	0
12	46 25 44 11	4	5	0
13	1 6 26 33	1	-1	0
14	2 17 50 23	1	-1	0
15	48 34 16 9	2	-1	0
16	2 49 27 34	1	-1	0
17	33 35 26 7	3	3	0
18	22 29 21 40	4	5	0
19	13 33 39 44	3	4	0
20	47 27 34 32	2	-1	0
21	36 17 12 23	2	-1	0
22	1 36 25 13	1	-1	0
23	22 35 49 29	2	-1	0
24	1 8 33 16	1	-1	0
25	2 48 5 19	1	-1	0
26	41 38 19 23	4	3	0
27	7 28 26 16	4	3	0
28	3 36 46 29	1	-1	0
29	1 16 28 8	1	-1	0
30	48 28 7 13	2	-1	0
31	1 17 18 7	1	-1	0
32	37 48 6 31	3	5	0
33	2 17 40 30	1	-1	0
34	2 39 29 20	1	-1	0
35	3 22 15 11	1	-1	0
36	11 26 40 41	3	3	0
37	18 4 48 41	3	5	0
38	22 44 7 30	3	1	0
39	11 29 31 9	4	4	0
40	3 50 33 16	1	-1	0
41	45 16 48 29	4	1	0
42	18 19 46 45	3	1	0
43	2 46 7 11	1	-1	0
44	18 8 14 6	3	1	0
45	34 28 27 4	3	5	0
46	4 30 33 21	2	-1	0
47	18 6 37 26	3	1	0
48	4 34 41 42	4	4	0
49	9 40 6 17	2	-1	0
50	3 46 15 30	1	-1	0
51	19 17 13 23	2	-1	0
52	33 41 28 11	3	3	0
53	23 48 44 21	2	-1	0
54	23 33 47 26	3	4	0
55	16 13 11 24	2	-1	0
56	24 13 17 10	3	4	0
57	32 40 30 24	2	-1	0
58	16 13 27 25	3	4	0
59	43 14 22 16	2	-1	0
60	27 28 36 20	2	-1	0
61	14 46 11 45	2	-1	0
62	2 18 13 44	1	-1	0
63	33 34 13 28	4	5	0
64	2 36 18 48	1	-1	0
65	2 26 32 22	1	-1	0
66	46 14 7 9	4	5	0
67	38 45 15 24	3	2	0
68	1 36 50 44	1	-1	0
69	2 6 36 19	1	-1	0
70	27 48 5 33	4	4	0
71	40 14 28 23	3	1	0
72	49 32 30 41	3	4	0
73	26 42 25 47	2	-1	0
74	1 49 22 42	1	-1	0
75	38 45 46 47	4	1	0
76	31 41 40 46	2	-1	0
77	7 31 25 18	2	-1	0
78	41 34 5 40	2	-1	0
79	12 28 48 26	2	-1	0
80	3 18 41 13	1	-1	0
81	31 20 32 3	3	4	0
82	20 36 9 46	2	-1	0
83	5 22 25 42	3	1	0
84	19 21 43 4	2	-1	0
85	14 44 41 42	3	2	0
86	1 27 5 49	1	-1	0
87	1 24 26 23	1	-1	0
88	42 26 8 31	2	-1	0
89	13 46 14 27	3	2	0
90	45 38 32 31	3	3	0
91	1 29 49 50	1	-1	0
92	39 47 8 45	3	2	0
93	39 7 49 28	2	-1	0
94	22 8 4 9	3	2	0
95	18 47 22 34	2	-1	0
96	29 46 26 48	3	1	0
97	3 8 29 16	1	-1	0
98	31 10 44 6	3	4	0
99	2 41 29 18	1	-1	0
100	32 17 43 38	2	-1	0
101	3 37 11 30	1	-1	0
102	15 38 7 5	3	2	0
103	5 7 10 18	3	4	0
104	32 36 38 44	3	1	0
105	44 14 21 35	2	-1	0
106	21 11 42 33	4	3	0
107	36 33 37 3	4	4	0
108	36 45 31 28	2	-1	0
109	29 33 14 13	4	4	0
110	43 22 5 44	2	-1	0
111	3 14 33 26	1	-1	0
112	34 16 14 4	2	-1	0
113	18 40 12 33	2	-1	0
114	23 26 7 29	4	3	0
115	8 21 15 4	3	2	0
116	1 29 26 25	1	-1	0
117	22 8 6 47	4	1	0
118	2 42 33 20	1	-1	0
119	27 33 29 39	4	4	0
120	49 25 22 21	2	-1	0
121	19 44 12 6	3	2	0
122	4 24 29 43	3	2	0
123	41 30 34 39	2	-1	0
124	24 22 21 42	3	4	0
125	1 4 41 18	1	-1	0
126	10 4 44 32	3	4	0
127	9 24 8 37	4	1	0
128	37 34 39 10	2	-1	0
129	31 26 8 4	2	-1	0
130	3 20 23 36	1	-1	0
131	17 6 46 47	3	1	0
132	3 44 37 6	1	-1	0
133	1 40 5 27	1	-1	0
134	27 9 6 25	3	4	0
135	3 16 5 10	1	-1	0
136	44 50 27 16	4	1	0
137	21 47 45 50	3	2	0
138	44 5 37 39	3	4	0
139	2 28 14 6	1	-1	0
140	12 23 17 11	2	-1	0
141	3 25 14 37	1	-1	0
142	1 32 6 13	1	-1	0
143	18 33 24 38	2	-1	0
144	38 32 49 26	4	2	0
145	23 34 12 46	3	2	0
146	15 36 34 23	4	5	0
147	2 7 33 29	1	-1	0
148	49 41 10 28	3	2	0
149	33 36 12 8	4	2	0
150	34 5 49 45	2	-1	0
151	10 44 38 27	2	-1	0
152	3 45 5 48	1	-1	0
153	17 39 48 18	3	2	0
154	8 35 5 45	4	2	0
155	2 40 30 49	1	-1	0
156	12 20 13 50	3	2	0
157	27 36 34 32	3	3	0
158	6 43 24 10	2	-1	0
159	14 27 18 48	4	3	0
160	46 41 20 19	3	2	0
161	5 21 8 48	3	2	0
162	42 32 45 31	4	4	0
163	29 7 18 28	3	3	0
164	30 5 37 22	4	4	0
165	33 14 48 40	2	-1	0
166	3 45 21 49	1	-1	0
167	4 17 31 25	3	1	0
168	15 27 30 42	3	4	0
169	42 18 34 45	4	5	0
170	14 30 23 34	3	2	0
171	1 49 32 34	1	-1	0
172	41 30 8 34	3	5	0
173	26 23 6 40	2	-1	0
174	13 21 10 38	4	2	0
175	1 33 10 50	1	-1	0
176	1 34 14 41	1	-1	0
177	38 48 26 42	3	1	0
178	9 44 34 5	4	5	0
179	8 45 44 39	4	5	0
180	10 11 23 9	3	1	0
181	38 35 48 14	4	3	0
182	9 13 12 20	4	3	0
183	32 20 29 38	2	-1	0
184	1 31 14 35	1	-1	0
185	12 4 46 39	4	2	0
186	3 17 47 40	1	-1	0
187	19 28 45 15	4	3	0
188	32 9 47 28	4	4	0
189	28 19 44 46	3	3	0
190	39 46 37 42	4	3	0
191	17 5 18 29	3	2	0
192	3 9 10 30	1	-1	0
193	3 34 32 10	1	-1	0
194	13 27 20 32	3	3	0
195	19 45 12 48	2	-1	0
196	3 50 14 17	1	-1	0
197	30 20 38 31	3	1	0
198	3 29 37 10	1	-1	0
199	2 50 29 40	1	-1	0
200	3 44 27 12	1	-1	0
201	29 7 13 25	3	3	0
202	21 22 12 44	4	5	0
203	24 18 45 50	2	-1	0
204	33 27 9 15	3	5	0
205	15 36 28 18	4	4	0
206	20 10 7 4	3	5	0
207	1 29 27 18	1	-1	0
208	36 24 29 44	4	4	0
209	18 31 5 32	2	-1	0
210	3 9 18 42	1	-1	0
211	2 7 4 38	1	-1	0
212	2 40 14 50	1	-1	0
213	3 50 22 40	1	-1	0
214	2 7 9 8	1	-1	0
215	31 21 34 44	4	5	0
216	27 7 31 35	3	1	0
217	2 20 39 26	1	-1	0
218	29 34 9 8	3	2	0
219	1 40 17 37	1	-1	0
220	2 36 12 5	1	-1	0
221	49 44 17 39	4	2	0
222	2 7 39 41	1	-1	0
223	1 22 20 19	1	-1	0
224	1 40 14 16	1	-1	0
225	50 46 15 24	2	-1	0
226	31 43 39 45	2	-1	0
227	3 32 35 19	1	-1	0
228	2 34 40 23	1	-1	0
229	1 10 15 32	1	-1	0
230	12 46 11 16	2	-1	0
231	32 30 44 22	2	-1	0
232	1 18 10 22	1	-1	0
233	28 16 44 38	2	-1	0
234	37 45 7 19	4	4	0
235	46 13 10 26	2	-1	0
236	37 25 28 27	2	-1	0
237	2 13 50 28	1	-1	0
238	28 21 9 43	3	3	0
239	15 30 4 50	2	-1	0
240	28 4 21 25	2	-1	0
241	10 49 30 50	4	1	0
242	2 19 49 4	1	-1	0
243	45 31 46 21	3	1	0
244	14 12 48 11	2	-1	0
245	7 47 28 48	3	5	0
246	7 22 43 42	4	3	0
247	3 20 46 19	1	-1	0
248	22 30 31 20	3	5	0
249	30 16 47 17	2	-1	0
250	10 46 6 35	4	5	0
251	28 25 44 26	3	1	0
252	27 14 46 37	4	4	0
253	25 46 29 43	4	5	0
254	9 44 36 29	2	-1	0
255	14 20 17 30	4	4	0
256	49 25 33 47	2	-1	0
257	33 38 10 32	3	4	0
258	27 17 15 34	4	3	0
259	27 42 46 43	4	2	0
260	3 35 37 43	1	-1	0
261	34 25 6 21	2	-1	0
262	2 45 12 44	1	-1	0
263	17 23 29 40	2	-1	0
264	13 11 44 22	3	3	0
265	18 20 30 46	2	-1	0
266	13 10 41 26	4	2	0
267	39 27 15 3	2	-1	0
268	48 34 47 7	2	-1	0
269	43 21 4 30	4	4	0
270	2 44 7 12	1	-1	0
271	45 24 38 4	3	1	0
272	44 31 40 50	3	2	0
273	44 43 18 45	2	-1	0
274	46 24 20 31	4	1	0
275	44 38 42 26	2	-1	0
276	49 12 46 21	4	5	0
277	35 42 45 17	2	-1	0
278	4 31 32 11	3	4	0
279	34 49 45 16	2	-1	0
280	12 33 39 28	4	2	0
281	22 28 26 16	2	-1	0
282	2 43 44 14	1	-1	1
283	41 12 31 48	2	-1	0
284	3 26 20 10	1	-1	0
285	35 31 33 24	3	3	0
286	41 9 32 7	3	3	0
287	1 19 34 32	1	-1	0
288	21 10 37 38	4	1	0
289	10 34 9 16	3	5	0
290	46 13 45 40	2	-1	0
291	48 46 15 32	4	5	0
292	15 7 14 49	2	-1	0
293	30 26 45 12	4	3	0
294	32 42 26 28	3	1	0
295	28 16 7 4	3	3	0
296	12 49 10 15	2	-1	0
297	2 13 35 7	1	-1	0
298	3 19 17 11	1	-1	0
299	35 6 21 34	3	2	0
300	1 27 28 20	1	-1	0
301	1 50 49 45	1	-1	0
302	48 30 18 36	3	2	0
303	3 10 20 31	1	-1	0
304	3 18 27 36	1	-1	0
305	8 6 11 43	2	-1	0
306	37 25 45 36	2	-1	1
307	7 22 8 26	2	-1	0
308	37 35 48 13	3	1	0
309	35 46 25 31	4	5	0
310	26 14 40 10	3	1	0
311	1 15 18 33	1	-1	0
312	1 35 4 29	1	-1	0
313	9 46 26 34	4	4	0
314	28 47 33 30	4	4	0
315	3 29 41 27	1	-1	0
316	6 35 44 16	4	2	0
317	1 12 8 10	1	-1	0
318	1 7 27 44	1	-1	0
319	33 50 10 22	2	-1	0
320	2 18 24 12	1	-1	0
321	16 5 31 42	2	-1	0
322	30 13 21 44	4	2	0
323	37 8 7 10	4	3	0
324	18 42 44 6	4	5	0
325	36 19 18 26	4	4	0
326	23 31 48 14	4	3	0
327	32 9 37 24	3	2	0
328	7 9 41 36	3	4	0
329	27 12 18 49	2	-1	0
330	39 7 10 6	3	3	0
331	25 27 19 23	2	-1	0
332	9 11 15 24	4	5	0
333	35 22 31 16	3	5	0
334	27 20 32 6	3	3	0
335	34 28 21 45	2	-1	0
336	29 15 39 22	3	2	0
337	26 14 40 22	3	3	0
338	4 33 44 14	3	4	0
339	2 47 19 20	1	-1	0
340	17 38 39 11	2	-1	0
341	30 26 23 35	2	-1	0
342	3 49 24 4	1	-1	0
343	31 26 16 49	2	-1	0
344	41 39 10 49	2	-1	0
345	3 46 48 16	1	-1	0
346	23 22 37 29	3	3	0
347	2 9 20 22	1	-1	0
348	45 10 36 5	3	3	0
349	23 11 16 45	4	4	0
350	45 13 34 40	3	5	0
351	33 19 4 18	3	3	0
352	2 43 10 21	1	-1	0
353	9 25 43 41	3	4	0
354	1 20 26 8	1	-1	0
355	27 7 26 31	3	2	0
356	47 44 23 32	4	3	0
357	1 47 33 16	1	-1	1
358	31 38 21 17	4	1	0
359	10 32 17 38	3	5	0
360	17 27 36 20	2	-1	0
361	50 43 33 15	4	5	0
362	33 29 43 28	2	-1	0
363	26 11 31 16	4	5	0
364	3 36 23 2	1	-1	0
365	44 34 18 4	4	4	0
366	17 26 39 7	4	2	0
367	13 15 16 37	3	4	0
368	18 23 35 21	2	-1	0
369	4 45 10 6	4	1	0
370	17 6 11 29	3	2	0
371	40 23 29 11	2	-1	0
372	42 39 16 38	2	-1	0
373	7 41 35 22	4	4	0
374	39 46 22 33	2	-1	0
375	2 9 41 6	1	-1	0
376	15 27 39 47	2	-1	0
377	11 4 37 28	2	-1	0
378	1 42 39 24	1	-1	0
379	2 50 35 49	1	-1	0
380	2 13 28 45	1	-1	0
381	12 18 34 44	3	1	0
382	2 36 39 45	1	-1	0
383	15 8 46 6	3	4	0
384	16 11 44 37	3	3	0
385	1 4 40 22	1	-1	0
386	14 11 6 34	4	2	0
387	38 32 37 35	4	2	0
388	17 37 41 24	2	-1	0
389	38 8 13 24	3	2	0
390	1 29 4 47	1	-1	0
391	30 33 40 15	2	-1	0
392	43 47 27 23	2	-1	0
393	1 40 23 12	1	-1	0
394	41 36 18 19	4	3	0
395	35 42 26 7	4	4	0
396	1 33 38 24	1	-1	0
397	1 8 33 18	1	-1	0
398	24 39 35 26	2	-1	0
399	16 48 37 26	4	5	0
400	1 39 23 47	1	-1	0
401	3 29 14 21	1	-1	0
402	4 12 18 23	3	5	0
403	46 32 18 36	2	-1	0
404	34 6 25 21	2	-1	0
405	17 37 49 28	2	-1	0
406	37 28 9 16	4	3	0
407	18 29 23 28	4	5	0
408	49 42 45 13	2	-1	0
409	34 21 4 44	3	5	0
410	16 26 45 48	3	3	0
411	34 41 20 32	2	-1	0
412	26 49 24 28	2	-1	0
413	3 21 45 23	1	-1	0
414	1 16 32 50	1	-1	0
415	36 42 41 28	4	3	0
416	1 21 24 48	1	-1	0
417	3 16 34 7	1	-1	0
418	23 20 30 16	4	4	0
419	27 43 12 16	2	-1	0
420	38 15 26 31	2	-1	0
421	2 46 5 7	1	-1	0
422	29 35 10 43	3	5	0
423	7 15 35 21	2	-1	0
424	2 48 32 47	1	-1	0
425	50 13 15 47	2	-1	0
426	4 22 49 30	4	2	0
427	14 24 47 23	3	4	0
428	3 6 44 16	1	-1	0
429	14 30 5 6	3	4	0
430	3 23 32 10	1	-1	0
431	5 35 26 6	2	-1	0
432	1 14 38 32	1	-1	0
433	9 25 5 28	4	1	0
434	16 17 41 4	3	4	0
435	21 48 27 31	3	2	0
436	19 25 26 42	4	1	0
437	2 6 44 31	1	-1	0
438	37 44 17 13	3	5	0
439	2 49 13 20	1	-1	0
440	46 23 20 29	2	-1	0
441	18 23 12 44	3	3	0
442	14 8 46 35	3	5	0
443	50 11 40 16	3	1	0
444	37 50 30 32	3	2	0
445	15 47 6 10	2	-1	0
446	8 35 39 36	2	-1	0
447	21 24 12 18	2	-1	0
448	12 14 8 39	4	1	0
449	1 4 45 38	1	-1	0
450	13 40 44 31	4	1	0
451	36 47 34 42	4	4	0
452	3 18 43 8	1	-1	0
453	22 9 23 45	3	1	0
454	22 16 49 45	4	3	0
455	50 30 7 4	4	5	0
456	2 33 5 47	1	-1	0
457	1 46 25 47	1	-1	0
458	15 38 41 45	4	3	0
459	15 10 4 49	2	-1	0
460	23 28 5 25	2	-1	0
461	50 10 48 12	3	3	0
462	2 39 47 34	1	-1	0
463	27 32 37 49	2	-1	0
464	7 25 28 20	2	-1	0
465	37 39 5 16	2	-1	0
466	8 35 10 26	3	5	0
467	50 36 45 14	2	-1	0
468	24 22 25 30	4	5	0
469	33 19 41 10	3	3	0
470	14 15 42 48	4	4	0
471	3 49 25 6	1	-1	0
472	40 37 5 36	3	2	0
473	42 28 17 5	4	5	0
474	10 26 43 23	3	3	0
475	20 30 37 16	2	-1	0
476	4 41 22 12	2	-1	0
477	1 42 9 11	1	-1	0
478	34 29 33 9	4	2	0
479	1 34 29 42	1	-1	0
480	7 21 45 25	2	-1	0
481	33 35 5 21	3	2	0
482	48 31 19 46	2	-1	0
483	46 5 13 28	3	4	0
484	1 31 20 16	1	-1	0
485	3 10 16 20	1	-1	0
486	33 24 5 32	2	-1	0
487	19 38 15 49	4	5	0
488	15 16 44 21	4	4	0
489	19 23 18 11	4	2	0
490	33 26 32 49	4	2	0
491	26 13 10 22	3	3	0
492	8 16 44 50	4	3	0
493	11 10 9 22	4	3	0
494	31 43 27 14	3	5	0
495	12 39 16 49	3	5	0
496	18 43 39 41	2	-1	0
497	43 17 46 31	4	5	0
498	46 47 14 21	2	-1	0
499	43 16 50 36	2	-1	0
500	50 31 12 5	3	3	0
501	44 7 8 40	4	3	0
502	42 22 13 50	3	1	0
503	1 38 19 14	1	-1	0
504	4 31 23 28	2	-1	0
505	24 34 47 18	4	3	0
506	17 22 25 21	4	5	0
507	26 48 32 42	2	-1	0
508	43 28 13 4	2	-1	0
509	37 46 28 24	2	-1	0
510	3 43 31 41	1	-1	0
511	9 35 34 39	4	4	0
512	44 42 14 46	4	5	0
513	25 49 29 23	2	-1	0
514	13 15 43 48	3	5	0
515	39 12 37 21	3	1	0
516	48 41 45 11	3	1	0
517	14 33 29 34	4	1	0
518	1 33 8 49	1	-1	0
519	28 10 8 43	3	4	0
520	23 15 24 32	4	1	0
521	28 42 39 30	2	-1	0
522	42 47 25 46	3	4	0
523	41 17 29 20	2	-1	0
524	28 33 7 49	4	5	0
525	36 38 5 7	2	-1	0
526	29 5 47 22	2	-1	0
527	1 30 43 24	1	-1	0
528	27 39 30 20	2	-1	0
529	31 42 40 33	4	3	0
530	32 33 25 38	3	1	0
531	49 34 20 15	2	-1	0
532	19 35 50 9	3	1	0
533	6 44 4 9	2	-1	0
534	1 7 13 33	1	-1	0
535	1 50 15 10	1	-1	0
536	1 23 14 13	1	-1	0
537	4 13 39 16	3	4	0
538	3 35 19 14	1	-1	0
539	38 26 31 19	2	-1	0
540	35 39 4 17	4	1	0
541	45 32 31 16	2	-1	0
542	14 39 7 13	4	4	0
543	3 26 46 31	1	-1	0
544	3 21 49 6	1	-1	0
545	3 14 22 20	1	-1	0
546	30 7 40 8	3	2	0
547	46 33 6 40	3	2	0
548	3 30 32 36	1	-1	0
549	1 13 8 30	1	-1	0
550	28 42 32 47	2	-1	0
551	8 25 50 47	3	1	0
552	3 41 22 10	1	-1	0
553	1 28 20 31	1	-1	0
554	10 47 37 35	3	5	0
555	5 30 32 13	4	3	0
556	6 44 39 28	3	3	0
557	31 16 7 46	2	-1	0
558	18 20 29 40	4	2	0
559	12 15 32 26	4	2	0
560	4 15 12 13	4	4	0
561	46 16 30 10	4	2	0
562	40 45 50 27	3	2	0
563	47 19 12 5	3	2	0
564	16 41 36 37	4	5	0
565	24 5 37 22	4	3	0
566	38 46 36 34	4	3	0
567	37 19 26 50	4	1	0
568	31 39 22 19	4	4	0
569	49 40 37 10	4	3	0
570	42 15 18 37	4	1	0
571	31 49 27 15	3	5	0
572	27 28 38 14	2	-1	0
573	1 47 27 21	1	-1	0
574	33 32 26 17	3	1	0
575	2 25 34 21	1	-1	0
576	22 19 8 14	3	3	0
577	10 7 22 11	3	2	0
578	49 11 34 47	4	1	0
579	42 19 49 43	3	5	0
580	3 31 23 24	1	-1	0
581	46 8 41 48	2	-1	0
582	2 47 44 15	1	-1	0
583	28 12 17 43	4	3	0
584	29 18 50 32	3	5	0
585	22 10 12 29	2	-1	0
586	16 33 32 41	3	2	0
587	3 47 39 27	1	-1	0
588	12 25 34 43	4	3	0
589	31 5 10 47	4	1	0
590	3 26 16 18	1	-1	0
591	3 41 22 46	1	-1	0
592	6 27 13 40	3	3	0
593	2 48 49 26	1	-1	0
594	3 16 15 27	1	-1	0
595	42 48 13 34	2	-1	0
596	2 25 40 6	1	-1	0
597	45 13 40 27	3	2	0
598	1 16 19 43	1	-1	0
599	37 28 13 21	3	4	0
600	9 41 20 17	3	5	0
601	1 16 45 25	1	-1	0
602	4 42 46 6	4	1	0
603	29 21 18 9	2	-1	0
604	10 18 26 33	3	3	0
605	1 31 15 6	1	-1	0
606	23 13 21 18	2	-1	0
607	18 27 36 22	4	5	0
608	34 39 44 19	4	1	0
609	12 38 26 11	2	-1	0
610	2 29 48 6	1	-1	0
611	5 28 8 27	3	2	0
612	16 8 43 41	4	5	0
613	1 34 19 6	1	-1	0
614	4 49 32 18	4	1	0
615	3 23 31 50	1	-1	0
616	13 4 40 19	2	-1	0
617	28 48 17 33	3	5	0
618	22 30 25 18	3	3	0
619	27 29 20 33	3	1	0
620	32 7 33 39	4	1	0
621	3 18 47 29	1	-1	0
622	23 38 31 25	3	5	0
623	17 45 20 5	4	3	0
624	18 14 36 13	4	3	0
625	38 18 10 25	2	-1	0
626	3 36 5 19	1	-1	0
627	1 13 4 15	1	-1	0
628	50 22 32 8	2	-1	0
629	50 13 24 46	3	2	0
630	41 40 48 16	2	-1	0
631	45 16 30 50	2	-1	0
632	3 19 8 38	1	-1	0
633	5 15 47 41	4	5	0
634	20 33 29 30	4	3	0
635	1 9 24 43	1	-1	0
636	1 32 31 18	1	-1	0
637	1 48 38 4	1	-1	0
638	37 15 12 40	4	2	0
639	29 22 47 19	2	-1	0
640	5 13 41 27	3	4	0
641	50 17 11 45	3	2	0
642	50 33 40 22	3	1	0
643	44 20 26 36	2	-1	1
644	14 13 36 9	2	-1	0
645	1 23 44 31	1	-1	0
646	19 40 29 10	4	4	0
647	4 7 43 25	3	3	0
648	31 26 12 50	2	-1	0
649	3 40 18 37	1	-1	0
650	2 45 24 19	1	-1	0
651	40 44 11 16	3	4	0
652	29 48 10 7	4	1	0
653	31 16 10 44	4	2	0
654	45 18 23 16	4	2	0
655	49 44 39 48	4	4	0
656	47 50 9 40	2	-1	0
657	2 48 44 24	1	-1	0
658	7 31 28 45	2	-1	0
659	14 47 38 20	2	-1	0
660	4 35 40 29	3	3	0
661	2 34 16 23	1	-1	0
662	30 12 31 33	3	5	0
663	8 6 42 22	2	-1	0
664	24 50 40 44	4	1	0
665	47 13 43 40	4	3	0
666	3 35 28 50	1	-1	1
667	3 7 42 4	1	-1	0
668	25 11 37 31	3	5	0
669	1 50 10 21	1	-1	0
670	23 19 50 49	3	4	0
671	5 19 10 6	4	3	0
672	20 19 11 33	4	2	0
673	11 41 44 34	2	-1	0
674	1 36 5 48	1	-1	0
675	25 12 42 6	2	-1	0
676	31 21 23 42	2	-1	0
677	2 26 12 38	1	-1	0
678	27 26 47 25	2	-1	0
679	29 35 18 5	4	5	0
680	27 16 49 34	4	4	0
681	21 28 10 16	4	5	0
682	11 25 7 13	4	3	0
683	27 31 7 23	3	5	0
684	30 33 6 25	3	5	0
685	42 31 45 49	2	-1	0
686	50 33 36 35	3	4	0
687	32 9 12 34	3	4	0
688	9 29 37 17	2	-1	0
689	29 16 42 25	3	3	0
690	4 42 20 47	2	-1	0
691	13 30 33 42	4	3	0
692	37 15 48 12	4	3	0
693	23 43 34 24	4	4	0
694	2 42 16 36	1	-1	0
695	7 10 40 17	3	1	0
696	2 5 39 49	1	-1	0
697	43 29 21 19	2	-1	0
698	4 15 24 33	3	3	0
699	48 40 20 30	4	5	0
700	1 34 28 13	1	-1	0
701	10 11 26 14	4	3	0
702	50 49 45 7	2	-1	0
703	37 45 36 4	3	4	0
704	34 14 35 18	3	4	0
705	6 10 9 39	4	5	0
706	46 29 14 31	2	-1	0
707	46 44 33 17	4	5	0
708	1 17 27 18	1	-1	0
709	3 4 34 48	1	-1	0
710	38 37 33 32	2	-1	0
711	28 32 46 31	2	-1	0
712	48 6 26 50	2	-1	0
713	2 21 42 26	1	-1	0
714	28 36 4 43	4	5	0
715	3 31 30 36	1	-1	0
716	3 5 46 23	1	-1	0
717	39 46 35 49	2	-1	0
718	48 41 34 16	3	2	0
719	2 4 9 30	1	-1	0
720	2 48 34 4	1	-1	0
721	43 35 10 36	4	4	0
722	19 18 43 32	2	-1	0
723	3 24 25 15	1	-1	0
724	50 46 8 40	3	3	0
725	36 44 42 47	3	4	0
726	19 26 9 35	2	-1	0
727	35 41 32 26	4	2	0
728	1 15 14 28	1	-1	0
729	45 22 18 47	4	2	0
730	9 47 17 38	3	4	0
731	36 24 27 31	3	3	0
732	3 12 26 18	1	-1	0
733	2 9 6 41	1	-1	0
734	15 10 34 21	3	5	0
735	9 34 26 14	2	-1	0
736	1 15 35 30	1	-1	0
737	39 33 42 26	3	1	0
738	27 15 9 24	4	1	0
739	37 11 19 34	4	2	0
740	1 50 33 40	1	-1	0
741	48 42 28 20	4	1	0
742	36 6 29 35	2	-1	0
743	27 14 25 28	3	5	0
744	2 41 50 14	1	-1	0
745	49 25 43 23	4	5	0
746	15 33 49 9	3	4	0
747	43 50 44 34	4	1	0
748	3 37 30 38	1	-1	0
749	5 16 46 4	4	3	0
750	27 4 23 34	4	4	0
751	11 47 29 19	4	4	0
752	8 50 5 21	2	-1	0
753	3 13 9 41	1	-1	0
754	19 23 46 48	4	3	0
755	11 33 22 19	2	-1	0
756	12 49 35 45	3	2	0
757	36 41 12 26	3	1	0
758	8 31 36 14	4	3	0
759	26 12 40 32	3	3	0
760	16 26 11 28	4	5	0
761	26 47 25 22	2	-1	1
762	1 18 45 21	1	-1	0
763	21 36 42 41	3	1	0
764	19 9 43 8	4	3	0
765	24 17 46 15	2	-1	0
766	2 48 30 39	1	-1	0
767	3 8 15 27	1	-1	0
768	43 24 44 16	2	-1	0
769	5 21 25 13	3	3	0
770	44 20 24 40	2	-1	0
771	35 28 31 36	4	2	0
772	13 16 41 19	4	1	0
773	25 21 20 43	2	-1	0
774	17 9 44 32	4	5	0
775	36 9 25 13	3	4	0
776	11 27 13 6	4	5	0
777	3 9 19 29	1	-1	0
778	6 19 31 30	4	3	0
779	40 7 8 27	4	5	0
780	19 30 47 6	3	1	0
781	1 19 47 34	1	-1	0
782	27 42 48 33	4	4	0
783	3 44 5 37	1	-1	0
784	35 36 19 12	2	-1	0
785	8 24 45 18	4	1	0
786	3 38 4 49	1	-1	0
787	5 50 32 37	3	5	0
788	2 8 25 14	1	-1	0
789	25 34 26 7	4	1	0
790	4 16 28 46	3	4	0
791	20 31 29 40	4	3	0
792	14 48 10 23	3	3	0
793	17 25 32 31	2	-1	0
794	28 45 23 30	4	2	0
795	7 17 45 50	3	4	0
796	43 31 44 13	3	2	0
797	41 18 16 50	4	3	0
798	1 30 36 14	1	-1	0
799	33 21 4 26	4	3	0
800	15 30 29 16	4	5	0
801	4 20 23 36	3	3	0
802	33 26 9 16	2	-1	0
803	11 28 31 26	3	5	0
804	1 44 42 36	1	-1	0
805	1 46 33 39	1	-1	0
806	14 30 8 34	3	1	0
807	13 30 15 5	4	1	0
808	3 35 17 10	1	-1	0
809	3 47 27 50	1	-1	0
810	6 13 7 36	4	5	0
811	49 12 40 16	4	1	0
812	1 28 17 20	1	-1	0
813	24 26 12 46	2	-1	0
814	1 30 43 28	1	-1	0
815	35 48 11 6	4	5	0
816	42 37 8 20	4	1	0
817	3 36 7 47	1	-1	0
818	26 30 48 7	2	-1	0
819	11 7 34 25	3	3	0
820	4 14 50 46	2	-1	0
821	1 29 33 11	1	-1	0
822	5 19 11 24	3	2	0
823	3 29 8 12	1	-1	0
824	44 24 21 50	4	4	0
825	12 25 46 22	2	-1	0
826	22 16 20 4	2	-1	0
827	30 46 13 12	2	-1	0
828	1 25 17 26	1	-1	0
829	15 8 13 7	3	3	0
830	1 16 25 45	1	-1	0
831	8 26 38 24	3	1	0
832	16 7 44 23	3	2	0
833	14 28 29 8	2	-1	0
834	3 20 25 43	1	-1	0
835	13 45 17 46	3	3	0
836	40 13 5 45	4	4	0
837	42 7 33 38	2	-1	0
838	2 32 15 30	1	-1	0
839	7 21 22 24	4	1	0
840	36 28 7 19	3	1	0
841	8 17 29 15	3	5	0
842	35 15 45 16	2	-1	0
843	18 21 32 9	4	4	0
844	3 40 39 38	1	-1	0
845	2 15 37 8	1	-1	0
846	5 45 11 6	4	5	0
847	18 29 37 36	2	-1	0
848	3 13 46 47	1	-1	0
849	6 11 41 15	2	-1	0
850	1 36 44 17	1	-1	0
851	50 23 28 43	4	2	0
852	39 34 21 30	2	-1	0
853	28 46 43 32	4	2	0
854	47 45 28 15	3	1	0
855	2 38 5 8	1	-1	0
856	24 45 5 44	4	5	0
857	23 40 4 29	3	5	0
858	33 11 7 8	3	3	0
859	7 19 9 37	2	-1	0
860	13 9 33 24	2	-1	0
861	3 32 9 39	1	-1	0
862	21 19 20 26	2	-1	0
863	2 31 48 17	1	-1	0
864	2 41 43 47	1	-1	0
865	27 13 17 5	4	3	0
866	33 47 22 29	4	1	0
867	1 10 23 29	1	-1	0
868	24 19 26 13	4	3	0
869	2 45 11 43	1	-1	0
870	16 21 48 5	2	-1	0
871	3 43 13 15	1	-1	0
872	41 49 23 39	4	1	0
873	25 24 8 38	4	2	0
874	13 21 4 16	2	-1	0
875	2 31 25 6	1	-1	0
876	15 20 11 48	4	5	0
877	18 30 33 39	4	2	0
878	2 31 25 18	1	-1	0
879	9 10 17 22	3	3	0
880	40 48 39 14	2	-1	0
881	21 28 31 6	3	3	0
882	28 16 25 40	3	1	0
883	1 20 7 16	1	-1	0
884	6 38 29 42	4	1	0
885	29 20 17 13	3	1	0
886	4 5 19 50	4	2	0
887	22 11 29 16	4	5	0
888	2 50 24 31	1	-1	0
889	44 4 47 19	4	2	0
890	24 21 22 48	4	2	0
891	36 40 49 45	3	4	0
892	43 36 30 35	3	1	1
893	21 22 34 28	3	1	0
894	45 19 30 8	3	3	0
895	43 11 42 48	4	4	0
896	8 4 38 18	3	3	0
897	14 11 44 30	3	4	0
898	1 12 23 10	1	-1	0
899	2 24 17 9	1	-1	0
900	1 47 26 46	1	-1	0
901	26 20 16 24	2	-1	0
902	35 6 45 42	4	1	0
903	36 5 50 40	2	-1	0
904	1 10 39 4	1	-1	0
905	23 33 27 14	4	5	0
906	33 23 50 17	2	-1	0
907	43 35 50 46	3	4	0
908	2 15 32 46	1	-1	0
909	49 29 15 40	4	3	0
910	2 17 38 48	1	-1	0
911	37 40 47 4	2	-1	0
912	29 7 39 44	2	-1	0
913	44 50 28 25	2	-1	0
914	17 4 35 3	2	-1	1
915	41 24 15 6	3	5	0
916	50 5 41 42	2	-1	0
917	2 7 26 14	1	-1	0
918	1 32 26 36	1	-1	0
919	14 44 33 48	4	3	0
920	3 47 41 31	1	-1	0
921	22 21 27 7	2	-1	0
922	10 24 19 32	4	2	0
923	18 13 36 38	3	2	0
924	16 33 12 30	4	4	0
925	26 47 39 7	2	-1	0
926	7 40 29 35	3	2	0
927	40 5 47 17	4	4	0
928	13 23 16 5	2	-1	0
929	1 44 30 10	1	-1	0
930	44 5 36 42	4	2	0
931	1 37 47 20	1	-1	0
932	3 39 28 49	1	-1	0
933	4 39 43 25	2	-1	0
934	30 9 21 23	2	-1	0
935	31 42 18 8	4	5	0
936	31 21 4 7	3	3	0
937	1 45 43 24	1	-1	0
938	14 32 43 25	2	-1	0
939	12 38 30 10	4	5	0
940	49 30 8 26	2	-1	0
941	22 28 14 43	2	-1	0
942	3 19 25 33	1	-1	0
943	3 14 13 10	1	-1	1
944	15 16 25 19	2	-1	0
945	4 24 35 33	4	4	0
946	2 5 33 50	1	-1	0
947	3 39 6 11	1	-1	0
948	13 46 24 19	2	-1	0
949	49 43 28 38	4	5	0
950	1 50 4 37	1	-1	0
951	41 8 39 15	2	-1	0
952	7 38 49 24	2	-1	0
953	41 33 50 12	4	2	0
954	39 9 24 3	2	-1	0
955	21 26 18 35	2	-1	0
956	40 23 27 4	2	-1	0
957	3 38 9 46	1	-1	0
958	20 48 6 34	2	-1	0
959	26 31 50 16	4	3	0
960	9 33 29 13	2	-1	0
961	26 49 21 4	3	2	0
962	50 22 8 15	2	-1	0
963	33 43 42 4	2	-1	0
964	12 43 48 23	4	4	0
965	49 23 25 29	3	1	0
966	46 25 47 30	4	3	0
967	29 16 46 21	4	2	0
968	15 25 29 5	2	-1	0
969	1 26 48 47	1	-1	0
970	25 20 50 33	3	5	0
971	21 13 46 32	3	3	0
972	7 41 9 16	4	2	0
973	10 23 29 26	4	1	0
974	15 12 19 40	4	1	0
975	41 16 7 10	4	2	0
976	4 11 42 24	2	-1	0
977	42 14 23 50	4	5	0
978	31 16 24 44	4	4	0
979	35 6 22 13	4	2	0
980	2 35 33 36	1	-1	0
981	31 50 9 26	2	-1	0
982	32 18 4 10	4	3	0
983	48 30 34 16	3	1	0
984	34 31 25 45	4	2	0
985	45 27 12 34	4	2	0
986	40 48 4 20	3	3	0
987	15 13 11 7	4	5	0
988	30 50 10 40	3	2	0
989	34 12 14 24	3	3	0
990	39 43 44 37	4	1	0
991	26 24 37 20	4	4	0
992	1 39 29 16	1	-1	0
993	9 28 47 13	3	3	1
994	6 19 31 7	3	2	0
995	2 16 37 21	1	-1	0
996	45 6 9 4	4	5	0
997	2 13 45 21	1	-1	0
998	18 39 49 7	4	5	0
999	38 14 31 50	2	-1	0
1000	22 43 4 14	3	5	0
