Students	1000
1	9 15 5 37	2	-1	0
2	1 6 31 24	1	-1	0
3	13 30 12 18	4	5	0
4	23 17 41 14	3	3	0
5	1 45 34 42	1	-1	0
6	2 44 27 30	1	-1	0
7	17 21 45 9	2	-1	0
8	37 47 34 31	4	2	0
9	44 35 47 24	4	1	0
10	4 5 10 7	2	-1	0
11	20 33 47 50	2	-1	0
12	11 7 4 22	4	5	0
13	42 25 10 13	2	-1	0
14	19 21 6 43	4	2	0
15	24 25 44 41	2	-1	0
16	10 19 26 11	3	3	0
17	16 47 33 19	4	5	0
18	48 41 8 18	4	3	0
19	6 22 20 27	2	-1	0
20	3 37 26 11	1	-1	0
21	30 35 15 45	3	2	0
22	1 12 41 29	1	-1	0
23	10 14 7 42	3	5	0
24	26 20 9 30	3	4	0
25	35 16 37 14	2	-1	0
26	1 29 14 5	1	-1	0
27	11 38 5 33	3	5	0
28	38 6 22 40	2	-1	0
29	44 36 13 31	4	2	0
30	37 11 38 29	3	4	0
31	4 50 39 28	2	-1	0
32	25 24 14 16	4	4	0
33	27 45 41 44	4	5	0
34	1 8 23 5	1	-1	0
35	2 39 28 47	1	-1	0
36	10 30 47 35	4	5	0
37	21 39 26 49	3	2	0
38	21 9 29 47	2	-1	0
39	28 46 23 24	4	3	0
40	8 6 45 18	3	2	0
41	2 6 9 16	1	-1	0
42	33 32 38 12	4	5	0
43	32 45 38 50	3	1	0
44	9 19 31 42	4	5	0
45	18 15 36 45	2	-1	0
46	22 4 19 34	2	-1	0
47	22 18 21 46	4	4	0
48	15 22 5 36	4	5	0
49	25 30 17 37	2	-1	0
50	25 19 49 43	2	-1	0
51	3 44 34 5	1	-1	0
52	50 34 5 17	3	1	0
53	1 14 6 44	1	-1	0
54	37 31 6 16	2	-1	0
55	13 43 14 9	4	1	0
56	4 47 48 26	3	3	0
57	27 42 12 36	3	4	0
58	9 31 50 22	3	3	0
59	31 49 35 32	2	-1	0
60	33 7 19 35	4	2	0
61	10 26 34 7	2	-1	0
62	46 40 32 45	2	-1	0
63	16 6 42 12	2	-1	0
64	34 14 48 38	3	1	0
65	19 41 34 7	2	-1	0
66	38 16 18 44	2	-1	0
67	1 44 16 9	1	-1	0
68	43 6 5 14	3	3	0
69	23 8 37 28	4	1	0
70	25 26 22 40	3	4	0
71	38 50 43 42	3	4	0
72	1 6 18 21	1	-1	0
73	20 14 19 23	3	5	0
74	14 28 26 35	2	-1	0
75	43 25 44 5	2	-1	0
76	28 11 29 50	3	2	0
77	21 8 14 33	4	2	0
78	32 11 33 21	2	-1	0
79	19 25 43 24	4	1	0
80	1 45 48 18	1	-1	0
81	44 16 7 23	2	-1	0
82	41 9 10 37	4	5	0
83	3 13 36 31	1	-1	0
84	3 29 8 9	1	-1	0
85	1 29 10 22	1	-1	0
86	3 44 29 32	1	-1	0
87	1 7 6 35	1	-1	0
88	5 14 19 50	3	4	0
89	49 43 24 13	2	-1	0
90	3 32 24 22	1	-1	0
91	3 29 8 11	1	-1	0
92	18 38 29 13	3	4	0
93	27 23 31 1	3	3	0
94	7 6 33 21	4	4	0
95	30 46 42 19	3	3	0
96	4 46 16 12	4	2	0
97	1 30 33 44	1	-1	0
98	39 8 34 5	2	-1	0
99	1 49 15 30	1	-1	0
100	36 29 30 8	2	-1	0
101	23 30 11 31	4	5	0
102	39 49 28 44	2	-1	0
103	45 9 33 28	4	3	0
104	40 5 24 7	4	5	0
105	25 44 21 23	4	4	0
106	36 45 41 24	4	1	0
107	5 16 12 43	4	5	0
108	2 34 46 44	1	-1	0
109	7 35 5 40	3	5	0
110	44 33 4 23	4	1	0
111	33 22 7 50	4	2	1
112	31 39 15 25	2	-1	0
113	3 24 35 48	1	-1	0
114	3 44 11 21	1	-1	0
115	3 41 44 28	1	-1	0
116	12 33 48 18	2	-1	0
117	28 32 12 38	4	4	0
118	13 26 38 18	3	5	0
119	11 7 43 13	3	5	0
120	43 34 46 13	2	-1	0
121	27 28 24 11	3	2	0
122	38 42 23 33	2	-1	0
123	9 25 7 34	2	-1	0
124	28 40 47 21	4	3	0
125	16 5 48 40	4	5	0
126	1 33 14 8	1	-1	0
127	26 23 9 30	3	4	0
128	3 9 18 45	1	-1	0
129	1 26 15 32	1	-1	0
130	13 35 16 40	2	-1	0
131	35 13 34 15	4	3	0
132	4 21 37 1	4	1	0
133	34 13 24 36	4	3	0
134	4 33 6 50	4	1	0
135	23 5 30 42	4	5	0
136	44 13 17 46	3	4	0
137	2 10 23 42	1	-1	0
138	22 31 46 14	3	3	0
139	6 19 36 25	2	-1	0
140	8 12 22 33	4	5	0
141	28 13 10 48	3	5	0
142	3 23 42 6	1	-1	0
143	37 12 41 19	3	2	0
144	43 40 8 23	2	-1	0
145	23 34 4 44	2	-1	0
146	1 33 39 32	1	-1	0
147	31 49 36 48	3	3	0
148	3 46 12 5	1	-1	0
149	5 12 46 14	3	2	0
150	21 24 48 9	2	-1	0
151	9 32 27 10	3	3	0
152	3 27 22 46	1	-1	0
153	45 25 7 29	2	-1	0
154	3 20 36 50	1	-1	0
155	3 48 36 12	1	-1	0
156	33 6 17 25	2	-1	0
157	12 19 16 40	4	4	0
158	46 27 11 4	3	3	0
159	45 30 27 34	2	-1	0
160	37 15 29 11	2	-1	0
161	17 13 28 5	4	5	0
162	42 47 32 5	3	1	0
163	1 18 4 21	1	-1	0
164	7 36 9 5	2	-1	0
165	49 12 23 9	3	3	0
166	5 44 18 7	4	1	0
167	9 46 25 28	4	4	0
168	41 22 49 47	3	2	0
169	3 18 47 27	1	-1	0
170	21 45 7 10	4	4	0
171	2 37 11 46	1	-1	0
172	2 33 25 42	1	-1	0
173	28 48 25 47	4	5	0
174	23 44 45 7	2	-1	0
175	3 15 42 17	1	-1	0
176	2 33 35 34	1	-1	0
177	46 23 36 4	4	5	0
178	15 32 11 9	3	1	0
179	44 9 7 25	4	1	0
180	23 30 21 28	4	4	0
181	45 5 4 33	4	3	0
182	30 49 39 41	3	5	0
183	14 6 34 37	3	2	0
184	37 4 23 34	2	-1	0
185	1 41 9 31	1	-1	0
186	2 26 39 28	1	-1	0
187	2 10 45 32	1	-1	0
188	31 30 40 46	2	-1	0
189	2 16 33 37	1	-1	0
190	27 31 42 19	4	1	0
191	35 16 4 46	3	4	0
192	16 50 32 42	4	2	0
193	2 36 4 27	1	-1	0
194	1 20 38 11	1	-1	0
195	42 24 30 6	3	4	0
196	42 30 14 17	4	5	0
197	23 9 8 11	4	5	0
198	2 26 9 37	1	-1	0
199	2 5 29 45	1	-1	0
200	1 36 26 47	1	-1	0
201	22 8 20 29	2	-1	0
202	2 26 4 44	1	-1	0
203	41 15 50 7	3	5	0
204	37 14 29 17	3	5	0
205	33 45 50 11	4	5	0
206	30 39 42 17	4	2	0
207	50 24 42 7	4	4	0
208	1 6 27 30	1	-1	0
209	48 13 46 16	2	-1	0
210	1 38 50 45	1	-1	0
211	2 32 23 12	1	-1	0
212	47 21 16 38	3	5	0
213	1 49 39 4	1	-1	0
214	6 38 36 39	4	5	0
215	21 15 26 50	4	4	0
216	2 32 30 17	1	-1	0
217	50 23 47 30	3	5	0
218	33 23 46 4	2	-1	0
219	25 6 9 42	4	5	0
220	49 5 38 35	3	1	0
221	3 20 37 12	1	-1	0
222	38 41 31 22	2	-1	0
223	2 27 31 15	1	-1	0
224	1 34 17 29	1	-1	0
225	1 38 10 19	1	-1	0
226	5 28 4 49	4	3	0
227	6 23 18 12	2	-1	0
228	17 2 49 44	2	-1	0
229	16 49 47 10	3	1	0
230	41 23 17 7	4	4	0
231	14 6 27 49	4	2	0
232	12 31 38 32	4	2	0
233	14 27 13 21	2	-1	0
234	1 5 14 15	1	-1	0
235	43 34 50 26	2	-1	0
236	24 9 13 15	4	2	0
237	15 8 31 10	4	3	0
238	5 20 10 30	3	5	0
239	36 43 22 20	3	3	0
240	3 9 8 6	1	-1	0
241	3 38 13 9	1	-1	0
242	28 13 24 15	4	2	0
243	3 47 6 17	1	-1	0
244	2 4 18 37	1	-1	0
245	2 44 25 35	1	-1	0
246	29 45 31 50	3	1	0
247	47 33 46 18	3	3	0
248	40 11 30 15	3	2	0
249	2 33 36 46	1	-1	0
250	34 47 43 9	4	5	0
251	1 18 50 33	1	-1	0
252	1 9 46 33	1	-1	0
253	14 31 50 18	2	-1	0
254	34 28 47 39	3	2	0
255	1 37 8 23	1	-1	0
256	40 5 24 39	2	-1	0
257	18 50 27 49	2	-1	0
258	17 16 21 20	3	2	0
259	1 14 9 30	1	-1	0
260	18 17 28 16	3	3	0
261	3 12 18 17	1	-1	0
262	2 14 13 47	1	-1	0
263	2 22 32 7	1	-1	0
264	18 40 8 49	2	-1	0
265	42 30 40 15	4	2	0
266	9 39 20 25	2	-1	0
267	8 44 40 23	4	3	0
268	35 16 9 32	3	3	0
269	33 40 15 11	2	-1	0
270	48 19 4 45	2	-1	0
271	2 48 25 35	1	-1	0
272	26 17 25 31	2	-1	0
273	1 10 38 49	1	-1	0
274	26 48 23 17	4	1	0
275	27 26 40 10	4	2	0
276	31 12 42 29	4	4	0
277	30 37 24 8	3	4	0
278	31 19 24 34	2	-1	0
279	15 31 26 23	2	-1	0
280	40 6 39 37	4	1	0
281	32 11 29 20	3	1	0
282	7 26 25 13	2	-1	0
283	15 4 41 38	4	3	0
284	13 26 25 5	2	-1	0
285	48 41 45 19	4	2	0
286	1 42 6 12	1	-1	0
287	29 33 23 20	2	-1	0
288	34 9 5 43	3	4	0
289	2 36 18 12	1	-1	0
290	48 38 4 43	2	-1	0
291	2 38 50 28	1	-1	0
292	26 38 27 25	2	-1	0
293	33 47 50 30	2	-1	0
294	8 10 26 11	3	3	0
295	8 26 39 17	2	-1	0
296	47 38 42 8	2	-1	1
297	18 24 13 5	3	3	0
298	27 39 42 32	4	4	0
299	2 11 48 32	1	-1	0
300	8 48 39 16	4	4	0
301	18 21 34 8	2	-1	0
302	1 30 24 33	1	-1	0
303	24 11 33 15	2	-1	0
304	26 22 16 30	3	1	0
305	21 35 9 12	4	1	0
306	1 39 43 28	1	-1	0
307	10 26 41 18	4	2	0
308	3 7 12 8	1	-1	0
309	48 27 38 50	2	-1	0
310	3 41 40 31	1	-1	0
311	3 41 32 44	1	-1	0
312	20 47 31 41	4	3	0
313	33 5 30 8	2	-1	0
314	1 42 20 22	1	-1	0
315	17 13 45 8	4	2	0
316	2 30 8 15	1	-1	0
317	28 6 36 42	3	1	0
318	41 19 10 28	4	3	0
319	33 8 41 24	3	4	0
320	29 11 49 50	4	3	0
321	2 48 26 11	1	-1	0
322	12 13 30 41	2	-1	0
323	17 36 8 45	4	4	0
324	10 6 41 48	2	-1	0
325	25 46 33 17	3	3	0
326	43 27 20 16	4	2	0
327	50 12 13 26	3	5	0
328	40 38 33 26	4	3	0
329	48 16 46 32	3	3	0
330	49 30 4 36	3	4	0
331	3 9 37 27	1	-1	0
332	49 26 38 31	3	1	0
333	30 35 23 43	4	1	0
334	36 37 25 11	4	1	0
335	19 37 45 41	3	5	0
336	20 21 32 34	4	2	0
337	17 48 29 20	3	1	0
338	3 15 20 9	1	-1	0
339	2 25 38 10	1	-1	0
340	2 36 38 46	1	-1	0
341	9 8 25 34	2	-1	0
342	7 29 6 22	2	-1	0
343	1 25 49 40	1	-1	0
344	18 21 11 35	3	2	0
345	42 35 9 44	3	5	0
346	33 37 14 30	3	5	0
347	3 17 41 25	1	-1	0
348	22 37 39 6	3	3	0
349	2 4 12 43	1	-1	0
350	2 30 39 45	1	-1	0
351	12 40 17 23	2	-1	0
352	2 11 26 9	1	-1	0
353	50 4 41 8	3	3	0
354	6 23 36 40	4	5	0
355	2 20 27 24	1	-1	0
356	1 47 16 22	1	-1	0
357	24 33 27 31	3	4	0
358	11 15 36 9	4	3	0
359	9 34 33 27	4	3	0
360	1 38 23 24	1	-1	0
361	1 26 49 42	1	-1	0
362	2 42 41 49	1	-1	0
363	3 34 15 25	1	-1	0
364	8 46 35 45	4	4	0
365	25 29 50 44	3	2	0
366	27 14 8 17	4	3	0
367	3 22 17 13	1	-1	0
368	3 44 43 26	1	-1	0
369	28 30 24 21	3	1	0
370	14 30 36 23	3	3	0
371	2 39 34 20	1	-1	0
372	10 20 31 47	3	5	0
373	4 49 34 8	3	2	0
374	25 14 39 16	2	-1	0
375	25 21 16 11	3	2	0
376	32 13 45 31	2	-1	0
377	1 31 41 9	1	-1	0
378	19 39 31 35	4	5	0
379	3 22 50 47	1	-1	0
380	41 46 30 19	3	3	0
381	41 35 37 18	4	3	0
382	25 43 36 35	2	-1	0
383	20 49 33 27	2	-1	0
384	41 29 37 8	3	4	0
385	49 29 34 21	2	-1	0
386	3 14 16 4	1	-1	0
387	2 9 43 11	1	-1	0
388	2 50 8 28	1	-1	0
389	7 11 49 41	3	3	0
390	3 19 4 34	1	-1	0
391	2 24 37 11	1	-1	0
392	33 39 27 18	3	4	0
393	35 41 16 48	2	-1	0
394	42 38 22 31	3	2	0
395	39 24 36 43	4	4	0
396	16 44 27 31	4	4	0
397	41 14 39 48	4	5	0
398	16 49 20 2	2	-1	0
399	23 25 18 28	3	2	0
400	21 41 46 36	4	5	0
401	2 39 49 35	1	-1	0
402	2 24 32 28	1	-1	0
403	3 44 43 38	1	-1	0
404	23 18 37 27	2	-1	0
405	22 20 21 28	2	-1	0
406	3 12 14 10	1	-1	0
407	47 9 7 49	2	-1	0
408	34 19 30 23	4	5	0
409	25 4 33 10	4	2	0
410	7 18 36 13	3	5	0
411	3 49 26 13	1	-1	0
412	32 12 28 46	3	4	0
413	46 32 41 10	2	-1	0
414	40 35 16 13	4	3	0
415	47 41 21 5	2	-1	0
416	2 10 14 40	1	-1	0
417	37 10 44 9	2	-1	0
418	49 26 11 30	2	-1	0
419	25 23 49 22	2	-1	0
420	9 46 22 39	2	-1	0
421	20 50 38 45	3	4	0
422	1 8 27 37	1	-1	0
423	41 22 12 42	2	-1	0
424	11 27 15 14	3	1	0
425	29 40 10 47	3	4	0
426	48 7 41 6	2	-1	0
427	33 4 41 35	4	2	0
428	18 8 30 13	3	1	0
429	3 13 30 32	1	-1	0
430	31 21 48 7	3	1	0
431	1 30 39 36	1	-1	0
432	28 27 8 20	3	2	0
433	5 19 50 29	3	3	0
434	2 23 10 6	1	-1	0
435	22 38 14 42	2	-1	0
436	8 41 16 46	2	-1	0
437	48 24 22 49	4	2	0
438	1 30 35 13	1	-1	0
439	31 22 46 32	3	4	0
440	50 46 17 20	4	4	0
441	19 36 11 3	2	-1	0
442	22 15 3 49	3	1	0
443	3 10 12 48	1	-1	0
444	45 25 49 13	2	-1	0
445	37 25 36 21	3	4	0
446	34 33 25 41	2	-1	0
447	35 27 38 29	2	-1	0
448	2 13 20 39	1	-1	0
449	30 21 43 20	3	3	0
450	44 37 11 23	4	5	0
451	29 19 7 33	2	-1	1
452	5 15 30 18	2	-1	0
453	43 7 32 48	4	4	0
454	32 43 24 35	4	1	0
455	6 11 19 39	3	2	0
456	6 4 47 23	2	-1	0
457	14 42 20 41	3	1	0
458	42 22 16 33	2	-1	0
459	3 15 37 26	1	-1	0
460	5 10 46 30	3	5	0
461	10 31 23 15	3	2	0
462	44 4 9 20	4	5	0
463	42 23 37 45	4	2	0
464	39 11 10 8	2	-1	0
465	16 12 36 40	4	5	0
466	5 16 43 37	2	-1	0
467	32 33 20 44	3	4	0
468	45 36 35 37	4	5	0
469	19 8 50 40	2	-1	0
470	50 15 31 11	4	5	0
471	4 29 44 32	3	3	0
472	41 38 43 8	2	-1	0
473	34 28 36 38	4	2	0
474	5 13 49 17	3	2	0
475	10 49 11 45	4	4	0
476	3 27 22 34	1	-1	0
477	3 13 10 18	1	-1	0
478	44 7 46 40	3	2	0
479	3 45 33 24	1	-1	0
480	3 29 47 32	1	-1	0
481	22 27 34 11	3	4	0
482	45 26 4 34	2	-1	0
483	35 16 44 28	3	5	0
484	45 44 34 26	4	4	0
485	31 28 44 33	3	4	0
486	1 40 32 29	1	-1	0
487	31 35 49 8	4	1	0
488	3 34 9 5	1	-1	0
489	3 38 16 20	1	-1	0
490	33 27 19 34	4	3	0
491	34 27 47 44	2	-1	0
492	36 28 30 24	3	2	0
493	1 33 43 49	1	-1	0
494	31 34 47 7	4	5	0
495	3 21 13 49	1	-1	0
496	44 21 41 17	4	3	0
497	40 29 22 32	4	2	0
498	2 16 5 31	1	-1	0
499	18 26 11 36	4	5	0
500	6 21 26 40	3	1	0
501	2 17 49 35	1	-1	0
502	6 36 9 17	2	-1	0
503	33 36 12 4	4	2	0
504	2 27 37 5	1	-1	0
505	14 31 33 26	3	1	0
506	38 17 31 44	3	5	0
507	3 19 10 23	1	-1	0
508	1 35 32 28	1	-1	0
509	3 15 22 18	1	-1	0
510	25 42 11 22	2	-1	0
511	43 11 13 8	4	2	0
512	2 12 22 32	1	-1	0
513	1 49 19 7	1	-1	0
514	31 11 6 18	2	-1	0
515	1 50 41 40	1	-1	0
516	3 22 12 14	1	-1	0
517	3 33 32 14	1	-1	0
518	32 49 40 48	4	1	0
519	1 14 40 22	1	-1	0
520	2 22 45 38	1	-1	0
521	43 28 26 25	2	-1	0
522	14 50 22 9	2	-1	0
523	8 50 10 16	3	5	0
524	19 47 28 15	2	-1	0
525	31 27 40 42	4	1	0
526	18 37 6 46	3	2	0
527	47 7 34 6	3	5	0
528	21 8 17 50	4	3	0
529	36 30 14 35	2	-1	0
530	16 46 30 50	3	4	0
531	16 6 43 47	2	-1	0
532	35 33 42 16	4	4	0
533	3 26 23 8	1	-1	0
534	11 50 44 33	2	-1	0
535	21 17 15 5	4	4	0
536	25 37 7 8	4	4	0
537	16 41 26 13	3	4	0
538	3 41 31 18	1	-1	0
539	2 17 48 7	1	-1	0
540	48 31 36 19	3	3	0
541	23 36 48 32	4	2	0
542	40 13 46 47	3	2	0
543	32 21 8 48	3	2	0
544	4 44 14 28	2	-1	0
545	7 19 46 40	4	2	0
546	27 12 50 37	2	-1	0
547	17 5 31 9	3	3	1
548	19 36 26 23	3	2	0
549	1 21 24 50	1	-1	0
550	3 24 25 48	1	-1	0
551	34 38 10 9	3	1	0
552	11 10 49 4	3	5	0
553	47 6 35 9	3	3	0
554	1 27 20 29	1	-1	1
555	34 17 18 8	2	-1	0
556	44 12 11 34	4	1	0
557	21 36 4 3	2	-1	0
558	35 9 29 48	3	1	0
559	45 26 33 8	2	-1	0
560	47 24 19 23	3	3	0
561	35 17 20 33	2	-1	0
562	4 37 7 9	4	3	0
563	37 28 40 48	3	4	0
564	20 45 42 44	4	5	0
565	10 43 35 45	2	-1	0
566	17 23 14 39	2	-1	0
567	7 14 31 50	3	2	0
568	37 34 19 45	4	1	0
569	2 16 25 29	1	-1	0
570	29 19 10 7	3	3	0
571	26 4 10 9	4	1	0
572	11 9 21 12	3	1	0
573	45 16 35 7	2	-1	0
574	10 6 9 43	4	3	0
575	11 23 50 34	4	2	0
576	21 36 10 41	3	5	0
577	3 35 50 19	1	-1	0
578	20 7 47 31	4	4	0
579	27 47 49 32	4	2	0
580	29 19 36 40	2	-1	0
581	42 20 36 8	2	-1	0
582	46 31 7 11	4	5	0
583	38 42 48 15	4	1	0
584	16 44 23 49	4	4	0
585	1 24 25 16	1	-1	0
586	21 33 37 42	4	2	0
587	25 17 35 32	3	5	0
588	36 28 15 43	4	4	0
589	21 14 40 45	3	5	0
590	14 5 12 40	4	5	0
591	3 11 41 43	1	-1	0
592	2 38 45 29	1	-1	0
593	37 46 9 27	4	3	0
594	22 37 11 17	4	1	0
595	2 9 29 40	1	-1	0
596	50 13 28 21	2	-1	0
597	20 50 39 40	3	3	0
598	3 25 9 32	1	-1	0
599	13 9 20 10	3	4	0
600	10 27 14 12	2	-1	0
601	36 20 43 40	4	5	0
602	17 30 29 28	2	-1	0
603	14 32 46 30	3	4	0
604	29 43 32 40	4	2	0
605	41 33 11 16	4	1	0
606	50 29 22 4	4	1	0
607	31 24 17 12	2	-1	0
608	1 41 22 25	1	-1	0
609	3 28 4 49	1	-1	0
610	47 28 8 6	4	5	0
611	41 6 28 13	3	2	0
612	50 35 37 41	3	2	0
613	2 5 50 17	1	-1	0
614	31 28 36 37	3	4	0
615	7 9 14 17	2	-1	0
616	1 12 35 27	1	-1	0
617	23 20 13 39	4	2	0
618	5 12 40 14	3	5	0
619	24 18 14 12	3	1	0
620	13 22 34 26	4	1	0
621	2 10 6 33	1	-1	0
622	2 48 47 50	1	-1	0
623	31 36 18 26	4	2	0
624	34 7 11 14	4	4	0
625	1 16 41 37	1	-1	0
626	5 43 36 29	4	1	0
627	3 37 8 21	1	-1	0
628	39 30 44 10	4	4	0
629	1 17 19 38	1	-1	0
630	1 9 24 38	1	-1	0
631	32 39 45 27	2	-1	0
632	1 4 23 14	1	-1	0
633	32 10 42 47	2	-1	0
634	41 26 22 14	2	-1	0
635	1 12 23 15	1	-1	0
636	18 19 34 28	4	4	0
637	22 14 35 50	4	1	0
638	23 44 47 31	3	5	0
639	38 26 47 22	3	3	0
640	3 33 32 50	1	-1	0
641	3 19 30 47	1	-1	0
642	6 50 40 19	4	5	0
643	21 35 22 15	2	-1	0
644	9 45 44 38	2	-1	0
645	1 14 22 47	1	-1	0
646	48 23 44 45	2	-1	0
647	1 7 16 11	1	-1	0
648	2 40 9 39	1	-1	0
649	6 19 42 33	3	3	0
650	29 24 30 8	2	-1	0
651	43 15 7 17	4	2	0
652	1 40 17 43	1	-1	0
653	2 27 5 37	1	-1	0
654	7 8 22 5	4	5	0
655	24 19 12 13	2	-1	0
656	20 10 8 22	3	5	0
657	17 37 12 14	3	3	0
658	15 47 24 20	3	2	0
659	16 37 20 21	4	4	0
660	17 30 12 15	4	2	0
661	18 50 6 40	3	2	0
662	3 49 32 22	1	-1	0
663	10 11 43 48	4	1	0
664	50 5 12 45	2	-1	0
665	1 21 9 46	1	-1	0
666	33 7 36 11	4	2	0
667	3 37 20 16	1	-1	0
668	2 48 36 13	1	-1	0
669	3 36 7 31	1	-1	0
670	26 45 29 33	3	4	0
671	7 28 43 19	2	-1	0
672	12 39 5 14	2	-1	0
673	6 19 33 38	2	-1	0
674	1 40 48 39	1	-1	0
675	14 23 27 20	3	1	0
676	36 26 47 25	2	-1	0
677	24 19 26 16	3	2	0
678	6 17 10 9	3	5	0
679	3 21 32 6	1	-1	0
680	26 30 4 5	3	3	0
681	2 28 26 10	1	-1	0
682	46 17 3 20	2	-1	0
683	11 35 32 17	2	-1	0
684	3 47 29 7	1	-1	0
685	11 23 8 46	4	5	0
686	3 33 5 40	1	-1	0
687	3 31 30 15	1	-1	0
688	29 11 25 44	2	-1	0
689	41 28 13 30	4	5	0
690	25 23 11 10	4	1	0
691	3 25 35 38	1	-1	0
692	4 18 26 50	3	2	0
693	3 22 20 36	1	-1	0
694	26 4 13 25	4	4	0
695	23 28 33 27	3	5	0
696	25 8 23 16	4	1	0
697	22 19 36 30	3	5	0
698	50 16 21 12	3	2	0
699	13 4 49 10	2	-1	0
700	49 32 25 13	3	4	0
701	1 18 27 15	1	-1	0
702	6 27 12 36	2	-1	0
703	29 37 47 11	3	3	0
704	10 20 43 41	3	1	0
705	2 16 43 27	1	-1	0
706	3 44 22 40	1	-1	0
707	1 36 22 26	1	-1	0
708	38 5 36 37	2	-1	0
709	9 50 26 46	4	5	0
710	18 40 26 36	4	4	0
711	48 6 15 35	4	3	0
712	1 41 6 24	1	-1	0
713	33 7 15 9	3	3	0
714	3 11 40 29	1	-1	0
715	41 34 44 19	2	-1	0
716	26 13 4 42	3	1	0
717	21 5 24 50	3	3	0
718	28 39 45 50	3	4	0
719	20 40 37 6	3	1	0
720	26 12 48 10	4	2	0
721	23 49 5 37	3	4	0
722	50 4 32 16	3	3	0
723	34 5 33 21	2	-1	0
724	3 42 6 48	1	-1	0
725	43 33 46 32	2	-1	0
726	36 7 5 4	3	1	0
727	38 47 15 31	2	-1	0
728	47 31 27 14	2	-1	0
729	50 18 20 5	3	5	0
730	1 49 28 6	1	-1	0
731	39 10 6 22	2	-1	0
732	3 41 40 22	1	-1	0
733	29 17 28 35	4	5	0
734	41 25 26 8	3	1	0
735	17 47 33 39	3	1	0
736	25 35 34 10	3	3	0
737	42 29 37 20	4	5	0
738	2 20 45 39	1	-1	0
739	49 16 25 26	4	5	0
740	16 10 46 20	3	3	0
741	3 50 48 38	1	-1	0
742	42 6 44 25	2	-1	0
743	33 44 11 21	3	1	0
744	1 21 36 46	1	-1	0
745	10 25 21 24	4	3	0
746	35 12 7 19	4	3	0
747	46 22 17 30	3	4	0
748	2 24 32 20	1	-1	0
749	5 29 44 14	2	-1	0
750	44 50 36 10	3	1	0
751	11 7 19 5	4	1	0
752	1 17 47 44	1	-1	0
753	1 15 28 32	1	-1	0
754	2 35 8 45	1	-1	0
755	40 15 24 44	3	5	0
756	42 23 32 11	4	3	0
757	38 23 18 32	4	5	0
758	2 12 10 16	1	-1	0
759	4 35 7 39	2	-1	0
760	23 47 4 34	4	1	0
761	45 15 11 26	4	4	0
762	38 17 49 35	2	-1	0
763	26 40 33 49	2	-1	0
764	2 18 40 44	1	-1	0
765	14 10 9 33	3	2	0
766	24 44 21 12	4	1	0
767	43 15 30 12	4	4	0
768	46 4 13 19	4	1	0
769	4 49 9 17	4	1	0
770	2 24 25 22	1	-1	0
771	38 6 48 24	4	3	0
772	2 44 16 21	1	-1	0
773	13 19 11 20	4	5	0
774	3 14 26 31	1	-1	0
775	2 50 18 10	1	-1	0
776	33 39 43 44	4	1	0
777	46 34 25 11	2	-1	0
778	41 33 50 22	4	2	0
779	3 47 34 14	1	-1	0
780	3 4 25 40	1	-1	0
781	22 20 49 19	4	4	0
782	45 46 23 30	3	3	0
783	29 39 42 45	2	-1	0
784	1 10 45 23	1	-1	0
785	16 4 23 50	2	-1	0
786	1 10 8 28	1	-1	0
787	13 6 40 30	4	3	0
788	15 17 48 6	3	5	0
789	28 36 30 9	4	5	0
790	35 29 36 50	3	4	0
791	46 28 7 14	2	-1	0
792	18 32 8 29	4	1	0
793	35 23 41 5	2	-1	0
794	42 50 28 37	4	4	0
795	29 45 24 48	2	-1	0
796	7 42 30 25	2	-1	0
797	6 34 12 40	3	4	0
798	37 25 30 17	3	3	0
799	2 40 50 41	1	-1	0
800	49 34 8 30	4	3	0
801	50 40 33 16	3	3	0
802	3 46 40 17	1	-1	0
803	12 36 29 18	3	4	0
804	26 34 38 49	3	4	0
805	23 48 10 19	4	5	0
806	28 27 45 17	3	5	0
807	13 39 38 50	4	1	0
808	24 6 21 40	4	1	0
809	18 5 12 49	3	5	0
810	17 35 28 25	3	3	0
811	3 19 23 45	1	-1	0
812	19 46 30 4	3	5	0
813	10 6 23 48	4	5	0
814	38 5 49 4	3	5	0
815	44 48 49 6	3	2	0
816	3 19 7 41	1	-1	0
817	8 44 29 7	4	2	0
818	10 32 21 14	2	-1	0
819	36 12 39 25	3	2	0
820	6 4 34 43	2	-1	0
821	29 27 11 42	3	3	0
822	38 22 48 5	3	1	0
823	16 46 8 40	2	-1	0
824	3 12 35 7	1	-1	0
825	11 23 13 30	2	-1	0
826	44 46 29 45	2	-1	0
827	39 33 30 41	2	-1	0
828	45 47 36 15	2	-1	0
829	9 6 40 26	4	2	0
830	31 7 41 20	2	-1	0
831	13 30 45 40	2	-1	0
832	24 20 50 19	3	4	0
833	9 44 6 38	2	-1	0
834	5 13 15 19	3	3	0
835	30 33 5 28	2	-1	0
836	2 27 30 11	1	-1	0
837	20 49 46 50	3	4	0
838	24 31 44 29	3	3	0
839	49 19 32 38	2	-1	0
840	9 28 19 16	4	1	0
841	24 21 18 30	4	5	0
842	15 12 37 39	3	1	0
843	37 49 43 33	2	-1	0
844	2 43 44 47	1	-1	0
845	30 26 6 12	4	2	0
846	22 9 8 28	3	4	0
847	30 32 38 14	2	-1	0
848	1 29 20 8	1	-1	0
849	13 8 21 25	2	-1	0
850	41 35 36 10	4	5	1
851	24 15 34 44	3	5	0
852	47 29 10 36	4	5	0
853	23 6 11 5	2	-1	0
854	1 17 15 27	1	-1	0
855	41 32 30 5	3	4	0
856	1 28 45 19	1	-1	0
857	3 40 13 26	1	-1	0
858	2 13 27 29	1	-1	1
859	17 9 30 16	2	-1	0
860	7 23 9 29	3	5	0
861	41 4 50 49	4	4	0
862	11 36 32 20	2	-1	0
863	45 30 13 10	3	3	0
864	1 37 24 12	1	-1	0
865	28 45 29 21	2	-1	0
866	29 26 6 17	3	2	0
867	45 50 31 47	2	-1	0
868	39 49 34 47	2	-1	0
869	36 29 26 47	4	1	0
870	36 39 37 19	3	4	0
871	20 6 7 32	3	3	0
872	3 23 7 22	1	-1	0
873	3 50 26 18	1	-1	0
874	11 8 4 40	3	2	0
875	47 41 49 14	2	-1	0
876	35 45 14 24	3	2	0
877	6 18 13 44	3	4	0
878	47 39 35 49	4	3	0
879	21 29 30 26	4	5	0
880	11 31 22 38	2	-1	0
881	43 12 30 48	3	4	0
882	24 37 33 21	2	-1	0
883	20 48 27 30	2	-1	0
884	23 44 37 20	3	1	0
885	29 19 21 23	3	1	0
886	6 18 46 43	3	5	0
887	2 39 38 25	1	-1	0
888	1 5 47 32	1	-1	0
889	18 46 13 44	2	-1	0
890	4 47 17 44	3	5	0
891	24 7 5 11	3	1	0
892	4 38 45 25	4	4	0
893	1 29 38 24	1	-1	0
894	40 16 24 22	4	5	0
895	2 23 40 31	1	-1	0
896	37 44 41 12	4	5	0
897	7 9 20 27	2	-1	0
898	3 10 13 50	1	-1	0
899	2 24 50 44	1	-1	0
900	4 38 40 10	4	3	0
901	1 24 19 47	1	-1	0
902	45 44 25 19	4	3	0
903	34 41 50 40	4	3	0
904	40 9 16 30	4	5	0
905	26 33 32 15	3	1	0
906	23 31 47 38	4	1	0
907	4 49 23 44	2	-1	0
908	39 19 6 28	4	1	0
909	31 43 36 7	2	-1	0
910	38 33 43 28	2	-1	0
911	2 48 39 6	1	-1	0
912	31 26 23 39	2	-1	0
913	15 4 6 12	4	1	0
914	3 14 13 19	1	-1	0
915	1 35 40 20	1	-1	0
916	1 12 37 17	1	-1	0
917	13 45 19 48	2	-1	0
918	42 37 39 36	2	-1	0
919	1 23 44 28	1	-1	0
920	25 45 43 24	3	3	0
921	41 37 40 29	2	-1	0
922	1 49 18 17	1	-1	0
923	18 10 35 47	2	-1	0
924	50 40 48 7	2	-1	0
925	1 24 25 47	1	-1	0
926	3 28 10 48	1	-1	0
927	4 22 39 41	3	3	0
928	21 16 8 39	4	3	0
929	48 34 11 40	2	-1	0
930	25 6 37 39	4	1	0
931	6 14 22 29	3	3	0
932	40 36 23 37	3	1	0
933	1 16 9 26	1	-1	0
934	17 6 32 43	4	5	0
935	40 33 13 8	4	1	0
936	29 34 19 43	3	2	0
937	49 24 29 15	4	4	0
938	4 7 34 28	4	3	0
939	24 35 18 28	3	3	0
940	1 20 6 42	1	-1	0
941	11 19 30 26	2	-1	0
942	44 30 27 49	3	1	0
943	2 48 50 43	1	-1	0
944	15 33 23 49	3	2	0
945	38 4 44 9	2	-1	0
946	1 50 36 38	1	-1	0
947	22 47 14 33	3	4	0
948	1 49 46 18	1	-1	0
949	4 31 41 15	2	-1	0
950	45 49 19 21	2	-1	0
951	36 19 41 11	3	3	0
952	2 41 20 37	1	-1	0
953	2 12 33 39	1	-1	0
954	40 34 41 45	4	2	0
955	2 22 21 6	1	-1	0
956	23 5 29 44	4	1	0
957	29 47 21 39	2	-1	0
958	23 49 24 48	2	-1	0
959	11 29 28 22	4	5	0
960	48 7 49 31	3	1	0
961	13 17 20 44	3	1	0
962	34 25 18 6	2	-1	0
963	1 11 12 41	1	-1	0
964	36 38 14 34	4	5	0
965	1 36 17 20	1	-1	0
966	38 10 40 12	3	3	0
967	33 48 46 49	4	4	0
968	29 47 33 13	2	-1	0
969	44 13 29 6	4	2	0
970	3 13 4 14	1	-1	0
971	26 6 46 48	2	-1	0
972	50 36 29 7	2	-1	0
973	45 10 21 29	4	5	0
974	4 8 34 21	3	1	0
975	41 48 10 18	4	1	0
976	34 18 38 42	4	4	0
977	1 44 4 15	1	-1	0
978	2 36 14 9	1	-1	0
979	3 41 24 12	1	-1	0
980	16 5 33 39	4	4	0
981	19 24 6 14	2	-1	0
982	25 17 23 47	4	5	0
983	16 50 48 20	3	2	0
984	10 45 11 12	4	2	0
985	34 40 27 5	3	2	0
986	40 18 36 27	4	4	0
987	21 31 34 19	4	5	0
988	3 20 35 45	1	-1	0
989	2 27 47 23	1	-1	0
990	15 35 20 48	2	-1	0
991	1 5 35 38	1	-1	0
992	11 8 21 34	2	-1	0
993	1 35 21 46	1	-1	0
994	11 32 34 30	3	3	0
995	32 24 25 11	3	5	0
996	33 17 19 12	4	3	0
997	19 15 31 46	2	-1	0
998	31 18 10 36	4	4	0
999	38 31 36 26	4	3	0
1000	19 26 39 27	4	2	0
