Students	1000
1	1 30 16 9	1	-1	0
2	5 35 24 22	4	1	0
3	50 9 25 17	2	-1	0
4	4 19 40 35	4	4	0
5	21 12 17 35	3	1	0
6	3 16 23 24	1	-1	0
7	4 47 26 49	3	4	0
8	2 11 30 17	1	-1	0
9	43 21 48 14	3	2	0
10	3 31 19 12	1	-1	0
11	9 13 18 34	3	5	0
12	21 18 30 22	2	-1	0
13	39 18 48 12	2	-1	0
14	19 6 33 46	3	4	0
15	22 10 39 6	4	2	0
16	2 39 10 8	1	-1	0
17	43 25 18 39	4	2	0
18	26 38 50 25	3	5	0
19	22 34 18 2	4	3	0
20	1 7 22 23	1	-1	0
21	1 38 14 34	1	-1	0
22	15 24 49 40	4	3	0
23	45 4 23 26	2	-1	0
24	1 41 15 2	1	-1	0
25	41 47 38 12	2	-1	0
26	11 34 21 18	2	-1	0
27	36 18 26 46	3	5	0
28	27 35 50 15	3	4	0
29	7 30 6 32	4	3	0
30	4 26 23 27	4	2	0
31	39 35 27 20	4	4	0
32	31 24 6 48	4	2	0
33	3 26 33 19	1	-1	0
34	1 24 32 19	1	-1	0
35	43 8 46 49	3	3	0
36	27 42 26 46	3	3	0
37	12 24 35 37	4	1	0
38	47 11 22 32	2	-1	0
39	47 46 4 15	2	-1	0
40	12 43 13 5	2	-1	0
41	23 22 6 20	3	2	0
42	7 39 48 15	2	-1	0
43	23 42 48 5	3	2	0
44	12 5 48 40	2	-1	0
45	40 36 8 35	4	2	0
46	16 48 19 21	4	1	0
47	38 19 12 49	4	2	0
48	2 10 45 37	1	-1	0
49	15 9 17 29	3	2	0
50	15 4 50 31	2	-1	0
51	21 9 33 48	2	-1	0
52	2 28 31 30	1	-1	0
53	2 37 13 41	1	-1	0
54	20 31 30 38	2	-1	0
55	7 38 18 30	2	-1	0
56	20 47 44 39	4	1	0
57	30 20 27 41	4	4	0
58	25 12 9 10	3	5	0
59	9 12 48 16	2	-1	0
60	2 36 38 41	1	-1	0
61	39 26 27 46	3	2	0
62	1 20 31 12	1	-1	0
63	3 38 13 37	1	-1	0
64	42 23 25 35	3	5	0
65	38 17 45 48	3	4	0
66	1 10 27 34	1	-1	0
67	49 42 47 26	4	1	0
68	50 19 35 6	2	-1	0
69	1 47 44 43	1	-1	0
70	43 20 34 24	3	5	0
71	9 15 44 11	4	4	1
72	3 7 30 8	1	-1	0
73	9 22 29 15	2	-1	0
74	45 16 12 18	3	3	0
75	37 28 20 16	3	1	0
76	38 18 49 28	2	-1	0
77	12 7 35 13	2	-1	0
78	27 46 9 4	4	1	0
79	35 32 24 15	2	-1	0
80	9 31 46 32	4	4	0
81	34 29 9 30	4	2	0
82	17 25 45 19	3	4	0
83	32 17 50 11	2	-1	0
84	14 16 30 40	2	-1	0
85	21 20 29 28	2	-1	0
86	34 49 20 19	4	4	0
87	30 11 20 34	3	1	0
88	28 23 4 8	4	3	0
89	3 8 23 31	1	-1	0
90	24 12 8 11	3	1	0
91	42 37 13 38	3	2	0
92	14 22 17 13	4	4	0
93	1 47 7 16	1	-1	0
94	42 22 37 40	2	-1	0
95	2 26 12 35	1	-1	0
96	31 37 12 38	4	1	0
97	20 26 34 28	3	2	0
98	4 44 27 7	3	2	0
99	14 4 48 15	2	-1	0
100	6 31 20 10	3	5	0
101	31 34 11 49	3	3	0
102	29 7 17 18	4	2	0
103	10 20 9 24	2	-1	0
104	48 38 47 33	4	2	0
105	18 45 43 5	4	5	0
106	30 28 18 24	3	2	0
107	47 28 30 18	4	3	0
108	40 8 48 15	3	4	0
109	12 31 36 9	3	1	0
110	36 29 47 44	2	-1	0
111	1 24 23 4	1	-1	0
112	3 16 26 14	1	-1	0
113	7 10 25 17	3	5	0
114	25 18 38 4	3	5	0
115	1 40 5 20	1	-1	0
116	33 20 36 17	2	-1	0
117	3 41 31 5	1	-1	0
118	43 1 31 39	2	-1	0
119	50 30 48 27	3	4	0
120	7 27 29 26	4	1	0
121	1 31 37 13	1	-1	0
122	15 41 12 11	2	-1	0
123	10 30 4 11	4	1	0
124	31 33 28 35	3	2	0
125	12 35 38 47	3	1	1
126	2 32 6 38	1	-1	0
127	46 43 6 16	3	5	0
128	34 13 4 7	4	5	0
129	1 31 16 11	1	-1	0
130	23 27 17 43	4	1	0
131	38 16 28 15	4	2	0
132	42 5 36 28	3	2	0
133	38 39 36 27	2	-1	0
134	16 19 39 23	4	3	0
135	3 27 45 28	1	-1	0
136	9 49 50 16	4	2	0
137	37 38 43 45	3	1	0
138	1 12 11 27	1	-1	0
139	49 14 10 13	3	1	0
140	19 12 25 5	4	4	0
141	32 36 22 38	3	4	0
142	15 39 13 24	2	-1	0
143	44 7 12 37	3	5	0
144	8 21 34 46	3	4	0
145	11 6 13 16	3	4	0
146	49 20 50 33	4	4	0
147	16 18 19 6	4	3	0
148	34 8 26 29	4	3	0
149	42 18 11 7	2	-1	0
150	2 13 22 5	1	-1	0
151	1 41 31 9	1	-1	0
152	34 41 29 25	2	-1	0
153	25 50 37 10	3	1	0
154	2 31 33 11	1	-1	0
155	3 45 8 12	1	-1	0
156	3 26 30 9	1	-1	0
157	44 35 14 39	2	-1	0
158	28 21 6 13	2	-1	0
159	48 40 39 35	4	2	0
160	20 18 17 10	2	-1	0
161	1 30 9 32	1	-1	0
162	50 43 26 17	4	3	1
163	3 16 31 7	1	-1	0
164	1 44 32 22	1	-1	0
165	38 50 26 47	4	2	0
166	31 25 21 33	3	5	0
167	20 47 40 48	3	4	0
168	27 38 25 49	4	2	0
169	4 33 16 12	2	-1	0
170	31 21 22 43	3	2	0
171	32 19 27 49	3	4	0
172	1 28 4 38	1	-1	0
173	31 6 7 20	4	2	0
174	50 12 9 34	4	5	0
175	12 14 44 18	4	3	0
176	46 47 19 42	4	3	0
177	1 22 16 28	1	-1	0
178	18 4 36 37	4	1	0
179	2 31 44 17	1	-1	0
180	2 45 31 26	1	-1	0
181	19 42 12 10	4	4	0
182	44 18 28 6	2	-1	0
183	2 39 18 13	1	-1	0
184	23 38 21 42	4	5	0
185	3 49 11 38	1	-1	0
186	3 49 24 41	1	-1	0
187	11 10 9 38	4	1	0
188	18 41 12 13	4	3	0
189	7 42 43 48	3	2	0
190	28 33 18 8	4	4	0
191	3 19 35 26	1	-1	0
192	19 45 17 31	2	-1	0
193	27 8 47 30	4	4	0
194	4 8 17 15	3	5	0
195	2 10 15 42	1	-1	0
196	16 39 25 26	3	4	0
197	38 6 11 28	3	5	0
198	1 50 40 5	1	-1	0
199	6 33 31 5	3	3	0
200	34 47 25 6	3	1	0
201	33 6 7 50	2	-1	0
202	30 44 46 33	2	-1	0
203	1 32 28 9	1	-1	0
204	44 45 19 30	3	1	0
205	14 13 33 50	4	1	0
206	18 30 33 23	2	-1	0
207	13 27 15 21	4	2	0
208	12 8 6 47	4	4	0
209	15 41 35 40	2	-1	0
210	43 16 25 21	3	2	0
211	1 10 21 25	1	-1	0
212	20 50 13 19	2	-1	0
213	8 6 50 41	2	-1	0
214	13 34 16 26	2	-1	0
215	2 39 33 35	1	-1	0
216	10 25 21 46	4	5	0
217	1 7 20 42	1	-1	0
218	25 7 26 23	4	2	0
219	2 32 41 48	1	-1	0
220	11 14 7 8	3	3	0
221	15 22 34 17	3	5	0
222	13 31 36 10	3	2	0
223	3 4 10 33	1	-1	0
224	15 44 29 17	3	5	0
225	2 36 43 25	1	-1	0
226	35 27 46 36	2	-1	0
227	2 9 39 14	1	-1	0
228	26 42 28 32	3	5	0
229	34 22 13 30	2	-1	0
230	2 14 36 50	1	-1	0
231	6 23 39 37	3	4	0
232	31 33 46 45	4	2	0
233	28 11 30 33	3	5	0
234	2 50 6 47	1	-1	0
235	22 10 27 24	2	-1	0
236	32 16 11 22	4	4	0
237	5 40 15 11	3	2	0
238	2 22 18 43	1	-1	0
239	24 31 7 49	2	-1	0
240	3 45 39 21	1	-1	0
241	48 14 32 16	3	3	0
242	17 5 36 27	4	3	0
243	12 13 50 8	3	1	0
244	39 30 36 15	3	5	0
245	21 40 13 47	4	1	0
246	48 4 7 39	2	-1	0
247	23 42 17 39	2	-1	0
248	38 39 4 26	2	-1	0
249	17 43 47 11	2	-1	0
250	40 21 8 16	4	4	0
251	43 4 44 21	2	-1	0
252	16 30 34 42	3	2	0
253	47 32 40 13	2	-1	0
254	5 31 18 14	2	-1	0
255	20 9 18 35	4	3	0
256	2 27 45 39	1	-1	0
257	47 13 19 32	2	-1	0
258	30 36 45 41	4	1	0
259	1 15 43 30	1	-1	0
260	2 32 28 8	1	-1	0
261	31 34 49 48	3	1	0
262	17 29 4 6	4	5	0
263	43 19 10 16	4	3	0
264	47 16 18 28	4	4	0
265	49 47 32 24	2	-1	0
266	11 12 43 6	4	5	0
267	32 33 9 35	4	2	0
268	16 26 36 13	4	5	0
269	22 34 49 5	2	-1	0
270	35 50 49 4	3	1	0
271	3 20 29 45	1	-1	0
272	4 39 11 13	2	-1	0
273	17 50 29 28	3	4	0
274	25 40 33 18	4	2	0
275	43 34 6 30	4	4	0
276	3 25 16 48	1	-1	0
277	45 5 20 47	4	3	0
278	3 9 40 11	1	-1	0
279	5 50 26 25	3	1	0
280	5 21 30 13	2	-1	0
281	2 21 32 14	1	-1	0
282	2 6 28 42	1	-1	0
283	45 20 47 38	2	-1	0
284	49 24 26 27	2	-1	0
285	9 40 6 23	2	-1	0
286	35 7 38 37	4	3	0
287	8 38 35 42	3	1	0
288	4 39 22 40	4	1	0
289	40 39 24 18	2	-1	0
290	37 13 50 27	3	2	0
291	7 43 42 10	3	1	0
292	26 15 28 18	2	-1	0
293	2 30 24 29	1	-1	0
294	26 13 44 27	3	5	0
295	15 12 33 26	2	-1	0
296	2 43 16 48	1	-1	0
297	13 30 46 14	4	3	0
298	14 26 46 23	3	1	0
299	16 14 30 12	4	4	0
300	33 14 29 18	3	5	0
301	9 46 11 38	4	2	0
302	24 42 30 22	2	-1	0
303	34 12 20 30	2	-1	0
304	41 43 46 28	4	2	0
305	37 24 11 26	4	5	0
306	6 4 9 48	2	-1	0
307	2 37 12 17	1	-1	0
308	1 38 39 40	1	-1	0
309	22 14 10 46	3	2	0
310	36 28 29 40	4	5	0
311	22 18 34 38	2	-1	0
312	47 33 25 43	3	2	0
313	1 18 37 45	1	-1	0
314	23 13 39 22	3	4	0
315	25 48 35 42	3	4	0
316	27 13 36 21	2	-1	0
317	2 4 22 13	1	-1	0
318	12 28 11 24	4	5	0
319	28 35 5 36	3	3	0
320	37 30 23 34	3	3	0
321	23 48 49 40	2	-1	0
322	33 43 20 12	2	-1	0
323	3 16 42 46	1	-1	0
324	3 42 7 47	1	-1	0
325	36 29 27 39	3	1	0
326	36 42 25 32	4	4	0
327	24 31 47 9	3	1	0
328	33 6 34 15	4	4	0
329	25 7 48 29	2	-1	0
330	19 10 29 30	2	-1	0
331	43 26 21 18	3	2	0
332	14 26 28 13	2	-1	0
333	36 41 50 31	4	5	0
334	40 47 19 44	3	5	0
335	17 46 11 16	3	5	0
336	37 31 9 6	4	4	0
337	3 30 28 10	1	-1	0
338	17 47 45 25	4	3	0
339	33 21 5 41	4	1	0
340	2 33 39 37	1	-1	0
341	10 23 21 27	4	3	0
342	1 26 35 10	1	-1	0
343	15 14 27 34	4	5	0
344	13 4 46 27	4	4	0
345	1 18 31 20	1	-1	0
346	10 34 14 29	4	5	0
347	9 7 12 20	3	2	0
348	49 23 32 37	3	3	0
349	41 14 30 32	4	2	0
350	30 17 35 7	3	3	0
351	31 40 18 29	3	4	0
352	2 5 50 4	1	-1	0
353	16 35 7 6	3	1	0
354	18 42 47 7	4	5	0
355	18 42 49 37	2	-1	0
356	2 13 30 31	1	-1	0
357	16 14 42 6	2	-1	0
358	2 39 40 26	1	-1	0
359	33 42 41 38	2	-1	0
360	20 32 44 31	2	-1	0
361	44 27 26 15	2	-1	0
362	44 40 43 12	4	4	1
363	27 48 45 21	4	2	0
364	10 13 11 35	2	-1	0
365	17 45 30 20	2	-1	0
366	36 23 29 38	2	-1	0
367	36 20 12 28	3	4	0
368	2 29 22 16	1	-1	0
369	13 49 20 7	2	-1	0
370	48 46 26 47	2	-1	0
371	33 26 25 45	3	4	0
372	11 49 34 39	3	4	0
373	40 7 39 30	4	1	0
374	17 46 16 20	4	2	0
375	41 18 48 26	3	1	0
376	45 24 37 15	3	1	0
377	41 15 9 10	4	2	0
378	44 27 11 36	3	4	0
379	32 4 50 43	4	5	0
380	15 12 17 7	2	-1	0
381	1 4 18 42	1	-1	0
382	33 8 9 14	3	2	0
383	20 34 21 37	2	-1	0
384	12 32 17 36	2	-1	0
385	49 6 32 44	4	5	0
386	17 24 22 36	4	1	0
387	2 30 23 40	1	-1	0
388	38 18 40 23	3	1	0
389	1 15 28 11	1	-1	0
390	50 35 38 48	2	-1	0
391	4 47 41 15	2	-1	0
392	1 37 38 43	1	-1	0
393	11 44 29 27	3	4	0
394	26 46 50 47	2	-1	0
395	1 13 26 4	1	-1	0
396	24 34 29 19	3	4	0
397	37 14 9 12	2	-1	0
398	36 48 3 32	3	4	0
399	15 39 38 4	2	-1	0
400	37 17 11 22	3	5	0
401	50 40 13 42	3	5	0
402	18 38 43 41	2	-1	0
403	26 35 17 9	3	2	0
404	25 50 19 37	4	5	0
405	1 39 17 32	1	-1	0
406	34 38 27 37	4	4	0
407	37 19 44 20	2	-1	0
408	46 20 47 19	3	2	0
409	1 16 13 23	1	-1	0
410	8 16 40 24	3	4	0
411	7 6 46 47	3	1	0
412	18 20 44 26	3	1	0
413	14 47 13 49	3	1	0
414	3 24 17 25	1	-1	0
415	28 5 16 42	3	3	0
416	48 25 31 13	2	-1	0
417	15 10 31 17	3	4	0
418	43 41 40 4	4	4	0
419	45 17 6 33	4	4	0
420	41 16 10 6	4	1	0
421	33 46 16 48	4	4	0
422	39 27 20 48	3	4	0
423	13 36 17 8	4	5	0
424	48 4 23 36	3	2	0
425	4 23 41 25	3	3	0
426	1 38 8 17	1	-1	0
427	42 37 5 39	3	3	0
428	3 49 7 24	1	-1	0
429	14 50 49 15	3	5	0
430	2 30 48 18	1	-1	0
431	18 38 11 49	4	4	0
432	13 36 15 12	3	4	0
433	35 12 31 46	3	4	0
434	3 21 43 29	1	-1	0
435	18 37 15 25	4	3	0
436	17 14 5 37	3	2	0
437	29 34 45 5	2	-1	0
438	24 46 15 7	3	4	0
439	16 19 44 49	3	3	0
440	41 14 11 36	3	4	0
441	28 21 9 25	3	3	0
442	29 42 21 22	2	-1	0
443	43 41 15 49	3	4	0
444	48 31 45 50	4	5	0
445	11 19 37 42	3	1	0
446	25 11 5 32	3	5	0
447	3 8 45 19	1	-1	0
448	14 34 21 31	2	-1	0
449	43 21 38 42	2	-1	0
450	17 44 34 30	3	5	0
451	31 27 30 18	4	3	0
452	7 44 22 33	3	3	0
453	7 28 24 16	2	-1	0
454	1 13 9 38	1	-1	0
455	23 29 12 9	2	-1	0
456	39 9 28 38	4	1	0
457	2 17 35 48	1	-1	0
458	22 6 46 45	3	5	0
459	2 25 9 45	1	-1	0
460	45 29 36 34	4	3	0
461	45 31 42 24	2	-1	0
462	6 44 42 9	3	4	0
463	16 26 30 29	2	-1	0
464	2 50 45 15	1	-1	0
465	1 24 4 23	1	-1	0
466	8 38 39 35	3	2	0
467	23 15 27 17	2	-1	0
468	46 21 14 18	3	1	0
469	2 44 18 45	1	-1	0
470	7 20 36 5	3	1	0
471	12 45 10 23	2	-1	0
472	14 21 47 26	3	5	0
473	44 21 45 22	3	4	0
474	2 24 29 33	1	-1	0
475	17 41 22 48	4	3	0
476	31 39 4 17	3	4	0
477	1 18 48 9	1	-1	0
478	30 9 28 24	3	3	0
479	37 7 46 25	2	-1	0
480	35 20 13 48	4	1	0
481	3 45 50 17	1	-1	0
482	6 42 27 36	3	5	0
483	36 4 10 41	3	4	0
484	46 41 39 28	4	2	0
485	12 13 31 36	4	3	0
486	1 49 22 11	1	-1	0
487	3 4 7 46	1	-1	0
488	5 30 7 23	3	4	0
489	47 7 18 23	4	4	0
490	31 11 16 48	4	4	0
491	1 16 13 46	1	-1	0
492	29 40 44 47	3	3	0
493	43 12 38 25	2	-1	0
494	4 20 36 44	2	-1	0
495	49 48 15 10	3	1	0
496	49 6 46 15	2	-1	0
497	18 8 26 33	4	3	0
498	25 32 24 23	4	3	0
499	5 46 11 6	2	-1	0
500	8 48 26 30	2	-1	0
501	27 6 49 22	2	-1	0
502	3 26 32 29	1	-1	0
503	35 5 15 29	3	3	0
504	3 6 20 5	1	-1	0
505	35 12 11 41	4	5	0
506	45 49 22 21	2	-1	0
507	43 21 40 18	3	5	0
508	12 23 11 49	2	-1	0
509	14 50 48 40	4	2	0
510	40 31 26 11	2	-1	0
511	10 13 23 43	4	1	0
512	19 39 10 12	3	1	0
513	1 28 12 35	1	-1	0
514	16 39 19 50	2	-1	0
515	48 6 33 39	4	4	0
516	28 27 8 44	3	2	0
517	2 25 9 45	1	-1	0
518	5 26 49 47	4	4	0
519	4 16 32 17	4	1	0
520	33 18 41 37	3	4	0
521	3 4 27 48	1	-1	0
522	25 24 39 26	3	3	0
523	3 35 45 48	1	-1	0
524	3 22 27 45	1	-1	0
525	22 10 49 33	4	4	0
526	1 36 37 26	1	-1	0
527	15 37 27 25	4	2	0
528	12 20 8 40	3	4	0
529	41 30 49 29	3	5	0
530	49 21 34 37	4	2	0
531	16 30 6 35	4	5	0
532	5 12 8 21	4	3	0
533	1 25 49 48	1	-1	0
534	3 42 39 31	1	-1	0
535	7 14 5 45	4	5	0
536	3 23 13 34	1	-1	0
537	3 36 22 13	1	-1	0
538	16 11 4 13	4	5	0
539	16 10 24 45	4	3	1
540	1 10 35 50	1	-1	0
541	3 27 13 37	1	-1	0
542	32 8 41 24	2	-1	0
543	3 25 32 7	1	-1	1
544	50 44 12 8	3	2	0
545	17 15 45 29	2	-1	0
546	11 43 15 33	3	3	0
547	43 24 14 39	3	3	0
548	22 27 4 49	2	-1	0
549	32 15 5 4	4	2	0
550	42 4 9 17	3	5	0
551	11 28 21 16	2	-1	0
552	47 25 34 15	3	2	0
553	2 6 17 43	1	-1	0
554	33 37 46 27	3	5	0
555	42 7 45 28	4	3	0
556	1 18 28 34	1	-1	0
557	46 43 27 37	4	4	0
558	41 37 10 45	2	-1	0
559	41 25 18 21	2	-1	0
560	29 43 24 15	2	-1	0
561	27 47 10 28	2	-1	0
562	46 23 7 25	2	-1	0
563	50 12 41 16	2	-1	0
564	29 49 50 45	4	2	0
565	32 44 9 11	4	3	0
566	7 36 40 37	3	1	0
567	42 27 34 24	4	2	0
568	29 28 31 44	4	3	0
569	18 4 35 8	4	3	0
570	29 6 5 4	4	5	0
571	29 13 41 39	2	-1	0
572	31 50 17 6	2	-1	0
573	13 37 35 8	3	4	0
574	24 27 33 29	2	-1	0
575	2 39 38 25	1	-1	0
576	50 39 40 37	3	2	0
577	30 13 35 46	4	2	0
578	1 49 32 25	1	-1	0
579	3 36 24 38	1	-1	0
580	2 28 6 45	1	-1	0
581	8 24 41 6	3	4	0
582	19 43 33 37	3	3	0
583	33 26 28 11	3	4	0
584	12 24 22 47	2	-1	0
585	22 15 44 21	4	1	0
586	1 11 17 34	1	-1	0
587	8 43 12 45	2	-1	0
588	2 8 23 49	1	-1	0
589	11 26 23 30	4	5	0
590	29 28 49 7	3	3	0
591	3 18 33 22	1	-1	0
592	28 22 27 34	3	3	0
593	7 27 38 39	4	3	0
594	24 6 41 33	2	-1	0
595	43 44 13 45	3	5	0
596	4 10 14 9	2	-1	0
597	1 35 48 30	1	-1	0
598	2 21 5 43	1	-1	0
599	28 12 23 21	3	2	0
600	32 14 28 48	3	3	0
601	49 10 41 20	2	-1	0
602	45 12 43 25	4	4	0
603	36 28 32 40	3	1	0
604	29 17 41 30	2	-1	0
605	9 29 39 5	3	4	0
606	36 24 37 3	4	1	0
607	48 8 42 14	4	4	0
608	24 37 34 49	2	-1	1
609	14 42 29 26	3	3	0
610	1 24 48 46	1	-1	0
611	8 4 25 5	3	1	0
612	20 6 38 36	2	-1	0
613	22 48 26 27	3	4	1
614	21 40 43 26	4	4	0
615	7 45 43 22	3	3	0
616	47 21 14 41	4	1	0
617	39 26 40 7	2	-1	0
618	2 32 4 37	1	-1	0
619	3 44 19 40	1	-1	0
620	10 11 50 13	2	-1	0
621	29 11 27 50	3	2	0
622	2 30 6 4	1	-1	0
623	27 11 22 49	2	-1	0
624	2 27 24 29	1	-1	0
625	19 32 21 35	4	1	0
626	42 45 18 33	2	-1	0
627	48 28 50 27	2	-1	0
628	42 4 9 12	2	-1	0
629	16 42 14 35	3	4	0
630	11 48 30 40	2	-1	0
631	42 5 26 50	3	1	0
632	45 18 17 46	3	3	0
633	44 41 12 39	3	4	0
634	47 8 14 42	4	3	0
635	24 48 41 36	3	4	0
636	14 22 24 23	4	4	0
637	1 36 28 34	1	-1	0
638	3 10 15 50	1	-1	0
639	34 41 18 19	3	2	0
640	4 11 7 41	2	-1	0
641	23 47 4 9	2	-1	1
642	3 18 21 27	1	-1	0
643	47 26 17 9	3	1	0
644	39 33 5 36	2	-1	0
645	2 30 41 50	1	-1	0
646	31 16 46 35	4	3	0
647	27 25 42 9	4	4	0
648	46 22 11 8	2	-1	0
649	7 4 17 44	3	2	0
650	29 32 8 40	2	-1	0
651	3 40 20 49	1	-1	0
652	28 48 10 32	4	4	0
653	3 32 42 10	1	-1	0
654	33 6 25 13	3	3	0
655	2 15 16 18	1	-1	0
656	31 49 44 39	2	-1	0
657	25 48 4 27	4	5	0
658	12 5 9 49	4	3	0
659	3 15 23 11	1	-1	0
660	24 12 36 25	2	-1	0
661	27 49 12 38	4	3	0
662	43 31 8 6	2	-1	0
663	12 49 21 40	2	-1	0
664	5 29 36 24	3	1	0
665	23 5 21 20	4	1	0
666	6 8 11 26	3	5	0
667	40 10 37 34	2	-1	0
668	13 37 50 46	2	-1	0
669	23 19 15 26	3	2	0
670	3 31 19 44	1	-1	0
671	15 29 34 30	3	2	0
672	50 5 28 43	4	4	0
673	35 11 9 32	2	-1	0
674	33 41 37 49	3	4	0
675	3 12 15 19	1	-1	0
676	1 28 43 37	1	-1	0
677	9 13 42 7	2	-1	0
678	20 32 7 49	4	1	0
679	27 16 15 47	4	1	0
680	24 5 41 46	2	-1	0
681	27 44 49 17	2	-1	0
682	10 44 8 18	4	4	0
683	27 35 20 33	2	-1	0
684	8 30 10 35	2	-1	0
685	2 49 8 32	1	-1	0
686	3 25 45 33	1	-1	0
687	29 23 33 28	2	-1	0
688	2 44 5 40	1	-1	0
689	39 14 4 15	2	-1	0
690	26 32 41 39	3	2	0
691	2 43 29 26	1	-1	0
692	8 42 21 40	4	2	0
693	11 24 30 17	2	-1	0
694	1 30 25 32	1	-1	0
695	12 36 7 42	4	3	0
696	41 9 19 37	4	4	0
697	35 19 30 11	2	-1	0
698	1 34 30 12	1	-1	0
699	3 24 18 28	1	-1	0
700	34 35 42 22	4	5	0
701	9 16 21 14	3	3	0
702	46 13 50 25	2	-1	0
703	14 43 35 11	3	3	0
704	10 9 45 30	4	4	0
705	13 28 23 38	2	-1	0
706	7 42 45 14	4	5	0
707	1 36 49 48	1	-1	0
708	44 41 30 15	3	1	0
709	1 7 25 10	1	-1	0
710	34 29 30 21	3	1	0
711	18 47 24 33	3	4	1
712	23 4 17 41	4	5	0
713	12 11 41 39	2	-1	0
714	1 20 32 36	1	-1	0
715	2 49 29 23	1	-1	0
716	3 50 40 38	1	-1	0
717	9 30 45 37	4	1	0
718	50 9 29 39	3	2	0
719	1 38 28 43	1	-1	0
720	31 9 47 49	4	4	0
721	29 11 18 5	4	4	0
722	2 41 25 19	1	-1	0
723	49 32 37 22	4	5	0
724	45 25 16 47	4	2	0
725	42 19 26 5	4	1	0
726	20 49 32 10	4	2	0
727	44 19 9 21	2	-1	0
728	34 11 20 38	3	2	0
729	4 7 40 5	2	-1	0
730	12 14 36 9	2	-1	0
731	10 13 27 18	2	-1	0
732	37 19 42 50	4	4	0
733	1 11 5 8	1	-1	0
734	40 38 10 24	2	-1	0
735	1 27 9 19	1	-1	0
736	42 36 23 16	3	1	0
737	49 18 17 23	4	2	0
738	30 11 29 49	2	-1	0
739	37 35 48 50	3	4	0
740	3 49 19 46	1	-1	0
741	28 49 15 11	4	3	0
742	11 33 26 47	4	1	0
743	48 40 10 16	4	4	0
744	7 48 35 16	4	3	0
745	27 10 44 49	2	-1	0
746	12 14 36 9	2	-1	0
747	49 12 47 40	2	-1	0
748	45 23 10 36	2	-1	0
749	12 19 44 8	4	5	0
750	4 12 29 38	4	2	0
751	30 12 23 29	3	2	0
752	10 50 36 29	4	3	0
753	20 29 11 41	3	1	0
754	6 39 29 15	4	2	0
755	4 33 43 34	3	2	0
756	1 30 11 21	1	-1	0
757	40 39 18 48	2	-1	0
758	8 19 27 10	3	2	0
759	25 23 43 26	4	4	0
760	40 30 8 24	4	5	0
761	43 40 26 31	4	1	0
762	8 39 44 26	3	4	0
763	25 32 21 50	3	4	0
764	48 28 24 43	3	4	0
765	47 22 16 23	3	5	0
766	43 15 1 31	2	-1	0
767	46 48 42 20	3	2	0
768	15 44 12 33	2	-1	0
769	3 27 7 44	1	-1	0
770	36 23 39 26	2	-1	0
771	12 7 28 39	2	-1	0
772	36 35 46 30	4	4	0
773	28 4 27 16	3	4	0
774	4 46 19 15	3	1	0
775	20 14 16 10	3	4	0
776	13 43 11 27	3	5	0
777	40 15 25 36	2	-1	0
778	46 39 5 10	3	5	0
779	19 22 24 13	4	5	0
780	3 33 5 18	1	-1	0
781	41 19 37 11	4	2	0
782	43 45 10 12	3	1	0
783	30 11 25 29	4	4	0
784	8 6 49 48	3	4	0
785	1 47 10 38	1	-1	0
786	5 10 4 22	3	4	0
787	18 34 10 33	3	3	0
788	33 32 28 50	2	-1	0
789	41 25 26 5	3	5	0
790	16 28 41 38	2	-1	0
791	26 14 9 47	4	3	0
792	38 27 12 40	2	-1	0
793	29 12 7 44	2	-1	0
794	39 22 47 13	3	4	0
795	32 34 24 39	3	5	0
796	1 47 25 40	1	-1	0
797	1 12 18 40	1	-1	0
798	29 16 34 24	4	3	0
799	38 14 30 40	3	2	0
800	30 27 22 35	2	-1	0
801	33 36 12 18	4	4	0
802	3 13 17 49	1	-1	0
803	35 7 10 38	4	4	0
804	43 12 41 16	3	1	0
805	33 31 6 43	2	-1	0
806	47 19 44 17	3	3	0
807	2 45 44 16	1	-1	0
808	34 45 25 33	2	-1	0
809	10 38 17 4	3	2	0
810	24 32 36 46	4	1	0
811	50 18 37 23	4	3	0
812	40 12 4 34	2	-1	0
813	6 35 28 40	2	-1	0
814	34 39 26 19	3	5	0
815	11 5 7 38	2	-1	0
816	2 14 6 27	1	-1	0
817	35 27 18 36	4	4	0
818	37 28 6 16	2	-1	0
819	17 47 13 38	4	4	0
820	1 12 16 28	1	-1	0
821	7 44 33 49	3	4	0
822	44 27 42 20	3	4	0
823	2 38 33 24	1	-1	0
824	50 5 29 36	2	-1	0
825	29 16 23 27	3	1	0
826	3 49 8 12	1	-1	0
827	45 19 48 10	3	4	0
828	15 44 6 35	3	3	0
829	22 41 45 50	3	4	0
830	50 8 17 25	4	1	0
831	28 41 13 8	4	1	0
832	35 8 24 33	4	2	0
833	32 42 19 35	4	5	0
834	1 46 32 8	1	-1	0
835	29 12 32 44	4	3	0
836	48 31 46 23	2	-1	0
837	2 20 19 26	1	-1	0
838	10 12 19 37	3	2	0
839	3 33 5 28	1	-1	0
840	4 18 33 42	3	1	0
841	43 13 11 24	2	-1	0
842	41 21 34 35	3	2	0
843	46 41 39 27	2	-1	0
844	33 28 18 9	2	-1	0
845	12 20 8 22	3	3	0
846	28 48 30 50	3	4	0
847	41 47 49 12	2	-1	0
848	1 44 5 37	1	-1	0
849	40 42 22 43	2	-1	0
850	41 22 39 4	3	4	0
851	2 13 36 22	1	-1	0
852	19 27 14 31	3	5	0
853	1 36 24 19	1	-1	0
854	31 43 40 46	2	-1	0
855	29 36 9 48	4	1	0
856	11 46 30 32	2	-1	0
857	3 18 48 22	1	-1	0
858	16 17 10 37	2	-1	0
859	31 13 21 28	4	3	0
860	42 16 37 45	2	-1	0
861	1 32 4 47	1	-1	0
862	14 27 39 6	2	-1	0
863	28 50 13 32	3	1	0
864	31 10 6 4	2	-1	0
865	3 30 29 35	1	-1	0
866	5 21 19 38	4	5	0
867	31 38 50 10	3	2	0
868	36 38 37 28	3	3	0
869	49 32 25 38	2	-1	0
870	44 8 9 14	4	3	0
871	47 15 26 38	4	3	0
872	46 5 24 11	2	-1	0
873	37 13 23 7	2	-1	0
874	49 11 33 30	3	4	0
875	9 39 5 10	3	3	0
876	3 23 20 44	1	-1	0
877	11 22 42 25	3	3	0
878	3 21 39 22	1	-1	0
879	3 44 46 34	1	-1	0
880	43 49 45 18	2	-1	0
881	7 27 18 32	2	-1	0
882	2 11 38 39	1	-1	0
883	22 6 8 39	2	-1	0
884	36 13 49 16	2	-1	0
885	42 38 36 28	2	-1	0
886	28 11 19 44	2	-1	0
887	13 37 5 36	3	4	0
888	3 37 18 35	1	-1	0
889	29 10 4 46	3	3	0
890	3 25 29 35	1	-1	0
891	2 13 34 35	1	-1	0
892	48 35 30 9	3	1	0
893	42 39 27 5	3	1	0
894	31 24 12 17	3	1	0
895	1 7 47 23	1	-1	0
896	2 11 10 48	1	-1	0
897	3 27 18 4	1	-1	0
898	49 42 50 9	2	-1	0
899	2 14 40 48	1	-1	0
900	33 7 31 50	4	4	0
901	28 45 31 9	4	4	0
902	11 13 15 40	3	2	0
903	16 19 44 37	4	4	0
904	2 8 23 42	1	-1	0
905	1 40 22 35	1	-1	0
906	24 14 6 26	4	5	0
907	26 9 22 46	3	3	0
908	14 22 21 1	2	-1	0
909	34 22 11 4	4	4	0
910	3 32 41 30	1	-1	0
911	4 33 7 49	3	4	0
912	12 16 33 24	4	2	0
913	10 46 18 14	3	3	0
914	3 14 9 26	1	-1	0
915	6 5 42 18	3	1	0
916	5 49 11 26	4	4	0
917	1 28 42 7	1	-1	0
918	33 40 25 34	3	2	0
919	10 15 42 13	3	3	0
920	1 39 19 10	1	-1	0
921	6 18 4 46	4	5	0
922	11 9 26 19	3	2	0
923	34 45 44 8	2	-1	0
924	40 18 12 16	2	-1	0
925	2 31 39 19	1	-1	0
926	41 21 24 40	2	-1	0
927	9 21 47 37	3	2	0
928	42 34 43 35	2	-1	0
929	16 10 6 27	3	1	0
930	35 40 4 47	3	2	0
931	7 43 31 18	3	2	0
932	32 21 4 37	3	3	0
933	27 8 49 42	2	-1	0
934	5 19 45 33	3	3	0
935	13 9 24 36	3	4	0
936	3 13 47 41	1	-1	0
937	7 9 24 47	4	5	0
938	21 13 9 38	2	-1	0
939	32 43 17 40	3	1	0
940	40 47 20 45	3	2	0
941	1 25 21 9	1	-1	0
942	8 18 13 34	2	-1	0
943	30 45 46 15	4	5	0
944	7 26 42 36	3	5	0
945	16 27 50 33	2	-1	0
946	15 36 25 30	3	4	0
947	17 25 9 19	3	2	0
948	6 33 17 38	2	-1	0
949	12 11 34 25	2	-1	0
950	46 14 4 8	2	-1	0
951	1 47 41 49	1	-1	0
952	20 26 6 33	2	-1	0
953	17 19 14 49	2	-1	0
954	18 19 11 16	2	-1	0
955	29 13 36 22	3	5	0
956	19 10 45 29	3	1	0
957	19 42 6 36	3	2	0
958	18 40 43 21	2	-1	0
959	49 25 45 23	3	1	0
960	38 16 25 24	4	2	0
961	36 14 33 43	4	5	0
962	35 5 26 22	2	-1	0
963	28 39 3 16	2	-1	0
964	22 8 5 37	4	2	0
965	17 28 44 21	4	5	0
966	44 50 25 26	4	2	0
967	35 23 21 45	2	-1	0
968	21 5 4 34	3	1	0
969	36 16 17 18	2	-1	0
970	43 37 30 25	3	2	0
971	30 23 15 26	2	-1	0
972	20 33 18 26	4	1	0
973	50 5 14 41	2	-1	0
974	19 22 28 50	4	1	0
975	18 4 34 46	4	5	0
976	25 19 49 18	3	3	0
977	1 11 18 48	1	-1	0
978	1 41 19 48	1	-1	0
979	1 23 14 13	1	-1	0
980	9 11 35 6	2	-1	0
981	3 42 14 15	1	-1	0
982	7 32 6 44	4	4	0
983	2 49 38 8	1	-1	0
984	1 10 35 28	1	-1	0
985	23 26 30 36	4	1	0
986	48 25 15 27	3	3	0
987	5 17 34 15	2	-1	0
988	24 20 10 39	4	2	0
989	3 41 31 50	1	-1	0
990	6 33 50 23	4	3	0
991	2 20 18 23	1	-1	0
992	2 24 43 39	1	-1	0
993	9 13 7 38	3	2	0
994	34 31 42 47	4	5	0
995	2 17 7 49	1	-1	0
996	16 23 26 41	4	1	0
997	20 5 8 29	3	1	0
998	40 39 21 14	3	5	0
999	27 11 7 17	4	2	0
1000	23 25 41 6	3	2	0
