Students	1000
1	49 44 32 4	4	1	0
2	3 9 23 19	1	-1	0
3	49 47 8 14	2	-1	0
4	42 16 20 24	3	5	0
5	31 49 15 20	4	2	0
6	46 42 10 25	4	1	0
7	31 11 21 47	2	-1	0
8	32 35 42 21	3	4	0
9	5 13 31 45	2	-1	0
10	25 22 28 5	4	4	0
11	46 20 13 38	2	-1	0
12	48 5 45 41	4	5	0
13	26 20 41 6	3	5	0
14	36 7 41 43	2	-1	0
15	1 35 36 18	1	-1	0
16	9 13 37 1	4	3	0
17	40 43 31 10	4	5	0
18	28 18 6 8	2	-1	0
19	6 27 46 24	3	1	0
20	25 20 31 48	3	3	0
21	36 32 16 11	4	2	0
22	47 24 22 21	4	4	0
23	9 23 25 36	2	-1	0
24	35 16 29 43	3	4	0
25	37 9 27 15	4	1	0
26	50 15 31 24	4	1	0
27	20 18 33 7	4	2	0
28	44 38 24 47	2	-1	0
29	3 43 39 25	1	-1	0
30	25 48 4 50	3	2	0
31	3 8 20 41	1	-1	0
32	2 26 36 32	1	-1	0
33	11 40 26 39	3	1	0
34	39 27 16 46	2	-1	0
35	28 44 26 35	2	-1	0
36	41 45 18 29	3	2	0
37	13 41 5 8	3	3	0
38	45 23 35 48	4	3	0
39	49 8 5 41	3	1	0
40	11 5 34 9	2	-1	0
41	25 4 45 41	3	4	0
42	32 45 26 30	2	-1	0
43	44 15 4 30	3	4	0
44	45 34 37 24	4	1	0
45	44 8 24 45	3	5	0
46	17 14 25 26	2	-1	0
47	3 47 6 15	1	-1	0
48	19 6 13 21	2	-1	0
49	44 47 46 43	4	1	0
50	33 47 40 41	3	5	0
51	35 34 37 31	4	1	0
52	49 20 28 40	2	-1	0
53	37 45 48 28	2	-1	0
54	20 47 45 10	3	1	0
55	31 26 29 11	3	3	0
56	26 30 50 37	3	5	0
57	3 20 10 15	1	-1	0
58	2 12 39 48	1	-1	0
59	27 41 17 14	2	-1	0
60	40 10 38 29	2	-1	0
61	22 10 8 19	4	4	0
62	7 11 23 21	3	4	0
63	13 10 26 23	2	-1	0
64	1 28 33 14	1	-1	0
65	40 35 4 43	4	5	0
66	32 43 45 15	2	-1	0
67	3 21 26 11	1	-1	0
68	3 4 39 26	1	-1	0
69	38 47 35 26	2	-1	0
70	49 37 34 29	3	3	0
71	5 9 27 35	3	5	0
72	37 41 36 25	3	1	0
73	49 13 39 31	4	2	0
74	2 26 43 27	1	-1	0
75	45 23 29 17	4	1	0
76	21 43 41 16	4	1	0
77	12 36 15 49	3	3	0
78	9 11 2 35	4	1	0
79	24 4 44 28	4	5	0
80	38 9 49 16	3	5	0
81	11 6 12 8	2	-1	0
82	19 26 17 29	2	-1	0
83	19 7 47 12	3	5	0
84	1 43 15 41	1	-1	0
85	11 24 26 18	3	4	0
86	3 24 31 5	1	-1	0
87	1 6 33 12	1	-1	0
88	48 4 26 31	3	1	0
89	41 35 50 24	4	4	0
90	22 19 49 15	3	3	0
91	8 39 14 18	4	1	0
92	14 23 34 45	4	4	0
93	42 31 41 33	2	-1	0
94	1 15 30 32	1	-1	0
95	19 26 44 42	2	-1	0
96	1 46 15 14	1	-1	0
97	3 44 33 11	1	-1	0
98	1 36 24 20	1	-1	0
99	9 8 43 12	2	-1	0
100	26 34 41 29	2	-1	0
101	19 30 40 15	4	3	0
102	3 4 8 30	1	-1	0
103	35 49 14 19	3	3	0
104	20 17 35 7	3	2	0
105	3 19 48 17	1	-1	0
106	34 32 43 15	4	2	0
107	1 4 43 37	1	-1	0
108	50 15 33 7	3	1	0
109	34 24 5 44	2	-1	0
110	17 38 34 47	2	-1	0
111	18 27 29 17	4	4	0
112	17 14 42 43	3	4	0
113	40 10 22 44	2	-1	0
114	36 49 38 18	2	-1	0
115	26 28 10 49	3	3	0
116	2 31 5 6	1	-1	0
117	9 16 36 13	2	-1	0
118	38 45 34 31	4	1	0
119	7 23 6 18	3	1	0
120	29 20 27 47	3	2	0
121	12 26 42 17	4	5	0
122	2 27 48 6	1	-1	0
123	36 33 40 44	2	-1	0
124	21 23 1 24	4	3	0
125	9 22 37 12	4	1	0
126	2 41 46 31	1	-1	0
127	23 18 27 21	4	4	0
128	48 42 17 12	3	2	0
129	2 38 18 8	1	-1	0
130	22 20 12 39	3	4	0
131	30 21 40 16	2	-1	0
132	12 46 38 19	4	2	0
133	36 45 49 29	4	2	0
134	16 30 28 18	3	2	0
135	26 50 33 49	4	4	0
136	14 20 38 23	3	5	0
137	2 9 14 24	1	-1	0
138	9 22 24 15	4	2	0
139	39 8 35 36	4	1	0
140	44 17 8 49	4	3	0
141	22 40 45 38	2	-1	0
142	2 30 27 35	1	-1	0
143	30 15 17 7	2	-1	0
144	47 10 40 19	4	5	0
145	17 25 41 15	2	-1	0
146	34 39 40 19	2	-1	0
147	3 31 5 14	1	-1	0
148	3 31 22 11	1	-1	0
149	47 32 21 27	3	1	0
150	22 30 50 7	2	-1	0
151	3 37 5 24	1	-1	0
152	15 35 44 42	2	-1	0
153	13 48 22 12	3	4	0
154	37 31 42 33	4	4	0
155	2 44 50 20	1	-1	1
156	50 40 19 4	2	-1	0
157	3 29 32 9	1	-1	0
158	48 29 38 40	4	1	0
159	29 27 24 10	2	-1	0
160	23 7 47 22	4	5	0
161	24 28 7 16	3	2	0
162	29 41 50 30	3	1	0
163	22 46 39 13	3	5	0
164	28 35 45 20	2	-1	0
165	33 50 49 22	2	-1	0
166	29 34 35 47	2	-1	0
167	7 14 15 23	3	1	1
168	15 5 36 28	3	5	0
169	29 25 5 27	4	4	0
170	40 42 47 4	3	2	0
171	32 21 46 5	2	-1	0
172	30 28 26 20	4	2	0
173	3 39 26 19	1	-1	0
174	4 44 35 7	3	4	0
175	3 32 49 46	1	-1	0
176	3 17 7 22	1	-1	0
177	29 10 37 6	4	1	0
178	14 38 40 43	3	3	0
179	43 34 14 16	3	5	0
180	2 21 33 36	1	-1	0
181	26 33 19 39	3	5	0
182	29 37 32 23	3	3	0
183	3 13 6 24	1	-1	0
184	2 6 9 35	1	-1	0
185	27 17 49 28	2	-1	0
186	42 15 18 12	3	5	0
187	3 8 44 50	1	-1	0
188	26 38 14 22	2	-1	0
189	2 41 37 45	1	-1	0
190	45 8 34 10	2	-1	0
191	2 23 10 5	1	-1	0
192	1 14 43 34	1	-1	0
193	35 25 24 27	4	5	0
194	10 11 49 44	3	4	0
195	20 18 36 5	3	5	0
196	1 30 34 7	1	-1	0
197	25 6 10 5	2	-1	0
198	14 15 25 27	2	-1	0
199	44 42 46 36	3	5	0
200	2 19 36 16	1	-1	0
201	47 20 32 34	3	5	0
202	32 23 4 20	3	1	0
203	22 48 44 32	4	1	0
204	7 5 15 24	4	3	0
205	5 8 22 33	3	1	0
206	2 19 8 50	1	-1	0
207	25 33 47 29	4	5	0
208	1 44 48 50	1	-1	0
209	18 7 39 38	2	-1	0
210	47 26 50 13	2	-1	0
211	2 43 14 7	1	-1	1
212	20 26 32 24	4	1	0
213	47 26 45 46	4	2	0
214	2 46 6 4	1	-1	0
215	28 19 27 8	4	1	0
216	32 29 37 38	4	4	0
217	19 25 38 47	2	-1	0
218	28 39 24 32	3	5	0
219	32 38 22 35	2	-1	0
220	2 21 41 19	1	-1	0
221	3 28 19 23	1	-1	0
222	9 21 23 36	3	2	0
223	46 32 34 18	3	1	0
224	48 19 32 29	2	-1	0
225	1 37 32 15	1	-1	0
226	3 34 36 16	1	-1	0
227	1 47 26 8	1	-1	0
228	2 44 23 14	1	-1	0
229	2 48 24 39	1	-1	0
230	1 22 26 14	1	-1	0
231	7 23 37 25	2	-1	0
232	33 25 6 4	3	3	0
233	11 13 42 37	2	-1	0
234	1 44 14 34	1	-1	0
235	3 32 37 16	1	-1	0
236	4 18 26 21	2	-1	0
237	45 12 15 22	3	5	0
238	24 11 45 39	4	2	0
239	38 30 49 5	4	3	0
240	25 6 13 4	2	-1	0
241	29 45 4 50	4	5	0
242	34 11 48 47	2	-1	0
243	1 12 29 40	1	-1	0
244	35 48 33 13	4	4	0
245	2 49 45 27	1	-1	0
246	45 11 14 9	4	5	0
247	24 25 21 45	2	-1	0
248	2 49 25 16	1	-1	0
249	11 38 50 32	3	1	0
250	10 32 24 9	4	4	0
251	32 28 18 14	4	3	0
252	49 8 17 38	3	3	0
253	25 12 21 34	3	1	0
254	20 50 19 11	4	3	0
255	32 37 21 47	3	3	0
256	13 11 15 8	4	4	0
257	6 16 49 46	4	4	0
258	29 30 16 25	4	3	0
259	19 41 38 36	4	3	0
260	24 49 28 8	2	-1	0
261	40 46 10 45	4	2	0
262	1 33 10 46	1	-1	0
263	43 46 19 29	2	-1	0
264	8 19 13 24	4	1	0
265	20 27 4 48	4	4	0
266	9 14 40 21	3	4	0
267	41 16 29 44	3	4	0
268	19 35 8 21	4	1	0
269	12 27 31 20	2	-1	0
270	1 21 46 7	1	-1	0
271	41 48 34 36	2	-1	0
272	36 40 8 41	3	2	0
273	25 6 50 27	3	2	0
274	14 42 19 15	2	-1	0
275	1 12 41 48	1	-1	0
276	38 50 36 23	3	3	0
277	34 20 11 12	3	2	0
278	3 6 27 15	1	-1	0
279	47 25 37 8	2	-1	0
280	3 39 11 33	1	-1	0
281	2 13 21 37	1	-1	0
282	2 31 43 38	1	-1	0
283	23 20 45 44	3	1	0
284	24 22 12 5	4	1	0
285	2 28 50 11	1	-1	0
286	3 16 43 19	1	-1	0
287	13 6 42 48	3	1	0
288	28 33 25 32	4	5	0
289	23 38 36 46	4	5	0
290	2 12 29 37	1	-1	0
291	43 27 30 19	3	1	0
292	12 27 34 23	4	1	0
293	22 24 45 26	3	1	0
294	2 9 35 13	1	-1	0
295	1 13 33 9	1	-1	0
296	3 48 45 30	1	-1	0
297	9 30 18 5	3	5	0
298	31 35 14 12	4	3	0
299	41 21 19 20	4	5	0
300	27 42 8 29	2	-1	0
301	20 16 27 43	3	2	0
302	38 26 29 43	3	3	0
303	22 7 12 39	2	-1	0
304	31 45 10 16	3	1	0
305	41 16 31 26	2	-1	0
306	30 24 21 26	4	1	0
307	40 25 37 17	2	-1	0
308	35 33 49 22	3	2	0
309	47 20 5 44	3	5	0
310	1 49 48 3	1	-1	0
311	13 15 35 44	3	5	0
312	1 4 11 10	1	-1	0
313	41 25 35 18	2	-1	0
314	1 5 19 41	1	-1	0
315	12 28 14 7	2	-1	0
316	3 16 23 39	1	-1	0
317	28 48 37 13	4	4	0
318	32 36 43 23	3	3	0
319	34 43 14 5	2	-1	0
320	6 4 16 30	4	5	0
321	3 47 25 18	1	-1	0
322	1 48 23 27	1	-1	0
323	19 35 7 4	2	-1	0
324	44 15 10 26	3	2	0
325	7 15 27 5	2	-1	0
326	30 44 8 28	4	3	0
327	2 31 33 43	1	-1	0
328	44 5 28 8	3	5	0
329	3 46 39 21	1	-1	0
330	46 30 49 19	4	1	0
331	12 37 23 36	3	3	0
332	23 49 11 36	2	-1	0
333	23 8 20 33	3	4	0
334	30 45 8 35	2	-1	0
335	23 19 22 35	4	1	0
336	49 14 18 26	2	-1	0
337	29 11 21 13	3	5	0
338	26 30 44 34	3	3	0
339	1 50 23 29	1	-1	0
340	43 36 22 23	4	3	0
341	10 43 13 49	2	-1	0
342	29 23 25 8	3	2	0
343	36 15 11 8	4	3	0
344	1 10 31 43	1	-1	0
345	7 28 10 46	3	2	0
346	41 18 22 19	4	3	0
347	2 18 48 49	1	-1	0
348	2 40 30 6	1	-1	0
349	1 10 20 48	1	-1	0
350	26 27 6 33	4	3	0
351	41 5 14 15	3	4	0
352	2 17 27 30	1	-1	0
353	43 41 16 39	4	3	0
354	10 8 16 18	4	3	0
355	17 36 38 47	3	2	0
356	2 19 26 49	1	-1	0
357	22 36 37 50	2	-1	0
358	3 16 47 28	1	-1	0
359	49 40 29 37	4	2	0
360	10 5 23 24	2	-1	0
361	2 18 4 5	1	-1	0
362	22 37 19 48	3	1	0
363	33 14 43 10	2	-1	0
364	49 7 13 14	4	3	0
365	43 46 35 5	3	1	0
366	25 50 42 10	2	-1	0
367	39 27 8 29	2	-1	0
368	36 26 46 22	2	-1	0
369	41 21 23 14	2	-1	0
370	8 30 25 47	2	-1	0
371	12 38 40 20	2	-1	0
372	22 11 36 30	4	1	0
373	2 44 15 11	1	-1	0
374	50 26 7 48	3	2	0
375	42 17 8 32	4	4	0
376	6 43 25 19	4	5	0
377	6 33 32 40	2	-1	0
378	6 9 21 46	4	4	0
379	39 32 11 36	3	2	0
380	38 33 16 40	2	-1	0
381	1 15 6 5	1	-1	0
382	19 11 41 45	4	3	0
383	2 32 38 25	1	-1	0
384	48 39 4 15	4	4	0
385	34 14 5 24	4	1	0
386	33 18 9 46	3	4	0
387	9 37 7 12	2	-1	0
388	38 15 42 45	3	1	0
389	3 20 7 13	1	-1	0
390	13 22 42 35	2	-1	0
391	14 23 48 35	2	-1	0
392	2 45 40 36	1	-1	0
393	15 6 21 14	4	3	0
394	41 10 40 36	3	1	0
395	2 47 20 37	1	-1	0
396	19 48 38 37	3	3	0
397	6 43 11 8	3	3	0
398	44 29 22 12	3	2	0
399	2 14 11 15	1	-1	0
400	13 27 34 11	3	2	0
401	35 37 4 29	4	3	0
402	6 20 11 26	3	5	0
403	42 10 32 34	4	3	0
404	31 7 16 48	2	-1	0
405	34 21 38 40	4	2	0
406	26 13 50 33	3	2	0
407	5 39 21 10	3	1	0
408	29 12 30 26	4	1	0
409	13 31 40 9	2	-1	0
410	20 11 7 10	3	2	0
411	2 39 50 49	1	-1	0
412	33 47 23 4	2	-1	0
413	27 29 8 13	3	4	0
414	2 25 20 33	1	-1	0
415	8 6 29 44	3	2	0
416	23 50 19 37	2	-1	0
417	50 41 13 5	4	4	0
418	39 31 19 17	3	1	0
419	41 5 24 42	2	-1	0
420	3 14 46 22	1	-1	0
421	32 10 14 27	4	3	0
422	9 35 6 30	4	2	0
423	35 19 47 43	4	2	0
424	2 10 17 23	1	-1	0
425	10 20 44 14	4	4	0
426	41 48 46 28	3	4	0
427	27 13 36 47	3	2	0
428	31 38 14 36	2	-1	0
429	2 27 42 25	1	-1	0
430	2 22 46 16	1	-1	0
431	3 29 25 20	1	-1	0
432	22 37 47 8	4	4	0
433	1 49 13 42	1	-1	0
434	7 38 43 23	4	5	0
435	30 22 23 36	2	-1	0
436	33 24 20 22	2	-1	0
437	16 36 23 47	4	2	0
438	2 17 15 22	1	-1	0
439	47 11 44 50	3	1	0
440	31 50 37 29	4	3	0
441	22 48 12 47	4	2	0
442	24 5 27 18	4	4	0
443	1 25 28 42	1	-1	0
444	3 50 32 23	1	-1	0
445	1 26 16 23	1	-1	0
446	1 38 21 39	1	-1	0
447	3 10 19 21	1	-1	0
448	3 8 27 5	1	-1	0
449	43 19 29 13	2	-1	0
450	2 24 5 17	1	-1	0
451	35 32 20 33	3	1	0
452	2 6 18 36	1	-1	0
453	21 22 41 29	2	-1	0
454	11 29 30 33	2	-1	0
455	1 22 12 44	1	-1	0
456	44 30 16 38	3	3	0
457	9 10 39 45	3	4	0
458	3 49 46 16	1	-1	0
459	47 48 38 23	4	5	0
460	20 32 27 45	2	-1	0
461	2 49 10 13	1	-1	0
462	33 22 12 19	3	1	0
463	21 47 37 38	3	5	0
464	26 32 12 22	2	-1	0
465	11 32 45 5	2	-1	0
466	1 25 19 39	1	-1	0
467	39 35 9 5	4	1	0
468	12 4 45 34	2	-1	0
469	28 5 42 50	3	5	0
470	13 39 11 43	4	4	0
471	2 26 15 49	1	-1	0
472	7 41 18 32	4	2	0
473	3 32 18 43	1	-1	0
474	12 27 41 37	2	-1	0
475	3 38 41 32	1	-1	0
476	39 27 30 12	4	1	0
477	44 48 29 8	3	5	0
478	6 33 15 34	2	-1	0
479	45 30 29 43	3	3	0
480	1 47 46 8	1	-1	0
481	3 17 18 44	1	-1	0
482	22 40 24 25	4	2	0
483	28 38 39 16	2	-1	0
484	9 33 45 11	2	-1	0
485	44 10 46 30	3	3	0
486	7 25 34 41	4	5	0
487	12 18 29 4	4	4	0
488	24 41 50 49	3	5	0
489	21 26 11 12	2	-1	0
490	21 39 44 46	3	2	0
491	22 14 40 6	4	5	0
492	47 42 44 20	2	-1	0
493	28 6 7 41	3	5	0
494	13 32 50 34	4	4	0
495	50 45 40 34	3	4	0
496	36 47 28 37	3	1	0
497	29 24 40 20	2	-1	0
498	42 28 7 39	4	5	0
499	9 11 47 16	3	4	0
500	1 43 17 21	1	-1	0
501	23 9 20 28	2	-1	0
502	2 19 38 7	1	-1	0
503	9 47 40 7	2	-1	0
504	3 27 14 15	1	-1	0
505	43 5 9 4	2	-1	0
506	15 19 4 8	2	-1	0
507	40 18 20 29	2	-1	1
508	1 9 29 4	1	-1	0
509	50 39 41 27	3	3	0
510	1 33 34 13	1	-1	0
511	22 30 10 35	3	2	0
512	3 9 12 43	1	-1	0
513	3 16 7 44	1	-1	0
514	3 32 17 34	1	-1	0
515	9 22 38 32	4	2	0
516	29 37 47 11	2	-1	0
517	12 40 4 33	2	-1	0
518	1 28 15 43	1	-1	0
519	2 30 31 39	1	-1	0
520	9 42 37 29	2	-1	0
521	50 26 28 24	4	4	0
522	39 40 34 42	2	-1	0
523	8 47 20 13	3	2	0
524	46 45 47 18	3	3	0
525	23 10 18 43	3	1	0
526	46 7 24 23	4	2	0
527	50 40 26 43	3	4	0
528	3 32 24 47	1	-1	0
529	1 35 37 14	1	-1	0
530	43 50 19 25	2	-1	0
531	22 44 24 37	2	-1	0
532	44 31 48 38	4	1	0
533	37 34 43 14	3	5	0
534	45 5 42 20	3	1	1
535	50 41 7 34	3	2	0
536	2 10 37 43	1	-1	0
537	24 40 26 36	2	-1	0
538	24 16 12 21	2	-1	0
539	2 6 13 30	1	-1	0
540	1 41 18 43	1	-1	0
541	31 32 38 46	3	3	0
542	32 43 9 7	3	4	0
543	15 25 4 21	2	-1	0
544	16 7 12 4	4	3	0
545	15 36 33 18	4	2	0
546	27 34 8 18	4	3	0
547	19 15 41 47	2	-1	0
548	49 34 7 35	2	-1	0
549	30 45 37 4	2	-1	0
550	2 28 22 8	1	-1	0
551	43 41 34 36	3	4	0
552	13 31 46 7	4	1	0
553	8 45 7 34	2	-1	0
554	6 49 13 44	2	-1	0
555	9 16 40 10	2	-1	0
556	1 43 32 8	1	-1	0
557	49 17 28 3	2	-1	0
558	25 13 38 5	2	-1	0
559	10 46 50 14	2	-1	0
560	10 16 41 31	2	-1	0
561	1 44 28 35	1	-1	0
562	25 43 4 40	4	3	0
563	13 44 21 26	3	3	0
564	27 28 30 32	2	-1	0
565	7 33 10 46	3	2	0
566	41 30 26 48	3	2	0
567	19 7 28 5	3	4	0
568	39 11 9 44	3	1	0
569	28 46 36 7	3	3	0
570	1 28 14 26	1	-1	0
571	18 17 28 31	2	-1	0
572	2 45 5 11	1	-1	0
573	34 4 5 45	4	3	0
574	30 26 47 38	2	-1	0
575	22 7 34 21	4	5	0
576	35 26 39 29	2	-1	0
577	42 30 27 14	3	4	0
578	49 23 12 32	3	2	0
579	10 39 29 4	4	3	0
580	3 22 37 21	1	-1	0
581	22 9 23 16	4	1	0
582	2 46 9 41	1	-1	0
583	3 6 25 17	1	-1	0
584	2 44 14 39	1	-1	0
585	2 30 8 11	1	-1	1
586	18 26 41 49	2	-1	0
587	2 41 9 21	1	-1	0
588	39 17 11 23	2	-1	0
589	4 13 19 40	4	5	0
590	3 29 6 4	1	-1	0
591	1 8 33 41	1	-1	0
592	37 47 11 43	3	5	0
593	3 40 22 32	1	-1	0
594	39 26 8 13	3	2	0
595	2 45 44 40	1	-1	0
596	23 9 8 24	4	4	0
597	17 5 7 40	2	-1	0
598	45 26 48 29	3	3	0
599	32 10 13 26	4	5	0
600	39 46 4 47	3	4	0
601	15 29 23 41	3	4	0
602	2 25 6 40	1	-1	0
603	48 22 37 30	2	-1	0
604	2 49 9 35	1	-1	0
605	41 40 4 35	4	1	0
606	18 33 39 14	3	5	0
607	2 4 49 42	1	-1	0
608	23 9 43 17	4	1	0
609	3 46 44 35	1	-1	0
610	29 7 47 22	4	5	0
611	1 42 37 40	1	-1	0
612	38 45 21 10	3	5	0
613	42 29 45 28	3	5	0
614	36 39 30 17	2	-1	0
615	17 12 7 48	2	-1	0
616	26 9 19 32	4	4	0
617	1 16 49 28	1	-1	0
618	3 12 49 47	1	-1	0
619	10 24 34 23	3	5	0
620	45 26 23 11	3	4	0
621	11 50 40 44	4	4	0
622	3 36 49 12	1	-1	0
623	9 42 33 19	2	-1	0
624	1 12 25 5	1	-1	0
625	2 34 41 9	1	-1	0
626	16 11 35 36	4	4	0
627	39 17 24 13	4	1	0
628	5 36 20 11	3	3	0
629	8 50 26 19	2	-1	0
630	1 24 34 19	1	-1	0
631	31 17 12 46	2	-1	0
632	19 36 6 40	2	-1	0
633	9 34 50 23	3	2	0
634	7 39 42 4	2	-1	0
635	2 34 4 28	1	-1	0
636	44 6 30 21	3	5	0
637	6 43 30 18	4	1	0
638	14 43 4 12	2	-1	0
639	39 40 32 27	4	1	0
640	40 23 6 39	4	4	0
641	15 30 11 14	2	-1	0
642	1 28 8 33	1	-1	0
643	3 15 35 16	1	-1	0
644	13 32 24 42	3	1	0
645	2 17 32 28	1	-1	0
646	48 41 7 6	3	5	0
647	37 40 4 33	2	-1	0
648	14 47 9 22	4	3	0
649	24 33 43 46	4	2	0
650	1 41 9 7	1	-1	0
651	4 17 29 14	2	-1	0
652	2 40 28 32	1	-1	0
653	2 43 31 15	1	-1	0
654	35 47 39 15	4	4	0
655	9 31 13 15	2	-1	0
656	1 22 19 14	1	-1	0
657	11 17 49 46	3	1	0
658	4 23 45 11	3	1	0
659	21 38 17 44	2	-1	0
660	2 13 45 12	1	-1	0
661	47 23 8 39	3	2	0
662	36 30 37 17	4	2	0
663	8 28 22 29	3	2	0
664	35 12 50 8	2	-1	0
665	1 47 29 39	1	-1	0
666	7 6 41 9	4	3	0
667	3 28 10 13	1	-1	0
668	34 27 46 47	2	-1	0
669	32 4 18 31	4	4	0
670	2 7 43 12	1	-1	0
671	22 29 49 33	2	-1	0
672	17 38 40 48	3	2	0
673	1 48 18 25	1	-1	0
674	39 27 21 26	3	1	0
675	27 30 36 19	4	2	0
676	31 24 43 21	4	2	0
677	3 27 5 32	1	-1	0
678	24 37 18 50	2	-1	0
679	14 37 45 15	3	5	0
680	48 34 20 12	3	4	0
681	32 38 18 9	3	4	0
682	43 47 13 46	3	1	1
683	18 23 27 17	2	-1	0
684	33 25 14 50	2	-1	0
685	4 34 43 47	2	-1	0
686	10 37 8 31	3	3	0
687	14 33 13 31	4	1	0
688	43 13 21 28	3	5	0
689	12 44 34 37	4	4	0
690	1 36 12 27	1	-1	1
691	2 8 4 46	1	-1	0
692	3 9 41 14	1	-1	0
693	2 4 19 6	1	-1	0
694	2 29 8 5	1	-1	0
695	9 49 42 24	3	5	0
696	31 43 17 40	2	-1	0
697	1 43 49 9	1	-1	0
698	14 20 31 27	3	2	0
699	43 12 31 20	2	-1	0
700	2 37 34 27	1	-1	0
701	33 42 22 10	2	-1	0
702	36 28 10 41	3	5	0
703	33 21 16 46	3	1	0
704	33 11 18 47	3	3	0
705	9 21 49 17	2	-1	0
706	3 49 28 37	1	-1	0
707	30 9 12 4	3	4	0
708	49 42 16 32	4	1	0
709	35 23 20 28	2	-1	0
710	3 33 12 20	1	-1	0
711	3 35 39 47	1	-1	0
712	34 19 16 5	2	-1	0
713	2 15 8 23	1	-1	0
714	33 48 10 38	3	4	0
715	6 5 47 50	2	-1	0
716	3 6 40 29	1	-1	0
717	3 41 19 16	1	-1	0
718	2 14 23 44	1	-1	0
719	50 39 17 47	3	4	0
720	5 7 38 25	2	-1	0
721	47 26 19 35	3	5	0
722	7 42 48 16	3	1	0
723	2 50 21 15	1	-1	0
724	14 7 43 38	4	5	0
725	49 28 25 34	4	2	0
726	11 43 34 18	4	3	0
727	17 18 44 33	2	-1	0
728	3 16 41 45	1	-1	0
729	1 8 32 21	1	-1	0
730	27 28 49 47	4	3	0
731	35 27 21 16	3	4	0
732	49 29 26 14	4	5	0
733	45 22 9 39	4	5	0
734	1 5 29 46	1	-1	0
735	3 10 7 44	1	-1	0
736	27 13 36 46	2	-1	0
737	30 42 8 31	4	1	0
738	42 36 47 37	4	4	0
739	30 8 37 24	3	4	0
740	29 13 17 24	4	1	0
741	2 16 37 35	1	-1	0
742	29 36 9 34	3	4	0
743	31 41 37 42	4	5	0
744	3 26 37 4	1	-1	0
745	35 44 49 31	2	-1	0
746	8 10 43 36	4	3	0
747	48 31 32 41	2	-1	0
748	49 30 36 22	3	3	0
749	3 14 24 43	1	-1	0
750	1 20 40 32	1	-1	0
751	35 25 19 11	4	2	0
752	33 21 27 40	4	4	0
753	5 26 16 49	4	5	0
754	37 27 47 14	3	4	0
755	23 27 7 47	3	5	0
756	16 49 47 25	3	2	0
757	2 36 49 21	1	-1	0
758	14 17 46 34	4	5	0
759	3 23 32 8	1	-1	0
760	19 48 15 24	3	4	0
761	3 8 1 4	1	-1	0
762	8 46 30 17	3	5	0
763	11 25 35 23	3	2	0
764	42 12 35 41	4	3	0
765	46 24 34 18	4	4	0
766	26 1 25 38	3	3	0
767	17 47 4 20	3	1	0
768	28 34 36 22	2	-1	0
769	3 11 27 28	1	-1	0
770	16 50 7 17	2	-1	0
771	31 48 11 7	4	2	0
772	35 14 29 43	4	4	0
773	11 17 14 15	4	5	0
774	32 11 25 49	2	-1	0
775	39 21 41 14	4	1	0
776	22 41 40 8	3	1	0
777	49 4 41 9	4	2	0
778	34 28 20 42	4	5	0
779	1 35 11 7	1	-1	0
780	13 20 27 25	4	5	0
781	45 39 29 24	4	5	0
782	35 37 45 19	2	-1	0
783	3 7 15 35	1	-1	0
784	39 12 10 22	4	4	0
785	4 39 46 40	3	1	0
786	14 5 4 48	2	-1	0
787	1 5 32 44	1	-1	0
788	13 9 5 42	4	5	0
789	39 31 8 21	3	3	0
790	26 48 44 12	4	2	0
791	28 40 32 21	4	1	0
792	50 34 49 28	2	-1	0
793	48 15 28 21	2	-1	0
794	42 36 31 37	3	1	0
795	47 38 16 19	4	1	0
796	18 34 24 42	2	-1	0
797	1 42 13 19	1	-1	0
798	29 11 28 14	3	3	0
799	1 22 45 43	1	-1	0
800	8 44 27 23	2	-1	0
801	45 18 47 43	2	-1	1
802	1 46 18 25	1	-1	0
803	13 24 33 34	3	5	0
804	35 36 47 4	4	1	0
805	1 49 28 42	1	-1	0
806	34 45 30 42	3	1	0
807	22 10 50 20	3	4	0
808	17 46 7 36	3	4	0
809	1 8 39 36	1	-1	0
810	3 14 43 5	1	-1	0
811	4 11 28 25	4	1	0
812	2 18 26 14	1	-1	0
813	40 29 10 36	3	2	0
814	33 14 11 37	3	5	0
815	1 46 41 10	1	-1	0
816	1 35 21 38	1	-1	0
817	11 37 35 38	2	-1	0
818	20 21 14 16	4	1	0
819	47 28 33 26	2	-1	0
820	31 14 17 33	2	-1	0
821	35 30 42 36	4	5	0
822	42 4 48 24	2	-1	0
823	26 33 12 9	4	1	0
824	50 11 8 7	4	4	0
825	31 16 35 48	3	3	0
826	19 44 21 20	3	4	0
827	2 22 38 13	1	-1	0
828	20 50 14 13	3	4	0
829	1 36 49 33	1	-1	0
830	6 16 44 10	3	2	0
831	32 30 42 17	3	3	0
832	2 14 34 33	1	-1	0
833	32 34 40 23	2	-1	0
834	3 31 23 38	1	-1	0
835	18 27 49 20	4	5	0
836	19 42 49 14	4	3	0
837	28 19 36 35	3	5	0
838	1 24 10 34	1	-1	0
839	47 38 23 22	2	-1	0
840	3 33 24 47	1	-1	0
841	48 32 5 22	3	4	0
842	5 41 16 4	4	5	0
843	2 30 5 50	1	-1	0
844	5 40 24 33	4	2	0
845	10 16 13 28	4	1	0
846	2 33 17 18	1	-1	0
847	2 40 12 10	1	-1	0
848	50 7 38 41	3	1	0
849	9 20 14 18	2	-1	0
850	48 8 31 35	3	2	0
851	38 39 22 26	2	-1	0
852	2 49 18 21	1	-1	0
853	37 17 25 41	2	-1	0
854	2 32 11 21	1	-1	0
855	37 42 36 46	4	2	0
856	26 28 44 15	2	-1	0
857	3 6 43 27	1	-1	0
858	11 12 29 31	3	4	0
859	16 38 44 50	3	4	0
860	10 31 44 25	4	4	0
861	1 13 15 17	1	-1	0
862	7 17 47 38	4	4	0
863	45 23 11 46	2	-1	0
864	3 29 7 44	1	-1	0
865	40 36 38 27	4	4	0
866	42 17 45 14	3	2	0
867	35 12 26 33	3	1	0
868	50 12 4 37	2	-1	0
869	33 48 25 34	4	1	0
870	1 17 23 18	1	-1	0
871	31 32 39 16	3	2	0
872	11 19 38 32	3	3	0
873	23 34 16 35	3	1	0
874	43 47 11 25	2	-1	0
875	49 37 24 50	2	-1	0
876	3 43 12 18	1	-1	0
877	2 5 46 20	1	-1	0
878	20 7 25 16	4	3	0
879	10 39 47 36	2	-1	0
880	3 15 42 38	1	-1	0
881	36 12 9 25	4	4	0
882	2 18 30 42	1	-1	0
883	9 48 26 30	2	-1	0
884	10 48 43 41	2	-1	0
885	30 34 45 14	3	2	0
886	45 5 11 4	2	-1	0
887	3 13 35 27	1	-1	0
888	1 35 26 44	1	-1	0
889	44 30 8 16	3	4	0
890	43 23 38 8	3	2	0
891	1 47 21 7	1	-1	0
892	22 21 37 44	2	-1	0
893	21 50 19 14	2	-1	0
894	49 47 18 5	3	3	0
895	28 8 47 31	2	-1	0
896	18 40 16 45	3	4	0
897	3 32 9 26	1	-1	0
898	27 38 30 14	4	2	0
899	48 6 34 42	2	-1	0
900	2 18 47 26	1	-1	0
901	40 45 48 50	2	-1	0
902	9 43 10 29	4	3	0
903	19 45 41 29	2	-1	0
904	49 47 29 10	4	4	0
905	18 32 35 10	3	1	0
906	30 17 13 16	4	1	0
907	3 22 25 16	1	-1	0
908	1 49 25 32	1	-1	0
909	33 43 47 32	2	-1	0
910	3 19 4 48	1	-1	0
911	7 41 5 22	4	1	0
912	49 33 16 8	4	3	0
913	8 24 10 27	2	-1	0
914	5 14 15 35	3	5	0
915	31 34 36 10	2	-1	1
916	21 8 39 29	2	-1	0
917	18 39 22 14	2	-1	0
918	48 4 5 28	3	5	0
919	30 7 17 9	3	1	0
920	2 16 44 35	1	-1	0
921	13 33 28 40	4	1	0
922	38 18 29 39	2	-1	0
923	34 40 6 35	2	-1	0
924	44 27 46 8	2	-1	0
925	12 20 8 26	4	3	0
926	1 13 30 35	1	-1	0
927	33 48 47 35	4	1	0
928	16 50 39 7	4	3	0
929	46 27 24 47	2	-1	0
930	38 15 41 23	3	1	0
931	8 30 37 33	3	2	0
932	30 43 33 21	4	2	0
933	33 21 13 24	4	1	0
934	2 36 44 37	1	-1	0
935	38 39 16 6	2	-1	0
936	27 36 20 28	3	5	0
937	40 8 31 22	3	2	0
938	40 33 41 42	4	5	0
939	8 22 9 4	3	1	0
940	19 12 44 4	2	-1	0
941	47 41 21 8	3	3	0
942	27 38 7 9	4	3	0
943	30 34 43 5	2	-1	0
944	40 47 24 29	3	2	0
945	18 34 4 12	3	4	0
946	24 32 7 44	3	1	0
947	1 36 48 17	1	-1	0
948	2 22 38 33	1	-1	0
949	2 5 21 45	1	-1	0
950	1 32 16 49	1	-1	0
951	3 43 19 26	1	-1	0
952	3 11 5 41	1	-1	0
953	29 11 48 49	4	1	0
954	8 5 13 17	2	-1	0
955	3 11 17 38	1	-1	0
956	12 41 46 29	4	4	0
957	9 12 11 38	3	3	0
958	11 23 5 22	4	1	0
959	16 13 9 46	4	3	0
960	25 16 5 15	4	1	0
961	9 19 45 22	4	2	0
962	18 36 28 24	4	5	0
963	48 13 43 4	4	5	0
964	2 39 4 11	1	-1	0
965	18 5 14 40	3	5	0
966	3 11 35 36	1	-1	0
967	16 22 47 5	2	-1	0
968	18 30 5 33	3	5	0
969	13 37 47 20	4	1	0
970	6 5 23 42	4	2	0
971	10 25 24 21	3	3	0
972	6 24 38 12	2	-1	0
973	18 19 16 35	4	1	0
974	13 7 14 49	2	-1	0
975	10 35 40 5	3	4	0
976	3 12 29 42	1	-1	0
977	12 50 27 31	3	4	0
978	21 6 23 31	4	1	0
979	35 45 42 31	2	-1	0
980	1 20 8 4	1	-1	0
981	27 35 16 21	4	4	0
982	3 32 16 46	1	-1	0
983	45 17 38 35	3	5	0
984	41 43 14 46	3	1	0
985	46 23 29 9	2	-1	0
986	35 25 24 26	4	4	0
987	1 15 7 30	1	-1	0
988	10 8 44 14	2	-1	0
989	40 44 46 32	3	4	0
990	50 25 11 48	3	4	0
991	8 10 5 22	2	-1	0
992	3 40 22 9	1	-1	0
993	21 18 4 10	2	-1	0
994	1 37 11 15	1	-1	0
995	14 28 40 5	3	3	0
996	32 37 19 16	3	2	0
997	5 10 29 31	2	-1	0
998	1 28 33 39	1	-1	0
999	7 29 30 18	4	4	0
1000	34 33 8 7	3	2	0
