Students	1000
1	49 20 9 39	4	5	0
2	25 42 38 27	4	5	0
3	31 50 35 20	2	-1	0
4	2 49 21 26	1	-1	0
5	7 40 49 14	3	2	0
6	36 30 9 29	2	-1	0
7	3 35 43 22	1	-1	0
8	43 20 31 46	2	-1	0
9	11 44 32 31	4	3	0
10	21 8 44 41	2	-1	0
11	13 38 26 30	3	5	0
12	1 16 37 8	1	-1	0
13	2 41 4 43	1	-1	0
14	41 50 30 43	4	1	0
15	38 7 22 40	4	1	0
16	37 36 33 16	3	3	0
17	44 5 32 31	4	4	0
18	2 47 12 19	1	-1	0
19	17 29 6 31	4	1	0
20	18 12 41 40	3	5	0
21	28 10 8 36	4	2	0
22	16 39 38 19	2	-1	0
23	28 14 29 8	2	-1	0
24	42 32 35 14	3	3	0
25	40 25 36 50	4	4	0
26	9 6 33 13	3	5	0
27	30 22 39 46	4	1	0
28	40 29 39 22	2	-1	0
29	12 37 49 14	4	3	0
30	30 50 35 34	3	2	0
31	17 18 46 20	3	1	0
32	43 41 30 11	3	1	1
33	3 32 43 44	1	-1	0
34	1 29 4 44	1	-1	0
35	46 38 13 36	4	4	0
36	11 16 45 8	4	1	0
37	50 21 25 27	3	3	0
38	9 36 41 42	2	-1	0
39	32 1 11 24	3	3	0
40	1 21 15 42	1	-1	0
41	2 22 44 39	1	-1	0
42	10 21 17 29	3	5	0
43	7 50 6 30	4	1	0
44	7 29 5 15	3	4	0
45	21 46 23 45	4	5	0
46	30 8 38 27	2	-1	0
47	17 20 12 13	4	5	0
48	23 42 44 31	4	2	0
49	49 9 43 26	3	3	0
50	1 50 8 26	1	-1	0
51	38 20 34 9	3	1	0
52	36 24 42 48	4	1	0
53	7 9 28 13	3	3	0
54	2 13 37 6	1	-1	0
55	11 27 10 45	4	1	0
56	47 40 50 21	3	5	0
57	13 29 30 15	4	1	0
58	46 48 47 8	4	3	0
59	3 24 13 5	1	-1	0
60	1 22 38 9	1	-1	0
61	7 5 20 50	2	-1	0
62	2 5 45 33	1	-1	0
63	25 12 44 38	2	-1	0
64	46 9 29 4	3	4	0
65	3 12 36 50	1	-1	0
66	6 35 32 39	3	2	0
67	12 23 30 24	4	5	0
68	2 17 32 38	1	-1	0
69	5 41 20 48	2	-1	1
70	15 29 20 32	2	-1	0
71	25 31 18 47	4	3	0
72	31 41 20 38	2	-1	0
73	22 20 29 33	3	4	0
74	31 42 25 27	3	2	0
75	35 33 36 42	3	2	0
76	2 30 5 9	1	-1	0
77	2 37 46 43	1	-1	0
78	32 15 39 17	2	-1	0
79	38 44 24 43	3	1	0
80	3 38 12 35	1	-1	0
81	6 50 39 40	3	3	0
82	30 4 38 40	4	2	0
83	27 40 41 50	2	-1	0
84	46 40 36 38	4	2	0
85	3 19 50 13	1	-1	0
86	4 10 32 27	2	-1	0
87	3 44 46 48	1	-1	0
88	3 19 34 35	1	-1	0
89	1 47 38 24	1	-1	0
90	50 18 30 32	2	-1	0
91	1 46 29 6	1	-1	0
92	47 37 31 13	3	3	0
93	3 29 22 7	1	-1	0
94	23 39 33 48	4	5	0
95	2 32 16 13	1	-1	0
96	50 34 10 30	3	2	0
97	42 34 33 45	2	-1	0
98	41 19 11 48	3	2	0
99	4 49 20 19	2	-1	0
100	21 50 48 14	2	-1	0
101	5 33 11 35	2	-1	0
102	42 44 21 20	3	5	0
103	50 4 37 21	3	1	0
104	34 12 13 23	2	-1	0
105	44 22 10 24	3	5	0
106	35 41 48 16	4	5	0
107	22 15 5 12	4	3	0
108	3 18 50 12	1	-1	0
109	2 26 48 41	1	-1	0
110	9 33 4 43	2	-1	0
111	23 19 49 17	3	5	0
112	10 41 7 15	3	4	0
113	2 34 50 42	1	-1	0
114	41 38 11 48	3	4	0
115	38 19 31 41	3	1	0
116	3 26 10 29	1	-1	0
117	49 14 28 11	2	-1	0
118	10 19 20 37	4	3	0
119	37 28 5 41	3	2	0
120	44 42 8 17	3	3	0
121	2 25 5 47	1	-1	0
122	22 10 35 21	3	2	0
123	2 50 41 5	1	-1	0
124	23 35 6 47	3	4	0
125	11 49 38 32	4	1	0
126	39 15 17 29	4	2	0
127	48 4 36 18	4	5	0
128	1 45 44 10	1	-1	0
129	19 42 16 41	3	2	0
130	38 18 30 46	4	4	0
131	26 36 34 24	2	-1	0
132	1 35 7 22	1	-1	0
133	3 8 43 34	1	-1	0
134	19 12 9 35	4	3	0
135	1 28 24 11	1	-1	0
136	11 33 26 47	4	5	0
137	25 7 41 9	2	-1	0
138	16 42 39 17	3	4	0
139	19 24 22 28	4	1	0
140	48 30 26 8	4	3	0
141	38 46 36 4	2	-1	0
142	42 36 46 3	4	2	0
143	47 13 24 39	4	1	0
144	31 14 37 46	2	-1	0
145	3 20 28 38	1	-1	0
146	33 7 38 42	2	-1	0
147	25 7 32 4	4	4	0
148	36 45 37 41	4	3	0
149	7 15 46 45	3	3	0
150	25 42 48 43	4	5	0
151	27 47 38 17	3	4	0
152	38 15 50 45	3	4	0
153	1 33 8 29	1	-1	0
154	3 26 42 38	1	-1	0
155	48 43 27 20	3	2	0
156	18 47 28 13	4	2	0
157	1 32 14 25	1	-1	0
158	28 49 8 9	2	-1	0
159	14 33 32 35	2	-1	0
160	15 23 40 43	2	-1	0
161	2 50 27 4	1	-1	0
162	22 28 11 2	4	4	0
163	1 25 17 30	1	-1	0
164	26 37 24 19	3	1	0
165	45 35 37 30	4	3	0
166	2 37 39 9	1	-1	0
167	47 44 8 18	3	2	0
168	1 47 7 20	1	-1	0
169	39 28 35 38	4	5	0
170	44 18 16 42	4	1	0
171	23 21 20 22	4	2	0
172	21 8 31 38	4	2	0
173	3 33 41 9	1	-1	0
174	12 39 35 17	2	-1	0
175	3 26 30 19	1	-1	0
176	19 11 23 29	2	-1	0
177	16 33 36 19	2	-1	0
178	27 28 17 10	2	-1	0
179	19 45 37 42	4	2	0
180	3 49 45 21	1	-1	0
181	31 8 49 10	2	-1	0
182	2 45 10 39	1	-1	0
183	1 24 23 16	1	-1	0
184	26 18 21 46	2	-1	0
185	3 48 29 6	1	-1	0
186	18 20 12 32	2	-1	0
187	3 5 18 13	1	-1	0
188	23 25 49 29	3	5	0
189	38 6 10 20	2	-1	0
190	7 18 34 39	3	5	0
191	5 35 18 46	4	5	0
192	2 29 21 33	1	-1	0
193	1 19 49 25	1	-1	0
194	1 39 41 14	1	-1	0
195	47 29 15 46	4	2	0
196	25 49 40 50	2	-1	0
197	37 19 29 21	2	-1	0
198	29 21 31 49	3	1	0
199	1 9 25 21	1	-1	0
200	27 31 5 14	3	5	0
201	2 7 39 16	1	-1	0
202	37 41 30 39	4	1	0
203	50 32 29 26	3	2	0
204	48 16 33 30	4	3	0
205	2 6 9 21	1	-1	0
206	29 8 22 45	3	2	0
207	49 32 46 31	2	-1	0
208	2 35 49 13	1	-1	0
209	12 38 14 34	2	-1	0
210	12 33 22 25	3	2	0
211	17 7 37 31	2	-1	0
212	43 5 4 31	2	-1	0
213	38 40 31 41	4	1	0
214	31 50 48 4	2	-1	0
215	45 19 24 26	4	1	0
216	46 15 30 43	2	-1	0
217	2 26 11 4	1	-1	0
218	25 20 11 28	4	4	0
219	2 47 45 4	1	-1	0
220	25 31 30 45	4	1	0
221	9 42 36 7	3	1	0
222	1 27 48 29	1	-1	0
223	11 7 21 30	3	5	0
224	7 6 14 29	3	1	0
225	13 17 40 27	3	1	0
226	29 14 37 4	4	1	0
227	3 28 45 24	1	-1	0
228	45 39 46 49	2	-1	0
229	3 22 25 37	1	-1	0
230	41 16 9 50	3	2	0
231	47 45 4 20	2	-1	0
232	21 22 35 44	4	4	0
233	41 47 8 39	4	5	0
234	35 12 20 10	4	3	0
235	46 31 28 4	2	-1	0
236	2 43 13 8	1	-1	0
237	7 29 45 15	4	2	0
238	25 50 42 30	2	-1	0
239	43 41 46 50	4	1	0
240	4 49 16 7	4	1	0
241	16 11 40 48	4	2	0
242	39 18 35 37	2	-1	0
243	28 26 42 36	2	-1	0
244	7 22 36 43	2	-1	0
245	19 34 17 13	4	4	0
246	10 11 42 47	3	5	0
247	4 44 22 46	4	1	0
248	43 25 49 46	4	4	0
249	19 27 46 36	3	3	1
250	10 31 9 42	2	-1	0
251	2 16 10 37	1	-1	0
252	3 27 47 20	1	-1	0
253	50 35 12 16	4	1	0
254	49 23 27 26	2	-1	0
255	2 28 14 23	1	-1	0
256	22 12 47 24	3	1	0
257	19 5 35 9	4	4	0
258	29 15 20 45	2	-1	0
259	7 5 42 8	3	3	0
260	5 21 50 19	2	-1	0
261	45 7 34 40	4	3	0
262	23 43 6 13	2	-1	0
263	38 19 32 22	4	1	0
264	23 39 34 11	2	-1	0
265	11 25 32 7	4	2	0
266	35 20 4 23	4	2	0
267	25 30 12 34	3	4	0
268	22 45 48 43	3	4	0
269	1 50 26 36	1	-1	0
270	45 36 18 34	2	-1	0
271	18 48 39 12	2	-1	0
272	1 18 40 43	1	-1	0
273	38 31 16 24	3	4	0
274	2 32 18 31	1	-1	0
275	35 49 4 37	3	3	0
276	45 25 22 26	2	-1	0
277	6 23 43 40	4	3	0
278	8 5 41 26	2	-1	0
279	47 11 15 23	2	-1	0
280	29 5 41 13	2	-1	0
281	20 39 43 42	2	-1	0
282	8 23 15 6	4	1	0
283	1 7 31 41	1	-1	0
284	5 39 8 30	2	-1	0
285	39 7 28 25	2	-1	0
286	7 50 11 34	3	5	0
287	25 16 24 28	3	1	0
288	4 46 29 14	2	-1	0
289	50 49 14 46	2	-1	0
290	2 19 27 36	1	-1	0
291	33 40 32 25	2	-1	0
292	19 14 10 36	3	4	0
293	21 13 41 6	2	-1	0
294	1 45 9 37	1	-1	0
295	2 10 7 42	1	-1	0
296	20 36 13 21	4	2	0
297	4 38 32 25	2	-1	0
298	12 37 10 22	3	1	0
299	44 34 16 5	2	-1	0
300	24 42 38 21	2	-1	0
301	2 45 29 22	1	-1	0
302	16 35 30 28	3	1	0
303	47 48 28 12	2	-1	0
304	26 33 41 23	4	4	0
305	3 14 37 19	1	-1	0
306	34 28 32 22	4	4	0
307	4 39 5 11	3	4	0
308	3 46 12 25	1	-1	0
309	23 29 17 45	2	-1	0
310	12 37 43 26	4	5	0
311	10 41 21 43	3	4	0
312	34 31 39 18	3	5	0
313	1 18 48 12	1	-1	0
314	16 46 47 9	4	3	0
315	2 13 47 7	1	-1	0
316	20 23 42 33	4	2	0
317	41 25 21 16	3	1	0
318	7 12 36 10	2	-1	0
319	1 35 50 33	1	-1	0
320	40 23 22 38	4	3	0
321	4 35 46 27	4	2	0
322	3 25 16 21	1	-1	0
323	34 26 18 14	3	5	0
324	1 23 32 14	1	-1	0
325	3 32 49 46	1	-1	0
326	41 26 47 38	2	-1	0
327	13 12 30 7	4	5	1
328	40 45 44 7	4	5	0
329	25 48 30 23	4	3	0
330	30 11 49 26	3	3	0
331	7 11 38 9	4	3	0
332	11 24 44 26	2	-1	0
333	4 49 19 28	3	5	0
334	44 8 6 18	2	-1	0
335	3 48 34 42	1	-1	0
336	19 13 7 37	3	2	0
337	42 14 4 16	3	4	0
338	3 33 49 41	1	-1	1
339	47 10 27 11	2	-1	0
340	3 28 29 45	1	-1	0
341	27 24 14 44	2	-1	0
342	1 36 24 9	1	-1	0
343	32 42 9 40	2	-1	0
344	1 18 47 24	1	-1	0
345	34 18 21 23	2	-1	0
346	1 23 9 38	1	-1	0
347	27 7 5 9	2	-1	0
348	50 17 12 8	2	-1	0
349	43 13 50 7	3	4	0
350	6 39 8 44	3	3	0
351	2 31 17 48	1	-1	0
352	3 23 38 15	1	-1	0
353	40 39 11 14	4	4	0
354	26 13 31 10	4	5	0
355	22 5 8 27	2	-1	0
356	29 24 33 38	3	5	0
357	5 1 36 22	4	3	0
358	7 33 19 49	4	3	0
359	15 17 49 14	3	5	0
360	6 8 43 17	3	2	0
361	13 38 47 15	4	4	0
362	2 14 47 17	1	-1	0
363	46 29 43 45	4	3	0
364	6 47 5 20	2	-1	0
365	2 9 15 19	1	-1	0
366	3 32 39 31	1	-1	0
367	47 30 49 42	3	3	0
368	17 22 46 50	4	5	0
369	27 47 43 13	4	2	0
370	17 19 32 23	4	4	0
371	30 16 6 25	4	4	0
372	2 30 23 7	1	-1	0
373	34 21 26 18	4	1	0
374	14 41 46 23	2	-1	0
375	15 31 23 38	3	2	0
376	33 12 48 36	4	3	0
377	24 11 36 13	3	2	0
378	19 13 15 31	4	5	0
379	3 22 6 14	1	-1	0
380	32 15 23 21	2	-1	0
381	33 42 28 29	3	1	0
382	1 39 16 30	1	-1	0
383	1 7 37 44	1	-1	0
384	50 29 34 16	4	5	0
385	2 24 30 12	1	-1	0
386	1 8 33 10	1	-1	0
387	2 22 9 40	1	-1	0
388	37 31 34 36	2	-1	0
389	27 13 34 45	4	3	0
390	2 30 40 32	1	-1	0
391	12 13 34 32	4	3	0
392	48 41 27 36	2	-1	0
393	30 17 14 10	2	-1	0
394	23 24 6 35	3	2	0
395	22 34 50 49	2	-1	0
396	17 12 13 23	3	5	0
397	18 46 10 7	4	1	0
398	3 47 35 4	1	-1	0
399	24 14 12 30	4	3	0
400	42 10 15 41	3	1	0
401	38 33 7 23	2	-1	0
402	1 7 32 37	1	-1	0
403	23 29 22 6	3	3	0
404	1 10 14 39	1	-1	0
405	3 14 48 13	1	-1	0
406	9 33 18 30	3	4	0
407	3 27 6 15	1	-1	0
408	2 7 8 42	1	-1	0
409	1 40 26 25	1	-1	0
410	3 50 16 36	1	-1	0
411	13 23 4 14	3	3	0
412	3 10 37 48	1	-1	0
413	5 34 10 4	3	2	0
414	7 27 39 46	3	2	0
415	12 14 8 20	3	3	0
416	30 22 7 11	3	3	0
417	43 14 38 50	2	-1	0
418	5 32 38 36	3	2	0
419	2 35 16 23	1	-1	0
420	45 12 35 16	4	1	0
421	5 20 28 46	4	5	0
422	3 23 12 27	1	-1	0
423	21 14 24 22	4	2	0
424	50 29 47 11	3	2	0
425	20 48 19 21	3	1	0
426	2 13 32 23	1	-1	0
427	42 7 16 25	2	-1	0
428	48 40 43 35	3	5	0
429	23 21 20 47	2	-1	0
430	3 49 46 40	1	-1	0
431	31 37 13 11	2	-1	0
432	9 10 15 19	2	-1	0
433	1 9 30 32	1	-1	0
434	2 19 11 24	1	-1	0
435	3 40 9 32	1	-1	0
436	29 21 30 39	2	-1	0
437	3 28 6 37	1	-1	0
438	31 44 35 30	3	4	0
439	39 32 33 49	2	-1	0
440	29 21 8 11	2	-1	0
441	46 35 15 34	2	-1	0
442	44 46 25 4	4	4	0
443	38 37 41 15	2	-1	0
444	40 45 13 29	4	2	0
445	9 6 21 22	3	3	0
446	46 40 50 37	4	2	0
447	26 5 30 16	4	3	0
448	44 40 11 10	2	-1	0
449	8 28 43 41	4	3	0
450	9 8 28 32	2	-1	0
451	25 45 44 28	4	4	0
452	45 12 34 49	4	4	0
453	12 23 40 31	2	-1	0
454	40 21 47 13	4	2	0
455	42 16 47 20	2	-1	0
456	33 13 29 24	4	1	0
457	46 10 29 23	3	2	0
458	3 41 22 32	1	-1	0
459	8 45 35 42	3	2	0
460	7 24 31 6	2	-1	0
461	33 4 20 22	2	-1	0
462	14 32 19 31	4	2	0
463	18 7 48 28	3	3	0
464	2 42 49 13	1	-1	0
465	45 37 46 12	3	2	0
466	10 19 36 5	2	-1	0
467	41 22 30 49	4	1	0
468	28 19 44 21	2	-1	0
469	3 25 50 7	1	-1	0
470	14 44 23 49	4	3	0
471	4 14 9 16	4	4	0
472	19 22 33 38	2	-1	0
473	1 6 49 13	1	-1	0
474	2 27 44 18	1	-1	0
475	41 29 46 21	4	4	0
476	1 39 16 9	1	-1	0
477	10 40 43 14	4	3	0
478	44 42 35 46	4	5	0
479	1 25 14 44	1	-1	0
480	48 7 29 23	3	1	0
481	2 36 33 12	1	-1	0
482	2 33 20 25	1	-1	0
483	10 11 19 42	2	-1	0
484	11 36 45 6	4	3	0
485	35 44 5 14	2	-1	0
486	1 31 5 44	1	-1	0
487	2 4 40 43	1	-1	0
488	13 10 26 7	3	5	0
489	2 27 15 24	1	-1	0
490	3 30 46 24	1	-1	0
491	48 47 46 15	4	4	0
492	1 33 30 21	1	-1	0
493	1 6 39 33	1	-1	0
494	1 5 8 43	1	-1	0
495	42 18 49 26	3	4	0
496	10 22 18 34	3	1	0
497	32 22 26 14	2	-1	0
498	49 9 22 6	2	-1	0
499	11 24 20 17	3	1	0
500	48 10 29 4	3	3	0
501	28 15 11 34	4	5	0
502	13 23 40 41	4	5	0
503	15 41 36 9	2	-1	0
504	28 47 50 20	3	1	0
505	2 43 16 44	1	-1	0
506	2 10 29 22	1	-1	0
507	3 4 27 36	1	-1	0
508	1 7 16 19	1	-1	0
509	33 29 42 19	2	-1	0
510	29 9 23 42	2	-1	0
511	37 39 13 14	4	3	0
512	2 37 43 33	1	-1	0
513	1 24 4 49	1	-1	0
514	26 35 8 14	2	-1	0
515	18 17 36 47	4	4	0
516	11 16 13 12	4	5	0
517	8 9 44 27	3	1	0
518	2 34 42 17	1	-1	0
519	42 9 19 30	4	2	0
520	4 19 31 20	3	2	0
521	1 46 13 17	1	-1	0
522	12 27 8 9	3	1	0
523	23 8 5 15	4	3	0
524	16 13 15 26	4	5	0
525	49 36 9 45	3	2	0
526	49 23 13 19	4	4	0
527	30 36 47 11	2	-1	0
528	39 15 23 46	4	3	0
529	33 46 35 36	2	-1	0
530	2 41 38 36	1	-1	0
531	45 50 39 48	4	2	0
532	8 35 15 47	2	-1	0
533	32 5 48 44	3	2	0
534	9 40 4 50	2	-1	0
535	49 14 6 13	4	3	0
536	25 46 50 16	3	4	0
537	27 12 49 38	3	5	0
538	27 4 43 16	2	-1	0
539	6 16 24 12	4	2	0
540	26 18 22 38	2	-1	0
541	1 13 17 47	1	-1	0
542	19 47 41 8	3	5	0
543	26 17 20 15	2	-1	0
544	3 28 50 31	1	-1	0
545	11 24 32 27	3	1	0
546	24 50 4 22	3	2	0
547	2 44 21 12	1	-1	0
548	2 11 5 24	1	-1	0
549	1 46 38 37	1	-1	0
550	10 5 20 44	4	4	0
551	1 30 36 25	1	-1	0
552	21 32 11 43	3	1	0
553	2 16 12 15	1	-1	0
554	47 10 4 50	3	5	0
555	39 50 13 46	3	5	0
556	10 49 22 29	4	4	0
557	26 23 14 39	3	5	0
558	27 39 24 42	2	-1	0
559	43 7 13 40	3	4	0
560	17 31 25 20	4	4	0
561	42 33 45 41	2	-1	0
562	19 4 44 35	4	2	1
563	50 34 47 20	2	-1	0
564	12 14 7 27	4	1	0
565	1 31 7 48	1	-1	0
566	5 36 33 35	4	4	0
567	40 7 22 35	4	1	0
568	2 45 33 41	1	-1	0
569	28 4 21 41	4	4	0
570	34 42 19 45	2	-1	0
571	50 7 16 38	2	-1	0
572	33 19 12 4	2	-1	0
573	31 7 48 26	4	2	0
574	42 10 50 48	4	3	0
575	1 49 23 14	1	-1	0
576	36 47 14 23	3	3	0
577	9 7 30 48	3	3	0
578	7 10 18 4	2	-1	0
579	16 39 28 24	3	2	0
580	21 20 7 17	4	1	0
581	49 20 30 5	2	-1	0
582	28 47 29 38	2	-1	0
583	48 12 13 23	4	1	0
584	31 24 34 11	2	-1	0
585	1 38 11 44	1	-1	0
586	50 43 9 41	2	-1	0
587	3 5 12 34	1	-1	0
588	3 29 19 47	1	-1	0
589	3 50 19 7	1	-1	0
590	2 19 4 26	1	-1	0
591	1 44 38 15	1	-1	0
592	19 6 26 7	3	3	0
593	2 48 18 37	1	-1	0
594	15 13 7 34	4	1	0
595	33 44 26 6	4	5	0
596	12 39 10 7	2	-1	0
597	3 32 19 44	1	-1	0
598	35 22 29 11	4	3	0
599	30 23 7 6	2	-1	0
600	18 17 35 13	2	-1	0
601	5 7 47 38	4	5	0
602	3 13 20 12	1	-1	0
603	50 29 23 32	3	2	0
604	1 34 32 50	1	-1	0
605	25 38 33 16	2	-1	0
606	3 6 10 7	1	-1	0
607	32 43 37 17	4	3	0
608	49 25 41 35	2	-1	0
609	15 17 43 24	3	1	0
610	47 40 21 18	4	1	0
611	44 18 50 36	3	1	0
612	3 12 42 21	1	-1	0
613	3 22 12 20	1	-1	0
614	25 42 35 8	2	-1	0
615	22 36 49 6	2	-1	0
616	2 21 38 48	1	-1	0
617	3 5 30 31	1	-1	0
618	41 18 38 28	4	5	0
619	40 11 20 45	3	2	0
620	41 40 28 6	2	-1	0
621	44 27 48 40	2	-1	0
622	17 37 42 34	2	-1	0
623	2 50 17 42	1	-1	0
624	31 5 7 35	2	-1	0
625	39 12 11 6	2	-1	0
626	2 17 36 26	1	-1	0
627	33 17 20 32	2	-1	0
628	2 27 26 19	1	-1	0
629	31 17 19 7	3	3	0
630	28 33 48 11	3	2	0
631	1 11 24 34	1	-1	0
632	50 11 19 16	4	2	0
633	2 21 31 34	1	-1	0
634	5 28 7 23	4	4	0
635	37 27 33 42	2	-1	0
636	15 38 30 17	4	3	0
637	7 45 26 18	2	-1	0
638	3 9 50 20	1	-1	0
639	27 33 39 30	4	4	0
640	24 35 40 20	4	3	0
641	48 24 36 15	2	-1	0
642	22 25 2 48	4	3	0
643	21 45 31 15	2	-1	0
644	10 12 41 18	4	3	0
645	3 29 39 14	1	-1	0
646	6 39 21 35	4	3	0
647	21 11 15 45	4	2	0
648	2 45 7 42	1	-1	0
649	11 29 13 20	2	-1	0
650	35 25 33 21	3	3	0
651	2 41 33 36	1	-1	0
652	25 37 24 35	4	3	0
653	3 12 28 35	1	-1	0
654	26 5 10 35	3	1	0
655	36 43 5 35	4	1	0
656	10 7 50 41	2	-1	0
657	37 15 46 35	4	4	0
658	23 13 12 5	4	3	0
659	27 29 19 20	2	-1	0
660	47 41 50 7	3	3	0
661	47 25 22 23	2	-1	0
662	2 23 11 47	1	-1	0
663	39 41 16 8	4	5	0
664	22 24 14 6	4	4	0
665	36 8 13 17	2	-1	0
666	20 19 24 43	3	5	0
667	33 19 45 42	4	1	0
668	1 6 14 15	1	-1	0
669	17 7 44 33	4	1	0
670	43 44 5 28	3	2	0
671	3 35 30 23	1	-1	0
672	37 29 25 20	2	-1	0
673	33 47 40 28	2	-1	0
674	14 19 36 27	2	-1	0
675	2 30 12 42	1	-1	0
676	46 22 39 17	4	4	0
677	21 24 8 22	3	5	0
678	16 11 21 35	4	4	0
679	37 24 38 41	2	-1	0
680	9 49 5 7	3	2	0
681	1 20 44 5	1	-1	0
682	13 19 20 45	4	3	0
683	3 50 39 46	1	-1	0
684	31 35 28 25	3	5	0
685	18 12 44 36	4	3	0
686	45 40 19 33	4	1	0
687	26 14 23 13	3	4	0
688	20 35 43 10	2	-1	0
689	3 5 43 31	1	-1	0
690	32 10 39 46	4	4	0
691	44 9 38 31	4	2	0
692	33 24 32 4	2	-1	0
693	15 39 44 38	4	4	0
694	46 23 25 10	3	5	0
695	1 10 39 31	1	-1	0
696	3 8 32 41	1	-1	0
697	3 39 26 34	1	-1	0
698	43 24 8 33	3	4	0
699	13 42 16 50	2	-1	0
700	20 31 23 41	2	-1	0
701	1 35 50 39	1	-1	0
702	2 15 19 4	1	-1	0
703	1 5 21 40	1	-1	0
704	44 21 17 49	4	5	0
705	7 47 25 32	2	-1	0
706	50 47 9 20	4	5	0
707	42 29 12 36	4	3	0
708	9 41 48 36	3	5	0
709	1 27 19 8	1	-1	0
710	38 39 7 5	4	5	0
711	12 22 43 15	2	-1	0
712	2 12 26 13	1	-1	0
713	38 17 37 47	4	1	0
714	3 31 23 30	1	-1	0
715	34 21 39 30	2	-1	0
716	37 47 7 49	3	2	0
717	35 7 12 10	2	-1	0
718	3 43 23 47	1	-1	0
719	2 4 8 44	1	-1	0
720	26 42 31 24	4	1	0
721	34 22 43 18	2	-1	0
722	9 39 42 34	2	-1	0
723	14 22 20 50	4	3	0
724	9 30 11 13	3	5	0
725	45 5 49 18	2	-1	0
726	3 37 23 42	1	-1	0
727	20 29 41 16	2	-1	0
728	1 7 48 4	1	-1	0
729	5 32 20 44	2	-1	0
730	7 19 8 49	3	3	0
731	34 25 16 26	3	5	0
732	1 11 43 8	1	-1	0
733	2 50 45 24	1	-1	0
734	3 25 8 16	1	-1	0
735	20 24 50 16	3	3	0
736	22 36 21 44	4	4	0
737	3 19 36 34	1	-1	0
738	25 38 22 45	2	-1	0
739	43 20 18 5	4	1	0
740	16 33 14 31	3	1	0
741	7 41 33 24	4	2	0
742	1 48 46 30	1	-1	0
743	3 45 18 31	1	-1	0
744	29 4 48 9	4	2	0
745	37 18 2 33	3	4	0
746	49 13 47 18	4	5	0
747	1 8 11 19	1	-1	0
748	41 9 42 25	3	5	0
749	16 36 37 10	4	3	0
750	17 23 24 39	3	5	0
751	42 41 36 25	4	5	0
752	18 9 42 47	4	1	0
753	16 48 33 27	3	1	0
754	32 31 4 38	2	-1	0
755	2 8 47 19	1	-1	0
756	2 45 13 41	1	-1	0
757	1 15 13 28	1	-1	0
758	45 25 36 12	4	5	0
759	32 45 36 49	4	2	0
760	46 37 13 34	4	1	0
761	38 24 41 26	3	4	0
762	12 5 30 50	4	4	0
763	3 9 48 18	1	-1	0
764	43 19 18 37	4	3	0
765	1 12 4 20	1	-1	0
766	33 47 21 38	3	4	0
767	24 9 7 14	3	3	0
768	40 38 39 30	3	2	0
769	40 43 4 10	4	3	0
770	2 19 34 39	1	-1	0
771	3 18 9 21	1	-1	0
772	19 37 30 12	3	3	0
773	11 46 10 41	3	5	0
774	46 17 34 49	3	2	0
775	1 44 18 40	1	-1	0
776	42 18 28 8	4	3	0
777	34 21 42 8	4	2	0
778	49 31 11 46	3	2	0
779	29 15 4 12	4	5	0
780	3 44 8 32	1	-1	0
781	18 24 20 14	4	4	0
782	29 34 6 10	4	3	0
783	5 10 45 42	4	1	0
784	43 49 37 8	3	1	0
785	48 27 6 17	2	-1	0
786	26 41 45 40	3	2	0
787	24 39 50 35	2	-1	0
788	2 23 49 47	1	-1	0
789	18 35 26 34	4	5	0
790	1 21 31 42	1	-1	0
791	16 49 5 32	2	-1	0
792	24 22 34 4	2	-1	1
793	3 32 26 12	1	-1	0
794	39 8 17 27	2	-1	1
795	12 47 27 13	3	1	0
796	16 8 27 10	3	4	0
797	1 8 17 39	1	-1	0
798	1 44 46 28	1	-1	0
799	3 22 33 13	1	-1	0
800	12 14 42 48	3	3	0
801	7 40 35 8	3	2	0
802	1 14 15 7	1	-1	0
803	31 47 14 23	2	-1	0
804	1 43 36 49	1	-1	0
805	35 38 39 40	4	4	0
806	1 39 38 28	1	-1	0
807	20 22 24 38	4	5	0
808	20 13 50 24	4	1	0
809	29 6 16 49	3	2	0
810	50 34 49 6	4	5	0
811	24 20 12 47	4	1	0
812	30 47 15 35	2	-1	0
813	43 33 23 28	3	3	0
814	13 38 6 18	2	-1	0
815	11 45 4 24	4	3	0
816	5 7 40 26	3	4	0
817	40 26 39 6	2	-1	0
818	28 21 6 42	3	1	0
819	15 44 32 47	2	-1	0
820	44 15 14 47	2	-1	0
821	15 47 33 49	2	-1	0
822	36 47 24 43	4	5	0
823	27 4 50 16	3	1	0
824	17 49 12 18	3	4	0
825	3 4 33 35	1	-1	1
826	32 36 31 45	2	-1	0
827	2 25 46 26	1	-1	0
828	11 23 5 28	2	-1	0
829	49 13 39 25	2	-1	0
830	3 12 27 45	1	-1	0
831	42 46 47 33	4	2	0
832	9 45 15 48	2	-1	0
833	39 27 20 26	2	-1	0
834	37 10 49 15	3	2	0
835	23 36 4 31	3	3	0
836	42 12 35 7	3	4	0
837	28 19 50 12	4	5	0
838	21 4 7 28	3	1	0
839	3 46 8 20	1	-1	0
840	27 21 19 5	4	4	0
841	39 23 11 24	4	4	0
842	46 29 31 43	4	1	0
843	1 47 29 13	1	-1	0
844	50 6 49 15	4	2	0
845	49 45 35 30	4	2	0
846	38 23 9 47	2	-1	0
847	47 50 5 8	3	3	0
848	32 19 16 10	4	3	0
849	31 23 7 43	4	2	0
850	41 27 19 31	4	1	0
851	26 45 10 15	3	1	0
852	29 35 33 4	4	5	0
853	3 4 13 40	1	-1	0
854	4 11 13 5	4	2	0
855	8 15 35 23	2	-1	0
856	2 35 9 45	1	-1	0
857	3 47 16 15	1	-1	0
858	42 27 8 47	2	-1	0
859	1 50 48 42	1	-1	0
860	31 20 35 47	4	3	0
861	1 4 44 41	1	-1	0
862	13 50 6 36	3	4	0
863	33 36 35 26	2	-1	0
864	34 33 32 31	2	-1	0
865	39 18 47 4	3	2	0
866	45 21 20 10	3	1	0
867	14 27 30 23	4	4	0
868	1 30 39 49	1	-1	0
869	3 42 33 15	1	-1	0
870	2 10 15 32	1	-1	0
871	40 34 37 13	3	1	0
872	7 16 30 34	2	-1	0
873	42 25 43 48	3	5	0
874	49 40 15 44	3	5	0
875	17 22 19 45	2	-1	0
876	40 28 33 38	2	-1	0
877	12 19 49 13	3	1	0
878	37 28 39 30	3	4	0
879	49 13 4 27	4	1	0
880	2 35 31 6	1	-1	0
881	45 17 23 29	4	4	0
882	32 46 47 24	4	5	0
883	16 37 7 43	3	4	0
884	3 6 50 20	1	-1	0
885	2 21 37 36	1	-1	0
886	19 17 47 13	2	-1	0
887	49 11 4 9	4	5	0
888	49 33 18 20	3	1	0
889	5 50 18 38	2	-1	0
890	1 38 26 11	1	-1	0
891	29 11 50 24	2	-1	0
892	36 41 38 14	4	5	0
893	25 26 33 36	2	-1	0
894	29 6 44 22	2	-1	0
895	1 35 6 48	1	-1	0
896	1 43 28 47	1	-1	0
897	33 6 18 32	3	4	0
898	2 36 38 20	1	-1	0
899	26 28 11 38	2	-1	0
900	3 41 49 46	1	-1	0
901	24 37 19 4	3	4	0
902	2 40 39 23	1	-1	0
903	3 15 30 4	1	-1	0
904	27 6 46 30	2	-1	0
905	31 25 41 13	2	-1	0
906	45 30 49 20	4	4	0
907	1 26 35 43	1	-1	0
908	47 24 41 30	4	2	0
909	21 13 29 50	3	3	0
910	22 29 36 49	2	-1	0
911	23 6 44 50	4	5	0
912	13 18 36 26	4	4	0
913	37 5 9 28	2	-1	0
914	29 46 12 10	3	4	0
915	35 8 17 40	3	3	0
916	31 19 47 13	2	-1	0
917	3 29 42 25	1	-1	0
918	10 13 9 14	2	-1	0
919	47 37 35 13	3	5	0
920	5 14 21 45	3	4	0
921	20 12 43 33	3	1	0
922	12 9 4 18	4	5	0
923	2 35 12 17	1	-1	0
924	15 40 45 44	3	5	0
925	1 45 18 12	1	-1	0
926	50 31 30 18	2	-1	0
927	32 48 33 15	4	1	0
928	34 48 24 45	2	-1	0
929	34 48 5 25	4	2	0
930	32 12 41 35	3	1	0
931	13 35 23 29	4	5	0
932	2 32 36 20	1	-1	0
933	39 14 46 43	3	2	0
934	1 41 45 9	1	-1	0
935	26 42 21 23	3	5	0
936	2 24 27 41	1	-1	0
937	15 44 27 23	2	-1	0
938	30 19 15 12	4	1	0
939	23 46 14 9	3	4	0
940	32 9 37 48	3	1	0
941	48 15 32 40	2	-1	0
942	34 10 29 42	3	1	0
943	2 11 12 17	1	-1	0
944	3 50 44 5	1	-1	0
945	24 41 31 26	3	2	0
946	34 16 17 9	2	-1	0
947	23 37 30 40	2	-1	0
948	23 5 44 19	2	-1	0
949	46 44 6 9	4	2	0
950	3 43 20 11	1	-1	0
951	14 19 33 46	2	-1	0
952	45 17 19 9	3	1	0
953	9 21 18 34	3	2	0
954	34 44 8 15	4	5	0
955	22 20 41 31	3	1	0
956	43 21 14 49	3	1	0
957	3 20 25 12	1	-1	0
958	50 27 33 39	2	-1	0
959	15 23 40 13	3	3	0
960	11 46 26 45	2	-1	0
961	17 12 30 34	3	3	0
962	26 8 46 40	3	1	0
963	18 4 43 48	2	-1	0
964	37 22 27 48	4	2	0
965	44 22 31 30	2	-1	0
966	7 14 26 34	2	-1	0
967	9 47 32 14	4	5	0
968	30 32 36 48	4	1	0
969	32 21 38 4	4	5	0
970	47 31 37 15	3	4	0
971	46 26 10 31	4	4	0
972	21 46 8 49	4	2	0
973	2 37 12 31	1	-1	0
974	3 50 9 15	1	-1	0
975	41 28 25 40	2	-1	0
976	21 10 27 23	3	4	0
977	25 26 50 14	4	5	0
978	1 21 18 42	1	-1	0
979	13 28 14 48	2	-1	0
980	5 10 7 26	2	-1	0
981	41 7 14 35	2	-1	0
982	1 17 49 42	1	-1	0
983	14 15 30 27	4	5	0
984	34 9 36 37	2	-1	0
985	19 45 7 48	4	1	0
986	2 35 39 9	1	-1	0
987	1 15 19 50	1	-1	0
988	1 35 13 5	1	-1	0
989	36 8 28 49	3	2	0
990	2 16 32 12	1	-1	0
991	3 47 17 6	1	-1	0
992	12 49 23 18	3	1	0
993	1 7 4 44	1	-1	0
994	10 15 6 18	2	-1	0
995	11 50 33 36	2	-1	0
996	28 37 40 36	2	-1	0
997	32 26 10 22	3	5	0
998	10 49 7 33	2	-1	0
999	24 31 47 16	4	1	0
1000	33 29 11 38	3	1	0
