Students	1000
1	19 7 24 30	2	-1	0
2	28 20 36 26	4	5	0
3	13 8 17 28	3	5	0
4	10 24 12 21	2	-1	0
5	40 48 4 8	4	5	0
6	2 23 9 43	1	-1	0
7	37 34 7 23	4	1	0
8	49 11 39 28	3	4	0
9	15 49 14 13	2	-1	0
10	3 41 9 20	1	-1	0
11	23 21 7 30	4	3	0
12	32 6 39 10	3	2	0
13	28 46 27 24	2	-1	0
14	2 46 25 39	1	-1	0
15	2 10 50 16	1	-1	0
16	2 34 15 22	1	-1	0
17	49 46 32 3	4	5	0
18	28 18 44 21	4	1	0
19	16 6 31 13	2	-1	0
20	18 43 39 41	2	-1	0
21	23 6 41 27	2	-1	0
22	42 47 12 17	4	4	0
23	2 14 24 41	1	-1	0
24	29 11 50 33	2	-1	0
25	1 4 40 31	1	-1	0
26	27 14 35 6	4	4	0
27	47 30 29 33	3	1	0
28	24 21 46 40	3	5	0
29	1 18 30 13	1	-1	0
30	34 17 25 40	3	2	0
31	45 8 37 25	3	5	0
32	44 24 47 16	3	2	0
33	48 37 12 47	3	2	0
34	27 17 24 40	2	-1	0
35	9 16 34 41	3	2	0
36	2 36 39 9	1	-1	0
37	6 17 24 28	3	1	0
38	2 11 26 48	1	-1	0
39	3 11 20 32	1	-1	0
40	27 18 41 31	4	5	0
41	1 8 13 9	1	-1	0
42	38 12 36 17	3	5	0
43	31 26 50 38	2	-1	1
44	17 1 24 23	4	5	0
45	3 48 14 24	1	-1	0
46	20 10 30 28	2	-1	0
47	6 39 10 25	4	4	0
48	1 20 13 42	1	-1	0
49	33 12 24 28	3	5	0
50	8 49 20 38	3	2	0
51	2 19 16 9	1	-1	0
52	21 16 15 13	4	5	0
53	2 29 10 50	1	-1	0
54	50 26 46 33	2	-1	0
55	30 5 33 23	4	3	0
56	45 19 30 48	2	-1	0
57	18 47 36 7	2	-1	0
58	3 11 22 23	1	-1	0
59	33 48 21 11	3	3	0
60	36 18 13 16	2	-1	0
61	28 42 38 25	3	5	0
62	41 7 4 30	3	2	0
63	44 6 37 5	2	-1	0
64	41 7 6 4	4	2	0
65	3 10 7 21	1	-1	0
66	2 36 29 9	1	-1	0
67	43 25 27 6	2	-1	0
68	44 48 22 42	3	1	0
69	50 20 10 7	4	2	0
70	1 38 33 25	1	-1	0
71	1 20 32 26	1	-1	0
72	10 19 13 37	4	4	0
73	13 30 42 26	2	-1	0
74	50 18 32 37	4	3	0
75	19 12 45 13	4	3	0
76	12 17 29 7	3	2	0
77	43 48 26 38	3	1	0
78	5 17 50 46	2	-1	0
79	9 7 24 35	4	3	0
80	29 35 22 17	2	-1	0
81	14 28 39 25	4	5	0
82	24 5 19 13	2	-1	0
83	3 10 27 43	1	-1	0
84	3 39 18 24	1	-1	0
85	34 32 33 28	4	3	0
86	1 48 22 36	1	-1	0
87	9 42 13 19	4	2	0
88	1 23 49 24	1	-1	0
89	32 7 21 15	4	5	0
90	21 37 10 33	2	-1	0
91	29 23 38 26	4	1	0
92	36 12 19 49	3	4	0
93	28 23 7 42	2	-1	0
94	38 47 45 20	2	-1	0
95	9 48 13 50	2	-1	0
96	33 17 43 12	2	-1	0
97	29 15 49 47	4	3	0
98	28 20 23 17	3	5	0
99	2 5 40 38	1	-1	0
100	2 35 30 4	1	-1	0
101	27 29 46 9	4	4	0
102	48 13 21 31	3	4	0
103	37 27 17 8	3	4	0
104	5 44 37 39	4	2	0
105	33 39 50 12	4	3	0
106	34 47 22 25	2	-1	0
107	1 33 44 39	1	-1	0
108	2 15 39 24	1	-1	0
109	27 25 37 30	4	5	0
110	7 31 22 15	3	5	0
111	6 18 4 50	2	-1	0
112	19 28 39 20	2	-1	0
113	30 32 33 37	3	4	0
114	47 30 49 12	4	2	0
115	45 15 8 5	4	2	0
116	48 38 27 40	4	3	0
117	38 4 48 30	4	4	0
118	18 37 42 28	3	3	0
119	2 27 12 10	1	-1	0
120	2 47 39 35	1	-1	0
121	24 11 7 37	2	-1	0
122	4 19 13 49	3	1	0
123	20 38 9 41	3	3	0
124	3 28 40 2	1	-1	0
125	24 38 17 8	2	-1	0
126	32 11 39 16	2	-1	0
127	43 36 7 33	3	5	0
128	3 6 44 15	1	-1	0
129	3 26 38 12	1	-1	0
130	47 21 17 49	2	-1	1
131	28 19 46 18	2	-1	0
132	1 38 42 20	1	-1	0
133	31 21 28 10	4	5	0
134	18 5 23 28	2	-1	0
135	35 41 23 21	3	5	0
136	29 22 7 32	3	2	0
137	15 14 16 42	2	-1	0
138	2 14 25 23	1	-1	0
139	11 34 28 23	2	-1	0
140	30 46 18 43	4	4	0
141	21 18 49 31	4	3	0
142	2 8 24 17	1	-1	0
143	31 12 42 5	2	-1	0
144	8 26 46 32	4	4	0
145	41 27 32 21	2	-1	0
146	6 21 10 46	2	-1	0
147	9 28 6 41	3	4	0
148	5 33 36 26	4	3	0
149	1 37 9 47	1	-1	0
150	36 12 35 40	3	2	0
151	35 49 11 25	4	5	0
152	1 44 13 11	1	-1	0
153	1 28 31 4	1	-1	0
154	42 30 21 12	4	2	0
155	27 6 45 17	2	-1	0
156	24 49 14 13	4	2	0
157	12 11 46 41	4	1	0
158	34 21 24 9	3	5	0
159	1 12 6 9	1	-1	0
160	45 28 4 25	2	-1	0
161	47 14 30 9	2	-1	0
162	43 4 23 32	2	-1	0
163	42 34 5 29	2	-1	0
164	36 12 16 5	2	-1	0
165	43 24 8 32	3	1	0
166	38 5 22 6	3	2	0
167	3 15 11 49	1	-1	0
168	19 21 29 32	3	1	1
169	13 29 35 50	4	3	0
170	4 38 5 12	3	1	0
171	42 22 25 4	4	5	0
172	24 40 11 21	4	3	0
173	43 39 2 25	4	1	0
174	7 34 39 26	4	4	0
175	42 31 46 43	3	3	0
176	46 28 41 40	2	-1	0
177	49 40 9 10	3	2	0
178	16 17 5 46	2	-1	0
179	12 31 8 23	2	-1	0
180	2 48 9 14	1	-1	0
181	3 7 22 19	1	-1	0
182	16 19 14 20	3	1	0
183	39 33 17 21	2	-1	0
184	47 10 7 50	4	5	0
185	5 21 26 32	4	2	0
186	18 9 46 12	3	2	0
187	14 35 27 45	2	-1	0
188	35 32 45 50	2	-1	0
189	28 25 15 35	3	5	0
190	24 5 13 10	4	3	0
191	2 47 7 34	1	-1	0
192	1 12 7 28	1	-1	0
193	42 8 39 18	3	3	0
194	3 5 15 24	1	-1	0
195	42 41 38 26	3	4	0
196	39 47 37 12	3	1	0
197	2 46 27 30	1	-1	0
198	45 23 46 6	3	5	0
199	45 34 18 29	3	5	0
200	27 31 10 36	2	-1	0
201	19 27 31 44	2	-1	0
202	48 8 44 15	3	4	0
203	2 42 35 47	1	-1	0
204	13 41 17 20	2	-1	0
205	28 4 33 49	3	5	0
206	2 16 45 17	1	-1	0
207	1 19 44 40	1	-1	0
208	3 32 34 28	1	-1	0
209	3 8 45 31	1	-1	0
210	2 33 30 42	1	-1	0
211	18 26 31 46	4	1	0
212	2 40 12 11	1	-1	0
213	11 49 24 15	2	-1	0
214	47 33 41 44	3	2	0
215	40 49 27 21	3	4	0
216	1 7 22 5	1	-1	0
217	37 39 26 45	3	1	0
218	16 36 50 25	4	4	0
219	7 39 29 32	3	3	0
220	46 33 39 29	3	1	0
221	43 24 25 5	3	5	0
222	8 14 6 18	4	4	0
223	32 8 45 39	3	2	0
224	50 34 46 15	3	5	0
225	42 47 28 46	4	1	0
226	2 50 38 15	1	-1	0
227	20 35 41 38	4	4	0
228	16 7 21 9	4	4	0
229	4 10 42 17	2	-1	0
230	18 35 25 48	2	-1	0
231	28 21 38 11	4	5	0
232	50 38 31 20	4	2	0
233	5 31 11 20	4	5	0
234	50 27 14 4	2	-1	0
235	2 24 45 25	1	-1	0
236	3 11 50 21	1	-1	0
237	38 29 12 10	2	-1	0
238	1 28 33 19	1	-1	0
239	34 19 26 38	3	3	0
240	2 34 39 14	1	-1	0
241	5 19 44 42	2	-1	0
242	18 11 27 4	4	3	0
243	46 41 50 24	3	1	0
244	31 47 20 18	3	2	0
245	22 49 29 30	3	4	0
246	2 29 20 15	1	-1	0
247	14 44 34 23	3	3	0
248	38 16 20 19	4	3	0
249	35 49 26 41	3	3	0
250	39 6 43 20	4	4	0
251	1 29 13 35	1	-1	0
252	17 14 48 25	3	5	0
253	47 25 19 9	4	4	0
254	49 41 35 43	2	-1	0
255	38 10 5 31	3	5	0
256	26 30 31 20	4	4	0
257	2 28 35 38	1	-1	0
258	3 12 28 27	1	-1	0
259	46 47 8 34	4	3	0
260	33 26 8 31	3	1	0
261	2 37 34 32	1	-1	0
262	44 19 15 36	2	-1	0
263	11 26 25 8	3	4	0
264	3 43 49 15	1	-1	0
265	48 24 45 19	3	1	0
266	46 30 26 43	3	5	0
267	24 34 42 40	3	5	0
268	25 35 30 7	4	4	0
269	2 47 30 22	1	-1	0
270	35 37 38 36	4	3	0
271	1 7 6 25	1	-1	0
272	2 24 35 45	1	-1	0
273	47 36 35 50	2	-1	0
274	50 27 40 42	2	-1	0
275	1 13 26 44	1	-1	0
276	28 46 48 18	3	3	0
277	12 23 39 20	4	1	0
278	2 16 33 26	1	-1	0
279	7 35 10 42	4	5	0
280	1 46 45 15	1	-1	0
281	35 24 34 49	4	2	0
282	34 28 47 33	3	1	0
283	46 30 5 11	2	-1	1
284	31 47 38 42	3	4	0
285	41 5 31 13	4	3	0
286	26 9 31 16	4	3	0
287	36 6 9 14	3	4	0
288	9 8 43 16	4	2	0
289	23 17 19 42	2	-1	0
290	44 49 34 35	4	5	0
291	34 37 22 17	4	5	1
292	17 34 39 42	4	5	0
293	44 22 43 21	4	5	0
294	3 19 38 5	1	-1	0
295	45 22 21 14	4	5	0
296	32 24 26 23	4	1	0
297	2 50 18 38	1	-1	0
298	37 7 6 36	4	4	0
299	2 8 39 27	1	-1	0
300	43 30 34 31	4	5	0
301	2 10 49 9	1	-1	0
302	41 12 29 44	4	3	0
303	37 12 26 34	4	1	0
304	7 35 40 11	3	3	0
305	17 12 11 25	4	3	0
306	43 28 14 15	2	-1	0
307	44 26 22 32	4	3	0
308	2 43 41 25	1	-1	0
309	40 34 42 19	3	1	0
310	46 21 4 43	4	1	0
311	22 7 12 46	3	4	0
312	1 18 6 11	1	-1	0
313	31 41 42 5	2	-1	0
314	45 43 24 8	3	2	0
315	3 50 26 40	1	-1	0
316	42 25 9 26	3	5	0
317	46 24 15 37	2	-1	0
318	32 48 8 15	4	3	0
319	18 8 28 43	2	-1	0
320	28 5 14 24	2	-1	0
321	2 33 24 8	1	-1	0
322	39 24 37 43	2	-1	0
323	15 49 45 22	3	1	0
324	29 50 49 27	3	5	0
325	3 9 46 14	1	-1	0
326	50 44 46 48	2	-1	0
327	29 27 37 31	3	4	0
328	36 25 24 11	2	-1	0
329	43 36 10 35	4	5	0
330	7 21 34 33	3	1	0
331	46 19 12 35	2	-1	0
332	35 15 36 44	4	4	0
333	32 16 33 36	3	1	0
334	2 12 25 13	1	-1	0
335	2 49 37 16	1	-1	0
336	16 32 15 7	2	-1	0
337	15 46 47 38	2	-1	0
338	40 47 42 9	3	2	0
339	50 21 40 17	3	1	0
340	7 28 48 24	3	5	0
341	42 17 47 26	3	5	0
342	39 44 15 17	2	-1	0
343	23 39 45 25	2	-1	0
344	14 47 12 37	3	5	0
345	35 22 43 16	3	1	0
346	15 10 41 13	3	4	0
347	7 5 39 27	2	-1	0
348	1 25 24 26	1	-1	0
349	14 33 30 9	3	2	0
350	2 9 18 14	1	-1	0
351	44 32 47 42	2	-1	0
352	49 16 7 33	3	2	0
353	7 16 36 28	4	2	0
354	2 20 17 10	1	-1	0
355	2 33 11 40	1	-1	0
356	44 5 13 41	2	-1	0
357	2 26 20 8	1	-1	0
358	19 46 13 44	4	5	0
359	3 40 8 37	1	-1	0
360	36 40 14 6	4	1	0
361	8 5 19 24	4	1	0
362	10 31 11 36	4	4	0
363	29 48 23 14	2	-1	0
364	26 49 36 31	3	1	0
365	3 38 32 39	1	-1	0
366	49 31 18 23	4	3	0
367	10 33 48 4	3	1	0
368	2 46 48 26	1	-1	0
369	1 18 10 9	1	-1	0
370	7 28 35 43	2	-1	0
371	44 50 7 17	3	1	0
372	48 6 41 11	4	3	0
373	35 41 45 30	3	1	0
374	11 9 36 7	2	-1	0
375	7 40 11 15	4	5	0
376	14 20 34 6	2	-1	0
377	27 13 23 33	2	-1	0
378	16 37 34 43	3	1	0
379	39 25 45 41	3	3	0
380	40 44 41 27	2	-1	0
381	3 39 44 20	1	-1	0
382	35 29 48 17	4	3	0
383	19 5 4 35	2	-1	0
384	2 13 16 43	1	-1	0
385	16 30 24 43	2	-1	0
386	6 39 18 19	4	2	0
387	10 23 21 38	4	2	0
388	9 43 4 15	2	-1	0
389	18 29 34 6	3	2	0
390	11 48 32 9	4	5	0
391	43 8 46 20	4	4	0
392	39 22 40 5	4	5	0
393	5 46 17 16	3	1	0
394	41 22 5 35	3	2	0
395	28 24 18 31	2	-1	0
396	41 7 40 4	3	1	0
397	49 27 46 50	3	3	0
398	20 27 33 37	3	4	0
399	46 35 26 36	4	3	0
400	4 16 21 49	4	5	0
401	33 45 23 48	3	4	0
402	14 39 50 23	3	2	0
403	42 15 46 44	4	2	0
404	31 19 50 9	3	4	0
405	21 39 31 42	3	2	0
406	24 50 21 27	3	3	0
407	25 36 6 45	2	-1	0
408	7 37 33 15	3	3	0
409	14 10 27 41	2	-1	0
410	2 28 10 18	1	-1	0
411	47 6 30 42	4	2	0
412	40 5 21 27	3	3	0
413	3 24 8 12	1	-1	0
414	13 36 11 15	2	-1	0
415	27 21 14 40	3	3	0
416	3 13 9 45	1	-1	0
417	48 29 45 11	3	2	0
418	35 21 11 42	2	-1	0
419	37 24 47 30	3	4	0
420	46 37 21 33	3	4	0
421	2 44 20 25	1	-1	0
422	9 37 48 28	3	4	0
423	25 14 20 6	2	-1	0
424	2 31 14 46	1	-1	0
425	34 13 41 31	4	1	0
426	11 50 12 19	3	5	0
427	10 27 17 19	4	2	0
428	38 16 19 23	3	3	0
429	2 43 22 50	1	-1	0
430	22 34 48 39	3	2	0
431	1 28 19 6	1	-1	0
432	27 18 34 3	2	-1	0
433	7 10 38 43	3	4	0
434	3 43 21 14	1	-1	0
435	36 27 43 50	3	4	0
436	15 44 38 29	3	3	0
437	42 34 10 30	4	3	0
438	45 6 33 12	2	-1	0
439	34 39 35 36	2	-1	0
440	40 15 37 4	3	2	0
441	38 7 46 31	4	1	0
442	50 46 45 34	4	4	0
443	46 43 36 24	3	4	0
444	47 26 38 22	4	5	0
445	2 50 36 22	1	-1	0
446	2 4 13 17	1	-1	0
447	27 36 44 40	3	2	0
448	14 21 35 37	2	-1	0
449	5 40 42 31	4	4	0
450	1 13 28 11	1	-1	0
451	20 47 9 10	2	-1	0
452	11 38 24 45	3	2	0
453	38 5 7 15	4	2	0
454	33 6 5 38	2	-1	0
455	44 34 41 19	4	3	0
456	49 37 33 6	2	-1	0
457	2 38 7 44	1	-1	0
458	5 50 12 41	4	1	0
459	11 33 35 20	3	2	0
460	3 44 13 34	1	-1	0
461	3 41 32 27	1	-1	0
462	34 39 25 46	2	-1	0
463	11 22 18 43	2	-1	0
464	48 16 18 32	3	2	0
465	38 31 27 40	2	-1	0
466	17 7 30 35	4	1	0
467	11 50 30 43	4	5	0
468	31 23 36 15	3	3	0
469	34 27 22 43	3	5	0
470	3 10 19 11	1	-1	0
471	12 31 44 43	4	1	0
472	19 15 32 35	3	2	0
473	3 36 28 42	1	-1	0
474	13 29 23 30	3	4	0
475	22 42 18 29	4	4	0
476	2 18 26 45	1	-1	0
477	1 30 23 6	1	-1	0
478	32 45 39 40	2	-1	0
479	2 23 39 9	1	-1	0
480	21 33 7 13	2	-1	0
481	8 15 41 49	4	5	0
482	41 16 29 18	3	4	0
483	3 15 5 14	1	-1	0
484	44 27 23 28	3	1	0
485	19 23 27 7	4	2	0
486	25 27 41 18	2	-1	0
487	48 36 49 24	4	2	0
488	39 43 35 36	4	5	0
489	25 43 45 27	2	-1	0
490	4 6 21 41	3	5	0
491	5 7 29 20	3	5	0
492	3 50 33 19	1	-1	0
493	38 26 43 14	4	5	0
494	45 8 9 11	2	-1	0
495	39 46 23 45	2	-1	0
496	2 47 7 24	1	-1	0
497	1 32 41 4	1	-1	0
498	41 45 4 39	4	4	0
499	18 34 46 42	2	-1	0
500	1 40 42 17	1	-1	0
501	23 32 27 30	2	-1	0
502	22 5 18 15	3	1	0
503	46 12 27 30	3	5	0
504	5 23 41 30	2	-1	0
505	28 3 31 4	2	-1	0
506	33 32 22 44	2	-1	0
507	7 28 40 22	2	-1	0
508	1 48 11 12	1	-1	0
509	41 4 39 7	3	3	0
510	42 15 4 33	3	5	0
511	3 18 20 8	1	-1	0
512	22 42 36 26	3	3	0
513	2 43 17 46	1	-1	0
514	34 36 21 10	3	5	1
515	32 9 10 22	3	5	0
516	3 18 22 31	1	-1	0
517	48 12 31 4	3	5	0
518	40 37 18 49	3	1	0
519	36 4 39 35	3	1	0
520	31 25 50 4	4	3	0
521	22 25 14 18	3	4	0
522	13 36 23 48	2	-1	0
523	37 47 11 49	2	-1	0
524	33 5 47 28	2	-1	0
525	32 29 21 37	3	5	0
526	3 28 19 32	1	-1	0
527	49 33 48 13	4	2	0
528	50 27 45 36	2	-1	0
529	48 41 37 27	2	-1	0
530	23 41 6 21	4	5	0
531	27 25 18 2	3	1	0
532	15 21 42 14	3	3	0
533	14 42 41 17	3	4	0
534	35 33 34 25	3	1	0
535	18 49 44 38	3	3	0
536	34 26 37 49	3	1	0
537	19 28 12 41	3	3	0
538	42 24 26 7	4	4	0
539	3 19 43 9	1	-1	0
540	48 50 25 17	2	-1	0
541	34 21 4 40	2	-1	0
542	8 40 44 4	3	3	0
543	34 10 43 4	3	3	0
544	3 44 47 35	1	-1	0
545	50 4 29 15	2	-1	0
546	3 23 5 50	1	-1	0
547	44 42 4 32	3	3	0
548	3 11 41 26	1	-1	0
549	23 31 38 5	4	4	0
550	28 45 50 21	3	5	0
551	3 31 33 12	1	-1	0
552	39 33 5 14	2	-1	0
553	33 13 38 49	3	1	0
554	3 40 38 14	1	-1	0
555	50 47 25 49	3	2	0
556	2 46 25 37	1	-1	0
557	34 19 20 45	4	3	0
558	13 20 15 4	3	4	0
559	45 33 27 28	4	3	0
560	1 17 18 13	1	-1	0
561	13 39 49 10	4	5	0
562	15 13 12 11	4	2	0
563	25 46 32 21	4	4	0
564	23 33 19 47	4	3	0
565	8 10 45 35	3	1	0
566	24 11 35 6	3	4	0
567	1 26 23 34	1	-1	0
568	1 7 4 31	1	-1	0
569	41 12 9 49	2	-1	0
570	2 33 4 36	1	-1	0
571	28 50 10 14	3	1	0
572	3 47 14 15	1	-1	0
573	41 37 34 14	4	1	0
574	43 29 26 47	2	-1	0
575	12 4 32 21	3	3	0
576	1 36 32 26	1	-1	0
577	3 11 49 50	1	-1	0
578	43 42 28 15	4	4	0
579	1 50 34 32	1	-1	1
580	25 17 6 29	3	2	0
581	5 21 22 6	4	3	0
582	36 49 6 10	4	5	0
583	8 37 25 5	3	1	0
584	42 9 4 45	2	-1	0
585	27 47 37 23	3	2	0
586	36 48 14 5	4	2	0
587	45 17 31 44	2	-1	0
588	48 50 44 36	2	-1	0
589	29 28 34 44	2	-1	0
590	1 32 22 26	1	-1	0
591	43 39 23 33	4	4	0
592	49 31 15 27	3	5	0
593	39 5 1 31	4	5	0
594	2 18 39 41	1	-1	0
595	50 9 27 44	4	2	0
596	44 40 24 37	4	2	0
597	45 37 9 8	3	2	0
598	43 41 23 16	3	4	0
599	33 16 48 46	4	2	0
600	8 37 26 40	3	3	0
601	20 26 5 15	4	5	0
602	3 9 36 14	1	-1	0
603	3 44 45 5	1	-1	0
604	7 5 4 19	4	1	0
605	21 4 13 42	3	5	0
606	1 31 8 49	1	-1	0
607	33 47 43 40	3	2	0
608	31 8 33 7	3	4	0
609	44 27 20 32	3	3	0
610	5 47 37 43	3	5	0
611	30 46 50 36	2	-1	0
612	37 38 27 13	2	-1	0
613	4 26 12 39	2	-1	0
614	39 10 50 9	4	2	0
615	43 32 24 31	3	4	0
616	4 9 34 17	3	4	0
617	12 11 44 18	3	5	0
618	2 43 20 40	1	-1	0
619	31 42 39 30	3	5	0
620	1 15 24 4	1	-1	0
621	11 46 32 15	4	2	0
622	48 23 17 22	2	-1	0
623	2 42 22 35	1	-1	0
624	5 12 32 30	3	4	0
625	3 46 5 15	1	-1	0
626	32 25 12 4	4	4	0
627	16 21 5 44	4	5	0
628	3 8 47 50	1	-1	0
629	3 40 20 42	1	-1	0
630	3 24 42 25	1	-1	0
631	36 6 27 24	3	5	0
632	42 22 38 8	4	2	0
633	15 50 31 13	4	4	0
634	24 27 39 40	2	-1	0
635	3 50 22 18	1	-1	0
636	43 36 40 34	2	-1	0
637	2 12 9 30	1	-1	1
638	16 49 10 5	3	2	0
639	3 25 7 22	1	-1	0
640	16 19 31 4	4	4	0
641	25 18 33 24	3	3	0
642	42 14 31 41	3	5	0
643	29 41 17 19	4	2	0
644	41 9 36 22	2	-1	0
645	4 32 37 21	3	4	0
646	45 15 16 10	3	1	0
647	35 12 49 33	4	2	0
648	1 25 30 8	1	-1	0
649	48 49 31 41	2	-1	0
650	37 23 35 11	3	3	0
651	40 29 49 8	2	-1	0
652	37 9 39 14	4	3	0
653	20 14 43 21	3	2	0
654	7 33 43 29	2	-1	0
655	2 7 4 48	1	-1	0
656	33 48 12 8	3	4	0
657	25 44 43 9	3	1	0
658	22 38 25 40	2	-1	0
659	31 30 49 37	2	-1	0
660	12 5 45 20	3	1	0
661	33 30 36 23	4	2	0
662	27 6 42 4	3	2	0
663	20 27 44 45	3	2	0
664	44 45 5 18	3	4	0
665	15 38 22 10	3	3	0
666	12 10 45 49	4	5	0
667	16 42 26 19	2	-1	0
668	44 32 24 35	2	-1	0
669	19 31 28 33	3	3	0
670	20 41 29 17	3	5	0
671	2 15 46 44	1	-1	0
672	41 20 17 48	4	1	0
673	3 27 7 37	1	-1	0
674	44 28 43 35	4	3	0
675	2 14 18 19	1	-1	0
676	37 32 22 42	2	-1	0
677	1 21 48 50	1	-1	0
678	45 13 4 29	3	1	0
679	20 26 7 23	2	-1	0
680	1 10 16 20	1	-1	0
681	24 28 35 46	3	2	0
682	9 10 45 20	4	4	0
683	29 15 48 50	3	4	0
684	1 41 16 42	1	-1	0
685	43 50 11 24	3	1	0
686	5 17 37 7	3	5	0
687	20 43 2 7	2	-1	0
688	3 47 6 43	1	-1	0
689	3 44 14 12	1	-1	0
690	38 15 48 16	4	5	0
691	22 5 17 16	3	5	0
692	5 37 45 31	2	-1	0
693	44 30 37 43	4	1	0
694	3 35 38 20	1	-1	0
695	38 25 47 9	4	3	0
696	13 17 48 8	4	2	0
697	7 22 24 10	3	5	0
698	49 7 45 18	3	2	0
699	21 20 42 34	3	5	0
700	41 12 18 34	2	-1	0
701	33 14 48 28	3	1	0
702	2 26 45 27	1	-1	0
703	2 37 38 18	1	-1	0
704	2 26 40 5	1	-1	0
705	9 30 47 50	4	4	0
706	45 47 25 28	3	3	0
707	28 12 50 30	4	2	0
708	42 41 5 38	3	2	0
709	46 37 8 10	2	-1	0
710	42 41 9 43	2	-1	0
711	1 17 22 36	1	-1	0
712	24 16 26 34	2	-1	0
713	3 22 43 21	1	-1	0
714	2 14 45 42	1	-1	0
715	22 46 26 8	2	-1	0
716	27 17 10 34	3	5	0
717	2 11 14 30	1	-1	0
718	3 42 30 7	1	-1	0
719	28 39 29 6	4	5	0
720	2 41 31 5	1	-1	1
721	5 19 18 8	4	5	0
722	36 48 17 37	3	3	0
723	21 4 49 41	4	4	0
724	32 8 4 11	4	5	0
725	18 14 11 34	4	1	0
726	2 9 42 31	1	-1	0
727	11 36 15 25	4	3	0
728	21 50 18 8	2	-1	0
729	35 8 32 41	3	3	0
730	45 4 15 23	2	-1	0
731	3 6 37 42	1	-1	0
732	2 34 32 11	1	-1	0
733	33 19 18 28	4	2	0
734	1 48 39 6	1	-1	0
735	49 13 48 42	4	4	0
736	1 11 20 28	1	-1	0
737	3 12 43 50	1	-1	0
738	3 13 35 20	1	-1	0
739	26 23 38 50	3	1	0
740	7 42 13 44	4	3	0
741	2 7 23 49	1	-1	0
742	1 16 17 50	1	-1	0
743	3 49 35 27	1	-1	0
744	24 44 4 35	2	-1	0
745	39 44 11 45	3	3	0
746	23 10 6 36	3	1	0
747	40 10 8 16	4	3	1
748	3 4 13 48	1	-1	0
749	3 29 30 40	1	-1	0
750	28 25 33 22	2	-1	0
751	44 11 34 13	3	1	0
752	27 38 44 22	3	1	0
753	22 48 33 42	3	1	0
754	16 29 39 5	4	3	0
755	42 6 24 30	3	1	0
756	30 34 33 21	3	5	0
757	2 33 8 50	1	-1	0
758	28 20 37 46	4	5	0
759	44 4 46 45	3	3	0
760	30 41 33 31	3	4	0
761	22 27 13 19	3	3	0
762	10 43 25 38	4	4	0
763	41 46 24 44	2	-1	0
764	2 23 4 21	1	-1	0
765	46 6 45 29	4	3	0
766	42 28 34 14	3	4	0
767	5 48 43 41	4	5	0
768	30 2 37 4	4	4	0
769	41 30 13 47	2	-1	0
770	33 37 27 23	2	-1	0
771	2 11 19 10	1	-1	0
772	9 29 35 8	2	-1	0
773	6 30 39 4	4	3	0
774	47 21 12 5	4	1	0
775	29 19 25 35	3	3	0
776	47 10 9 44	2	-1	0
777	26 9 46 20	2	-1	0
778	4 13 49 12	2	-1	0
779	47 7 4 10	2	-1	0
780	18 34 22 38	3	3	0
781	30 46 11 16	4	1	0
782	28 31 29 12	2	-1	0
783	21 46 19 45	3	2	0
784	48 41 27 14	4	2	0
785	27 8 5 16	2	-1	0
786	13 26 37 44	2	-1	0
787	15 34 46 6	4	5	0
788	2 8 44 4	1	-1	0
789	36 22 32 45	2	-1	0
790	4 22 19 11	4	2	0
791	24 31 42 20	3	2	0
792	42 15 24 23	3	5	0
793	41 5 18 30	3	3	0
794	2 11 44 15	1	-1	0
795	13 25 31 10	3	5	0
796	31 22 28 6	4	2	0
797	40 29 16 15	2	-1	0
798	2 25 19 22	1	-1	0
799	1 12 6 45	1	-1	0
800	38 10 6 12	3	3	0
801	3 5 16 28	1	-1	0
802	1 43 15 48	1	-1	0
803	1 29 9 12	1	-1	0
804	7 25 27 36	3	3	0
805	5 18 44 6	2	-1	0
806	1 25 50 47	1	-1	0
807	3 5 38 7	1	-1	0
808	29 49 45 34	2	-1	0
809	1 48 47 22	1	-1	0
810	13 41 43 9	3	1	0
811	35 28 19 24	4	2	0
812	16 4 24 39	4	4	0
813	15 27 12 5	2	-1	0
814	12 45 7 47	3	2	0
815	8 29 48 30	4	4	0
816	48 16 17 49	2	-1	0
817	8 14 36 45	2	-1	0
818	47 38 6 22	2	-1	0
819	4 30 43 45	2	-1	0
820	12 46 6 27	4	4	0
821	12 9 41 44	4	3	0
822	38 35 17 50	2	-1	0
823	21 16 47 8	3	3	0
824	1 45 36 14	1	-1	0
825	8 43 15 23	4	1	0
826	35 50 31 19	2	-1	0
827	2 41 45 46	1	-1	0
828	42 23 34 22	4	4	0
829	11 17 14 37	4	3	0
830	3 6 45 20	1	-1	0
831	48 45 43 18	3	4	0
832	10 21 18 27	3	1	0
833	2 20 12 21	1	-1	0
834	3 25 9 20	1	-1	0
835	25 31 41 12	2	-1	0
836	31 12 10 28	4	2	0
837	2 27 31 9	1	-1	0
838	41 14 8 15	2	-1	0
839	2 39 34 40	1	-1	0
840	28 50 23 26	2	-1	0
841	2 36 39 21	1	-1	0
842	16 45 21 39	3	4	0
843	35 32 27 37	2	-1	0
844	17 12 20 31	3	5	0
845	8 20 15 48	3	2	1
846	3 23 34 12	1	-1	0
847	15 36 44 12	3	4	0
848	16 49 27 44	4	1	0
849	1 37 49 35	1	-1	0
850	2 27 36 41	1	-1	0
851	27 10 19 36	3	4	0
852	3 14 20 21	1	-1	0
853	3 40 28 43	1	-1	0
854	33 27 39 10	2	-1	0
855	26 33 12 22	3	1	0
856	3 35 40 14	1	-1	0
857	1 38 47 48	1	-1	0
858	32 33 23 48	4	5	0
859	44 48 22 25	2	-1	0
860	31 46 12 9	3	4	0
861	11 33 25 21	2	-1	0
862	3 27 18 36	1	-1	0
863	36 26 14 35	4	2	0
864	43 24 20 13	4	2	0
865	26 35 36 8	2	-1	0
866	3 25 50 8	1	-1	0
867	30 37 42 48	4	2	0
868	2 20 12 38	1	-1	0
869	20 12 30 37	3	3	0
870	6 34 32 46	4	4	0
871	3 20 25 43	1	-1	0
872	23 28 13 41	2	-1	0
873	14 47 34 45	4	2	0
874	44 43 25 8	2	-1	0
875	16 32 14 34	3	2	0
876	43 45 27 34	4	5	0
877	20 4 48 19	3	5	0
878	49 12 11 37	3	5	0
879	43 15 18 11	3	1	0
880	19 18 25 21	2	-1	0
881	38 35 40 43	2	-1	0
882	47 34 12 17	4	4	0
883	47 43 7 17	2	-1	0
884	31 44 45 25	2	-1	0
885	3 30 27 49	1	-1	0
886	21 47 9 41	3	1	0
887	3 11 30 24	1	-1	0
888	46 24 43 13	2	-1	0
889	25 44 49 22	4	1	0
890	42 31 27 12	2	-1	0
891	41 10 18 5	2	-1	0
892	15 21 23 31	2	-1	0
893	24 17 6 33	3	3	0
894	20 40 47 36	2	-1	0
895	26 16 13 24	4	1	0
896	6 5 22 44	3	4	0
897	40 46 24 20	4	2	0
898	3 30 5 23	1	-1	0
899	18 40 37 49	2	-1	0
900	41 30 11 4	2	-1	0
901	3 32 4 47	1	-1	1
902	2 5 21 19	1	-1	0
903	8 20 41 30	3	4	0
904	3 39 47 38	1	-1	0
905	29 33 37 13	3	3	0
906	3 27 5 49	1	-1	0
907	14 50 49 39	4	2	0
908	1 36 45 14	1	-1	0
909	31 48 32 7	4	3	0
910	1 26 36 41	1	-1	0
911	27 29 43 31	3	4	0
912	32 12 31 35	2	-1	0
913	13 31 30 22	3	2	0
914	35 41 32 27	3	3	0
915	43 35 10 37	4	5	0
916	16 42 22 41	4	2	0
917	39 47 35 32	2	-1	0
918	33 48 36 30	4	2	0
919	32 25 26 42	2	-1	0
920	2 21 37 4	1	-1	0
921	4 5 29 6	2	-1	0
922	2 46 4 17	1	-1	0
923	8 5 27 39	3	4	0
924	31 48 4 46	4	4	0
925	28 14 21 4	3	5	0
926	15 27 36 6	4	4	0
927	36 50 48 10	4	5	0
928	1 36 15 17	1	-1	0
929	10 8 41 34	2	-1	0
930	2 35 27 5	1	-1	0
931	31 25 46 22	3	5	0
932	3 9 24 4	1	-1	0
933	22 21 6 17	3	2	0
934	38 16 42 14	4	3	0
935	43 26 37 15	2	-1	0
936	2 28 21 32	1	-1	0
937	24 48 9 28	3	3	0
938	13 44 22 32	2	-1	0
939	1 15 38 35	1	-1	0
940	1 19 34 21	1	-1	0
941	31 19 26 25	2	-1	0
942	3 29 38 28	1	-1	0
943	16 37 35 4	3	2	0
944	20 29 7 15	2	-1	0
945	1 20 19 27	1	-1	0
946	3 14 23 19	1	-1	0
947	1 36 32 37	1	-1	0
948	36 9 5 49	3	5	0
949	3 36 26 29	1	-1	0
950	8 21 38 9	2	-1	0
951	45 32 11 16	4	1	0
952	2 44 14 5	1	-1	0
953	48 50 10 20	2	-1	0
954	1 38 20 27	1	-1	0
955	1 38 8 24	1	-1	0
956	27 16 36 23	3	1	0
957	50 12 28 26	3	1	0
958	31 22 42 44	3	4	0
959	1 8 15 33	1	-1	0
960	48 17 30 14	4	5	0
961	43 13 6 38	3	1	0
962	12 46 42 32	3	1	0
963	32 24 17 14	4	1	0
964	35 15 44 22	4	5	0
965	35 37 27 22	3	4	0
966	10 27 32 45	3	4	0
967	37 29 5 20	2	-1	0
968	47 9 15 16	4	3	0
969	37 39 19 20	3	5	0
970	8 18 45 47	2	-1	0
971	46 5 26 30	2	-1	0
972	50 46 28 8	3	1	0
973	40 44 15 34	3	5	0
974	37 48 45 40	4	4	0
975	1 42 43 11	1	-1	0
976	40 10 35 33	3	3	0
977	50 25 38 31	3	5	0
978	13 40 38 19	3	3	0
979	16 28 10 38	4	4	0
980	28 9 22 42	4	4	0
981	2 35 26 46	1	-1	0
982	24 6 13 31	2	-1	0
983	3 27 7 35	1	-1	0
984	6 20 27 46	4	2	0
985	9 8 20 19	3	2	0
986	41 11 38 24	4	1	0
987	12 20 38 40	4	2	0
988	2 25 46 12	1	-1	0
989	13 28 44 30	3	4	0
990	14 16 29 48	2	-1	0
991	16 42 34 31	3	4	0
992	50 11 13 27	4	2	0
993	27 9 40 36	2	-1	0
994	1 33 19 15	1	-1	0
995	10 5 28 17	3	4	0
996	33 14 40 32	3	2	0
997	5 19 6 40	2	-1	0
998	34 48 24 32	2	-1	0
999	45 20 25 22	4	5	0
1000	1 39 30 16	1	-1	0
