Students	1000
1	43 11 13 47
2	21 5 2 3
3	35 9 11 21
4	46 15 16 26
5	19 4 39 47
6	26 7 16 28
7	37 30 8 18
8	1 2 15 46
9	15 5 17 37
10	44 1 21 17
11	42 4 28 34
12	20 33 12 25
13	37 24 26 41
14	3 1 31 25
15	2 15 8 30
16	6 39 14 21
17	20 49 24 4
18	39 47 1 26
19	24 14 26 7
20	7 44 13 34
21	40 28 3 22
22	9 6 33 34
23	40 4 20 24
24	29 20 12 39
25	8 43 28 22
26	3 40 37 45
27	14 19 3 8
28	14 13 26 24
29	41 29 23 46
30	46 14 31 16
31	39 36 2 28
32	11 23 46 44
33	24 6 43 14
34	39 29 27 26
35	45 18 48 9
36	5 18 42 37
37	27 4 22 34
38	3 24 50 44
39	38 2 45 35
40	11 29 41 4
41	40 1 50 45
42	6 5 46 41
43	21 23 45 47
44	31 3 48 27
45	24 10 45 21
46	29 31 18 1
47	1 42 35 31
48	39 21 10 7
49	20 41 39 16
50	25 23 37 31
51	18 40 41 30
52	37 28 18 13
53	43 38 12 13
54	18 5 34 43
55	42 27 25 18
56	14 41 32 19
57	43 19 28 27
58	30 14 27 20
59	1 49 39 7
60	5 1 31 12
61	3 7 25 22
62	9 1 12 36
63	33 1 49 46
64	22 29 33 10
65	46 49 20 28
66	30 45 47 25
67	1 29 36 7
68	50 32 41 29
69	36 3 29 4
70	43 6 48 17
71	14 19 11 47
72	33 44 1 30
73	13 27 33 16
74	48 16 35 33
75	5 46 33 44
76	45 39 11 30
77	48 50 35 12
78	13 43 35 45
79	48 28 5 2
80	31 38 2 19
81	36 47 8 24
82	2 13 3 23
83	28 15 50 43
84	23 39 18 2
85	43 45 39 26
86	11 38 21 15
87	33 46 29 16
88	18 48 23 33
89	27 4 19 2
90	23 7 43 36
91	14 40 2 27
92	1 4 26 5
93	40 39 29 24
94	27 20 1 36
95	37 33 40 35
96	20 44 22 32
97	7 32 16 23
98	35 50 13 4
99	32 26 47 18
100	12 48 46 35
101	29 7 40 22
102	31 25 44 42
103	2 13 35 21
104	36 31 20 25
105	37 13 45 20
106	21 46 30 40
107	29 38 17 35
108	6 38 36 27
109	18 27 33 45
110	2 43 47 16
111	4 40 14 44
112	13 50 16 14
113	31 42 38 47
114	2 35 41 44
115	46 43 50 4
116	36 22 3 47
117	22 15 39 41
118	38 25 23 26
119	13 49 12 48
120	41 17 12 26
121	7 34 26 48
122	42 11 36 30
123	8 7 11 17
124	16 1 44 39
125	42 23 19 2
126	45 12 23 40
127	24 43 42 19
128	19 46 22 2
129	47 22 17 5
130	7 50 32 21
131	2 12 7 38
132	35 41 18 30
133	6 16 36 4
134	3 20 8 40
135	27 37 15 18
136	28 7 10 13
137	17 25 10 2
138	20 38 50 21
139	23 21 28 16
140	19 28 38 6
141	33 15 18 50
142	35 14 5 8
143	40 28 5 14
144	17 18 48 19
145	34 1 47 13
146	19 32 50 9
147	1 36 43 20
148	1 30 3 2
149	39 45 24 28
150	26 45 44 38
151	48 11 46 35
152	9 13 11 5
153	39 30 2 40
154	29 46 31 24
155	41 20 34 45
156	41 36 24 30
157	14 7 27 4
158	16 15 7 49
159	4 48 45 33
160	27 21 32 25
161	9 27 28 45
162	11 19 13 41
163	42 6 22 16
164	14 3 11 19
165	4 28 19 46
166	4 40 7 19
167	30 45 46 36
168	24 39 47 37
169	11 4 26 39
170	39 25 9 47
171	27 34 19 41
172	35 44 9 40
173	8 16 21 28
174	16 48 8 3
175	19 16 1 40
176	49 35 25 10
177	10 40 30 38
178	6 13 27 32
179	49 19 32 23
180	3 37 21 39
181	17 19 48 36
182	14 30 4 9
183	42 10 46 5
184	15 1 39 37
185	28 39 25 19
186	1 4 9 16
187	5 50 13 33
188	50 47 20 11
189	32 39 30 45
190	16 30 25 38
191	34 32 22 29
192	37 23 22 18
193	10 33 45 47
194	25 14 8 4
195	41 15 35 12
196	16 8 40 22
197	49 8 15 28
198	49 17 9 45
199	36 45 21 24
200	38 43 35 41
201	4 42 28 13
202	48 3 47 6
203	16 32 38 14
204	1 39 43 15
205	43 18 11 10
206	12 5 38 41
207	43 50 42 22
208	6 20 12 41
209	8 24 18 41
210	2 33 31 30
211	15 42 45 50
212	42 49 36 32
213	8 23 13 2
214	7 29 21 45
215	16 48 28 18
216	9 13 15 18
217	11 50 16 31
218	47 11 3 32
219	13 17 7 42
220	36 1 38 41
221	24 6 17 40
222	8 20 37 4
223	16 15 18 42
224	36 8 43 41
225	5 17 10 2
226	14 26 16 47
227	17 24 11 7
228	13 28 50 43
229	45 44 32 24
230	6 43 21 34
231	20 6 24 40
232	20 22 50 43
233	16 7 46 11
234	48 43 3 37
235	23 30 26 47
236	29 32 4 24
237	19 4 38 32
238	13 10 25 42
239	16 27 32 45
240	42 7 3 13
241	40 2 11 28
242	27 29 48 4
243	22 40 32 43
244	37 8 32 28
245	20 41 39 37
246	30 19 49 18
247	11 37 6 29
248	21 3 25 13
249	42 30 40 49
250	2 3 19 21
251	38 43 36 15
252	18 9 16 15
253	5 18 48 8
254	18 15 33 28
255	45 50 1 18
256	7 46 37 22
257	32 25 15 30
258	27 13 45 10
259	50 10 19 3
260	33 10 28 6
261	18 32 40 35
262	4 16 45 6
263	13 4 28 22
264	42 26 27 9
265	35 46 45 39
266	44 7 15 26
267	17 6 21 40
268	46 17 45 8
269	40 18 20 19
270	35 4 20 22
271	15 31 30 18
272	25 28 49 29
273	38 17 36 50
274	14 46 28 37
275	24 5 10 29
276	34 50 17 20
277	6 25 43 5
278	13 47 8 46
279	35 6 39 7
280	1 10 45 36
281	8 36 7 14
282	1 24 8 35
283	11 37 36 13
284	32 24 5 6
285	24 5 35 25
286	50 39 1 16
287	18 36 29 47
288	15 19 38 45
289	41 18 28 37
290	18 5 33 48
291	3 12 46 26
292	6 50 8 42
293	14 3 45 42
294	41 25 3 11
295	23 14 21 33
296	45 16 38 23
297	15 44 4 31
298	45 5 38 34
299	11 36 37 16
300	19 7 34 8
301	12 38 48 39
302	8 39 12 50
303	29 21 2 24
304	6 41 9 1
305	46 41 42 25
306	27 13 45 30
307	40 17 23 22
308	17 36 20 2
309	50 22 7 45
310	19 26 6 22
311	19 48 36 13
312	11 9 10 29
313	37 25 27 8
314	29 6 10 43
315	40 48 24 7
316	41 20 28 12
317	34 26 37 35
318	8 11 37 25
319	7 16 11 47
320	2 23 27 44
321	22 24 19 41
322	34 24 33 47
323	20 39 15 8
324	10 22 1 29
325	8 32 41 37
326	46 20 47 13
327	15 48 7 26
328	28 44 6 48
329	46 19 30 16
330	41 11 34 22
331	9 47 32 43
332	42 29 48 19
333	13 38 36 46
334	39 16 7 8
335	1 49 44 13
336	5 13 22 19
337	24 19 1 23
338	12 6 8 1
339	48 38 40 31
340	27 35 12 6
341	11 33 43 8
342	50 8 18 25
343	40 50 23 13
344	45 10 49 21
345	4 14 34 29
346	44 23 22 24
347	20 34 31 18
348	27 33 44 10
349	44 35 7 38
350	4 49 47 30
351	3 34 24 33
352	34 50 39 4
353	37 47 8 31
354	43 10 29 44
355	24 50 16 26
356	19 3 21 26
357	21 24 43 35
358	39 12 23 6
359	43 29 11 47
360	2 46 41 10
361	41 21 1 13
362	39 27 14 46
363	43 28 14 39
364	16 28 42 31
365	39 6 4 22
366	15 45 5 20
367	8 26 49 41
368	2 20 35 37
369	25 2 11 48
370	14 18 2 31
371	29 14 9 12
372	39 22 37 50
373	16 24 11 4
374	42 13 41 4
375	43 24 49 48
376	47 17 9 40
377	46 49 16 10
378	49 45 15 44
379	1 10 44 23
380	25 3 12 48
381	47 6 42 37
382	43 38 3 48
383	8 40 11 31
384	26 39 4 37
385	44 24 45 32
386	7 12 14 33
387	45 27 9 31
388	17 15 2 9
389	24 42 23 46
390	39 20 13 8
391	30 46 10 47
392	50 38 41 23
393	10 46 13 12
394	24 47 7 40
395	30 26 2 42
396	35 40 44 39
397	22 38 40 21
398	29 9 25 18
399	15 18 23 8
400	8 3 19 21
401	45 43 30 47
402	33 46 23 25
403	1 2 7 12
404	39 15 11 1
405	30 44 47 50
406	47 39 4 16
407	45 22 37 40
408	8 36 41 32
409	45 39 8 22
410	16 32 26 43
411	20 47 50 16
412	27 28 8 19
413	13 26 33 31
414	6 25 43 36
415	11 44 30 35
416	10 29 35 24
417	29 13 46 38
418	34 7 29 19
419	14 48 23 41
420	33 44 46 1
421	18 39 11 48
422	18 3 25 12
423	34 9 35 25
424	3 1 42 35
425	44 12 47 18
426	17 23 34 10
427	40 50 36 37
428	48 20 50 31
429	33 5 18 15
430	20 36 33 40
431	30 10 46 49
432	17 42 44 8
433	36 37 9 21
434	50 23 11 27
435	36 15 39 45
436	7 44 25 16
437	21 28 24 10
438	45 40 27 12
439	17 40 11 4
440	37 42 38 17
441	14 10 26 5
442	19 12 20 31
443	37 11 50 16
444	3 48 17 8
445	15 14 41 33
446	49 27 32 7
447	38 16 27 23
448	10 41 32 23
449	35 14 50 23
450	50 31 13 22
451	38 33 20 35
452	49 15 50 39
453	33 26 37 16
454	10 23 37 17
455	1 16 26 11
456	33 10 31 6
457	46 37 2 5
458	2 5 28 6
459	23 28 14 46
460	33 41 4 6
461	26 16 10 3
462	22 5 50 10
463	33 47 6 19
464	4 34 32 50
465	36 2 43 25
466	2 9 31 30
467	12 39 44 28
468	9 21 26 37
469	44 32 43 7
470	50 19 13 11
471	41 2 47 38
472	3 4 46 28
473	50 34 31 22
474	24 38 25 6
475	25 5 27 13
476	16 24 13 23
477	23 11 25 32
478	30 26 19 32
479	43 16 41 6
480	39 6 30 28
481	42 25 2 47
482	18 24 29 23
483	23 24 13 21
484	13 15 12 47
485	44 41 2 42
486	3 50 14 26
487	39 34 1 20
488	3 49 43 26
489	9 10 3 37
490	25 29 4 47
491	28 2 12 47
492	14 27 24 18
493	11 47 1 20
494	23 15 7 26
495	48 43 47 42
496	14 2 15 17
497	10 11 44 50
498	44 23 35 17
499	42 35 48 21
500	50 44 36 8
501	18 20 4 14
502	21 25 47 5
503	25 35 4 24
504	25 24 37 22
505	50 38 30 13
506	28 15 31 4
507	8 12 46 14
508	49 9 16 40
509	3 9 34 10
510	1 14 47 23
511	7 4 27 47
512	12 24 3 37
513	10 28 6 47
514	21 49 30 2
515	48 14 17 7
516	32 40 38 12
517	23 41 7 8
518	42 2 49 34
519	19 44 29 12
520	22 38 39 34
521	43 3 45 36
522	14 4 36 1
523	50 14 7 20
524	3 1 22 30
525	5 26 39 17
526	9 34 46 50
527	35 19 27 43
528	8 22 17 3
529	43 11 27 36
530	41 26 43 7
531	17 48 8 47
532	35 41 39 8
533	26 25 18 35
534	4 11 3 45
535	23 30 34 32
536	43 17 37 31
537	15 26 38 40
538	33 45 18 36
539	40 9 12 21
540	31 12 22 33
541	3 40 33 32
542	32 2 15 42
543	9 16 11 17
544	19 18 6 9
545	17 42 27 13
546	41 12 4 14
547	10 39 8 48
548	39 25 35 17
549	18 27 31 15
550	20 18 36 5
551	42 40 29 47
552	37 30 16 34
553	34 42 20 26
554	36 31 21 2
555	35 42 20 12
556	15 23 38 25
557	22 48 50 16
558	9 45 26 44
559	34 13 6 5
560	44 11 21 17
561	37 46 7 6
562	28 29 39 33
563	22 39 13 26
564	33 48 19 39
565	25 36 28 22
566	9 21 38 27
567	39 40 33 38
568	15 48 19 10
569	26 17 10 13
570	42 29 31 18
571	45 4 32 50
572	23 37 32 50
573	16 12 3 23
574	31 44 7 20
575	24 47 22 33
576	25 43 29 27
577	44 18 8 28
578	35 18 36 9
579	30 40 46 16
580	31 34 20 28
581	33 43 50 24
582	45 47 40 48
583	49 12 39 34
584	28 33 14 1
585	36 35 42 18
586	27 47 36 9
587	42 14 2 43
588	11 37 43 13
589	37 19 34 20
590	10 12 4 7
591	5 12 16 22
592	26 33 42 20
593	5 39 40 29
594	8 23 31 12
595	10 18 17 20
596	31 8 41 9
597	40 31 10 15
598	33 44 43 24
599	31 48 36 50
600	39 49 34 17
601	25 43 10 23
602	13 16 35 4
603	20 40 47 7
604	19 18 41 24
605	2 22 20 31
606	4 30 8 13
607	47 3 32 33
608	33 4 41 16
609	24 43 10 32
610	29 47 3 26
611	31 16 17 6
612	18 28 13 25
613	8 29 2 12
614	35 15 47 27
615	10 39 33 17
616	39 5 27 21
617	49 37 45 19
618	46 24 7 8
619	6 9 37 31
620	5 14 49 12
621	29 49 34 13
622	2 29 27 21
623	18 41 21 44
624	42 1 26 34
625	11 28 29 42
626	26 34 22 45
627	10 13 36 31
628	39 29 45 50
629	42 16 10 32
630	7 4 28 10
631	38 28 29 12
632	17 12 33 49
633	48 25 37 22
634	42 12 20 4
635	17 10 50 15
636	18 41 35 5
637	49 15 47 46
638	6 1 30 45
639	11 9 3 1
640	10 11 36 47
641	23 29 5 11
642	34 39 19 24
643	15 22 43 20
644	44 16 39 14
645	7 45 41 11
646	34 12 16 22
647	1 38 47 9
648	3 11 32 8
649	44 46 43 40
650	19 11 25 40
651	31 22 47 17
652	24 11 25 38
653	6 9 36 5
654	11 35 46 16
655	2 22 6 49
656	13 15 36 18
657	4 48 14 2
658	23 6 27 33
659	16 6 39 37
660	5 22 12 17
661	42 24 27 10
662	13 49 36 50
663	21 30 10 17
664	50 38 12 46
665	36 35 49 42
666	42 43 4 34
667	36 16 27 3
668	23 27 38 26
669	43 5 12 26
670	9 29 19 3
671	17 49 14 24
672	36 32 19 45
673	22 49 27 34
674	15 46 2 6
675	4 36 18 46
676	28 45 4 43
677	37 23 36 31
678	37 4 18 32
679	37 17 22 2
680	47 19 6 21
681	17 36 32 49
682	31 41 46 8
683	33 29 5 14
684	13 40 5 11
685	48 6 12 25
686	42 13 28 24
687	30 2 35 16
688	27 14 32 13
689	26 4 6 45
690	21 17 1 9
691	14 41 26 5
692	48 35 38 32
693	19 33 4 24
694	6 29 41 48
695	16 41 3 10
696	32 2 16 4
697	9 10 41 23
698	2 48 38 42
699	2 20 37 42
700	27 21 8 31
701	46 21 48 2
702	43 17 15 31
703	22 37 16 45
704	14 17 5 11
705	27 16 9 50
706	38 20 11 23
707	41 31 28 30
708	7 14 30 45
709	26 41 20 16
710	22 7 45 35
711	32 50 17 4
712	13 1 38 27
713	36 10 11 1
714	22 10 46 42
715	38 16 34 24
716	37 13 7 17
717	6 50 19 13
718	27 25 23 44
719	41 48 11 29
720	6 48 33 15
721	23 41 1 40
722	42 28 10 47
723	46 26 20 25
724	47 50 40 34
725	36 34 49 5
726	17 47 2 31
727	32 11 36 26
728	46 7 3 45
729	15 27 38 9
730	25 49 2 46
731	1 45 33 25
732	24 4 36 11
733	48 34 36 50
734	30 16 9 19
735	20 27 50 30
736	38 19 8 35
737	8 35 6 45
738	42 26 11 20
739	42 22 16 17
740	48 32 46 25
741	30 38 18 4
742	27 41 20 39
743	28 42 5 22
744	36 50 11 6
745	39 5 31 14
746	22 41 25 11
747	27 9 32 35
748	31 2 24 21
749	34 49 35 8
750	22 26 30 7
751	25 32 50 6
752	23 26 37 3
753	5 40 8 17
754	12 4 48 14
755	25 24 15 36
756	48 3 45 42
757	26 38 34 14
758	22 3 1 18
759	27 15 23 4
760	6 24 39 20
761	10 29 15 8
762	43 15 30 5
763	2 4 17 28
764	43 12 17 10
765	45 37 10 39
766	20 4 9 49
767	6 25 14 24
768	30 35 48 5
769	8 41 32 44
770	41 47 34 45
771	8 19 36 33
772	18 42 11 45
773	34 50 39 12
774	17 28 1 39
775	50 11 45 48
776	1 36 40 46
777	21 39 25 38
778	49 19 30 20
779	42 4 25 46
780	10 46 35 11
781	23 6 46 7
782	38 9 15 10
783	28 23 33 27
784	45 24 10 3
785	20 12 42 25
786	21 30 46 3
787	44 46 30 18
788	29 45 40 25
789	16 46 31 32
790	11 4 3 9
791	50 28 19 34
792	17 16 34 25
793	32 24 26 45
794	45 49 19 17
795	40 7 47 33
796	24 38 18 12
797	26 16 33 8
798	17 26 6 47
799	11 28 49 14
800	19 25 32 18
801	2 18 27 34
802	30 1 18 37
803	28 30 19 26
804	19 2 37 4
805	35 22 6 15
806	17 27 20 14
807	35 10 40 8
808	1 36 6 10
809	41 42 36 44
810	22 14 18 48
811	42 47 40 10
812	32 49 48 17
813	18 15 44 43
814	8 1 19 43
815	17 32 14 25
816	21 40 49 23
817	26 48 6 20
818	14 5 48 13
819	22 43 2 37
820	30 33 47 7
821	41 45 35 7
822	41 25 48 28
823	22 45 12 40
824	31 21 10 48
825	41 13 49 45
826	46 8 41 2
827	43 44 48 17
828	22 46 7 29
829	13 7 10 29
830	2 8 17 9
831	23 28 5 21
832	36 38 44 40
833	49 23 47 2
834	15 24 36 37
835	23 4 20 14
836	22 21 6 29
837	5 27 3 43
838	42 4 14 33
839	48 42 24 14
840	32 10 33 45
841	32 48 22 34
842	39 14 44 18
843	16 39 4 29
844	27 12 33 4
845	14 7 47 2
846	2 37 44 50
847	49 25 31 12
848	46 18 19 37
849	49 10 36 45
850	24 29 13 25
851	35 6 43 47
852	28 38 29 4
853	40 5 19 31
854	7 21 2 6
855	3 15 16 31
856	26 32 10 36
857	25 31 7 27
858	7 45 38 23
859	10 8 48 15
860	45 9 38 33
861	31 7 39 38
862	18 38 34 1
863	28 14 7 26
864	32 9 45 3
865	37 1 28 13
866	22 38 11 32
867	18 1 42 47
868	17 9 24 31
869	14 39 29 49
870	19 34 22 46
871	7 2 29 25
872	22 25 9 17
873	38 25 34 37
874	29 6 10 2
875	40 26 44 9
876	24 38 33 16
877	27 44 48 25
878	47 8 13 16
879	45 44 37 40
880	49 8 18 4
881	32 39 28 45
882	49 14 20 43
883	4 48 36 5
884	21 14 17 24
885	33 10 47 32
886	41 12 21 32
887	33 22 38 18
888	29 7 20 34
889	35 2 37 26
890	12 18 28 5
891	20 10 16 22
892	50 29 40 19
893	8 43 34 24
894	40 47 16 21
895	3 33 12 10
896	43 13 31 10
897	50 6 18 8
898	14 19 41 27
899	44 39 35 37
900	34 50 5 17
901	40 1 39 32
902	20 19 11 17
903	50 15 18 31
904	1 27 31 12
905	49 35 3 2
906	36 8 31 43
907	13 40 47 44
908	36 43 26 3
909	33 29 19 47
910	24 10 34 2
911	23 9 13 37
912	27 12 29 23
913	17 24 12 1
914	36 17 23 42
915	29 21 10 49
916	15 35 47 23
917	35 41 27 46
918	23 20 3 44
919	31 44 34 35
920	11 15 41 34
921	20 8 17 43
922	24 33 17 4
923	5 31 17 46
924	2 10 32 29
925	8 11 12 49
926	14 19 13 49
927	22 14 29 43
928	13 50 37 1
929	14 12 22 42
930	5 12 18 20
931	24 8 3 36
932	13 33 38 20
933	31 11 50 46
934	32 45 46 16
935	37 44 9 22
936	30 5 34 9
937	12 48 24 31
938	14 41 10 48
939	33 48 3 31
940	21 48 6 32
941	29 27 10 5
942	9 15 20 37
943	48 25 37 42
944	13 41 19 24
945	32 11 39 38
946	26 13 33 25
947	26 22 15 35
948	11 40 16 10
949	15 5 3 46
950	11 28 45 26
951	22 35 9 20
952	5 7 41 40
953	15 36 37 40
954	3 36 11 45
955	10 41 38 22
956	8 49 10 50
957	49 35 48 46
958	40 29 48 13
959	16 42 3 29
960	34 20 35 7
961	5 36 23 27
962	47 25 14 27
963	11 30 12 37
964	11 8 14 37
965	16 28 45 39
966	21 18 28 15
967	36 45 21 18
968	44 47 20 8
969	41 4 13 45
970	40 36 31 20
971	22 3 36 29
972	17 21 38 37
973	41 25 4 5
974	40 13 31 33
975	42 1 26 2
976	35 31 12 42
977	39 17 23 4
978	43 7 24 48
979	49 50 48 39
980	44 7 15 38
981	34 24 48 25
982	44 19 42 37
983	10 31 21 9
984	20 18 41 34
985	9 41 20 15
986	29 18 16 50
987	11 30 26 12
988	36 41 10 45
989	28 24 33 49
990	47 44 7 19
991	25 49 21 9
992	30 35 4 26
993	48 18 36 43
994	44 4 33 21
995	35 23 22 3
996	35 50 48 46
997	35 32 25 15
998	17 3 4 20
999	27 30 5 32
1000	15 9 16 11
