Students	1000
1	34 15 17 27
2	39 2 21 17
3	37 28 3 23
4	22 13 44 11
5	14 6 39 12
6	32 22 20 41
7	16 10 7 25
8	48 17 40 5
9	2 28 38 50
10	42 11 26 2
11	20 27 7 28
12	2 7 22 35
13	48 11 42 20
14	27 30 14 13
15	10 48 50 16
16	27 23 33 30
17	19 30 17 35
18	33 26 34 9
19	29 41 27 30
20	47 5 8 11
21	24 28 25 2
22	16 41 21 29
23	22 49 4 34
24	7 17 19 12
25	13 45 46 7
26	11 13 22 46
27	28 32 9 43
28	30 23 7 35
29	49 7 37 18
30	8 22 4 43
31	25 26 49 15
32	40 35 39 45
33	24 28 23 29
34	22 43 6 14
35	8 10 12 15
36	3 11 16 35
37	35 4 44 9
38	30 40 46 1
39	21 43 46 11
40	11 15 28 3
41	17 21 37 28
42	43 13 48 8
43	1 38 28 26
44	5 6 50 23
45	1 29 28 6
46	35 45 24 33
47	28 21 35 15
48	19 15 10 7
49	46 23 19 18
50	31 36 16 33
51	19 26 12 8
52	24 11 33 23
53	15 38 23 46
54	18 32 40 36
55	34 43 23 18
56	33 12 1 11
57	32 44 49 29
58	4 2 10 37
59	3 23 4 20
60	38 36 49 40
61	13 11 16 10
62	47 5 50 43
63	47 33 35 2
64	23 15 18 47
65	30 15 18 37
66	35 25 34 48
67	27 37 33 21
68	50 49 45 39
69	26 18 33 17
70	31 29 24 49
71	47 26 39 32
72	37 32 20 18
73	44 4 48 42
74	5 1 38 21
75	28 40 24 49
76	23 49 20 12
77	34 28 37 5
78	14 21 36 22
79	34 15 9 6
80	35 12 49 30
81	5 44 6 35
82	39 10 8 22
83	37 35 26 14
84	17 22 47 25
85	34 37 24 46
86	12 50 15 6
87	1 38 45 9
88	15 29 18 4
89	20 36 32 31
90	41 25 21 38
91	43 10 20 18
92	20 8 5 32
93	32 47 17 38
94	47 1 38 12
95	18 36 19 47
96	21 23 35 4
97	12 30 16 14
98	43 4 20 12
99	25 37 14 43
100	36 32 9 15
101	25 18 5 1
102	33 14 35 2
103	38 44 29 26
104	2 33 46 7
105	49 28 40 3
106	47 45 22 24
107	48 50 16 24
108	45 2 30 40
109	28 14 26 47
110	36 2 43 25
111	49 27 28 32
112	2 1 4 23
113	46 50 25 15
114	7 31 5 12
115	46 16 12 30
116	29 21 23 37
117	47 40 8 22
118	48 5 28 17
119	42 8 26 25
120	44 31 30 16
121	11 48 42 5
122	44 10 13 41
123	7 48 34 22
124	30 33 29 19
125	8 31 4 30
126	41 3 24 32
127	39 19 34 8
128	39 45 31 7
129	13 17 43 1
130	29 49 22 50
131	14 33 50 17
132	48 37 25 5
133	16 21 36 41
134	21 37 41 24
135	13 12 6 40
136	35 1 5 49
137	42 38 10 29
138	47 2 26 38
139	1 17 24 11
140	49 22 50 41
141	50 22 9 37
142	27 10 38 23
143	16 11 10 1
144	8 1 30 4
145	11 41 50 31
146	43 6 10 50
147	1 37 10 47
148	44 4 6 35
149	48 4 45 49
150	23 30 5 9
151	7 33 21 10
152	39 30 11 28
153	35 24 42 49
154	47 28 9 37
155	20 28 15 6
156	38 27 20 43
157	22 50 20 38
158	46 36 3 41
159	27 46 17 3
160	28 8 45 29
161	30 43 14 45
162	43 32 20 39
163	17 37 10 23
164	11 6 41 4
165	46 7 3 15
166	34 8 45 12
167	32 42 47 43
168	25 48 33 35
169	35 47 9 5
170	18 22 50 15
171	16 9 18 10
172	31 40 41 34
173	4 32 19 31
174	24 40 37 17
175	36 7 35 11
176	29 16 18 42
177	9 3 41 14
178	3 29 28 1
179	39 20 8 12
180	21 47 13 42
181	46 25 5 30
182	1 5 8 37
183	48 29 7 5
184	27 18 26 39
185	46 41 13 14
186	31 40 17 24
187	37 32 39 29
188	41 4 30 44
189	9 42 40 7
190	34 5 47 44
191	38 26 5 50
192	39 37 42 33
193	4 7 13 36
194	19 32 39 44
195	49 40 20 39
196	46 24 27 39
197	16 27 6 13
198	22 18 1 40
199	38 20 41 22
200	20 39 40 16
201	47 40 23 43
202	5 44 43 38
203	31 50 24 18
204	45 9 1 11
205	45 44 23 48
206	48 38 43 47
207	7 45 22 37
208	13 1 16 4
209	45 21 44 7
210	28 25 48 7
211	16 6 12 11
212	10 30 26 48
213	32 12 35 9
214	37 12 3 5
215	33 46 34 31
216	18 2 1 20
217	6 38 48 12
218	44 8 19 15
219	5 42 32 18
220	26 1 34 16
221	31 23 50 24
222	22 37 15 46
223	18 1 17 13
224	24 11 39 41
225	12 47 45 29
226	48 31 5 43
227	34 50 6 29
228	1 45 7 38
229	29 10 31 12
230	36 4 12 1
231	13 11 27 4
232	22 32 42 25
233	2 47 44 5
234	5 20 38 8
235	22 29 31 2
236	33 28 19 12
237	11 8 23 31
238	29 8 1 33
239	44 42 18 30
240	16 44 31 25
241	43 40 37 22
242	11 30 35 24
243	14 19 49 46
244	34 1 32 11
245	7 19 3 27
246	34 24 25 15
247	14 25 3 31
248	36 21 48 40
249	18 8 34 7
250	38 40 21 17
251	20 39 47 25
252	47 4 5 11
253	21 20 19 32
254	33 23 24 49
255	47 33 49 12
256	5 26 9 25
257	6 19 14 3
258	19 34 36 42
259	9 23 10 46
260	35 22 37 21
261	11 34 26 16
262	44 31 39 26
263	3 7 13 29
264	1 41 27 33
265	48 20 7 9
266	2 17 14 1
267	5 49 11 2
268	27 2 3 23
269	3 26 24 14
270	4 5 18 19
271	21 46 2 48
272	47 17 14 34
273	48 39 14 3
274	15 19 31 4
275	29 15 24 9
276	30 5 21 3
277	36 49 19 43
278	44 45 39 47
279	33 5 19 20
280	40 33 34 42
281	34 30 16 28
282	26 38 28 40
283	41 50 1 22
284	18 22 30 17
285	46 37 25 47
286	45 29 19 49
287	22 14 31 43
288	40 43 17 37
289	20 40 42 39
290	4 30 47 13
291	22 1 33 21
292	43 21 10 20
293	33 14 10 27
294	11 49 22 29
295	50 4 6 34
296	21 8 27 23
297	12 27 3 20
298	48 39 11 22
299	16 47 30 27
300	41 7 9 28
301	18 30 7 32
302	5 17 29 9
303	45 15 4 9
304	9 7 45 8
305	18 22 13 50
306	45 3 49 25
307	31 24 45 46
308	45 13 43 46
309	41 13 48 15
310	1 25 45 14
311	28 36 9 6
312	13 47 48 29
313	27 21 43 11
314	25 15 19 49
315	35 30 22 14
316	31 45 37 48
317	4 5 50 28
318	48 39 7 36
319	45 34 35 16
320	6 33 10 38
321	24 46 6 5
322	17 33 25 50
323	8 21 29 43
324	6 2 1 19
325	32 42 4 44
326	39 8 26 16
327	11 5 1 31
328	23 48 5 38
329	48 29 19 10
330	7 26 49 23
331	30 26 6 4
332	49 5 24 42
333	42 29 34 36
334	25 8 11 21
335	46 12 11 30
336	50 47 5 46
337	44 39 34 7
338	13 31 22 39
339	7 27 13 40
340	5 10 50 40
341	48 28 19 33
342	48 3 6 27
343	45 31 1 12
344	40 12 42 8
345	47 31 21 46
346	20 32 6 19
347	31 48 42 29
348	14 31 37 2
349	49 16 31 35
350	46 12 50 30
351	38 49 17 37
352	25 18 22 26
353	6 25 47 31
354	10 1 34 31
355	46 15 35 14
356	5 15 4 27
357	43 48 33 2
358	16 46 33 42
359	25 30 45 7
360	7 41 31 9
361	29 11 43 9
362	4 43 31 18
363	30 15 34 13
364	14 35 26 2
365	33 17 35 5
366	27 25 3 16
367	28 49 18 20
368	45 30 50 10
369	23 19 26 7
370	18 44 16 22
371	1 18 20 27
372	47 13 39 12
373	46 28 6 12
374	16 42 7 35
375	23 44 12 17
376	44 8 22 28
377	12 13 36 20
378	4 31 10 3
379	42 4 5 39
380	31 9 2 37
381	9 2 13 44
382	25 49 19 37
383	7 20 44 11
384	33 47 24 37
385	50 34 18 19
386	28 15 25 3
387	34 29 31 18
388	40 14 5 21
389	9 33 10 24
390	38 34 2 39
391	6 43 29 44
392	31 3 33 30
393	26 32 23 35
394	49 10 20 24
395	14 50 46 31
396	18 30 2 19
397	42 36 12 3
398	27 36 8 11
399	22 2 1 39
400	43 45 41 48
401	33 22 41 45
402	13 2 30 34
403	40 48 9 44
404	11 33 6 21
405	47 1 6 2
406	30 42 26 7
407	35 2 6 1
408	15 44 7 48
409	37 2 3 1
410	15 25 5 45
411	36 30 47 38
412	48 42 11 4
413	46 38 25 2
414	33 22 27 45
415	13 49 33 21
416	50 46 36 5
417	9 50 19 49
418	3 43 26 25
419	20 9 11 21
420	16 27 29 48
421	48 44 24 18
422	5 38 26 24
423	39 18 19 28
424	30 31 24 29
425	38 45 1 34
426	3 25 1 2
427	22 16 33 40
428	42 50 43 24
429	4 10 47 24
430	22 21 14 9
431	1 12 31 27
432	50 18 38 31
433	21 34 6 30
434	30 38 5 12
435	7 10 16 20
436	27 47 8 6
437	38 12 6 11
438	26 13 50 20
439	4 14 38 42
440	29 17 45 14
441	37 21 43 24
442	5 1 18 6
443	45 46 4 5
444	4 5 46 6
445	6 15 10 50
446	19 26 38 13
447	18 39 8 10
448	49 13 3 15
449	24 2 33 42
450	13 30 7 1
451	44 2 47 30
452	48 18 15 14
453	31 16 38 41
454	38 5 33 15
455	29 20 39 17
456	6 43 30 44
457	15 27 41 20
458	20 5 35 10
459	35 19 1 33
460	39 35 23 33
461	14 45 8 36
462	43 26 40 18
463	39 17 36 5
464	15 39 11 41
465	10 4 48 26
466	28 46 43 29
467	31 11 26 34
468	9 24 39 16
469	26 16 25 38
470	10 44 26 45
471	30 40 17 22
472	16 24 25 10
473	5 2 13 24
474	37 26 42 13
475	4 26 16 24
476	42 46 15 43
477	26 6 2 21
478	30 11 34 42
479	23 6 17 20
480	40 42 35 22
481	44 41 40 21
482	30 14 39 17
483	15 28 17 43
484	35 14 21 36
485	13 6 49 45
486	4 43 11 49
487	5 48 50 42
488	12 45 3 2
489	33 30 28 3
490	11 9 7 15
491	1 24 38 37
492	34 20 47 38
493	36 2 18 11
494	4 18 44 12
495	24 35 7 25
496	35 19 1 50
497	25 49 23 19
498	47 37 25 32
499	17 26 36 34
500	45 19 24 32
501	10 46 25 32
502	35 48 15 27
503	9 19 13 49
504	43 22 48 41
505	5 10 17 25
506	25 36 33 1
507	5 13 34 40
508	18 32 39 25
509	39 13 11 20
510	19 17 4 37
511	2 31 34 26
512	28 3 37 34
513	29 13 24 46
514	7 20 19 1
515	17 49 32 34
516	10 34 44 2
517	27 13 10 9
518	23 34 36 14
519	31 9 11 33
520	19 30 38 39
521	35 2 43 46
522	43 46 16 1
523	13 28 1 4
524	41 1 23 28
525	8 46 31 13
526	30 50 26 38
527	40 6 9 17
528	4 33 32 38
529	31 17 8 39
530	21 11 39 3
531	47 27 28 34
532	35 7 39 47
533	22 7 35 36
534	29 15 26 17
535	7 4 11 21
536	15 21 32 35
537	4 16 50 25
538	20 15 31 13
539	37 11 5 23
540	27 2 20 3
541	50 48 49 37
542	21 27 4 25
543	34 9 19 22
544	36 14 48 4
545	49 14 22 45
546	16 36 28 6
547	31 38 4 19
548	43 2 47 36
549	32 35 6 46
550	33 42 17 3
551	7 6 29 25
552	41 9 31 2
553	31 32 5 34
554	40 45 36 7
555	12 18 20 40
556	25 42 38 23
557	38 29 14 42
558	7 9 47 38
559	39 17 38 22
560	38 34 27 15
561	31 35 26 22
562	23 25 34 27
563	13 7 5 23
564	47 26 37 7
565	9 7 49 25
566	29 48 23 42
567	15 14 46 48
568	47 4 37 34
569	5 10 43 47
570	45 29 19 18
571	16 42 12 47
572	34 35 23 29
573	4 13 15 9
574	46 33 15 9
575	25 16 45 12
576	37 8 35 33
577	31 6 20 24
578	34 17 1 28
579	50 28 44 31
580	44 16 41 32
581	14 2 48 36
582	47 45 24 20
583	47 3 36 28
584	25 42 31 17
585	50 4 3 40
586	19 41 24 8
587	9 14 33 6
588	9 38 41 42
589	25 50 31 9
590	40 20 36 48
591	19 41 37 11
592	40 35 39 26
593	8 9 28 22
594	34 25 10 14
595	14 50 12 6
596	26 43 33 15
597	50 33 12 11
598	31 43 11 5
599	43 25 17 8
600	41 30 40 10
601	24 19 23 27
602	29 19 21 6
603	40 12 21 31
604	20 35 48 14
605	41 20 30 11
606	40 34 50 32
607	22 46 29 41
608	35 44 12 34
609	3 23 36 33
610	10 9 47 27
611	24 6 36 8
612	30 31 19 12
613	25 33 19 26
614	27 46 8 18
615	1 45 3 49
616	8 31 48 41
617	1 13 17 11
618	39 10 5 40
619	44 25 12 15
620	47 9 24 19
621	38 11 45 22
622	17 5 11 20
623	29 3 43 13
624	44 16 12 32
625	49 5 27 13
626	4 24 49 6
627	41 23 5 25
628	14 37 40 6
629	19 2 49 50
630	5 13 26 8
631	42 45 14 23
632	16 38 13 29
633	8 10 46 38
634	29 27 32 36
635	2 14 48 18
636	43 4 18 12
637	12 16 37 28
638	16 23 38 20
639	48 9 45 40
640	10 14 1 39
641	8 43 35 13
642	35 31 2 43
643	41 17 14 8
644	35 16 20 2
645	3 28 49 25
646	38 25 47 26
647	15 19 36 20
648	24 23 13 12
649	47 36 21 40
650	2 42 39 50
651	19 31 6 39
652	47 3 24 21
653	13 15 6 27
654	4 26 30 25
655	31 24 46 3
656	24 4 40 28
657	34 35 36 24
658	43 14 31 5
659	49 22 15 35
660	31 49 28 11
661	7 2 3 12
662	29 22 26 5
663	47 44 20 21
664	19 49 33 40
665	1 32 30 17
666	8 30 17 47
667	22 21 8 32
668	37 18 36 39
669	38 12 1 47
670	47 15 20 4
671	3 33 11 12
672	43 19 47 41
673	46 35 16 9
674	10 37 36 15
675	1 40 49 23
676	15 46 34 12
677	43 22 25 17
678	30 33 29 8
679	19 26 46 47
680	46 37 17 25
681	32 43 2 48
682	36 21 18 30
683	2 30 34 35
684	21 10 7 43
685	14 26 13 38
686	31 14 21 32
687	12 43 41 18
688	12 28 8 20
689	40 11 36 7
690	12 16 49 40
691	32 11 46 16
692	22 36 34 45
693	43 27 25 16
694	31 41 47 2
695	21 44 19 7
696	17 12 40 27
697	17 7 18 6
698	30 19 32 49
699	15 17 30 45
700	18 7 3 11
701	4 24 34 50
702	20 22 12 50
703	35 19 5 2
704	45 32 30 46
705	10 31 14 15
706	43 32 17 48
707	46 19 50 42
708	5 37 24 10
709	12 45 18 44
710	4 12 24 23
711	20 42 9 22
712	35 5 38 32
713	36 10 31 22
714	28 19 50 40
715	2 42 37 47
716	45 8 49 31
717	46 48 5 16
718	46 40 4 24
719	15 24 40 47
720	38 31 45 47
721	11 24 42 29
722	27 3 31 43
723	11 19 22 35
724	20 37 36 46
725	39 40 4 2
726	48 29 13 9
727	34 26 43 17
728	3 20 35 44
729	4 49 34 44
730	50 25 39 8
731	47 46 13 16
732	29 4 28 19
733	17 45 47 13
734	30 32 21 39
735	45 19 32 48
736	21 50 15 11
737	10 2 13 12
738	42 21 15 12
739	26 43 18 50
740	11 25 23 22
741	45 8 3 21
742	21 39 35 36
743	21 31 19 4
744	21 42 3 30
745	23 30 12 5
746	18 41 4 44
747	45 39 12 13
748	33 40 1 41
749	28 11 31 32
750	39 41 12 29
751	25 21 6 15
752	23 29 32 47
753	30 23 24 29
754	14 29 23 28
755	7 4 2 3
756	42 30 19 24
757	30 21 27 42
758	9 20 11 1
759	45 27 32 18
760	36 8 4 7
761	18 8 34 11
762	13 42 41 25
763	36 42 17 3
764	38 37 17 13
765	39 2 50 27
766	26 2 21 4
767	28 26 4 32
768	28 4 36 32
769	33 23 38 36
770	29 17 5 37
771	25 24 27 1
772	4 12 25 37
773	1 2 8 46
774	3 43 10 42
775	43 25 4 22
776	11 13 17 1
777	44 37 25 11
778	21 26 14 27
779	34 24 7 12
780	31 25 35 12
781	50 27 11 8
782	9 35 37 16
783	9 45 44 39
784	26 11 37 10
785	46 5 13 39
786	10 15 28 35
787	48 50 40 47
788	35 30 11 38
789	13 35 23 42
790	10 7 22 32
791	43 14 12 4
792	28 50 30 45
793	10 33 25 43
794	21 50 35 5
795	27 21 20 11
796	46 16 28 43
797	32 47 15 4
798	27 15 49 21
799	39 40 17 10
800	6 43 13 32
801	42 4 11 40
802	41 18 25 9
803	18 6 8 22
804	11 21 44 5
805	1 37 14 32
806	41 8 14 21
807	29 15 41 46
808	19 26 43 25
809	20 36 32 8
810	27 49 40 37
811	14 16 13 7
812	7 25 29 33
813	6 17 43 47
814	37 47 49 23
815	35 29 34 4
816	36 23 31 8
817	45 22 27 40
818	11 20 3 26
819	30 21 8 24
820	31 33 44 25
821	29 7 43 20
822	3 42 43 20
823	49 16 10 45
824	34 13 39 11
825	18 4 13 39
826	21 5 45 29
827	15 36 18 8
828	9 50 32 12
829	17 33 34 35
830	44 30 6 41
831	12 1 7 10
832	4 32 12 46
833	23 15 5 48
834	36 41 46 12
835	40 8 23 24
836	2 23 10 25
837	34 22 20 27
838	44 8 27 45
839	31 13 2 19
840	38 18 42 13
841	8 44 12 49
842	31 20 36 27
843	20 46 9 10
844	44 31 1 27
845	23 46 26 36
846	33 26 40 37
847	18 20 24 6
848	8 49 50 11
849	7 47 11 36
850	30 29 31 46
851	3 43 45 10
852	42 5 33 24
853	38 20 18 4
854	2 23 24 34
855	20 6 38 50
856	30 23 24 9
857	44 49 43 45
858	18 22 34 20
859	35 7 21 14
860	1 38 39 49
861	29 36 11 35
862	36 14 34 49
863	43 45 24 31
864	33 24 14 3
865	24 17 8 21
866	29 7 35 19
867	43 28 32 45
868	13 4 43 23
869	39 14 3 33
870	16 12 2 39
871	48 11 47 46
872	38 12 34 21
873	17 5 11 25
874	49 18 1 43
875	2 32 11 31
876	6 45 20 14
877	38 9 24 18
878	24 45 16 33
879	27 35 42 48
880	35 25 40 3
881	16 27 47 36
882	7 36 24 17
883	50 24 25 3
884	30 44 16 26
885	42 12 30 1
886	39 14 10 1
887	47 6 7 26
888	32 1 5 16
889	15 1 23 32
890	29 3 2 28
891	46 14 7 41
892	41 32 7 35
893	42 28 6 5
894	24 4 5 36
895	7 50 38 25
896	32 22 33 44
897	16 41 36 31
898	35 22 10 4
899	46 28 34 37
900	8 24 1 32
901	15 13 20 28
902	19 18 46 24
903	19 50 46 14
904	30 14 39 23
905	47 4 22 18
906	45 37 44 13
907	48 33 41 38
908	30 21 16 43
909	11 33 27 14
910	44 45 7 39
911	18 45 42 16
912	14 44 15 43
913	39 34 46 44
914	41 1 43 34
915	28 24 22 35
916	14 43 41 40
917	43 49 45 32
918	2 33 42 8
919	5 22 45 47
920	12 46 49 2
921	23 19 26 30
922	34 39 19 31
923	6 22 1 26
924	10 20 45 22
925	26 49 43 46
926	9 39 21 31
927	10 21 6 5
928	23 32 15 17
929	28 14 16 47
930	15 1 19 47
931	49 36 22 23
932	21 44 49 10
933	19 17 34 7
934	44 9 23 37
935	5 12 26 28
936	40 2 18 38
937	21 10 43 15
938	25 43 47 31
939	20 28 2 5
940	41 10 20 13
941	41 2 5 14
942	27 19 15 44
943	22 35 3 38
944	3 42 34 44
945	6 29 30 24
946	45 48 1 40
947	31 30 24 6
948	45 20 11 32
949	50 26 10 41
950	27 20 22 12
951	22 41 43 24
952	32 17 7 21
953	36 43 31 42
954	47 39 15 37
955	23 8 24 6
956	8 24 47 35
957	10 45 29 20
958	45 40 5 49
959	47 7 12 41
960	32 9 21 30
961	5 50 47 33
962	22 10 14 15
963	31 12 11 10
964	31 42 23 19
965	9 26 43 4
966	23 50 32 9
967	33 26 18 6
968	16 3 12 49
969	20 16 50 2
970	33 44 32 1
971	33 12 21 20
972	43 18 31 30
973	34 46 2 14
974	50 26 34 19
975	11 21 8 7
976	37 28 43 36
977	1 31 35 39
978	12 30 17 8
979	44 19 25 18
980	1 13 33 19
981	11 25 29 17
982	48 20 27 4
983	20 15 39 40
984	46 49 32 29
985	10 12 18 13
986	1 3 14 18
987	29 5 15 10
988	39 8 27 48
989	14 2 37 25
990	8 10 33 29
991	34 35 41 8
992	18 4 27 3
993	6 9 37 46
994	17 49 10 45
995	37 26 32 41
996	20 46 31 8
997	9 19 43 33
998	17 21 35 39
999	31 9 50 42
1000	17 1 44 18
