Students	1000
1	47 43 45 7
2	33 38 16 37
3	50 37 5 34
4	7 20 8 41
5	1 34 40 33
6	25 2 50 22
7	33 23 47 8
8	11 3 9 31
9	50 43 42 19
10	43 1 30 21
11	1 45 23 37
12	23 10 18 1
13	23 18 12 36
14	43 41 38 19
15	36 33 19 22
16	11 44 13 19
17	14 47 26 28
18	39 23 44 43
19	39 37 4 31
20	18 15 30 36
21	3 48 9 23
22	32 5 46 43
23	35 9 47 16
24	45 8 5 11
25	32 9 35 19
26	44 10 11 20
27	20 28 48 1
28	20 22 4 15
29	19 25 24 49
30	25 7 11 45
31	30 7 21 39
32	47 12 41 13
33	25 20 9 6
34	18 50 35 24
35	20 8 43 49
36	11 39 6 19
37	20 27 46 37
38	14 24 3 21
39	39 17 40 45
40	15 42 18 46
41	16 22 6 30
42	7 9 10 23
43	9 23 4 3
44	2 29 40 8
45	48 10 26 4
46	4 13 22 47
47	29 20 47 34
48	21 20 40 49
49	9 39 50 18
50	37 17 32 9
51	33 47 1 50
52	8 6 10 35
53	24 28 36 21
54	49 1 43 38
55	25 23 50 7
56	47 46 11 19
57	4 42 12 5
58	1 37 38 4
59	28 8 44 21
60	40 24 38 35
61	32 45 20 6
62	1 48 31 21
63	4 38 28 22
64	32 31 11 14
65	15 11 25 21
66	6 45 9 28
67	39 50 49 17
68	11 30 48 16
69	30 5 6 50
70	26 9 17 35
71	12 4 47 14
72	4 11 32 10
73	23 31 42 20
74	17 40 18 8
75	37 45 39 12
76	42 2 49 16
77	15 8 27 2
78	39 47 8 35
79	3 10 26 7
80	45 5 11 30
81	21 25 34 32
82	27 7 44 18
83	18 17 2 7
84	30 6 7 42
85	31 50 37 22
86	48 37 20 50
87	46 7 15 10
88	37 8 36 46
89	30 8 39 11
90	4 25 12 19
91	4 22 10 12
92	8 47 1 31
93	24 28 50 42
94	2 19 27 16
95	26 6 11 43
96	10 17 31 49
97	29 9 6 41
98	43 45 50 36
99	1 6 28 34
100	48 35 16 34
101	7 32 30 9
102	13 7 11 31
103	37 30 16 26
104	18 31 37 28
105	10 19 5 23
106	29 9 10 3
107	12 11 15 5
108	25 1 49 34
109	3 8 27 24
110	42 16 5 46
111	4 19 3 39
112	45 23 41 30
113	9 26 40 45
114	40 7 32 48
115	47 29 26 4
116	30 1 39 11
117	24 45 4 27
118	18 28 8 19
119	49 15 17 46
120	33 3 29 9
121	42 18 3 1
122	8 50 12 33
123	41 17 8 5
124	38 4 35 45
125	44 33 2 31
126	40 38 35 37
127	9 43 19 13
128	45 12 36 37
129	44 9 12 42
130	34 41 44 47
131	13 46 44 33
132	40 36 49 37
133	36 8 33 31
134	26 6 31 42
135	16 40 45 28
136	20 38 34 16
137	10 49 23 24
138	11 46 34 13
139	47 10 3 15
140	1 23 48 47
141	31 22 17 39
142	5 26 23 46
143	26 2 9 21
144	38 28 1 41
145	21 38 30 46
146	16 41 1 44
147	5 38 15 1
148	9 45 33 15
149	19 46 22 35
150	33 27 16 12
151	27 35 22 39
152	4 24 29 1
153	38 26 21 19
154	19 36 22 13
155	1 33 15 37
156	3 50 7 28
157	43 16 42 45
158	31 50 40 23
159	48 5 11 49
160	23 20 15 40
161	22 11 3 20
162	15 32 8 7
163	50 20 5 42
164	29 48 13 24
165	22 42 13 40
166	25 38 6 48
167	50 39 10 4
168	18 27 21 28
169	14 50 47 40
170	6 36 1 31
171	14 26 27 35
172	11 34 35 3
173	29 14 18 21
174	9 1 44 6
175	10 45 17 12
176	23 27 40 17
177	16 14 4 18
178	1 50 17 40
179	29 48 45 15
180	41 3 39 9
181	50 30 29 10
182	11 3 34 50
183	42 31 7 12
184	13 6 18 33
185	20 29 25 9
186	28 10 9 47
187	35 38 42 30
188	49 47 42 36
189	45 13 23 40
190	27 28 46 9
191	28 10 20 23
192	17 3 6 7
193	17 45 2 32
194	46 43 3 39
195	41 9 7 27
196	16 29 32 27
197	35 1 50 8
198	5 35 48 43
199	39 40 27 33
200	37 50 39 25
201	16 49 42 46
202	47 45 48 39
203	12 4 23 27
204	29 28 33 23
205	15 47 3 14
206	23 27 38 13
207	29 36 37 41
208	38 24 30 21
209	48 44 3 49
210	16 32 19 42
211	21 13 38 19
212	40 15 27 10
213	11 36 28 9
214	32 40 9 18
215	43 3 44 26
216	1 23 11 8
217	27 34 7 40
218	47 34 27 49
219	33 21 31 20
220	18 12 30 46
221	48 49 17 10
222	5 8 42 43
223	50 7 22 28
224	7 9 39 38
225	29 17 16 22
226	27 21 33 3
227	17 48 10 11
228	12 9 25 40
229	23 16 37 26
230	39 40 30 50
231	43 15 33 4
232	35 12 16 15
233	1 16 21 30
234	11 27 35 15
235	14 32 37 11
236	14 50 29 23
237	30 7 47 43
238	22 49 41 37
239	48 34 2 47
240	14 7 39 46
241	27 37 17 23
242	40 28 30 10
243	15 18 44 10
244	38 1 2 9
245	31 50 34 43
246	37 24 11 45
247	44 27 46 23
248	38 16 40 20
249	9 36 1 40
250	50 14 42 10
251	48 16 13 43
252	9 14 25 47
253	4 14 35 22
254	19 49 20 47
255	21 47 1 12
256	50 11 18 14
257	11 13 27 23
258	40 34 20 29
259	14 17 27 21
260	26 38 29 27
261	21 37 43 8
262	14 8 50 41
263	4 12 15 9
264	26 25 35 10
265	37 14 2 13
266	22 50 8 3
267	1 18 23 9
268	43 34 1 31
269	43 15 26 34
270	43 40 29 26
271	42 4 6 22
272	11 28 32 40
273	48 47 37 40
274	38 39 49 5
275	19 40 49 42
276	13 38 48 35
277	24 27 13 47
278	24 49 21 38
279	18 21 37 12
280	23 11 39 40
281	4 42 11 27
282	4 46 11 24
283	26 7 49 30
284	44 37 6 14
285	27 8 13 46
286	37 49 8 34
287	6 37 35 9
288	25 2 32 9
289	12 3 42 25
290	32 7 44 12
291	19 36 4 3
292	50 5 36 41
293	27 39 49 47
294	24 11 50 32
295	32 37 6 1
296	9 21 35 1
297	36 13 30 39
298	47 15 40 9
299	14 34 27 39
300	21 11 43 41
301	41 34 14 35
302	14 15 39 16
303	48 31 28 13
304	32 47 38 20
305	11 37 26 36
306	37 40 20 48
307	5 4 28 6
308	45 48 34 1
309	43 28 8 37
310	30 37 26 19
311	43 29 31 44
312	41 15 5 25
313	30 11 22 46
314	16 48 49 1
315	9 43 39 6
316	12 29 38 34
317	42 25 34 36
318	12 14 45 33
319	2 5 32 28
320	33 36 11 1
321	24 34 38 28
322	41 49 47 20
323	4 11 45 9
324	41 38 45 2
325	37 41 26 20
326	42 4 8 46
327	38 48 21 17
328	5 13 35 28
329	33 21 15 13
330	18 14 29 46
331	47 48 32 19
332	36 35 5 27
333	35 47 6 50
334	42 9 19 18
335	41 15 36 5
336	27 21 1 34
337	50 15 8 29
338	38 42 50 23
339	11 24 48 44
340	9 3 25 13
341	22 38 32 35
342	40 12 48 3
343	27 42 7 44
344	27 21 26 41
345	48 25 28 38
346	45 16 49 19
347	18 25 44 40
348	19 37 4 36
349	38 20 5 27
350	40 31 48 18
351	38 24 17 5
352	12 28 35 8
353	19 31 4 42
354	8 2 27 49
355	3 37 10 8
356	24 26 3 47
357	9 7 36 3
358	43 40 7 26
359	2 12 21 26
360	9 26 12 32
361	18 49 41 20
362	23 32 36 12
363	16 14 45 46
364	15 26 18 8
365	22 33 11 30
366	21 36 48 45
367	30 12 24 17
368	19 13 18 15
369	30 46 25 39
370	33 42 7 46
371	2 1 7 27
372	1 34 3 13
373	32 12 46 8
374	50 21 15 40
375	11 36 18 21
376	9 32 3 34
377	18 39 2 31
378	16 6 35 21
379	34 2 15 7
380	30 28 1 15
381	36 33 45 19
382	36 11 27 44
383	33 21 20 25
384	39 43 47 19
385	26 50 5 20
386	15 36 31 13
387	7 21 37 49
388	50 8 15 30
389	44 11 15 21
390	22 48 18 27
391	19 34 30 4
392	47 7 32 30
393	49 21 11 6
394	49 43 44 12
395	46 40 37 26
396	40 33 43 41
397	35 11 47 9
398	33 12 32 47
399	30 38 20 7
400	17 6 12 40
401	40 20 34 49
402	44 9 22 15
403	33 32 49 3
404	42 46 25 10
405	21 26 23 6
406	50 47 1 9
407	2 46 43 31
408	14 36 34 49
409	14 30 28 37
410	3 16 11 38
411	10 29 46 40
412	7 27 13 46
413	31 2 46 19
414	50 13 16 18
415	18 4 25 17
416	22 16 44 41
417	44 49 20 30
418	37 29 2 45
419	44 32 1 11
420	1 2 47 38
421	40 13 35 22
422	32 4 42 50
423	50 12 33 2
424	21 49 28 38
425	37 33 20 9
426	9 16 46 25
427	32 30 24 46
428	3 47 9 31
429	18 20 38 29
430	14 16 9 20
431	38 27 42 49
432	31 37 8 39
433	45 37 41 38
434	16 13 42 36
435	40 45 31 33
436	13 19 44 38
437	11 44 18 27
438	26 12 39 19
439	25 42 40 19
440	25 33 14 41
441	11 41 15 42
442	44 43 23 20
443	11 6 47 10
444	47 10 28 18
445	42 14 10 17
446	38 5 9 18
447	46 48 34 31
448	1 23 6 31
449	18 6 8 43
450	39 2 24 13
451	21 28 34 19
452	49 43 34 16
453	27 48 3 33
454	23 22 42 16
455	34 23 49 36
456	11 21 50 33
457	5 20 19 22
458	22 9 35 7
459	20 26 49 27
460	21 22 48 1
461	27 45 49 19
462	28 3 43 36
463	18 31 13 14
464	41 8 25 16
465	43 3 25 6
466	14 3 50 28
467	6 1 22 42
468	41 39 36 28
469	36 37 7 33
470	46 4 33 11
471	29 9 43 11
472	20 2 44 21
473	1 15 23 47
474	49 7 23 22
475	9 24 29 43
476	49 8 14 50
477	3 16 39 30
478	15 35 37 7
479	42 7 3 29
480	20 21 17 28
481	31 43 19 9
482	36 44 7 27
483	22 5 43 7
484	2 45 3 32
485	41 46 9 5
486	25 14 43 10
487	49 29 42 25
488	45 1 2 11
489	11 32 31 44
490	27 17 26 40
491	23 38 25 12
492	47 9 38 5
493	3 32 2 42
494	7 23 15 11
495	33 48 22 44
496	22 35 12 32
497	25 16 39 43
498	50 1 13 23
499	37 12 24 19
500	34 14 27 3
501	9 21 12 30
502	23 35 10 9
503	3 17 10 31
504	12 3 7 44
505	30 23 43 7
506	46 41 3 15
507	46 44 32 12
508	45 37 30 31
509	33 4 24 27
510	5 12 30 19
511	37 8 32 34
512	13 15 36 10
513	48 47 25 6
514	32 26 33 3
515	16 12 7 19
516	42 8 16 19
517	32 31 26 41
518	42 4 11 41
519	9 38 8 40
520	17 28 49 40
521	4 25 5 11
522	43 14 40 23
523	35 20 27 10
524	39 11 45 3
525	44 45 40 27
526	27 41 50 35
527	38 39 1 32
528	38 18 12 41
529	8 27 13 1
530	3 18 23 6
531	1 5 15 12
532	21 37 38 28
533	14 43 10 32
534	7 25 41 47
535	39 28 5 46
536	20 39 15 13
537	30 9 17 47
538	37 33 8 49
539	11 43 22 25
540	46 16 39 29
541	2 41 32 38
542	50 41 45 43
543	27 30 38 23
544	30 35 40 18
545	37 31 39 23
546	9 28 43 39
547	15 36 31 14
548	34 28 6 23
549	37 23 24 14
550	1 26 4 40
551	39 1 11 40
552	43 21 1 15
553	15 2 24 14
554	36 33 14 35
555	12 45 7 39
556	41 18 23 49
557	39 1 10 28
558	4 6 47 35
559	37 35 44 7
560	2 44 36 46
561	40 46 21 48
562	16 40 1 14
563	6 46 48 2
564	2 13 47 18
565	22 19 2 23
566	9 17 41 10
567	41 44 6 50
568	9 40 42 39
569	33 43 50 22
570	37 13 15 27
571	46 32 27 13
572	38 7 36 2
573	28 8 19 48
574	13 24 6 50
575	16 23 32 43
576	19 3 49 23
577	47 9 22 45
578	2 8 17 48
579	25 47 39 22
580	1 2 47 42
581	4 22 3 18
582	30 31 17 41
583	38 2 35 48
584	32 25 18 3
585	16 13 50 27
586	41 31 15 3
587	37 48 6 4
588	5 34 41 39
589	9 28 46 22
590	28 27 8 7
591	43 48 29 2
592	45 1 34 33
593	49 9 4 13
594	18 24 47 50
595	29 9 37 32
596	35 38 50 22
597	31 48 16 36
598	47 41 43 13
599	28 8 20 25
600	3 16 28 24
601	37 31 9 21
602	19 6 27 28
603	30 22 41 25
604	47 38 5 14
605	24 1 33 30
606	19 22 12 5
607	29 26 47 3
608	12 6 28 5
609	48 4 18 30
610	28 8 13 45
611	27 36 47 11
612	23 14 35 41
613	34 5 44 23
614	16 5 19 31
615	1 32 2 20
616	2 47 32 26
617	4 49 23 36
618	47 17 35 26
619	42 11 30 28
620	22 41 38 46
621	15 40 2 49
622	13 11 2 15
623	17 48 49 18
624	22 39 38 44
625	18 9 37 8
626	23 26 12 42
627	45 39 34 50
628	35 44 36 9
629	12 14 7 21
630	41 34 9 3
631	22 50 3 49
632	43 40 44 10
633	48 41 29 37
634	34 33 19 16
635	48 50 4 33
636	39 27 9 22
637	33 2 19 4
638	10 45 47 29
639	11 34 43 32
640	8 28 34 41
641	34 1 10 20
642	46 41 5 32
643	38 14 25 6
644	25 37 49 17
645	46 11 47 12
646	32 31 48 15
647	10 32 46 30
648	41 34 14 21
649	26 2 11 9
650	20 29 22 8
651	39 21 28 32
652	40 5 15 30
653	49 21 17 46
654	15 28 46 14
655	40 43 24 20
656	1 4 25 5
657	32 48 12 10
658	10 9 44 38
659	43 31 1 45
660	26 10 40 13
661	13 6 14 22
662	32 6 9 46
663	27 9 30 33
664	6 3 33 27
665	26 25 18 14
666	8 3 23 30
667	24 37 28 15
668	40 39 43 15
669	23 13 4 42
670	41 37 30 45
671	37 47 44 36
672	22 48 45 50
673	29 10 27 48
674	5 21 46 49
675	33 11 3 43
676	1 29 14 6
677	23 44 28 1
678	5 10 21 14
679	35 5 3 33
680	23 45 7 11
681	33 17 42 3
682	47 46 11 34
683	4 50 11 47
684	9 13 36 45
685	40 29 3 27
686	3 7 8 28
687	6 15 34 32
688	21 9 42 2
689	29 38 15 7
690	26 38 30 50
691	31 29 42 34
692	43 38 29 1
693	41 19 8 36
694	33 11 4 21
695	47 31 6 48
696	50 38 12 7
697	16 42 43 13
698	41 4 24 35
699	20 10 27 46
700	18 5 13 38
701	48 39 13 11
702	9 36 23 33
703	5 32 22 23
704	42 11 38 1
705	20 13 45 49
706	30 28 33 23
707	20 28 3 35
708	20 37 38 8
709	21 41 37 38
710	32 23 29 39
711	4 24 37 6
712	41 23 8 2
713	10 26 13 11
714	17 29 32 45
715	21 19 27 33
716	26 37 40 39
717	17 35 22 49
718	19 43 2 7
719	50 8 11 15
720	23 34 18 31
721	9 31 26 17
722	41 14 8 15
723	33 40 1 27
724	31 13 26 22
725	50 46 25 8
726	7 29 9 20
727	13 23 24 31
728	20 48 17 12
729	38 10 16 43
730	3 40 14 18
731	7 33 13 18
732	42 36 1 21
733	12 33 6 23
734	19 1 7 20
735	41 29 45 4
736	41 23 36 32
737	45 24 48 32
738	38 11 45 28
739	1 40 35 3
740	31 4 5 27
741	28 9 43 7
742	44 27 33 39
743	48 42 45 26
744	3 12 9 38
745	48 19 41 24
746	16 35 33 48
747	29 30 34 37
748	43 3 35 36
749	26 13 8 48
750	39 23 18 4
751	7 50 16 27
752	6 23 12 9
753	39 8 14 45
754	20 35 36 32
755	1 7 8 35
756	29 21 47 35
757	28 17 27 47
758	43 22 32 30
759	22 4 9 13
760	2 44 42 20
761	46 43 48 16
762	21 4 9 6
763	6 29 22 42
764	16 23 39 19
765	45 41 29 40
766	5 40 47 18
767	26 33 13 19
768	18 23 14 26
769	12 47 18 42
770	10 6 41 2
771	7 2 33 25
772	16 49 8 17
773	33 8 39 12
774	7 20 47 48
775	17 34 46 36
776	27 16 37 15
777	50 21 41 29
778	24 15 41 26
779	4 10 30 29
780	44 6 18 23
781	18 44 48 2
782	42 27 19 18
783	38 43 32 21
784	43 5 13 35
785	26 6 18 21
786	17 20 16 31
787	19 46 26 48
788	5 45 11 16
789	24 14 33 6
790	15 10 28 42
791	41 19 24 6
792	17 9 14 11
793	23 13 26 41
794	11 9 4 32
795	50 14 3 46
796	34 17 30 48
797	37 34 40 19
798	6 21 34 45
799	6 32 40 17
800	48 26 12 20
801	16 33 3 50
802	21 39 34 5
803	33 15 48 29
804	27 28 21 19
805	40 14 30 16
806	3 41 50 48
807	50 49 40 2
808	33 13 11 1
809	18 8 14 19
810	41 32 20 50
811	29 3 1 50
812	50 43 23 15
813	28 34 6 33
814	18 33 16 43
815	48 47 2 44
816	35 21 2 28
817	43 50 6 23
818	23 14 21 22
819	16 4 20 33
820	6 38 47 4
821	19 1 44 14
822	8 27 1 15
823	17 19 11 26
824	21 3 43 11
825	19 40 25 15
826	46 12 5 18
827	43 31 36 39
828	8 43 10 5
829	23 32 49 2
830	33 1 45 34
831	28 17 38 47
832	12 16 39 24
833	15 47 25 21
834	19 46 43 29
835	5 45 37 11
836	50 1 26 35
837	16 13 33 20
838	8 23 42 33
839	45 42 12 39
840	19 10 15 33
841	27 24 21 43
842	10 21 7 23
843	50 15 32 13
844	29 36 47 45
845	9 34 44 23
846	17 34 26 14
847	26 48 21 6
848	16 7 38 40
849	3 1 20 25
850	9 41 34 26
851	4 8 21 47
852	29 28 8 42
853	37 50 33 31
854	50 23 34 27
855	38 14 15 49
856	7 22 18 4
857	25 8 43 15
858	43 46 26 45
859	45 29 27 43
860	48 41 15 3
861	21 9 49 38
862	24 45 30 10
863	45 19 38 23
864	4 25 22 39
865	30 14 48 19
866	3 29 32 14
867	13 49 27 6
868	40 23 2 33
869	29 30 7 22
870	20 33 23 18
871	25 48 24 36
872	28 5 22 41
873	28 29 21 36
874	44 36 20 12
875	31 19 44 45
876	27 23 13 20
877	4 2 37 42
878	16 10 13 33
879	22 49 4 44
880	45 16 42 47
881	17 13 23 45
882	45 2 20 14
883	22 35 23 19
884	8 15 42 37
885	22 33 32 27
886	9 24 38 6
887	4 40 33 30
888	12 42 49 1
889	17 22 43 5
890	32 45 11 6
891	4 6 47 38
892	15 1 37 9
893	32 27 50 39
894	34 14 16 6
895	39 6 49 14
896	44 48 49 29
897	47 30 19 2
898	9 2 5 45
899	2 12 21 6
900	23 10 45 12
901	6 13 7 44
902	47 7 13 28
903	41 35 49 38
904	36 5 26 21
905	19 32 30 31
906	30 50 44 41
907	39 34 26 13
908	29 42 16 45
909	50 6 7 34
910	27 7 25 23
911	46 32 16 31
912	24 39 21 23
913	24 15 36 9
914	43 21 40 35
915	9 48 5 49
916	48 33 50 35
917	43 22 6 41
918	12 44 9 26
919	36 24 23 31
920	50 32 6 1
921	11 3 1 22
922	31 45 14 18
923	9 36 19 14
924	34 15 18 41
925	17 43 3 34
926	49 35 48 4
927	29 12 41 19
928	13 48 10 12
929	16 47 1 2
930	41 5 46 49
931	11 45 1 36
932	30 1 43 12
933	22 47 48 37
934	11 28 8 48
935	19 11 3 25
936	3 13 48 46
937	27 4 50 26
938	25 14 31 6
939	14 34 15 9
940	2 38 32 30
941	7 4 33 2
942	35 31 41 47
943	20 10 41 30
944	25 33 8 41
945	48 14 45 13
946	23 24 26 1
947	18 13 1 32
948	25 2 50 30
949	19 36 46 44
950	18 32 24 31
951	31 27 40 48
952	19 34 37 4
953	47 45 31 42
954	13 28 19 21
955	4 20 43 42
956	3 34 48 6
957	16 42 47 29
958	47 7 15 20
959	27 7 31 35
960	31 5 20 19
961	27 12 33 5
962	26 27 34 35
963	14 44 29 2
964	4 20 31 49
965	50 33 15 37
966	39 50 22 26
967	29 7 36 47
968	40 29 31 5
969	21 24 25 49
970	35 14 50 37
971	18 32 47 48
972	32 6 9 29
973	5 8 6 44
974	41 12 15 20
975	37 12 8 33
976	14 3 50 19
977	9 6 27 47
978	27 49 42 46
979	38 14 2 33
980	7 12 47 42
981	11 38 27 48
982	19 4 38 6
983	39 33 43 13
984	47 3 48 17
985	16 43 25 47
986	40 13 30 32
987	46 32 26 47
988	28 45 36 32
989	20 49 33 16
990	44 25 49 20
991	44 16 45 12
992	11 1 12 16
993	7 6 46 31
994	2 42 16 37
995	37 7 38 14
996	23 29 13 9
997	36 3 44 8
998	13 43 7 32
999	4 42 49 45
1000	20 13 24 30
