Class Times	10
Rooms	10
1	37	C	1
2	15	A	1
3	62	A	0
4	33	B	0
5	51	B	1
6	87	C	0
7	33	B	0
8	67	B	0
9	67	B	1
10	71	A	1
Classes	50
Teachers	25
1	17	5	C	1
2	22	4	C	1
3	2	2	B	1
4	16	5	C	0
5	17	4	C	0
6	22	2	B	0
7	19	2	B	0
8	15	2	B	0
9	21	4	C	0
10	24	2	B	0
11	25	4	C	0
12	3	4	C	0
13	24	5	C	0
14	12	1	A	0
15	12	1	A	0
16	5	1	A	0
17	7	5	C	0
18	25	1	A	0
19	19	4	C	0
20	5	3	C	0
21	20	5	C	0
22	18	3	C	0
23	9	2	B	0
24	3	4	C	0
25	13	2	B	0
26	15	4	C	0
27	7	1	A	0
28	18	2	B	0
29	21	5	C	0
30	11	2	B	0
31	16	5	C	0
32	2	3	C	0
33	9	3	C	0
34	1	4	C	0
35	23	5	C	0
36	23	1	A	0
37	20	3	C	0
38	13	5	C	0
39	14	5	C	0
40	10	4	C	0
41	1	1	A	0
42	6	4	C	0
43	14	1	A	0
44	8	2	B	0
45	10	2	B	0
46	4	1	A	0
47	6	5	C	0
48	8	5	C	0
49	4	3	C	0
50	11	5	C	0
