Class Times	10
Rooms	10
1	64	A	0
2	40	B	1
3	82	B	0
4	45	C	1
5	12	B	1
6	66	C	1
7	28	C	1
8	94	B	0
9	44	A	1
10	95	C	1
Classes	50
Teachers	25
1	19	5	C	1
2	10	3	C	1
3	16	5	C	1
4	11	1	A	0
5	6	2	B	0
6	9	5	C	0
7	8	4	C	0
8	4	5	C	0
9	6	3	C	0
10	21	5	C	0
11	5	4	C	0
12	9	4	C	0
13	4	1	A	0
14	25	3	C	0
15	24	3	C	0
16	24	3	C	0
17	8	2	B	0
18	5	4	C	0
19	13	4	C	0
20	25	2	B	0
21	15	5	C	0
22	23	2	B	0
23	10	5	C	0
24	7	5	C	0
25	16	3	C	0
26	23	5	C	0
27	13	3	C	0
28	22	3	C	0
29	18	3	C	0
30	18	4	C	0
31	1	4	C	0
32	2	4	C	0
33	22	3	C	0
34	14	2	B	0
35	14	3	C	0
36	12	3	C	0
37	2	2	B	0
38	7	3	C	0
39	1	3	C	0
40	19	3	C	0
41	15	5	C	0
42	21	2	B	0
43	3	5	C	0
44	12	4	C	0
45	17	1	A	0
46	3	5	C	0
47	11	2	B	0
48	20	2	B	0
49	20	1	A	0
50	17	1	A	0
