Students	500
1	49 8 32 47	3	3	0
2	49 6 26 18	2	-1	0
3	11 32 10 48	2	-1	0
4	31 27 26 36	3	5	0
5	4 32 7 21	2	-1	0
6	34 33 22 11	4	2	0
7	4 31 25 10	2	-1	0
8	11 9 42 17	3	3	0
9	40 44 43 46	3	4	0
10	2 47 17 4	1	-1	0
11	31 20 24 12	2	-1	0
12	50 13 5 49	3	4	0
13	50 19 20 42	4	4	0
14	48 11 49 42	2	-1	0
15	1 44 37 16	1	-1	0
16	1 9 20 45	1	-1	0
17	19 44 35 26	3	5	0
18	39 27 33 35	4	2	0
19	29 22 19 26	4	1	0
20	1 36 23 49	1	-1	0
21	1 40 9 11	1	-1	0
22	6 39 33 36	3	1	0
23	38 35 33 28	4	3	0
24	29 48 49 45	4	2	0
25	38 9 6 39	2	-1	0
26	1 23 15 22	1	-1	0
27	13 11 29 49	4	2	0
28	23 13 39 49	2	-1	0
29	3 27 43 26	1	-1	0
30	19 29 49 23	4	4	0
31	2 14 4 43	1	-1	0
32	36 33 43 41	3	3	0
33	15 4 26 38	4	5	0
34	39 24 35 50	2	-1	0
35	1 7 28 34	1	-1	0
36	29 16 32 28	4	2	0
37	25 29 12 6	4	2	0
38	3 32 20 38	1	-1	0
39	16 34 10 26	2	-1	0
40	17 48 32 50	3	4	0
41	45 47 25 21	2	-1	0
42	30 5 40 24	3	5	0
43	28 8 4 47	4	1	0
44	7 26 30 32	4	1	0
45	1 50 5 21	1	-1	0
46	38 34 22 37	4	2	0
47	3 23 32 6	1	-1	0
48	24 19 34 26	4	4	0
49	24 21 12 17	2	-1	0
50	35 41 22 46	2	-1	0
51	26 22 11 31	3	1	0
52	1 26 33 11	1	-1	0
53	31 35 50 10	2	-1	0
54	2 21 14 42	1	-1	0
55	43 14 26 22	3	2	0
56	43 41 19 50	3	5	0
57	26 33 7 48	4	1	0
58	3 11 26 38	1	-1	0
59	2 19 47 25	1	-1	0
60	19 20 11 18	3	1	0
61	7 28 36 39	2	-1	0
62	1 37 26 11	1	-1	0
63	1 41 14 13	1	-1	0
64	11 38 49 4	3	5	0
65	44 27 21 34	3	4	0
66	14 33 13 42	4	3	0
67	27 9 36 26	4	4	0
68	3 25 16 18	1	-1	0
69	3 10 25 36	1	-1	0
70	38 48 26 12	3	2	0
71	34 27 4 19	4	5	0
72	10 8 16 41	3	4	0
73	1 19 9 14	1	-1	0
74	2 41 42 36	1	-1	0
75	39 46 13 21	2	-1	0
76	45 44 21 33	3	3	0
77	37 15 34 49	2	-1	0
78	3 16 28 4	1	-1	0
79	9 6 50 22	4	1	0
80	48 25 37 12	2	-1	0
81	19 5 13 20	4	1	0
82	25 26 48 28	2	-1	0
83	8 11 27 50	3	1	0
84	18 10 34 43	2	-1	0
85	3 16 12 5	1	-1	0
86	5 48 32 10	2	-1	0
87	13 9 44 27	3	3	0
88	27 17 22 5	3	5	0
89	3 14 10 50	1	-1	0
90	3 10 41 17	1	-1	0
91	2 9 6 14	1	-1	0
92	46 22 42 5	4	1	0
93	21 38 12 24	2	-1	0
94	39 15 17 34	3	2	0
95	27 41 31 42	4	2	0
96	9 30 13 24	4	2	0
97	48 25 47 42	4	3	0
98	45 7 50 35	3	1	0
99	1 15 7 18	1	-1	0
100	22 39 45 21	4	4	0
101	38 46 36 39	4	5	0
102	3 4 35 30	1	-1	0
103	16 34 13 18	4	4	0
104	14 32 12 27	4	2	0
105	1 24 43 42	1	-1	0
106	17 49 24 44	3	1	0
107	2 14 27 6	1	-1	0
108	41 10 50 37	3	3	0
109	3 49 10 31	1	-1	0
110	49 20 16 11	2	-1	0
111	13 48 28 14	2	-1	0
112	5 31 36 14	4	2	0
113	7 14 43 27	3	2	0
114	31 13 22 28	4	4	0
115	39 29 15 14	2	-1	0
116	17 28 46 10	4	1	0
117	44 19 6 7	4	1	0
118	11 25 27 40	3	5	0
119	17 33 24 38	4	1	0
120	49 12 14 38	2	-1	0
121	5 45 49 6	2	-1	0
122	1 29 10 48	1	-1	0
123	48 42 24 13	4	4	0
124	11 27 49 21	2	-1	0
125	3 17 50 30	1	-1	0
126	3 24 8 16	1	-1	0
127	34 28 26 25	3	4	0
128	37 10 30 24	2	-1	0
129	49 21 16 4	4	2	0
130	2 39 25 49	1	-1	0
131	14 28 35 19	4	2	0
132	25 35 21 40	4	3	0
133	29 28 31 15	2	-1	0
134	6 23 5 14	4	3	0
135	4 32 18 19	2	-1	0
136	3 40 34 10	1	-1	0
137	50 30 8 24	3	5	0
138	1 35 26 4	1	-1	0
139	48 15 19 11	4	1	0
140	6 19 14 7	3	1	0
141	27 46 14 45	3	3	1
142	11 23 46 8	4	3	0
143	1 19 32 8	1	-1	0
144	3 47 32 45	1	-1	0
145	11 25 37 30	3	2	0
146	26 23 50 42	2	-1	0
147	49 48 19 22	4	1	0
148	3 25 32 39	1	-1	0
149	20 31 28 8	3	4	0
150	45 15 42 5	2	-1	0
151	42 19 46 23	3	2	0
152	3 48 45 21	1	-1	0
153	21 15 17 20	4	2	0
154	1 8 35 45	1	-1	0
155	1 22 34 42	1	-1	0
156	37 22 28 11	2	-1	0
157	29 23 30 12	4	2	0
158	1 13 47 19	1	-1	0
159	50 45 24 21	3	1	1
160	3 8 43 14	1	-1	0
161	46 24 48 23	3	3	0
162	12 4 35 49	4	2	0
163	30 47 12 42	3	2	0
164	7 5 11 32	3	2	0
165	15 26 24 11	4	4	0
166	2 10 11 13	1	-1	0
167	2 14 35 48	1	-1	0
168	43 20 40 13	2	-1	0
169	9 11 16 45	2	-1	0
170	25 43 41 6	2	-1	0
171	49 42 7 17	4	4	0
172	29 16 28 11	2	-1	0
173	42 8 17 12	2	-1	0
174	39 5 49 45	4	4	0
175	34 20 28 14	4	1	0
176	24 34 16 14	3	4	0
177	1 10 41 46	1	-1	0
178	1 13 12 30	1	-1	0
179	50 19 10 30	2	-1	0
180	1 28 34 39	1	-1	0
181	27 13 46 22	3	3	0
182	2 31 49 8	1	-1	0
183	3 11 27 40	1	-1	0
184	10 45 20 5	2	-1	0
185	2 6 35 13	1	-1	0
186	8 7 24 44	4	2	0
187	13 20 48 50	3	2	0
188	49 19 17 28	2	-1	0
189	28 30 39 41	4	1	0
190	49 22 6 35	4	5	0
191	1 31 39 14	1	-1	0
192	11 43 36 20	2	-1	0
193	21 29 25 43	4	4	0
194	22 14 30 4	3	4	0
195	18 30 46 22	4	3	0
196	3 43 15 40	1	-1	0
197	2 9 45 17	1	-1	0
198	32 7 24 19	2	-1	0
199	2 46 47 25	1	-1	0
200	16 31 23 7	3	4	0
201	32 28 45 50	3	4	0
202	38 45 10 48	3	5	0
203	4 33 38 24	3	4	0
204	6 4 50 11	4	3	0
205	13 42 41 28	3	3	0
206	19 12 9 33	4	1	0
207	1 36 14 43	1	-1	0
208	49 19 46 16	4	2	0
209	14 32 15 50	4	5	0
210	22 14 6 26	3	1	0
211	24 38 29 13	3	1	0
212	45 26 37 31	3	5	0
213	25 47 20 32	3	4	0
214	15 21 6 37	2	-1	0
215	5 12 26 41	2	-1	0
216	13 46 48 37	3	4	0
217	10 33 20 14	3	4	1
218	5 7 36 13	4	1	0
219	48 24 19 41	3	5	0
220	7 46 9 48	4	1	0
221	10 35 8 20	4	2	0
222	25 9 39 18	3	2	0
223	2 33 32 9	1	-1	0
224	2 31 37 33	1	-1	0
225	42 31 28 13	2	-1	0
226	14 40 18 16	3	4	0
227	39 9 7 24	2	-1	0
228	3 11 21 41	1	-1	0
229	49 10 45 16	3	1	0
230	13 24 21 35	4	2	0
231	13 21 14 15	3	2	0
232	49 44 7 20	3	5	0
233	3 6 29 27	1	-1	0
234	21 33 48 8	3	2	0
235	34 43 13 19	2	-1	0
236	40 17 25 50	4	2	0
237	28 6 44 8	4	5	0
238	25 16 27 21	2	-1	0
239	27 50 14 35	2	-1	0
240	32 25 14 10	4	3	0
241	1 21 35 12	1	-1	0
242	2 13 24 41	1	-1	0
243	47 15 13 16	2	-1	0
244	12 24 10 21	3	2	0
245	2 11 24 29	1	-1	0
246	11 34 50 26	3	2	0
247	45 10 12 8	2	-1	0
248	15 29 24 9	2	-1	0
249	9 24 19 22	4	5	0
250	37 47 49 39	3	5	0
251	38 21 50 37	3	5	0
252	39 32 40 24	2	-1	0
253	11 35 36 5	4	5	0
254	17 33 9 45	2	-1	0
255	2 36 13 11	1	-1	0
256	2 49 13 32	1	-1	1
257	1 36 10 45	1	-1	0
258	1 38 43 33	1	-1	0
259	4 49 25 37	3	2	0
260	7 39 20 6	2	-1	0
261	43 39 8 9	4	2	0
262	7 28 43 50	2	-1	0
263	20 35 21 49	3	5	0
264	2 34 7 5	1	-1	0
265	45 39 40 36	3	4	0
266	8 15 17 18	2	-1	0
267	1 11 42 19	1	-1	0
268	12 45 20 35	4	2	0
269	1 7 15 33	1	-1	0
270	2 43 44 12	1	-1	0
271	3 6 49 8	1	-1	0
272	17 8 34 36	2	-1	0
273	11 22 10 17	2	-1	0
274	37 34 7 20	2	-1	0
275	19 11 45 9	3	5	0
276	1 16 36 43	1	-1	0
277	20 10 34 41	2	-1	0
278	35 25 36 20	3	2	0
279	25 17 34 29	4	1	0
280	19 37 44 39	2	-1	0
281	2 20 4 45	1	-1	0
282	14 5 12 19	2	-1	0
283	2 16 10 42	1	-1	0
284	11 18 48 27	2	-1	0
285	15 31 24 11	4	1	0
286	35 7 33 43	4	4	0
287	15 16 39 49	4	4	0
288	36 44 34 42	2	-1	0
289	17 32 10 40	4	5	0
290	45 14 26 46	2	-1	0
291	26 23 46 6	3	5	0
292	3 45 39 14	1	-1	0
293	2 50 11 41	1	-1	0
294	33 12 25 16	2	-1	0
295	23 13 37 50	3	2	0
296	45 16 17 32	3	3	0
297	18 48 22 41	3	2	0
298	17 22 13 18	2	-1	1
299	49 14 18 41	2	-1	0
300	28 50 31 43	3	2	0
301	31 16 13 5	3	5	0
302	28 29 4 47	3	3	0
303	48 9 40 35	4	2	0
304	1 38 24 16	1	-1	0
305	30 47 20 50	2	-1	0
306	1 36 49 41	1	-1	0
307	50 40 41 45	3	4	0
308	18 25 17 21	3	2	0
309	24 35 34 44	3	2	0
310	3 27 25 35	1	-1	0
311	35 49 22 19	2	-1	0
312	30 44 22 24	3	2	0
313	42 34 46 39	3	1	0
314	35 34 14 23	2	-1	0
315	8 9 43 21	4	4	0
316	43 24 25 38	4	4	0
317	13 33 29 11	4	4	0
318	49 8 24 33	4	2	0
319	48 42 6 12	3	4	0
320	19 38 33 43	2	-1	0
321	19 49 13 44	2	-1	0
322	39 16 48 18	3	2	0
323	10 25 17 47	2	-1	0
324	3 5 4 11	1	-1	0
325	32 27 26 5	3	1	0
326	6 42 15 48	2	-1	0
327	3 25 41 22	1	-1	0
328	21 6 36 31	4	1	0
329	47 23 33 11	4	1	0
330	1 33 13 8	1	-1	0
331	18 37 5 31	4	4	0
332	3 10 43 44	1	-1	0
333	14 46 34 35	3	5	0
334	3 22 30 14	1	-1	0
335	1 49 29 4	1	-1	0
336	1 16 33 29	1	-1	0
337	5 25 13 23	2	-1	0
338	26 20 44 31	2	-1	0
339	46 14 41 15	4	5	0
340	49 35 16 47	4	5	0
341	3 23 21 34	1	-1	0
342	25 13 37 26	4	2	0
343	13 36 30 4	3	5	0
344	7 12 15 48	4	3	0
345	25 32 13 49	4	2	0
346	2 41 31 17	1	-1	0
347	37 22 23 13	3	4	0
348	31 44 28 32	3	2	0
349	22 38 45 11	2	-1	0
350	3 17 16 22	1	-1	0
351	35 47 28 5	4	1	0
352	50 33 31 11	3	3	0
353	7 45 38 23	3	5	0
354	34 38 14 9	2	-1	0
355	6 42 50 29	4	3	0
356	16 39 47 49	4	1	0
357	42 37 16 14	2	-1	0
358	10 24 37 2	3	3	0
359	25 48 43 7	2	-1	1
360	36 18 48 22	4	5	0
361	25 38 50 12	3	4	0
362	45 18 4 28	3	2	0
363	3 37 24 12	1	-1	0
364	25 5 22 46	3	5	0
365	3 4 36 15	1	-1	0
366	32 29 27 34	2	-1	0
367	36 16 23 25	4	3	0
368	20 35 48 40	3	5	0
369	9 26 34 16	2	-1	0
370	48 9 6 38	2	-1	0
371	3 21 13 26	1	-1	0
372	34 5 28 25	4	1	0
373	20 4 35 21	4	5	0
374	45 19 29 7	4	1	0
375	41 33 26 35	2	-1	0
376	50 19 41 37	2	-1	0
377	4 49 25 40	3	3	0
378	47 42 21 29	3	1	0
379	6 9 4 33	2	-1	0
380	30 26 17 29	2	-1	0
381	2 43 37 44	1	-1	0
382	46 17 7 44	2	-1	0
383	39 35 45 14	3	3	0
384	25 23 14 34	4	4	0
385	41 20 23 9	3	2	0
386	47 6 12 17	2	-1	0
387	45 5 50 25	2	-1	0
388	36 45 17 16	4	1	0
389	49 18 11 36	2	-1	0
390	28 45 15 16	4	1	0
391	46 4 44 21	2	-1	0
392	1 42 9 22	1	-1	0
393	2 35 19 22	1	-1	0
394	11 23 39 37	2	-1	0
395	15 22 28 27	4	2	0
396	3 15 24 48	1	-1	0
397	13 35 36 12	2	-1	0
398	3 42 16 29	1	-1	0
399	24 39 31 49	4	4	0
400	31 7 8 19	2	-1	0
401	27 11 10 46	4	1	0
402	48 39 9 34	2	-1	0
403	49 35 45 44	4	1	0
404	2 18 31 8	1	-1	0
405	4 13 48 9	4	5	0
406	3 41 32 13	1	-1	0
407	3 47 17 50	1	-1	0
408	40 37 7 38	2	-1	0
409	44 48 23 4	2	-1	0
410	42 6 16 4	4	1	0
411	29 12 21 16	2	-1	0
412	3 4 34 38	1	-1	0
413	49 34 44 6	4	1	0
414	24 44 45 47	4	1	0
415	50 15 16 36	2	-1	0
416	3 11 8 15	1	-1	0
417	3 24 48 36	1	-1	0
418	30 39 27 7	4	5	0
419	23 34 46 29	3	3	0
420	2 25 46 28	1	-1	0
421	3 29 22 34	1	-1	0
422	1 21 40 36	1	-1	0
423	24 40 9 8	3	2	0
424	6 50 48 41	3	4	0
425	44 16 29 10	4	4	0
426	31 36 15 40	4	2	0
427	31 10 8 38	2	-1	0
428	45 41 16 44	3	1	0
429	38 25 35 33	2	-1	0
430	15 42 28 24	4	5	0
431	20 33 30 31	4	1	0
432	30 27 38 5	4	4	0
433	1 35 26 27	1	-1	0
434	21 12 41 25	3	2	0
435	9 6 19 44	3	5	0
436	28 21 35 15	4	3	0
437	18 33 44 32	2	-1	0
438	4 11 35 29	3	4	0
439	25 13 27 32	2	-1	0
440	11 15 37 48	2	-1	0
441	3 23 19 11	1	-1	0
442	2 10 8 33	1	-1	0
443	45 15 44 49	3	1	0
444	15 31 14 8	4	4	0
445	47 32 14 8	2	-1	0
446	36 34 7 28	3	5	0
447	40 34 16 31	2	-1	0
448	2 25 27 28	1	-1	0
449	24 7 33 38	2	-1	0
450	3 16 32 29	1	-1	0
451	25 34 42 35	3	5	0
452	5 23 18 12	4	1	0
453	18 13 31 10	3	2	0
454	49 50 38 22	2	-1	0
455	43 28 40 34	3	1	0
456	15 28 18 49	4	1	0
457	2 33 25 43	1	-1	0
458	14 39 29 8	3	2	0
459	18 13 6 48	4	5	0
460	28 24 9 12	2	-1	0
461	13 26 38 10	2	-1	0
462	18 21 32 39	3	3	0
463	22 36 10 45	2	-1	0
464	2 44 36 33	1	-1	0
465	23 36 26 44	4	5	0
466	6 8 31 43	2	-1	0
467	3 11 41 30	1	-1	0
468	39 21 46 28	2	-1	0
469	3 44 30 33	1	-1	0
470	3 12 29 26	1	-1	0
471	8 7 23 11	3	5	0
472	1 9 27 43	1	-1	0
473	17 33 7 44	4	5	0
474	25 36 48 21	4	2	0
475	13 40 42 28	4	4	0
476	48 8 14 44	2	-1	0
477	2 9 22 19	1	-1	0
478	45 29 30 6	2	-1	0
479	29 37 50 5	3	3	0
480	36 11 21 6	4	5	0
481	13 38 32 19	2	-1	0
482	39 43 12 15	4	4	0
483	31 16 30 29	4	5	0
484	49 45 3 10	2	-1	0
485	8 24 7 45	3	2	0
486	18 49 19 5	4	3	0
487	12 44 43 38	4	2	0
488	6 22 18 28	3	2	0
489	2 26 47 33	1	-1	0
490	19 10 40 23	3	1	0
491	21 30 44 43	2	-1	1
492	13 37 30 6	3	3	0
493	38 21 39 32	2	-1	0
494	47 28 25 49	4	2	0
495	2 21 37 36	1	-1	0
496	47 42 45 39	2	-1	0
497	12 23 41 9	2	-1	0
498	11 35 29 9	4	3	0
499	8 4 18 36	2	-1	0
500	25 45 13 8	2	-1	0
