Students	500
1	34 26 30 37	2	-1	0
2	44 19 26 29	4	5	0
3	1 6 21 14	1	-1	0
4	12 39 28 22	4	2	0
5	40 31 38 4	2	-1	0
6	3 26 42 44	1	-1	0
7	21 36 40 25	2	-1	0
8	18 26 21 43	2	-1	0
9	5 7 35 27	3	2	0
10	2 37 15 26	1	-1	0
11	43 48 25 26	2	-1	0
12	46 24 40 13	2	-1	0
13	11 40 13 24	4	5	0
14	9 5 29 10	2	-1	0
15	5 31 29 46	2	-1	0
16	1 22 47 25	1	-1	0
17	2 37 33 22	1	-1	0
18	2 11 8 50	1	-1	0
19	12 25 44 40	2	-1	0
20	36 12 31 48	2	-1	0
21	19 15 44 26	3	4	0
22	22 31 33 49	3	1	0
23	12 39 7 20	3	2	0
24	30 12 39 14	4	3	0
25	46 20 22 25	3	5	0
26	2 22 15 42	1	-1	0
27	11 21 10 30	3	3	0
28	24 34 20 9	3	1	0
29	11 27 32 43	2	-1	0
30	42 35 38 6	3	2	0
31	45 12 42 47	3	4	0
32	47 5 28 13	3	3	0
33	3 18 40 24	1	-1	0
34	18 28 25 41	4	2	0
35	1 30 48 47	1	-1	0
36	18 31 50 1	2	-1	0
37	12 22 43 38	2	-1	0
38	2 15 18 48	1	-1	0
39	46 11 14 49	2	-1	0
40	9 22 28 23	3	1	0
41	44 28 46 27	3	3	0
42	1 31 8 11	1	-1	0
43	2 28 11 40	1	-1	0
44	29 30 48 32	4	4	0
45	34 50 24 9	4	1	0
46	28 22 23 32	3	5	0
47	32 17 42 49	2	-1	0
48	3 18 11 26	1	-1	0
49	44 17 6 29	4	1	0
50	32 10 42 41	2	-1	0
51	25 23 28 32	3	3	0
52	2 44 6 50	1	-1	0
53	43 30 20 49	4	1	0
54	27 45 32 34	2	-1	0
55	44 29 45 48	3	2	0
56	2 5 20 24	1	-1	0
57	41 20 16 44	2	-1	0
58	36 5 42 48	3	5	0
59	11 24 6 36	2	-1	0
60	50 35 16 15	3	2	0
61	4 7 49 32	2	-1	0
62	46 44 22 27	2	-1	0
63	47 17 23 29	3	3	0
64	43 26 16 8	4	1	0
65	13 10 15 44	2	-1	0
66	2 15 35 9	1	-1	0
67	13 44 47 37	2	-1	0
68	25 38 48 26	2	-1	0
69	3 6 35 17	1	-1	0
70	13 40 9 46	3	5	0
71	5 22 24 45	3	4	0
72	1 46 24 25	1	-1	0
73	38 23 35 20	4	4	0
74	20 47 34 22	2	-1	0
75	15 23 8 19	3	3	0
76	24 44 35 17	2	-1	0
77	50 14 47 10	2	-1	0
78	24 46 20 36	2	-1	0
79	1 46 16 31	1	-1	0
80	6 29 24 34	4	1	0
81	30 10 25 6	3	2	0
82	1 24 27 42	1	-1	0
83	3 29 21 17	1	-1	0
84	11 32 42 22	2	-1	0
85	41 38 8 15	4	4	0
86	20 31 38 35	2	-1	0
87	3 40 37 21	1	-1	0
88	1 22 15 48	1	-1	0
89	6 29 14 31	3	2	0
90	3 14 20 49	1	-1	0
91	17 19 10 50	4	5	0
92	46 14 18 48	4	2	0
93	13 8 28 33	2	-1	0
94	27 18 34 50	4	5	0
95	2 18 32 10	1	-1	0
96	39 13 9 16	2	-1	0
97	38 19 17 49	4	2	0
98	28 47 15 21	4	5	0
99	18 13 35 19	3	2	0
100	45 18 48 15	3	5	0
101	49 27 50 21	4	2	0
102	2 40 46 38	1	-1	0
103	5 49 45 50	2	-1	0
104	33 31 23 32	2	-1	0
105	43 4 25 14	2	-1	0
106	23 24 38 16	2	-1	0
107	6 17 47 12	3	1	0
108	11 32 30 46	3	5	0
109	14 29 38 8	4	2	0
110	3 33 49 45	1	-1	0
111	37 31 7 13	3	2	0
112	3 10 20 40	1	-1	1
113	49 8 28 42	3	1	0
114	50 25 34 30	4	5	0
115	16 29 10 36	3	5	0
116	2 30 5 11	1	-1	0
117	31 48 35 26	4	2	0
118	1 20 28 26	1	-1	0
119	34 17 22 13	4	3	0
120	5 35 37 17	4	2	0
121	13 16 30 41	4	5	1
122	43 40 44 12	4	5	0
123	2 23 50 46	1	-1	0
124	40 11 25 35	3	4	0
125	21 23 8 4	3	2	0
126	44 30 5 11	2	-1	0
127	6 27 48 8	2	-1	0
128	49 29 6 22	2	-1	0
129	2 17 34 20	1	-1	0
130	34 48 45 21	4	3	0
131	43 48 42 9	4	5	0
132	41 24 35 42	2	-1	0
133	14 19 46 20	4	1	0
134	3 20 4 31	1	-1	0
135	22 35 27 41	4	3	0
136	16 31 37 10	4	3	0
137	27 5 49 39	3	1	0
138	33 48 49 50	4	1	0
139	36 33 38 8	2	-1	0
140	8 47 38 29	2	-1	0
141	1 34 12 22	1	-1	0
142	1 47 10 23	1	-1	0
143	10 4 38 29	3	2	0
144	49 11 22 34	2	-1	0
145	15 7 42 14	2	-1	0
146	7 31 50 44	2	-1	0
147	12 38 17 50	4	1	0
148	3 11 6 20	1	-1	0
149	19 35 18 28	4	3	0
150	32 27 7 17	2	-1	0
151	41 25 16 42	2	-1	0
152	26 22 40 20	2	-1	0
153	47 25 8 13	4	2	0
154	17 16 27 5	4	1	0
155	14 5 25 36	2	-1	0
156	1 12 24 47	1	-1	0
157	8 20 35 21	3	2	0
158	19 39 45 48	3	5	0
159	15 40 14 38	2	-1	0
160	13 34 28 30	2	-1	0
161	12 40 30 17	2	-1	0
162	27 2 13 47	3	1	0
163	44 29 13 30	3	3	0
164	11 33 27 46	3	3	0
165	43 30 44 42	2	-1	0
166	38 9 4 33	3	5	0
167	2 31 36 8	1	-1	0
168	35 38 50 49	4	3	0
169	4 32 5 17	2	-1	0
170	9 30 13 14	3	5	0
171	41 47 19 40	3	4	0
172	21 4 28 26	3	2	0
173	12 5 18 10	4	5	0
174	3 40 28 20	1	-1	0
175	9 39 15 22	4	3	0
176	8 6 22 37	3	1	0
177	12 41 33 15	2	-1	0
178	47 18 10 49	2	-1	0
179	2 39 37 18	1	-1	0
180	14 19 7 43	2	-1	0
181	3 47 6 41	1	-1	0
182	2 37 45 44	1	-1	0
183	27 39 43 11	3	5	0
184	19 14 40 41	4	5	0
185	35 8 44 21	4	1	0
186	48 10 30 32	3	5	0
187	47 45 17 36	3	2	0
188	11 28 10 42	4	1	0
189	28 4 7 47	2	-1	0
190	35 30 26 38	4	3	0
191	7 5 12 25	4	5	0
192	41 8 35 37	2	-1	0
193	3 22 4 35	1	-1	0
194	35 40 23 37	3	4	0
195	23 37 36 47	2	-1	0
196	45 5 49 17	2	-1	0
197	21 12 15 32	2	-1	0
198	48 42 39 35	3	4	0
199	3 13 30 11	1	-1	0
200	23 11 4 9	3	1	0
201	41 5 12 8	4	1	0
202	17 15 33 29	2	-1	0
203	38 24 7 43	3	3	0
204	35 45 21 28	3	5	0
205	3 47 24 41	1	-1	0
206	32 50 39 9	4	4	0
207	2 14 40 30	1	-1	0
208	22 20 21 18	3	4	0
209	2 13 30 40	1	-1	0
210	6 33 23 25	2	-1	0
211	29 27 32 30	3	5	0
212	4 29 28 8	3	5	0
213	47 26 22 15	2	-1	0
214	37 21 43 28	3	2	0
215	15 33 31 38	3	4	0
216	31 22 46 28	2	-1	0
217	47 4 30 32	3	4	0
218	2 40 28 34	1	-1	0
219	3 31 11 13	1	-1	0
220	2 14 15 36	1	-1	0
221	33 31 13 34	3	4	0
222	47 41 30 33	2	-1	0
223	47 32 33 46	4	2	0
224	4 34 36 19	4	2	0
225	38 22 35 41	3	3	0
226	31 42 30 23	2	-1	0
227	2 48 34 32	1	-1	0
228	2 25 28 42	1	-1	0
229	1 35 46 17	1	-1	0
230	3 25 26 5	1	-1	0
231	5 22 10 23	4	2	0
232	11 27 32 41	2	-1	0
233	50 49 6 1	2	-1	0
234	1 50 14 19	1	-1	0
235	30 12 20 40	3	5	0
236	19 50 49 27	4	2	0
237	31 16 40 24	4	4	0
238	41 19 28 49	3	5	0
239	14 16 50 4	3	1	0
240	1 16 21 41	1	-1	0
241	3 43 31 20	1	-1	0
242	21 40 50 20	2	-1	0
243	38 7 39 22	4	2	0
244	2 37 31 21	1	-1	0
245	43 49 24 30	3	3	0
246	2 39 12 46	1	-1	0
247	30 25 50 36	4	2	0
248	46 29 12 28	4	2	0
249	26 38 44 21	4	5	0
250	1 12 36 45	1	-1	0
251	42 15 17 21	4	4	0
252	16 5 28 29	2	-1	0
253	1 48 44 25	1	-1	0
254	1 23 10 8	1	-1	0
255	9 20 32 42	4	4	0
256	28 36 23 26	4	1	0
257	48 21 37 50	4	2	0
258	30 18 33 46	4	4	0
259	43 27 42 6	4	2	0
260	25 50 34 39	2	-1	0
261	2 34 37 41	1	-1	0
262	1 36 42 9	1	-1	0
263	1 32 44 7	1	-1	0
264	32 29 13 20	4	2	0
265	40 23 4 50	4	5	0
266	3 24 14 49	1	-1	0
267	45 32 7 15	2	-1	0
268	26 41 39 10	3	1	0
269	12 25 11 40	4	4	0
270	24 33 32 28	3	2	0
271	20 14 31 11	3	2	0
272	15 6 13 27	3	5	0
273	43 15 38 35	3	5	0
274	32 26 50 14	4	5	0
275	14 22 42 15	3	3	0
276	34 38 20 11	3	4	0
277	3 23 46 13	1	-1	0
278	6 23 29 33	4	3	0
279	44 9 16 25	2	-1	0
280	6 37 5 32	4	1	0
281	1 13 6 28	1	-1	0
282	42 12 16 3	3	4	0
283	44 33 46 47	3	2	0
284	25 7 41 29	3	4	0
285	3 34 46 14	1	-1	0
286	35 45 14 9	4	3	0
287	1 30 23 21	1	-1	0
288	16 47 29 5	4	1	0
289	2 20 50 4	1	-1	0
290	27 25 20 41	3	1	0
291	35 34 15 44	4	2	0
292	36 17 40 19	3	5	0
293	27 12 23 26	4	5	0
294	27 26 22 29	4	2	0
295	25 18 33 24	4	2	0
296	2 24 8 12	1	-1	0
297	8 15 22 16	3	3	0
298	3 40 42 29	1	-1	0
299	31 22 48 14	4	5	0
300	26 28 24 23	3	3	0
301	7 46 12 23	2	-1	0
302	3 26 7 44	1	-1	0
303	3 32 8 13	1	-1	0
304	49 11 50 25	4	2	0
305	33 41 20 23	4	1	0
306	3 33 27 49	1	-1	0
307	22 4 45 35	4	1	0
308	5 42 26 43	4	2	0
309	24 49 14 6	2	-1	0
310	22 8 40 43	4	2	0
311	38 23 33 19	2	-1	0
312	3 30 14 41	1	-1	0
313	46 21 11 20	2	-1	0
314	40 39 45 24	2	-1	0
315	25 35 40 13	4	5	0
316	31 45 9 8	3	1	0
317	29 25 18 8	3	1	0
318	1 45 42 40	1	-1	0
319	50 40 46 36	4	4	0
320	2 47 46 16	1	-1	0
321	3 36 38 34	1	-1	0
322	36 38 21 34	3	4	0
323	26 21 11 34	4	1	0
324	47 30 27 24	4	5	0
325	50 8 45 18	2	-1	0
326	49 37 17 28	2	-1	0
327	1 14 38 48	1	-1	0
328	33 22 14 24	3	5	0
329	3 21 29 2	1	-1	0
330	3 7 20 17	1	-1	0
331	37 15 30 10	4	1	0
332	29 19 9 16	3	2	0
333	39 6 25 35	3	5	0
334	25 12 11 34	4	2	0
335	36 42 24 28	4	1	0
336	25 29 26 21	3	5	0
337	42 4 47 33	2	-1	0
338	5 35 8 40	2	-1	0
339	2 43 49 50	1	-1	0
340	1 18 4 46	1	-1	0
341	47 39 19 9	3	5	0
342	33 21 20 44	4	3	0
343	3 42 26 22	1	-1	0
344	32 29 12 8	4	4	0
345	1 33 38 27	1	-1	0
346	47 44 49 10	2	-1	0
347	47 32 37 48	4	1	0
348	23 10 45 35	2	-1	0
349	34 21 35 50	4	3	0
350	31 48 43 42	4	1	0
351	33 23 38 28	3	2	0
352	3 15 22 47	1	-1	0
353	12 45 46 28	2	-1	0
354	5 18 32 13	2	-1	0
355	43 39 19 32	4	1	0
356	30 41 12 46	4	4	0
357	13 8 46 31	3	2	0
358	1 42 17 38	1	-1	0
359	32 38 18 46	2	-1	0
360	7 30 44 42	3	1	0
361	3 7 23 16	1	-1	0
362	15 17 26 34	2	-1	0
363	1 19 10 28	1	-1	0
364	5 41 18 38	3	1	0
365	2 44 13 43	1	-1	0
366	42 34 38 49	3	5	0
367	34 29 25 44	2	-1	0
368	26 20 6 17	3	2	0
369	12 37 9 35	2	-1	0
370	2 7 30 19	1	-1	0
371	6 12 8 43	3	1	0
372	42 41 14 45	4	1	0
373	4 44 41 34	3	3	0
374	3 7 41 20	1	-1	0
375	20 18 14 10	2	-1	0
376	16 41 21 25	4	5	0
377	35 32 29 11	3	3	0
378	19 15 42 17	2	-1	0
379	50 29 28 43	4	2	0
380	5 33 16 22	3	5	0
381	2 50 47 17	1	-1	0
382	39 31 24 30	2	-1	0
383	1 4 36 32	1	-1	0
384	3 9 41 21	1	-1	0
385	44 15 38 40	4	5	0
386	45 22 18 39	2	-1	0
387	28 38 49 36	2	-1	0
388	50 37 19 33	3	2	0
389	43 40 47 19	2	-1	0
390	3 5 22 26	1	-1	0
391	41 32 20 44	2	-1	0
392	3 38 7 25	1	-1	0
393	29 35 30 43	4	3	0
394	36 30 7 15	2	-1	0
395	12 50 49 27	3	3	0
396	25 6 4 41	2	-1	0
397	3 50 26 30	1	-1	0
398	4 13 44 40	3	2	0
399	2 39 28 13	1	-1	0
400	17 15 41 9	3	2	0
401	12 39 45 44	4	2	0
402	18 31 42 43	4	2	0
403	2 21 6 49	1	-1	0
404	4 18 27 13	3	1	0
405	37 28 43 24	4	1	0
406	31 30 45 14	2	-1	0
407	34 13 16 6	2	-1	0
408	3 17 22 34	1	-1	0
409	1 16 5 17	1	-1	0
410	28 18 49 50	4	3	0
411	2 49 5 10	1	-1	0
412	36 31 16 47	4	2	0
413	23 4 16 37	4	3	0
414	4 35 32 10	4	2	0
415	1 14 21 20	1	-1	0
416	20 42 21 35	3	2	0
417	15 4 42 23	3	1	1
418	2 36 39 13	1	-1	0
419	47 35 27 12	3	1	0
420	49 35 48 39	3	3	0
421	8 35 38 32	2	-1	0
422	5 28 44 43	2	-1	0
423	41 21 13 17	2	-1	0
424	2 43 50 45	1	-1	0
425	24 8 15 17	3	5	0
426	1 27 16 4	1	-1	0
427	38 47 21 31	2	-1	0
428	3 28 5 32	1	-1	0
429	2 26 35 14	1	-1	0
430	47 19 33 26	4	2	0
431	1 39 23 25	1	-1	0
432	2 46 7 26	1	-1	0
433	46 28 34 44	2	-1	0
434	13 28 49 14	2	-1	0
435	22 12 21 28	2	-1	0
436	3 15 38 26	1	-1	0
437	19 45 4 11	4	1	0
438	19 9 44 14	3	2	0
439	1 17 45 35	1	-1	0
440	1 15 7 44	1	-1	0
441	33 11 15 48	4	5	0
442	2 14 50 7	1	-1	0
443	38 23 29 18	3	3	0
444	24 47 50 15	3	4	0
445	23 12 16 34	3	4	0
446	35 27 6 18	3	3	0
447	24 26 30 36	2	-1	0
448	2 29 17 13	1	-1	0
449	26 42 49 34	3	1	0
450	11 42 28 13	2	-1	0
451	3 48 5 15	1	-1	0
452	11 5 27 50	2	-1	0
453	2 32 18 34	1	-1	0
454	37 30 18 43	3	5	0
455	46 27 26 42	2	-1	0
456	31 44 37 27	3	4	0
457	3 46 13 30	1	-1	0
458	1 13 36 15	1	-1	0
459	17 39 46 4	3	1	0
460	49 39 32 34	2	-1	0
461	7 34 38 31	3	4	0
462	4 35 25 9	2	-1	0
463	1 14 45 7	1	-1	0
464	48 44 33 12	3	5	0
465	22 8 30 45	4	5	0
466	2 24 21 13	1	-1	0
467	1 22 29 32	1	-1	0
468	3 42 16 35	1	-1	0
469	5 47 34 12	4	1	0
470	20 47 17 48	4	4	0
471	23 11 5 19	3	4	0
472	44 6 46 7	2	-1	0
473	20 49 21 36	4	5	0
474	23 7 49 36	4	3	0
475	50 42 31 7	4	1	0
476	13 41 22 5	3	5	0
477	1 9 47 21	1	-1	0
478	2 26 38 43	1	-1	0
479	9 15 18 5	2	-1	0
480	3 32 21 6	1	-1	0
481	39 6 29 43	3	2	0
482	22 11 41 39	4	3	0
483	3 13 35 8	1	-1	0
484	24 50 19 23	4	4	0
485	1 28 38 10	1	-1	0
486	17 21 18 22	4	1	0
487	50 46 29 33	4	3	0
488	46 36 33 5	4	5	0
489	9 37 18 14	4	1	0
490	46 24 49 47	4	5	0
491	45 13 12 10	2	-1	0
492	36 5 15 17	4	2	0
493	27 21 26 29	4	5	0
494	46 13 29 32	3	3	0
495	49 43 48 11	4	5	0
496	2 42 10 9	1	-1	0
497	32 40 9 4	4	2	0
498	2 48 7 8	1	-1	0
499	1 4 10 18	1	-1	0
500	38 35 25 41	3	4	0
