Students	500
1	49 22 48 40	4	4	0
2	3 31 38 48	1	-1	0
3	44 16 32 25	3	3	0
4	14 16 44 15	2	-1	0
5	3 42 44 24	1	-1	0
6	3 44 46 36	1	-1	0
7	37 4 19 18	3	3	0
8	2 17 39 19	1	-1	0
9	46 31 10 30	2	-1	0
10	9 35 45 36	2	-1	0
11	16 28 33 49	3	5	0
12	30 46 15 4	2	-1	0
13	28 40 12 4	4	4	0
14	13 31 14 5	2	-1	0
15	3 35 5 33	1	-1	0
16	49 28 41 33	2	-1	0
17	43 49 28 22	3	1	0
18	1 45 29 40	1	-1	0
19	39 46 12 10	3	1	0
20	10 23 44 11	3	3	0
21	1 19 17 47	1	-1	1
22	32 10 14 28	3	3	0
23	26 9 31 34	3	3	0
24	1 40 47 5	1	-1	0
25	38 16 19 26	4	1	0
26	7 17 24 48	4	2	0
27	1 43 45 48	1	-1	0
28	39 49 16 44	3	2	0
29	30 48 33 8	2	-1	0
30	22 27 42 21	4	5	0
31	43 23 14 50	4	5	0
32	2 50 26 10	1	-1	0
33	36 29 18 6	4	5	0
34	5 40 11 24	3	1	0
35	3 26 23 38	1	-1	0
36	32 35 7 43	4	5	0
37	50 6 17 21	2	-1	0
38	3 37 43 7	1	-1	0
39	1 14 45 23	1	-1	0
40	36 24 49 6	4	1	0
41	2 49 10 27	1	-1	0
42	2 33 21 26	1	-1	0
43	14 21 39 27	3	1	0
44	13 36 46 27	2	-1	0
45	23 37 12 21	2	-1	0
46	2 37 42 29	1	-1	0
47	2 21 11 46	1	-1	0
48	42 25 50 33	3	4	0
49	49 50 28 44	4	4	0
50	45 25 33 39	3	3	0
51	33 14 48 41	2	-1	0
52	50 23 41 26	2	-1	0
53	14 5 10 18	3	3	0
54	27 36 24 35	4	5	0
55	45 25 43 11	3	4	0
56	42 8 5 30	3	1	0
57	32 8 17 31	3	5	0
58	1 26 24 19	1	-1	0
59	3 41 32 16	1	-1	0
60	21 4 39 26	2	-1	0
61	2 17 25 28	1	-1	0
62	28 15 5 12	4	3	0
63	3 37 15 7	1	-1	0
64	8 28 50 40	2	-1	0
65	1 30 13 10	1	-1	0
66	30 43 17 11	4	3	0
67	24 11 28 12	3	2	0
68	4 25 42 49	2	-1	0
69	31 35 11 27	2	-1	0
70	43 45 42 18	3	4	0
71	45 42 30 29	4	2	0
72	1 46 23 30	1	-1	0
73	29 32 18 46	2	-1	0
74	27 29 8 1	2	-1	0
75	24 23 20 21	2	-1	0
76	16 38 44 48	2	-1	0
77	46 47 28 17	4	4	0
78	1 21 10 25	1	-1	0
79	7 25 44 4	2	-1	0
80	27 33 6 19	3	2	0
81	6 50 11 20	3	3	0
82	31 32 13 23	3	4	0
83	5 41 48 29	3	3	0
84	47 8 21 17	4	5	0
85	37 43 25 23	2	-1	0
86	41 26 8 32	2	-1	0
87	40 43 31 42	2	-1	0
88	12 46 44 9	3	4	0
89	1 43 29 7	1	-1	0
90	39 6 29 50	3	4	0
91	6 31 21 17	2	-1	0
92	21 31 28 14	3	3	0
93	1 48 31 15	1	-1	0
94	31 36 6 38	4	5	0
95	37 46 27 45	4	2	0
96	6 19 30 21	4	3	0
97	36 42 46 9	4	2	0
98	33 44 10 46	2	-1	0
99	2 8 28 40	1	-1	0
100	49 43 21 12	4	3	0
101	3 7 11 49	1	-1	0
102	1 27 19 40	1	-1	0
103	25 35 12 43	4	4	0
104	42 41 5 35	3	3	0
105	16 10 5 26	2	-1	0
106	3 25 36 46	1	-1	0
107	26 28 16 23	2	-1	0
108	35 50 31 37	3	3	0
109	2 4 17 47	1	-1	0
110	19 42 16 26	4	5	0
111	26 13 5 32	3	2	0
112	23 28 50 43	3	1	0
113	25 36 22 30	4	3	0
114	37 47 13 45	4	4	0
115	12 47 40 30	3	5	0
116	47 46 27 49	4	3	0
117	18 17 27 31	3	5	0
118	44 15 11 5	3	1	0
119	2 36 34 49	1	-1	0
120	32 24 19 42	3	4	0
121	2 38 8 28	1	-1	0
122	2 37 4 11	1	-1	0
123	1 35 46 43	1	-1	0
124	5 33 12 10	2	-1	0
125	26 20 37 41	4	4	0
126	1 49 16 32	1	-1	0
127	3 26 20 34	1	-1	0
128	1 21 8 12	1	-1	0
129	19 45 4 40	2	-1	0
130	39 42 22 17	2	-1	0
131	25 26 11 8	4	3	0
132	15 43 33 8	2	-1	0
133	8 30 39 35	3	2	0
134	2 28 36 40	1	-1	0
135	2 16 23 24	1	-1	0
136	46 34 35 41	2	-1	0
137	17 41 28 36	4	4	0
138	13 18 45 8	2	-1	0
139	1 5 46 43	1	-1	0
140	33 6 37 50	2	-1	0
141	25 7 33 48	3	1	0
142	1 32 35 4	1	-1	0
143	17 40 29 38	3	1	0
144	14 13 32 43	3	2	0
145	25 49 44 43	2	-1	0
146	9 43 44 27	3	4	0
147	48 15 42 47	3	2	0
148	16 28 46 20	3	5	0
149	17 6 10 7	3	1	0
150	28 8 37 29	2	-1	0
151	1 16 45 12	1	-1	0
152	4 21 9 29	3	3	0
153	2 16 12 42	1	-1	0
154	42 19 5 4	4	4	0
155	24 23 43 49	2	-1	0
156	3 32 29 42	1	-1	0
157	13 26 4 34	4	3	0
158	25 24 26 46	3	5	0
159	11 18 40 50	3	2	0
160	27 22 44 6	4	2	0
161	11 31 44 38	4	2	0
162	21 39 10 30	2	-1	0
163	46 9 11 23	3	3	0
164	28 49 36 5	4	4	0
165	13 50 8 5	4	2	0
166	3 28 12 5	1	-1	0
167	3 10 32 50	1	-1	0
168	1 4 48 21	1	-1	0
169	11 48 17 29	2	-1	0
170	36 21 33 19	2	-1	0
171	32 36 7 17	2	-1	0
172	3 26 18 44	1	-1	0
173	14 46 10 4	3	1	0
174	1 49 33 39	1	-1	0
175	19 22 39 20	3	1	0
176	48 8 22 14	2	-1	0
177	37 33 9 40	2	-1	0
178	23 40 10 7	2	-1	0
179	24 44 7 16	3	5	0
180	2 10 27 28	1	-1	0
181	49 18 34 30	2	-1	0
182	43 18 28 24	3	4	0
183	34 24 7 47	2	-1	0
184	13 7 9 43	2	-1	0
185	3 44 9 20	1	-1	0
186	34 22 47 44	4	2	0
187	2 37 19 46	1	-1	0
188	5 38 28 40	2	-1	0
189	10 30 44 27	4	3	0
190	50 49 9 42	4	3	0
191	2 17 35 15	1	-1	0
192	3 17 42 30	1	-1	0
193	10 42 36 9	4	2	0
194	48 28 24 19	3	1	0
195	12 10 8 38	3	1	0
196	1 22 45 25	1	-1	0
197	30 38 20 37	2	-1	0
198	17 38 23 9	3	3	0
199	14 25 28 34	3	1	0
200	35 21 7 10	3	5	0
201	7 23 33 27	3	4	0
202	27 28 32 25	3	1	0
203	41 8 35 30	2	-1	0
204	21 31 44 19	2	-1	0
205	37 45 27 31	2	-1	0
206	11 27 8 40	4	3	0
207	15 40 38 47	4	1	0
208	47 27 14 42	4	5	0
209	1 46 28 25	1	-1	0
210	15 24 26 48	3	2	0
211	3 17 39 45	1	-1	0
212	45 39 13 7	3	4	0
213	34 28 25 10	2	-1	0
214	2 31 14 34	1	-1	0
215	46 47 9 4	4	2	0
216	21 25 45 19	4	5	0
217	28 26 25 29	2	-1	0
218	15 4 20 27	3	4	0
219	4 29 14 35	4	4	0
220	44 47 49 46	3	2	0
221	36 50 45 8	4	4	0
222	8 25 38 49	2	-1	0
223	46 16 48 17	2	-1	0
224	26 38 12 8	2	-1	0
225	6 27 50 5	4	4	0
226	45 20 50 14	2	-1	0
227	45 47 33 46	2	-1	0
228	48 18 14 6	2	-1	0
229	24 48 30 46	2	-1	0
230	8 16 23 40	2	-1	0
231	23 49 30 5	4	5	0
232	5 35 19 7	4	2	0
233	46 16 42 20	4	3	0
234	39 15 44 16	2	-1	0
235	11 12 7 20	3	2	0
236	2 42 45 31	1	-1	0
237	50 29 14 36	3	3	0
238	33 31 20 30	2	-1	0
239	28 10 17 21	2	-1	0
240	21 25 5 38	2	-1	0
241	43 32 5 41	4	4	0
242	32 17 47 48	3	4	0
243	13 28 42 37	3	3	0
244	48 4 50 14	4	1	0
245	30 36 38 9	2	-1	0
246	6 17 15 30	2	-1	0
247	1 20 50 10	1	-1	0
248	3 34 15 27	1	-1	0
249	5 16 18 47	4	3	0
250	6 49 50 33	2	-1	0
251	34 39 8 30	3	2	0
252	1 27 9 49	1	-1	0
253	26 35 41 9	4	2	0
254	23 31 45 30	4	4	0
255	44 48 28 10	3	2	0
256	21 19 13 41	3	4	0
257	29 22 14 13	4	4	0
258	1 37 18 41	1	-1	0
259	26 29 42 23	3	3	0
260	12 41 50 25	3	3	0
261	29 16 4 40	2	-1	0
262	16 40 46 5	3	2	0
263	20 38 10 4	2	-1	0
264	2 10 40 49	1	-1	0
265	2 41 35 5	1	-1	0
266	38 13 33 23	2	-1	0
267	38 39 22 12	3	4	0
268	3 41 39 10	1	-1	0
269	31 18 32 35	3	5	0
270	1 19 26 41	1	-1	0
271	26 15 7 46	2	-1	0
272	3 25 19 39	1	-1	0
273	32 50 42 6	2	-1	0
274	2 44 35 25	1	-1	0
275	18 22 19 34	3	1	0
276	20 43 14 18	4	5	0
277	17 27 24 43	2	-1	0
278	22 32 9 26	2	-1	0
279	11 9 50 21	4	5	0
280	11 17 35 50	4	2	0
281	47 48 25 10	2	-1	0
282	32 48 22 6	4	3	0
283	1 8 16 24	1	-1	0
284	2 39 17 32	1	-1	0
285	9 34 50 43	3	4	0
286	42 16 28 8	2	-1	0
287	1 19 43 29	1	-1	0
288	24 25 32 23	4	2	0
289	14 39 36 38	2	-1	0
290	33 4 48 6	2	-1	0
291	11 13 5 7	2	-1	0
292	13 7 32 15	3	3	0
293	6 26 48 4	4	1	0
294	21 43 7 24	3	4	0
295	25 27 31 18	4	1	0
296	2 49 42 45	1	-1	0
297	15 33 32 5	2	-1	0
298	18 34 6 29	3	5	0
299	3 13 31 29	1	-1	0
300	14 42 13 6	4	2	0
301	25 10 13 34	3	4	0
302	3 15 25 4	1	-1	0
303	29 24 16 48	4	2	0
304	13 45 21 8	4	3	0
305	16 8 18 19	4	2	0
306	1 7 36 47	1	-1	0
307	48 21 27 40	3	1	0
308	1 10 39 7	1	-1	0
309	36 14 48 10	4	1	0
310	27 8 11 12	4	1	0
311	33 16 18 21	2	-1	0
312	39 30 5 44	3	1	0
313	3 42 44 32	1	-1	0
314	14 30 23 33	4	3	0
315	8 25 14 33	2	-1	0
316	30 19 11 48	3	4	0
317	40 4 21 42	2	-1	0
318	30 28 26 18	2	-1	0
319	40 9 4 29	4	3	0
320	12 32 21 6	2	-1	0
321	33 47 17 14	2	-1	0
322	39 9 32 15	3	1	0
323	3 41 48 29	1	-1	0
324	16 22 23 13	3	5	0
325	48 25 9 8	2	-1	0
326	3 9 27 39	1	-1	0
327	3 4 46 18	1	-1	0
328	24 44 42 12	2	-1	0
329	34 9 19 7	3	4	0
330	10 14 13 43	2	-1	0
331	19 44 49 8	4	2	0
332	38 9 50 18	2	-1	0
333	2 39 15 50	1	-1	0
334	3 21 10 12	1	-1	0
335	3 43 17 25	1	-1	0
336	12 20 17 39	4	3	0
337	32 5 23 15	3	5	0
338	40 46 39 49	2	-1	0
339	22 41 45 20	3	2	0
340	3 22 38 14	1	-1	0
341	35 24 25 14	4	1	0
342	1 42 35 47	1	-1	0
343	3 34 19 28	1	-1	0
344	30 33 23 36	3	4	0
345	10 35 19 21	2	-1	0
346	8 47 12 18	3	4	0
347	48 11 50 25	3	5	0
348	9 17 40 42	2	-1	0
349	38 42 17 35	3	5	0
350	35 19 13 11	3	5	0
351	34 39 46 23	2	-1	0
352	42 23 41 38	4	5	0
353	10 38 39 28	4	1	0
354	3 16 32 34	1	-1	0
355	1 46 20 9	1	-1	0
356	4 5 32 10	3	5	0
357	46 42 2 15	2	-1	0
358	47 39 35 14	4	2	0
359	1 9 21 50	1	-1	0
360	1 20 39 32	1	-1	0
361	18 7 32 23	2	-1	0
362	36 11 24 45	4	2	0
363	22 40 50 33	3	2	0
364	46 5 32 41	3	1	0
365	4 36 6 40	2	-1	0
366	2 29 47 11	1	-1	0
367	13 17 43 9	2	-1	0
368	29 4 27 30	2	-1	0
369	49 21 22 47	3	5	0
370	34 6 35 38	4	4	0
371	42 43 26 35	2	-1	0
372	16 44 42 11	3	4	0
373	30 21 15 31	3	3	0
374	50 45 20 13	3	1	0
375	24 12 26 46	3	1	0
376	32 20 31 15	4	5	0
377	38 27 50 49	4	4	0
378	28 4 47 40	4	4	0
379	32 18 37 28	3	3	0
380	3 36 4 46	1	-1	0
381	24 14 34 28	2	-1	0
382	1 32 21 39	1	-1	0
383	36 15 20 23	3	2	0
384	31 40 16 32	4	1	0
385	2 45 48 22	1	-1	0
386	6 19 43 10	2	-1	0
387	11 42 33 37	2	-1	0
388	1 28 49 27	1	-1	0
389	50 15 28 35	3	4	0
390	39 24 11 36	4	5	0
391	25 46 18 49	4	2	0
392	3 5 45 18	1	-1	0
393	40 27 50 22	3	5	0
394	7 37 27 17	4	5	0
395	1 14 6 31	1	-1	0
396	45 14 34 21	3	3	0
397	35 40 15 49	3	3	0
398	1 17 5 22	1	-1	0
399	19 29 47 16	2	-1	0
400	40 48 16 13	3	4	0
401	29 43 21 40	4	1	0
402	1 45 49 8	1	-1	0
403	1 7 20 33	1	-1	0
404	28 7 27 37	2	-1	0
405	35 28 26 15	2	-1	0
406	1 7 4 26	1	-1	0
407	17 19 25 16	2	-1	0
408	45 43 26 10	2	-1	0
409	18 47 48 40	3	5	0
410	24 32 14 30	3	5	0
411	3 16 10 15	1	-1	0
412	1 49 37 26	1	-1	0
413	2 30 38 32	1	-1	0
414	43 6 8 16	3	4	0
415	25 42 12 9	3	5	0
416	2 7 5 40	1	-1	0
417	40 17 21 4	2	-1	0
418	16 18 17 25	3	2	0
419	46 21 12 48	2	-1	0
420	21 13 48 29	4	2	0
421	2 46 42 33	1	-1	0
422	3 33 31 22	1	-1	0
423	41 23 4 17	3	3	0
424	1 45 29 10	1	-1	0
425	50 10 34 21	4	5	0
426	48 22 43 10	3	5	0
427	29 25 45 32	3	2	0
428	44 16 35 4	3	5	0
429	3 45 13 29	1	-1	0
430	32 8 49 15	2	-1	0
431	1 42 5 23	1	-1	0
432	13 50 41 32	2	-1	0
433	5 17 32 19	3	2	0
434	2 27 38 24	1	-1	0
435	1 48 33 15	1	-1	0
436	3 24 16 22	1	-1	0
437	35 41 10 22	4	4	0
438	2 33 29 14	1	-1	0
439	2 45 27 19	1	-1	0
440	38 9 36 5	4	5	0
441	37 38 29 23	4	5	0
442	2 50 19 48	1	-1	0
443	2 33 49 26	1	-1	0
444	7 23 10 4	2	-1	0
445	4 42 43 47	2	-1	0
446	34 37 23 40	2	-1	0
447	9 30 8 50	4	5	0
448	35 31 50 49	3	1	0
449	12 29 21 32	3	2	0
450	6 8 48 7	2	-1	0
451	3 49 9 14	1	-1	0
452	3 50 6 34	1	-1	0
453	1 18 22 20	1	-1	0
454	41 26 4 17	2	-1	0
455	2 31 43 45	1	-1	0
456	49 6 37 36	3	2	0
457	35 20 50 33	4	3	0
458	42 22 27 47	4	1	0
459	1 18 40 14	1	-1	0
460	33 44 46 49	4	1	0
461	20 29 17 6	2	-1	0
462	30 13 18 8	3	5	0
463	9 29 26 28	2	-1	0
464	7 9 22 38	4	5	0
465	12 30 37 34	3	2	0
466	9 44 18 30	3	3	0
467	48 43 30 24	4	2	0
468	43 33 25 10	4	2	0
469	18 48 13 38	3	1	0
470	17 39 21 33	3	5	0
471	42 5 30 8	4	5	0
472	6 28 18 47	3	4	0
473	50 21 20 37	4	5	0
474	26 37 13 47	2	-1	0
475	45 20 46 42	4	2	0
476	18 39 29 44	2	-1	0
477	5 37 48 49	2	-1	0
478	2 44 6 14	1	-1	1
479	5 39 49 34	3	5	0
480	7 48 19 49	4	5	0
481	3 46 43 6	1	-1	0
482	28 41 15 18	3	4	0
483	25 4 7 28	4	4	0
484	2 29 38 8	1	-1	0
485	1 44 14 45	1	-1	0
486	20 14 38 35	3	3	0
487	2 33 50 6	1	-1	0
488	15 30 38 41	3	1	0
489	19 12 6 32	2	-1	0
490	22 37 27 41	4	4	0
491	29 21 45 16	3	5	0
492	46 43 32 22	3	2	0
493	1 37 8 7	1	-1	0
494	3 47 22 17	1	-1	0
495	47 29 28 27	3	3	0
496	41 31 24 23	3	4	0
497	24 29 50 6	4	4	0
498	2 44 4 12	1	-1	0
499	27 41 20 11	4	1	0
500	9 12 42 17	2	-1	0
