Class Times	5
Rooms	80
1	68	B	0
2	60	A	1
3	62	A	0
4	35	C	0
5	76	B	1
6	70	A	0
7	55	A	0
8	46	C	1
9	67	A	1
10	58	B	1
11	39	C	0
12	82	C	1
13	95	A	0
14	80	B	0
15	34	B	1
16	27	A	0
17	38	B	1
18	56	A	1
19	96	C	1
20	87	C	0
21	63	A	1
22	17	B	0
23	93	C	0
24	20	A	0
25	40	A	1
26	95	A	1
27	40	B	0
28	30	A	1
29	49	A	0
30	15	A	0
31	45	B	1
32	77	C	1
33	96	C	1
34	92	C	0
35	12	A	1
36	49	C	0
37	32	C	0
38	75	B	0
39	28	A	0
40	21	C	1
41	96	B	0
42	26	C	0
43	96	B	0
44	43	A	1
45	70	C	0
46	70	B	0
47	18	A	0
48	17	B	0
49	14	A	0
50	53	A	1
51	69	A	0
52	86	B	1
53	35	A	1
54	56	B	1
55	22	C	0
56	32	C	1
57	48	B	1
58	88	B	1
59	22	B	1
60	44	C	0
61	22	C	0
62	30	B	0
63	93	A	1
64	66	B	0
65	72	A	0
66	90	C	0
67	20	B	0
68	91	B	0
69	82	A	1
70	81	B	1
71	47	C	0
72	43	A	1
73	83	B	1
74	14	A	1
75	20	B	0
76	20	B	0
77	81	C	1
78	71	C	0
79	35	B	1
80	82	A	0
Classes	50
Teachers	25
1	19	1	A	1
2	8	3	C	1
3	9	3	C	1
4	5	5	C	0
5	16	5	C	0
6	10	3	C	0
7	19	3	C	0
8	3	1	A	0
9	23	1	A	0
10	22	2	B	0
11	12	1	A	0
12	23	5	C	0
13	9	1	A	0
14	4	2	B	0
15	10	4	C	0
16	21	5	C	0
17	4	4	C	0
18	6	4	C	0
19	12	3	C	0
20	22	1	A	0
21	7	2	B	0
22	15	3	C	0
23	24	3	C	0
24	3	4	C	0
25	6	4	C	0
26	5	3	C	0
27	13	3	C	0
28	17	4	C	0
29	25	2	B	0
30	13	2	B	0
31	21	1	A	0
32	16	4	C	0
33	7	1	A	0
34	20	1	A	0
35	18	2	B	0
36	24	4	C	0
37	14	3	C	0
38	25	4	C	0
39	17	3	C	0
40	15	3	C	0
41	20	5	C	0
42	14	4	C	0
43	8	5	C	0
44	11	1	A	0
45	11	5	C	0
46	1	1	A	0
47	1	2	B	0
48	18	2	B	0
49	2	5	C	0
50	2	3	C	0
