Class Times	5
Rooms	80
1	25	C	1
2	18	A	1
3	54	B	1
4	25	A	1
5	66	B	0
6	33	C	1
7	62	C	0
8	71	C	1
9	81	A	1
10	96	A	1
11	82	B	1
12	75	A	0
13	50	A	1
14	41	C	0
15	54	A	1
16	91	C	0
17	44	A	1
18	54	B	1
19	49	B	1
20	84	B	1
21	47	B	1
22	48	C	1
23	35	B	1
24	97	A	1
25	43	C	1
26	53	C	1
27	93	C	1
28	55	C	1
29	17	C	1
30	82	A	0
31	22	C	1
32	89	A	1
33	45	C	0
34	25	C	1
35	52	B	1
36	21	C	1
37	46	A	0
38	35	B	1
39	40	B	1
40	96	C	1
41	57	B	1
42	98	A	1
43	91	C	1
44	53	A	0
45	37	B	1
46	76	C	1
47	50	A	1
48	45	C	0
49	74	C	0
50	30	A	1
51	77	A	1
52	40	A	0
53	16	C	1
54	84	B	0
55	83	C	0
56	32	A	0
57	99	A	1
58	66	C	1
59	87	C	0
60	23	B	1
61	13	A	1
62	43	B	1
63	74	C	0
64	77	B	1
65	11	A	1
66	41	A	0
67	21	A	1
68	41	C	1
69	56	B	1
70	86	B	1
71	22	B	0
72	55	C	0
73	30	B	0
74	30	C	0
75	76	B	1
76	11	B	1
77	85	A	0
78	39	C	0
79	67	A	1
80	83	A	1
Classes	50
Teachers	25
1	13	5	C	1
2	13	5	C	1
3	10	1	A	1
4	20	5	C	0
5	5	3	C	0
6	17	3	C	0
7	25	2	B	0
8	7	1	A	0
9	15	1	A	0
10	23	2	B	0
11	4	4	C	0
12	7	2	B	0
13	10	1	A	0
14	12	3	C	0
15	22	2	B	0
16	19	5	C	0
17	18	3	C	0
18	23	4	C	0
19	18	3	C	0
20	9	1	A	0
21	16	1	A	0
22	19	2	B	0
23	12	3	C	0
24	1	1	A	0
25	20	3	C	0
26	15	3	C	0
27	14	1	A	0
28	6	5	C	0
29	21	2	B	0
30	17	2	B	0
31	9	3	C	0
32	24	4	C	0
33	6	3	C	0
34	8	4	C	0
35	1	5	C	0
36	3	1	A	0
37	24	4	C	0
38	25	4	C	0
39	3	1	A	0
40	2	2	B	0
41	5	5	C	0
42	11	2	B	0
43	4	4	C	0
44	11	1	A	0
45	16	2	B	0
46	2	4	C	0
47	14	5	C	0
48	8	2	B	0
49	22	1	A	0
50	21	2	B	0
