Class Times	5
Rooms	80
1	44	B	0
2	90	A	1
3	43	B	1
4	30	B	0
5	78	A	0
6	29	B	1
7	75	B	1
8	63	C	1
9	54	C	1
10	34	B	0
11	86	C	0
12	86	C	1
13	73	A	1
14	20	C	0
15	42	A	0
16	43	B	0
17	98	B	0
18	79	C	0
19	54	C	0
20	83	B	0
21	77	B	1
22	92	B	1
23	61	C	1
24	15	C	1
25	29	A	0
26	33	C	1
27	82	A	1
28	89	C	0
29	61	B	1
30	44	B	1
31	41	C	1
32	92	C	1
33	69	C	0
34	83	C	0
35	98	B	0
36	47	C	0
37	88	B	0
38	34	A	1
39	92	B	0
40	75	C	0
41	42	C	1
42	97	A	1
43	57	B	1
44	85	C	0
45	77	C	0
46	56	C	0
47	46	C	0
48	77	C	0
49	78	C	0
50	27	C	1
51	45	A	1
52	78	A	0
53	19	A	0
54	90	C	1
55	87	B	1
56	53	B	1
57	65	A	1
58	45	A	1
59	83	A	0
60	56	A	1
61	72	A	1
62	53	A	0
63	42	C	1
64	91	C	1
65	51	B	1
66	37	A	0
67	56	A	1
68	61	C	0
69	63	A	0
70	64	A	0
71	84	A	1
72	88	A	1
73	93	C	0
74	24	A	1
75	72	A	0
76	54	B	1
77	98	A	1
78	43	B	1
79	35	A	0
80	95	C	0
Classes	50
Teachers	25
1	22	2	B	1
2	21	4	C	1
3	17	2	B	1
4	16	1	A	0
5	8	1	A	0
6	22	4	C	0
7	24	4	C	0
8	8	2	B	0
9	19	1	A	0
10	2	1	A	0
11	12	1	A	0
12	20	1	A	0
13	4	2	B	0
14	15	2	B	0
15	16	3	C	0
16	1	1	A	0
17	25	4	C	0
18	1	1	A	0
19	10	5	C	0
20	14	3	C	0
21	12	1	A	0
22	20	5	C	0
23	14	1	A	0
24	5	4	C	0
25	11	3	C	0
26	5	2	B	0
27	18	3	C	0
28	3	2	B	0
29	2	5	C	0
30	11	5	C	0
31	23	4	C	0
32	4	1	A	0
33	3	5	C	0
34	9	3	C	0
35	13	3	C	0
36	24	3	C	0
37	6	5	C	0
38	6	5	C	0
39	18	4	C	0
40	15	2	B	0
41	23	2	B	0
42	13	3	C	0
43	25	5	C	0
44	19	5	C	0
45	10	1	A	0
46	21	4	C	0
47	7	2	B	0
48	7	1	A	0
49	9	3	C	0
50	17	1	A	0
