Students	500
1	43 31 14 20	4	1	0
2	1 45 26 39	1	-1	0
3	15 35 38 8	3	2	0
4	43 35 42 39	2	-1	0
5	1 37 50 12	1	-1	0
6	37 6 17 47	2	-1	0
7	1 6 25 33	1	-1	1
8	30 18 46 32	4	4	0
9	2 37 47 29	1	-1	0
10	12 43 9 11	2	-1	0
11	18 21 17 11	4	3	0
12	20 46 25 41	2	-1	0
13	43 26 21 41	4	5	0
14	9 10 12 30	3	1	0
15	48 21 35 32	4	5	0
16	12 37 19 41	3	5	0
17	12 47 42 4	2	-1	0
18	3 13 48 8	1	-1	0
19	3 37 44 39	1	-1	0
20	6 28 21 34	2	-1	0
21	41 36 49 30	3	2	0
22	18 32 7 38	2	-1	0
23	14 40 21 16	3	2	0
24	28 24 27 30	4	3	0
25	21 5 35 17	4	5	0
26	17 7 38 27	2	-1	0
27	14 33 26 31	4	3	0
28	32 8 40 22	2	-1	0
29	24 46 19 32	2	-1	0
30	1 32 7 17	1	-1	0
31	1 44 23 41	1	-1	0
32	2 21 6 43	1	-1	0
33	3 12 27 39	1	-1	0
34	47 40 26 33	2	-1	0
35	10 5 18 20	3	4	0
36	2 42 48 50	1	-1	0
37	43 34 16 39	2	-1	0
38	19 7 8 14	2	-1	0
39	49 47 18 9	4	2	0
40	10 24 14 40	4	1	0
41	47 48 29 37	2	-1	0
42	3 26 19 27	1	-1	0
43	2 33 34 4	1	-1	1
44	5 6 32 22	4	3	0
45	38 37 28 21	4	3	0
46	2 37 22 6	1	-1	0
47	23 16 44 48	2	-1	0
48	23 38 37 14	4	5	0
49	48 40 32 29	4	3	0
50	3 4 32 23	1	-1	0
51	23 24 6 16	2	-1	0
52	32 30 22 20	2	-1	0
53	36 16 11 13	4	1	0
54	19 17 28 49	4	5	0
55	1 48 17 9	1	-1	0
56	43 9 40 4	2	-1	0
57	11 28 39 9	3	3	0
58	47 13 49 31	2	-1	0
59	4 47 30 50	2	-1	0
60	11 37 17 47	4	3	0
61	2 21 6 31	1	-1	0
62	47 24 38 32	4	4	0
63	22 49 33 18	3	1	0
64	41 16 11 26	4	3	0
65	50 5 24 31	3	5	0
66	2 18 7 5	1	-1	0
67	3 37 27 12	1	-1	0
68	3 6 49 8	1	-1	0
69	3 16 15 21	1	-1	0
70	29 39 45 44	3	2	0
71	45 25 34 22	2	-1	0
72	34 30 9 32	3	1	0
73	36 14 6 37	2	-1	0
74	16 15 24 23	4	5	0
75	3 16 38 31	1	-1	0
76	18 15 4 24	4	4	0
77	22 33 30 10	3	4	0
78	3 9 36 15	1	-1	0
79	5 38 12 19	2	-1	0
80	21 46 33 35	2	-1	0
81	6 4 26 40	4	1	0
82	50 5 43 25	4	1	0
83	1 50 33 29	1	-1	0
84	48 13 32 35	4	3	0
85	7 19 29 39	4	5	0
86	1 31 43 29	1	-1	0
87	24 14 44 47	4	1	0
88	16 27 22 45	2	-1	0
89	48 10 26 25	3	4	0
90	9 13 43 49	3	3	0
91	4 10 35 11	4	2	0
92	11 34 32 39	4	1	0
93	32 16 44 31	4	3	0
94	41 49 45 4	3	3	0
95	1 21 43 16	1	-1	0
96	47 16 38 36	2	-1	0
97	33 29 31 36	2	-1	0
98	21 4 7 13	4	3	1
99	42 40 37 20	2	-1	0
100	1 21 45 10	1	-1	0
101	34 19 43 40	3	5	0
102	1 41 42 21	1	-1	0
103	32 24 8 47	3	5	0
104	46 29 11 5	3	1	0
105	15 10 25 37	2	-1	0
106	3 22 13 35	1	-1	0
107	31 47 37 36	4	2	1
108	31 12 35 4	3	3	0
109	40 21 18 19	3	3	0
110	39 32 36 47	4	5	0
111	40 4 13 8	3	5	0
112	29 43 47 9	3	4	0
113	38 22 10 14	3	5	0
114	22 19 29 39	4	5	0
115	2 15 20 30	1	-1	0
116	1 10 17 49	1	-1	0
117	25 28 16 14	3	1	0
118	24 48 20 40	3	1	0
119	1 15 28 27	1	-1	0
120	33 4 41 29	2	-1	0
121	4 7 34 32	4	2	0
122	39 42 15 27	2	-1	0
123	43 4 30 37	3	5	0
124	46 7 48 6	3	4	0
125	12 24 5 33	4	2	0
126	42 49 17 24	4	5	0
127	30 43 23 22	3	3	0
128	3 29 43 12	1	-1	0
129	16 6 40 36	4	1	0
130	1 29 28 9	1	-1	0
131	30 28 40 16	4	1	0
132	1 7 41 34	1	-1	0
133	9 8 28 18	2	-1	0
134	22 10 12 11	3	2	0
135	30 47 44 33	3	2	0
136	15 31 29 47	3	4	0
137	48 43 21 30	2	-1	0
138	2 24 9 40	1	-1	0
139	19 33 12 38	4	5	0
140	13 14 15 27	3	2	0
141	5 28 18 15	2	-1	0
142	5 39 7 48	2	-1	0
143	3 5 31 43	1	-1	0
144	48 18 38 10	2	-1	0
145	14 33 31 9	3	3	0
146	30 23 41 44	2	-1	0
147	35 39 11 45	2	-1	0
148	11 45 5 14	2	-1	0
149	33 6 22 43	3	4	0
150	3 20 5 14	1	-1	0
151	27 14 44 17	3	2	0
152	37 15 27 39	3	2	0
153	29 8 23 30	3	2	0
154	3 24 15 13	1	-1	0
155	46 21 41 23	4	1	0
156	1 45 47 37	1	-1	0
157	48 46 33 11	4	4	0
158	46 32 47 36	2	-1	0
159	43 23 48 34	4	3	0
160	14 15 40 49	2	-1	0
161	35 28 19 5	4	1	0
162	12 8 39 13	3	1	0
163	30 6 16 28	4	1	0
164	40 29 42 30	2	-1	0
165	25 37 44 10	2	-1	0
166	14 47 11 4	4	1	0
167	1 35 6 49	1	-1	0
168	32 29 8 39	4	4	0
169	3 25 39 9	1	-1	0
170	26 10 31 17	3	1	0
171	2 37 27 11	1	-1	0
172	2 34 7 17	1	-1	0
173	6 32 48 20	3	5	0
174	28 32 43 26	3	4	0
175	31 5 19 22	2	-1	0
176	19 29 45 14	3	1	0
177	41 34 37 10	2	-1	0
178	1 33 17 16	1	-1	0
179	3 10 47 17	1	-1	1
180	2 5 15 24	1	-1	0
181	24 21 23 13	2	-1	0
182	2 31 11 22	1	-1	0
183	27 41 15 45	2	-1	0
184	34 43 13 10	3	4	0
185	11 22 8 34	2	-1	0
186	1 11 33 43	1	-1	0
187	15 9 13 46	4	1	0
188	4 13 20 41	3	1	0
189	18 20 9 14	4	3	0
190	22 35 23 43	2	-1	0
191	28 8 46 31	2	-1	0
192	12 22 43 8	2	-1	0
193	43 13 9 11	4	1	0
194	3 31 8 24	1	-1	0
195	3 6 38 23	1	-1	0
196	2 43 46 10	1	-1	0
197	9 27 14 46	4	3	0
198	2 33 24 5	1	-1	0
199	47 4 36 27	4	5	0
200	47 5 49 21	2	-1	0
201	31 21 17 36	2	-1	0
202	47 14 21 39	2	-1	0
203	33 9 49 25	3	4	0
204	19 32 10 23	4	1	0
205	30 43 26 39	3	2	0
206	1 6 49 42	1	-1	0
207	24 35 42 48	3	2	0
208	14 21 26 48	2	-1	0
209	1 5 46 37	1	-1	0
210	25 26 8 48	2	-1	0
211	32 26 15 39	3	2	0
212	13 49 42 27	4	1	0
213	33 7 18 22	2	-1	0
214	15 50 21 16	2	-1	0
215	17 47 43 24	3	5	0
216	7 11 27 44	4	3	0
217	19 46 23 44	2	-1	0
218	1 26 31 18	1	-1	0
219	44 7 4 27	4	5	0
220	49 40 4 7	2	-1	0
221	1 22 7 17	1	-1	0
222	29 4 28 30	4	2	0
223	2 24 11 44	1	-1	0
224	1 5 24 39	1	-1	0
225	3 19 26 46	1	-1	0
226	2 44 10 6	1	-1	0
227	9 10 11 37	2	-1	0
228	30 4 39 46	4	4	0
229	14 26 42 40	2	-1	0
230	15 36 21 40	3	1	0
231	19 43 29 8	3	2	0
232	3 5 41 45	1	-1	0
233	3 32 19 30	1	-1	0
234	18 22 13 9	4	5	0
235	1 47 50 26	1	-1	0
236	23 37 40 12	2	-1	0
237	2 49 26 38	1	-1	0
238	27 46 39 35	2	-1	0
239	21 15 36 24	2	-1	0
240	28 27 15 13	4	1	0
241	2 41 17 32	1	-1	0
242	33 7 44 42	3	1	0
243	6 21 31 36	4	3	0
244	1 45 32 39	1	-1	0
245	9 32 42 46	3	1	0
246	3 45 32 50	1	-1	0
247	6 34 27 36	2	-1	0
248	1 5 23 27	1	-1	0
249	3 14 40 48	1	-1	0
250	30 37 19 35	4	1	0
251	12 38 28 45	3	5	0
252	22 47 21 7	3	3	0
253	41 14 22 23	4	2	0
254	11 38 22 30	4	3	0
255	38 27 36 48	4	3	0
256	2 21 17 11	1	-1	0
257	40 38 4 28	2	-1	0
258	7 22 18 42	2	-1	0
259	22 24 8 38	2	-1	0
260	45 7 9 18	3	4	0
261	3 16 34 27	1	-1	0
262	21 47 1 44	3	3	0
263	46 22 9 32	3	1	0
264	15 11 41 39	2	-1	0
265	31 7 13 24	4	2	0
266	46 8 16 28	4	4	0
267	9 16 33 20	4	4	0
268	2 49 15 44	1	-1	0
269	3 13 19 1	1	-1	0
270	3 26 45 31	1	-1	0
271	5 48 8 33	2	-1	0
272	3 12 20 37	1	-1	0
273	33 38 40 27	2	-1	0
274	43 21 19 18	3	3	0
275	40 22 39 37	2	-1	0
276	1 18 37 32	1	-1	0
277	39 31 12 42	4	5	0
278	19 17 46 38	3	1	0
279	18 50 48 15	2	-1	0
280	20 14 36 6	3	2	0
281	29 32 47 23	2	-1	0
282	47 27 23 6	3	5	0
283	2 29 27 41	1	-1	0
284	3 16 23 12	1	-1	0
285	25 9 36 40	4	1	0
286	17 29 8 49	2	-1	0
287	27 41 48 11	3	4	0
288	11 29 40 30	4	2	0
289	3 49 42 37	1	-1	0
290	8 47 11 42	2	-1	0
291	2 48 44 42	1	-1	0
292	3 36 32 31	1	-1	0
293	20 39 5 16	2	-1	0
294	13 2 29 22	2	-1	0
295	39 34 38 33	3	2	0
296	38 9 45 34	4	1	0
297	7 32 6 39	3	4	0
298	14 50 20 45	2	-1	0
299	24 33 9 46	3	1	0
300	3 50 25 49	1	-1	0
301	6 43 32 49	4	5	0
302	2 25 22 4	1	-1	0
303	23 7 33 36	3	4	0
304	3 37 39 20	1	-1	0
305	2 5 23 47	1	-1	0
306	28 29 42 41	3	3	0
307	47 41 20 12	4	5	0
308	3 47 25 5	1	-1	0
309	1 37 40 45	1	-1	0
310	35 5 31 22	4	1	0
311	22 38 44 50	4	1	0
312	44 47 12 29	2	-1	0
313	47 48 11 24	2	-1	0
314	11 5 29 17	2	-1	0
315	16 49 34 8	4	2	0
316	37 38 34 28	4	1	0
317	49 38 31 23	3	4	0
318	32 44 19 4	3	4	0
319	25 44 22 16	3	2	0
320	1 13 28 10	1	-1	0
321	45 5 29 22	2	-1	0
322	24 34 13 27	2	-1	0
323	10 11 26 23	3	2	0
324	44 14 11 5	4	1	0
325	1 6 22 5	1	-1	0
326	50 37 49 38	3	2	0
327	42 28 4 26	4	1	0
328	2 15 5 18	1	-1	0
329	29 24 21 34	4	3	0
330	2 31 48 19	1	-1	0
331	4 25 23 44	3	3	0
332	5 45 38 18	2	-1	0
333	25 27 16 15	2	-1	0
334	48 21 26 47	2	-1	0
335	45 8 11 37	3	4	0
336	44 45 18 14	4	2	0
337	2 7 34 43	1	-1	0
338	32 49 7 38	4	2	0
339	3 39 31 27	1	-1	0
340	23 28 36 44	3	1	0
341	4 28 11 50	4	3	0
342	48 8 39 40	3	3	0
343	1 20 10 27	1	-1	0
344	50 36 44 48	2	-1	0
345	2 10 37 19	1	-1	0
346	37 35 30 44	4	4	0
347	2 8 13 48	1	-1	0
348	11 32 12 19	4	5	0
349	19 26 20 21	4	5	0
350	12 50 48 13	4	2	0
351	29 5 34 31	2	-1	0
352	6 18 37 33	3	1	0
353	1 22 46 27	1	-1	0
354	2 7 41 49	1	-1	0
355	26 29 40 32	3	1	0
356	1 36 48 39	1	-1	0
357	7 13 42 46	4	5	0
358	37 8 21 46	3	4	0
359	11 9 43 34	3	3	0
360	4 26 21 5	3	3	0
361	41 7 8 11	2	-1	0
362	15 16 44 30	3	5	0
363	43 5 7 27	2	-1	0
364	6 14 3 4	3	3	0
365	1 46 19 40	1	-1	0
366	7 28 39 41	3	2	0
367	44 42 12 20	4	5	0
368	38 25 7 17	3	3	0
369	48 4 29 31	3	5	0
370	12 26 18 8	2	-1	0
371	40 45 26 24	4	5	0
372	36 12 43 14	2	-1	0
373	25 9 42 32	4	2	0
374	3 41 8 24	1	-1	0
375	25 19 48 46	4	1	0
376	27 13 47 17	4	5	0
377	42 41 11 19	4	3	0
378	1 41 38 30	1	-1	0
379	41 4 16 20	4	3	0
380	25 43 26 47	2	-1	0
381	1 25 8 44	1	-1	0
382	1 6 13 30	1	-1	0
383	1 46 19 50	1	-1	0
384	22 8 47 32	2	-1	0
385	28 20 21 18	2	-1	0
386	3 17 19 44	1	-1	0
387	16 22 15 49	3	4	0
388	3 42 6 28	1	-1	0
389	8 27 22 21	3	4	0
390	25 34 17 46	2	-1	0
391	1 27 46 50	1	-1	0
392	16 39 9 21	4	4	0
393	50 5 15 21	4	2	0
394	25 5 10 42	4	4	0
395	2 7 43 31	1	-1	0
396	42 33 4 49	2	-1	0
397	11 34 33 28	2	-1	0
398	3 41 23 12	1	-1	0
399	1 31 9 21	1	-1	0
400	21 30 42 31	2	-1	0
401	32 19 12 11	3	3	0
402	23 12 7 20	4	4	0
403	38 12 46 1	4	5	0
404	49 33 34 50	3	1	0
405	5 34 10 46	3	2	0
406	23 7 33 34	4	2	0
407	11 30 29 13	4	2	0
408	41 12 19 44	4	3	0
409	1 6 25 41	1	-1	0
410	48 5 16 31	4	4	0
411	26 36 5 14	4	2	0
412	2 13 49 40	1	-1	0
413	35 25 41 17	4	5	0
414	46 42 23 28	2	-1	0
415	12 36 50 19	4	4	0
416	40 11 14 28	4	1	0
417	1 45 30 19	1	-1	0
418	42 23 45 27	3	1	0
419	2 26 40 23	1	-1	0
420	13 10 14 19	3	5	0
421	3 31 40 39	1	-1	0
422	20 28 50 45	4	4	0
423	5 40 32 33	4	5	0
424	42 27 38 37	4	3	0
425	32 14 37 47	4	3	0
426	26 37 34 17	2	-1	0
427	7 47 28 25	2	-1	0
428	1 22 38 39	1	-1	0
429	30 32 44 25	2	-1	0
430	46 35 39 6	2	-1	0
431	46 41 20 42	2	-1	0
432	13 19 1 48	2	-1	0
433	32 50 9 28	2	-1	0
434	5 23 50 17	3	4	0
435	32 47 11 4	2	-1	0
436	24 48 7 36	3	2	0
437	15 26 17 35	3	5	0
438	3 14 11 21	1	-1	0
439	21 13 36 43	4	5	0
440	22 16 9 6	2	-1	0
441	34 22 46 26	4	2	0
442	31 36 45 39	4	2	0
443	3 15 29 23	1	-1	0
444	18 35 6 19	4	2	0
445	32 17 42 13	2	-1	0
446	10 9 7 5	4	1	0
447	7 5 18 46	2	-1	0
448	9 22 7 10	3	1	0
449	42 36 10 32	3	3	0
450	3 13 39 19	1	-1	0
451	37 15 28 14	4	3	0
452	11 31 50 37	4	5	0
453	5 25 4 24	3	1	0
454	3 7 31 46	1	-1	0
455	8 6 5 41	4	4	0
456	2 11 29 41	1	-1	0
457	21 50 44 34	3	1	0
458	19 43 24 45	2	-1	0
459	48 39 18 20	2	-1	0
460	40 36 31 7	3	4	0
461	32 16 42 45	3	5	0
462	23 48 39 16	3	2	0
463	3 22 30 17	1	-1	0
464	2 38 18 14	1	-1	0
465	22 50 41 13	3	2	0
466	5 14 19 23	4	4	0
467	39 41 32 21	4	1	0
468	3 30 23 34	1	-1	0
469	48 21 15 46	3	3	0
470	50 18 45 27	2	-1	0
471	28 9 8 33	2	-1	0
472	36 4 23 21	3	5	0
473	18 33 39 20	4	5	0
474	4 48 24 19	3	3	0
475	42 32 41 20	2	-1	0
476	1 33 48 13	1	-1	0
477	1 4 44 46	1	-1	0
478	4 45 11 13	2	-1	0
479	39 35 48 10	2	-1	0
480	33 41 35 21	4	2	0
481	22 27 26 41	2	-1	0
482	1 49 29 12	1	-1	0
483	41 32 14 27	4	4	0
484	14 15 6 7	4	5	0
485	22 45 11 47	2	-1	0
486	1 10 42 8	1	-1	0
487	1 26 5 24	1	-1	0
488	7 17 27 4	3	3	0
489	43 37 38 29	3	2	0
490	44 10 27 5	4	4	0
491	1 40 11 30	1	-1	0
492	12 20 43 30	3	2	0
493	49 37 43 44	3	2	0
494	41 24 30 6	4	4	0
495	47 22 40 49	4	2	0
496	47 19 35 15	3	1	0
497	50 35 8 22	4	5	0
498	8 36 5 34	3	1	0
499	7 50 17 45	3	5	0
500	21 17 12 45	4	3	0
