Students	500
1	5 42 43 7	4	2	0
2	36 35 17 23	2	-1	0
3	2 39 43 45	1	-1	0
4	1 12 13 36	1	-1	0
5	19 46 8 36	3	1	0
6	2 31 29 11	1	-1	0
7	2 24 26 23	1	-1	0
8	16 6 19 34	4	2	0
9	2 5 19 33	1	-1	0
10	32 31 13 19	4	4	0
11	41 7 13 16	3	1	0
12	50 16 44 4	4	3	0
13	28 48 25 15	4	2	0
14	31 36 26 47	4	1	0
15	42 22 45 30	3	1	0
16	44 10 15 26	2	-1	0
17	3 50 26 48	1	-1	0
18	1 22 9 37	1	-1	0
19	14 42 39 6	4	5	0
20	38 40 48 23	4	3	0
21	49 46 9 14	4	2	0
22	13 36 28 48	2	-1	0
23	36 49 44 20	2	-1	0
24	12 24 6 35	2	-1	0
25	47 33 15 35	2	-1	0
26	1 41 32 30	1	-1	0
27	34 35 6 44	4	3	0
28	31 30 40 22	4	2	0
29	5 49 39 9	4	1	0
30	2 39 34 5	1	-1	0
31	29 50 38 41	4	5	0
32	29 11 23 7	3	2	0
33	5 47 12 40	2	-1	0
34	44 20 22 15	2	-1	0
35	1 41 8 9	1	-1	0
36	1 37 46 10	1	-1	0
37	11 18 13 7	2	-1	0
38	1 22 37 10	1	-1	0
39	15 7 18 23	3	2	0
40	21 43 40 46	4	2	0
41	9 38 40 50	4	5	0
42	39 27 10 50	2	-1	0
43	20 34 4 38	2	-1	0
44	23 9 17 11	2	-1	0
45	25 41 47 43	2	-1	0
46	2 10 5 19	1	-1	0
47	28 38 6 32	4	2	0
48	45 28 40 29	2	-1	0
49	47 48 32 4	2	-1	0
50	2 13 36 23	1	-1	0
51	3 30 40 32	1	-1	0
52	4 15 10 36	2	-1	0
53	5 10 15 33	3	3	0
54	15 25 8 31	4	2	0
55	2 18 13 4	1	-1	0
56	7 31 45 35	4	3	0
57	31 34 36 38	4	4	0
58	27 40 41 20	3	3	0
59	30 24 8 5	3	3	0
60	38 13 19 34	3	4	0
61	16 46 38 50	2	-1	0
62	7 34 22 37	4	2	0
63	3 14 46 15	1	-1	0
64	14 50 43 22	2	-1	0
65	4 31 23 6	2	-1	0
66	29 24 17 9	4	4	0
67	49 24 11 42	4	4	0
68	9 11 23 13	3	3	0
69	44 33 20 46	3	4	0
70	12 26 29 32	3	2	0
71	40 11 4 22	3	5	0
72	41 37 22 45	3	4	0
73	33 46 16 4	3	2	0
74	3 27 32 35	1	-1	0
75	3 10 20 49	1	-1	0
76	28 33 21 34	2	-1	0
77	48 18 27 9	4	3	0
78	10 41 50 23	3	1	0
79	1 30 37 29	1	-1	0
80	35 12 32 43	4	4	0
81	18 10 32 48	4	2	0
82	45 31 44 50	3	1	0
83	42 26 8 9	4	5	0
84	3 37 48 16	1	-1	0
85	39 48 19 26	3	5	0
86	50 42 37 44	2	-1	0
87	1 16 42 48	1	-1	0
88	14 31 12 9	3	1	0
89	16 25 17 50	2	-1	0
90	34 5 43 14	2	-1	0
91	5 9 11 14	4	1	0
92	3 13 36 19	1	-1	0
93	50 39 47 33	2	-1	0
94	49 38 12 13	4	1	0
95	45 35 23 20	3	4	0
96	34 19 17 13	3	5	0
97	2 34 31 20	1	-1	0
98	26 46 15 17	3	4	0
99	2 32 19 16	1	-1	0
100	36 15 38 46	2	-1	0
101	45 7 47 15	2	-1	0
102	32 34 18 27	2	-1	0
103	33 15 32 47	4	3	0
104	24 16 21 40	3	5	0
105	29 8 50 7	2	-1	0
106	11 50 12 36	2	-1	0
107	42 32 28 44	2	-1	0
108	4 23 48 24	2	-1	0
109	3 20 25 17	1	-1	0
110	29 9 7 43	2	-1	0
111	45 34 6 17	4	4	0
112	26 35 45 4	2	-1	0
113	11 46 9 18	4	5	0
114	3 10 30 22	1	-1	0
115	28 23 35 30	4	2	0
116	43 33 34 49	3	3	0
117	15 29 16 37	4	3	0
118	17 12 43 28	2	-1	0
119	2 49 12 34	1	-1	0
120	48 47 10 13	4	5	0
121	23 48 17 8	2	-1	0
122	35 29 5 50	3	5	0
123	34 4 6 22	2	-1	0
124	13 32 41 19	3	2	0
125	2 48 41 10	1	-1	0
126	40 12 10 18	4	1	0
127	1 18 15 42	1	-1	0
128	25 17 40 20	4	3	0
129	25 11 17 32	3	3	0
130	41 4 42 31	3	2	0
131	20 29 13 28	2	-1	0
132	5 12 33 25	2	-1	0
133	1 32 27 38	1	-1	0
134	3 47 27 45	1	-1	0
135	50 11 19 24	2	-1	0
136	4 38 37 14	3	5	0
137	23 26 37 5	2	-1	0
138	22 32 41 34	3	4	0
139	25 48 17 32	3	2	0
140	32 35 25 30	4	4	0
141	15 37 10 18	2	-1	0
142	3 11 25 42	1	-1	0
143	21 37 38 36	3	4	0
144	5 8 27 11	3	1	0
145	25 6 44 7	4	5	0
146	25 38 29 46	3	2	0
147	47 9 4 6	4	4	0
148	44 41 21 28	3	1	0
149	46 24 20 10	4	5	0
150	24 6 25 26	4	1	0
151	44 33 9 10	4	3	0
152	29 23 44 35	3	3	0
153	3 39 50 15	1	-1	0
154	23 20 26 24	3	3	0
155	5 43 13 36	3	1	0
156	3 43 30 45	1	-1	0
157	43 50 38 42	2	-1	0
158	39 26 36 10	2	-1	0
159	43 5 17 9	4	4	1
160	11 14 42 36	4	1	0
161	1 7 6 30	1	-1	0
162	12 45 26 13	3	2	0
163	2 17 39 26	1	-1	0
164	36 25 28 33	4	3	0
165	3 45 31 18	1	-1	0
166	36 6 44 25	4	4	0
167	36 35 15 32	4	5	0
168	32 19 36 8	2	-1	0
169	14 27 28 45	2	-1	0
170	32 50 44 47	2	-1	0
171	28 30 22 48	2	-1	0
172	16 14 33 50	2	-1	0
173	29 32 5 11	2	-1	0
174	2 16 20 50	1	-1	0
175	3 44 40 20	1	-1	0
176	1 47 43 5	1	-1	0
177	13 37 44 17	2	-1	0
178	2 14 38 5	1	-1	0
179	26 48 10 28	2	-1	0
180	40 21 12 5	4	4	0
181	3 43 35 23	1	-1	0
182	38 9 45 18	4	1	0
183	48 30 49 26	4	2	0
184	35 28 21 25	2	-1	0
185	28 5 49 22	2	-1	0
186	46 4 41 12	4	1	0
187	45 19 42 10	2	-1	0
188	22 37 31 34	2	-1	0
189	31 36 50 7	2	-1	0
190	46 44 49 33	3	3	0
191	37 15 11 43	4	5	0
192	35 28 8 38	4	3	0
193	50 25 42 46	3	4	0
194	23 31 8 20	4	4	0
195	47 25 48 31	4	5	0
196	3 9 42 10	1	-1	0
197	5 19 32 13	3	5	0
198	2 15 30 46	1	-1	0
199	46 48 44 49	2	-1	0
200	30 15 8 13	4	5	0
201	1 12 13 45	1	-1	0
202	17 32 33 7	4	3	0
203	7 20 35 30	4	5	0
204	1 23 19 40	1	-1	0
205	46 14 48 21	2	-1	0
206	29 27 8 26	2	-1	0
207	47 46 16 11	3	1	0
208	22 24 48 9	2	-1	0
209	19 28 21 13	3	1	0
210	5 25 4 50	4	5	0
211	1 13 39 32	1	-1	0
212	7 39 16 26	4	3	0
213	27 14 37 48	2	-1	0
214	22 12 8 17	4	4	0
215	15 8 45 26	3	2	0
216	42 6 21 38	3	4	0
217	40 48 32 6	4	3	0
218	43 5 4 49	2	-1	0
219	7 33 12 31	3	3	0
220	47 37 10 45	2	-1	0
221	8 5 44 15	3	1	0
222	33 16 4 9	4	2	0
223	36 20 10 5	3	4	0
224	2 39 26 23	1	-1	0
225	8 13 38 34	4	5	0
226	37 8 6 32	3	3	0
227	44 8 4 30	3	5	0
228	1 11 41 20	1	-1	0
229	33 32 27 6	2	-1	0
230	29 23 31 38	4	5	0
231	18 27 17 6	3	5	0
232	29 40 9 39	3	4	0
233	27 50 45 13	3	4	0
234	20 6 10 12	4	5	0
235	10 33 42 18	3	1	0
236	3 45 16 39	1	-1	0
237	1 35 15 47	1	-1	0
238	2 35 22 42	1	-1	0
239	2 45 7 50	1	-1	0
240	20 18 6 28	3	5	0
241	49 15 37 31	4	1	0
242	10 38 46 22	2	-1	0
243	21 23 44 12	3	1	0
244	3 5 10 34	1	-1	0
245	11 13 30 12	3	2	0
246	47 30 28 31	2	-1	0
247	17 13 24 38	2	-1	0
248	27 29 13 18	2	-1	0
249	10 35 44 6	2	-1	0
250	26 8 39 9	2	-1	0
251	48 44 22 30	3	1	0
252	11 32 10 7	3	4	0
253	1 33 39 15	1	-1	0
254	10 25 5 36	4	4	0
255	10 39 44 11	3	4	0
256	3 38 40 19	1	-1	0
257	43 17 20 28	2	-1	0
258	44 45 22 46	3	2	0
259	42 9 5 49	3	1	0
260	8 33 31 4	4	1	1
261	30 48 47 22	3	1	0
262	29 1 7 38	4	5	0
263	5 21 24 50	2	-1	0
264	3 50 6 24	1	-1	0
265	11 26 27 44	4	2	0
266	9 19 4 38	3	4	0
267	7 34 30 36	4	1	0
268	2 9 40 28	1	-1	0
269	45 41 4 50	3	2	0
270	35 5 44 33	3	2	0
271	28 33 36 37	4	3	0
272	2 39 47 18	1	-1	0
273	2 25 11 18	1	-1	0
274	28 47 14 24	3	2	0
275	45 49 44 7	2	-1	0
276	1 8 46 41	1	-1	0
277	3 32 19 31	1	-1	0
278	37 41 12 15	2	-1	0
279	9 35 32 30	2	-1	0
280	2 17 49 46	1	-1	0
281	45 39 16 10	4	1	0
282	32 42 37 17	4	2	0
283	2 30 43 23	1	-1	0
284	19 17 20 28	3	3	0
285	13 49 30 27	3	4	0
286	48 25 9 26	2	-1	0
287	42 11 6 50	4	1	0
288	1 6 8 29	1	-1	0
289	24 49 34 19	4	4	0
290	3 11 33 42	1	-1	0
291	30 43 20 6	4	3	0
292	1 17 5 33	1	-1	0
293	1 12 38 32	1	-1	0
294	16 41 40 6	4	5	0
295	11 45 25 44	3	5	0
296	26 9 49 41	2	-1	0
297	44 31 29 19	4	3	0
298	17 32 48 18	2	-1	0
299	39 15 28 16	2	-1	0
300	17 21 13 46	4	4	0
301	2 41 11 43	1	-1	0
302	22 39 48 24	4	4	0
303	2 46 27 38	1	-1	0
304	12 25 6 38	2	-1	0
305	16 46 12 26	4	1	0
306	21 12 41 30	4	3	0
307	45 13 43 27	3	1	0
308	45 15 37 35	2	-1	0
309	3 48 40 36	1	-1	0
310	1 16 15 8	1	-1	0
311	36 2 40 29	2	-1	0
312	23 26 14 19	2	-1	0
313	2 28 40 50	1	-1	0
314	4 26 36 39	4	5	0
315	6 36 28 12	4	5	0
316	3 32 6 5	1	-1	0
317	18 40 38 13	2	-1	0
318	9 50 21 41	3	5	0
319	2 31 30 39	1	-1	0
320	29 16 17 19	4	4	0
321	32 45 17 18	3	2	0
322	22 26 21 30	2	-1	0
323	16 18 20 6	2	-1	0
324	5 37 49 23	2	-1	0
325	2 41 13 6	1	-1	0
326	26 7 48 14	3	4	0
327	5 40 48 38	3	1	0
328	26 36 14 18	4	5	0
329	2 5 33 37	1	-1	0
330	1 18 22 9	1	-1	0
331	30 5 20 48	2	-1	0
332	6 17 50 10	4	4	0
333	16 7 12 25	4	4	0
334	14 16 15 32	2	-1	0
335	30 21 6 20	3	5	0
336	40 23 49 6	2	-1	0
337	2 35 27 39	1	-1	0
338	23 46 43 34	3	3	0
339	42 30 6 17	4	4	0
340	24 21 6 20	4	5	0
341	27 5 22 23	3	2	0
342	24 11 31 19	4	3	0
343	3 19 23 11	1	-1	0
344	2 11 47 40	1	-1	0
345	24 42 17 10	3	5	0
346	8 30 45 40	3	4	0
347	3 38 19 6	1	-1	0
348	5 46 11 6	3	4	0
349	35 8 48 45	3	2	0
350	1 17 22 12	1	-1	0
351	27 9 34 19	2	-1	0
352	2 37 20 42	1	-1	0
353	25 43 10 16	2	-1	0
354	40 22 8 9	3	2	0
355	22 17 44 21	2	-1	0
356	16 50 10 36	4	1	0
357	1 36 26 37	1	-1	0
358	29 27 33 43	3	5	0
359	47 42 27 9	4	5	0
360	38 30 26 20	4	5	0
361	3 10 9 34	1	-1	0
362	7 41 28 13	4	1	0
363	2 38 46 41	1	-1	0
364	15 42 35 34	4	5	0
365	1 31 16 32	1	-1	0
366	10 45 11 21	3	2	0
367	50 47 15 45	2	-1	0
368	47 20 24 13	3	3	0
369	27 35 39 40	4	2	0
370	24 36 28 15	2	-1	0
371	14 24 47 37	4	5	0
372	48 43 33 28	3	5	0
373	2 21 35 19	1	-1	0
374	45 23 39 31	4	3	0
375	9 41 24 34	4	1	0
376	1 42 9 13	1	-1	0
377	16 9 13 41	3	5	0
378	49 48 29 10	2	-1	0
379	2 47 5 36	1	-1	0
380	10 26 19 15	2	-1	0
381	49 6 30 7	4	3	0
382	3 37 46 4	1	-1	0
383	43 50 4 10	2	-1	0
384	12 22 16 27	2	-1	0
385	29 17 46 10	2	-1	0
386	34 48 27 24	2	-1	0
387	2 23 16 25	1	-1	0
388	41 12 5 39	3	2	0
389	14 36 17 13	3	5	0
390	17 31 45 34	2	-1	0
391	1 22 10 27	1	-1	0
392	19 5 12 23	2	-1	0
393	42 29 26 33	4	5	0
394	21 48 6 33	4	4	0
395	28 40 26 50	4	2	0
396	38 27 48 25	2	-1	0
397	43 48 49 44	4	5	0
398	25 46 26 47	2	-1	0
399	42 50 6 41	3	5	0
400	31 41 22 43	4	1	0
401	10 35 9 17	4	1	0
402	2 8 18 23	1	-1	0
403	22 50 12 4	3	3	0
404	42 5 14 22	4	1	0
405	34 45 50 33	4	3	0
406	29 12 6 37	3	2	0
407	20 49 13 47	4	2	0
408	47 31 22 18	2	-1	0
409	49 48 11 35	3	2	0
410	3 26 15 50	1	-1	0
411	6 43 39 15	4	1	0
412	28 49 43 47	3	1	0
413	19 24 31 14	3	4	0
414	42 8 29 28	4	1	0
415	12 30 19 5	4	4	0
416	37 31 50 10	2	-1	0
417	1 48 24 47	1	-1	0
418	47 23 26 29	4	1	0
419	39 18 24 35	3	2	0
420	3 19 35 32	1	-1	0
421	18 40 7 23	3	4	0
422	10 35 37 26	4	2	0
423	5 19 47 29	2	-1	0
424	29 6 49 45	4	3	0
425	33 28 49 26	3	1	0
426	27 28 7 5	4	2	0
427	14 39 25 42	4	4	0
428	4 40 32 14	4	5	0
429	49 44 13 22	2	-1	0
430	3 37 23 8	1	-1	0
431	21 28 42 20	3	2	0
432	32 50 33 29	4	4	1
433	26 48 17 45	4	4	0
434	16 41 50 7	4	1	0
435	12 38 8 47	2	-1	0
436	2 49 29 24	1	-1	0
437	33 37 5 16	2	-1	0
438	49 24 28 6	2	-1	0
439	49 37 43 25	3	3	0
440	13 50 25 21	4	2	0
441	25 18 16 22	4	5	0
442	25 42 32 31	2	-1	0
443	1 18 50 37	1	-1	0
444	39 50 49 27	4	2	0
445	3 45 16 19	1	-1	1
446	38 50 24 11	2	-1	0
447	28 49 23 14	4	1	0
448	1 27 20 13	1	-1	0
449	26 23 27 49	3	4	0
450	6 23 29 45	3	2	0
451	22 32 45 35	4	3	0
452	43 39 35 22	3	5	0
453	6 47 38 20	3	5	0
454	22 48 45 20	3	5	0
455	30 24 29 16	2	-1	0
456	3 31 36 25	1	-1	0
457	2 44 32 10	1	-1	1
458	21 22 7 29	2	-1	0
459	2 42 10 15	1	-1	0
460	23 5 33 47	2	-1	0
461	3 7 19 41	1	-1	0
462	39 26 7 15	2	-1	0
463	1 24 19 48	1	-1	0
464	26 18 11 4	2	-1	0
465	15 24 18 20	3	4	0
466	35 17 9 27	3	5	0
467	48 41 21 18	3	4	0
468	2 37 27 24	1	-1	0
469	11 44 43 22	4	4	0
470	34 49 28 22	3	2	0
471	44 36 31 6	3	2	0
472	15 20 30 8	3	1	0
473	3 46 41 44	1	-1	0
474	7 37 32 48	4	2	0
475	3 9 16 36	1	-1	0
476	44 37 34 38	3	3	0
477	2 12 46 18	1	-1	0
478	16 27 38 10	3	5	0
479	30 18 29 32	2	-1	0
480	12 5 4 43	4	4	0
481	22 28 41 37	2	-1	0
482	20 15 42 19	4	2	0
483	32 48 47 17	2	-1	0
484	25 23 40 49	3	2	0
485	2 37 16 30	1	-1	0
486	50 8 5 11	3	3	0
487	46 41 37 20	2	-1	0
488	14 17 47 6	4	3	0
489	37 16 10 4	4	3	0
490	24 21 37 40	4	5	0
491	29 24 20 17	2	-1	0
492	17 8 39 6	4	4	0
493	41 9 24 47	3	5	0
494	34 22 21 9	3	5	0
495	7 32 25 4	2	-1	0
496	23 26 47 30	3	4	0
497	1 50 26 41	1	-1	0
498	23 37 36 18	3	1	0
499	2 33 34 10	1	-1	0
500	30 33 47 4	4	1	0
