Class Times	5
Rooms	40
1	57	B	1
2	45	B	0
3	26	B	1
4	36	A	0
5	96	A	0
6	85	B	1
7	37	A	1
8	82	C	1
9	72	A	0
10	53	C	1
11	41	A	1
12	74	A	0
13	34	A	1
14	78	B	0
15	68	C	0
16	14	C	0
17	40	C	0
18	13	C	1
19	58	B	0
20	65	C	0
21	40	B	1
22	47	B	1
23	88	B	1
24	40	A	1
25	75	B	1
26	14	A	1
27	21	B	0
28	96	A	1
29	30	A	0
30	67	C	1
31	83	B	1
32	93	C	1
33	94	B	1
34	77	B	0
35	18	A	1
36	77	C	0
37	92	B	0
38	95	C	1
39	92	C	0
40	93	B	0
Classes	200
Teachers	100
1	75	2	B	1
2	74	3	C	1
3	7	4	C	1
4	8	2	B	1
5	37	1	A	1
6	65	3	C	1
7	29	2	B	1
8	78	1	A	1
9	63	2	B	1
10	34	2	B	1
11	54	4	C	0
12	69	4	C	0
13	30	1	A	0
14	5	3	C	0
15	68	2	B	0
16	98	1	A	0
17	63	1	A	0
18	1	2	B	0
19	49	1	A	0
20	24	3	C	0
21	88	3	C	0
22	62	1	A	0
23	12	3	C	0
24	93	1	A	0
25	3	1	A	0
26	91	1	A	0
27	74	3	C	0
28	70	1	A	0
29	70	2	B	0
30	92	2	B	0
31	6	1	A	0
32	15	3	C	0
33	29	1	A	0
34	80	4	C	0
35	42	4	C	0
36	7	4	C	0
37	38	4	C	0
38	90	3	C	0
39	58	4	C	0
40	43	1	A	0
41	51	1	A	0
42	77	3	C	0
43	86	4	C	0
44	75	2	B	0
45	79	4	C	0
46	47	4	C	0
47	73	3	C	0
48	55	4	C	0
49	66	3	C	0
50	61	4	C	0
51	16	1	A	0
52	93	2	B	0
53	72	4	C	0
54	12	3	C	0
55	28	3	C	0
56	76	1	A	0
57	84	2	B	0
58	48	2	B	0
59	50	1	A	0
60	5	4	C	0
61	98	1	A	0
62	78	1	A	0
63	50	4	C	0
64	84	2	B	0
65	82	1	A	0
66	96	1	A	0
67	3	2	B	0
68	67	2	B	0
69	88	4	C	0
70	30	3	C	0
71	89	1	A	0
72	76	4	C	0
73	83	2	B	0
74	15	4	C	0
75	1	2	B	0
76	6	1	A	0
77	94	3	C	0
78	34	4	C	0
79	62	1	A	0
80	47	2	B	0
81	72	3	C	0
82	21	1	A	0
83	67	1	A	0
84	100	3	C	0
85	2	2	B	0
86	18	4	C	0
87	69	2	B	0
88	11	4	C	0
89	64	4	C	0
90	23	4	C	0
91	86	1	A	0
92	85	2	B	0
93	94	1	A	0
94	99	4	C	0
95	61	4	C	0
96	55	4	C	0
97	45	3	C	0
98	23	2	B	0
99	42	2	B	0
100	39	1	A	0
101	38	2	B	0
102	2	3	C	0
103	33	4	C	0
104	27	1	A	0
105	21	2	B	0
106	60	3	C	0
107	92	2	B	0
108	39	3	C	0
109	46	4	C	0
110	65	2	B	0
111	82	2	B	0
112	90	2	B	0
113	45	4	C	0
114	100	2	B	0
115	54	3	C	0
116	28	1	A	0
117	41	3	C	0
118	4	4	C	0
119	66	2	B	0
120	68	3	C	0
121	99	2	B	0
122	59	1	A	0
123	22	2	B	0
124	80	3	C	0
125	24	3	C	0
126	58	1	A	0
127	25	4	C	0
128	26	3	C	0
129	81	1	A	0
130	18	2	B	0
131	37	1	A	0
132	49	3	C	0
133	17	3	C	0
134	51	4	C	0
135	17	3	C	0
136	95	3	C	0
137	56	1	A	0
138	41	3	C	0
139	73	3	C	0
140	22	1	A	0
141	14	1	A	0
142	48	3	C	0
143	13	4	C	0
144	97	4	C	0
145	71	3	C	0
146	9	2	B	0
147	59	2	B	0
148	31	4	C	0
149	40	1	A	0
150	9	1	A	0
151	33	3	C	0
152	46	3	C	0
153	44	4	C	0
154	26	1	A	0
155	8	1	A	0
156	81	1	A	0
157	36	1	A	0
158	20	1	A	0
159	19	3	C	0
160	79	2	B	0
161	32	2	B	0
162	44	1	A	0
163	77	2	B	0
164	71	3	C	0
165	91	2	B	0
166	16	2	B	0
167	89	1	A	0
168	10	1	A	0
169	31	4	C	0
170	56	1	A	0
171	43	1	A	0
172	96	1	A	0
173	52	4	C	0
174	57	4	C	0
175	4	4	C	0
176	97	4	C	0
177	14	2	B	0
178	11	2	B	0
179	13	4	C	0
180	40	2	B	0
181	20	1	A	0
182	85	2	B	0
183	36	4	C	0
184	60	1	A	0
185	25	2	B	0
186	27	4	C	0
187	19	1	A	0
188	95	2	B	0
189	87	2	B	0
190	52	4	C	0
191	53	4	C	0
192	87	1	A	0
193	10	1	A	0
194	32	3	C	0
195	57	4	C	0
196	35	1	A	0
197	53	1	A	0
198	83	4	C	0
199	64	2	B	0
200	35	1	A	0
