Class Times	5
Rooms	40
1	14	C	0
2	79	A	1
3	37	B	1
4	46	A	1
5	15	A	1
6	22	C	1
7	26	A	0
8	28	C	1
9	20	B	0
10	33	C	0
11	22	A	1
12	60	B	0
13	18	A	1
14	63	A	0
15	70	C	1
16	86	C	1
17	93	A	0
18	88	B	0
19	49	C	0
20	67	A	1
21	95	B	0
22	24	A	0
23	67	C	0
24	82	B	1
25	86	C	0
26	46	B	0
27	13	B	0
28	11	C	0
29	71	A	1
30	60	A	1
31	31	B	0
32	58	C	0
33	17	A	0
34	55	B	0
35	49	A	0
36	42	B	1
37	39	B	0
38	94	C	0
39	28	C	0
40	83	A	1
Classes	200
Teachers	100
1	20	4	C	1
2	49	3	C	1
3	97	3	C	1
4	73	3	C	1
5	20	2	B	1
6	81	1	A	1
7	64	4	C	1
8	55	1	A	1
9	30	2	B	1
10	99	3	C	1
11	64	2	B	0
12	98	2	B	0
13	61	3	C	0
14	22	1	A	0
15	69	3	C	0
16	38	1	A	0
17	63	2	B	0
18	60	1	A	0
19	32	3	C	0
20	88	4	C	0
21	81	4	C	0
22	72	1	A	0
23	53	4	C	0
24	34	1	A	0
25	60	4	C	0
26	77	4	C	0
27	83	2	B	0
28	39	4	C	0
29	88	4	C	0
30	77	3	C	0
31	50	1	A	0
32	26	1	A	0
33	5	1	A	0
34	80	1	A	0
35	61	3	C	0
36	24	1	A	0
37	34	2	B	0
38	53	4	C	0
39	4	3	C	0
40	16	3	C	0
41	6	1	A	0
42	79	2	B	0
43	99	2	B	0
44	18	3	C	0
45	36	4	C	0
46	18	2	B	0
47	38	1	A	0
48	71	2	B	0
49	42	1	A	0
50	59	4	C	0
51	78	4	C	0
52	43	1	A	0
53	4	2	B	0
54	6	2	B	0
55	90	2	B	0
56	33	2	B	0
57	91	4	C	0
58	29	2	B	0
59	84	4	C	0
60	28	2	B	0
61	32	3	C	0
62	27	3	C	0
63	28	2	B	0
64	24	2	B	0
65	12	1	A	0
66	71	3	C	0
67	73	4	C	0
68	14	2	B	0
69	45	4	C	0
70	9	4	C	0
71	17	4	C	0
72	31	2	B	0
73	90	1	A	0
74	15	4	C	0
75	5	3	C	0
76	72	2	B	0
77	57	4	C	0
78	87	4	C	0
79	15	3	C	0
80	84	2	B	0
81	17	1	A	0
82	55	4	C	0
83	14	2	B	0
84	52	2	B	0
85	68	3	C	0
86	30	4	C	0
87	42	1	A	0
88	7	4	C	0
89	96	1	A	0
90	78	3	C	0
91	92	3	C	0
92	54	2	B	0
93	57	1	A	0
94	58	2	B	0
95	49	3	C	0
96	63	4	C	0
97	43	3	C	0
98	50	1	A	0
99	47	4	C	0
100	89	2	B	0
101	2	2	B	0
102	58	2	B	0
103	7	3	C	0
104	79	2	B	0
105	9	4	C	0
106	35	1	A	0
107	66	2	B	0
108	33	2	B	0
109	91	2	B	0
110	11	2	B	0
111	26	1	A	0
112	93	3	C	0
113	98	2	B	0
114	21	2	B	0
115	45	2	B	0
116	47	4	C	0
117	16	1	A	0
118	35	1	A	0
119	76	1	A	0
120	23	3	C	0
121	65	1	A	0
122	3	3	C	0
123	68	4	C	0
124	12	1	A	0
125	40	1	A	0
126	66	2	B	0
127	93	3	C	0
128	94	3	C	0
129	8	2	B	0
130	86	3	C	0
131	69	1	A	0
132	82	2	B	0
133	56	3	C	0
134	8	1	A	0
135	22	1	A	0
136	39	3	C	0
137	25	2	B	0
138	80	3	C	0
139	37	2	B	0
140	1	2	B	0
141	19	1	A	0
142	27	3	C	0
143	100	3	C	0
144	21	2	B	0
145	83	2	B	0
146	76	1	A	0
147	41	2	B	0
148	56	2	B	0
149	65	1	A	0
150	54	3	C	0
151	89	2	B	0
152	41	2	B	0
153	23	4	C	0
154	36	3	C	0
155	75	3	C	0
156	94	3	C	0
157	82	2	B	0
158	62	2	B	0
159	67	2	B	0
160	31	1	A	0
161	85	3	C	0
162	62	4	C	0
163	29	1	A	0
164	3	4	C	0
165	19	3	C	0
166	97	4	C	0
167	40	3	C	0
168	92	4	C	0
169	87	3	C	0
170	1	2	B	0
171	46	3	C	0
172	44	3	C	0
173	85	1	A	0
174	51	1	A	0
175	51	2	B	0
176	70	2	B	0
177	48	2	B	0
178	75	4	C	0
179	95	3	C	0
180	13	4	C	0
181	96	3	C	0
182	70	1	A	0
183	100	1	A	0
184	67	4	C	0
185	74	1	A	0
186	2	4	C	0
187	86	4	C	0
188	10	4	C	0
189	59	1	A	0
190	25	4	C	0
191	48	3	C	0
192	13	2	B	0
193	37	1	A	0
194	11	4	C	0
195	74	2	B	0
196	10	1	A	0
197	52	3	C	0
198	46	3	C	0
199	95	4	C	0
200	44	4	C	0
