Students	500
1	52 197 145 129	4	4	0
2	123 99 148 109	2	-1	0
3	9 199 28 156	1	-1	0
4	8 31 105 21	1	-1	0
5	120 66 74 108	2	-1	0
6	168 49 115 103	2	-1	0
7	110 31 64 77	2	-1	0
8	2 129 124 121	1	-1	0
9	4 28 25 61	1	-1	0
10	58 169 61 68	3	3	0
11	9 21 144 80	1	-1	0
12	26 143 32 162	2	-1	0
13	1 92 121 155	1	-1	0
14	86 100 183 120	3	2	0
15	97 37 22 18	2	-1	0
16	162 86 75 28	4	1	0
17	142 49 174 154	3	1	0
18	121 172 109 15	2	-1	0
19	46 122 117 146	2	-1	0
20	178 64 143 44	2	-1	0
21	110 149 193 55	2	-1	0
22	24 156 145 60	2	-1	0
23	74 23 65 178	3	4	0
24	198 181 190 11	4	4	0
25	52 185 138 46	2	-1	0
26	124 153 38 122	4	4	0
27	142 26 46 181	3	3	0
28	138 145 177 81	3	1	0
29	25 94 114 17	4	4	0
30	123 93 199 168	2	-1	0
31	7 95 38 68	1	-1	0
32	45 120 85 127	4	3	0
33	160 67 190 169	4	2	0
34	107 118 78 120	4	3	0
35	7 49 12 70	1	-1	0
36	75 55 145 66	3	1	0
37	181 48 161 101	2	-1	0
38	76 62 194 150	2	-1	0
39	162 194 55 143	4	1	0
40	72 154 110 60	4	3	0
41	143 139 146 149	2	-1	0
42	9 22 14 50	1	-1	0
43	81 95 129 142	2	-1	0
44	36 90 166 133	3	3	0
45	188 149 165 19	2	-1	0
46	159 153 91 114	2	-1	0
47	112 62 63 164	3	1	0
48	3 135 96 160	1	-1	0
49	102 51 80 117	3	4	0
50	9 197 198 193	1	-1	0
51	121 141 27 133	4	1	0
52	128 117 90 98	3	4	0
53	85 113 92 128	3	1	0
54	52 153 14 174	4	3	0
55	192 128 29 156	4	3	0
56	167 97 170 57	2	-1	0
57	7 60 149 73	1	-1	0
58	113 73 194 127	4	2	0
59	155 179 52 176	2	-1	0
60	147 12 71 102	3	1	0
61	182 162 198 67	2	-1	0
62	108 102 115 66	4	3	0
63	183 40 128 29	3	1	0
64	37 51 126 29	3	3	0
65	65 147 38 108	3	1	0
66	112 32 143 97	3	3	0
67	6 139 16 149	1	-1	0
68	10 37 200 122	1	-1	0
69	9 78 103 176	1	-1	0
70	155 152 193 142	2	-1	0
71	102 170 98 31	4	2	0
72	3 84 187 115	1	-1	0
73	4 74 53 113	1	-1	0
74	146 183 153 168	2	-1	0
75	121 133 127 16	3	4	0
76	5 139 22 187	1	-1	0
77	28 45 65 71	4	4	0
78	3 79 112 68	1	-1	0
79	176 28 186 194	3	2	0
80	118 107 37 114	2	-1	0
81	30 15 79 45	2	-1	0
82	77 143 197 142	4	4	0
83	3 191 63 142	1	-1	0
84	47 167 153 162	4	2	0
85	7 101 72 162	1	-1	0
86	200 154 125 111	4	2	0
87	3 39 66 70	1	-1	0
88	7 12 188 60	1	-1	0
89	26 66 112 88	4	4	0
90	192 69 193 175	4	4	0
91	47 40 73 52	3	1	0
92	180 34 155 182	2	-1	0
93	24 128 157 97	3	3	0
94	56 55 188 169	4	1	0
95	5 23 117 88	1	-1	0
96	80 68 147 143	2	-1	0
97	156 31 98 184	4	4	0
98	31 77 59 128	4	2	0
99	2 176 33 71	1	-1	0
100	129 182 32 112	3	1	0
101	149 117 65 157	3	1	0
102	10 168 79 155	1	-1	0
103	7 192 193 145	1	-1	0
104	200 179 141 31	4	2	0
105	178 182 23 81	3	2	0
106	1 88 126 83	1	-1	0
107	6 177 28 137	1	-1	0
108	33 57 47 94	3	3	0
109	132 11 15 65	2	-1	0
110	64 94 134 153	3	1	0
111	190 123 94 128	2	-1	0
112	7 70 79 107	1	-1	0
113	9 142 97 103	1	-1	0
114	68 144 80 83	4	3	0
115	67 169 166 141	2	-1	0
116	142 94 157 38	2	-1	0
117	8 200 13 65	1	-1	0
118	9 64 18 130	1	-1	0
119	49 186 180 62	3	2	0
120	23 81 176 121	2	-1	0
121	193 129 191 194	4	2	0
122	124 53 38 26	3	4	0
123	9 86 162 195	1	-1	0
124	3 61 69 189	1	-1	0
125	118 27 53 159	3	3	0
126	10 141 132 145	1	-1	0
127	143 114 153 174	2	-1	0
128	161 128 165 86	4	1	0
129	195 56 37 121	2	-1	0
130	4 45 65 142	1	-1	0
131	5 178 159 76	1	-1	0
132	130 53 134 163	3	2	0
133	75 178 167 121	2	-1	0
134	8 197 69 196	1	-1	0
135	10 18 40 41	1	-1	0
136	8 158 95 85	1	-1	0
137	110 82 129 98	3	1	0
138	43 100 66 67	4	4	0
139	39 194 43 108	3	2	0
140	195 73 62 89	2	-1	0
141	112 72 130 89	3	2	0
142	102 28 129 111	3	1	0
143	98 120 195 20	3	1	0
144	4 166 79 89	1	-1	0
145	86 122 23 161	2	-1	0
146	124 62 187 43	2	-1	0
147	64 99 54 155	4	2	0
148	164 103 200 109	2	-1	0
149	184 90 14 96	3	2	0
150	6 181 121 16	1	-1	0
151	112 173 155 69	3	1	0
152	151 92 176 118	2	-1	0
153	117 78 96 190	4	4	0
154	121 37 103 40	3	1	0
155	6 89 134 148	1	-1	0
156	55 192 70 142	4	4	0
157	37 185 165 56	3	4	0
158	123 131 124 51	3	3	0
159	1 175 137 90	1	-1	0
160	8 191 90 96	1	-1	0
161	199 108 12 191	3	2	0
162	120 28 86 27	3	2	0
163	4 127 58 130	1	-1	0
164	197 133 16 88	3	3	0
165	53 177 137 68	4	1	0
166	9 122 18 71	1	-1	0
167	29 61 159 192	4	3	0
168	2 122 123 144	1	-1	0
169	8 199 71 62	1	-1	0
170	18 43 199 26	2	-1	0
171	167 11 133 101	3	4	0
172	14 127 111 136	4	4	0
173	10 75 18 81	1	-1	0
174	173 145 50 76	3	2	0
175	194 200 95 139	3	2	0
176	157 104 58 174	3	2	0
177	151 168 162 141	4	4	0
178	1 185 77 132	1	-1	0
179	152 115 186 196	2	-1	0
180	162 93 47 22	3	1	0
181	96 178 87 165	3	3	1
182	93 151 128 171	3	2	0
183	10 12 43 136	1	-1	0
184	32 12 63 128	2	-1	0
185	125 85 132 69	4	1	0
186	96 144 182 137	2	-1	0
187	120 122 87 196	2	-1	0
188	173 148 64 143	2	-1	0
189	198 96 145 88	3	1	0
190	197 163 115 49	3	4	0
191	120 117 155 174	2	-1	0
192	10 97 21 28	1	-1	0
193	148 191 78 187	4	2	0
194	177 19 105 180	3	4	0
195	8 34 42 125	1	-1	0
196	19 175 159 142	3	1	0
197	57 75 73 56	3	3	0
198	90 27 70 175	2	-1	0
199	112 36 145 101	4	3	0
200	194 58 115 127	2	-1	0
201	116 34 98 99	3	4	0
202	164 136 113 127	2	-1	0
203	50 194 179 190	4	3	0
204	167 46 198 186	3	1	0
205	3 89 113 32	1	-1	0
206	2 79 84 97	1	-1	0
207	179 167 200 174	3	3	0
208	4 38 43 12	1	-1	0
209	3 30 52 156	1	-1	0
210	40 196 48 20	2	-1	0
211	147 73 86 138	4	3	0
212	117 177 42 50	3	4	0
213	58 79 148 119	2	-1	0
214	86 47 123 133	2	-1	0
215	144 179 67 111	2	-1	0
216	7 145 106 173	1	-1	0
217	30 31 54 179	2	-1	0
218	104 110 63 30	3	4	0
219	197 105 150 71	3	2	0
220	96 177 83 54	2	-1	0
221	26 154 112 51	3	3	0
222	122 184 11 102	2	-1	0
223	53 15 16 91	2	-1	0
224	61 182 127 40	4	2	0
225	175 192 182 119	2	-1	0
226	157 193 128 99	2	-1	0
227	1 85 15 79	1	-1	0
228	82 46 58 86	4	1	0
229	4 130 147 99	1	-1	0
230	198 180 200 137	2	-1	0
231	166 44 117 145	4	1	0
232	77 129 153 115	2	-1	0
233	6 127 135 90	1	-1	0
234	22 44 42 45	3	4	0
235	38 124 159 119	4	2	0
236	101 175 45 177	3	2	0
237	77 58 97 64	3	3	0
238	34 14 117 188	2	-1	0
239	1 132 193 86	1	-1	0
240	2 83 88 80	1	-1	0
241	170 57 183 151	3	1	0
242	173 54 57 142	3	1	0
243	89 50 161 176	4	3	0
244	192 44 99 79	3	4	0
245	1 94 103 129	1	-1	0
246	6 112 56 70	1	-1	0
247	18 48 126 12	3	1	0
248	70 50 172 44	4	3	0
249	159 194 42 41	3	3	0
250	9 99 172 19	1	-1	0
251	4 178 116 98	1	-1	0
252	50 64 38 162	4	2	0
253	33 93 57 53	2	-1	0
254	2 33 68 74	1	-1	0
255	154 28 58 25	2	-1	0
256	59 19 38 177	3	4	0
257	196 193 87 53	2	-1	0
258	7 200 58 13	1	-1	0
259	75 132 23 124	4	3	0
260	96 59 178 84	3	3	0
261	37 99 146 104	3	3	0
262	181 44 160 156	2	-1	0
263	187 113 132 71	2	-1	0
264	5 37 153 195	1	-1	0
265	10 178 55 169	1	-1	0
266	119 33 117 79	4	3	0
267	156 172 145 190	3	2	0
268	4 104 138 197	1	-1	0
269	4 100 69 64	1	-1	0
270	5 24 14 32	1	-1	0
271	31 88 188 96	4	3	0
272	17 130 66 108	2	-1	0
273	8 86 139 134	1	-1	0
274	177 198 71 111	3	3	0
275	114 37 122 127	3	4	0
276	66 79 138 26	2	-1	0
277	100 47 175 43	3	4	0
278	172 47 93 52	4	3	0
279	7 125 20 13	1	-1	0
280	87 31 75 107	3	4	0
281	15 53 121 135	4	1	0
282	86 139 196 25	4	3	0
283	133 142 84 183	4	1	0
284	20 40 27 173	4	3	0
285	95 108 58 134	2	-1	0
286	186 193 113 101	2	-1	0
287	4 32 190 80	1	-1	0
288	113 135 84 158	4	1	0
289	150 69 65 59	4	2	0
290	128 140 62 71	4	3	0
291	7 117 26 94	1	-1	0
292	21 183 87 69	4	2	0
293	1 79 200 124	1	-1	0
294	153 36 32 165	2	-1	0
295	3 167 106 31	1	-1	0
296	27 17 172 40	2	-1	0
297	149 200 20 196	2	-1	0
298	163 20 92 190	3	2	0
299	52 188 145 23	3	4	0
300	129 91 100 126	2	-1	0
301	174 98 77 189	3	3	1
302	65 198 162 170	4	2	0
303	86 126 146 174	3	4	0
304	39 81 156 21	4	2	0
305	64 80 124 78	2	-1	0
306	72 162 126 70	4	2	0
307	27 72 53 196	2	-1	0
308	173 157 185 174	4	4	0
309	134 163 164 50	2	-1	0
310	100 104 174 46	2	-1	0
311	3 146 89 66	1	-1	0
312	32 84 152 158	3	1	0
313	26 136 93 39	2	-1	0
314	171 131 195 11	2	-1	0
315	5 100 122 175	1	-1	0
316	10 124 144 138	1	-1	0
317	6 197 196 69	1	-1	0
318	143 153 106 12	3	3	0
319	152 79 16 135	2	-1	0
320	47 193 39 159	3	1	0
321	4 44 183 127	1	-1	0
322	74 19 161 90	3	2	0
323	163 52 16 172	2	-1	0
324	26 165 21 35	2	-1	0
325	8 113 133 112	1	-1	0
326	149 16 67 197	4	4	0
327	81 182 166 21	4	3	0
328	40 197 26 47	2	-1	0
329	53 19 126 188	2	-1	0
330	131 182 187 49	3	2	0
331	135 64 43 76	4	2	0
332	136 75 68 71	2	-1	0
333	166 17 116 177	4	4	0
334	3 140 164 118	1	-1	0
335	7 63 142 24	1	-1	0
336	170 91 195 151	3	2	0
337	8 155 195 117	1	-1	0
338	167 22 164 87	2	-1	0
339	178 126 143 164	2	-1	0
340	110 18 86 24	2	-1	0
341	77 182 138 33	2	-1	0
342	200 22 195 112	2	-1	0
343	166 100 63 53	4	1	0
344	176 94 34 168	3	2	0
345	159 48 141 58	2	-1	0
346	87 130 95 178	3	3	0
347	75 138 95 24	4	3	0
348	10 35 42 181	1	-1	0
349	4 179 19 190	1	-1	0
350	43 190 41 61	3	3	0
351	162 39 119 59	3	1	0
352	39 19 28 66	3	4	0
353	78 75 169 144	4	3	0
354	1 103 176 105	1	-1	0
355	25 11 196 172	4	4	0
356	152 84 49 99	2	-1	0
357	49 116 60 174	4	1	0
358	5 171 26 85	1	-1	0
359	1 185 28 59	1	-1	0
360	2 110 54 97	1	-1	0
361	103 197 91 61	2	-1	0
362	64 46 153 143	4	1	0
363	25 41 69 88	4	2	0
364	163 87 144 122	2	-1	0
365	58 66 102 26	4	4	0
366	62 45 85 49	2	-1	0
367	152 35 149 81	4	1	0
368	1 68 108 11	1	-1	0
369	4 189 54 179	1	-1	0
370	47 147 77 58	4	1	0
371	4 32 186 68	1	-1	0
372	5 118 25 165	1	-1	0
373	47 12 66 103	2	-1	0
374	183 100 79 26	2	-1	0
375	79 31 148 178	4	1	0
376	27 140 146 33	2	-1	0
377	76 196 187 25	3	3	0
378	6 112 96 69	1	-1	0
379	150 26 62 23	4	3	0
380	125 158 66 129	2	-1	0
381	139 93 104 180	4	4	0
382	188 106 143 27	4	2	0
383	78 22 84 59	3	4	0
384	4 73 32 31	1	-1	0
385	14 155 184 147	3	1	0
386	24 43 71 111	2	-1	0
387	139 25 83 101	3	2	0
388	96 118 143 193	2	-1	0
389	174 48 64 19	4	3	0
390	177 137 128 23	4	1	0
391	89 173 126 171	4	3	0
392	1 73 198 115	1	-1	0
393	1 196 132 75	1	-1	0
394	88 174 121 183	4	1	0
395	8 24 91 104	1	-1	0
396	153 147 186 76	4	1	0
397	50 148 60 146	4	3	0
398	27 148 163 76	4	2	0
399	143 75 167 122	2	-1	0
400	9 94 53 179	1	-1	0
401	11 45 111 57	3	4	0
402	147 12 163 72	3	4	0
403	118 28 53 59	3	4	0
404	180 190 61 164	4	3	0
405	6 90 17 168	1	-1	0
406	196 145 47 139	3	1	0
407	168 16 40 128	3	1	0
408	162 95 189 44	4	4	0
409	21 79 11 32	3	3	0
410	16 20 58 111	2	-1	0
411	81 190 87 71	3	1	0
412	196 35 24 105	4	3	0
413	126 33 164 139	2	-1	0
414	185 119 121 106	2	-1	0
415	17 192 193 164	4	4	0
416	118 50 25 54	3	1	0
417	98 160 22 51	2	-1	0
418	9 40 108 39	1	-1	0
419	91 17 194 129	4	1	0
420	89 168 140 74	2	-1	0
421	163 55 171 45	4	4	0
422	30 95 25 127	2	-1	0
423	3 188 110 144	1	-1	0
424	76 109 172 158	2	-1	0
425	139 86 153 130	4	1	0
426	1 133 68 200	1	-1	0
427	20 149 170 90	4	3	0
428	10 171 136 31	1	-1	0
429	56 82 111 34	2	-1	0
430	34 117 113 25	2	-1	0
431	84 100 198 65	4	2	0
432	49 107 82 113	2	-1	0
433	8 39 138 100	1	-1	0
434	100 84 83 44	4	4	0
435	40 28 143 165	2	-1	0
436	5 20 89 33	1	-1	0
437	22 102 105 88	2	-1	0
438	70 132 110 167	3	2	0
439	1 183 197 180	1	-1	0
440	161 151 70 77	2	-1	0
441	99 63 26 141	4	4	0
442	8 195 140 79	1	-1	0
443	2 50 187 129	1	-1	0
444	183 11 199 24	4	1	0
445	16 106 108 175	3	2	0
446	25 31 99 188	4	3	0
447	126 27 52 55	2	-1	0
448	191 174 43 49	4	1	0
449	7 166 86 115	1	-1	0
450	195 121 128 125	2	-1	0
451	189 102 74 122	4	4	0
452	77 115 182 116	2	-1	0
453	162 171 56 19	2	-1	0
454	113 126 198 151	3	2	0
455	97 168 102 120	3	4	0
456	45 35 164 120	3	3	0
457	118 184 15 57	4	1	0
458	163 168 151 88	4	2	0
459	35 138 183 134	2	-1	0
460	96 73 120 85	3	1	0
461	1 75 70 118	1	-1	0
462	181 178 125 185	4	2	0
463	193 174 45 20	3	2	0
464	173 159 21 109	3	2	0
465	116 40 53 189	3	4	0
466	24 34 22 111	4	3	0
467	141 19 182 26	3	3	0
468	6 130 97 146	1	-1	0
469	103 141 126 86	3	2	0
470	3 86 77 113	1	-1	0
471	122 195 36 49	4	2	0
472	50 51 196 17	2	-1	0
473	10 55 142 70	1	-1	0
474	10 73 173 53	1	-1	0
475	42 167 41 68	4	1	0
476	47 155 33 50	4	3	0
477	6 198 135 89	1	-1	0
478	2 189 54 64	1	-1	0
479	125 122 69 79	4	2	0
480	134 43 194 54	4	1	0
481	4 48 114 51	1	-1	0
482	188 33 43 49	4	3	0
483	31 176 111 134	3	1	0
484	2 46 189 165	1	-1	0
485	5 81 140 188	1	-1	0
486	162 67 62 171	3	4	0
487	6 121 20 157	1	-1	0
488	172 103 160 77	4	3	0
489	3 150 160 99	1	-1	0
490	139 111 175 23	2	-1	0
491	171 50 122 172	4	1	0
492	67 87 198 119	3	3	0
493	7 169 122 151	1	-1	0
494	7 120 196 122	1	-1	0
495	79 186 107 116	3	4	0
496	79 75 58 50	2	-1	0
497	111 134 82 104	2	-1	0
498	1 47 99 161	1	-1	0
499	6 153 170 175	1	-1	0
500	142 116 154 102	3	1	0
