Students	500
1	15 38 41 139	2	-1	0
2	5 107 153 33	1	-1	0
3	96 175 105 149	4	2	0
4	85 170 88 101	3	4	0
5	17 189 165 104	4	2	0
6	17 138 22 110	4	2	0
7	9 103 73 170	1	-1	0
8	5 145 181 153	1	-1	0
9	105 30 54 50	3	3	0
10	26 13 45 57	4	2	0
11	178 29 190 85	2	-1	0
12	3 51 192 59	1	-1	0
13	96 62 165 37	2	-1	0
14	44 170 172 105	4	1	0
15	6 76 53 35	1	-1	0
16	180 116 176 91	2	-1	0
17	124 65 142 36	2	-1	0
18	7 76 200 40	1	-1	0
19	89 80 87 194	2	-1	0
20	193 134 65 116	2	-1	0
21	16 91 27 59	4	3	0
22	40 178 118 51	3	3	0
23	124 34 187 149	2	-1	0
24	120 187 189 69	4	3	0
25	114 148 121 152	4	3	0
26	10 148 110 50	1	-1	0
27	4 183 61 28	1	-1	0
28	5 94 93 22	1	-1	0
29	160 129 88 111	4	1	0
30	95 190 192 117	2	-1	0
31	101 65 95 168	3	4	0
32	23 83 102 141	4	2	0
33	117 115 110 103	3	1	0
34	140 85 13 62	2	-1	0
35	1 25 135 50	1	-1	0
36	140 162 43 75	4	1	0
37	10 155 60 68	1	-1	0
38	2 79 60 68	1	-1	0
39	167 137 186 117	4	4	0
40	72 193 62 145	3	1	0
41	4 50 26 59	1	-1	0
42	3 200 94 176	1	-1	0
43	53 160 58 93	4	2	0
44	15 16 138 118	3	1	0
45	9 91 140 33	1	-1	0
46	167 141 149 144	2	-1	0
47	157 198 159 147	3	3	0
48	5 38 49 84	1	-1	0
49	12 15 160 105	3	2	0
50	3 151 71 158	1	-1	0
51	20 126 132 80	4	4	0
52	193 74 124 51	3	3	0
53	70 91 55 21	4	4	0
54	199 133 193 29	3	2	0
55	19 141 123 135	3	3	0
56	41 122 69 109	4	1	0
57	8 123 29 52	1	-1	0
58	39 92 64 41	4	4	0
59	81 113 141 44	3	2	0
60	68 66 63 53	4	2	0
61	195 84 130 129	4	1	0
62	140 48 96 77	2	-1	0
63	5 35 64 69	1	-1	0
64	51 180 33 146	2	-1	0
65	3 185 35 40	1	-1	0
66	192 20 168 160	3	1	0
67	120 30 148 69	4	3	1
68	102 111 150 191	4	2	0
69	158 92 81 40	2	-1	0
70	93 138 110 112	3	2	0
71	90 140 51 149	3	3	0
72	180 78 191 12	3	4	0
73	136 67 119 61	3	3	0
74	183 21 11 126	3	1	0
75	47 128 34 189	3	3	0
76	94 139 62 120	2	-1	0
77	107 165 187 68	2	-1	0
78	72 60 12 106	3	2	0
79	57 108 41 132	2	-1	0
80	33 196 139 101	3	1	0
81	74 39 89 132	4	4	0
82	70 186 160 28	4	4	0
83	10 159 156 40	1	-1	0
84	106 191 25 30	4	4	0
85	180 195 192 82	4	1	0
86	46 176 115 193	2	-1	0
87	156 38 200 86	2	-1	0
88	164 68 20 114	4	1	0
89	28 77 168 98	2	-1	0
90	152 16 63 126	2	-1	0
91	147 112 62 132	4	3	0
92	32 164 116 16	2	-1	0
93	8 155 79 108	1	-1	0
94	89 50 169 165	4	3	0
95	97 108 65 43	4	1	0
96	3 67 136 189	1	-1	0
97	9 156 139 132	1	-1	0
98	105 35 88 15	2	-1	0
99	2 147 149 127	1	-1	0
100	104 16 149 48	4	2	0
101	130 168 135 75	2	-1	0
102	10 42 37 28	1	-1	0
103	3 35 24 42	1	-1	0
104	110 47 90 181	3	2	0
105	42 175 190 178	2	-1	0
106	8 95 175 174	1	-1	0
107	147 26 102 129	2	-1	0
108	157 96 50 36	3	3	0
109	63 16 58 106	2	-1	0
110	85 194 57 50	4	2	0
111	139 17 66 111	4	2	0
112	167 156 39 181	2	-1	0
113	134 82 170 71	4	2	0
114	148 171 133 186	4	1	0
115	151 188 68 41	3	1	0
116	161 66 74 119	2	-1	0
117	32 56 51 50	4	1	0
118	2 59 79 114	1	-1	0
119	181 171 85 183	2	-1	0
120	194 140 135 80	4	1	0
121	116 58 75 190	4	3	0
122	42 135 84 151	2	-1	0
123	122 119 178 147	4	4	0
124	3 80 175 197	1	-1	0
125	13 26 39 80	2	-1	0
126	67 155 17 18	3	4	0
127	18 123 13 50	2	-1	0
128	110 98 64 143	4	3	0
129	5 41 80 93	1	-1	0
130	54 11 127 27	4	3	0
131	4 200 17 168	1	-1	0
132	155 126 105 39	3	3	0
133	137 160 191 104	4	2	0
134	3 85 93 30	1	-1	0
135	3 145 88 164	1	-1	0
136	159 50 28 133	2	-1	0
137	175 139 119 144	4	1	0
138	101 118 158 12	4	2	0
139	130 84 178 182	3	2	0
140	114 131 95 122	4	4	0
141	83 154 191 184	3	4	1
142	10 47 180 69	1	-1	0
143	5 31 65 87	1	-1	0
144	4 35 32 70	1	-1	0
145	61 100 184 179	2	-1	0
146	16 95 133 55	2	-1	0
147	83 143 21 163	4	4	0
148	85 103 27 75	4	3	0
149	169 84 56 168	2	-1	0
150	158 113 61 192	2	-1	0
151	137 70 164 30	3	1	0
152	150 138 13 32	2	-1	0
153	12 18 158 101	2	-1	0
154	38 55 141 173	4	4	0
155	14 153 79 119	4	4	0
156	182 177 149 142	3	4	0
157	7 164 82 47	1	-1	0
158	179 194 191 122	3	4	0
159	1 168 23 87	1	-1	0
160	10 86 127 140	1	-1	0
161	3 66 189 53	1	-1	0
162	10 13 106 191	1	-1	0
163	67 106 85 133	2	-1	0
164	89 69 195 139	4	4	0
165	27 77 103 54	4	4	0
166	188 31 73 163	4	4	0
167	122 129 19 198	4	2	0
168	178 95 154 103	2	-1	0
169	6 118 95 147	1	-1	0
170	92 133 52 132	2	-1	0
171	5 75 170 191	1	-1	0
172	180 123 141 182	2	-1	0
173	79 104 41 36	3	2	0
174	143 138 102 151	4	1	0
175	91 169 38 40	4	2	0
176	86 66 190 61	3	3	0
177	89 110 153 61	3	4	0
178	86 177 134 158	3	1	0
179	87 50 168 81	4	2	0
180	118 132 153 174	3	1	0
181	200 28 88 72	2	-1	0
182	101 156 173 40	3	2	0
183	41 56 148 25	2	-1	0
184	2 80 37 122	1	-1	0
185	122 13 175 71	3	4	0
186	2 197 35 48	1	-1	0
187	10 35 120 115	1	-1	0
188	200 13 28 108	4	4	0
189	35 151 60 51	4	2	0
190	52 81 126 64	4	3	0
191	8 17 77 100	1	-1	0
192	3 91 55 69	1	-1	0
193	58 148 105 34	4	3	0
194	4 23 125 11	1	-1	0
195	136 26 176 180	4	1	0
196	2 106 88 21	1	-1	0
197	120 30 86 88	3	4	0
198	108 68 74 39	2	-1	0
199	29 25 155 84	3	3	0
200	99 46 134 79	3	1	0
201	114 28 133 31	2	-1	0
202	148 82 133 32	4	1	0
203	148 13 83 17	4	1	0
204	159 148 199 50	2	-1	0
205	58 53 168 68	2	-1	0
206	50 79 105 160	4	2	0
207	4 195 72 29	1	-1	1
208	8 63 84 143	1	-1	0
209	147 53 107 175	3	4	0
210	47 198 116 59	2	-1	0
211	130 87 92 12	4	4	0
212	158 141 126 13	3	4	0
213	99 54 103 185	4	3	0
214	148 200 38 49	3	4	0
215	129 167 49 133	4	3	0
216	66 35 18 113	4	4	0
217	3 50 168 71	1	-1	0
218	3 187 55 27	1	-1	0
219	8 48 168 49	1	-1	0
220	5 60 108 65	1	-1	0
221	37 150 21 121	4	3	0
222	92 29 44 101	2	-1	0
223	10 72 49 82	1	-1	0
224	44 132 122 116	3	3	0
225	36 170 49 17	4	4	0
226	164 111 35 16	4	1	0
227	12 26 160 93	2	-1	0
228	145 155 86 45	2	-1	0
229	159 60 19 153	2	-1	0
230	64 50 139 103	2	-1	0
231	25 175 32 154	4	4	0
232	76 136 177 82	4	1	0
233	113 115 86 199	4	4	0
234	2 56 197 144	1	-1	0
235	3 177 92 79	1	-1	0
236	149 45 171 141	4	4	0
237	2 35 119 146	1	-1	0
238	16 188 11 71	2	-1	0
239	2 158 26 85	1	-1	0
240	133 27 64 172	4	2	0
241	2 152 122 79	1	-1	0
242	161 155 84 137	4	1	0
243	139 134 178 110	3	2	0
244	97 120 78 34	4	2	0
245	181 77 155 51	4	4	0
246	6 72 25 19	1	-1	0
247	86 60 159 76	3	1	0
248	128 154 176 179	3	4	0
249	35 49 161 22	3	4	0
250	115 45 146 121	3	3	0
251	101 91 114 196	4	3	0
252	34 122 13 178	3	2	0
253	155 108 95 38	4	3	0
254	138 195 118 152	2	-1	0
255	9 75 19 89	1	-1	0
256	85 71 193 46	4	3	0
257	183 186 165 176	3	2	0
258	8 30 189 119	1	-1	0
259	7 61 92 169	1	-1	0
260	3 129 187 102	1	-1	0
261	187 80 171 150	4	4	0
262	37 180 14 50	4	2	0
263	197 164 185 70	3	3	0
264	63 41 55 180	2	-1	0
265	59 30 46 126	2	-1	0
266	4 63 24 135	1	-1	0
267	8 21 111 194	1	-1	0
268	129 127 88 17	2	-1	0
269	157 188 199 138	4	1	0
270	78 166 158 28	4	3	0
271	98 152 150 140	4	4	0
272	31 42 111 21	2	-1	0
273	104 119 197 189	4	2	0
274	6 116 43 150	1	-1	0
275	134 117 126 143	2	-1	0
276	7 21 109 83	1	-1	0
277	68 92 106 100	4	4	0
278	69 41 46 192	2	-1	0
279	6 189 119 55	1	-1	0
280	1 114 117 19	1	-1	0
281	2 84 74 171	1	-1	0
282	11 102 137 89	3	4	0
283	4 113 32 34	1	-1	0
284	146 139 179 72	2	-1	0
285	100 71 188 61	4	4	0
286	1 163 24 46	1	-1	0
287	3 130 28 103	1	-1	0
288	98 120 74 111	4	1	0
289	68 124 118 51	4	3	0
290	20 11 164 57	3	2	0
291	159 93 87 79	4	2	0
292	28 133 83 54	2	-1	0
293	7 190 20 154	1	-1	0
294	197 196 125 114	2	-1	0
295	127 54 28 113	3	2	0
296	7 112 41 161	1	-1	0
297	40 136 192 24	2	-1	0
298	10 62 56 145	1	-1	0
299	36 200 168 99	4	2	0
300	56 146 28 153	4	3	0
301	56 187 177 50	3	4	0
302	83 66 20 112	3	1	0
303	8 33 22 110	1	-1	0
304	124 25 181 132	4	2	0
305	9 140 160 109	1	-1	0
306	95 32 137 151	2	-1	0
307	2 46 69 23	1	-1	0
308	52 157 186 38	3	4	0
309	8 174 33 190	1	-1	0
310	182 177 30 36	2	-1	0
311	39 184 138 139	4	4	0
312	114 170 77 162	3	1	0
313	109 120 65 194	4	2	0
314	174 193 159 87	3	3	0
315	143 118 154 102	3	4	0
316	4 73 111 89	1	-1	0
317	149 18 124 132	3	1	0
318	5 150 191 156	1	-1	0
319	41 184 197 114	3	2	0
320	4 191 85 49	1	-1	0
321	6 147 185 144	1	-1	0
322	32 90 165 85	2	-1	0
323	81 14 101 181	3	1	0
324	112 118 152 185	4	4	0
325	4 82 189 133	1	-1	0
326	9 79 146 29	1	-1	0
327	146 69 41 137	3	2	0
328	10 57 46 29	1	-1	0
329	4 39 73 109	1	-1	0
330	138 197 116 25	2	-1	0
331	194 139 77 161	4	4	0
332	95 107 34 46	3	1	0
333	20 145 76 56	4	1	0
334	12 191 130 170	3	2	0
335	128 120 29 99	3	1	0
336	122 41 59 196	4	2	0
337	158 49 168 42	3	1	0
338	191 84 92 58	3	4	0
339	128 36 117 123	2	-1	0
340	5 163 186 16	1	-1	0
341	6 103 128 113	1	-1	0
342	159 187 173 143	4	2	0
343	156 148 171 126	4	1	0
344	172 102 155 184	3	4	0
345	4 176 168 154	1	-1	0
346	179 95 59 144	4	3	0
347	64 126 195 29	2	-1	0
348	81 94 109 125	4	1	0
349	73 86 13 188	4	3	0
350	61 26 79 100	3	4	0
351	190 90 133 177	3	1	0
352	2 79 163 87	1	-1	0
353	76 163 153 157	4	4	0
354	1 64 67 28	1	-1	0
355	95 164 11 37	4	4	0
356	103 68 159 32	3	1	0
357	25 128 116 89	2	-1	0
358	5 50 191 190	1	-1	1
359	1 71 154 93	1	-1	0
360	2 47 134 87	1	-1	0
361	9 14 60 78	1	-1	0
362	167 48 43 158	4	4	0
363	65 108 37 68	2	-1	0
364	6 161 91 104	1	-1	0
365	94 151 194 111	3	3	0
366	9 97 143 196	1	-1	0
367	7 106 172 196	1	-1	0
368	4 24 15 167	1	-1	0
369	70 174 84 72	2	-1	0
370	156 112 140 47	4	4	0
371	140 31 112 35	4	2	0
372	11 52 126 106	2	-1	0
373	109 64 71 45	4	1	0
374	110 36 95 15	3	1	0
375	87 31 124 164	3	3	0
376	18 149 145 110	3	3	0
377	34 151 131 163	2	-1	0
378	65 102 166 182	3	1	0
379	190 170 164 197	2	-1	0
380	58 145 45 81	3	3	0
381	56 65 27 164	3	2	0
382	8 127 103 78	1	-1	0
383	6 31 15 92	1	-1	0
384	18 190 171 145	4	4	0
385	88 14 11 122	3	3	0
386	7 15 153 103	1	-1	0
387	173 176 150 81	4	1	0
388	89 54 149 66	2	-1	0
389	110 151 171 93	3	3	0
390	157 181 28 118	2	-1	0
391	82 14 57 126	3	1	0
392	39 120 151 158	2	-1	0
393	7 99 177 55	1	-1	0
394	190 54 129 101	4	2	0
395	119 147 174 137	3	1	0
396	100 17 95 199	4	4	0
397	110 18 112 91	2	-1	0
398	6 132 180 101	1	-1	0
399	162 188 163 199	3	3	0
400	155 107 174 108	4	3	0
401	186 163 124 35	2	-1	0
402	50 11 153 120	2	-1	0
403	12 105 141 132	4	4	0
404	108 148 25 87	2	-1	0
405	116 130 48 106	3	2	0
406	4 184 163 38	1	-1	0
407	114 50 84 175	3	4	0
408	141 53 127 11	3	2	0
409	7 63 176 29	1	-1	0
410	17 160 138 30	3	3	0
411	125 122 21 149	4	4	0
412	48 144 164 185	4	4	0
413	29 173 55 190	2	-1	0
414	41 126 194 189	2	-1	0
415	160 109 192 47	4	1	0
416	186 22 124 162	3	4	0
417	99 101 159 80	2	-1	0
418	78 17 79 171	3	4	0
419	10 187 158 87	1	-1	0
420	104 152 42 157	2	-1	0
421	200 198 187 80	3	1	0
422	97 182 79 27	3	2	0
423	189 136 193 87	3	4	0
424	193 93 105 143	2	-1	0
425	82 173 159 62	4	2	0
426	2 55 118 54	1	-1	0
427	10 72 117 167	1	-1	0
428	100 28 82 157	2	-1	0
429	87 77 156 19	2	-1	0
430	39 29 44 192	3	1	0
431	169 91 46 149	2	-1	0
432	3 55 200 75	1	-1	0
433	8 119 184 152	1	-1	0
434	2 16 102 79	1	-1	0
435	2 200 52 111	1	-1	0
436	113 186 150 185	4	2	0
437	15 136 48 132	3	2	0
438	21 186 111 36	3	1	0
439	58 163 64 112	2	-1	0
440	7 83 153 70	1	-1	0
441	32 116 82 17	4	3	0
442	81 67 113 169	2	-1	0
443	35 177 51 82	2	-1	0
444	73 157 71 86	2	-1	0
445	98 158 106 124	2	-1	0
446	30 92 196 43	4	4	0
447	191 95 88 49	3	4	0
448	9 58 114 146	1	-1	0
449	67 46 21 166	2	-1	0
450	53 48 28 13	3	4	0
451	42 118 8 34	4	3	0
452	4 154 66 40	1	-1	0
453	157 93 89 161	4	2	0
454	193 144 80 127	2	-1	0
455	191 56 68 36	4	2	0
456	160 137 87 91	2	-1	0
457	16 15 101 57	3	4	0
458	81 169 56 94	3	3	0
459	163 111 71 150	3	2	0
460	109 46 192 145	2	-1	0
461	7 112 130 179	1	-1	0
462	164 73 180 71	2	-1	0
463	64 98 155 120	2	-1	0
464	5 78 49 166	1	-1	0
465	138 178 18 167	2	-1	0
466	87 121 92 198	3	4	1
467	24 174 95 151	4	2	0
468	7 82 198 168	1	-1	0
469	8 156 176 32	1	-1	0
470	7 55 104 45	1	-1	0
471	181 81 174 113	4	1	0
472	16 137 97 152	2	-1	0
473	10 147 164 141	1	-1	0
474	149 118 164 42	2	-1	0
475	10 172 129 182	1	-1	0
476	116 150 185 76	4	3	0
477	27 33 174 140	3	4	0
478	20 118 31 158	3	4	0
479	47 161 194 81	2	-1	0
480	1 29 129 167	1	-1	0
481	71 56 48 49	2	-1	0
482	133 186 126 25	3	4	0
483	37 162 163 29	4	4	0
484	28 133 26 110	4	1	1
485	123 41 14 85	2	-1	0
486	33 157 93 27	2	-1	0
487	194 57 190 36	2	-1	0
488	159 85 142 77	2	-1	0
489	84 118 15 90	2	-1	0
490	131 49 163 15	3	3	0
491	10 178 14 196	1	-1	0
492	141 91 150 194	4	4	0
493	2 149 132 131	1	-1	0
494	103 194 11 92	4	2	0
495	64 82 184 59	3	4	0
496	8 16 28 127	1	-1	0
497	151 194 112 176	3	2	0
498	62 119 52 152	2	-1	0
499	140 192 109 15	3	4	0
500	32 63 57 179	2	-1	0
