Students	500
1	10 35 26 140	1	-1	0
2	148 199 176 26	4	2	0
3	167 156 171 169	3	1	0
4	28 34 93 80	3	3	0
5	68 157 42 43	3	4	0
6	113 196 97 165	4	3	0
7	58 121 11 59	2	-1	0
8	114 173 112 108	3	3	0
9	81 59 133 35	3	3	0
10	36 77 140 102	3	1	0
11	36 70 59 16	2	-1	0
12	31 101 123 98	3	3	0
13	180 101 186 132	2	-1	0
14	10 139 179 39	1	-1	0
15	148 22 157 121	3	3	0
16	70 11 197 53	4	3	0
17	168 66 181 149	4	2	0
18	129 36 136 144	3	3	0
19	193 35 30 182	3	1	0
20	9 139 147 47	1	-1	0
21	19 81 31 144	4	1	0
22	170 146 47 38	4	1	0
23	180 135 140 193	4	4	0
24	158 190 70 176	3	2	0
25	11 51 175 191	3	1	0
26	138 147 39 36	2	-1	0
27	2 131 45 160	1	-1	0
28	180 26 78 77	4	3	0
29	109 160 64 29	2	-1	0
30	151 87 171 59	4	4	0
31	18 78 28 45	2	-1	0
32	98 163 159 141	4	2	0
33	114 181 153 20	3	1	0
34	159 120 42 108	3	2	0
35	5 148 67 66	1	-1	0
36	20 46 169 56	4	3	0
37	69 124 78 149	3	1	0
38	177 78 153 183	2	-1	0
39	168 199 39 72	2	-1	0
40	12 176 136 43	3	2	0
41	74 177 194 85	3	1	0
42	160 105 103 99	4	2	0
43	140 193 16 138	4	2	0
44	13 184 28 74	2	-1	0
45	107 76 27 44	3	4	0
46	185 90 62 31	2	-1	0
47	39 184 70 42	2	-1	0
48	1 105 32 21	1	-1	0
49	91 184 46 57	2	-1	0
50	185 127 19 190	4	1	0
51	1 161 53 54	1	-1	0
52	3 198 93 130	1	-1	0
53	71 48 138 165	2	-1	0
54	32 156 182 34	3	3	0
55	183 107 128 177	2	-1	0
56	188 185 27 40	3	3	0
57	165 83 183 126	4	2	0
58	1 90 67 42	1	-1	0
59	35 60 69 148	3	4	0
60	7 158 57 151	1	-1	1
61	97 100 93 123	4	2	0
62	2 74 143 27	1	-1	0
63	102 137 69 62	3	1	0
64	10 35 130 99	1	-1	0
65	6 40 57 26	1	-1	0
66	24 66 7 145	2	-1	0
67	116 168 84 193	3	3	0
68	6 57 192 86	1	-1	0
69	79 52 22 83	4	1	0
70	176 95 175 136	3	1	0
71	147 17 84 37	3	2	0
72	45 114 105 76	3	3	0
73	7 198 48 98	1	-1	0
74	10 86 132 70	1	-1	0
75	104 172 199 112	3	1	0
76	188 54 178 17	3	4	0
77	8 119 137 54	1	-1	0
78	92 141 149 8	3	1	0
79	37 133 52 125	4	4	0
80	7 103 147 155	1	-1	0
81	71 141 94 125	4	4	0
82	15 82 96 171	3	4	0
83	161 90 162 85	2	-1	0
84	49 20 72 43	2	-1	0
85	198 166 135 35	3	2	0
86	5 73 37 32	1	-1	0
87	94 187 54 170	2	-1	0
88	5 150 57 26	1	-1	0
89	189 105 75 14	2	-1	0
90	3 86 178 197	1	-1	0
91	38 85 164 35	2	-1	0
92	147 148 187 173	4	2	0
93	175 124 135 23	3	1	0
94	40 96 66 144	4	2	0
95	31 86 63 99	4	2	0
96	3 94 177 85	1	-1	0
97	2 22 21 96	1	-1	0
98	133 113 55 35	4	2	0
99	93 149 119 52	4	4	0
100	9 81 64 121	1	-1	0
101	67 190 139 178	4	2	0
102	8 105 66 187	1	-1	0
103	30 96 71 72	3	1	0
104	169 61 76 182	4	1	0
105	109 111 105 133	3	1	0
106	2 59 134 125	1	-1	0
107	6 153 176 91	1	-1	0
108	4 125 113 119	1	-1	0
109	75 101 30 144	2	-1	0
110	142 196 37 15	2	-1	0
111	63 27 17 54	2	-1	0
112	72 150 143 91	3	4	0
113	147 138 199 168	4	3	0
114	90 152 70 56	2	-1	0
115	143 120 110 34	3	3	0
116	9 19 139 44	1	-1	0
117	6 147 192 82	1	-1	0
118	113 172 162 73	2	-1	0
119	9 109 29 76	1	-1	0
120	92 129 146 150	2	-1	0
121	158 95 42 153	3	4	0
122	5 23 146 56	1	-1	0
123	4 170 66 76	1	-1	0
124	184 138 36 65	3	3	0
125	56 33 173 108	4	4	0
126	9 173 106 14	1	-1	0
127	117 134 73 77	4	4	0
128	82 61 136 160	3	2	0
129	101 58 47 73	4	2	0
130	30 95 66 184	4	4	0
131	123 151 81 121	4	1	0
132	15 24 177 80	3	4	0
133	162 75 113 106	4	2	0
134	151 199 141 148	3	4	0
135	67 176 14 11	3	1	0
136	118 188 66 71	4	4	0
137	9 169 72 113	1	-1	0
138	61 198 46 55	4	3	0
139	45 72 60 155	2	-1	0
140	73 77 82 200	2	-1	0
141	3 108 200 86	1	-1	0
142	42 159 38 116	2	-1	0
143	116 179 16 88	4	3	0
144	140 69 139 165	2	-1	0
145	155 200 168 77	3	4	0
146	8 199 198 50	1	-1	0
147	9 189 93 165	1	-1	0
148	7 166 83 164	1	-1	0
149	129 162 50 56	2	-1	0
150	169 129 36 96	4	1	0
151	1 17 22 105	1	-1	0
152	165 60 108 37	4	3	0
153	93 187 78 61	2	-1	0
154	7 66 101 148	1	-1	0
155	131 139 197 93	2	-1	0
156	158 189 134 100	2	-1	0
157	186 37 97 177	2	-1	1
158	177 85 75 123	3	1	0
159	123 81 110 30	3	3	0
160	7 71 135 69	1	-1	0
161	179 82 130 127	2	-1	0
162	2 82 118 59	1	-1	0
163	27 38 64 75	4	3	0
164	3 161 190 185	1	-1	0
165	103 33 200 198	3	1	0
166	147 76 195 127	2	-1	0
167	152 95 192 106	2	-1	0
168	127 97 179 90	3	4	0
169	135 183 118 192	3	2	0
170	133 38 157 128	4	1	0
171	118 64 106 75	4	1	0
172	133 117 134 165	4	4	0
173	9 151 55 120	1	-1	0
174	10 60 71 41	1	-1	0
175	199 183 27 104	4	1	0
176	1 187 144 60	1	-1	0
177	4 198 154 102	1	-1	0
178	40 124 85 178	3	4	0
179	82 134 102 14	2	-1	0
180	172 195 126 38	3	1	0
181	10 185 160 42	1	-1	0
182	85 51 31 21	3	1	0
183	187 164 59 101	4	3	0
184	178 46 134 84	2	-1	0
185	136 197 196 159	2	-1	0
186	190 49 171 165	2	-1	0
187	152 176 163 67	4	4	0
188	36 29 124 24	4	2	0
189	9 65 183 155	1	-1	0
190	146 119 57 147	4	1	0
191	116 108 143 188	3	4	0
192	164 32 109 172	4	4	0
193	47 197 78 96	4	3	0
194	5 174 99 87	1	-1	0
195	156 27 68 89	2	-1	0
196	139 86 182 56	3	2	0
197	106 189 141 13	2	-1	0
198	4 138 81 51	1	-1	0
199	7 142 17 56	1	-1	0
200	6 34 123 199	1	-1	0
201	98 170 100 70	3	3	0
202	119 41 153 39	3	2	0
203	6 78 119 81	1	-1	0
204	85 171 167 89	4	1	0
205	91 41 143 162	4	1	0
206	58 114 75 98	3	2	0
207	16 181 149 14	2	-1	0
208	111 147 173 41	3	1	0
209	5 101 190 110	1	-1	0
210	9 17 187 111	1	-1	0
211	177 120 53 51	2	-1	0
212	21 69 127 195	3	3	0
213	178 70 44 23	3	2	0
214	28 93 37 70	2	-1	0
215	122 57 52 143	3	4	0
216	64 145 135 165	2	-1	0
217	139 176 106 115	2	-1	0
218	2 91 31 144	1	-1	0
219	103 145 61 57	4	2	0
220	10 160 157 184	1	-1	0
221	70 165 12 64	3	3	0
222	102 13 142 19	3	2	0
223	9 41 143 74	1	-1	0
224	124 183 19 73	2	-1	0
225	176 70 86 87	4	2	0
226	8 121 22 108	1	-1	0
227	58 91 167 19	2	-1	0
228	165 183 80 15	2	-1	0
229	33 96 49 105	4	2	0
230	122 145 12 127	3	2	0
231	114 97 15 134	4	2	0
232	8 91 72 47	1	-1	0
233	10 163 11 143	1	-1	0
234	64 89 136 21	3	1	0
235	6 108 15 95	1	-1	0
236	3 182 89 183	1	-1	0
237	29 178 85 81	4	3	0
238	54 94 88 52	2	-1	0
239	149 137 29 113	4	3	0
240	6 158 25 73	1	-1	0
241	10 15 193 176	1	-1	0
242	79 32 101 164	2	-1	0
243	71 28 153 39	3	3	0
244	61 195 41 143	4	4	0
245	81 15 152 149	4	4	0
246	132 152 190 121	3	2	0
247	113 160 198 172	4	1	0
248	17 31 62 50	3	4	0
249	11 132 62 112	3	4	0
250	7 136 52 107	1	-1	0
251	1 191 48 11	1	-1	0
252	9 144 142 123	1	-1	0
253	1 83 49 200	1	-1	0
254	164 52 96 70	2	-1	0
255	146 64 193 111	4	4	0
256	93 143 45 154	2	-1	0
257	181 186 31 72	4	2	0
258	1 124 68 22	1	-1	0
259	152 112 13 144	4	1	0
260	131 41 107 141	4	2	0
261	31 196 41 59	2	-1	0
262	100 27 151 16	2	-1	1
263	62 23 75 159	3	1	0
264	6 144 153 193	1	-1	0
265	2 65 95 50	1	-1	0
266	6 70 173 49	1	-1	0
267	68 19 119 21	4	4	0
268	184 72 195 98	2	-1	0
269	21 184 129 80	4	3	0
270	9 53 74 104	1	-1	0
271	6 55 171 12	1	-1	0
272	174 17 105 200	2	-1	0
273	172 116 164 76	4	4	0
274	195 67 197 60	4	4	0
275	13 85 155 67	3	2	0
276	3 188 166 55	1	-1	0
277	108 105 44 47	4	2	0
278	89 75 158 27	4	1	0
279	28 48 58 132	3	1	0
280	163 60 76 149	3	2	0
281	88 171 177 104	4	3	0
282	28 55 170 93	3	3	0
283	164 181 131 28	3	3	0
284	58 11 148 20	2	-1	0
285	133 127 137 23	4	3	0
286	186 114 151 199	4	2	0
287	3 192 163 18	1	-1	0
288	4 56 135 139	1	-1	0
289	26 138 79 73	2	-1	0
290	3 19 117 198	1	-1	0
291	127 193 172 78	2	-1	0
292	4 107 85 34	1	-1	0
293	3 52 198 129	1	-1	0
294	43 19 11 173	2	-1	0
295	33 133 50 69	4	4	0
296	4 127 44 46	1	-1	0
297	16 18 107 142	3	2	0
298	2 94 109 86	1	-1	0
299	24 33 36 176	2	-1	0
300	14 157 145 172	2	-1	0
301	133 45 200 148	3	1	0
302	8 86 36 143	1	-1	0
303	163 39 190 108	2	-1	0
304	89 97 163 172	3	1	0
305	74 122 84 66	3	4	0
306	6 178 114 78	1	-1	0
307	55 198 149 192	3	4	0
308	72 29 169 145	3	4	0
309	7 111 164 189	1	-1	0
310	71 67 189 35	3	1	0
311	169 152 132 62	3	2	0
312	89 177 81 60	4	3	0
313	51 94 181 98	2	-1	0
314	13 141 103 83	2	-1	0
315	139 90 107 154	4	1	0
316	4 53 109 118	1	-1	0
317	101 176 129 87	3	3	0
318	3 21 69 34	1	-1	0
319	7 73 157 15	1	-1	0
320	154 184 126 121	2	-1	0
321	18 95 23 149	4	2	0
322	83 175 80 57	4	3	0
323	88 190 200 163	3	4	0
324	72 164 93 166	3	4	0
325	13 130 160 73	3	3	0
326	114 182 160 66	2	-1	0
327	198 148 41 58	4	2	0
328	41 73 25 125	4	3	0
329	87 193 70 144	4	3	0
330	7 165 154 35	1	-1	0
331	8 82 89 97	1	-1	0
332	94 130 67 149	2	-1	0
333	4 155 131 116	1	-1	0
334	190 23 26 141	3	4	0
335	146 53 170 61	3	2	0
336	97 194 129 102	4	1	0
337	133 158 48 57	2	-1	0
338	13 118 126 29	3	4	0
339	3 171 180 128	1	-1	0
340	38 48 130 76	2	-1	0
341	42 200 36 23	2	-1	0
342	125 88 123 128	2	-1	0
343	3 98 127 35	1	-1	0
344	194 123 30 132	4	1	0
345	3 190 133 177	1	-1	0
346	55 173 194 197	2	-1	0
347	129 65 79 52	3	1	0
348	56 179 155 191	4	4	0
349	27 52 92 80	4	2	0
350	37 132 35 63	2	-1	0
351	134 146 192 174	4	3	0
352	19 78 196 84	4	1	0
353	179 154 37 87	4	2	0
354	107 136 91 179	4	1	0
355	101 18 172 43	3	4	0
356	34 124 117 132	2	-1	0
357	167 56 172 81	4	1	0
358	131 178 23 118	4	4	0
359	186 138 174 151	3	2	0
360	167 117 173 140	2	-1	0
361	140 124 60 188	2	-1	0
362	183 198 40 92	4	2	0
363	154 32 14 114	2	-1	0
364	57 185 33 53	2	-1	0
365	121 76 178 180	4	1	0
366	110 199 190 142	2	-1	0
367	41 200 93 152	4	4	0
368	73 129 185 151	2	-1	0
369	7 27 87 24	1	-1	0
370	197 79 151 60	3	4	0
371	23 139 67 176	4	3	0
372	33 170 107 74	3	1	0
373	137 37 173 11	2	-1	0
374	34 12 156 111	3	2	0
375	8 57 142 74	1	-1	0
376	48 173 135 26	4	2	0
377	103 15 172 99	4	1	0
378	91 172 66 107	3	4	0
379	181 65 128 36	2	-1	0
380	150 25 55 31	2	-1	0
381	2 78 180 127	1	-1	0
382	25 102 55 117	4	1	0
383	5 169 166 19	1	-1	0
384	3 57 66 30	1	-1	0
385	50 28 154 167	4	4	0
386	1 18 96 93	1	-1	0
387	23 197 57 42	2	-1	0
388	199 164 155 71	4	2	0
389	193 57 86 177	3	3	0
390	167 152 116 130	2	-1	0
391	166 32 197 48	3	3	0
392	1 112 73 177	1	-1	0
393	3 150 81 167	1	-1	0
394	6 60 114 154	1	-1	0
395	74 114 191 129	4	2	0
396	76 72 28 117	3	1	0
397	3 146 81 108	1	-1	1
398	26 86 200 172	3	1	0
399	40 160 110 140	2	-1	0
400	150 104 129 188	4	3	0
401	142 69 128 70	4	3	0
402	1 87 13 79	1	-1	0
403	181 79 172 137	2	-1	0
404	142 73 177 137	3	1	0
405	28 26 97 183	3	2	0
406	198 159 146 156	4	1	0
407	10 194 11 141	1	-1	0
408	2 69 198 17	1	-1	0
409	7 134 140 19	1	-1	0
410	5 156 29 73	1	-1	0
411	39 192 157 77	2	-1	0
412	10 41 59 23	1	-1	0
413	8 25 71 120	1	-1	0
414	76 182 122 115	4	2	0
415	2 21 88 128	1	-1	0
416	56 152 75 110	4	4	0
417	80 170 200 180	3	3	0
418	14 80 32 23	2	-1	0
419	32 153 20 104	3	4	0
420	101 57 136 82	3	4	0
421	104 47 141 114	4	3	0
422	108 83 187 50	2	-1	0
423	180 31 64 29	2	-1	0
424	27 97 129 123	4	1	0
425	109 113 156 31	4	1	0
426	10 125 195 92	1	-1	0
427	163 142 124 79	2	-1	0
428	37 107 25 32	4	2	0
429	162 76 14 51	3	3	0
430	5 60 180 165	1	-1	0
431	52 177 46 145	4	4	0
432	8 111 142 194	1	-1	0
433	88 102 176 15	3	1	0
434	27 139 35 56	3	2	0
435	94 35 91 176	4	1	0
436	3 65 84 161	1	-1	0
437	8 133 15 115	1	-1	0
438	7 118 158 68	1	-1	0
439	38 73 49 86	3	4	0
440	130 34 133 18	4	1	0
441	113 74 158 191	3	1	0
442	17 141 195 131	4	1	0
443	169 145 171 75	2	-1	0
444	3 175 153 111	1	-1	0
445	173 47 28 104	4	1	0
446	89 93 182 42	3	1	0
447	52 144 194 193	2	-1	0
448	6 26 53 44	1	-1	0
449	88 56 199 160	4	2	0
450	34 33 190 130	4	4	0
451	76 146 95 89	4	3	0
452	144 90 63 114	4	3	0
453	158 189 77 65	3	4	0
454	6 179 38 63	1	-1	0
455	181 15 28 60	2	-1	0
456	7 177 19 61	1	-1	0
457	35 98 75 174	3	4	0
458	61 100 138 141	2	-1	0
459	26 157 126 128	3	1	0
460	4 146 86 193	1	-1	1
461	198 30 144 110	2	-1	0
462	16 159 200 83	3	4	0
463	13 136 44 15	2	-1	0
464	45 37 191 82	2	-1	0
465	164 199 123 18	3	2	0
466	122 24 110 54	2	-1	0
467	185 159 16 54	3	1	0
468	55 161 197 67	2	-1	0
469	151 85 58 187	3	2	0
470	88 102 75 159	2	-1	0
471	89 16 69 56	2	-1	0
472	172 192 42 150	2	-1	0
473	25 102 103 88	4	1	0
474	118 197 90 20	3	3	0
475	52 106 37 43	2	-1	0
476	185 35 113 100	3	1	0
477	191 151 18 26	4	2	0
478	96 70 92 20	3	3	0
479	33 110 198 121	2	-1	0
480	7 48 57 186	1	-1	0
481	116 154 93 88	2	-1	0
482	164 151 124 106	3	2	0
483	1 138 198 90	1	-1	0
484	193 188 67 119	2	-1	0
485	150 84 122 135	4	4	0
486	157 152 184 114	2	-1	0
487	166 169 187 133	3	4	0
488	57 188 175 148	2	-1	0
489	148 20 120 182	3	4	0
490	140 131 138 15	2	-1	0
491	105 40 45 135	4	3	0
492	175 53 148 84	3	4	0
493	8 144 190 80	1	-1	0
494	190 77 23 170	4	3	0
495	9 159 53 177	1	-1	0
496	183 77 55 67	4	2	0
497	56 76 34 113	2	-1	0
498	3 138 86 189	1	-1	0
499	6 166 114 51	1	-1	0
500	16 85 199 165	2	-1	0
