Class Times	5
Rooms	5
1	23	A	1
2	16	B	0
3	86	A	1
4	18	A	1
5	58	B	1
Classes	100
Teachers	50
1	25	4	B	1
2	40	1	A	1
3	33	8	C	1
4	37	1	A	1
5	17	10	C	1
6	46	2	A	0
7	1	1	A	0
8	21	2	A	0
9	5	6	B	0
10	28	8	C	0
11	28	10	C	0
12	34	1	A	0
13	50	9	C	0
14	37	7	C	0
15	11	2	A	0
16	40	8	C	0
17	41	3	A	0
18	3	4	B	0
19	25	1	A	0
20	14	5	B	0
21	3	10	C	0
22	36	2	A	0
23	1	8	C	0
24	21	5	B	0
25	38	7	C	0
26	26	5	B	0
27	26	6	B	0
28	39	5	B	0
29	49	4	B	0
30	17	9	C	0
31	45	8	C	0
32	31	2	A	0
33	49	7	C	0
34	46	4	B	0
35	13	1	A	0
36	4	8	C	0
37	50	8	C	0
38	47	4	B	0
39	8	2	A	0
40	5	10	C	0
41	48	7	C	0
42	20	8	C	0
43	23	5	B	0
44	6	3	A	0
45	36	8	C	0
46	16	1	A	0
47	13	2	A	0
48	6	6	B	0
49	31	3	A	0
50	20	6	B	0
51	47	4	B	0
52	44	3	A	0
53	7	2	A	0
54	4	5	B	0
55	33	10	C	0
56	24	1	A	0
57	23	4	B	0
58	10	7	C	0
59	19	4	B	0
60	10	2	A	0
61	22	5	B	0
62	29	3	A	0
63	22	8	C	0
64	43	10	C	0
65	41	8	C	0
66	24	1	A	0
67	15	8	C	0
68	44	7	C	0
69	8	7	C	0
70	42	3	A	0
71	45	8	C	0
72	32	9	C	0
73	43	3	A	0
74	32	9	C	0
75	30	8	C	0
76	19	6	B	0
77	38	4	B	0
78	35	3	A	0
79	48	3	A	0
80	9	5	B	0
81	15	3	A	0
82	27	6	B	0
83	29	2	A	0
84	9	3	A	0
85	30	2	A	0
86	18	2	A	0
87	42	7	C	0
88	7	5	B	0
89	2	1	A	0
90	12	2	A	0
91	2	5	B	0
92	16	3	A	0
93	12	1	A	0
94	27	5	B	0
95	34	7	C	0
96	39	7	C	0
97	35	9	C	0
98	14	2	A	0
99	11	1	A	0
100	18	6	B	0
