Class Times	5
Rooms	5
1	54	C	1
2	50	C	1
3	42	B	1
4	17	C	1
5	76	C	1
Classes	100
Teachers	50
1	23	7	C	1
2	8	6	B	1
3	48	7	C	1
4	21	4	B	1
5	21	5	B	1
6	11	3	A	0
7	19	10	C	0
8	23	7	C	0
9	2	2	A	0
10	29	8	C	0
11	2	6	B	0
12	28	7	C	0
13	28	1	A	0
14	26	5	B	0
15	33	8	C	0
16	29	10	C	0
17	14	5	B	0
18	18	2	A	0
19	13	10	C	0
20	6	9	C	0
21	17	1	A	0
22	14	5	B	0
23	35	3	A	0
24	12	6	B	0
25	33	5	B	0
26	15	10	C	0
27	34	3	A	0
28	6	1	A	0
29	25	4	B	0
30	30	2	A	0
31	50	6	B	0
32	37	2	A	0
33	49	3	A	0
34	15	7	C	0
35	22	7	C	0
36	1	4	B	0
37	16	5	B	0
38	39	4	B	0
39	48	1	A	0
40	27	6	B	0
41	44	8	C	0
42	1	6	B	0
43	11	9	C	0
44	7	9	C	0
45	8	3	A	0
46	31	1	A	0
47	50	5	B	0
48	27	2	A	0
49	43	9	C	0
50	38	10	C	0
51	7	8	C	0
52	35	2	A	0
53	36	5	B	0
54	37	1	A	0
55	31	3	A	0
56	5	5	B	0
57	39	9	C	0
58	5	2	A	0
59	44	4	B	0
60	26	6	B	0
61	34	3	A	0
62	49	10	C	0
63	16	1	A	0
64	32	4	B	0
65	9	7	C	0
66	46	7	C	0
67	47	1	A	0
68	10	2	A	0
69	3	1	A	0
70	25	8	C	0
71	22	2	A	0
72	46	10	C	0
73	19	8	C	0
74	9	8	C	0
75	47	6	B	0
76	4	10	C	0
77	10	10	C	0
78	42	7	C	0
79	3	9	C	0
80	32	1	A	0
81	42	1	A	0
82	36	6	B	0
83	20	3	A	0
84	43	4	B	0
85	30	5	B	0
86	40	9	C	0
87	12	8	C	0
88	18	5	B	0
89	45	2	A	0
90	24	3	A	0
91	4	3	A	0
92	13	7	C	0
93	40	8	C	0
94	41	3	A	0
95	38	1	A	0
96	17	4	B	0
97	20	5	B	0
98	45	1	A	0
99	24	4	B	0
100	41	2	A	0
