Class Times	5
Rooms	5
1	52	C	0
2	28	A	1
3	34	A	0
4	58	A	1
5	73	B	1
Classes	100
Teachers	50
1	45	1	A	1
2	20	1	A	1
3	26	3	A	1
4	8	5	B	1
5	20	4	B	1
6	9	4	B	0
7	24	6	B	0
8	9	7	C	0
9	23	9	C	0
10	4	2	A	0
11	10	4	B	0
12	34	10	C	0
13	14	2	A	0
14	46	9	C	0
15	49	5	B	0
16	50	1	A	0
17	48	10	C	0
18	3	2	A	0
19	23	4	B	0
20	16	3	A	0
21	13	5	B	0
22	43	3	A	0
23	49	1	A	0
24	37	7	C	0
25	22	2	A	0
26	7	2	A	0
27	4	6	B	0
28	6	3	A	0
29	7	2	A	0
30	44	8	C	0
31	41	2	A	0
32	18	3	A	0
33	6	9	C	0
34	41	1	A	0
35	22	8	C	0
36	8	2	A	0
37	46	8	C	0
38	36	3	A	0
39	43	8	C	0
40	16	6	B	0
41	1	2	A	0
42	30	3	A	0
43	37	4	B	0
44	32	10	C	0
45	38	7	C	0
46	44	3	A	0
47	33	5	B	0
48	2	5	B	0
49	40	2	A	0
50	19	5	B	0
51	48	3	A	0
52	31	8	C	0
53	27	10	C	0
54	18	7	C	0
55	14	7	C	0
56	24	9	C	0
57	29	1	A	0
58	32	6	B	0
59	50	6	B	0
60	17	3	A	0
61	3	8	C	0
62	30	3	A	0
63	40	3	A	0
64	2	4	B	0
65	36	7	C	0
66	25	4	B	0
67	26	4	B	0
68	12	6	B	0
69	28	2	A	0
70	42	8	C	0
71	45	9	C	0
72	33	4	B	0
73	21	3	A	0
74	1	3	A	0
75	47	10	C	0
76	29	4	B	0
77	28	2	A	0
78	42	8	C	0
79	10	7	C	0
80	35	6	B	0
81	39	6	B	0
82	27	10	C	0
83	31	10	C	0
84	5	4	B	0
85	5	9	C	0
86	12	6	B	0
87	47	2	A	0
88	15	1	A	0
89	13	8	C	0
90	11	10	C	0
91	39	3	A	0
92	15	3	A	0
93	21	5	B	0
94	11	9	C	0
95	34	7	C	0
96	25	9	C	0
97	35	9	C	0
98	19	1	A	0
99	38	9	C	0
100	17	9	C	0
