Class Times	5
Rooms	5
1	49	B	1
2	19	C	0
3	90	C	1
4	83	A	0
5	18	B	1
Classes	100
Teachers	50
1	8	8	C	1
2	49	10	C	1
3	11	2	A	1
4	25	2	A	1
5	34	5	B	1
6	24	7	C	0
7	5	2	A	0
8	12	7	C	0
9	18	9	C	0
10	20	1	A	0
11	16	9	C	0
12	46	7	C	0
13	31	3	A	0
14	31	9	C	0
15	13	8	C	0
16	42	8	C	0
17	5	6	B	0
18	39	4	B	0
19	8	7	C	0
20	30	1	A	0
21	36	10	C	0
22	19	7	C	0
23	12	4	B	0
24	15	1	A	0
25	25	2	A	0
26	49	6	B	0
27	48	4	B	0
28	20	8	C	0
29	28	4	B	0
30	21	1	A	0
31	32	4	B	0
32	43	8	C	0
33	40	9	C	0
34	42	3	A	0
35	7	2	A	0
36	7	5	B	0
37	15	6	B	0
38	30	1	A	0
39	18	1	A	0
40	4	6	B	0
41	38	8	C	0
42	39	3	A	0
43	19	9	C	0
44	45	8	C	0
45	13	7	C	0
46	11	3	A	0
47	14	5	B	0
48	43	1	A	0
49	36	10	C	0
50	35	3	A	0
51	3	5	B	0
52	4	7	C	0
53	22	9	C	0
54	14	9	C	0
55	24	4	B	0
56	10	2	A	0
57	32	5	B	0
58	3	6	B	0
59	22	2	A	0
60	6	8	C	0
61	2	8	C	0
62	40	1	A	0
63	38	3	A	0
64	21	6	B	0
65	28	2	A	0
66	50	8	C	0
67	44	1	A	0
68	9	2	A	0
69	26	2	A	0
70	23	5	B	0
71	50	10	C	0
72	26	3	A	0
73	9	2	A	0
74	44	5	B	0
75	47	8	C	0
76	17	1	A	0
77	33	9	C	0
78	27	4	B	0
79	10	6	B	0
80	17	9	C	0
81	35	9	C	0
82	48	5	B	0
83	1	7	C	0
84	6	8	C	0
85	27	5	B	0
86	47	9	C	0
87	16	3	A	0
88	37	2	A	0
89	45	4	B	0
90	46	8	C	0
91	37	1	A	0
92	34	6	B	0
93	1	6	B	0
94	41	10	C	0
95	2	10	C	0
96	41	9	C	0
97	29	10	C	0
98	33	6	B	0
99	29	9	C	0
100	23	8	C	0
