Class Times	5
Rooms	5
1	77	A	0
2	85	B	1
3	63	B	0
4	63	C	0
5	22	C	0
Classes	100
Teachers	50
1	36	1	A	1
2	38	7	C	1
3	22	6	B	1
4	39	4	B	1
5	33	6	B	1
6	48	9	C	0
7	2	4	B	0
8	41	10	C	0
9	19	8	C	0
10	44	3	A	0
11	28	6	B	0
12	49	3	A	0
13	26	5	B	0
14	15	4	B	0
15	43	1	A	0
16	12	7	C	0
17	5	6	B	0
18	49	1	A	0
19	10	6	B	0
20	3	6	B	0
21	40	7	C	0
22	8	2	A	0
23	42	4	B	0
24	13	4	B	0
25	37	8	C	0
26	41	6	B	0
27	23	4	B	0
28	46	8	C	0
29	3	10	C	0
30	34	4	B	0
31	13	2	A	0
32	35	1	A	0
33	15	3	A	0
34	45	3	A	0
35	20	6	B	0
36	1	5	B	0
37	37	6	B	0
38	6	2	A	0
39	2	7	C	0
40	21	1	A	0
41	8	8	C	0
42	34	10	C	0
43	29	8	C	0
44	35	2	A	0
45	36	10	C	0
46	46	5	B	0
47	16	1	A	0
48	14	5	B	0
49	17	3	A	0
50	31	3	A	0
51	18	4	B	0
52	20	3	A	0
53	48	1	A	0
54	11	6	B	0
55	47	3	A	0
56	9	10	C	0
57	17	3	A	0
58	9	9	C	0
59	29	7	C	0
60	24	10	C	0
61	30	8	C	0
62	43	9	C	0
63	31	7	C	0
64	33	1	A	0
65	27	8	C	0
66	12	5	B	0
67	11	7	C	0
68	21	3	A	0
69	6	8	C	0
70	44	7	C	0
71	22	6	B	0
72	16	5	B	0
73	25	5	B	0
74	14	4	B	0
75	27	8	C	0
76	18	7	C	0
77	32	2	A	0
78	5	1	A	0
79	47	5	B	0
80	1	8	C	0
81	40	8	C	0
82	7	6	B	0
83	24	3	A	0
84	50	1	A	0
85	10	1	A	0
86	50	8	C	0
87	23	5	B	0
88	30	3	A	0
89	39	10	C	0
90	38	10	C	0
91	45	1	A	0
92	42	3	A	0
93	28	4	B	0
94	7	6	B	0
95	25	6	B	0
96	26	4	B	0
97	19	1	A	0
98	32	9	C	0
99	4	1	A	0
100	4	7	C	0
