Students	1000
1	28 15 36 80	4	2	0
2	37 82 89 7	2	-1	0
3	49 57 95 48	2	-1	0
4	28 48 19 8	4	7	0
5	20 73 11 56	2	-1	0
6	3 50 70 41	1	-1	0
7	3 25 6 18	1	-1	0
8	88 26 34 21	4	9	0
9	16 20 17 81	3	9	0
10	5 60 21 51	1	-1	0
11	95 26 69 63	2	-1	0
12	88 78 60 11	3	2	0
13	76 40 46 67	4	5	0
14	48 42 1 9	3	8	0
15	1 79 30 25	1	-1	0
16	4 85 96 44	1	-1	0
17	3 74 18 92	1	-1	0
18	63 44 7 24	3	10	0
19	86 6 58 70	2	-1	0
20	51 100 59 20	4	3	0
21	5 10 92 41	1	-1	0
22	45 90 12 26	3	4	0
23	12 54 37 86	3	2	0
24	92 57 55 15	4	5	0
25	90 13 51 99	2	-1	0
26	3 86 28 24	1	-1	0
27	69 38 86 79	3	5	0
28	76 81 34 20	3	4	0
29	84 69 12 59	4	10	0
30	5 10 82 29	1	-1	0
31	13 66 82 64	2	-1	0
32	100 13 53 81	3	4	0
33	99 30 28 27	2	-1	0
34	22 98 62 57	2	-1	0
35	80 75 62 41	3	3	0
36	4 10 69 47	1	-1	0
37	49 18 87 71	4	6	0
38	19 95 30 92	2	-1	0
39	5 18 21 39	1	-1	0
40	85 27 46 82	3	1	0
41	22 62 10 72	3	3	0
42	7 24 65 17	4	7	0
43	24 57 11 98	2	-1	0
44	87 83 79 50	3	4	0
45	37 32 46 25	4	4	0
46	5 51 64 55	1	-1	0
47	90 68 23 97	2	-1	0
48	61 37 14 36	4	5	0
49	90 68 19 24	2	-1	0
50	14 39 6 13	3	8	0
51	27 69 67 29	4	1	0
52	58 100 40 37	4	3	0
53	62 8 89 22	4	2	0
54	78 37 56 72	4	10	1
55	16 98 87 29	2	-1	0
56	80 34 40 66	4	5	0
57	3 77 45 34	1	-1	0
58	30 29 67 89	3	9	0
59	86 67 24 47	3	6	1
60	94 41 8 36	2	-1	0
61	4 43 46 60	1	-1	0
62	65 57 19 6	3	10	0
63	5 87 39 6	1	-1	1
64	47 25 41 33	3	1	0
65	2 38 89 91	1	-1	0
66	3 7 28 62	1	-1	0
67	3 7 24 92	1	-1	0
68	3 73 47 36	1	-1	0
69	29 32 53 90	4	10	0
70	28 35 19 34	4	1	0
71	72 56 13 82	2	-1	1
72	4 7 28 33	1	-1	0
73	93 67 45 92	3	8	0
74	4 62 44 32	1	-1	0
75	77 95 76 67	3	5	0
76	78 48 61 12	2	-1	0
77	99 12 59 38	3	1	0
78	42 22 46 85	4	2	0
79	82 15 91 68	4	2	0
80	79 92 62 11	4	7	0
81	33 60 96 56	2	-1	0
82	4 38 78 82	1	-1	0
83	3 64 97 77	1	-1	0
84	22 21 62 13	4	10	0
85	9 32 83 27	3	9	0
86	99 38 76 33	4	7	0
87	23 91 45 85	3	2	1
88	3 58 98 91	1	-1	0
89	43 84 25 85	3	5	0
90	50 86 33 8	4	3	0
91	97 12 59 45	3	3	0
92	2 28 7 74	1	-1	0
93	49 19 100 70	4	6	0
94	50 92 30 82	3	2	0
95	4 67 27 100	1	-1	0
96	10 97 14 7	2	-1	0
97	85 11 49 98	2	-1	0
98	49 31 14 18	2	-1	0
99	6 68 28 12	2	-1	0
100	98 42 38 43	3	3	0
101	43 10 87 9	3	7	0
102	65 75 33 43	2	-1	0
103	87 78 36 94	2	-1	0
104	1 90 77 89	1	-1	0
105	3 66 53 13	1	-1	0
106	63 13 55 25	3	10	0
107	63 26 57 58	2	-1	0
108	23 17 32 95	4	1	0
109	89 99 48 95	2	-1	0
110	96 56 89 67	3	3	0
111	59 9 65 10	2	-1	0
112	18 20 29 82	3	5	0
113	52 61 66 95	4	1	0
114	46 64 47 49	3	4	0
115	41 28 27 63	2	-1	0
116	19 94 41 71	3	3	0
117	68 60 31 23	2	-1	0
118	63 61 50 68	4	4	0
119	4 6 52 76	1	-1	0
120	1 81 76 98	1	-1	0
121	82 20 11 71	3	3	0
122	81 63 17 29	3	3	0
123	24 88 81 17	4	2	0
124	53 73 47 89	4	9	0
125	19 66 62 13	4	3	0
126	29 52 17 13	3	5	0
127	5 88 25 52	1	-1	0
128	2 70 91 89	1	-1	0
129	2 68 28 97	1	-1	0
130	97 68 14 51	4	3	0
131	90 73 99 41	3	9	0
132	4 71 96 32	1	-1	0
133	11 58 97 94	3	4	0
134	1 51 33 54	1	-1	0
135	69 54 51 57	2	-1	0
136	68 53 81 9	4	9	0
137	7 10 41 54	4	5	0
138	14 33 86 81	2	-1	0
139	92 51 30 85	3	8	0
140	67 64 69 39	4	5	0
141	60 23 88 78	2	-1	0
142	5 66 35 28	1	-1	0
143	5 15 70 51	1	-1	0
144	31 22 15 20	2	-1	0
145	1 36 57 31	1	-1	0
146	20 44 15 18	2	-1	0
147	4 12 49 63	1	-1	0
148	8 92 61 7	4	6	0
149	57 48 47 6	2	-1	0
150	79 40 48 11	3	10	0
151	78 47 83 25	2	-1	0
152	96 13 48 73	2	-1	0
153	7 86 87 36	3	7	0
154	43 76 90 44	3	3	0
155	94 87 82 47	3	9	0
156	73 64 95 9	3	4	0
157	94 26 19 52	2	-1	0
158	1 13 79 16	1	-1	0
159	73 40 14 74	3	1	0
160	14 69 50 76	2	-1	0
161	31 98 87 47	4	2	0
162	5 28 20 38	1	-1	0
163	71 16 35 100	4	8	0
164	4 32 11 10	1	-1	0
165	1 27 59 31	1	-1	0
166	48 15 70 44	4	10	0
167	68 15 10 98	3	4	0
168	36 9 90 100	2	-1	0
169	80 33 97 65	4	3	0
170	79 61 72 100	2	-1	0
171	1 69 91 26	1	-1	0
172	75 83 28 73	4	3	0
173	48 57 97 74	4	9	0
174	38 15 91 41	2	-1	0
175	54 12 84 18	3	9	0
176	48 61 36 16	4	9	0
177	1 28 62 72	1	-1	0
178	57 100 73 67	3	7	0
179	2 23 66 80	1	-1	0
180	4 35 18 72	1	-1	0
181	73 64 28 75	4	1	0
182	9 7 47 92	4	4	0
183	14 35 18 17	2	-1	0
184	28 12 61 29	4	9	0
185	29 94 11 51	2	-1	0
186	54 27 6 25	3	9	0
187	83 48 31 51	3	8	0
188	26 41 13 62	3	3	0
189	87 9 96 48	3	9	0
190	93 12 19 65	2	-1	0
191	22 62 65 19	2	-1	0
192	10 89 84 58	4	10	0
193	41 92 32 60	2	-1	0
194	51 66 63 65	4	9	0
195	57 72 20 6	3	2	0
196	2 43 6 83	1	-1	0
197	68 20 52 17	3	5	0
198	3 7 13 10	1	-1	0
199	64 95 79 83	4	7	0
200	30 6 83 38	3	3	0
201	1 18 12 79	1	-1	0
202	75 88 32 14	4	7	0
203	75 18 24 68	2	-1	0
204	4 37 23 41	1	-1	0
205	21 53 97 35	3	9	0
206	55 36 15 63	3	5	0
207	4 58 50 13	1	-1	0
208	68 91 75 28	4	3	0
209	6 12 61 99	4	10	0
210	33 17 21 93	4	2	0
211	20 10 27 96	3	6	0
212	100 59 7 20	4	1	0
213	14 87 91 39	4	10	0
214	13 25 52 48	4	4	0
215	86 44 87 79	4	9	0
216	1 7 51 93	1	-1	0
217	52 33 49 81	2	-1	0
218	58 9 94 32	4	1	0
219	59 30 90 31	4	9	0
220	18 85 16 44	3	1	0
221	14 96 37 64	4	8	0
222	4 50 6 30	1	-1	0
223	35 70 80 17	4	2	0
224	2 29 62 76	1	-1	0
225	34 86 47 59	4	4	0
226	64 56 82 13	2	-1	0
227	100 92 58 47	3	5	0
228	23 37 47 20	3	6	0
229	61 87 29 56	3	9	0
230	44 80 32 87	2	-1	0
231	14 75 78 55	4	10	0
232	3 62 22 4	1	-1	0
233	4 25 29 56	1	-1	0
234	51 95 52 75	3	2	0
235	58 43 92 54	2	-1	0
236	98 10 51 20	2	-1	0
237	57 28 73 90	2	-1	0
238	55 19 54 92	3	10	0
239	98 74 63 37	4	1	0
240	7 63 31 61	2	-1	0
241	1 36 89 79	1	-1	0
242	7 22 89 74	4	4	0
243	4 28 24 75	1	-1	0
244	86 82 85 57	2	-1	0
245	5 20 13 81	1	-1	0
246	37 92 31 69	4	7	0
247	97 72 51 63	2	-1	0
248	10 14 64 78	2	-1	0
249	48 13 14 34	4	7	0
250	51 61 64 14	2	-1	0
251	3 43 80 85	1	-1	0
252	69 97 70 8	2	-1	0
253	76 6 10 36	3	8	0
254	28 66 62 48	4	9	0
255	4 43 53 99	1	-1	0
256	67 87 33 81	4	2	0
257	47 85 98 100	2	-1	0
258	1 32 95 8	1	-1	0
259	13 83 32 48	4	1	0
260	3 50 54 58	1	-1	0
261	2 11 76 86	1	-1	0
262	42 75 8 83	4	2	0
263	4 49 31 53	1	-1	0
264	3 37 62 9	1	-1	0
265	19 91 15 68	2	-1	0
266	47 14 11 81	3	6	0
267	1 54 81 82	1	-1	0
268	3 42 14 26	1	-1	0
269	3 80 32 33	1	-1	0
270	93 39 97 34	3	8	0
271	79 92 70 33	4	5	0
272	2 82 71 98	1	-1	0
273	11 71 87 48	2	-1	0
274	5 75 6 67	1	-1	0
275	56 22 30 26	4	5	0
276	85 60 6 66	4	6	0
277	10 39 16 22	2	-1	0
278	73 34 59 32	4	7	0
279	19 68 78 83	4	8	0
280	2 20 57 35	1	-1	0
281	97 6 51 86	3	7	0
282	36 79 98 11	4	3	0
283	4 50 66 32	1	-1	0
284	100 83 52 33	3	8	0
285	12 58 51 99	4	1	0
286	3 82 38 41	1	-1	0
287	48 98 36 93	4	5	0
288	14 66 51 86	4	1	0
289	4 78 38 54	1	-1	0
290	90 68 27 24	2	-1	0
291	75 67 63 78	4	9	0
292	27 37 61 71	2	-1	0
293	1 46 10 21	1	-1	0
294	5 18 61 76	1	-1	0
295	81 19 64 94	4	2	0
296	55 92 31 79	4	9	0
297	56 72 98 1	3	2	0
298	2 18 52 53	1	-1	0
299	66 24 64 7	4	9	0
300	33 82 71 58	4	4	0
301	20 50 33 72	3	9	0
302	46 97 90 81	2	-1	0
303	51 100 42 89	4	8	0
304	2 70 9 39	1	-1	0
305	1 7 57 83	1	-1	0
306	23 71 35 50	2	-1	0
307	19 17 73 51	2	-1	0
308	2 84 11 88	1	-1	0
309	52 58 95 40	3	5	0
310	46 37 54 80	2	-1	0
311	93 85 41 57	4	5	0
312	87 36 72 89	2	-1	0
313	5 34 30 33	1	-1	0
314	50 99 40 49	2	-1	0
315	44 83 30 59	2	-1	0
316	62 86 96 70	3	5	0
317	8 11 64 29	3	4	0
318	66 22 85 20	2	-1	0
319	52 84 86 94	3	10	0
320	66 98 97 32	3	3	0
321	2 100 12 29	1	-1	0
322	31 44 99 34	4	2	0
323	2 92 34 6	1	-1	0
324	34 92 39 61	4	6	0
325	77 73 8 57	3	1	0
326	19 25 92 74	3	10	0
327	5 87 75 77	1	-1	0
328	37 40 73 44	4	1	0
329	5 80 44 30	1	-1	0
330	10 63 6 91	2	-1	0
331	23 85 42 72	4	8	0
332	38 58 47 49	2	-1	0
333	90 14 18 43	4	3	0
334	60 58 42 22	4	2	0
335	2 51 71 26	1	-1	0
336	57 28 16 21	3	6	1
337	63 44 6 95	2	-1	0
338	3 51 73 32	1	-1	0
339	65 94 54 24	3	9	0
340	69 51 29 35	2	-1	0
341	9 81 84 82	3	3	0
342	3 35 89 41	1	-1	0
343	2 34 76 41	1	-1	0
344	65 53 32 10	4	4	0
345	16 97 89 35	2	-1	0
346	2 29 12 49	1	-1	0
347	5 12 7 69	1	-1	0
348	21 46 32 9	3	7	0
349	44 61 80 32	4	3	0
350	75 62 65 57	2	-1	0
351	34 43 40 31	4	10	0
352	65 64 63 88	2	-1	0
353	14 96 53 74	3	7	0
354	56 78 53 39	2	-1	0
355	69 9 32 55	4	5	0
356	56 20 63 95	3	1	0
357	3 38 44 19	1	-1	0
358	74 11 54 76	3	5	0
359	2 35 65 37	1	-1	0
360	2 84 42 33	1	-1	1
361	2 16 24 85	1	-1	0
362	2 60 36 32	1	-1	0
363	10 20 16 85	4	6	0
364	79 96 99 13	4	2	0
365	1 90 40 92	1	-1	0
366	69 42 20 96	4	7	0
367	1 93 51 46	1	-1	0
368	12 94 20 73	3	4	0
369	76 31 66 44	4	6	0
370	33 28 93 99	3	2	0
371	66 72 33 84	2	-1	0
372	98 28 18 43	3	2	0
373	98 52 68 71	4	10	0
374	20 82 88 59	4	2	0
375	26 65 34 42	4	7	0
376	19 21 59 38	4	7	0
377	49 83 48 69	3	9	0
378	2 65 52 29	1	-1	0
379	98 47 25 64	4	9	0
380	37 90 72 82	3	3	0
381	50 74 7 27	2	-1	0
382	33 68 100 48	2	-1	0
383	58 53 11 72	3	3	0
384	88 38 26 14	4	9	0
385	10 54 12 84	2	-1	0
386	35 34 17 66	4	8	0
387	2 34 58 94	1	-1	0
388	63 83 26 49	3	6	0
389	5 27 36 54	1	-1	0
390	42 68 44 72	3	7	0
391	91 7 41 33	4	3	0
392	5 6 30 87	1	-1	0
393	92 57 24 73	4	6	0
394	4 77 78 30	1	-1	0
395	33 37 19 49	2	-1	0
396	49 41 77 79	2	-1	0
397	28 87 59 32	2	-1	0
398	25 99 72 87	4	9	0
399	82 95 76 43	3	6	0
400	5 49 45 7	1	-1	0
401	2 71 48 99	1	-1	0
402	2 91 59 53	1	-1	0
403	19 13 46 42	4	1	0
404	46 30 94 64	3	8	0
405	5 20 6 33	1	-1	0
406	38 80 11 94	4	7	0
407	28 26 77 35	4	10	0
408	67 96 42 81	3	10	0
409	44 91 92 16	3	8	0
410	2 37 73 25	1	-1	0
411	16 68 72 32	3	6	0
412	2 7 92 60	1	-1	0
413	45 77 100 34	2	-1	0
414	40 92 21 27	4	3	0
415	30 51 33 22	2	-1	0
416	80 69 59 73	3	10	0
417	34 17 65 63	2	-1	0
418	59 33 27 21	3	2	0
419	3 26 36 21	1	-1	0
420	75 29 83 92	2	-1	0
421	27 62 100 81	2	-1	0
422	17 88 97 50	4	2	0
423	44 22 58 81	4	10	0
424	4 49 13 71	1	-1	0
425	17 77 95 88	2	-1	0
426	75 13 88 36	2	-1	0
427	1 17 27 100	1	-1	0
428	13 56 86 15	2	-1	0
429	24 79 94 36	4	10	0
430	22 52 74 88	2	-1	0
431	18 70 82 20	4	7	0
432	68 46 86 55	2	-1	0
433	38 85 30 45	2	-1	0
434	53 82 72 84	2	-1	0
435	6 54 57 43	2	-1	0
436	68 58 45 82	3	2	0
437	66 32 74 42	2	-1	0
438	3 82 24 41	1	-1	0
439	5 80 69 95	1	-1	0
440	32 70 76 64	3	5	0
441	2 17 89 59	1	-1	0
442	5 11 20 31	1	-1	0
443	28 75 56 74	2	-1	0
444	52 23 44 94	3	2	0
445	57 82 43 97	3	8	0
446	95 58 60 100	3	9	0
447	23 49 14 47	2	-1	0
448	85 89 61 8	3	8	0
449	91 36 31 69	4	6	0
450	17 84 28 82	3	5	0
451	100 32 40 72	3	7	0
452	79 87 66 26	4	10	0
453	84 77 40 88	4	7	0
454	19 52 29 10	3	8	0
455	60 19 59 76	2	-1	0
456	96 54 64 29	4	2	0
457	86 31 15 50	3	1	0
458	1 24 9 18	1	-1	0
459	10 50 100 31	2	-1	0
460	81 43 17 67	3	3	0
461	53 66 52 61	4	4	0
462	25 22 60 34	4	8	0
463	86 89 87 8	3	3	0
464	54 86 40 42	3	10	0
465	46 9 95 39	3	8	0
466	47 99 16 52	3	5	0
467	5 77 95 86	1	-1	0
468	4 93 72 73	1	-1	0
469	97 31 68 64	3	5	0
470	97 74 46 76	4	7	0
471	3 50 41 89	1	-1	0
472	3 88 23 84	1	-1	0
473	14 38 57 56	4	1	0
474	81 30 42 82	2	-1	0
475	64 97 72 73	3	4	0
476	12 63 29 64	3	4	0
477	33 55 89 74	3	8	0
478	91 65 19 16	2	-1	0
479	39 23 55 16	2	-1	0
480	82 99 9 86	3	7	0
481	3 96 88 13	1	-1	0
482	3 60 58 64	1	-1	0
483	67 98 31 70	3	9	0
484	20 84 12 22	3	1	0
485	24 81 84 31	4	3	0
486	88 17 19 14	3	8	0
487	90 30 71 9	2	-1	0
488	52 51 33 30	4	8	0
489	86 40 37 47	3	4	0
490	70 58 52 41	4	4	0
491	87 59 15 36	4	9	0
492	57 68 31 76	4	7	0
493	86 72 83 63	4	1	0
494	4 19 90 87	1	-1	0
495	96 91 56 13	4	3	0
496	76 90 100 81	3	3	0
497	91 19 20 40	4	8	0
498	77 64 12 6	4	7	0
499	3 100 92 69	1	-1	0
500	41 82 88 6	3	10	0
501	4 40 93 54	1	-1	0
502	60 79 40 25	3	1	0
503	3 91 48 86	1	-1	0
504	60 53 98 77	4	4	0
505	10 25 80 37	4	1	0
506	99 54 40 53	3	7	0
507	21 38 91 80	2	-1	0
508	14 42 28 82	3	7	0
509	9 11 34 12	4	8	0
510	34 58 80 13	4	6	0
511	1 72 44 64	1	-1	0
512	99 84 87 14	4	10	0
513	2 29 56 25	1	-1	0
514	91 7 25 18	3	9	0
515	18 83 32 21	4	3	0
516	47 57 55 73	4	10	0
517	46 76 49 96	3	4	0
518	41 12 10 69	2	-1	0
519	1 42 54 58	1	-1	0
520	83 70 60 56	4	2	0
521	4 48 74 55	1	-1	0
522	70 97 77 42	4	6	0
523	52 40 75 46	4	2	0
524	100 23 90 75	4	8	0
525	5 12 90 85	1	-1	0
526	29 23 55 44	2	-1	0
527	42 78 45 18	3	8	0
528	15 8 39 72	4	8	0
529	3 30 64 41	1	-1	0
530	5 77 85 67	1	-1	0
531	49 27 6 92	2	-1	0
532	49 96 56 18	3	3	0
533	83 19 42 95	2	-1	0
534	22 35 32 56	2	-1	0
535	98 35 20 82	2	-1	0
536	17 82 87 12	3	6	0
537	75 7 83 16	4	2	0
538	5 40 53 58	1	-1	0
539	57 51 31 9	4	7	0
540	4 55 57 56	1	-1	0
541	43 44 50 54	4	1	0
542	18 76 19 87	2	-1	0
543	87 44 62 58	2	-1	0
544	33 82 7 83	4	9	0
545	29 67 74 11	4	7	0
546	73 28 92 68	3	6	0
547	2 53 64 61	1	-1	0
548	69 70 54 31	4	10	0
549	14 37 13 39	4	10	0
550	91 67 49 19	2	-1	0
551	13 34 29 79	4	2	0
552	93 97 94 56	2	-1	0
553	1 15 66 35	1	-1	0
554	74 44 40 61	2	-1	0
555	2 97 55 46	1	-1	0
556	55 64 98 91	3	4	0
557	60 94 57 27	2	-1	0
558	9 92 74 13	3	4	0
559	3 34 84 45	1	-1	0
560	22 55 85 77	2	-1	0
561	93 95 76 54	4	9	0
562	2 32 16 30	1	-1	0
563	81 19 36 87	3	1	0
564	85 22 82 69	2	-1	0
565	1 78 23 90	1	-1	0
566	4 35 78 56	1	-1	0
567	22 87 42 10	3	10	0
568	19 76 78 75	3	7	0
569	43 68 47 9	3	3	0
570	95 72 19 22	2	-1	0
571	4 7 52 32	1	-1	0
572	4 68 92 83	1	-1	0
573	78 73 83 64	3	5	0
574	40 76 7 89	2	-1	0
575	9 21 41 91	4	1	0
576	1 91 87 33	1	-1	0
577	70 92 57 68	3	9	0
578	15 9 16 91	4	2	1
579	45 30 61 97	2	-1	0
580	24 63 95 13	4	1	0
581	85 62 89 97	2	-1	0
582	33 17 65 93	2	-1	0
583	2 39 90 48	1	-1	0
584	51 38 87 66	2	-1	0
585	40 57 18 65	2	-1	0
586	17 57 38 51	3	5	0
587	69 75 51 32	3	3	0
588	32 69 51 92	2	-1	0
589	29 62 47 43	2	-1	0
590	62 38 15 92	4	1	0
591	10 9 49 78	2	-1	0
592	68 54 98 19	4	4	0
593	64 59 97 69	4	8	0
594	21 76 79 42	2	-1	0
595	54 51 91 72	2	-1	0
596	4 56 30 47	1	-1	0
597	94 74 71 51	4	1	0
598	89 65 66 87	2	-1	0
599	53 38 100 13	4	3	0
600	1 16 82 67	1	-1	0
601	65 57 33 28	4	9	0
602	2 82 35 11	1	-1	0
603	34 64 71 55	4	1	0
604	4 32 25 90	1	-1	0
605	5 70 20 26	1	-1	0
606	58 39 88 15	2	-1	0
607	57 42 54 86	4	4	0
608	43 56 82 87	3	2	0
609	91 11 46 34	2	-1	0
610	4 46 73 30	1	-1	0
611	75 17 100 42	2	-1	0
612	2 72 23 84	1	-1	0
613	74 19 91 7	3	4	0
614	89 86 34 12	4	1	0
615	29 37 87 86	2	-1	0
616	67 58 90 59	3	4	0
617	93 36 39 84	2	-1	0
618	2 100 21 27	1	-1	0
619	96 18 87 63	3	7	0
620	49 24 61 9	3	3	0
621	8 95 90 97	2	-1	0
622	4 70 35 43	1	-1	0
623	2 63 91 58	1	-1	0
624	88 44 83 39	2	-1	0
625	31 100 92 42	2	-1	0
626	52 51 97 92	3	6	0
627	78 12 55 34	3	8	0
628	4 61 59 52	1	-1	0
629	40 63 32 34	4	8	0
630	2 13 42 18	1	-1	0
631	100 67 17 47	2	-1	0
632	76 75 29 22	4	4	0
633	58 83 88 87	2	-1	0
634	57 90 95 46	4	4	0
635	70 7 86 90	4	8	0
636	4 29 60 10	1	-1	0
637	97 69 85 19	3	9	0
638	76 82 57 21	3	9	0
639	10 12 28 7	2	-1	0
640	66 22 7 26	3	1	0
641	73 28 34 83	2	-1	0
642	69 97 79 95	2	-1	0
643	100 56 48 17	3	1	0
644	13 74 35 70	4	2	0
645	47 92 9 17	2	-1	0
646	90 69 9 77	2	-1	0
647	48 69 72 22	2	-1	0
648	54 59 62 53	4	5	0
649	1 51 45 75	1	-1	0
650	82 49 95 96	3	4	0
651	2 99 43 36	1	-1	0
652	3 26 6 63	1	-1	1
653	94 77 40 51	2	-1	0
654	16 28 91 52	2	-1	0
655	54 86 81 13	2	-1	0
656	94 58 82 18	2	-1	0
657	24 18 62 33	4	10	0
658	83 59 74 32	3	6	0
659	74 27 69 71	4	1	0
660	4 98 55 27	1	-1	0
661	72 42 25 23	3	10	0
662	80 26 89 31	2	-1	0
663	4 19 91 16	1	-1	0
664	92 43 60 100	4	4	0
665	4 49 99 86	1	-1	0
666	21 39 69 72	2	-1	0
667	71 99 78 19	2	-1	0
668	61 36 32 41	2	-1	0
669	16 66 80 33	2	-1	0
670	57 23 21 97	3	1	0
671	63 32 22 14	4	10	0
672	52 77 92 97	3	7	0
673	54 59 6 83	3	9	0
674	33 48 12 81	4	6	0
675	57 8 28 16	2	-1	0
676	29 70 76 40	3	3	0
677	27 35 6 62	4	3	1
678	47 46 99 76	2	-1	0
679	65 33 96 31	2	-1	0
680	5 14 32 18	1	-1	0
681	4 44 51 68	1	-1	0
682	68 16 25 94	2	-1	0
683	28 84 99 72	4	6	0
684	46 56 21 83	3	7	0
685	71 93 72 88	4	1	0
686	85 94 55 70	4	3	0
687	31 39 35 13	2	-1	0
688	82 63 23 95	2	-1	0
689	1 6 80 8	1	-1	0
690	40 92 75 87	4	4	0
691	28 60 20 77	3	3	0
692	21 87 8 67	4	7	0
693	4 83 35 43	1	-1	0
694	68 91 49 10	2	-1	0
695	71 70 32 80	4	2	0
696	1 88 48 12	1	-1	0
697	19 89 40 90	2	-1	0
698	5 62 70 97	1	-1	0
699	83 80 75 45	3	1	0
700	97 47 45 62	3	3	0
701	2 97 74 60	1	-1	0
702	41 49 92 36	2	-1	0
703	3 58 57 60	1	-1	0
704	88 57 56 84	3	1	0
705	74 41 53 6	4	5	0
706	50 8 36 72	4	5	0
707	67 28 52 23	2	-1	0
708	5 33 89 75	1	-1	0
709	38 83 48 13	3	7	0
710	100 7 67 51	2	-1	0
711	65 38 78 36	3	6	0
712	46 90 62 72	2	-1	0
713	3 18 12 19	1	-1	0
714	5 37 70 51	1	-1	0
715	63 68 38 17	3	4	0
716	3 89 94 58	1	-1	0
717	41 65 23 84	4	8	0
718	5 6 34 49	1	-1	0
719	72 69 13 16	4	8	0
720	9 22 86 92	4	7	0
721	38 15 6 43	4	1	0
722	37 88 99 22	2	-1	0
723	74 92 69 29	3	5	0
724	3 68 75 22	1	-1	0
725	39 86 46 23	2	-1	0
726	81 51 53 41	2	-1	0
727	86 47 16 78	3	8	0
728	20 73 69 6	3	4	0
729	77 88 32 63	4	10	0
730	92 67 12 20	3	1	0
731	4 67 73 43	1	-1	0
732	11 57 55 85	4	2	0
733	5 18 15 91	1	-1	0
734	1 89 66 80	1	-1	0
735	4 74 54 41	1	-1	0
736	5 65 62 94	1	-1	0
737	5 47 37 19	1	-1	0
738	14 97 40 62	4	10	0
739	47 27 39 49	4	5	0
740	89 98 7 60	3	4	0
741	19 13 53 78	3	5	0
742	71 91 32 59	2	-1	0
743	94 13 27 56	4	6	0
744	2 100 68 97	1	-1	0
745	2 51 84 39	1	-1	0
746	30 47 94 59	3	4	0
747	22 8 57 72	3	1	0
748	79 59 26 41	3	10	0
749	69 16 26 48	2	-1	0
750	90 43 12 33	3	4	0
751	33 98 31 54	2	-1	0
752	54 35 72 67	4	1	0
753	3 48 71 21	1	-1	0
754	47 16 69 64	3	2	0
755	56 8 33 27	2	-1	0
756	60 23 43 69	3	10	0
757	82 51 64 85	4	1	0
758	76 63 45 71	4	9	0
759	11 62 75 61	2	-1	0
760	61 14 46 78	3	6	0
761	1 48 28 56	1	-1	0
762	1 66 79 76	1	-1	0
763	2 73 79 33	1	-1	0
764	69 37 38 66	4	7	0
765	69 12 45 9	3	1	0
766	27 48 34 23	2	-1	0
767	1 36 76 34	1	-1	0
768	8 77 65 6	4	2	0
769	1 14 51 94	1	-1	0
770	12 28 29 44	3	7	0
771	40 47 88 96	3	9	0
772	67 82 91 22	3	2	0
773	78 42 51 57	3	7	0
774	99 23 83 24	4	8	0
775	87 95 72 36	2	-1	0
776	35 65 23 13	4	4	0
777	15 63 80 18	2	-1	0
778	68 76 91 95	2	-1	0
779	98 10 79 100	2	-1	0
780	1 44 72 40	1	-1	0
781	71 82 88 72	3	10	0
782	2 35 63 68	1	-1	0
783	39 62 26 20	2	-1	0
784	2 40 76 48	1	-1	0
785	88 89 19 42	3	4	0
786	84 60 39 51	4	6	0
787	3 7 83 10	1	-1	0
788	30 48 87 15	4	8	0
789	25 12 88 92	4	4	0
790	80 66 15 10	3	3	0
791	38 8 49 54	3	4	0
792	10 63 53 77	2	-1	0
793	24 95 74 21	4	4	0
794	19 65 30 58	4	2	0
795	1 98 72 34	1	-1	0
796	82 54 30 24	4	9	0
797	21 75 30 33	4	4	0
798	14 48 67 18	3	5	0
799	1 76 99 19	1	-1	0
800	60 20 69 6	2	-1	0
801	5 91 50 85	1	-1	0
802	83 70 20 33	2	-1	0
803	1 10 36 58	1	-1	0
804	45 89 41 20	4	1	0
805	2 6 24 37	1	-1	0
806	77 7 67 38	4	3	0
807	94 48 84 51	3	6	0
808	83 46 32 30	3	1	0
809	77 44 49 51	4	10	0
810	39 54 56 14	3	10	0
811	42 55 87 23	3	1	0
812	89 88 32 19	3	9	0
813	22 25 13 81	3	6	0
814	16 92 25 73	4	2	0
815	3 89 74 10	1	-1	0
816	54 95 70 98	2	-1	0
817	5 51 28 81	1	-1	0
818	70 47 99 98	4	9	0
819	86 89 38 69	2	-1	0
820	50 87 12 62	4	6	0
821	59 39 67 24	2	-1	0
822	2 90 74 62	1	-1	0
823	1 39 19 59	1	-1	0
824	64 54 84 73	3	2	0
825	83 32 14 21	3	5	0
826	2 80 32 91	1	-1	0
827	35 62 87 95	2	-1	0
828	2 81 55 11	1	-1	0
829	5 27 26 52	1	-1	0
830	5 59 17 91	1	-1	0
831	90 73 81 10	3	6	0
832	51 12 95 83	4	8	0
833	4 43 13 65	1	-1	0
834	44 40 45 18	3	10	0
835	85 64 90 29	2	-1	0
836	49 8 87 59	3	8	0
837	5 53 37 50	1	-1	0
838	4 30 74 47	1	-1	0
839	1 66 14 83	1	-1	0
840	84 48 6 32	4	4	0
841	46 74 17 6	3	7	0
842	3 45 33 97	1	-1	0
843	17 99 78 66	3	4	0
844	94 87 43 76	4	9	0
845	2 31 61 83	1	-1	0
846	66 52 23 11	3	9	0
847	5 75 17 23	1	-1	0
848	74 48 80 37	2	-1	0
849	90 64 69 80	2	-1	0
850	45 57 26 100	2	-1	0
851	37 73 12 22	4	4	0
852	74 79 19 80	4	1	0
853	99 91 35 58	3	3	0
854	76 12 17 13	4	4	0
855	15 81 71 21	3	7	0
856	2 21 57 91	1	-1	0
857	86 61 99 76	2	-1	0
858	40 46 54 25	3	5	0
859	3 58 75 60	1	-1	0
860	67 34 88 65	4	8	0
861	63 25 44 40	3	7	0
862	2 51 18 81	1	-1	0
863	34 93 27 16	3	1	0
864	51 55 41 49	2	-1	0
865	2 23 96 68	1	-1	0
866	81 57 75 69	2	-1	0
867	23 78 48 68	2	-1	0
868	92 96 49 48	2	-1	0
869	79 95 99 40	2	-1	0
870	44 57 87 68	3	1	0
871	35 83 40 49	4	10	0
872	66 47 76 98	2	-1	0
873	27 73 11 31	3	1	0
874	68 100 41 46	2	-1	0
875	74 13 99 81	3	5	0
876	70 80 73 76	4	7	0
877	76 99 47 8	2	-1	0
878	2 24 36 80	1	-1	0
879	90 42 76 79	3	8	0
880	1 24 49 68	1	-1	0
881	2 53 40 9	1	-1	0
882	36 65 72 22	2	-1	0
883	8 98 26 52	2	-1	0
884	65 51 44 79	2	-1	0
885	20 39 40 92	3	7	0
886	4 48 82 62	1	-1	0
887	76 44 88 13	3	3	0
888	90 24 36 86	2	-1	0
889	69 53 81 30	4	9	0
890	4 58 74 64	1	-1	0
891	71 27 8 32	2	-1	0
892	33 72 56 31	4	9	0
893	92 70 65 24	4	5	0
894	55 40 70 18	2	-1	0
895	56 75 43 15	3	4	0
896	69 51 22 47	2	-1	0
897	4 8 31 72	1	-1	0
898	24 18 73 45	4	4	0
899	19 42 59 37	3	8	0
900	62 94 95 67	3	2	0
901	82 81 8 24	2	-1	0
902	25 59 66 85	4	1	0
903	4 24 44 18	1	-1	0
904	92 30 48 35	4	4	0
905	81 65 43 98	2	-1	0
906	95 78 60 79	2	-1	0
907	4 17 7 42	1	-1	0
908	44 81 52 98	3	9	0
909	93 60 29 92	2	-1	0
910	52 12 9 95	2	-1	0
911	67 54 68 84	4	10	0
912	71 59 76 43	4	3	0
913	19 97 95 17	2	-1	0
914	36 60 19 73	4	2	0
915	35 55 12 8	3	7	0
916	1 99 23 42	1	-1	0
917	54 78 99 74	2	-1	0
918	92 10 87 6	3	5	0
919	23 53 67 77	4	5	0
920	46 24 68 71	2	-1	0
921	35 10 52 98	4	3	0
922	3 44 12 15	1	-1	0
923	48 96 89 73	2	-1	0
924	15 34 22 59	2	-1	0
925	4 92 62 63	1	-1	0
926	37 22 97 10	4	1	0
927	73 31 29 55	4	6	0
928	66 99 28 83	4	9	0
929	18 47 21 10	3	9	0
930	54 52 72 32	3	5	0
931	61 10 59 24	4	10	0
932	4 63 96 31	1	-1	0
933	91 48 31 65	3	5	0
934	64 8 22 74	2	-1	0
935	2 11 45 56	1	-1	0
936	25 7 78 30	3	8	0
937	5 80 20 33	1	-1	0
938	44 33 57 88	2	-1	0
939	92 34 19 16	2	-1	0
940	75 36 80 79	4	10	0
941	23 81 26 38	3	8	0
942	49 91 35 17	2	-1	0
943	1 41 71 65	1	-1	0
944	3 49 12 45	1	-1	0
945	39 75 100 65	3	10	0
946	3 39 13 75	1	-1	0
947	4 26 12 48	1	-1	0
948	16 68 20 43	2	-1	0
949	3 96 21 78	1	-1	0
950	89 44 28 90	3	10	0
951	65 7 92 28	3	2	0
952	14 40 16 90	2	-1	0
953	2 29 74 30	1	-1	0
954	23 18 12 13	2	-1	1
955	100 79 16 62	2	-1	0
956	13 23 79 32	2	-1	0
957	4 7 53 11	1	-1	0
958	17 91 61 75	2	-1	0
959	39 68 30 74	4	7	0
960	49 95 69 66	2	-1	0
961	41 84 72 74	3	10	0
962	5 86 30 45	1	-1	0
963	1 75 86 57	1	-1	0
964	59 99 41 93	3	3	0
965	84 6 24 60	3	4	0
966	99 69 64 50	3	2	0
967	74 25 79 27	4	5	0
968	47 6 49 38	4	3	0
969	42 50 86 96	3	1	0
970	75 18 31 92	4	9	0
971	50 53 73 80	2	-1	0
972	74 80 87 6	2	-1	0
973	92 17 77 21	4	2	0
974	65 98 29 68	4	5	0
975	74 36 59 52	3	7	0
976	95 13 39 80	4	5	0
977	41 48 78 99	4	8	0
978	65 40 35 18	2	-1	0
979	54 100 72 24	3	3	0
980	55 53 76 93	2	-1	0
981	26 8 98 69	2	-1	0
982	45 42 60 20	3	1	0
983	2 97 55 86	1	-1	0
984	4 60 12 96	1	-1	0
985	58 94 75 55	3	2	0
986	44 55 36 6	4	4	0
987	59 21 75 53	2	-1	0
988	24 65 43 52	4	7	0
989	78 59 52 32	2	-1	0
990	3 15 12 19	1	-1	0
991	40 20 92 33	3	5	0
992	37 84 82 19	3	6	0
993	75 33 89 83	2	-1	0
994	65 91 78 25	2	-1	0
995	73 19 20 88	3	5	0
996	8 33 80 50	4	6	0
997	97 30 20 54	3	9	0
998	90 62 58 48	2	-1	0
999	67 29 31 90	2	-1	0
1000	5 48 32 93	1	-1	0
