Students	1000
1	4 97 99 23	1	-1	0
2	3 54 96 81	1	-1	0
3	85 54 27 10	4	8	0
4	3 78 11 93	1	-1	0
5	75 52 98 73	3	10	0
6	5 52 41 15	1	-1	0
7	4 20 90 17	1	-1	0
8	4 15 44 67	1	-1	0
9	76 6 91 34	2	-1	0
10	24 7 22 75	2	-1	0
11	98 7 93 57	3	4	0
12	44 24 56 21	4	3	0
13	80 21 93 100	4	10	0
14	40 50 82 22	4	6	0
15	59 74 57 7	2	-1	0
16	2 85 31 81	1	-1	0
17	1 96 23 22	1	-1	1
18	1 45 21 69	1	-1	0
19	52 57 6 99	3	5	1
20	53 31 78 17	2	-1	0
21	15 67 78 56	3	5	0
22	5 16 17 63	1	-1	0
23	1 18 13 100	1	-1	0
24	20 75 42 16	2	-1	0
25	32 67 46 70	4	9	0
26	18 39 90 55	3	10	0
27	13 71 80 47	2	-1	0
28	1 40 93 29	1	-1	0
29	4 39 73 63	1	-1	0
30	92 82 39 68	3	4	0
31	58 34 35 12	2	-1	0
32	5 14 23 79	1	-1	0
33	32 47 85 83	3	7	0
34	49 57 21 68	2	-1	0
35	35 75 82 31	4	10	0
36	56 33 27 7	3	4	0
37	42 26 58 78	2	-1	0
38	26 69 53 88	3	10	0
39	16 82 91 65	4	6	0
40	45 53 30 38	4	8	0
41	67 59 68 88	3	6	0
42	43 77 12 17	3	10	0
43	98 34 83 31	3	2	0
44	4 72 32 7	1	-1	0
45	50 59 61 73	4	1	0
46	1 28 27 12	1	-1	0
47	2 42 99 81	1	-1	0
48	50 76 13 97	2	-1	0
49	9 84 32 67	2	-1	0
50	3 85 99 43	1	-1	0
51	29 42 19 96	3	6	0
52	3 70 21 34	1	-1	0
53	5 57 58 42	1	-1	0
54	98 75 7 47	2	-1	0
55	5 72 40 85	1	-1	0
56	23 21 16 51	3	7	0
57	37 75 55 30	3	9	0
58	1 22 18 34	1	-1	0
59	86 90 98 58	2	-1	0
60	16 90 12 55	4	2	0
61	3 48 72 83	1	-1	0
62	66 10 33 37	4	5	0
63	100 10 24 99	4	2	0
64	46 58 99 49	3	6	0
65	47 16 12 48	4	4	0
66	19 45 12 49	3	6	0
67	3 49 41 28	1	-1	0
68	50 32 30 40	2	-1	0
69	67 92 52 42	3	8	0
70	51 50 43 13	2	-1	0
71	5 72 90 58	1	-1	0
72	77 52 42 95	2	-1	0
73	47 61 84 64	3	3	0
74	2 41 71 23	1	-1	0
75	4 51 42 76	1	-1	0
76	3 94 63 44	1	-1	0
77	22 10 44 15	4	5	0
78	33 50 63 78	4	5	0
79	2 46 93 99	1	-1	0
80	29 88 28 50	2	-1	0
81	42 8 78 32	4	2	0
82	6 29 77 10	2	-1	0
83	82 44 88 50	4	7	0
84	3 34 86 17	1	-1	0
85	27 32 63 42	4	10	0
86	79 61 13 44	3	10	0
87	77 63 65 19	3	7	0
88	99 41 59 33	4	10	0
89	50 83 28 64	4	5	0
90	50 96 85 44	4	1	0
91	53 42 17 96	2	-1	0
92	35 91 21 78	3	10	0
93	7 32 19 41	4	7	0
94	84 44 30 13	4	7	0
95	13 82 45 97	2	-1	0
96	71 91 15 87	2	-1	0
97	3 20 45 18	1	-1	0
98	3 14 88 29	1	-1	0
99	98 69 47 46	3	2	0
100	57 22 56 47	2	-1	0
101	24 25 79 50	4	10	0
102	92 14 87 55	4	4	0
103	93 15 65 36	3	7	0
104	4 29 80 44	1	-1	0
105	1 6 63 45	1	-1	0
106	25 98 74 48	2	-1	0
107	64 97 9 95	4	8	0
108	22 15 65 99	2	-1	0
109	42 64 79 33	4	9	0
110	13 47 57 95	2	-1	0
111	2 52 11 53	1	-1	0
112	18 24 39 67	4	4	0
113	74 9 66 13	2	-1	0
114	3 81 96 87	1	-1	0
115	45 91 47 46	2	-1	0
116	38 76 99 53	2	-1	0
117	1 75 84 70	1	-1	0
118	29 99 51 40	4	9	0
119	88 75 49 30	2	-1	0
120	5 62 16 76	1	-1	0
121	10 50 29 72	2	-1	0
122	8 34 87 59	3	5	0
123	23 67 43 55	4	4	0
124	1 63 23 52	1	-1	0
125	86 28 42 58	3	7	0
126	83 26 91 42	2	-1	0
127	1 30 62 12	1	-1	0
128	71 28 43 68	2	-1	0
129	98 66 35 68	2	-1	0
130	76 25 24 86	3	2	0
131	5 35 41 25	1	-1	0
132	63 77 45 39	2	-1	0
133	5 74 6 73	1	-1	0
134	73 95 23 77	3	4	0
135	70 61 10 43	2	-1	0
136	49 23 82 65	3	6	0
137	63 11 79 96	2	-1	0
138	98 23 49 18	4	3	0
139	7 31 29 15	4	4	0
140	71 50 74 96	2	-1	0
141	93 62 89 15	2	-1	0
142	48 27 67 95	2	-1	0
143	77 23 11 79	4	1	0
144	2 44 20 15	1	-1	0
145	34 58 52 31	2	-1	0
146	66 84 53 52	4	10	0
147	88 48 65 87	2	-1	0
148	3 59 87 45	1	-1	0
149	39 83 96 49	2	-1	0
150	11 13 78 35	2	-1	0
151	5 48 75 10	1	-1	0
152	41 20 49 82	2	-1	0
153	26 34 38 100	3	10	0
154	43 90 17 77	2	-1	0
155	64 66 25 90	3	6	0
156	5 33 65 69	1	-1	0
157	1 16 32 40	1	-1	0
158	1 89 12 64	1	-1	0
159	63 74 39 31	3	6	0
160	5 91 44 48	1	-1	0
161	58 90 80 12	3	6	0
162	98 15 17 94	2	-1	0
163	53 82 84 50	4	3	0
164	76 31 50 22	4	1	0
165	57 44 73 36	4	4	0
166	17 43 8 98	2	-1	0
167	71 10 78 89	2	-1	0
168	75 44 41 54	4	2	0
169	54 82 55 43	2	-1	0
170	32 98 40 47	3	2	0
171	13 10 71 66	4	6	0
172	86 53 42 13	4	10	0
173	32 48 43 56	4	2	0
174	4 91 51 93	1	-1	0
175	5 11 90 86	1	-1	0
176	41 9 15 51	2	-1	0
177	21 55 80 53	3	7	0
178	57 6 91 33	4	8	0
179	8 82 46 19	2	-1	0
180	97 93 43 27	4	9	0
181	80 10 9 27	2	-1	0
182	2 62 77 8	1	-1	0
183	52 90 84 18	3	3	0
184	100 39 79 77	2	-1	0
185	1 58 94 24	1	-1	0
186	73 51 20 45	4	9	0
187	73 15 24 57	4	1	0
188	70 35 88 98	2	-1	0
189	15 91 9 90	2	-1	0
190	29 45 85 42	3	1	0
191	96 98 64 32	2	-1	0
192	2 84 78 28	1	-1	0
193	2 68 48 78	1	-1	0
194	81 20 22 62	2	-1	0
195	33 86 63 18	2	-1	0
196	44 7 71 10	3	4	0
197	1 26 89 9	1	-1	0
198	95 93 70 50	3	4	0
199	4 36 81 74	1	-1	0
200	4 9 95 48	1	-1	0
201	93 9 62 31	3	5	0
202	18 91 78 99	3	2	0
203	70 64 32 79	4	7	0
204	18 41 32 78	4	2	0
205	94 84 36 97	4	5	0
206	22 69 43 76	4	1	0
207	49 39 89 60	4	6	0
208	56 8 88 43	2	-1	0
209	18 45 94 15	4	8	0
210	37 77 53 9	2	-1	0
211	3 35 22 88	1	-1	0
212	100 27 12 6	4	8	0
213	96 74 26 41	4	1	0
214	40 72 63 93	4	8	0
215	5 59 75 83	1	-1	0
216	98 83 82 61	3	2	0
217	74 69 58 88	2	-1	0
218	39 60 24 80	3	4	0
219	99 81 86 11	4	3	0
220	3 57 71 10	1	-1	0
221	58 63 35 61	3	8	0
222	32 35 44 57	2	-1	0
223	3 97 89 73	1	-1	0
224	2 79 83 68	1	-1	0
225	68 55 58 38	3	7	0
226	66 85 20 68	3	7	0
227	23 55 24 71	3	10	0
228	22 62 34 58	4	4	0
229	3 70 12 22	1	-1	0
230	24 37 88 17	2	-1	0
231	5 82 58 26	1	-1	0
232	2 46 94 35	1	-1	0
233	51 71 48 94	4	7	0
234	28 100 1 65	4	5	0
235	67 91 29 86	3	3	0
236	22 21 58 36	4	8	0
237	34 12 83 57	4	1	0
238	88 100 13 16	2	-1	0
239	95 99 22 34	4	10	0
240	4 72 28 83	1	-1	0
241	10 99 42 73	2	-1	0
242	43 51 19 79	2	-1	0
243	86 80 68 32	2	-1	0
244	64 91 82 25	4	5	0
245	1 76 100 80	1	-1	0
246	41 28 70 40	2	-1	0
247	92 65 59 48	2	-1	0
248	82 35 28 92	4	3	0
249	50 58 14 63	2	-1	0
250	17 70 27 18	4	4	0
251	23 76 47 66	3	4	0
252	34 57 72 98	3	1	0
253	94 46 8 37	4	8	0
254	100 63 75 29	4	8	0
255	48 35 100 60	4	4	0
256	3 51 92 12	1	-1	0
257	5 8 96 24	1	-1	0
258	80 65 50 9	4	6	0
259	87 82 11 54	4	8	0
260	3 90 45 89	1	-1	0
261	43 56 57 73	4	8	0
262	77 11 7 81	4	3	0
263	3 24 55 53	1	-1	0
264	57 30 63 12	2	-1	0
265	5 10 58 60	1	-1	0
266	61 85 92 81	2	-1	0
267	27 44 19 15	2	-1	0
268	50 14 55 39	4	3	0
269	65 11 73 8	2	-1	0
270	2 62 74 43	1	-1	0
271	50 68 80 81	2	-1	0
272	18 88 12 78	4	1	0
273	85 45 30 6	3	5	0
274	11 80 100 39	2	-1	0
275	59 17 93 18	2	-1	0
276	16 86 78 25	4	7	0
277	56 92 24 81	4	3	0
278	3 70 93 34	1	-1	0
279	20 93 57 66	3	5	0
280	2 79 35 82	1	-1	0
281	3 76 72 16	1	-1	0
282	3 64 6 20	1	-1	0
283	57 61 40 23	4	4	0
284	41 72 91 69	2	-1	0
285	99 14 11 15	4	9	0
286	67 89 24 32	2	-1	0
287	4 59 50 82	1	-1	0
288	58 15 41 79	3	2	0
289	5 56 12 24	1	-1	0
290	31 87 28 9	4	2	0
291	1 25 77 31	1	-1	0
292	99 49 91 31	2	-1	0
293	17 16 24 47	3	4	0
294	89 87 97 41	2	-1	0
295	88 13 61 63	2	-1	0
296	9 20 54 46	4	5	0
297	75 66 92 70	4	8	0
298	1 88 31 60	1	-1	0
299	18 37 23 83	2	-1	0
300	2 21 29 46	1	-1	0
301	8 77 67 100	3	8	0
302	27 55 86 12	3	7	0
303	1 39 92 97	1	-1	0
304	1 49 63 6	1	-1	0
305	15 22 65 72	3	6	0
306	84 20 17 78	2	-1	0
307	3 91 70 12	1	-1	0
308	50 48 82 63	4	6	0
309	76 94 22 72	2	-1	0
310	1 6 42 74	1	-1	0
311	74 99 68 50	4	10	0
312	3 79 84 98	1	-1	0
313	60 46 98 47	3	5	0
314	35 87 27 37	3	4	0
315	82 71 44 61	3	5	0
316	10 67 99 23	4	10	0
317	14 29 90 70	4	2	0
318	83 60 80 93	2	-1	0
319	43 90 71 72	2	-1	0
320	5 88 42 60	1	-1	0
321	3 43 60 25	1	-1	0
322	2 14 72 49	1	-1	0
323	5 6 18 42	1	-1	0
324	40 24 85 70	3	4	0
325	50 100 99 11	4	9	0
326	80 51 81 40	2	-1	0
327	2 70 89 49	1	-1	0
328	33 94 81 90	2	-1	0
329	74 50 69 90	4	5	0
330	10 83 26 98	4	1	0
331	41 39 83 42	4	4	0
332	4 14 11 42	1	-1	0
333	74 71 56 75	4	9	0
334	34 71 68 38	2	-1	0
335	81 84 57 43	4	9	0
336	88 32 65 56	3	2	0
337	58 60 33 72	4	7	0
338	74 71 46 98	2	-1	0
339	8 92 99 10	2	-1	0
340	35 14 18 81	3	2	0
341	8 20 66 43	2	-1	0
342	38 60 82 15	4	6	0
343	4 91 58 99	1	-1	0
344	81 25 26 66	2	-1	0
345	41 40 100 33	2	-1	0
346	74 57 98 66	3	8	0
347	34 47 3 95	2	-1	0
348	31 87 14 15	3	9	0
349	76 73 39 18	2	-1	0
350	66 73 82 21	2	-1	0
351	82 30 33 42	3	6	0
352	48 64 17 66	3	3	0
353	4 21 79 40	1	-1	0
354	73 52 23 95	3	7	0
355	31 12 20 64	3	2	0
356	4 27 8 40	1	-1	0
357	65 25 15 91	2	-1	0
358	66 38 32 54	4	1	0
359	50 76 30 57	4	2	0
360	58 55 89 60	2	-1	0
361	74 36 84 87	2	-1	0
362	5 41 80 65	1	-1	0
363	13 76 25 26	3	8	0
364	59 70 90 65	2	-1	1
365	27 18 50 9	3	9	0
366	2 11 70 27	1	-1	0
367	83 36 44 50	3	1	0
368	2 90 54 82	1	-1	0
369	79 74 64 87	3	5	0
370	43 93 8 94	4	5	0
371	91 44 83 90	4	6	0
372	1 51 38 82	1	-1	0
373	65 16 12 14	4	2	0
374	51 28 71 61	2	-1	0
375	37 91 100 23	4	8	0
376	46 58 80 12	2	-1	0
377	97 51 44 57	3	10	0
378	6 18 10 88	2	-1	0
379	88 64 72 90	4	7	0
380	3 60 23 41	1	-1	0
381	56 98 33 80	2	-1	0
382	19 67 11 87	3	4	0
383	18 36 90 100	2	-1	0
384	8 44 83 77	2	-1	0
385	97 22 29 53	3	1	0
386	89 61 75 46	2	-1	0
387	58 86 90 91	4	7	0
388	2 18 30 92	1	-1	0
389	37 33 39 84	4	4	0
390	7 95 55 42	2	-1	0
391	3 65 52 27	1	-1	0
392	66 51 73 79	4	5	0
393	97 36 88 25	4	7	0
394	57 100 45 10	2	-1	0
395	96 43 35 38	2	-1	0
396	94 34 8 71	3	8	0
397	1 84 26 45	1	-1	0
398	3 61 46 33	1	-1	0
399	5 84 23 6	1	-1	0
400	70 17 78 91	4	9	0
401	1 73 21 41	1	-1	0
402	1 8 17 20	1	-1	0
403	27 52 24 60	2	-1	0
404	78 10 6 40	4	10	0
405	2 62 32 78	1	-1	0
406	39 53 64 63	3	3	0
407	16 18 30 76	3	7	0
408	57 15 63 98	4	7	0
409	19 13 61 77	2	-1	0
410	28 53 54 30	3	9	0
411	4 60 50 61	1	-1	0
412	3 19 72 75	1	-1	0
413	64 82 42 86	2	-1	0
414	86 22 77 38	4	7	0
415	4 47 80 55	1	-1	0
416	54 30 70 63	2	-1	0
417	96 52 14 49	2	-1	0
418	52 81 92 88	4	5	0
419	63 52 38 28	2	-1	0
420	4 94 27 78	1	-1	0
421	69 74 43 91	4	6	0
422	31 70 36 91	2	-1	0
423	24 79 23 34	2	-1	0
424	86 93 39 27	3	4	0
425	6 30 45 99	2	-1	0
426	81 30 67 97	3	4	0
427	44 75 72 21	4	7	0
428	41 73 62 43	4	3	0
429	5 64 13 56	1	-1	0
430	56 29 43 100	2	-1	0
431	76 22 29 59	3	3	0
432	3 18 34 98	1	-1	0
433	4 27 10 58	1	-1	0
434	5 71 50 18	1	-1	0
435	19 44 9 89	2	-1	0
436	79 67 91 33	2	-1	0
437	72 22 15 48	3	2	0
438	84 59 18 49	2	-1	0
439	22 60 10 46	3	1	0
440	80 6 9 65	3	1	0
441	91 10 55 23	3	2	0
442	42 78 54 61	3	1	0
443	22 45 75 100	4	5	0
444	77 17 48 57	4	8	0
445	68 32 56 88	4	6	0
446	98 59 6 44	4	8	0
447	4 31 20 68	1	-1	0
448	14 76 37 60	3	9	0
449	82 52 22 50	4	2	0
450	76 86 68 65	4	1	0
451	61 33 83 72	3	3	0
452	70 59 85 94	4	4	0
453	1 97 82 40	1	-1	0
454	82 27 81 87	3	1	0
455	84 9 81 54	2	-1	0
456	53 76 94 70	3	4	0
457	71 73 78 21	2	-1	0
458	3 89 67 49	1	-1	0
459	10 22 94 48	3	3	0
460	3 22 79 85	1	-1	0
461	13 72 18 77	3	10	0
462	34 49 71 91	4	8	0
463	47 57 7 78	3	5	0
464	81 37 31 97	2	-1	0
465	64 77 95 63	3	6	0
466	18 52 88 27	3	5	0
467	98 64 54 68	2	-1	0
468	12 21 86 23	4	2	0
469	53 35 12 63	2	-1	0
470	97 23 92 84	2	-1	0
471	88 60 6 46	3	7	0
472	71 22 27 46	2	-1	0
473	50 43 44 6	3	2	0
474	2 65 95 53	1	-1	0
475	7 36 77 91	2	-1	0
476	100 20 55 7	4	7	0
477	5 76 84 60	1	-1	0
478	2 59 21 27	1	-1	0
479	77 73 42 72	2	-1	0
480	87 82 28 33	2	-1	0
481	75 59 64 13	4	10	0
482	48 42 46 19	4	5	0
483	3 48 45 10	1	-1	0
484	2 44 78 61	1	-1	0
485	35 58 90 18	4	2	0
486	91 77 13 23	4	5	0
487	57 24 58 44	2	-1	0
488	48 35 43 85	3	8	0
489	48 46 18 61	4	10	0
490	20 91 80 26	4	7	0
491	5 35 14 33	1	-1	0
492	82 85 49 69	3	7	0
493	4 88 76 86	1	-1	0
494	4 81 55 77	1	-1	0
495	52 60 26 75	2	-1	0
496	71 49 53 78	3	5	0
497	97 100 74 17	4	8	0
498	93 71 91 19	4	3	0
499	3 57 53 63	1	-1	0
500	41 6 97 11	2	-1	0
501	2 31 52 28	1	-1	0
502	71 66 56 21	4	7	0
503	4 52 46 43	1	-1	0
504	83 8 65 79	3	10	0
505	5 78 15 17	1	-1	0
506	3 84 42 61	1	-1	0
507	18 7 73 69	4	3	0
508	97 91 72 25	4	3	0
509	1 73 43 81	1	-1	0
510	4 39 32 50	1	-1	0
511	56 89 8 37	4	9	0
512	68 75 40 30	2	-1	0
513	51 6 12 18	4	7	0
514	2 17 20 83	1	-1	0
515	10 80 62 19	2	-1	0
516	1 75 76 41	1	-1	0
517	86 96 55 44	3	7	0
518	75 76 36 32	2	-1	0
519	72 99 17 23	4	8	0
520	5 72 68 50	1	-1	0
521	12 55 81 52	2	-1	0
522	10 43 93 57	2	-1	0
523	34 55 97 48	2	-1	0
524	95 36 46 57	4	2	0
525	46 80 94 53	2	-1	0
526	47 79 51 67	2	-1	0
527	60 55 19 41	2	-1	0
528	39 62 52 33	3	7	0
529	25 36 82 83	4	3	0
530	64 39 72 96	4	5	0
531	47 33 87 84	4	4	0
532	3 99 74 78	1	-1	0
533	2 57 6 95	1	-1	0
534	89 68 17 31	4	3	0
535	73 70 78 51	4	3	0
536	28 98 40 73	4	7	0
537	66 7 23 40	2	-1	0
538	38 77 29 23	3	4	0
539	4 40 78 69	1	-1	0
540	11 35 39 67	3	8	0
541	96 47 6 72	4	5	0
542	5 46 63 36	1	-1	0
543	20 36 56 95	4	1	0
544	4 51 18 68	1	-1	0
545	14 39 91 50	2	-1	0
546	5 33 38 89	1	-1	0
547	24 63 60 75	4	10	0
548	5 47 57 29	1	-1	0
549	84 57 73 55	2	-1	0
550	17 95 31 59	2	-1	0
551	61 36 11 31	3	9	0
552	3 63 85 58	1	-1	0
553	74 91 92 8	2	-1	0
554	11 78 69 29	3	3	0
555	66 79 45 48	3	2	0
556	95 69 83 52	2	-1	0
557	24 93 60 58	3	9	0
558	75 77 64 33	2	-1	0
559	50 8 7 72	4	2	0
560	4 89 15 54	1	-1	0
561	13 27 34 35	4	7	0
562	73 82 79 100	4	10	0
563	3 67 73 9	1	-1	0
564	2 93 68 8	1	-1	0
565	3 53 83 17	1	-1	0
566	12 27 42 66	4	8	0
567	4 91 9 83	1	-1	0
568	44 80 57 92	2	-1	0
569	63 66 79 7	4	5	0
570	4 6 13 82	1	-1	0
571	72 59 40 6	2	-1	0
572	73 34 76 15	3	6	0
573	69 96 64 91	4	8	1
574	3 55 6 66	1	-1	0
575	1 100 33 65	1	-1	0
576	68 38 17 100	3	5	0
577	46 99 49 12	2	-1	0
578	62 61 43 10	4	6	0
579	3 73 97 71	1	-1	0
580	5 95 52 75	1	-1	0
581	32 73 31 24	4	5	0
582	82 46 68 92	2	-1	0
583	3 29 30 75	1	-1	0
584	91 55 90 70	4	7	0
585	67 97 56 51	3	3	0
586	6 39 23 83	2	-1	0
587	27 6 19 39	4	2	0
588	5 29 18 84	1	-1	0
589	68 17 78 95	4	1	0
590	34 28 90 48	4	7	0
591	29 47 83 92	4	2	0
592	10 14 70 44	2	-1	0
593	67 8 25 81	2	-1	0
594	56 79 48 28	3	6	0
595	32 90 57 54	3	2	0
596	64 38 8 60	3	1	0
597	5 16 50 45	1	-1	0
598	85 7 75 25	4	9	0
599	50 41 46 34	2	-1	0
600	61 45 23 56	2	-1	0
601	46 28 83 20	3	8	0
602	1 20 73 28	1	-1	0
603	4 86 65 52	1	-1	0
604	94 35 76 12	3	4	0
605	4 86 41 47	1	-1	0
606	12 61 23 77	4	6	0
607	4 17 9 37	1	-1	0
608	100 63 90 86	4	9	0
609	13 30 26 70	4	7	0
610	66 50 43 73	4	6	0
611	40 95 33 62	3	3	0
612	7 52 83 23	3	3	0
613	34 55 48 49	2	-1	0
614	5 75 35 11	1	-1	0
615	69 47 93 42	3	7	0
616	40 61 48 17	2	-1	0
617	74 39 80 31	2	-1	0
618	68 17 53 6	3	6	0
619	19 62 67 83	3	6	0
620	35 53 84 37	4	9	0
621	1 91 56 82	1	-1	0
622	18 52 61 75	4	1	0
623	38 73 68 55	4	9	0
624	5 77 68 55	1	-1	0
625	1 83 98 59	1	-1	0
626	1 58 39 91	1	-1	0
627	14 12 79 86	4	4	0
628	80 90 15 93	3	8	0
629	5 55 53 59	1	-1	0
630	49 74 77 42	2	-1	0
631	32 92 72 59	2	-1	1
632	83 48 73 25	2	-1	0
633	1 7 99 43	1	-1	0
634	96 22 94 28	2	-1	0
635	99 6 8 90	3	2	0
636	89 38 88 55	4	5	0
637	5 81 29 93	1	-1	0
638	1 86 30 39	1	-1	0
639	17 25 41 66	3	3	0
640	83 21 63 62	2	-1	0
641	49 59 73 97	2	-1	0
642	4 49 84 34	1	-1	0
643	3 31 33 55	1	-1	0
644	45 10 39 29	3	2	0
645	99 19 90 70	3	3	0
646	8 99 14 64	4	4	0
647	2 77 36 38	1	-1	0
648	99 42 76 90	3	4	0
649	75 26 71 41	2	-1	0
650	2 65 57 76	1	-1	0
651	33 97 44 81	4	1	0
652	5 61 57 94	1	-1	0
653	11 50 16 49	2	-1	0
654	39 73 16 12	2	-1	0
655	75 69 96 11	3	1	0
656	91 72 56 23	4	8	0
657	81 84 18 86	4	1	0
658	5 26 38 78	1	-1	0
659	3 91 61 86	1	-1	0
660	21 19 79 89	3	1	0
661	72 44 79 39	4	5	0
662	44 87 63 82	3	4	0
663	26 77 48 47	4	6	0
664	3 86 52 29	1	-1	0
665	58 70 32 53	3	6	0
666	76 8 36 54	2	-1	0
667	2 32 100 57	1	-1	0
668	98 34 7 64	4	4	0
669	97 82 35 72	2	-1	0
670	2 93 49 41	1	-1	1
671	72 22 41 87	2	-1	0
672	9 13 27 62	3	6	0
673	5 14 61 10	1	-1	0
674	58 76 61 40	2	-1	0
675	96 56 94 82	2	-1	0
676	58 21 85 26	4	3	0
677	57 76 14 79	3	6	0
678	5 84 92 90	1	-1	0
679	83 39 29 51	3	10	0
680	50 24 46 45	3	2	0
681	24 10 13 99	2	-1	0
682	8 80 27 6	2	-1	0
683	2 41 83 32	1	-1	0
684	58 82 40 30	2	-1	0
685	80 20 65 72	3	10	0
686	2 78 48 10	1	-1	0
687	28 69 90 56	4	9	0
688	1 30 50 44	1	-1	0
689	5 55 99 60	1	-1	0
690	88 30 83 6	2	-1	0
691	4 71 87 42	1	-1	0
692	3 92 41 14	1	-1	0
693	68 28 70 76	2	-1	0
694	2 31 32 19	1	-1	0
695	92 97 23 46	2	-1	0
696	82 61 13 90	2	-1	0
697	59 85 9 12	2	-1	0
698	35 77 11 58	2	-1	0
699	41 36 16 70	4	1	0
700	3 56 80 38	1	-1	0
701	4 72 27 30	1	-1	0
702	63 55 7 86	2	-1	0
703	13 14 92 23	2	-1	0
704	52 53 6 85	2	-1	0
705	24 17 92 62	4	5	0
706	99 48 17 53	2	-1	0
707	1 14 12 73	1	-1	0
708	6 25 92 49	3	5	0
709	62 72 59 56	2	-1	0
710	79 35 90 31	4	6	0
711	10 6 22 67	2	-1	0
712	3 20 41 9	1	-1	0
713	24 76 29 61	4	3	0
714	34 77 17 80	3	7	0
715	2 70 22 50	1	-1	0
716	70 9 76 71	4	3	0
717	18 88 42 55	4	7	0
718	3 16 95 47	1	-1	0
719	3 26 81 7	1	-1	0
720	69 74 19 77	4	2	0
721	53 100 61 38	3	7	0
722	5 96 58 65	1	-1	0
723	55 74 38 10	4	7	0
724	7 43 55 52	3	8	0
725	2 49 40 89	1	-1	0
726	2 18 52 91	1	-1	0
727	30 32 87 41	2	-1	0
728	35 16 58 69	2	-1	0
729	64 39 62 22	2	-1	0
730	4 85 53 30	1	-1	0
731	29 34 86 76	2	-1	0
732	62 55 54 30	3	9	0
733	55 16 84 49	4	10	0
734	36 71 63 26	4	3	0
735	87 86 46 82	4	1	0
736	3 41 100 28	1	-1	0
737	61 49 8 99	2	-1	1
738	26 44 9 79	2	-1	0
739	4 78 93 30	1	-1	0
740	3 81 96 98	1	-1	0
741	1 44 77 32	1	-1	0
742	92 31 25 88	2	-1	0
743	74 18 86 11	3	7	0
744	52 95 27 75	3	6	0
745	43 20 46 23	4	6	0
746	79 10 70 83	2	-1	0
747	2 88 32 90	1	-1	0
748	5 75 8 38	1	-1	0
749	43 78 64 33	2	-1	0
750	2 88 24 78	1	-1	0
751	45 6 76 42	4	5	0
752	66 93 82 7	4	8	0
753	61 76 100 15	4	10	0
754	48 66 31 18	3	10	0
755	36 16 71 65	4	1	0
756	1 60 10 7	1	-1	0
757	64 78 79 75	2	-1	0
758	71 26 80 36	4	3	0
759	68 34 26 6	2	-1	0
760	95 56 40 3	2	-1	0
761	23 27 86 66	3	8	0
762	1 83 81 78	1	-1	0
763	4 92 41 33	1	-1	0
764	11 9 67 93	4	1	0
765	56 21 74 95	3	6	0
766	51 71 35 24	2	-1	0
767	76 87 61 15	2	-1	0
768	65 100 29 9	2	-1	0
769	96 30 100 62	4	3	0
770	2 43 57 19	1	-1	0
771	45 82 61 56	4	10	0
772	20 60 21 47	4	3	0
773	82 46 41 60	2	-1	0
774	2 67 35 19	1	-1	0
775	29 33 46 36	3	10	0
776	4 35 55 14	1	-1	0
777	75 14 63 51	3	4	0
778	32 99 94 68	2	-1	0
779	66 59 24 87	4	4	0
780	48 21 90 7	4	3	0
781	27 11 38 64	3	9	0
782	20 67 87 38	3	2	0
783	46 99 68 7	3	1	0
784	1 51 17 32	1	-1	0
785	4 30 84 82	1	-1	0
786	3 6 19 50	1	-1	0
787	57 55 26 42	4	3	0
788	92 93 22 57	3	9	0
789	4 29 31 2	1	-1	0
790	72 17 76 78	4	2	0
791	63 28 16 47	3	9	0
792	77 89 29 46	2	-1	0
793	89 70 56 93	3	8	0
794	79 43 66 35	2	-1	0
795	2 18 64 42	1	-1	0
796	4 24 42 38	1	-1	0
797	84 46 26 57	3	7	0
798	13 57 46 89	2	-1	0
799	51 87 83 73	4	3	0
800	4 63 39 12	1	-1	0
801	81 44 24 58	3	3	0
802	55 35 10 51	3	9	0
803	58 19 81 49	3	8	0
804	31 64 90 35	4	6	0
805	2 18 11 27	1	-1	0
806	78 8 37 16	2	-1	0
807	43 52 47 14	3	4	0
808	5 22 76 16	1	-1	0
809	76 88 63 43	4	7	0
810	2 81 47 16	1	-1	0
811	89 80 83 28	4	2	0
812	2 25 18 28	1	-1	0
813	7 75 59 36	4	3	0
814	90 70 76 81	2	-1	0
815	67 89 85 79	4	6	0
816	9 52 90 25	2	-1	0
817	1 7 81 79	1	-1	0
818	49 20 12 74	3	7	0
819	62 25 26 48	3	4	0
820	38 84 94 21	4	3	0
821	75 78 70 20	2	-1	0
822	3 48 86 98	1	-1	0
823	65 49 50 100	2	-1	0
824	84 78 79 83	2	-1	0
825	88 61 85 14	4	4	0
826	5 44 15 80	1	-1	0
827	16 87 7 83	4	1	0
828	6 68 42 37	3	6	0
829	2 25 13 74	1	-1	0
830	76 25 30 71	3	8	0
831	6 98 18 85	3	7	0
832	30 76 60 61	3	5	0
833	5 87 47 67	1	-1	0
834	54 65 14 63	3	2	0
835	17 90 53 64	4	6	0
836	52 90 43 38	2	-1	0
837	94 31 92 50	2	-1	0
838	75 30 33 53	3	9	0
839	1 47 93 30	1	-1	0
840	1 65 22 96	1	-1	0
841	5 17 54 63	1	-1	0
842	93 40 59 49	3	1	0
843	5 85 24 55	1	-1	0
844	2 98 75 6	1	-1	0
845	77 22 32 84	3	4	0
846	51 81 79 21	4	8	0
847	3 94 68 44	1	-1	0
848	93 72 20 15	3	4	0
849	34 75 69 13	3	8	0
850	96 78 95 57	4	3	0
851	64 83 14 6	2	-1	0
852	5 30 55 83	1	-1	0
853	29 74 21 63	3	8	0
854	89 21 28 92	4	4	0
855	98 51 10 53	2	-1	0
856	64 90 41 67	2	-1	0
857	27 26 25 6	4	5	0
858	73 17 12 27	3	3	0
859	5 34 59 31	1	-1	0
860	88 22 45 94	2	-1	0
861	83 21 95 71	3	2	0
862	35 14 61 24	4	5	0
863	7 23 45 13	2	-1	0
864	3 58 36 29	1	-1	0
865	5 64 81 56	1	-1	1
866	28 35 90 33	4	7	0
867	80 50 51 53	4	1	0
868	3 20 55 40	1	-1	0
869	36 55 68 71	2	-1	0
870	92 44 20 56	2	-1	0
871	3 36 9 20	1	-1	0
872	56 75 46 91	4	10	0
873	94 59 63 98	2	-1	0
874	5 31 35 59	1	-1	0
875	18 75 11 51	3	7	0
876	86 55 13 95	4	6	0
877	3 69 46 93	1	-1	0
878	43 17 85 21	2	-1	0
879	51 95 64 21	3	3	0
880	98 57 90 82	3	7	0
881	4 16 12 51	1	-1	0
882	1 68 72 67	1	-1	0
883	88 36 39 59	3	4	0
884	2 87 69 21	1	-1	0
885	24 13 41 15	2	-1	0
886	84 45 34 31	4	9	0
887	30 46 33 99	3	6	0
888	71 34 77 54	3	6	0
889	88 19 27 98	2	-1	0
890	66 67 65 21	3	6	0
891	11 55 84 66	2	-1	0
892	4 34 46 88	1	-1	0
893	8 94 78 72	3	7	0
894	75 66 38 40	4	10	1
895	49 59 46 76	3	7	0
896	5 82 40 52	1	-1	0
897	1 41 87 65	1	-1	0
898	1 40 13 59	1	-1	0
899	34 23 64 43	3	7	0
900	1 77 94 44	1	-1	0
901	86 39 48 23	2	-1	0
902	30 67 16 33	4	7	0
903	70 94 38 32	4	3	0
904	2 20 13 89	1	-1	0
905	88 39 27 34	2	-1	0
906	24 100 38 11	4	2	0
907	96 65 81 92	2	-1	0
908	77 64 95 74	4	10	0
909	4 60 17 13	1	-1	0
910	94 69 41 7	2	-1	0
911	84 54 32 63	3	5	0
912	97 83 37 35	4	3	0
913	94 16 99 11	2	-1	0
914	8 43 78 17	2	-1	0
915	3 35 82 51	1	-1	0
916	1 87 92 53	1	-1	0
917	1 93 20 31	1	-1	0
918	10 7 31 49	3	8	0
919	77 98 12 52	4	1	0
920	21 39 53 74	4	10	0
921	91 77 45 68	2	-1	0
922	62 43 100 57	4	1	0
923	30 60 38 52	4	7	0
924	80 37 77 22	2	-1	0
925	2 65 93 76	1	-1	0
926	52 69 28 50	2	-1	0
927	4 25 13 58	1	-1	0
928	69 62 92 96	2	-1	0
929	5 30 86 76	1	-1	0
930	29 87 58 13	2	-1	0
931	39 73 34 87	2	-1	0
932	33 100 24 46	3	4	0
933	93 72 27 90	4	2	0
934	60 99 46 48	2	-1	0
935	19 73 80 78	2	-1	0
936	47 38 64 20	3	1	0
937	39 7 48 20	2	-1	0
938	100 54 85 78	3	8	0
939	15 95 94 32	4	2	0
940	87 73 15 40	3	9	0
941	4 72 55 75	1	-1	0
942	1 95 99 29	1	-1	0
943	2 98 77 66	1	-1	0
944	14 68 60 98	2	-1	0
945	2 8 31 78	1	-1	0
946	35 89 77 57	4	9	0
947	75 20 47 40	3	5	0
948	38 35 99 60	4	4	0
949	24 89 88 22	4	6	0
950	52 43 70 61	4	5	0
951	75 7 83 18	2	-1	0
952	1 37 56 96	1	-1	0
953	75 96 18 32	4	10	0
954	3 40 51 9	1	-1	0
955	89 73 56 60	4	10	0
956	72 49 52 24	4	3	0
957	60 9 68 64	4	7	0
958	5 48 86 49	1	-1	0
959	65 9 57 7	2	-1	0
960	98 13 66 80	4	1	0
961	1 74 38 62	1	-1	0
962	49 23 21 44	3	10	0
963	51 28 76 27	2	-1	0
964	97 28 44 94	2	-1	0
965	100 66 68 12	2	-1	0
966	5 78 10 14	1	-1	0
967	56 11 7 12	4	9	0
968	62 19 68 86	2	-1	0
969	12 66 76 95	2	-1	0
970	3 38 91 64	1	-1	0
971	69 79 18 92	4	10	0
972	85 14 31 63	4	7	0
973	1 43 29 34	1	-1	0
974	91 36 52 75	2	-1	0
975	5 100 83 8	1	-1	0
976	39 72 73 20	4	10	0
977	5 62 28 20	1	-1	0
978	1 86 99 78	1	-1	0
979	33 23 89 48	3	5	0
980	69 33 9 71	2	-1	0
981	98 74 34 78	4	3	0
982	66 83 82 49	3	5	0
983	26 92 69 19	4	2	0
984	20 51 29 91	2	-1	0
985	14 82 35 27	2	-1	0
986	81 13 37 84	2	-1	0
987	49 92 33 98	4	5	0
988	52 86 72 64	4	6	0
989	25 29 38 37	4	3	0
990	22 30 67 97	2	-1	0
991	43 72 65 31	2	-1	0
992	70 60 100 98	3	2	0
993	25 10 16 35	3	10	0
994	29 35 19 98	2	-1	0
995	77 39 95 76	3	4	0
996	5 49 48 33	1	-1	0
997	14 29 85 8	2	-1	0
998	17 41 29 83	2	-1	0
999	71 48 82 60	3	9	0
1000	94 84 32 20	4	10	0
