Students	1000
1	3 85 40 48	1	-1	0
2	56 87 23 27	4	3	0
3	22 46 64 81	2	-1	0
4	5 62 37 83	1	-1	0
5	69 78 81 44	4	7	0
6	75 27 34 19	3	9	0
7	18 34 24 29	3	5	0
8	13 14 69 32	3	7	0
9	26 91 66 7	4	2	0
10	73 16 56 42	4	4	0
11	5 58 62 88	1	-1	0
12	78 16 68 69	2	-1	0
13	2 82 9 47	1	-1	0
14	38 100 6 53	4	6	0
15	49 61 66 57	2	-1	0
16	45 100 57 99	3	2	0
17	78 44 76 24	2	-1	0
18	2 10 33 19	1	-1	0
19	70 47 64 12	2	-1	0
20	67 55 44 25	2	-1	0
21	78 34 97 8	4	9	0
22	50 51 71 53	2	-1	0
23	9 41 10 62	2	-1	0
24	8 62 48 22	2	-1	0
25	62 20 59 30	4	7	0
26	10 22 19 69	4	7	0
27	88 80 56 52	4	6	0
28	84 21 62 69	4	9	0
29	2 47 15 56	1	-1	0
30	4 95 58 60	1	-1	0
31	5 42 13 95	1	-1	0
32	46 95 13 68	2	-1	0
33	66 57 34 91	2	-1	0
34	70 47 86 94	3	3	0
35	19 15 11 56	4	3	0
36	4 88 54 91	1	-1	0
37	33 68 84 94	4	2	0
38	66 6 35 60	4	4	0
39	24 52 43 64	3	6	0
40	3 20 7 81	1	-1	0
41	62 96 22 56	4	1	0
42	40 24 83 19	3	2	0
43	4 76 85 14	1	-1	0
44	1 83 9 88	1	-1	0
45	34 56 62 88	4	5	0
46	28 43 16 44	3	2	0
47	2 20 58 43	1	-1	0
48	12 80 10 33	2	-1	0
49	100 55 76 48	4	4	0
50	39 95 67 80	4	1	0
51	87 67 17 79	3	1	0
52	4 24 11 90	1	-1	0
53	59 10 24 75	4	2	0
54	8 79 97 13	4	10	0
55	82 47 53 14	2	-1	0
56	79 83 40 30	4	10	0
57	1 92 98 95	1	-1	0
58	11 30 48 99	2	-1	0
59	33 54 36 67	4	10	0
60	15 79 21 11	2	-1	0
61	16 18 54 24	2	-1	0
62	85 92 38 81	4	4	0
63	1 43 48 39	1	-1	0
64	1 44 39 56	1	-1	0
65	61 33 71 31	3	10	0
66	93 27 40 72	3	9	0
67	76 91 52 12	2	-1	0
68	57 44 10 24	3	9	0
69	18 41 93 35	2	-1	0
70	3 42 90 44	1	-1	0
71	2 39 86 9	1	-1	0
72	14 29 64 88	3	6	0
73	78 10 34 13	3	5	0
74	38 64 92 15	4	1	0
75	32 51 79 39	4	6	0
76	3 55 61 10	1	-1	0
77	5 40 28 98	1	-1	0
78	54 32 20 29	4	3	0
79	1 63 73 38	1	-1	0
80	6 49 77 7	4	4	0
81	1 56 55 65	1	-1	0
82	96 20 38 47	4	5	0
83	62 100 54 34	4	5	0
84	90 96 45 84	2	-1	0
85	11 30 34 12	3	8	0
86	13 94 35 46	4	8	0
87	80 37 40 10	3	7	0
88	78 74 6 64	3	8	0
89	86 40 81 47	4	5	0
90	15 72 58 47	4	9	0
91	3 41 78 48	1	-1	0
92	28 35 19 29	4	10	0
93	74 54 52 59	2	-1	0
94	71 96 88 67	2	-1	0
95	48 80 47 34	3	4	0
96	3 75 14 45	1	-1	0
97	31 40 60 43	2	-1	0
98	3 63 23 83	1	-1	0
99	4 65 67 15	1	-1	0
100	18 36 83 97	3	7	0
101	69 14 18 78	3	5	0
102	3 98 25 7	1	-1	0
103	31 85 33 40	2	-1	0
104	1 81 68 82	1	-1	0
105	1 39 36 81	1	-1	0
106	46 29 18 90	2	-1	0
107	4 99 83 6	1	-1	0
108	59 18 71 66	4	5	0
109	58 30 16 40	2	-1	0
110	8 56 10 35	3	8	0
111	77 15 46 92	4	5	0
112	17 13 50 82	4	6	0
113	64 85 73 71	2	-1	0
114	4 41 52 64	1	-1	0
115	3 11 97 55	1	-1	0
116	73 8 84 64	3	1	0
117	1 59 97 10	1	-1	0
118	5 73 90 65	1	-1	0
119	78 32 59 40	2	-1	0
120	68 97 67 63	3	1	0
121	54 94 98 87	3	10	0
122	1 52 75 82	1	-1	0
123	4 66 69 47	1	-1	0
124	16 76 35 49	3	7	0
125	2 10 62 97	1	-1	0
126	49 95 92 15	2	-1	0
127	45 96 51 9	2	-1	0
128	20 42 74 58	2	-1	0
129	81 34 15 8	4	5	0
130	17 44 98 67	2	-1	0
131	92 39 50 93	3	6	0
132	19 73 55 29	4	5	0
133	40 72 50 53	3	1	0
134	50 28 81 89	2	-1	0
135	5 96 92 25	1	-1	0
136	97 14 36 92	4	9	0
137	4 16 19 64	1	-1	0
138	2 96 14 29	1	-1	0
139	100 66 60 24	3	2	0
140	85 92 62 24	4	5	0
141	40 55 39 14	4	10	0
142	86 6 20 33	4	10	0
143	12 69 57 59	4	8	0
144	27 65 43 90	4	1	0
145	49 92 65 78	2	-1	0
146	4 8 18 15	1	-1	0
147	5 39 30 76	1	-1	0
148	44 39 32 91	2	-1	0
149	47 91 96 12	4	2	0
150	4 17 60 7	1	-1	0
151	59 37 32 67	2	-1	0
152	60 68 80 75	3	9	0
153	80 11 15 60	2	-1	0
154	1 64 46 11	1	-1	0
155	44 73 56 33	4	4	0
156	3 60 78 68	1	-1	0
157	15 35 74 100	3	3	0
158	24 10 19 82	2	-1	0
159	1 83 30 7	1	-1	0
160	5 77 75 72	1	-1	0
161	58 17 47 60	3	6	0
162	14 95 17 44	4	8	0
163	2 10 17 50	1	-1	0
164	2 73 27 57	1	-1	0
165	12 34 78 75	3	10	0
166	94 68 85 54	4	2	0
167	1 45 22 96	1	-1	0
168	63 53 11 52	3	9	0
169	77 35 44 28	2	-1	0
170	97 33 18 60	4	6	0
171	14 9 43 6	3	4	0
172	94 67 95 15	2	-1	0
173	45 36 91 12	2	-1	0
174	26 81 51 61	3	1	0
175	6 16 47 32	3	1	0
176	44 97 55 26	2	-1	0
177	18 64 12 99	2	-1	0
178	3 61 6 82	1	-1	0
179	3 38 19 76	1	-1	0
180	27 37 87 96	3	8	0
181	49 77 34 60	3	2	0
182	3 17 44 47	1	-1	0
183	69 16 13 57	2	-1	0
184	18 46 5 52	4	2	0
185	35 26 12 9	4	1	0
186	99 29 11 95	2	-1	0
187	2 36 19 77	1	-1	0
188	89 25 90 77	3	8	0
189	16 92 62 71	2	-1	0
190	84 55 38 17	3	8	0
191	2 67 36 55	1	-1	0
192	70 19 11 52	4	8	0
193	87 97 53 36	4	8	0
194	1 25 14 79	1	-1	0
195	61 86 62 71	3	10	0
196	53 46 89 48	2	-1	0
197	5 17 34 60	1	-1	0
198	80 41 100 70	4	4	0
199	1 7 15 42	1	-1	0
200	5 73 71 20	1	-1	0
201	2 60 36 69	1	-1	0
202	26 35 70 90	3	4	0
203	50 35 33 20	2	-1	0
204	14 21 73 82	3	9	0
205	3 16 18 50	1	-1	0
206	81 66 10 45	3	10	0
207	5 11 77 84	1	-1	0
208	5 55 13 69	1	-1	0
209	68 85 20 69	4	7	0
210	2 53 29 41	1	-1	0
211	79 64 9 45	2	-1	0
212	54 74 73 64	4	7	0
213	5 30 80 94	1	-1	0
214	93 14 78 26	2	-1	0
215	83 79 64 18	3	9	0
216	71 68 30 59	2	-1	0
217	79 64 83 30	3	9	0
218	89 63 30 94	2	-1	0
219	25 16 39 82	4	5	0
220	64 24 39 50	4	4	0
221	60 6 52 37	4	3	0
222	56 36 61 20	3	1	0
223	28 11 84 59	3	8	0
224	27 48 63 68	2	-1	0
225	76 6 71 13	3	7	0
226	30 92 50 69	2	-1	0
227	40 46 88 77	4	6	0
228	17 38 88 26	2	-1	0
229	26 73 75 8	2	-1	0
230	4 59 25 35	1	-1	0
231	90 26 14 9	2	-1	0
232	75 14 34 82	3	4	0
233	3 81 86 76	1	-1	0
234	19 57 72 16	4	4	0
235	41 67 27 65	3	7	0
236	16 99 92 9	4	4	0
237	8 86 88 50	4	9	0
238	1 89 73 19	1	-1	0
239	16 15 23 20	4	9	0
240	2 13 41 55	1	-1	0
241	52 60 91 84	4	2	0
242	85 75 83 71	2	-1	0
243	36 97 7 44	2	-1	0
244	59 76 61 52	4	9	0
245	78 36 83 55	4	8	0
246	22 79 95 38	2	-1	0
247	89 65 11 96	2	-1	0
248	81 18 68 27	2	-1	0
249	61 88 50 39	2	-1	0
250	42 70 33 81	3	5	0
251	7 96 99 47	3	8	0
252	1 76 93 28	1	-1	0
253	2 81 8 53	1	-1	0
254	1 36 90 34	1	-1	0
255	66 39 65 72	2	-1	0
256	82 72 65 86	3	7	0
257	5 16 15 48	1	-1	0
258	18 91 77 55	2	-1	0
259	26 66 30 81	4	9	0
260	62 46 85 19	4	9	0
261	54 49 58 7	3	10	0
262	3 84 53 78	1	-1	0
263	77 89 60 76	3	9	0
264	81 15 7 44	2	-1	0
265	2 78 70 94	1	-1	0
266	97 78 84 68	3	4	0
267	32 18 87 60	4	5	0
268	85 56 82 67	2	-1	0
269	73 42 15 7	2	-1	0
270	11 73 42 36	4	2	0
271	16 24 92 45	2	-1	0
272	63 92 58 100	4	1	0
273	83 44 97 29	3	5	0
274	71 63 48 27	4	6	0
275	52 97 34 87	2	-1	0
276	2 69 35 74	1	-1	0
277	11 82 72 60	4	6	0
278	70 34 92 39	2	-1	0
279	1 53 94 14	1	-1	0
280	63 16 12 57	2	-1	0
281	84 70 45 34	4	10	0
282	80 48 91 58	2	-1	0
283	17 55 36 39	3	9	0
284	2 27 80 87	1	-1	0
285	53 81 76 75	4	7	0
286	40 76 41 26	3	3	0
287	68 24 17 33	2	-1	0
288	89 49 81 44	4	2	0
289	82 53 38 18	2	-1	0
290	65 18 71 42	4	8	0
291	21 10 32 30	3	3	0
292	59 7 99 100	3	10	0
293	36 89 8 16	3	10	0
294	49 63 75 46	2	-1	0
295	71 98 35 19	2	-1	0
296	13 53 46 89	4	4	0
297	75 78 80 44	3	8	0
298	89 24 98 45	2	-1	0
299	95 28 86 41	3	6	0
300	72 93 23 99	4	9	0
301	37 78 96 41	4	2	0
302	20 25 92 13	2	-1	0
303	12 47 92 57	4	1	0
304	8 42 15 39	3	2	0
305	5 67 20 89	1	-1	0
306	8 76 87 42	4	9	0
307	4 94 50 43	1	-1	0
308	92 42 14 40	3	9	0
309	19 62 81 26	3	10	0
310	1 93 53 76	1	-1	0
311	12 69 20 90	2	-1	0
312	100 94 83 56	3	3	0
313	3 48 45 80	1	-1	0
314	25 31 90 21	2	-1	0
315	28 64 66 31	2	-1	0
316	54 21 40 53	4	7	0
317	56 26 70 6	2	-1	0
318	79 98 68 83	4	8	0
319	73 17 88 21	2	-1	0
320	58 62 47 38	2	-1	0
321	5 82 26 85	1	-1	0
322	85 32 15 19	3	2	0
323	51 70 64 31	3	8	0
324	7 83 26 42	2	-1	0
325	32 19 71 68	2	-1	0
326	65 66 38 85	4	5	0
327	63 38 13 74	3	9	0
328	34 63 87 42	3	8	0
329	55 20 44 63	3	6	0
330	51 57 21 56	4	8	0
331	36 49 50 69	3	10	0
332	76 54 58 29	4	8	0
333	44 28 66 41	2	-1	0
334	74 42 7 89	2	-1	0
335	97 21 48 47	3	1	0
336	86 44 97 58	2	-1	0
337	25 33 14 66	3	6	0
338	5 29 76 86	1	-1	0
339	2 71 27 55	1	-1	0
340	1 40 43 60	1	-1	0
341	92 100 95 97	2	-1	0
342	100 80 27 13	4	6	0
343	2 41 58 92	1	-1	0
344	44 49 8 22	2	-1	0
345	53 52 50 31	2	-1	0
346	81 43 100 89	2	-1	0
347	2 7 17 13	1	-1	0
348	19 12 57 29	4	10	0
349	57 100 77 28	2	-1	0
350	60 59 7 12	4	2	0
351	33 28 95 20	4	8	0
352	81 92 16 80	2	-1	0
353	39 99 12 81	2	-1	0
354	80 35 30 66	3	2	0
355	47 79 20 22	4	8	0
356	2 96 49 43	1	-1	0
357	3 19 52 71	1	-1	0
358	50 95 73 51	3	3	0
359	87 17 69 92	4	6	0
360	9 30 80 20	2	-1	0
361	62 43 76 20	4	3	0
362	40 94 89 98	2	-1	0
363	53 6 21 72	3	5	0
364	25 92 81 53	3	7	0
365	88 34 30 60	3	10	0
366	25 44 41 30	2	-1	0
367	39 63 28 75	4	8	0
368	59 93 15 40	3	2	0
369	49 17 81 63	3	8	0
370	58 43 57 87	4	4	0
371	78 18 52 6	2	-1	0
372	4 45 34 67	1	-1	0
373	20 21 44 59	4	7	0
374	68 59 51 30	3	3	0
375	63 36 15 61	4	7	0
376	45 86 54 96	2	-1	0
377	85 24 83 98	4	10	0
378	68 31 61 87	4	4	0
379	36 71 73 46	3	2	0
380	56 10 23 41	3	2	0
381	26 70 84 85	4	5	0
382	4 92 40 15	1	-1	0
383	54 32 92 45	3	3	0
384	5 74 99 21	1	-1	0
385	29 58 19 35	4	1	0
386	69 26 86 15	3	5	0
387	57 40 36 100	3	2	0
388	87 93 44 62	3	10	0
389	62 96 57 42	4	8	0
390	73 59 83 93	2	-1	0
391	17 7 16 50	3	8	0
392	34 14 11 39	2	-1	0
393	13 49 98 85	3	4	0
394	96 98 62 95	2	-1	0
395	83 65 12 6	3	10	0
396	49 69 16 43	4	5	0
397	37 45 75 62	2	-1	0
398	98 97 76 65	2	-1	0
399	50 52 32 75	2	-1	0
400	11 60 39 51	4	6	0
401	15 92 29 72	4	9	0
402	99 58 52 84	2	-1	0
403	5 18 60 98	1	-1	0
404	3 54 87 34	1	-1	0
405	36 29 88 79	2	-1	0
406	13 73 80 66	4	6	0
407	48 67 21 55	3	7	0
408	5 51 53 76	1	-1	0
409	4 25 27 69	1	-1	0
410	15 27 74 73	4	5	0
411	99 12 42 93	3	9	0
412	24 56 93 33	3	6	0
413	49 95 81 40	4	5	0
414	5 87 46 9	1	-1	0
415	43 62 76 33	2	-1	0
416	83 44 48 96	4	3	0
417	55 68 16 80	2	-1	0
418	99 100 83 47	2	-1	0
419	27 75 38 93	3	3	0
420	76 30 46 64	2	-1	0
421	6 87 48 8	4	1	0
422	73 25 37 44	2	-1	0
423	30 83 97 33	2	-1	0
424	20 69 35 11	4	1	0
425	63 8 78 59	3	7	0
426	1 76 47 53	1	-1	0
427	3 8 93 66	1	-1	0
428	55 38 91 99	3	5	0
429	24 34 39 32	2	-1	0
430	24 57 16 9	3	1	0
431	68 87 16 37	3	9	0
432	48 69 88 40	2	-1	0
433	23 89 16 46	3	5	0
434	2 65 60 41	1	-1	0
435	63 48 60 9	2	-1	0
436	31 68 52 53	2	-1	0
437	72 20 39 97	3	1	0
438	5 75 46 42	1	-1	0
439	3 13 62 58	1	-1	0
440	4 97 88 24	1	-1	0
441	3 76 45 78	1	-1	0
442	42 67 91 77	4	1	0
443	79 71 78 37	2	-1	0
444	99 81 30 25	2	-1	0
445	73 90 84 88	3	8	0
446	57 38 65 25	2	-1	0
447	32 67 100 52	2	-1	0
448	23 15 10 95	3	3	0
449	2 48 21 67	1	-1	0
450	26 6 9 92	4	9	0
451	3 68 89 16	1	-1	0
452	9 89 45 12	2	-1	0
453	30 35 59 25	4	9	0
454	68 75 7 26	4	3	0
455	71 98 29 78	3	2	0
456	2 99 42 37	1	-1	0
457	3 67 73 54	1	-1	0
458	5 48 27 64	1	-1	0
459	25 36 37 57	4	5	0
460	26 40 6 61	3	4	0
461	26 93 91 84	4	9	0
462	62 50 73 20	2	-1	0
463	24 38 55 42	2	-1	0
464	17 74 86 64	3	10	0
465	85 59 93 71	2	-1	0
466	9 96 34 73	2	-1	0
467	25 85 56 58	4	6	0
468	43 10 88 55	4	3	0
469	15 33 6 52	4	4	0
470	71 93 50 58	2	-1	0
471	63 26 79 44	2	-1	0
472	50 72 68 84	4	10	0
473	4 95 28 34	1	-1	0
474	14 22 83 34	2	-1	0
475	4 62 74 90	1	-1	0
476	76 41 29 49	2	-1	0
477	99 29 32 73	2	-1	0
478	92 13 73 19	4	6	0
479	48 76 66 69	3	2	0
480	4 97 78 58	1	-1	0
481	44 77 69 76	4	7	0
482	48 60 97 86	3	6	0
483	85 63 26 27	4	8	0
484	1 82 55 35	1	-1	0
485	51 69 44 26	3	8	0
486	72 6 59 9	2	-1	0
487	5 41 38 88	1	-1	0
488	92 32 68 100	2	-1	0
489	4 68 65 90	1	-1	0
490	43 39 72 82	2	-1	0
491	80 91 62 92	2	-1	0
492	1 26 91 58	1	-1	0
493	67 81 48 39	4	5	0
494	11 69 40 74	4	4	0
495	62 71 61 39	3	9	0
496	22 64 58 92	4	1	0
497	99 8 70 93	2	-1	0
498	75 38 54 56	3	1	0
499	73 92 38 60	4	7	0
500	68 39 28 13	2	-1	0
501	26 75 48 88	4	7	0
502	39 54 32 46	3	3	0
503	36 20 33 31	2	-1	0
504	2 16 20 38	1	-1	0
505	1 41 76 25	1	-1	0
506	19 61 42 44	2	-1	0
507	50 94 85 11	3	8	0
508	21 89 57 46	3	1	0
509	4 19 98 37	1	-1	0
510	1 95 10 56	1	-1	0
511	97 85 34 72	4	9	0
512	1 23 66 49	1	-1	0
513	71 100 40 26	2	-1	0
514	16 91 61 63	2	-1	0
515	28 14 57 56	4	3	0
516	8 56 29 44	4	10	1
517	5 42 91 51	1	-1	0
518	6 73 88 33	4	9	0
519	42 34 84 53	4	7	0
520	8 55 41 57	3	10	0
521	6 78 27 64	4	1	0
522	75 55 98 94	4	10	0
523	34 57 37 94	2	-1	0
524	1 67 35 61	1	-1	0
525	47 80 94 29	2	-1	0
526	53 32 58 57	4	9	0
527	19 9 93 77	4	6	0
528	73 56 25 30	4	4	0
529	51 78 32 24	3	5	0
530	79 47 64 53	2	-1	0
531	32 50 6 89	4	8	0
532	77 49 31 12	3	1	0
533	38 39 46 47	2	-1	0
534	2 11 73 88	1	-1	0
535	49 92 19 47	2	-1	0
536	19 81 10 30	3	1	0
537	46 22 32 94	2	-1	0
538	1 44 95 10	1	-1	0
539	62 63 49 67	2	-1	0
540	35 27 33 38	2	-1	0
541	61 58 93 85	3	10	0
542	40 65 10 21	2	-1	0
543	41 64 32 55	3	3	0
544	66 11 89 65	4	5	0
545	95 79 52 51	4	1	0
546	41 9 64 44	2	-1	0
547	1 27 31 24	1	-1	0
548	13 87 32 63	4	3	0
549	63 13 94 7	4	10	0
550	8 20 84 34	3	8	1
551	90 76 27 14	3	9	0
552	87 25 46 35	4	2	0
553	6 88 30 55	4	1	0
554	87 37 80 49	3	2	0
555	53 62 63 79	2	-1	0
556	50 30 89 10	2	-1	0
557	53 40 28 14	4	9	0
558	56 86 76 37	2	-1	0
559	63 12 43 24	3	5	0
560	53 8 25 80	2	-1	0
561	69 92 79 28	2	-1	0
562	24 23 72 43	4	9	0
563	72 70 69 22	3	8	0
564	58 56 77 89	4	7	0
565	90 55 20 96	2	-1	0
566	74 43 56 77	3	7	0
567	9 65 22 89	3	8	1
568	75 19 26 34	3	10	0
569	6 67 92 93	2	-1	0
570	79 58 6 59	2	-1	0
571	52 46 99 42	3	4	0
572	49 77 40 46	3	7	0
573	19 86 13 26	3	1	0
574	1 100 60 98	1	-1	0
575	44 51 61 56	2	-1	0
576	2 97 39 52	1	-1	0
577	5 96 48 11	1	-1	0
578	44 68 59 61	4	6	0
579	98 14 56 43	2	-1	0
580	65 78 19 54	3	8	0
581	2 79 14 42	1	-1	0
582	34 43 88 22	3	8	0
583	4 24 49 27	1	-1	0
584	14 82 18 35	3	5	0
585	93 74 92 35	3	2	0
586	1 8 21 65	1	-1	0
587	13 14 82 44	3	5	0
588	5 100 32 90	1	-1	0
589	89 32 73 40	2	-1	0
590	48 37 51 90	2	-1	0
591	1 51 87 22	1	-1	0
592	34 85 82 83	2	-1	0
593	50 37 25 14	3	3	0
594	88 93 11 29	4	1	0
595	97 31 100 19	3	4	0
596	34 47 17 78	3	5	0
597	43 31 49 96	4	7	0
598	2 54 99 27	1	-1	0
599	28 14 42 75	2	-1	0
600	3 7 62 26	1	-1	0
601	76 57 11 47	4	4	0
602	98 51 66 35	2	-1	0
603	5 42 36 48	1	-1	0
604	41 12 23 95	3	3	0
605	34 54 46 92	4	9	0
606	20 89 35 82	2	-1	0
607	2 20 49 95	1	-1	0
608	19 25 29 15	3	5	0
609	56 9 80 60	4	9	0
610	4 82 69 29	1	-1	0
611	69 35 61 51	3	10	0
612	4 68 27 30	1	-1	0
613	22 89 42 19	4	5	0
614	68 15 43 28	2	-1	0
615	25 80 8 51	3	10	0
616	53 99 77 15	2	-1	0
617	50 20 84 31	2	-1	0
618	19 52 60 97	2	-1	0
619	78 53 88 32	4	5	0
620	76 87 67 44	3	4	0
621	27 36 64 25	4	6	0
622	26 43 100 71	4	4	0
623	1 42 82 9	1	-1	0
624	35 99 61 96	4	2	0
625	4 46 84 56	1	-1	0
626	69 19 58 93	4	7	0
627	9 76 10 51	3	9	0
628	66 71 19 77	3	10	0
629	51 16 27 54	4	4	0
630	45 79 33 15	4	2	0
631	2 96 52 45	1	-1	0
632	4 100 10 41	1	-1	0
633	63 31 65 46	2	-1	0
634	1 78 68 33	1	-1	0
635	64 85 68 66	2	-1	0
636	76 40 58 6	2	-1	0
637	82 34 30 68	2	-1	0
638	2 99 15 89	1	-1	0
639	18 31 19 97	3	7	0
640	85 56 20 26	3	3	0
641	36 91 85 46	4	7	0
642	99 75 11 25	3	4	0
643	94 29 37 9	3	10	0
644	86 42 57 66	4	10	0
645	75 23 14 35	3	6	0
646	1 96 53 72	1	-1	0
647	2 84 74 57	1	-1	0
648	15 41 98 30	4	8	0
649	81 96 21 33	3	9	0
650	22 23 36 87	2	-1	0
651	5 50 35 38	1	-1	0
652	66 17 10 20	2	-1	0
653	24 31 52 38	2	-1	0
654	56 77 87 24	4	1	0
655	74 95 66 51	2	-1	0
656	72 86 51 56	2	-1	0
657	2 57 91 21	1	-1	0
658	76 15 51 28	3	6	0
659	1 57 69 75	1	-1	0
660	4 63 12 38	1	-1	0
661	34 90 50 58	4	6	0
662	59 70 17 79	2	-1	0
663	54 91 59 46	4	7	0
664	1 63 12 91	1	-1	0
665	60 52 38 27	2	-1	0
666	38 79 65 36	2	-1	0
667	86 38 29 73	4	3	0
668	97 21 78 9	2	-1	0
669	64 49 76 53	3	1	0
670	29 25 14 84	4	9	0
671	71 81 90 39	4	8	0
672	2 52 58 12	1	-1	0
673	69 67 85 38	4	4	0
674	3 63 72 84	1	-1	0
675	3 85 72 43	1	-1	0
676	10 55 28 47	4	7	0
677	4 73 82 55	1	-1	0
678	20 59 79 40	3	8	0
679	1 95 28 26	1	-1	0
680	92 10 8 27	4	8	0
681	24 29 80 6	3	5	0
682	78 26 70 47	2	-1	0
683	6 11 68 60	4	3	0
684	48 96 82 90	2	-1	0
685	76 94 16 22	4	1	0
686	76 62 47 36	3	6	0
687	31 37 18 79	3	5	0
688	3 72 19 17	1	-1	0
689	79 89 36 53	3	8	0
690	5 79 29 46	1	-1	0
691	88 7 52 14	4	2	0
692	68 27 47 94	3	2	0
693	6 78 73 71	3	10	0
694	3 94 76 20	1	-1	0
695	1 84 27 12	1	-1	0
696	82 27 44 30	4	2	0
697	29 41 96 42	3	3	0
698	4 11 91 74	1	-1	0
699	17 86 48 23	4	7	0
700	3 53 49 25	1	-1	0
701	11 85 37 54	2	-1	0
702	6 100 85 10	4	3	0
703	1 81 28 83	1	-1	0
704	42 35 55 70	2	-1	0
705	12 46 6 98	4	3	0
706	98 44 63 67	3	3	0
707	45 31 39 60	4	6	0
708	55 6 47 12	2	-1	0
709	82 46 57 9	3	3	0
710	49 23 80 99	2	-1	0
711	56 17 67 16	3	6	0
712	1 82 93 54	1	-1	0
713	5 88 93 22	1	-1	0
714	3 32 39 78	1	-1	0
715	95 6 10 79	3	4	0
716	91 29 96 50	2	-1	0
717	98 85 86 37	2	-1	0
718	3 20 74 48	1	-1	0
719	77 25 30 99	4	10	0
720	1 10 21 46	1	-1	0
721	1 94 100 43	1	-1	0
722	60 70 89 53	3	2	0
723	15 94 23 90	2	-1	0
724	100 58 66 55	2	-1	0
725	3 21 71 89	1	-1	0
726	55 90 88 10	2	-1	0
727	9 91 54 28	4	4	0
728	27 29 37 44	3	6	0
729	2 91 46 92	1	-1	0
730	16 85 30 39	3	3	0
731	23 48 14 92	4	5	0
732	63 35 60 28	4	3	0
733	24 71 56 69	4	1	0
734	10 88 50 31	2	-1	0
735	2 76 33 93	1	-1	0
736	93 74 39 88	4	4	0
737	89 92 27 78	4	2	0
738	44 11 56 62	3	7	0
739	74 63 79 76	2	-1	0
740	29 88 51 14	2	-1	0
741	81 21 13 57	3	9	0
742	61 21 53 27	3	7	0
743	82 62 21 95	4	2	0
744	1 29 87 52	1	-1	0
745	65 63 79 13	2	-1	0
746	3 58 28 27	1	-1	0
747	57 84 35 25	4	7	0
748	14 29 86 16	2	-1	0
749	3 94 84 72	1	-1	0
750	5 53 80 68	1	-1	0
751	27 79 65 17	4	1	0
752	58 19 29 76	3	8	0
753	40 47 75 73	3	3	0
754	84 30 80 22	2	-1	0
755	77 13 23 54	3	9	0
756	50 100 14 60	2	-1	0
757	7 34 32 93	4	9	0
758	31 99 72 89	4	6	0
759	76 49 9 83	2	-1	0
760	1 90 10 11	1	-1	0
761	2 65 27 7	1	-1	0
762	2 71 48 83	1	-1	0
763	54 74 50 94	3	5	0
764	59 78 87 97	3	1	0
765	64 13 80 22	4	2	0
766	3 13 92 44	1	-1	0
767	20 50 84 33	3	4	0
768	3 32 99 48	1	-1	0
769	49 72 90 11	3	3	0
770	64 87 23 63	3	4	0
771	8 26 65 23	2	-1	0
772	1 36 76 91	1	-1	0
773	76 85 16 26	3	6	0
774	3 28 96 55	1	-1	0
775	96 17 83 33	3	7	0
776	43 33 66 48	2	-1	0
777	1 44 39 74	1	-1	0
778	1 78 44 18	1	-1	0
779	5 43 65 86	1	-1	0
780	49 88 76 100	4	3	0
781	4 34 16 35	1	-1	0
782	80 39 66 97	4	6	0
783	100 10 36 26	2	-1	0
784	55 22 9 95	2	-1	0
785	57 40 92 97	3	8	0
786	5 80 52 47	1	-1	0
787	1 100 94 62	1	-1	0
788	4 98 60 66	1	-1	0
789	17 8 76 93	4	9	0
790	34 62 33 90	2	-1	0
791	86 99 6 80	2	-1	0
792	4 56 70 10	1	-1	1
793	40 30 58 6	2	-1	0
794	79 35 69 64	3	8	0
795	53 71 79 39	2	-1	0
796	41 67 94 83	2	-1	0
797	20 38 97 35	3	3	0
798	71 6 66 100	2	-1	0
799	62 36 85 31	2	-1	0
800	1 80 28 54	1	-1	0
801	6 75 80 94	3	4	0
802	80 93 40 98	2	-1	1
803	51 55 89 94	4	3	0
804	87 24 43 46	4	3	0
805	1 55 45 98	1	-1	0
806	88 85 65 77	4	8	0
807	2 50 62 16	1	-1	1
808	40 38 80 24	3	2	0
809	62 42 35 96	2	-1	0
810	62 96 27 95	3	10	0
811	7 9 44 51	3	2	0
812	76 17 46 83	3	8	0
813	85 81 19 10	2	-1	0
814	22 13 42 78	3	8	0
815	92 29 65 21	3	6	0
816	51 69 49 59	4	5	0
817	1 27 91 43	1	-1	0
818	100 82 19 55	4	4	0
819	15 47 76 22	4	9	0
820	4 44 17 60	1	-1	0
821	16 44 62 23	4	4	0
822	83 16 29 74	3	10	0
823	32 50 38 30	2	-1	0
824	23 72 77 80	3	4	0
825	3 74 70 82	1	-1	0
826	4 98 77 12	1	-1	0
827	47 29 62 17	4	4	1
828	3 28 41 53	1	-1	0
829	23 69 90 53	4	5	0
830	38 33 88 58	2	-1	0
831	67 53 48 31	2	-1	0
832	61 10 39 82	4	5	0
833	86 96 68 39	3	4	0
834	58 62 61 54	4	5	0
835	76 41 36 92	2	-1	0
836	3 58 22 32	1	-1	0
837	93 9 58 36	3	4	0
838	4 79 31 87	1	-1	0
839	55 37 95 33	3	4	0
840	19 16 75 73	2	-1	0
841	88 50 31 34	4	8	0
842	4 36 100 32	1	-1	0
843	27 100 43 17	3	8	0
844	15 13 68 7	4	6	0
845	13 70 24 46	4	1	0
846	38 57 24 71	4	8	0
847	54 19 60 85	2	-1	0
848	60 87 89 42	3	6	0
849	74 45 92 93	3	9	0
850	42 99 72 62	2	-1	0
851	21 51 44 29	3	10	0
852	37 12 18 84	3	6	0
853	1 26 75 18	1	-1	0
854	94 100 35 51	4	3	0
855	100 87 30 91	4	9	0
856	82 22 45 23	4	8	0
857	86 74 32 79	3	8	0
858	61 22 15 16	4	6	0
859	81 7 83 23	2	-1	0
860	55 13 76 38	3	1	0
861	72 65 11 100	3	9	0
862	94 86 79 13	3	10	0
863	99 85 34 32	3	5	0
864	80 81 49 63	3	10	0
865	65 74 86 20	2	-1	0
866	16 56 43 27	2	-1	0
867	67 65 82 34	3	10	0
868	4 31 26 7	1	-1	0
869	42 30 70 18	4	8	0
870	99 81 27 76	2	-1	0
871	42 79 40 70	2	-1	0
872	76 14 93 44	3	3	0
873	64 35 52 91	4	1	0
874	75 48 34 14	3	7	0
875	28 61 93 29	4	7	0
876	1 94 16 50	1	-1	0
877	26 86 84 89	3	5	0
878	42 62 18 19	4	9	0
879	21 89 25 61	4	8	0
880	3 20 26 45	1	-1	1
881	60 74 5 46	3	5	0
882	3 16 31 24	1	-1	0
883	3 19 71 22	1	-1	0
884	21 81 41 14	3	1	0
885	32 100 51 94	3	2	0
886	5 99 50 29	1	-1	0
887	40 14 30 25	4	10	0
888	76 81 34 98	2	-1	0
889	43 45 12 87	3	3	0
890	11 14 77 8	4	7	0
891	56 60 75 88	2	-1	0
892	59 33 42 86	4	1	0
893	20 24 8 98	2	-1	0
894	1 56 30 72	1	-1	0
895	11 10 90 7	4	5	0
896	43 35 6 78	2	-1	0
897	55 23 80 98	3	9	0
898	30 26 88 7	4	9	0
899	83 52 89 63	4	1	0
900	66 29 18 100	2	-1	0
901	1 12 40 25	1	-1	0
902	2 16 87 58	1	-1	0
903	100 39 68 18	3	2	0
904	4 15 51 75	1	-1	0
905	43 32 20 88	2	-1	0
906	57 19 6 91	2	-1	0
907	3 53 63 34	1	-1	0
908	9 100 81 37	3	10	0
909	2 34 25 68	1	-1	0
910	5 86 54 72	1	-1	0
911	41 91 76 31	2	-1	0
912	17 27 10 55	2	-1	0
913	13 72 31 65	2	-1	0
914	19 31 51 8	3	7	0
915	56 53 6 46	3	10	0
916	2 36 9 68	1	-1	0
917	53 44 76 98	2	-1	0
918	2 46 88 13	1	-1	1
919	8 45 74 63	2	-1	0
920	95 32 20 83	4	9	1
921	80 65 42 49	2	-1	0
922	1 39 98 56	1	-1	0
923	37 45 30 52	4	5	0
924	66 86 83 46	3	7	0
925	41 26 44 72	4	5	0
926	46 18 16 6	4	5	0
927	21 78 14 45	4	6	0
928	3 17 40 58	1	-1	0
929	46 25 56 28	3	10	0
930	59 85 44 31	4	10	0
931	57 28 79 16	3	1	0
932	52 79 57 72	2	-1	0
933	76 32 13 99	4	10	0
934	56 15 22 81	4	5	0
935	5 38 100 59	1	-1	0
936	5 49 35 76	1	-1	0
937	2 88 91 68	1	-1	0
938	1 84 42 81	1	-1	0
939	2 94 87 35	1	-1	0
940	67 87 50 44	4	6	0
941	52 21 87 37	4	5	0
942	69 58 7 62	4	8	0
943	1 72 57 66	1	-1	0
944	45 57 24 28	3	10	0
945	58 65 85 63	4	3	0
946	92 95 75 10	4	1	0
947	34 32 18 24	4	4	0
948	58 35 92 80	4	9	0
949	92 43 91 21	4	7	0
950	69 7 39 84	4	4	0
951	1 80 62 71	1	-1	0
952	68 91 69 87	4	6	0
953	34 17 28 8	4	1	0
954	5 58 31 75	1	-1	0
955	26 12 24 96	4	10	0
956	100 40 41 58	4	7	0
957	64 93 48 92	2	-1	0
958	4 30 67 99	1	-1	0
959	79 66 64 26	2	-1	0
960	90 95 78 32	3	5	0
961	2 83 15 82	1	-1	0
962	96 25 11 66	4	7	0
963	19 80 32 15	3	8	0
964	19 88 20 27	2	-1	0
965	81 76 91 51	4	6	0
966	66 45 29 8	3	7	0
967	4 86 34 87	1	-1	0
968	95 11 66 47	3	10	0
969	30 34 69 35	3	9	0
970	5 95 7 98	1	-1	0
971	56 23 66 94	4	9	0
972	44 92 74 54	3	1	0
973	3 77 62 37	1	-1	0
974	3 19 98 9	1	-1	0
975	4 47 23 69	1	-1	0
976	80 58 59 39	3	2	0
977	46 57 75 7	3	1	0
978	4 83 68 57	1	-1	0
979	4 18 55 10	1	-1	0
980	5 11 69 28	1	-1	0
981	2 91 11 94	1	-1	0
982	37 56 23 85	2	-1	0
983	4 96 55 58	1	-1	0
984	52 31 97 14	2	-1	0
985	13 25 98 80	2	-1	0
986	23 87 45 24	4	7	0
987	17 12 83 35	4	2	0
988	100 6 85 11	2	-1	0
989	14 68 32 11	2	-1	0
990	48 19 70 83	2	-1	0
991	30 94 100 34	3	10	0
992	56 20 64 37	2	-1	0
993	2 85 31 57	1	-1	0
994	100 40 36 63	2	-1	0
995	21 8 6 36	2	-1	0
996	24 94 78 77	4	8	0
997	44 60 58 85	2	-1	0
998	62 15 72 75	2	-1	0
999	2 93 10 44	1	-1	0
1000	29 13 25 99	4	4	0
