Students	1000
1	82 11 96 68	4	7	0
2	5 94 99 75	1	-1	0
3	74 24 90 45	3	2	0
4	96 89 57 11	2	-1	1
5	61 88 53 78	4	3	0
6	4 30 69 18	1	-1	0
7	30 88 8 79	4	9	0
8	27 30 67 82	3	1	0
9	8 97 58 50	3	1	0
10	42 36 7 43	2	-1	0
11	63 56 24 19	3	9	0
12	77 99 39 76	2	-1	0
13	68 58 52 23	3	10	0
14	1 49 14 96	1	-1	0
15	2 72 79 95	1	-1	0
16	68 23 53 85	4	7	0
17	24 81 71 94	3	5	0
18	3 29 97 38	1	-1	0
19	100 19 88 17	4	9	0
20	43 17 96 82	3	7	0
21	69 14 83 45	4	4	0
22	47 9 80 98	2	-1	0
23	37 14 58 71	3	8	0
24	1 43 6 63	1	-1	0
25	18 39 34 79	4	6	0
26	19 84 57 6	4	2	0
27	9 88 58 95	3	5	0
28	2 47 37 46	1	-1	0
29	94 41 45 71	3	3	0
30	2 87 42 16	1	-1	0
31	51 58 20 40	3	7	0
32	16 62 44 100	2	-1	0
33	61 87 66 40	3	2	0
34	5 92 24 52	1	-1	0
35	35 84 36 81	3	7	0
36	62 40 97 18	3	10	0
37	23 13 80 42	3	10	0
38	4 13 50 60	1	-1	0
39	17 80 65 42	2	-1	0
40	5 71 42 66	1	-1	0
41	99 13 21 81	4	3	0
42	2 68 30 92	1	-1	0
43	31 18 20 41	2	-1	0
44	17 33 70 47	3	1	0
45	36 87 14 89	4	7	0
46	33 86 77 66	4	8	0
47	30 34 75 15	2	-1	0
48	3 42 98 94	1	-1	0
49	71 72 87 70	3	7	0
50	12 51 57 65	4	5	0
51	47 73 31 27	2	-1	0
52	1 88 46 25	1	-1	0
53	75 61 64 18	4	10	0
54	3 96 62 81	1	-1	0
55	54 67 65 73	3	6	0
56	29 46 87 48	2	-1	0
57	79 41 8 73	2	-1	0
58	2 51 23 43	1	-1	0
59	43 86 98 13	3	8	0
60	24 55 51 79	4	9	0
61	2 74 16 97	1	-1	0
62	87 52 84 74	2	-1	0
63	6 75 14 32	4	10	0
64	88 73 96 20	4	8	0
65	12 67 92 13	2	-1	0
66	88 24 84 47	3	8	0
67	4 67 80 23	1	-1	0
68	90 55 19 8	2	-1	0
69	4 75 6 59	1	-1	0
70	20 25 15 65	2	-1	0
71	4 87 75 30	1	-1	0
72	11 6 47 22	4	6	0
73	30 80 21 56	2	-1	0
74	21 43 18 10	4	6	0
75	3 15 40 89	1	-1	0
76	97 6 15 93	2	-1	0
77	87 41 83 54	3	4	0
78	65 8 16 72	4	2	0
79	2 94 50 11	1	-1	0
80	51 64 35 92	3	3	0
81	8 47 80 87	3	2	0
82	88 38 65 32	4	5	0
83	38 70 27 44	4	9	0
84	49 94 37 54	2	-1	0
85	7 40 18 14	3	10	0
86	51 98 56 41	2	-1	0
87	87 97 57 95	2	-1	0
88	82 71 26 78	2	-1	0
89	75 26 98 48	3	7	0
90	88 35 100 9	2	-1	0
91	76 15 53 16	3	6	0
92	5 55 100 30	1	-1	0
93	4 77 75 21	1	-1	0
94	5 76 54 35	1	-1	0
95	91 96 86 72	3	1	0
96	81 21 14 91	3	8	0
97	5 64 19 97	1	-1	0
98	4 67 82 76	1	-1	0
99	9 61 7 49	2	-1	0
100	3 34 41 30	1	-1	0
101	1 64 19 48	1	-1	0
102	3 72 36 87	1	-1	0
103	2 18 49 100	1	-1	0
104	11 93 13 32	4	5	0
105	3 34 84 37	1	-1	0
106	15 20 97 34	4	9	0
107	4 77 44 55	1	-1	0
108	25 44 48 89	2	-1	0
109	97 31 79 60	2	-1	0
110	83 37 23 100	4	10	0
111	7 98 65 94	4	9	0
112	84 10 41 28	2	-1	0
113	87 100 37 32	4	1	0
114	57 27 71 85	2	-1	0
115	20 94 33 82	4	5	0
116	54 16 91 49	4	1	0
117	5 34 50 25	1	-1	0
118	98 86 78 53	2	-1	0
119	2 60 45 18	1	-1	0
120	25 27 35 72	2	-1	0
121	10 76 7 13	4	8	0
122	5 31 33 22	1	-1	0
123	26 50 88 35	2	-1	0
124	85 11 72 83	2	-1	0
125	11 13 85 32	4	8	0
126	73 58 53 19	4	5	0
127	17 53 84 88	2	-1	0
128	4 26 61 8	1	-1	0
129	100 92 31 57	4	2	0
130	64 8 89 55	3	1	0
131	1 53 7 87	1	-1	0
132	40 76 6 69	4	3	0
133	63 19 62 55	4	7	0
134	15 83 68 79	3	10	0
135	86 68 87 80	2	-1	0
136	24 37 64 9	3	3	0
137	31 62 24 94	2	-1	0
138	40 84 54 34	3	1	0
139	53 18 67 54	2	-1	0
140	91 46 14 78	4	1	0
141	50 77 41 99	2	-1	0
142	9 99 82 13	4	2	0
143	80 35 34 85	4	9	0
144	21 34 94 19	3	4	0
145	66 63 77 14	4	8	0
146	9 89 87 60	4	8	0
147	34 61 98 55	4	2	0
148	69 52 7 65	3	3	0
149	79 93 99 28	2	-1	0
150	1 51 68 18	1	-1	0
151	57 27 49 68	4	9	0
152	9 82 84 94	4	5	0
153	58 20 76 37	3	3	0
154	30 65 25 81	3	5	0
155	6 30 15 59	3	7	0
156	80 28 47 67	3	9	0
157	50 8 58 47	4	1	0
158	36 64 76 24	3	5	0
159	71 94 43 64	2	-1	0
160	32 71 37 25	2	-1	0
161	90 69 97 15	4	1	0
162	3 84 87 85	1	-1	0
163	93 36 34 60	4	3	0
164	93 19 31 55	4	4	1
165	62 13 24 67	2	-1	0
166	74 80 47 16	3	1	0
167	83 97 26 100	4	4	0
168	63 41 45 49	2	-1	0
169	82 11 69 84	4	6	0
170	89 70 97 78	3	4	0
171	31 65 97 66	4	5	0
172	53 62 60 39	4	3	0
173	17 42 97 71	4	9	0
174	63 48 97 23	2	-1	0
175	21 100 60 15	4	9	0
176	1 86 11 82	1	-1	0
177	3 16 64 98	1	-1	0
178	55 92 53 88	3	2	0
179	43 98 77 68	3	9	0
180	70 19 78 63	4	3	0
181	72 7 47 23	2	-1	0
182	46 93 78 36	3	7	1
183	26 90 76 10	2	-1	0
184	47 14 67 55	3	9	0
185	2 29 67 66	1	-1	0
186	11 71 44 10	3	4	0
187	43 48 89 18	2	-1	0
188	45 83 33 14	4	2	0
189	48 24 35 17	2	-1	0
190	23 69 20 53	3	4	0
191	58 78 32 70	3	1	0
192	33 91 35 54	4	5	0
193	40 59 54 36	2	-1	0
194	31 50 66 35	3	9	0
195	58 72 81 11	4	7	0
196	33 32 85 75	2	-1	0
197	91 29 65 62	3	2	0
198	6 94 100 78	3	10	0
199	36 26 90 76	2	-1	0
200	100 6 86 48	3	8	0
201	3 29 55 72	1	-1	0
202	49 52 83 19	3	2	0
203	2 74 75 90	1	-1	0
204	89 60 46 50	3	2	0
205	82 32 76 30	2	-1	0
206	40 65 60 72	4	7	0
207	11 45 35 97	3	1	0
208	25 8 64 90	2	-1	0
209	30 34 76 45	4	7	0
210	77 54 23 22	3	7	0
211	1 11 67 76	1	-1	0
212	100 51 54 26	4	1	0
213	67 42 94 20	4	3	0
214	1 59 81 7	1	-1	0
215	23 40 6 84	2	-1	0
216	51 7 97 100	4	2	0
217	3 83 86 100	1	-1	0
218	80 51 13 94	4	9	0
219	2 86 16 35	1	-1	0
220	24 82 46 9	4	8	0
221	95 73 72 51	2	-1	0
222	5 76 74 85	1	-1	0
223	5 94 92 84	1	-1	0
224	44 17 21 85	4	4	0
225	88 75 87 39	4	2	1
226	93 32 19 9	4	8	0
227	16 18 96 30	4	8	0
228	92 91 94 47	3	9	0
229	36 61 40 48	4	3	0
230	3 22 96 40	1	-1	0
231	98 46 11 15	4	7	0
232	41 58 69 79	4	3	0
233	45 15 47 22	4	5	0
234	85 74 69 60	2	-1	0
235	35 94 44 58	3	1	0
236	68 67 47 14	2	-1	0
237	96 58 6 21	3	8	0
238	2 59 28 53	1	-1	0
239	18 35 12 32	2	-1	0
240	27 40 52 38	3	1	0
241	44 90 10 74	3	8	0
242	22 66 41 72	3	4	0
243	73 97 17 56	3	1	0
244	5 96 44 89	1	-1	0
245	51 12 74 8	4	6	0
246	30 79 100 87	2	-1	0
247	51 62 64 40	2	-1	0
248	73 42 59 37	2	-1	0
249	19 99 89 81	2	-1	0
250	100 20 36 54	2	-1	0
251	35 27 56 32	3	5	0
252	4 14 97 68	1	-1	0
253	55 98 76 18	4	8	0
254	3 82 95 32	1	-1	0
255	82 22 90 73	4	4	0
256	28 87 99 7	3	10	0
257	42 32 96 90	4	5	0
258	34 88 17 8	2	-1	0
259	97 34 41 38	3	7	0
260	58 45 65 96	2	-1	0
261	61 81 74 32	3	7	0
262	3 14 51 82	1	-1	0
263	33 44 95 49	2	-1	0
264	65 39 59 64	2	-1	0
265	87 58 86 72	2	-1	0
266	11 53 52 23	3	10	0
267	5 36 6 68	1	-1	0
268	5 67 24 50	1	-1	0
269	13 10 32 80	3	10	0
270	63 22 93 37	2	-1	0
271	6 88 29 92	3	1	0
272	20 90 97 22	2	-1	1
273	78 8 71 75	3	7	0
274	31 90 93 63	2	-1	0
275	78 9 92 95	3	5	0
276	88 51 70 77	3	9	0
277	72 95 9 38	2	-1	0
278	49 11 40 7	2	-1	0
279	72 12 59 18	4	2	0
280	56 52 14 34	2	-1	0
281	80 49 6 34	4	10	0
282	75 22 49 34	4	4	0
283	89 38 90 30	2	-1	1
284	3 67 23 97	1	-1	0
285	76 52 85 28	4	2	0
286	3 36 84 7	1	-1	0
287	7 78 12 10	2	-1	0
288	2 35 8 84	1	-1	0
289	4 50 11 49	1	-1	0
290	55 66 70 69	4	2	0
291	3 60 86 64	1	-1	0
292	35 94 74 9	4	8	0
293	4 89 56 36	1	-1	0
294	3 62 22 90	1	-1	0
295	79 51 16 34	2	-1	0
296	100 15 70 6	2	-1	0
297	12 99 79 28	2	-1	0
298	45 39 47 20	4	7	0
299	6 10 53 36	3	6	0
300	4 6 97 66	1	-1	0
301	83 20 79 70	4	5	0
302	31 73 22 88	3	4	0
303	9 71 78 68	3	4	0
304	18 64 95 32	2	-1	0
305	3 17 25 86	1	-1	0
306	67 42 31 71	3	9	0
307	33 61 73 50	4	2	0
308	11 62 59 78	3	8	0
309	2 78 51 39	1	-1	0
310	5 76 10 81	1	-1	0
311	69 85 67 46	4	2	0
312	4 87 46 18	1	-1	0
313	3 64 42 50	1	-1	0
314	3 57 95 40	1	-1	0
315	84 13 98 78	2	-1	0
316	1 21 61 55	1	-1	0
317	98 25 88 66	2	-1	0
318	92 73 22 31	4	7	0
319	46 41 80 98	3	2	0
320	93 91 71 44	4	2	0
321	1 97 48 86	1	-1	0
322	20 92 29 49	3	2	0
323	57 35 42 70	4	7	0
324	39 57 7 49	3	7	0
325	88 45 12 93	3	9	0
326	5 54 49 94	1	-1	0
327	47 85 18 22	3	1	0
328	86 65 13 95	4	6	0
329	94 48 8 52	4	8	0
330	6 87 11 79	2	-1	0
331	50 92 64 60	4	1	0
332	88 73 50 23	2	-1	0
333	89 99 96 69	3	3	0
334	78 32 76 10	4	8	0
335	2 24 85 71	1	-1	0
336	80 35 85 16	2	-1	0
337	83 43 100 51	4	5	0
338	8 44 70 17	4	9	0
339	56 85 53 62	3	5	0
340	43 10 71 98	4	10	0
341	41 69 35 57	3	9	0
342	26 98 71 100	4	7	0
343	61 31 71 27	2	-1	0
344	85 55 34 49	2	-1	0
345	8 87 71 95	4	3	0
346	29 76 59 58	3	2	0
347	5 13 92 78	1	-1	0
348	4 51 36 7	1	-1	0
349	5 27 56 14	1	-1	0
350	45 51 100 38	4	7	0
351	10 89 46 49	2	-1	0
352	21 14 72 91	2	-1	0
353	97 84 67 38	4	8	0
354	1 99 10 89	1	-1	0
355	3 90 16 66	1	-1	0
356	98 45 21 94	3	5	0
357	93 26 51 74	4	5	0
358	99 12 10 85	4	5	0
359	48 55 84 75	2	-1	0
360	73 84 82 9	3	8	0
361	93 57 92 87	3	4	0
362	27 100 74 64	3	6	0
363	92 55 96 36	2	-1	0
364	53 57 26 15	4	2	0
365	5 76 49 26	1	-1	0
366	23 27 91 41	2	-1	0
367	1 41 73 52	1	-1	0
368	5 38 77 98	1	-1	0
369	97 96 75 25	3	2	0
370	2 62 49 61	1	-1	0
371	88 93 44 8	4	9	0
372	3 15 40 22	1	-1	0
373	65 23 88 62	2	-1	0
374	40 31 10 51	2	-1	0
375	31 70 32 49	2	-1	0
376	12 70 53 25	3	5	0
377	13 50 41 38	2	-1	0
378	51 96 40 84	4	7	0
379	17 15 80 54	3	5	0
380	1 67 7 81	1	-1	0
381	27 7 33 45	2	-1	0
382	2 80 84 94	1	-1	0
383	22 24 21 38	2	-1	0
384	5 72 62 78	1	-1	0
385	25 9 20 91	3	5	0
386	5 79 44 82	1	-1	0
387	35 28 42 71	4	4	0
388	3 84 72 57	1	-1	0
389	14 52 58 16	2	-1	0
390	26 41 96 7	3	3	0
391	40 77 13 94	4	2	0
392	32 75 30 80	4	5	0
393	46 9 54 56	3	2	0
394	85 32 34 20	2	-1	0
395	1 99 36 97	1	-1	0
396	45 46 90 63	4	3	1
397	41 89 12 21	3	6	0
398	47 35 42 26	4	4	0
399	95 60 86 25	4	6	0
400	8 97 89 18	2	-1	0
401	9 48 86 44	2	-1	0
402	31 89 68 58	4	6	0
403	100 89 38 33	2	-1	0
404	1 17 100 21	1	-1	0
405	22 80 60 36	2	-1	0
406	2 62 51 26	1	-1	0
407	50 61 12 36	3	4	0
408	11 12 42 55	2	-1	0
409	1 86 49 27	1	-1	0
410	13 36 47 69	2	-1	0
411	95 42 34 14	2	-1	0
412	98 79 6 47	3	6	0
413	81 27 13 82	2	-1	0
414	3 18 34 35	1	-1	0
415	3 82 23 84	1	-1	0
416	49 14 97 9	2	-1	0
417	27 72 10 51	3	10	0
418	2 69 72 48	1	-1	0
419	2 56 23 97	1	-1	0
420	34 16 26 53	3	5	0
421	91 95 93 27	3	1	0
422	30 70 60 31	4	4	0
423	21 10 42 77	4	1	0
424	88 20 51 13	2	-1	0
425	26 44 68 93	2	-1	0
426	2 65 48 87	1	-1	0
427	49 28 69 50	2	-1	0
428	12 44 33 81	4	7	0
429	99 87 84 15	2	-1	0
430	10 52 38 78	2	-1	0
431	72 55 13 80	3	8	0
432	68 62 84 9	2	-1	0
433	83 98 10 88	3	5	0
434	80 63 92 94	4	4	0
435	64 22 69 40	4	7	0
436	4 16 84 86	1	-1	0
437	83 63 92 88	2	-1	0
438	6 61 57 70	4	9	0
439	3 47 85 59	1	-1	0
440	4 75 95 48	1	-1	0
441	42 98 50 28	3	5	0
442	91 28 78 73	3	1	0
443	79 62 8 25	3	2	0
444	3 30 25 22	1	-1	0
445	21 78 84 76	3	4	0
446	63 71 61 38	2	-1	0
447	2 78 48 93	1	-1	0
448	3 39 6 38	1	-1	0
449	99 20 42 13	2	-1	0
450	2 49 41 22	1	-1	0
451	6 18 98 78	3	2	0
452	33 41 45 49	4	6	0
453	32 45 47 22	3	4	0
454	47 61 51 92	3	9	0
455	50 89 27 90	3	1	0
456	34 100 78 50	4	7	0
457	76 78 18 25	4	1	0
458	19 79 14 52	2	-1	0
459	1 89 26 70	1	-1	0
460	69 80 6 37	2	-1	0
461	87 46 53 96	3	5	0
462	6 93 21 46	4	1	0
463	64 53 34 42	2	-1	0
464	92 54 94 31	4	1	0
465	44 42 19 70	3	1	0
466	5 8 87 74	1	-1	0
467	5 34 60 20	1	-1	0
468	93 53 76 38	2	-1	0
469	4 32 35 21	1	-1	0
470	3 31 19 81	1	-1	0
471	9 35 59 77	3	3	0
472	27 84 49 14	2	-1	0
473	2 21 6 78	1	-1	0
474	4 71 95 81	1	-1	0
475	50 38 13 34	2	-1	0
476	51 68 7 92	3	1	0
477	36 41 84 39	3	10	0
478	48 31 10 63	4	8	0
479	35 86 54 45	4	5	0
480	41 92 59 56	3	2	0
481	6 95 48 40	4	1	0
482	12 13 61 16	2	-1	0
483	10 93 69 35	3	4	0
484	12 68 73 75	4	5	0
485	15 87 97 83	3	3	0
486	1 33 43 10	1	-1	0
487	12 76 100 84	2	-1	0
488	5 54 95 20	1	-1	0
489	95 82 16 51	3	7	0
490	2 78 39 76	1	-1	0
491	18 35 47 39	3	3	0
492	60 78 76 51	2	-1	0
493	57 14 58 40	4	10	0
494	10 61 99 48	2	-1	0
495	5 39 51 20	1	-1	0
496	65 46 12 82	2	-1	0
497	1 18 26 70	1	-1	0
498	2 42 83 87	1	-1	0
499	42 14 24 55	3	3	0
500	68 77 26 79	4	2	0
501	11 64 97 41	2	-1	0
502	2 68 17 10	1	-1	0
503	9 45 90 19	3	3	0
504	65 71 36 29	2	-1	0
505	86 100 44 38	2	-1	0
506	45 33 68 24	3	6	0
507	69 63 62 17	4	7	0
508	81 35 55 90	4	5	0
509	29 81 27 77	3	7	0
510	21 75 99 85	3	8	0
511	63 19 51 92	4	1	0
512	23 31 50 90	4	5	0
513	95 60 16 89	4	7	0
514	5 72 36 99	1	-1	0
515	86 92 94 23	2	-1	0
516	76 68 12 54	4	5	0
517	92 74 52 15	4	4	0
518	31 10 96 70	4	5	0
519	50 73 92 87	2	-1	0
520	94 20 35 45	3	7	0
521	43 50 61 100	3	7	0
522	87 10 94 18	4	2	0
523	47 74 100 67	3	3	0
524	84 27 22 30	2	-1	0
525	34 92 27 32	3	10	0
526	1 7 21 12	1	-1	0
527	42 36 23 69	3	8	0
528	86 42 52 75	3	9	0
529	3 80 44 7	1	-1	0
530	2 34 39 45	1	-1	0
531	1 33 77 67	1	-1	0
532	51 48 20 31	4	6	0
533	66 17 24 50	3	5	0
534	70 59 62 49	4	9	0
535	85 21 73 94	4	10	0
536	68 22 30 46	3	7	0
537	32 93 88 80	3	5	0
538	57 53 65 32	4	8	0
539	94 99 87 85	3	4	0
540	1 45 94 90	1	-1	0
541	91 38 52 84	3	1	0
542	87 61 20 99	4	4	0
543	5 37 20 42	1	-1	0
544	24 38 85 40	3	3	0
545	2 9 77 22	1	-1	0
546	80 92 70 53	2	-1	0
547	9 28 99 52	3	7	0
548	97 21 29 12	4	6	0
549	41 38 11 72	2	-1	0
550	5 77 15 80	1	-1	0
551	32 85 63 34	2	-1	0
552	30 29 87 55	3	3	0
553	2 28 12 98	1	-1	0
554	49 32 75 25	2	-1	0
555	28 8 50 33	2	-1	0
556	3 20 14 98	1	-1	0
557	2 88 11 99	1	-1	0
558	4 15 7 28	1	-1	0
559	69 20 85 65	4	10	0
560	92 34 69 86	2	-1	0
561	15 90 10 64	4	10	0
562	34 68 20 13	2	-1	0
563	70 35 42 38	4	4	0
564	22 29 46 28	4	6	0
565	5 86 83 92	1	-1	0
566	14 44 60 57	2	-1	0
567	5 12 60 86	1	-1	0
568	4 51 6 25	1	-1	0
569	77 75 92 25	3	10	0
570	61 45 70 97	2	-1	0
571	66 82 95 96	2	-1	0
572	4 62 66 10	1	-1	0
573	4 29 42 43	1	-1	0
574	58 32 68 46	2	-1	0
575	75 82 63 72	4	9	0
576	36 60 73 80	3	10	0
577	83 31 85 79	4	5	0
578	5 25 67 21	1	-1	0
579	4 80 95 9	1	-1	0
580	1 81 89 76	1	-1	0
581	30 28 84 41	4	5	0
582	57 45 98 36	4	9	0
583	5 91 34 52	1	-1	0
584	80 20 50 15	4	1	0
585	38 81 64 20	2	-1	0
586	34 40 73 25	4	8	0
587	66 23 60 50	3	1	0
588	23 84 74 29	4	6	0
589	53 97 38 7	2	-1	0
590	42 62 71 96	4	2	0
591	2 19 51 79	1	-1	0
592	30 58 40 48	3	6	0
593	40 58 50 25	4	3	0
594	19 76 82 26	3	5	0
595	1 49 60 68	1	-1	0
596	7 24 27 40	2	-1	0
597	33 96 17 92	4	6	0
598	5 32 57 76	1	-1	0
599	1 44 8 74	1	-1	0
600	96 83 55 65	4	8	0
601	91 28 65 32	3	4	0
602	53 87 11 62	2	-1	0
603	70 69 19 11	2	-1	0
604	1 19 74 78	1	-1	0
605	57 46 9 50	3	10	0
606	54 52 8 14	3	5	0
607	1 6 97 57	1	-1	0
608	49 43 92 29	4	5	0
609	14 73 27 94	3	6	0
610	5 68 59 21	1	-1	0
611	86 15 54 34	3	6	0
612	56 61 32 58	2	-1	0
613	2 64 82 16	1	-1	0
614	57 88 84 34	3	1	0
615	29 99 20 8	2	-1	0
616	29 62 51 34	3	8	0
617	1 37 71 47	1	-1	0
618	20 68 23 30	3	2	0
619	4 66 57 40	1	-1	0
620	100 57 83 53	4	10	0
621	1 12 14 73	1	-1	0
622	92 25 64 67	2	-1	0
623	81 63 99 11	3	2	0
624	40 19 25 88	3	7	0
625	55 97 38 69	2	-1	0
626	31 90 30 52	4	10	0
627	58 95 11 84	3	8	0
628	56 73 97 63	3	1	0
629	88 15 51 91	4	3	0
630	10 28 87 44	4	1	0
631	1 34 35 11	1	-1	0
632	80 100 87 45	4	6	0
633	3 87 31 78	1	-1	0
634	12 94 16 55	4	10	0
635	45 98 95 75	4	10	0
636	30 28 44 24	3	10	0
637	98 34 49 92	3	5	0
638	99 100 83 64	3	2	0
639	5 49 99 7	1	-1	0
640	60 48 32 13	2	-1	0
641	3 84 42 54	1	-1	0
642	16 60 32 21	2	-1	0
643	2 93 23 52	1	-1	0
644	1 65 30 94	1	-1	0
645	28 71 90 86	3	7	0
646	5 56 55 84	1	-1	0
647	33 99 74 57	4	5	0
648	24 47 15 94	2	-1	0
649	4 16 93 44	1	-1	0
650	52 92 96 11	2	-1	0
651	49 27 28 86	3	1	0
652	2 38 70 40	1	-1	0
653	3 64 8 39	1	-1	0
654	28 49 92 61	4	7	0
655	76 95 47 31	4	6	0
656	50 11 47 67	2	-1	0
657	77 85 14 53	4	10	0
658	3 98 74 75	1	-1	0
659	4 85 29 66	1	-1	0
660	95 16 38 25	4	5	0
661	22 89 50 63	3	2	0
662	65 81 42 12	4	10	0
663	48 15 88 25	2	-1	0
664	56 53 68 59	2	-1	0
665	3 95 97 62	1	-1	0
666	67 85 7 92	2	-1	0
667	12 37 53 23	4	3	0
668	26 100 55 56	2	-1	0
669	3 16 21 18	1	-1	0
670	73 36 86 92	2	-1	0
671	24 66 61 31	2	-1	0
672	93 27 63 25	3	10	0
673	84 12 97 19	2	-1	0
674	51 29 96 20	3	5	0
675	96 24 52 54	4	5	0
676	60 57 8 17	2	-1	0
677	64 25 13 84	2	-1	0
678	1 44 87 84	1	-1	0
679	5 23 89 10	1	-1	0
680	86 76 96 82	3	3	0
681	25 36 27 7	3	2	0
682	28 78 66 20	3	10	0
683	88 100 28 67	3	8	0
684	48 44 67 52	3	6	0
685	38 31 32 82	2	-1	0
686	3 33 100 31	1	-1	0
687	2 63 35 41	1	-1	0
688	18 20 88 46	2	-1	0
689	34 8 44 58	2	-1	0
690	5 74 36 100	1	-1	0
691	54 30 37 49	2	-1	0
692	63 20 83 94	3	2	0
693	59 68 42 13	4	4	0
694	16 52 68 8	2	-1	0
695	77 93 61 35	4	6	0
696	23 83 53 95	2	-1	0
697	100 48 83 79	3	9	0
698	39 98 26 48	3	9	0
699	86 19 21 71	3	1	0
700	47 80 69 75	2	-1	0
701	18 42 49 79	4	5	0
702	98 100 74 64	3	1	0
703	57 21 52 49	2	-1	0
704	55 69 19 46	4	7	0
705	40 31 64 21	2	-1	0
706	49 15 99 53	2	-1	0
707	42 96 50 64	2	-1	0
708	16 77 6 84	2	-1	0
709	65 92 83 77	4	5	0
710	93 78 45 68	3	7	0
711	10 76 71 15	2	-1	0
712	1 76 29 71	1	-1	0
713	4 46 12 56	1	-1	0
714	3 58 61 21	1	-1	0
715	60 76 31 100	2	-1	0
716	45 28 92 93	4	8	0
717	33 87 78 85	2	-1	0
718	99 82 12 84	2	-1	0
719	44 88 72 30	3	10	0
720	33 52 35 36	2	-1	0
721	1 87 97 17	1	-1	0
722	60 21 64 50	4	3	0
723	9 15 14 19	2	-1	0
724	22 43 57 30	3	1	0
725	39 86 41 100	2	-1	0
726	32 80 77 70	2	-1	0
727	19 16 20 52	3	6	1
728	56 47 92 85	4	6	0
729	2 52 96 4	1	-1	0
730	73 93 54 17	4	2	0
731	82 27 7 20	2	-1	0
732	6 99 38 27	2	-1	0
733	13 84 16 11	2	-1	0
734	4 82 19 30	1	-1	0
735	57 40 69 71	4	6	0
736	56 17 51 41	2	-1	0
737	2 28 98 77	1	-1	0
738	100 21 76 63	4	10	0
739	4 13 11 84	1	-1	0
740	2 10 94 21	1	-1	0
741	44 41 36 6	4	6	0
742	12 58 47 21	2	-1	0
743	1 14 31 30	1	-1	0
744	91 33 42 13	2	-1	0
745	95 73 32 45	3	9	0
746	88 20 46 15	2	-1	0
747	88 29 61 43	3	8	0
748	46 20 83 22	4	4	0
749	18 74 58 6	3	9	0
750	43 77 28 41	2	-1	0
751	4 12 8 98	1	-1	0
752	75 46 18 53	3	4	0
753	5 51 23 21	1	-1	0
754	90 46 29 80	4	9	0
755	84 59 19 32	4	8	0
756	37 47 66 24	2	-1	0
757	22 28 51 33	4	1	0
758	74 71 72 78	2	-1	0
759	15 38 45 34	4	2	0
760	4 42 15 100	1	-1	0
761	1 34 7 23	1	-1	0
762	28 74 70 100	3	9	0
763	33 34 78 51	3	10	0
764	100 26 95 90	4	10	0
765	91 69 55 8	2	-1	0
766	1 88 66 76	1	-1	1
767	74 56 97 22	4	5	0
768	80 92 43 51	4	1	0
769	4 10 53 8	1	-1	0
770	46 94 52 61	4	8	0
771	60 86 84 50	3	9	0
772	28 21 36 57	3	10	0
773	67 52 40 65	2	-1	0
774	39 99 61 62	4	1	0
775	97 94 90 52	4	2	0
776	21 56 32 62	4	10	0
777	59 75 47 92	2	-1	0
778	59 90 39 40	3	10	0
779	7 63 86 29	3	3	0
780	5 46 19 41	1	-1	0
781	3 86 35 55	1	-1	0
782	96 56 58 51	2	-1	0
783	53 43 92 85	4	4	0
784	4 58 80 77	1	-1	0
785	44 25 6 53	3	8	0
786	57 86 50 99	4	5	0
787	32 82 28 76	3	7	0
788	26 17 71 81	2	-1	0
789	36 22 29 84	2	-1	0
790	49 84 16 41	2	-1	0
791	39 29 97 100	4	1	0
792	1 68 39 97	1	-1	0
793	39 98 36 40	4	5	0
794	92 25 60 88	3	6	0
795	16 20 81 64	4	6	0
796	22 57 40 39	2	-1	0
797	4 26 54 24	1	-1	0
798	4 54 55 56	1	-1	0
799	47 87 39 7	3	4	0
800	5 53 58 91	1	-1	0
801	61 74 17 21	3	9	0
802	3 88 43 42	1	-1	0
803	4 37 11 31	1	-1	0
804	51 32 100 39	4	8	0
805	16 19 27 87	2	-1	0
806	90 55 9 51	3	1	0
807	26 48 34 9	4	8	0
808	13 99 37 83	3	1	0
809	2 93 42 77	1	-1	1
810	83 55 47 26	4	4	0
811	71 65 16 34	2	-1	0
812	3 11 36 68	1	-1	0
813	3 58 23 20	1	-1	0
814	59 100 87 61	4	4	1
815	4 87 24 52	1	-1	0
816	1 86 69 14	1	-1	0
817	36 71 89 69	2	-1	0
818	50 71 27 25	2	-1	0
819	22 48 23 50	3	8	0
820	79 96 100 6	3	4	0
821	49 92 44 72	3	2	0
822	97 35 16 82	2	-1	0
823	2 68 90 14	1	-1	0
824	2 41 88 61	1	-1	0
825	49 11 17 79	4	2	0
826	43 64 87 15	2	-1	0
827	42 64 23 18	2	-1	0
828	58 50 78 18	2	-1	0
829	5 71 30 94	1	-1	0
830	52 84 93 18	2	-1	0
831	1 12 55 88	1	-1	0
832	67 58 68 85	4	4	0
833	1 30 29 26	1	-1	0
834	94 38 23 67	2	-1	0
835	45 69 37 29	3	6	0
836	63 25 45 65	3	1	0
837	19 80 65 62	3	2	0
838	73 89 72 56	2	-1	0
839	52 47 68 14	2	-1	0
840	69 57 54 86	3	4	0
841	95 29 14 77	4	7	0
842	4 6 82 18	1	-1	0
843	41 20 51 39	2	-1	0
844	20 28 69 93	4	6	0
845	7 92 24 98	4	10	0
846	74 42 92 35	3	7	0
847	4 57 70 79	1	-1	0
848	18 24 95 77	4	10	0
849	2 90 32 35	1	-1	0
850	83 9 27 34	3	3	0
851	67 8 68 71	2	-1	0
852	72 14 52 57	3	3	0
853	36 23 28 39	3	5	0
854	38 78 41 98	4	6	0
855	4 43 58 13	1	-1	0
856	7 17 47 98	4	1	0
857	11 39 92 60	3	8	0
858	4 12 68 65	1	-1	0
859	6 19 78 12	2	-1	0
860	48 27 76 71	2	-1	0
861	1 70 47 21	1	-1	0
862	77 31 71 78	3	10	0
863	5 48 23 29	1	-1	0
864	18 57 94 76	4	8	0
865	71 10 16 12	2	-1	0
866	4 48 84 75	1	-1	0
867	4 45 59 65	1	-1	0
868	2 57 62 81	1	-1	0
869	25 34 86 93	3	7	0
870	59 26 29 33	4	3	0
871	49 89 95 67	4	6	0
872	92 84 16 60	4	7	0
873	96 7 60 68	2	-1	0
874	54 21 97 51	2	-1	0
875	68 21 87 16	4	1	0
876	78 17 18 80	2	-1	0
877	88 95 94 10	3	6	0
878	62 42 73 55	4	9	0
879	62 28 23 89	2	-1	0
880	79 8 48 95	3	9	0
881	1 50 54 24	1	-1	0
882	42 15 36 10	4	7	0
883	4 54 94 40	1	-1	0
884	29 41 96 35	4	3	0
885	16 22 24 13	2	-1	0
886	34 38 23 26	2	-1	0
887	95 92 34 26	4	10	0
888	52 31 22 87	4	3	0
889	13 31 41 92	2	-1	0
890	90 43 26 10	2	-1	0
891	57 66 64 73	3	10	0
892	1 86 40 49	1	-1	0
893	95 53 86 38	3	7	0
894	5 64 28 76	1	-1	0
895	82 97 27 69	2	-1	0
896	33 54 91 17	2	-1	0
897	50 98 23 54	3	10	0
898	4 72 48 71	1	-1	0
899	32 98 50 28	3	4	0
900	83 13 68 70	4	9	0
901	45 78 89 64	3	10	0
902	10 30 36 68	3	6	0
903	4 11 39 99	1	-1	0
904	52 8 41 56	3	1	0
905	48 69 53 24	4	3	0
906	82 61 83 80	3	8	0
907	39 54 29 6	4	6	0
908	3 59 94 51	1	-1	0
909	36 32 38 71	4	3	0
910	2 58 77 51	1	-1	0
911	46 24 11 45	2	-1	0
912	3 31 49 48	1	-1	0
913	91 90 27 20	2	-1	0
914	42 10 60 44	3	5	0
915	71 25 9 57	3	8	0
916	33 56 55 45	2	-1	0
917	73 89 51 41	3	5	0
918	43 6 23 77	3	5	0
919	69 99 92 50	2	-1	0
920	89 75 42 34	2	-1	0
921	3 18 26 38	1	-1	0
922	53 31 7 61	4	5	0
923	49 26 92 44	4	4	0
924	89 21 11 7	3	7	0
925	60 42 9 99	4	1	0
926	1 57 75 34	1	-1	0
927	15 41 26 57	4	9	0
928	58 64 54 51	2	-1	0
929	1 21 23 51	1	-1	0
930	54 19 45 32	2	-1	0
931	53 47 15 69	3	7	0
932	46 70 58 84	3	4	0
933	51 7 91 39	2	-1	0
934	15 30 95 41	2	-1	0
935	5 74 98 46	1	-1	0
936	33 21 71 44	2	-1	0
937	40 44 58 8	3	7	0
938	73 41 36 66	2	-1	0
939	72 84 60 95	3	6	0
940	5 59 58 48	1	-1	0
941	98 89 56 65	2	-1	0
942	38 66 8 60	2	-1	0
943	47 13 72 30	4	5	0
944	29 87 25 37	3	6	0
945	67 59 37 16	3	9	0
946	4 71 80 24	1	-1	0
947	87 17 42 13	4	3	0
948	5 20 34 11	1	-1	0
949	3 87 41 57	1	-1	0
950	11 99 8 19	3	3	0
951	41 43 26 85	3	7	0
952	1 40 15 44	1	-1	0
953	93 36 39 77	2	-1	0
954	3 56 37 93	1	-1	0
955	37 16 63 21	3	3	0
956	95 77 69 70	4	6	0
957	66 38 37 36	4	1	0
958	87 19 78 62	2	-1	0
959	2 44 39 14	1	-1	0
960	3 65 14 67	1	-1	0
961	23 92 31 44	3	2	0
962	76 99 98 55	2	-1	0
963	45 38 40 60	3	2	0
964	75 56 7 65	4	6	0
965	54 83 23 43	2	-1	0
966	3 48 33 92	1	-1	0
967	92 14 59 60	3	10	0
968	38 17 86 95	3	2	0
969	66 58 28 83	2	-1	0
970	69 12 37 65	3	8	0
971	98 99 7 72	4	6	0
972	5 100 32 88	1	-1	0
973	65 12 94 54	3	3	0
974	34 42 65 91	4	4	0
975	5 61 53 24	1	-1	0
976	45 35 31 97	4	9	0
977	96 92 38 62	3	9	0
978	1 38 51 12	1	-1	0
979	21 11 46 63	4	2	0
980	54 86 73 87	2	-1	0
981	52 67 38 51	2	-1	0
982	21 74 57 95	4	5	0
983	34 13 98 91	3	10	0
984	87 54 76 46	4	10	0
985	23 98 80 45	3	8	0
986	86 87 61 13	4	6	0
987	3 64 26 35	1	-1	0
988	8 83 95 17	4	4	0
989	30 93 66 13	2	-1	0
990	1 39 79 92	1	-1	0
991	27 32 80 25	3	9	0
992	18 24 17 97	2	-1	0
993	70 54 89 23	2	-1	0
994	1 69 63 7	1	-1	0
995	36 87 63 82	2	-1	0
996	5 33 32 10	1	-1	0
997	8 96 31 74	2	-1	0
998	20 17 94 55	4	6	0
999	77 22 60 15	2	-1	0
1000	56 76 79 89	2	-1	0
