Students	1000
1	61 100 95 58	4	5	0
2	3 17 29 47	1	-1	0
3	2 97 34 66	1	-1	0
4	90 81 24 25	2	-1	0
5	39 43 13 71	2	-1	0
6	85 99 37 67	2	-1	0
7	26 29 95 10	2	-1	0
8	62 17 25 99	2	-1	0
9	35 30 59 21	3	6	0
10	1 100 73 29	1	-1	0
11	3 94 98 9	1	-1	0
12	96 46 72 88	3	5	0
13	78 27 14 35	4	4	0
14	32 78 21 36	3	2	0
15	93 92 54 65	3	1	0
16	92 90 72 78	2	-1	0
17	22 96 90 63	2	-1	0
18	1 11 96 21	1	-1	0
19	4 84 49 28	1	-1	0
20	1 91 16 46	1	-1	0
21	76 66 60 41	4	1	0
22	4 96 54 65	1	-1	0
23	2 8 13 28	1	-1	0
24	51 67 20 94	4	8	0
25	48 57 21 76	3	5	0
26	42 82 65 49	4	10	0
27	49 27 25 72	4	4	0
28	34 48 10 52	2	-1	0
29	50 36 26 59	3	8	0
30	12 40 53 76	3	6	0
31	68 45 61 55	4	6	0
32	86 11 80 40	2	-1	0
33	25 58 73 53	3	5	0
34	88 13 86 82	2	-1	0
35	5 61 96 67	1	-1	0
36	83 24 53 31	2	-1	0
37	4 32 44 18	1	-1	0
38	3 39 41 87	1	-1	0
39	68 92 54 35	3	10	0
40	52 51 15 95	4	10	0
41	2 16 47 92	1	-1	0
42	3 62 68 30	1	-1	0
43	84 86 47 98	2	-1	0
44	1 99 40 58	1	-1	0
45	72 23 24 39	4	9	0
46	98 90 15 19	4	1	0
47	30 92 21 64	4	8	0
48	5 10 35 82	1	-1	0
49	6 93 98 100	3	1	0
50	51 55 88 91	2	-1	0
51	83 9 82 40	4	9	0
52	1 88 67 20	1	-1	0
53	2 12 26 37	1	-1	0
54	15 20 87 47	3	2	0
55	12 68 17 64	2	-1	0
56	52 30 23 100	4	9	0
57	1 42 53 90	1	-1	0
58	25 48 72 11	2	-1	0
59	57 64 45 93	4	10	0
60	20 14 97 72	4	1	0
61	71 27 41 8	2	-1	0
62	55 68 86 84	2	-1	0
63	50 51 34 33	3	9	0
64	3 95 96 28	1	-1	0
65	90 41 57 59	4	10	0
66	3 51 89 42	1	-1	0
67	4 74 95 90	1	-1	0
68	42 62 64 84	4	7	0
69	99 74 55 77	3	5	0
70	86 81 77 52	3	8	0
71	5 11 41 26	1	-1	0
72	23 72 68 91	2	-1	0
73	52 66 94 98	4	4	0
74	44 84 15 62	4	1	0
75	56 80 7 77	2	-1	0
76	42 55 38 14	4	6	0
77	30 57 95 27	2	-1	0
78	6 53 73 11	2	-1	0
79	97 89 43 35	2	-1	0
80	18 98 26 72	3	6	0
81	43 96 76 77	4	1	0
82	68 98 61 10	2	-1	0
83	4 33 52 26	1	-1	0
84	47 16 45 35	2	-1	0
85	33 18 89 12	4	10	0
86	49 75 62 56	2	-1	0
87	10 16 63 92	2	-1	0
88	95 73 90 61	4	9	0
89	2 62 34 41	1	-1	0
90	29 78 12 26	2	-1	0
91	29 95 52 91	3	10	0
92	2 55 41 92	1	-1	0
93	3 9 30 92	1	-1	0
94	50 11 62 15	4	10	0
95	10 78 19 30	2	-1	0
96	67 56 81 24	3	10	0
97	60 50 65 56	3	1	0
98	2 27 49 9	1	-1	0
99	75 50 16 79	3	3	0
100	42 94 88 13	3	9	0
101	33 38 29 39	2	-1	0
102	1 83 98 20	1	-1	0
103	16 97 69 20	3	10	0
104	17 64 82 75	4	7	0
105	15 54 85 16	4	8	0
106	28 74 9 35	4	5	0
107	43 42 82 96	3	2	0
108	31 78 76 56	4	5	0
109	83 56 11 84	4	6	0
110	1 93 95 66	1	-1	0
111	97 90 77 65	3	9	0
112	77 50 61 27	3	7	0
113	32 6 51 99	2	-1	0
114	3 50 15 62	1	-1	0
115	72 10 88 22	4	7	0
116	2 91 37 25	1	-1	0
117	69 25 35 80	4	9	0
118	5 73 55 24	1	-1	0
119	92 48 95 88	3	9	0
120	63 41 65 29	4	1	0
121	51 82 28 17	2	-1	0
122	48 38 49 54	4	3	0
123	49 68 69 9	3	10	0
124	100 33 90 83	3	5	0
125	42 49 93 86	3	3	0
126	5 93 45 35	1	-1	0
127	77 13 98 89	4	3	0
128	3 55 16 60	1	-1	0
129	3 65 42 89	1	-1	0
130	21 9 27 82	3	6	0
131	90 92 57 7	4	5	0
132	2 79 47 98	1	-1	0
133	77 95 88 98	3	5	0
134	1 12 28 51	1	-1	0
135	86 88 56 39	4	5	0
136	83 46 97 25	3	3	0
137	97 53 75 6	4	1	0
138	45 86 54 49	3	5	0
139	49 71 17 14	4	6	0
140	5 37 25 89	1	-1	0
141	70 100 8 22	4	3	0
142	91 59 31 37	3	2	0
143	89 91 41 87	4	2	0
144	71 68 26 66	2	-1	0
145	93 9 51 84	4	7	0
146	38 57 19 85	4	8	0
147	89 37 32 22	4	6	0
148	44 50 92 9	3	2	0
149	5 9 11 6	1	-1	0
150	29 70 59 46	4	3	0
151	11 69 14 67	2	-1	0
152	3 88 94 12	1	-1	0
153	88 15 84 75	3	9	0
154	3 68 76 36	1	-1	0
155	23 49 22 45	2	-1	1
156	79 18 80 19	3	3	0
157	22 74 90 15	2	-1	0
158	66 92 58 46	4	10	0
159	5 31 54 44	1	-1	0
160	98 39 32 54	4	7	0
161	4 14 93 34	1	-1	0
162	1 12 61 8	1	-1	0
163	1 77 33 18	1	-1	0
164	27 82 70 14	3	10	0
165	20 71 57 46	4	1	0
166	61 28 20 75	4	2	0
167	49 15 69 47	2	-1	0
168	74 63 56 66	4	5	0
169	1 44 10 84	1	-1	0
170	4 9 8 69	1	-1	0
171	9 33 59 54	4	6	0
172	2 6 39 18	1	-1	0
173	76 84 30 96	2	-1	0
174	41 37 19 89	2	-1	0
175	43 85 15 96	3	4	0
176	55 84 81 47	2	-1	0
177	4 48 19 73	1	-1	0
178	36 87 66 31	4	9	0
179	39 50 26 32	2	-1	0
180	7 21 8 57	2	-1	0
181	72 6 28 65	3	10	0
182	1 27 76 68	1	-1	0
183	83 79 36 99	2	-1	0
184	58 14 51 60	4	6	0
185	28 91 25 75	2	-1	0
186	2 90 54 93	1	-1	0
187	100 37 70 40	4	1	0
188	2 24 43 51	1	-1	0
189	1 43 88 91	1	-1	0
190	2 12 99 40	1	-1	0
191	92 64 17 85	2	-1	0
192	22 38 23 25	4	4	0
193	26 36 73 23	3	4	0
194	76 25 62 73	4	3	0
195	4 97 31 18	1	-1	0
196	3 50 72 36	1	-1	0
197	2 24 21 70	1	-1	0
198	38 31 75 46	3	3	0
199	69 50 99 92	4	8	0
200	35 14 91 100	2	-1	0
201	97 39 24 63	4	5	0
202	3 36 83 72	1	-1	0
203	3 52 66 38	1	-1	0
204	5 19 43 22	1	-1	0
205	10 74 20 75	3	9	0
206	83 18 31 52	4	8	0
207	41 24 11 18	2	-1	0
208	76 48 78 85	2	-1	0
209	31 52 69 41	2	-1	0
210	78 11 19 40	4	10	0
211	4 28 60 73	1	-1	0
212	4 40 32 89	1	-1	0
213	35 55 26 29	2	-1	0
214	49 87 86 25	2	-1	0
215	1 49 54 18	1	-1	0
216	10 95 64 70	4	7	0
217	2 51 93 90	1	-1	0
218	84 67 25 70	3	3	0
219	65 60 44 17	2	-1	0
220	42 29 53 50	2	-1	0
221	5 95 19 59	1	-1	0
222	91 39 50 23	4	8	0
223	33 85 13 37	4	2	0
224	4 70 40 59	1	-1	0
225	75 42 23 73	3	6	0
226	3 33 12 46	1	-1	0
227	4 48 41 53	1	-1	0
228	22 92 28 93	4	7	0
229	72 77 89 47	2	-1	0
230	2 7 58 65	1	-1	0
231	22 63 89 71	3	5	0
232	14 32 53 45	2	-1	0
233	11 15 14 65	2	-1	0
234	84 53 70 22	3	8	0
235	3 37 53 59	1	-1	0
236	13 33 62 11	3	6	0
237	53 88 20 16	3	5	0
238	19 6 43 46	4	8	0
239	2 56 78 62	1	-1	0
240	37 73 13 70	3	3	0
241	6 9 54 18	4	5	0
242	62 7 21 83	3	6	0
243	92 18 62 13	3	4	0
244	41 14 31 56	3	8	0
245	27 30 26 38	3	3	0
246	13 81 18 37	4	8	0
247	4 50 65 86	1	-1	0
248	17 81 9 14	3	10	0
249	67 93 45 97	3	5	0
250	51 54 46 35	3	3	0
251	17 69 26 78	2	-1	0
252	57 83 17 37	3	3	0
253	47 84 20 89	2	-1	0
254	86 15 31 72	3	7	0
255	34 38 31 52	2	-1	0
256	32 93 84 29	2	-1	0
257	41 31 77 60	3	6	0
258	2 73 69 86	1	-1	0
259	71 57 18 47	4	4	0
260	2 38 97 41	1	-1	0
261	59 40 66 10	2	-1	0
262	3 91 54 86	1	-1	0
263	40 6 28 72	4	6	0
264	1 86 33 8	1	-1	0
265	7 49 43 66	4	6	0
266	97 7 44 98	4	3	0
267	1 98 63 95	1	-1	0
268	52 67 89 87	4	6	0
269	51 52 66 74	2	-1	0
270	84 8 15 48	2	-1	1
271	31 90 19 100	2	-1	0
272	11 45 89 69	2	-1	0
273	1 14 45 46	1	-1	0
274	56 30 31 77	4	8	0
275	81 78 55 36	4	8	0
276	33 53 64 50	2	-1	0
277	4 95 89 6	1	-1	0
278	70 53 17 77	2	-1	0
279	2 14 66 7	1	-1	0
280	2 39 80 45	1	-1	0
281	3 93 60 61	1	-1	0
282	12 76 13 27	2	-1	0
283	48 61 75 84	4	9	0
284	2 56 78 16	1	-1	0
285	53 8 97 31	4	8	0
286	57 9 53 87	4	4	0
287	30 50 66 48	3	10	0
288	93 60 79 28	3	5	0
289	61 38 88 86	2	-1	0
290	22 61 46 94	3	7	0
291	35 53 68 97	2	-1	0
292	100 53 64 82	3	1	0
293	50 68 37 93	4	4	0
294	88 67 29 86	3	10	0
295	16 17 50 14	3	7	0
296	18 31 68 42	2	-1	0
297	6 48 26 50	3	8	1
298	52 97 28 18	2	-1	0
299	87 75 30 11	4	6	0
300	4 66 76 26	1	-1	0
301	3 61 63 26	1	-1	0
302	1 41 8 82	1	-1	0
303	3 9 59 24	1	-1	0
304	100 74 66 95	3	3	0
305	66 56 12 73	2	-1	0
306	5 93 84 37	1	-1	0
307	84 36 95 56	4	4	0
308	56 31 26 41	3	3	0
309	69 33 67 35	4	6	0
310	34 93 62 22	2	-1	0
311	26 79 30 18	3	7	0
312	11 87 48 50	3	9	0
313	51 38 11 29	2	-1	0
314	94 61 100 95	2	-1	0
315	98 62 22 40	4	8	0
316	87 97 23 14	3	4	0
317	8 12 81 32	2	-1	0
318	13 12 17 7	2	-1	0
319	55 42 59 91	2	-1	0
320	4 83 13 78	1	-1	0
321	67 71 22 30	3	4	0
322	17 53 69 23	2	-1	0
323	88 82 57 65	3	6	0
324	5 50 23 85	1	-1	0
325	48 19 87 12	2	-1	0
326	1 87 91 77	1	-1	0
327	33 58 29 73	4	3	0
328	75 77 85 44	2	-1	0
329	34 40 21 73	2	-1	0
330	98 13 38 49	2	-1	0
331	97 18 51 30	2	-1	0
332	59 38 93 54	2	-1	0
333	20 40 58 17	4	4	0
334	5 99 53 66	1	-1	0
335	5 22 86 69	1	-1	0
336	3 23 29 64	1	-1	0
337	86 83 7 29	2	-1	0
338	1 20 69 98	1	-1	0
339	29 90 75 94	3	8	0
340	3 8 94 37	1	-1	0
341	98 19 70 54	3	6	0
342	16 86 89 92	2	-1	0
343	62 23 98 54	2	-1	0
344	31 76 43 45	2	-1	0
345	93 18 22 10	4	1	0
346	2 53 16 57	1	-1	0
347	94 95 83 88	4	5	0
348	1 25 82 70	1	-1	0
349	13 78 35 28	3	7	0
350	55 94 50 95	4	3	0
351	72 29 6 20	2	-1	0
352	5 75 64 40	1	-1	0
353	3 58 38 51	1	-1	0
354	24 55 67 98	4	10	0
355	40 49 61 60	3	5	0
356	72 76 28 87	2	-1	0
357	9 36 90 31	4	9	0
358	93 95 99 43	2	-1	0
359	80 26 82 90	4	9	0
360	2 18 31 12	1	-1	0
361	7 94 79 65	2	-1	0
362	83 100 47 84	3	6	0
363	3 16 9 36	1	-1	0
364	85 83 78 84	3	8	0
365	67 44 27 65	3	1	0
366	28 15 25 81	3	3	0
367	78 71 21 64	4	7	0
368	2 21 9 89	1	-1	0
369	46 42 20 33	2	-1	0
370	57 36 50 96	2	-1	0
371	14 98 84 79	4	6	0
372	34 70 100 18	3	3	0
373	24 70 29 53	3	9	0
374	37 55 26 36	2	-1	0
375	57 54 63 48	3	5	0
376	4 61 94 43	1	-1	0
377	18 41 46 24	2	-1	0
378	70 80 45 56	3	2	0
379	20 77 9 66	2	-1	0
380	79 62 90 28	4	3	0
381	62 26 53 64	3	10	0
382	99 78 77 76	2	-1	0
383	53 86 60 46	3	3	0
384	3 17 69 48	1	-1	0
385	1 87 60 66	1	-1	0
386	34 64 95 90	3	8	0
387	5 71 68 25	1	-1	0
388	2 34 9 86	1	-1	0
389	2 98 21 51	1	-1	0
390	83 80 32 18	3	5	0
391	100 44 87 49	4	4	0
392	4 50 51 80	1	-1	0
393	89 29 57 61	4	6	0
394	5 29 43 39	1	-1	0
395	8 74 37 84	2	-1	0
396	82 49 96 67	3	3	0
397	32 74 82 93	2	-1	0
398	1 33 98 94	1	-1	0
399	80 34 61 91	3	9	0
400	16 21 39 79	3	3	0
401	7 16 100 95	2	-1	0
402	90 91 62 69	3	3	0
403	24 22 73 57	4	5	0
404	20 31 67 52	4	6	0
405	78 62 19 13	2	-1	0
406	68 67 95 89	4	10	0
407	41 61 86 31	2	-1	0
408	8 6 73 68	4	9	0
409	61 20 45 26	2	-1	0
410	3 47 9 31	1	-1	0
411	1 65 35 74	1	-1	0
412	7 19 46 24	4	6	0
413	60 58 98 20	3	7	0
414	23 60 59 16	2	-1	0
415	2 91 74 48	1	-1	0
416	5 8 80 41	1	-1	0
417	4 84 61 26	1	-1	0
418	87 40 61 59	2	-1	0
419	69 14 13 79	2	-1	0
420	1 95 8 53	1	-1	0
421	36 54 57 21	2	-1	0
422	58 81 39 77	4	8	0
423	25 63 10 58	3	1	0
424	25 33 71 45	2	-1	0
425	4 70 35 13	1	-1	0
426	10 12 34 61	2	-1	0
427	97 14 46 7	2	-1	0
428	99 35 60 86	3	8	0
429	55 52 93 84	3	2	0
430	77 100 62 37	4	8	0
431	73 40 82 74	3	10	0
432	53 11 37 82	3	7	0
433	26 20 27 38	3	9	0
434	20 42 57 10	4	1	0
435	6 37 87 70	2	-1	0
436	85 44 93 74	2	-1	0
437	45 10 21 89	2	-1	0
438	11 18 39 72	4	1	0
439	46 58 68 100	3	6	0
440	53 21 95 25	3	5	0
441	49 60 46 90	2	-1	0
442	2 61 21 75	1	-1	0
443	2 38 44 61	1	-1	0
444	97 11 64 25	2	-1	0
445	1 71 19 77	1	-1	0
446	2 70 28 58	1	-1	0
447	80 72 25 35	2	-1	0
448	90 92 93 86	3	4	0
449	50 67 16 34	4	9	0
450	78 36 13 85	3	5	0
451	5 14 55 89	1	-1	0
452	49 18 53 6	2	-1	0
453	78 80 47 60	2	-1	0
454	26 57 96 94	2	-1	0
455	2 55 96 84	1	-1	0
456	24 65 99 15	2	-1	0
457	60 94 74 62	2	-1	0
458	13 16 28 26	3	4	0
459	46 83 47 21	3	4	0
460	9 93 89 87	4	5	0
461	39 44 79 65	3	7	0
462	16 44 69 53	2	-1	0
463	5 15 74 49	1	-1	0
464	70 61 35 77	2	-1	0
465	11 8 9 79	3	5	0
466	72 60 43 13	2	-1	0
467	35 59 6 34	3	8	0
468	71 73 30 12	4	5	0
469	34 55 59 6	4	4	0
470	42 44 24 38	3	2	0
471	96 12 88 94	3	9	0
472	97 32 22 38	3	8	0
473	79 83 28 15	3	3	0
474	1 15 37 83	1	-1	0
475	95 33 24 85	3	10	0
476	49 46 39 13	4	7	0
477	54 61 50 59	3	7	0
478	11 69 86 67	4	7	0
479	85 67 72 82	4	3	0
480	97 20 46 70	2	-1	0
481	3 21 78 15	1	-1	0
482	38 50 16 7	3	9	0
483	3 45 66 21	1	-1	0
484	12 17 22 57	4	7	0
485	38 72 76 36	2	-1	0
486	5 78 69 77	1	-1	0
487	5 39 19 17	1	-1	0
488	50 72 51 56	4	8	0
489	100 95 45 24	3	8	0
490	3 19 63 55	1	-1	0
491	3 77 83 7	1	-1	0
492	3 73 86 54	1	-1	0
493	54 27 75 26	4	8	0
494	93 96 59 72	3	9	0
495	22 59 88 93	2	-1	0
496	71 12 15 25	3	10	0
497	29 10 67 24	3	3	0
498	2 8 84 88	1	-1	0
499	4 89 80 12	1	-1	0
500	96 61 57 8	4	5	0
501	5 82 6 8	1	-1	0
502	2 72 97 79	1	-1	0
503	13 89 32 52	4	7	0
504	35 24 90 16	2	-1	0
505	4 38 69 59	1	-1	0
506	32 76 82 41	3	5	0
507	5 45 14 78	1	-1	0
508	72 54 43 73	3	10	0
509	76 93 32 51	2	-1	0
510	2 24 75 100	1	-1	0
511	2 43 75 58	1	-1	0
512	92 68 64 54	2	-1	0
513	97 98 24 67	2	-1	0
514	83 8 11 94	3	2	0
515	95 42 99 66	4	10	0
516	63 60 84 59	2	-1	0
517	55 26 91 76	3	4	0
518	79 88 48 59	4	7	0
519	64 62 88 40	4	9	0
520	23 90 39 21	2	-1	0
521	16 51 79 78	4	2	0
522	43 17 8 27	4	6	0
523	4 90 9 21	1	-1	0
524	3 82 50 47	1	-1	0
525	2 12 82 72	1	-1	0
526	86 49 35 80	2	-1	0
527	95 11 31 15	3	3	0
528	54 75 28 6	4	9	0
529	83 94 19 68	2	-1	0
530	4 39 44 50	1	-1	0
531	77 29 42 89	3	6	0
532	38 91 92 28	2	-1	0
533	1 33 45 54	1	-1	0
534	93 58 88 29	2	-1	0
535	82 33 43 13	2	-1	0
536	3 56 49 8	1	-1	0
537	82 49 20 50	3	1	0
538	3 36 30 98	1	-1	0
539	33 66 42 9	3	5	0
540	30 73 96 60	3	7	0
541	73 63 71 82	4	2	0
542	3 83 43 82	1	-1	0
543	75 82 38 61	3	3	0
544	89 73 35 86	4	6	0
545	28 53 13 89	2	-1	0
546	3 94 16 71	1	-1	0
547	4 43 96 41	1	-1	0
548	57 38 62 68	3	1	0
549	58 23 53 75	4	6	0
550	29 59 9 45	3	4	0
551	63 81 54 76	2	-1	0
552	57 26 94 83	3	2	0
553	2 30 10 20	1	-1	1
554	81 20 73 80	2	-1	0
555	89 76 73 63	2	-1	0
556	66 21 28 64	2	-1	1
557	14 24 36 89	4	4	0
558	86 36 94 76	2	-1	0
559	17 28 46 96	4	1	0
560	1 79 72 78	1	-1	0
561	5 55 91 86	1	-1	0
562	67 79 35 37	2	-1	0
563	15 86 37 7	2	-1	0
564	6 99 58 9	3	4	0
565	4 28 52 32	1	-1	0
566	23 18 97 72	3	1	0
567	90 51 64 54	4	8	0
568	37 56 70 71	2	-1	0
569	2 51 13 49	1	-1	0
570	4 79 54 56	1	-1	0
571	3 58 70 98	1	-1	0
572	64 54 75 44	2	-1	0
573	26 98 35 20	2	-1	0
574	5 60 87 55	1	-1	0
575	7 97 66 91	3	8	0
576	98 42 39 27	4	8	0
577	61 54 8 31	2	-1	0
578	1 23 45 83	1	-1	0
579	49 39 25 34	3	9	0
580	17 14 62 50	4	7	0
581	31 48 78 79	3	10	1
582	28 97 75 19	2	-1	0
583	75 52 99 46	3	5	0
584	69 72 9 84	3	1	0
585	67 68 70 13	3	7	0
586	19 81 54 47	3	7	0
587	13 41 11 7	3	7	0
588	2 21 59 92	1	-1	0
589	5 68 48 32	1	-1	0
590	3 22 17 62	1	-1	0
591	76 51 39 60	3	5	0
592	11 44 55 18	2	-1	0
593	2 70 86 33	1	-1	0
594	26 20 59 12	3	6	0
595	1 86 77 85	1	-1	0
596	29 67 36 45	2	-1	0
597	44 86 18 99	2	-1	0
598	3 82 23 94	1	-1	0
599	95 24 80 31	2	-1	0
600	4 69 56 90	1	-1	0
601	5 87 7 32	1	-1	0
602	2 22 46 95	1	-1	0
603	90 95 45 41	4	1	0
604	23 75 18 20	4	10	0
605	5 21 70 43	1	-1	0
606	87 88 61 68	2	-1	0
607	50 33 92 31	3	4	0
608	2 40 50 83	1	-1	0
609	29 52 94 64	4	2	0
610	92 17 91 66	4	6	0
611	19 70 38 43	3	8	0
612	5 29 17 70	1	-1	0
613	5 96 43 87	1	-1	0
614	28 63 38 18	3	4	0
615	19 81 83 92	4	6	0
616	31 39 99 76	4	9	0
617	1 70 11 85	1	-1	0
618	95 67 13 31	4	3	0
619	56 93 45 55	4	5	0
620	62 40 32 89	3	2	0
621	2 80 90 38	1	-1	0
622	72 96 15 71	4	2	0
623	17 12 50 61	2	-1	0
624	43 52 92 82	2	-1	0
625	19 26 67 55	2	-1	0
626	2 34 63 94	1	-1	0
627	3 64 24 53	1	-1	0
628	1 92 74 16	1	-1	0
629	65 75 100 48	4	4	0
630	97 15 77 80	4	6	0
631	2 91 29 43	1	-1	0
632	10 69 64 86	4	4	0
633	4 14 86 69	1	-1	0
634	60 58 88 43	3	4	0
635	1 51 61 68	1	-1	0
636	9 8 79 34	4	6	0
637	42 60 37 38	4	6	0
638	79 48 21 45	2	-1	0
639	85 42 27 35	3	9	0
640	22 31 7 11	3	7	0
641	73 99 83 63	2	-1	0
642	54 85 29 36	2	-1	0
643	1 76 98 77	1	-1	0
644	2 38 54 74	1	-1	0
645	100 90 49 51	3	8	0
646	75 88 93 54	3	8	0
647	78 15 77 44	4	9	0
648	95 69 54 65	2	-1	0
649	57 72 42 47	3	10	0
650	60 90 95 16	4	2	0
651	73 65 6 66	3	9	0
652	59 15 25 16	2	-1	0
653	45 31 35 93	2	-1	0
654	2 17 45 16	1	-1	0
655	24 48 97 22	3	10	0
656	59 66 63 81	4	4	0
657	4 64 67 94	1	-1	0
658	5 59 13 48	1	-1	0
659	65 42 45 41	3	7	0
660	89 56 19 16	4	7	0
661	30 73 35 67	4	4	0
662	61 72 38 36	4	10	0
663	2 23 6 60	1	-1	0
664	3 78 21 72	1	-1	0
665	3 12 82 15	1	-1	0
666	31 49 9 100	3	6	0
667	78 90 85 12	3	5	0
668	76 96 75 68	4	6	0
669	73 20 7 38	4	6	0
670	80 25 26 89	2	-1	0
671	1 68 54 58	1	-1	0
672	7 21 11 95	4	3	0
673	11 40 71 74	2	-1	0
674	13 7 48 87	2	-1	0
675	17 78 92 31	4	10	0
676	49 27 65 87	3	5	0
677	4 26 75 31	1	-1	0
678	61 72 63 8	4	2	0
679	57 35 44 14	4	4	0
680	87 54 32 34	3	6	0
681	3 88 98 28	1	-1	0
682	34 49 36 100	3	5	0
683	53 49 24 18	4	5	0
684	87 63 61 21	3	3	0
685	4 56 87 29	1	-1	0
686	47 53 82 50	2	-1	0
687	1 34 89 53	1	-1	0
688	87 39 66 52	4	8	0
689	77 48 65 12	4	1	0
690	38 52 99 29	4	10	0
691	3 27 61 71	1	-1	0
692	8 19 11 49	4	10	0
693	88 94 21 73	3	9	0
694	23 21 87 97	2	-1	0
695	16 31 91 46	4	6	0
696	95 99 46 100	4	4	0
697	30 40 68 66	4	7	0
698	28 26 68 31	4	6	0
699	1 55 98 11	1	-1	0
700	63 93 84 21	4	10	0
701	3 41 31 6	1	-1	0
702	21 22 20 54	3	1	0
703	4 32 93 61	1	-1	0
704	5 46 75 93	1	-1	0
705	8 10 90 9	2	-1	0
706	51 59 68 87	4	9	0
707	32 90 95 75	4	8	0
708	86 33 84 83	2	-1	0
709	4 74 62 92	1	-1	0
710	80 17 95 18	4	1	0
711	3 55 47 41	1	-1	0
712	76 71 26 41	3	5	0
713	49 76 22 97	3	7	0
714	75 52 72 42	2	-1	0
715	25 66 56 89	3	1	0
716	48 95 47 87	2	-1	0
717	7 58 73 83	3	9	0
718	3 78 26 54	1	-1	0
719	17 35 82 22	4	3	0
720	96 52 78 39	2	-1	0
721	70 98 84 71	4	6	0
722	43 30 12 19	2	-1	0
723	2 20 67 95	1	-1	0
724	73 77 56 95	3	2	0
725	18 76 89 82	2	-1	0
726	3 61 42 52	1	-1	0
727	3 94 80 98	1	-1	0
728	3 61 62 43	1	-1	0
729	25 22 49 91	4	10	0
730	43 53 17 66	3	7	0
731	44 56 17 81	2	-1	0
732	84 92 36 80	3	6	0
733	81 10 29 14	4	10	0
734	19 10 94 12	4	8	0
735	43 16 8 80	3	3	0
736	1 49 24 35	1	-1	0
737	85 86 53 15	2	-1	0
738	66 96 41 6	3	8	0
739	3 63 13 60	1	-1	0
740	29 65 44 43	3	9	0
741	49 50 86 15	3	4	0
742	60 43 51 46	2	-1	0
743	87 76 72 94	4	8	0
744	25 8 88 39	4	7	0
745	60 11 47 48	4	2	0
746	68 55 99 81	4	8	0
747	15 35 71 94	2	-1	0
748	1 43 61 54	1	-1	0
749	63 52 44 13	3	8	0
750	64 61 44 48	3	6	0
751	75 31 56 64	3	4	0
752	71 45 9 73	2	-1	0
753	51 70 28 83	2	-1	0
754	25 82 53 85	2	-1	0
755	1 57 54 16	1	-1	0
756	35 69 21 96	3	5	0
757	90 58 22 49	2	-1	0
758	86 37 63 35	4	7	0
759	51 78 22 95	4	2	0
760	5 95 50 80	1	-1	0
761	24 83 36 43	3	10	0
762	74 77 53 61	4	3	0
763	20 73 60 11	4	7	0
764	1 31 33 47	1	-1	0
765	56 10 43 59	3	10	0
766	82 10 91 68	3	1	0
767	16 65 95 80	4	7	0
768	9 55 48 89	4	10	0
769	3 96 41 49	1	-1	0
770	87 84 93 67	2	-1	0
771	31 27 8 54	4	3	0
772	39 32 60 77	2	-1	0
773	41 82 90 50	3	6	0
774	78 12 13 79	4	1	0
775	69 91 60 62	4	8	0
776	77 62 82 90	4	6	0
777	5 8 88 45	1	-1	0
778	92 94 67 93	3	9	0
779	48 38 64 66	2	-1	0
780	10 61 86 98	3	2	0
781	41 50 80 62	4	2	0
782	25 22 66 81	2	-1	0
783	87 48 77 81	4	8	0
784	4 14 40 38	1	-1	0
785	2 28 54 88	1	-1	0
786	30 48 49 80	4	7	0
787	13 83 58 78	3	10	0
788	37 100 78 28	2	-1	0
789	24 79 59 30	2	-1	0
790	3 77 64 44	1	-1	0
791	36 70 25 18	4	7	0
792	4 19 56 17	1	-1	0
793	3 91 74 55	1	-1	0
794	65 100 33 35	4	10	0
795	22 12 13 93	2	-1	0
796	2 13 43 61	1	-1	0
797	74 48 19 9	2	-1	0
798	4 92 35 89	1	-1	0
799	76 56 77 10	3	6	0
800	5 89 83 7	1	-1	0
801	83 76 23 50	3	10	0
802	57 14 21 81	3	5	0
803	21 15 82 43	4	5	1
804	64 10 69 41	3	4	0
805	80 61 87 13	4	10	0
806	2 14 28 17	1	-1	0
807	72 57 80 89	3	10	0
808	97 85 50 48	2	-1	0
809	15 45 59 19	2	-1	0
810	94 81 56 92	3	6	0
811	24 29 83 62	4	7	0
812	44 77 67 18	4	2	0
813	5 96 64 13	1	-1	0
814	79 44 9 76	2	-1	0
815	2 28 81 48	1	-1	0
816	17 72 63 100	4	4	0
817	93 11 70 9	2	-1	0
818	97 53 59 14	3	1	0
819	46 64 29 25	2	-1	0
820	98 82 70 64	4	2	0
821	93 41 52 13	4	6	0
822	82 81 40 17	2	-1	0
823	37 20 81 8	3	2	0
824	34 25 56 39	3	4	0
825	88 69 17 23	2	-1	0
826	23 57 9 73	4	5	0
827	30 23 38 42	4	8	0
828	1 49 81 29	1	-1	0
829	21 95 46 20	2	-1	0
830	46 41 63 7	4	7	0
831	4 26 24 36	1	-1	0
832	4 38 49 76	1	-1	0
833	28 86 50 18	4	6	0
834	95 71 72 86	3	3	0
835	95 70 52 15	4	10	0
836	20 81 83 100	3	7	0
837	3 66 7 81	1	-1	0
838	28 48 44 51	3	3	0
839	25 78 60 17	4	9	0
840	3 63 89 84	1	-1	0
841	4 80 89 7	1	-1	0
842	54 40 91 58	3	10	0
843	20 25 70 53	3	9	0
844	98 75 44 64	4	9	0
845	38 10 69 31	2	-1	0
846	2 57 37 80	1	-1	0
847	26 19 16 21	2	-1	0
848	89 70 17 85	2	-1	0
849	13 77 6 68	2	-1	0
850	99 7 59 50	4	1	1
851	4 34 45 22	1	-1	0
852	61 84 100 28	3	7	0
853	2 92 98 40	1	-1	0
854	11 57 77 73	3	7	0
855	50 39 63 38	3	10	0
856	62 88 56 39	4	6	0
857	55 38 25 99	4	6	0
858	75 83 55 45	3	5	0
859	3 17 67 78	1	-1	0
860	91 34 39 25	2	-1	0
861	36 97 24 55	4	10	0
862	3 44 87 21	1	-1	0
863	98 55 70 19	4	10	0
864	4 84 7 87	1	-1	0
865	50 74 80 18	2	-1	0
866	45 51 92 59	3	4	0
867	5 64 30 38	1	-1	0
868	43 6 91 41	3	7	0
869	78 36 11 35	4	5	0
870	63 70 99 72	2	-1	0
871	73 50 45 15	3	1	0
872	52 12 56 62	3	2	0
873	12 85 14 31	4	8	0
874	61 38 73 93	4	5	0
875	96 45 51 70	3	7	0
876	5 31 64 29	1	-1	0
877	3 43 45 84	1	-1	0
878	10 12 46 16	3	9	0
879	61 26 10 96	2	-1	0
880	22 16 15 18	3	8	0
881	99 55 36 71	3	4	0
882	18 13 67 35	2	-1	0
883	86 90 23 100	3	4	0
884	82 40 13 85	2	-1	0
885	10 74 95 83	2	-1	0
886	38 54 20 78	3	3	0
887	99 54 35 25	4	4	0
888	66 94 36 78	4	1	0
889	77 99 92 94	3	4	0
890	37 75 39 76	4	5	0
891	25 86 39 52	3	6	0
892	2 76 55 11	1	-1	0
893	21 83 66 30	4	3	0
894	14 42 65 17	4	1	0
895	28 89 27 9	2	-1	0
896	1 87 99 7	1	-1	0
897	95 9 26 13	4	4	0
898	93 57 37 17	3	2	0
899	85 48 75 54	2	-1	0
900	2 59 20 46	1	-1	0
901	52 14 17 20	4	2	0
902	26 15 94 46	3	6	0
903	2 88 17 33	1	-1	0
904	85 24 65 72	2	-1	0
905	19 7 85 81	2	-1	0
906	53 23 13 16	4	2	0
907	40 53 30 41	3	3	0
908	46 30 57 93	3	8	0
909	72 86 61 51	4	3	0
910	4 60 64 13	1	-1	0
911	26 34 55 12	2	-1	0
912	2 79 96 81	1	-1	0
913	46 90 81 63	4	8	0
914	43 86 90 50	4	3	0
915	36 87 89 75	2	-1	0
916	28 12 42 47	2	-1	0
917	1 16 29 35	1	-1	1
918	98 65 93 47	4	6	0
919	12 55 8 62	4	9	0
920	51 64 74 7	3	9	0
921	23 69 63 64	3	5	0
922	2 9 39 93	1	-1	0
923	27 59 23 79	4	10	0
924	42 40 15 51	3	3	0
925	2 12 45 56	1	-1	0
926	69 56 74 25	3	4	0
927	65 55 85 25	2	-1	0
928	36 77 96 59	2	-1	0
929	61 20 56 12	4	4	0
930	32 60 24 44	2	-1	0
931	36 9 57 73	4	10	0
932	8 31 10 17	3	9	0
933	4 11 53 67	1	-1	0
934	4 69 52 45	1	-1	0
935	4 51 17 28	1	-1	0
936	26 78 34 24	4	2	0
937	54 40 14 27	4	2	0
938	25 14 84 75	4	8	0
939	95 78 10 28	3	3	0
940	85 65 30 87	3	8	0
941	96 89 19 73	2	-1	0
942	1 16 63 55	1	-1	0
943	81 94 29 41	3	7	0
944	87 18 82 83	2	-1	0
945	6 32 47 70	3	1	0
946	70 79 76 29	4	3	0
947	17 98 26 78	4	2	0
948	5 55 18 56	1	-1	0
949	1 58 59 18	1	-1	0
950	81 83 20 73	2	-1	0
951	33 20 57 35	2	-1	0
952	5 28 45 62	1	-1	0
953	44 8 33 66	3	6	0
954	95 99 21 7	2	-1	0
955	87 92 74 45	4	5	0
956	59 36 90 49	4	2	0
957	46 69 88 92	4	10	0
958	83 76 27 56	4	6	0
959	41 100 23 32	4	2	0
960	26 47 53 73	4	2	0
961	46 90 25 64	2	-1	0
962	92 11 23 19	2	-1	0
963	57 61 22 20	2	-1	0
964	58 45 24 42	2	-1	0
965	78 36 45 74	4	2	0
966	18 46 54 97	2	-1	0
967	77 31 38 11	3	3	0
968	13 84 53 39	3	1	0
969	39 32 75 34	3	7	0
970	33 91 20 16	4	5	0
971	2 21 47 99	1	-1	0
972	25 82 49 87	4	2	0
973	71 86 99 18	3	1	0
974	60 52 57 82	2	-1	0
975	74 98 28 80	4	9	0
976	70 39 89 96	4	9	0
977	65 52 27 49	3	3	0
978	51 58 78 52	3	6	0
979	92 34 6 83	4	5	0
980	100 62 70 92	2	-1	0
981	95 66 70 19	2	-1	0
982	2 44 26 42	1	-1	0
983	64 52 94 73	2	-1	0
984	72 30 92 62	2	-1	0
985	25 16 48 81	3	9	0
986	5 30 82 28	1	-1	0
987	1 42 30 100	1	-1	0
988	96 99 35 60	4	3	0
989	44 7 50 48	3	3	0
990	61 64 59 13	3	2	0
991	4 66 68 97	1	-1	0
992	40 83 55 16	3	6	0
993	66 78 58 92	4	8	0
994	5 9 59 15	1	-1	0
995	31 79 43 57	4	2	0
996	37 22 17 27	4	5	0
997	1 29 32 71	1	-1	0
998	57 55 52 74	4	2	0
999	63 10 51 75	3	10	0
1000	44 46 16 79	3	9	0
