Students	500
1	2240 343 35 1479
2	2021 597 1249 1703
3	1205 1422 542 2045
4	2395 1813 361 2600
5	1731 1612 63 1173
6	343 497 1453 719
7	274 2996 37 2140
8	707 726 1176 2937
9	618 736 2097 2757
10	2205 2622 289 272
11	2871 209 1238 666
12	1227 1990 693 1083
13	967 2169 2674 928
14	1366 501 1654 684
15	177 1830 2714 1874
16	1418 193 1935 707
17	2798 60 1623 1427
18	519 2879 1759 218
19	1123 2069 2949 1996
20	1732 335 1152 1384
21	881 1986 1348 1438
22	763 1667 393 1349
23	2733 2583 1398 1684
24	2528 169 2877 2938
25	2912 117 2398 1210
26	2133 259 749 2872
27	1912 799 529 2800
28	316 1650 246 1336
29	2132 2798 1180 2850
30	1637 870 1651 2959
31	1571 934 1610 2886
32	1661 1525 1262 1642
33	138 277 2432 984
34	44 324 1720 72
35	768 2809 2725 1377
36	1829 1861 2443 2295
37	2436 65 2849 734
38	2355 2460 2804 360
39	1233 2301 2276 2395
40	2024 1053 1041 1719
41	2989 1145 1959 218
42	702 2063 710 1926
43	457 2063 2956 2687
44	1807 1601 2754 1031
45	1817 2026 1134 1505
46	1116 1000 70 2102
47	2237 1843 2953 2035
48	21 2707 621 1359
49	1398 364 352 753
50	391 975 882 2623
51	1321 1523 865 2212
52	2335 478 541 1027
53	416 2629 84 1944
54	12 2068 1037 330
55	1573 2729 2587 316
56	1230 1282 1582 1622
57	1122 56 1424 446
58	847 978 2909 2788
59	1799 1611 1152 1039
60	22 548 2032 2706
61	2352 2853 1338 330
62	1086 1641 780 969
63	1132 2165 291 1210
64	262 53 866 1680
65	1950 400 1644 1158
66	2628 636 1702 2869
67	1642 2178 182 2682
68	1606 2489 1058 1067
69	156 919 106 1674
70	1886 551 1069 1706
71	1564 681 2660 2387
72	985 857 935 2226
73	2217 1847 1750 2613
74	1728 222 2976 2085
75	297 1487 869 2130
76	2677 1971 2497 1248
77	1249 885 2291 563
78	1014 1517 2172 261
79	1078 187 105 450
80	615 1127 385 561
81	1137 2469 1265 1597
82	2941 1089 1156 1399
83	986 2707 347 1626
84	19 2724 2942 2497
85	1988 2124 1272 102
86	173 2245 1741 1450
87	670 1278 721 2637
88	2192 2374 2531 2833
89	430 948 1415 1025
90	460 1879 1123 47
91	964 2422 2900 676
92	77 2809 2073 70
93	765 1196 2835 2469
94	1210 1109 2290 545
95	2284 1318 173 1511
96	2908 1616 1453 959
97	770 700 2948 354
98	2239 2053 1300 2102
99	2460 1646 2690 794
100	1042 591 1257 541
101	667 1603 757 2573
102	2653 1905 1765 1426
103	1410 769 124 1126
104	1824 265 1010 2705
105	535 1636 362 1860
106	585 2236 2577 1587
107	804 1853 747 2464
108	1060 896 2848 1034
109	198 2928 543 1312
110	245 1176 1701 2023
111	2616 1291 1673 178
112	1448 1950 2317 2441
113	1366 2060 1026 1261
114	1506 2903 2579 1625
115	2234 2520 744 1851
116	1057 1890 2716 2868
117	551 867 2817 948
118	1977 1613 1470 2551
119	2506 105 2336 2633
120	1683 800 188 2055
121	1039 202 1710 203
122	300 2872 768 136
123	893 1679 47 727
124	691 138 1478 1128
125	947 2645 1858 2073
126	2110 2033 1120 2047
127	1623 108 1044 335
128	2656 671 2043 2546
129	2139 2894 2012 100
130	895 2132 892 575
131	501 980 1541 1132
132	923 370 2956 2641
133	1529 2313 803 697
134	2704 1426 2301 2684
135	1776 1264 672 1097
136	2904 824 1778 778
137	2049 870 2196 2827
138	2431 1495 266 1216
139	1218 1771 2738 1272
140	2707 1449 1340 1888
141	312 1441 2983 1925
142	131 580 2785 2392
143	2307 1742 595 1774
144	445 553 107 1901
145	1742 2218 1923 1769
146	2587 565 402 476
147	1187 2686 2657 138
148	302 2032 573 315
149	700 1694 1928 751
150	1092 2779 1069 1268
151	2786 1325 1775 809
152	1210 258 858 944
153	1887 2460 1388 730
154	1160 1537 1467 1781
155	2258 239 984 361
156	710 434 1444 1577
157	1049 792 1519 452
158	631 76 579 2272
159	1645 2580 1864 768
160	353 474 2741 1078
161	2758 765 361 2190
162	2385 2321 96 1479
163	408 2945 8 1796
164	1725 2190 2901 2188
165	802 2359 1783 1092
166	1634 636 2949 1729
167	1243 2286 2851 2350
168	926 341 83 1034
169	457 810 2628 2421
170	2500 1485 1029 290
171	1322 435 1840 2337
172	2113 819 1080 103
173	673 2161 2858 1625
174	2343 2663 905 1109
175	2864 1626 2721 381
176	2428 34 19 1210
177	1942 768 336 963
178	66 1528 2100 810
179	2685 97 2399 1460
180	409 2280 2541 1702
181	1392 225 1596 2107
182	1346 389 2229 2615
183	2148 643 2653 1285
184	2728 2628 659 2924
185	363 939 2740 1947
186	519 2974 2060 1543
187	1633 719 1682 2002
188	1834 1636 2229 1703
189	2511 1352 322 1518
190	576 2648 2313 2052
191	1460 2449 1235 537
192	2854 1927 708 2353
193	2210 512 2848 2781
194	1484 2790 2739 987
195	1902 648 1815 2662
196	1833 413 2642 489
197	2770 2509 2251 1679
198	1805 2514 2810 1493
199	1688 1710 1215 2599
200	1155 2731 61 1627
201	2769 2968 479 1685
202	2320 1629 1053 1259
203	1160 2965 369 743
204	1738 156 717 358
205	510 1615 1049 785
206	1125 1525 2867 1244
207	1976 877 274 831
208	2337 59 1855 2598
209	1382 1618 2209 1588
210	420 396 2346 765
211	2014 1160 1470 615
212	1050 688 932 177
213	1663 2207 2053 2035
214	939 2968 454 2589
215	2889 1693 332 864
216	2817 2494 2776 1024
217	781 2734 2874 2759
218	2645 2574 1409 210
219	829 1169 2415 836
220	1567 2119 1975 784
221	501 1637 2876 1934
222	2753 2276 1843 2517
223	450 870 1098 237
224	1420 1131 931 2675
225	2090 124 1487 179
226	287 828 1850 2510
227	881 2603 2471 1761
228	2244 1497 934 2652
229	1327 1239 2345 563
230	344 1784 1184 2006
231	515 1797 308 637
232	855 118 1864 2021
233	2448 1483 2894 1930
234	1136 1697 2296 756
235	1752 2427 963 1225
236	2414 2415 2310 1923
237	1466 531 1017 2511
238	1282 1765 1790 1028
239	1615 2324 2729 1446
240	704 924 849 1940
241	2106 2516 2398 2946
242	768 2972 1350 2619
243	137 1023 315 133
244	1075 313 769 349
245	1861 1247 1065 2668
246	768 2032 1757 2679
247	385 383 2250 2136
248	1606 12 233 317
249	389 2489 2308 2382
250	2216 190 1387 525
251	1726 1989 1805 2782
252	1776 2396 1640 46
253	2225 2163 1920 2090
254	829 1698 325 2316
255	676 64 1734 25
256	677 1185 2719 2655
257	1556 2103 1469 2882
258	974 514 2985 274
259	2462 2404 1926 2368
260	1578 1524 1586 1328
261	524 1728 2038 460
262	2554 2540 878 825
263	2127 1577 794 1414
264	1371 894 805 999
265	2291 758 642 1102
266	2841 2456 1893 2833
267	2802 2371 1957 1615
268	1199 1817 2193 601
269	1858 845 2268 1544
270	1906 2955 2258 1820
271	1493 2254 556 2582
272	299 2014 2894 1668
273	1341 729 1238 977
274	1080 2943 2042 821
275	2490 2334 2277 1024
276	1870 1473 978 1803
277	2223 1310 336 144
278	2606 2006 852 284
279	2247 1062 2893 2168
280	488 585 1576 1297
281	2777 1738 1918 234
282	1401 214 1101 170
283	1351 1679 910 1248
284	2382 305 316 923
285	2661 1401 1925 48
286	2595 54 1988 134
287	927 2155 2643 1406
288	1595 1010 2571 2686
289	2409 2434 535 2650
290	271 67 1077 2476
291	1584 107 788 81
292	839 486 2780 2056
293	1296 2116 1862 1469
294	566 485 113 2224
295	2761 951 1314 2748
296	1572 1231 1849 2956
297	820 1272 2941 559
298	2052 2937 454 533
299	1077 283 261 573
300	2606 2014 406 536
301	757 1566 2915 1493
302	74 2023 1270 283
303	2042 2230 1756 2346
304	2273 358 2408 517
305	2550 1290 1146 1100
306	1451 322 2378 541
307	227 1270 1326 1764
308	2956 395 1369 615
309	2487 24 1691 9
310	716 1137 2366 1281
311	768 2771 330 1912
312	2516 270 225 1344
313	2911 2300 333 1718
314	1809 41 1383 514
315	2776 2234 1090 539
316	2919 29 2583 207
317	1442 2119 140 648
318	1893 30 734 2739
319	1049 3 2040 2447
320	1094 2676 880 2061
321	2937 2969 225 405
322	1706 838 1165 1357
323	155 2923 964 108
324	2828 2825 2713 1186
325	673 2687 2170 2206
326	2633 728 2483 459
327	2768 1196 160 2337
328	2231 146 2337 2329
329	2978 2312 1315 190
330	2388 1820 1888 1134
331	845 2437 2086 2601
332	2067 520 112 1749
333	2297 2775 2855 74
334	2003 1751 1153 1200
335	2009 1669 2834 1328
336	994 1603 2399 52
337	420 2078 1445 375
338	1523 244 549 1017
339	1243 759 478 2285
340	511 2220 1170 2329
341	351 293 1765 2156
342	1585 1878 145 2778
343	744 2532 157 2868
344	1146 782 2337 884
345	2052 2548 2243 16
346	1786 131 2868 424
347	1546 1574 1428 1909
348	178 2651 1582 2575
349	1038 1825 2886 786
350	2530 497 2463 108
351	2280 452 2242 1317
352	954 149 2171 1548
353	1563 2230 2914 151
354	2751 234 238 830
355	2143 2862 605 2663
356	2564 627 2038 2886
357	2859 82 2656 1146
358	1687 2056 2235 671
359	2975 1947 2754 534
360	2447 1794 1137 2461
361	1681 2954 891 274
362	1628 1833 204 1769
363	16 770 2409 2258
364	194 233 2827 3
365	1123 2523 602 2669
366	302 2088 531 2924
367	2710 710 1445 2330
368	618 2780 1808 172
369	1442 876 832 2555
370	1312 1878 993 2522
371	1664 2256 2042 2633
372	2857 2221 2859 2162
373	360 1610 1085 947
374	2799 1338 1981 2133
375	2619 456 148 2297
376	2079 2462 1393 104
377	1101 879 486 1307
378	254 2971 1587 1981
379	25 18 1818 1778
380	1053 2127 1605 2307
381	105 2231 1643 2634
382	1126 1476 2673 1150
383	593 799 768 504
384	2664 2266 1695 107
385	2182 1879 2900 1194
386	1670 2683 833 1204
387	917 1195 200 1178
388	130 2591 2460 854
389	574 2764 2451 844
390	182 1897 855 615
391	1031 1656 744 1566
392	485 2443 244 317
393	1153 2531 2493 2695
394	1555 2715 2102 1146
395	1491 347 66 381
396	623 2406 1018 1524
397	2735 302 2380 2542
398	1813 2118 1923 99
399	1363 678 2494 2581
400	928 272 96 1830
401	2253 1843 479 1305
402	2041 402 991 79
403	192 214 1709 1186
404	1298 2767 1763 2726
405	1251 525 1160 1434
406	2891 2257 1208 2674
407	1834 208 2344 446
408	107 243 798 1677
409	2945 2180 147 1985
410	564 47 2560 1198
411	737 747 63 1952
412	2384 2252 1690 1005
413	1821 726 150 2855
414	2955 105 51 421
415	1043 1267 2431 2035
416	2266 1699 2023 611
417	1510 1188 1499 2361
418	1362 602 622 1902
419	2598 2923 2666 1528
420	1513 3000 2327 2042
421	1405 1487 217 153
422	1937 1291 2671 2370
423	2749 1069 2090 2752
424	625 1436 371 1203
425	1275 1105 2738 164
426	2796 192 1573 2265
427	504 1834 847 2300
428	1858 2619 691 1720
429	1830 514 1216 61
430	1453 2030 1332 1373
431	2441 1558 225 958
432	1181 781 1842 748
433	984 980 1120 2419
434	996 969 1258 1189
435	448 553 646 1869
436	967 295 2651 1742
437	1292 116 1576 2575
438	2178 2968 2294 1414
439	163 478 1152 1762
440	956 625 473 1474
441	2795 300 648 1882
442	2332 812 391 2743
443	2711 1277 964 1843
444	797 631 214 1312
445	1240 2842 2496 2825
446	1789 1614 1065 1845
447	2104 2469 1430 2691
448	192 924 2641 564
449	426 507 1138 219
450	1206 371 12 1179
451	1395 2251 1446 2246
452	1452 1687 1225 2373
453	142 2769 238 1441
454	980 858 1440 64
455	453 688 1168 1725
456	1999 166 2543 488
457	2928 2927 129 1433
458	2667 2938 2483 139
459	1966 1965 2591 1060
460	1112 1744 1993 2900
461	2648 939 1033 914
462	1058 2083 1840 2125
463	2011 2459 2317 2205
464	951 2300 336 2141
465	2599 1602 149 1038
466	1360 2672 1538 1542
467	1316 128 2594 379
468	668 2276 326 763
469	633 1456 91 1454
470	610 2371 1433 775
471	2063 1451 1437 1115
472	1129 2634 1444 287
473	2535 2516 1844 2478
474	2287 1657 1863 1652
475	826 2927 1419 2683
476	2555 2646 2488 632
477	2624 1726 1214 850
478	1741 288 560 431
479	1021 2880 2446 1232
480	2116 2192 1540 818
481	317 1730 2453 2290
482	901 294 733 1839
483	2951 1052 1599 1745
484	2280 5 1572 1457
485	2126 2356 516 2813
486	393 2768 2946 591
487	2320 1246 2856 644
488	2442 1041 691 1317
489	1333 1917 1147 2519
490	2018 1549 2177 2510
491	1809 8 1276 2640
492	1154 1916 799 1991
493	315 2205 1746 2330
494	1232 1581 205 2175
495	2076 2089 2977 149
496	971 2082 171 2430
497	241 2803 715 874
498	1059 523 2198 2736
499	2286 2197 1957 396
500	2723 2188 2219 1888
