Class Times	100
Rooms	100
1	672
2	107
3	165
4	120
5	506
6	678
7	22
8	407
9	960
10	274
11	176
12	550
13	692
14	261
15	305
16	487
17	53
18	478
19	516
20	689
21	130
22	724
23	340
24	37
25	259
26	74
27	565
28	415
29	678
30	960
31	252
32	803
33	337
34	945
35	572
36	592
37	897
38	970
39	631
40	811
41	198
42	815
43	629
44	856
45	825
46	225
47	729
48	896
49	500
50	273
51	99
52	297
53	715
54	510
55	481
56	826
57	207
58	721
59	254
60	972
61	914
62	140
63	870
64	888
65	131
66	853
67	649
68	48
69	220
70	309
71	967
72	939
73	117
74	311
75	854
76	177
77	995
78	837
79	888
80	646
81	131
82	627
83	326
84	172
85	468
86	971
87	265
88	631
89	902
90	79
91	718
92	588
93	969
94	740
95	980
96	199
97	402
98	742
99	317
100	291
Classes	10000
Teachers	5000
1	1354
2	3280
3	2935
4	897
5	1658
6	2941
7	4849
8	87
9	569
10	3800
11	769
12	3365
13	3071
14	1934
15	4419
16	971
17	482
18	4112
19	2499
20	722
21	1190
22	1667
23	2098
24	1563
25	1080
26	2058
27	1797
28	4165
29	2844
30	125
31	1871
32	2674
33	4222
34	4475
35	1622
36	900
37	2940
38	3848
39	2391
40	1904
41	648
42	3985
43	3073
44	1513
45	3722
46	3818
47	1021
48	2672
49	4927
50	4861
51	749
52	3249
53	2817
54	2423
55	4083
56	1538
57	4504
58	4541
59	4885
60	895
61	250
62	3831
63	602
64	2025
65	3835
66	466
67	4177
68	3102
69	1155
70	2042
71	2764
72	1195
73	4054
74	3971
75	2646
76	3279
77	4408
78	4255
79	535
80	1012
81	2475
82	3875
83	4105
84	630
85	3024
86	1983
87	327
88	4914
89	4775
90	2303
91	3830
92	3531
93	4723
94	3465
95	3416
96	1081
97	623
98	3984
99	3756
100	4176
101	733
102	3591
103	3818
104	2593
105	1094
106	2968
107	140
108	381
109	2545
110	1458
111	2700
112	1058
113	3248
114	2253
115	953
116	2474
117	36
118	1147
119	1971
120	4301
121	3823
122	2280
123	4379
124	443
125	118
126	3054
127	3632
128	413
129	144
130	3664
131	4728
132	3916
133	2795
134	1355
135	3599
136	4777
137	1968
138	2773
139	2752
140	66
141	1340
142	2775
143	4197
144	3691
145	3181
146	997
147	3807
148	2246
149	104
150	2867
151	3238
152	2871
153	1975
154	4631
155	4574
156	34
157	2316
158	3432
159	4624
160	1423
161	2370
162	2285
163	2087
164	4332
165	1132
166	3523
167	713
168	1828
169	3728
170	693
171	2595
172	4392
173	105
174	1752
175	246
176	4115
177	3194
178	2552
179	2437
180	1916
181	4174
182	4232
183	2539
184	2678
185	3872
186	1782
187	3423
188	897
189	4277
190	558
191	3725
192	2126
193	3871
194	2224
195	1424
196	474
197	2681
198	4671
199	4307
200	4138
201	3273
202	326
203	3771
204	1890
205	2164
206	3339
207	3952
208	545
209	2523
210	791
211	4591
212	270
213	2225
214	4467
215	3778
216	1673
217	1546
218	4492
219	587
220	4935
221	3230
222	139
223	4364
224	415
225	614
226	1966
227	496
228	4952
229	1843
230	1186
231	1369
232	3881
233	2651
234	629
235	4074
236	2863
237	4733
238	902
239	569
240	3716
241	1968
242	1388
243	2639
244	4107
245	745
246	158
247	1653
248	3034
249	1827
250	1955
251	509
252	4439
253	2695
254	4356
255	4943
256	2481
257	1704
258	186
259	2468
260	2939
261	3143
262	2560
263	4964
264	2774
265	4965
266	4717
267	4322
268	173
269	4378
270	1523
271	2689
272	1779
273	4121
274	1125
275	3799
276	424
277	1407
278	3540
279	432
280	1384
281	4404
282	1574
283	4412
284	3249
285	1648
286	1572
287	3196
288	1176
289	3936
290	1470
291	411
292	3004
293	1359
294	2910
295	2706
296	2218
297	146
298	2925
299	1620
300	391
301	1595
302	3689
303	529
304	4996
305	2438
306	1941
307	2781
308	2535
309	603
310	954
311	4416
312	977
313	302
314	4128
315	3005
316	2572
317	132
318	1609
319	2474
320	2067
321	4221
322	2366
323	2081
324	1229
325	94
326	3497
327	2829
328	1658
329	3749
330	4317
331	1668
332	1447
333	4371
334	3083
335	2230
336	4893
337	3074
338	2896
339	854
340	2613
341	337
342	1665
343	401
344	4235
345	4236
346	3782
347	2181
348	3647
349	832
350	2842
351	3061
352	4421
353	1925
354	879
355	990
356	3743
357	4927
358	2986
359	185
360	3392
361	1433
362	3162
363	2848
364	1294
365	2782
366	3812
367	2514
368	2879
369	2927
370	4719
371	920
372	185
373	327
374	1738
375	3305
376	3873
377	649
378	3891
379	2355
380	3385
381	1257
382	2634
383	4013
384	3351
385	62
386	2352
387	158
388	1519
389	2083
390	2712
391	1949
392	4272
393	4224
394	646
395	4556
396	3909
397	564
398	1778
399	4926
400	1036
401	2875
402	3155
403	582
404	1358
405	3880
406	3801
407	2591
408	2312
409	3820
410	2753
411	1418
412	3844
413	322
414	1764
415	1428
416	2386
417	1195
418	3403
419	115
420	2151
421	2134
422	4063
423	391
424	951
425	4105
426	2782
427	403
428	385
429	2331
430	3302
431	1749
432	4569
433	1965
434	1621
435	689
436	1264
437	32
438	186
439	1998
440	870
441	4565
442	1801
443	3798
444	3065
445	1827
446	367
447	635
448	3932
449	539
450	1424
451	3633
452	1095
453	1208
454	500
455	1156
456	2440
457	2011
458	3767
459	2619
460	3932
461	1501
462	4100
463	3424
464	60
465	688
466	1887
467	2229
468	4464
469	1951
470	63
471	1252
472	1010
473	3736
474	3141
475	4743
476	2323
477	2880
478	4815
479	159
480	3781
481	2162
482	4694
483	4886
484	2230
485	1704
486	2779
487	3499
488	3731
489	4992
490	3221
491	2106
492	3459
493	2921
494	4696
495	560
496	1446
497	1864
498	1639
499	163
500	1679
501	1273
502	3957
503	1809
504	953
505	3101
506	1104
507	4260
508	878
509	4483
510	2543
511	1789
512	2095
513	2850
514	4208
515	3830
516	3670
517	2349
518	304
519	3325
520	2207
521	4084
522	317
523	1321
524	395
525	1921
526	799
527	4381
528	1893
529	3213
530	4245
531	1676
532	955
533	4729
534	4104
535	1094
536	3307
537	1796
538	4758
539	3548
540	3236
541	1553
542	1761
543	2299
544	1873
545	3413
546	4955
547	1667
548	3318
549	3008
550	1548
551	2096
552	3745
553	24
554	2234
555	203
556	409
557	311
558	4838
559	2831
560	1672
561	4271
562	1350
563	4413
564	3569
565	4950
566	2119
567	1123
568	2037
569	104
570	2317
571	2871
572	3614
573	2670
574	32
575	1659
576	3241
577	3279
578	4703
579	4579
580	684
581	2473
582	2804
583	616
584	3287
585	1793
586	241
587	3290
588	4750
589	204
590	1648
591	2035
592	2795
593	437
594	3111
595	3779
596	3157
597	4537
598	3364
599	3692
600	4255
601	4210
602	3119
603	1436
604	4300
605	2053
606	717
607	3794
608	1025
609	5
610	2922
611	2783
612	1475
613	3778
614	3925
615	1580
616	1647
617	2329
618	3648
619	1536
620	4390
621	4721
622	4279
623	2643
624	814
625	3804
626	3887
627	1091
628	75
629	4841
630	3416
631	239
632	2433
633	3452
634	2765
635	1103
636	3810
637	1524
638	2902
639	3257
640	3112
641	563
642	4017
643	2860
644	3025
645	4406
646	4794
647	4933
648	139
649	2077
650	1275
651	4295
652	951
653	2462
654	2509
655	543
656	4234
657	1288
658	2725
659	1297
660	4428
661	2691
662	4391
663	372
664	2587
665	1302
666	379
667	2197
668	3797
669	1233
670	2210
671	4627
672	3675
673	3980
674	3124
675	3804
676	2189
677	1062
678	4923
679	554
680	3808
681	3651
682	1003
683	4236
684	4411
685	1605
686	1400
687	3990
688	1256
689	3723
690	4597
691	3087
692	4214
693	25
694	4509
695	1652
696	51
697	2353
698	3246
699	3290
700	3025
701	864
702	958
703	4271
704	2144
705	4346
706	404
707	4458
708	3766
709	4919
710	1566
711	4463
712	2600
713	2314
714	1127
715	758
716	4814
717	1637
718	4355
719	2180
720	611
721	2391
722	1697
723	2242
724	85
725	1707
726	1386
727	4695
728	4212
729	3491
730	4627
731	2143
732	1780
733	2729
734	4497
735	2334
736	3690
737	4166
738	3865
739	3850
740	2275
741	1040
742	215
743	581
744	2876
745	2610
746	4824
747	155
748	1282
749	1840
750	4914
751	3774
752	3691
753	3270
754	1982
755	3877
756	3403
757	2707
758	2953
759	326
760	2526
761	2790
762	3191
763	3175
764	4907
765	2512
766	2900
767	4293
768	2337
769	3767
770	4509
771	1691
772	1626
773	3486
774	184
775	3174
776	1588
777	1868
778	2308
779	3150
780	2618
781	3925
782	3427
783	1990
784	508
785	421
786	664
787	2224
788	1409
789	2595
790	1516
791	4100
792	1495
793	1473
794	1546
795	3257
796	3379
797	3396
798	3962
799	4670
800	3860
801	3688
802	3111
803	907
804	4161
805	279
806	3448
807	3406
808	3537
809	157
810	2502
811	1921
812	4682
813	2714
814	1511
815	4010
816	819
817	3371
818	3898
819	4973
820	3842
821	1223
822	1245
823	3732
824	3679
825	127
826	217
827	1011
828	4692
829	647
830	4497
831	2618
832	701
833	1129
834	2779
835	4570
836	4361
837	815
838	534
839	3261
840	1240
841	3380
842	2464
843	2306
844	1923
845	265
846	3323
847	3382
848	964
849	3256
850	3351
851	3404
852	1844
853	3484
854	604
855	128
856	3537
857	4303
858	641
859	2546
860	3665
861	913
862	4707
863	1761
864	3854
865	1415
866	3652
867	4864
868	1070
869	3598
870	2617
871	4317
872	4891
873	2013
874	2062
875	3678
876	577
877	968
878	1150
879	2907
880	3927
881	239
882	4143
883	827
884	1649
885	663
886	4541
887	4626
888	2019
889	4658
890	1101
891	1157
892	3734
893	3119
894	1760
895	4232
896	1991
897	2219
898	1620
899	768
900	1818
901	2291
902	3901
903	4917
904	2985
905	1410
906	4003
907	1022
908	87
909	2812
910	518
911	126
912	4695
913	3674
914	1821
915	553
916	855
917	2714
918	4331
919	648
920	651
921	3007
922	3132
923	3187
924	2747
925	4583
926	4120
927	1000
928	2771
929	2885
930	4377
931	4253
932	546
933	1092
934	4632
935	2214
936	3553
937	2565
938	1793
939	3265
940	3388
941	642
942	1415
943	4663
944	3826
945	4771
946	2677
947	978
948	4849
949	2839
950	722
951	3316
952	2968
953	4114
954	3843
955	4740
956	4381
957	931
958	3479
959	53
960	94
961	4008
962	2430
963	92
964	497
965	274
966	4906
967	2872
968	2760
969	4484
970	3750
971	3554
972	822
973	2076
974	4044
975	209
976	2008
977	2862
978	4921
979	1211
980	4084
981	4163
982	976
983	3350
984	4641
985	2170
986	695
987	436
988	931
989	4609
990	42
991	4771
992	2580
993	3897
994	3465
995	2464
996	3711
997	950
998	3243
999	4961
1000	4981
1001	3421
1002	222
1003	498
1004	250
1005	2798
1006	2456
1007	229
1008	923
1009	2590
1010	3456
1011	2138
1012	3994
1013	474
1014	446
1015	2176
1016	2114
1017	4561
1018	3760
1019	318
1020	1350
1021	2022
1022	1320
1023	1764
1024	2362
1025	2730
1026	1930
1027	4510
1028	4678
1029	2556
1030	4598
1031	625
1032	244
1033	131
1034	396
1035	152
1036	4922
1037	2063
1038	1836
1039	3915
1040	4379
1041	4663
1042	4791
1043	4588
1044	3143
1045	2848
1046	3042
1047	341
1048	7
1049	3172
1050	1495
1051	4482
1052	3789
1053	4659
1054	880
1055	3427
1056	3828
1057	4778
1058	198
1059	301
1060	3688
1061	3698
1062	248
1063	4371
1064	4604
1065	166
1066	2928
1067	2333
1068	1551
1069	4032
1070	3265
1071	2104
1072	4380
1073	3922
1074	2247
1075	4999
1076	1801
1077	3973
1078	1397
1079	2326
1080	128
1081	3450
1082	4051
1083	1502
1084	2125
1085	1842
1086	1318
1087	4944
1088	2027
1089	2097
1090	4697
1091	2122
1092	4924
1093	2431
1094	4066
1095	3110
1096	1783
1097	1209
1098	627
1099	1959
1100	3916
1101	496
1102	4031
1103	21
1104	1493
1105	1354
1106	2831
1107	556
1108	1507
1109	2580
1110	4063
1111	1527
1112	349
1113	280
1114	4120
1115	1820
1116	4554
1117	499
1118	4194
1119	570
1120	4216
1121	4128
1122	2227
1123	3053
1124	3252
1125	828
1126	54
1127	384
1128	1686
1129	4058
1130	2681
1131	451
1132	1224
1133	4454
1134	1631
1135	4655
1136	1953
1137	3054
1138	2688
1139	573
1140	958
1141	439
1142	3187
1143	763
1144	3482
1145	1160
1146	3501
1147	983
1148	4680
1149	1516
1150	294
1151	3698
1152	3724
1153	616
1154	2489
1155	1323
1156	4564
1157	841
1158	1443
1159	1390
1160	2119
1161	3720
1162	3242
1163	3039
1164	1556
1165	2575
1166	1798
1167	1414
1168	2473
1169	309
1170	4474
1171	828
1172	3901
1173	2380
1174	516
1175	3888
1176	4321
1177	4499
1178	4839
1179	4401
1180	3623
1181	1484
1182	2075
1183	819
1184	189
1185	776
1186	3640
1187	761
1188	2546
1189	578
1190	135
1191	3964
1192	1182
1193	1606
1194	230
1195	4605
1196	295
1197	2061
1198	2342
1199	4043
1200	1053
1201	4898
1202	3998
1203	3960
1204	3985
1205	4954
1206	1132
1207	2124
1208	4707
1209	1378
1210	3534
1211	4336
1212	2179
1213	3959
1214	1513
1215	858
1216	223
1217	364
1218	1018
1219	3577
1220	1661
1221	230
1222	2911
1223	265
1224	861
1225	568
1226	2307
1227	1845
1228	883
1229	4970
1230	4529
1231	2177
1232	2510
1233	4287
1234	4925
1235	2609
1236	4767
1237	3498
1238	1665
1239	736
1240	3546
1241	1573
1242	920
1243	1492
1244	2810
1245	4595
1246	1326
1247	989
1248	4706
1249	1181
1250	1966
1251	4689
1252	2735
1253	4881
1254	1626
1255	4563
1256	3480
1257	2822
1258	1072
1259	58
1260	3649
1261	1158
1262	4307
1263	1498
1264	3484
1265	1779
1266	2196
1267	1503
1268	297
1269	11
1270	2995
1271	1835
1272	4185
1273	2868
1274	1323
1275	1798
1276	2202
1277	1313
1278	4936
1279	2730
1280	735
1281	4661
1282	3511
1283	187
1284	1729
1285	3628
1286	1993
1287	1082
1288	2456
1289	4798
1290	980
1291	2750
1292	1265
1293	3810
1294	2561
1295	3459
1296	764
1297	751
1298	757
1299	2202
1300	2304
1301	1352
1302	826
1303	2321
1304	4347
1305	2169
1306	2644
1307	3498
1308	499
1309	774
1310	1904
1311	1019
1312	1491
1313	3674
1314	3310
1315	3354
1316	2690
1317	1487
1318	3381
1319	1852
1320	1528
1321	244
1322	1762
1323	1473
1324	1421
1325	4946
1326	2281
1327	1333
1328	1837
1329	3649
1330	2448
1331	180
1332	4976
1333	2318
1334	1977
1335	4456
1336	4881
1337	3362
1338	4674
1339	2461
1340	344
1341	1566
1342	3193
1343	4028
1344	3372
1345	676
1346	1583
1347	3549
1348	4778
1349	2406
1350	4942
1351	3627
1352	1569
1353	1065
1354	2858
1355	4303
1356	4447
1357	4539
1358	3509
1359	1405
1360	1790
1361	3396
1362	2128
1363	2228
1364	1488
1365	3858
1366	2562
1367	48
1368	1137
1369	634
1370	3139
1371	2114
1372	624
1373	1458
1374	2889
1375	1316
1376	4283
1377	2863
1378	2373
1379	1552
1380	4845
1381	4279
1382	1456
1383	3152
1384	3844
1385	4440
1386	20
1387	3856
1388	4882
1389	4489
1390	2104
1391	769
1392	999
1393	1593
1394	2343
1395	2457
1396	595
1397	376
1398	2817
1399	1612
1400	2407
1401	3604
1402	1615
1403	1695
1404	267
1405	2768
1406	100
1407	2780
1408	1131
1409	363
1410	2313
1411	2253
1412	1999
1413	3912
1414	2713
1415	3709
1416	2966
1417	1628
1418	314
1419	1518
1420	3501
1421	3694
1422	747
1423	1643
1424	4002
1425	3055
1426	1877
1427	3619
1428	1170
1429	2472
1430	2
1431	2651
1432	760
1433	3997
1434	2555
1435	4986
1436	3955
1437	4712
1438	339
1439	3392
1440	1083
1441	4093
1442	4201
1443	1383
1444	401
1445	4993
1446	2291
1447	4942
1448	2609
1449	4636
1450	2707
1451	823
1452	2913
1453	4833
1454	1970
1455	4428
1456	1776
1457	4984
1458	3460
1459	1466
1460	223
1461	3139
1462	3252
1463	1494
1464	1663
1465	941
1466	4544
1467	4945
1468	743
1469	1273
1470	3030
1471	457
1472	2761
1473	4791
1474	1810
1475	1564
1476	3469
1477	1967
1478	4853
1479	2682
1480	1085
1481	3047
1482	4751
1483	2268
1484	1575
1485	1993
1486	1050
1487	3895
1488	4089
1489	4188
1490	757
1491	3272
1492	1771
1493	3492
1494	1127
1495	2379
1496	4075
1497	4749
1498	133
1499	3034
1500	2889
1501	1080
1502	1121
1503	1628
1504	4408
1505	2604
1506	4092
1507	997
1508	865
1509	4254
1510	1399
1511	317
1512	3390
1513	2649
1514	687
1515	1203
1516	2494
1517	1351
1518	1078
1519	321
1520	4832
1521	3621
1522	1083
1523	4219
1524	1653
1525	839
1526	1816
1527	2997
1528	615
1529	4081
1530	2578
1531	3319
1532	2098
1533	4963
1534	2962
1535	1596
1536	1822
1537	3375
1538	1802
1539	1450
1540	3013
1541	3419
1542	617
1543	652
1544	4851
1545	874
1546	2774
1547	1942
1548	4770
1549	367
1550	3572
1551	877
1552	4991
1553	1880
1554	315
1555	1222
1556	4484
1557	3950
1558	1523
1559	2292
1560	4313
1561	1409
1562	4653
1563	1037
1564	3794
1565	3444
1566	462
1567	3358
1568	2450
1569	2909
1570	785
1571	4978
1572	315
1573	1627
1574	4636
1575	2039
1576	3429
1577	2584
1578	2641
1579	946
1580	754
1581	3963
1582	639
1583	4362
1584	1050
1585	3046
1586	4858
1587	3695
1588	588
1589	4744
1590	4085
1591	2313
1592	3564
1593	4040
1594	1150
1595	4947
1596	2376
1597	173
1598	4159
1599	835
1600	268
1601	1611
1602	1482
1603	4823
1604	1412
1605	4052
1606	1884
1607	767
1608	207
1609	952
1610	1746
1611	3574
1612	3708
1613	2356
1614	4011
1615	3665
1616	2406
1617	37
1618	4560
1619	999
1620	4305
1621	2701
1622	1659
1623	2141
1624	678
1625	3439
1626	840
1627	3850
1628	3579
1629	3267
1630	3774
1631	1089
1632	2662
1633	3927
1634	2025
1635	4373
1636	69
1637	830
1638	2360
1639	2563
1640	451
1641	2103
1642	189
1643	3802
1644	4798
1645	4221
1646	2220
1647	633
1648	3565
1649	4443
1650	1054
1651	3030
1652	1488
1653	4465
1654	2343
1655	1445
1656	3453
1657	748
1658	2625
1659	96
1660	2977
1661	1992
1662	4731
1663	2912
1664	4244
1665	3574
1666	3847
1667	4037
1668	75
1669	4555
1670	1712
1671	773
1672	1155
1673	3884
1674	912
1675	3845
1676	351
1677	3343
1678	3652
1679	48
1680	4050
1681	2840
1682	486
1683	4092
1684	4301
1685	2150
1686	621
1687	339
1688	3715
1689	928
1690	3289
1691	795
1692	2744
1693	2769
1694	2472
1695	2846
1696	1675
1697	1189
1698	4704
1699	4544
1700	4178
1701	108
1702	3225
1703	2626
1704	1234
1705	4500
1706	177
1707	4035
1708	3827
1709	1426
1710	2207
1711	21
1712	3364
1713	505
1714	4812
1715	4288
1716	488
1717	1534
1718	1501
1719	3207
1720	2287
1721	2121
1722	1120
1723	1365
1724	4963
1725	46
1726	1110
1727	4200
1728	1947
1729	3320
1730	305
1731	4200
1732	3423
1733	2067
1734	646
1735	1340
1736	4281
1737	3519
1738	822
1739	389
1740	513
1741	62
1742	2832
1743	533
1744	3941
1745	557
1746	3060
1747	4642
1748	402
1749	4285
1750	4722
1751	2972
1752	2981
1753	4087
1754	210
1755	1633
1756	2477
1757	4668
1758	3291
1759	284
1760	3866
1761	3316
1762	154
1763	1216
1764	3093
1765	738
1766	672
1767	1484
1768	2265
1769	445
1770	4877
1771	3003
1772	2101
1773	3908
1774	3433
1775	3783
1776	2219
1777	771
1778	2969
1779	174
1780	1390
1781	1034
1782	2335
1783	2901
1784	630
1785	4807
1786	811
1787	313
1788	2081
1789	760
1790	4725
1791	2811
1792	2384
1793	2054
1794	2519
1795	4074
1796	81
1797	3710
1798	1715
1799	2851
1800	4362
1801	555
1802	2255
1803	444
1804	3070
1805	2466
1806	3929
1807	2590
1808	1643
1809	343
1810	4028
1811	430
1812	3226
1813	1594
1814	4693
1815	3583
1816	1022
1817	4299
1818	3625
1819	984
1820	4338
1821	3681
1822	1720
1823	3938
1824	947
1825	785
1826	1481
1827	2711
1828	1636
1829	4395
1830	3489
1831	621
1832	1170
1833	3384
1834	2396
1835	4674
1836	1467
1837	3026
1838	4471
1839	262
1840	778
1841	2778
1842	3105
1843	2436
1844	1951
1845	2550
1846	4739
1847	4380
1848	340
1849	433
1850	4922
1851	1004
1852	3278
1853	3550
1854	1837
1855	4794
1856	1439
1857	2589
1858	4170
1859	4759
1860	3668
1861	3372
1862	669
1863	4345
1864	64
1865	4264
1866	2163
1867	2223
1868	1997
1869	456
1870	3146
1871	3023
1872	3558
1873	839
1874	4070
1875	2260
1876	389
1877	3648
1878	3362
1879	1858
1880	2486
1881	3874
1882	4361
1883	2748
1884	726
1885	677
1886	633
1887	1671
1888	4340
1889	1909
1890	3379
1891	1735
1892	1244
1893	1251
1894	3749
1895	3033
1896	2895
1897	4804
1898	638
1899	2801
1900	3732
1901	2468
1902	2008
1903	3807
1904	3956
1905	3343
1906	1902
1907	1301
1908	957
1909	3740
1910	2122
1911	2483
1912	1759
1913	2694
1914	1446
1915	1858
1916	4886
1917	2505
1918	3577
1919	2314
1920	2183
1921	2243
1922	1110
1923	2510
1924	2937
1925	872
1926	2196
1927	89
1928	783
1929	4027
1930	3580
1931	4620
1932	4077
1933	1380
1934	1963
1935	761
1936	3803
1937	4357
1938	280
1939	3180
1940	2321
1941	4834
1942	3552
1943	4756
1944	2158
1945	2776
1946	1226
1947	949
1948	1259
1949	4020
1950	4724
1951	3033
1952	4854
1953	943
1954	1896
1955	1281
1956	4399
1957	2747
1958	870
1959	4257
1960	1374
1961	668
1962	3634
1963	1280
1964	1515
1965	2239
1966	4902
1967	1118
1968	2214
1969	28
1970	3750
1971	4980
1972	4156
1973	2283
1974	4414
1975	1965
1976	56
1977	1364
1978	364
1979	512
1980	4709
1981	3576
1982	1709
1983	3742
1984	1752
1985	4306
1986	3206
1987	4119
1988	4440
1989	1797
1990	2033
1991	248
1992	852
1993	3689
1994	934
1995	943
1996	4505
1997	3979
1998	572
1999	1095
2000	3989
2001	1211
2002	2275
2003	1543
2004	452
2005	4336
2006	4890
2007	131
2008	4089
2009	202
2010	4290
2011	826
2012	4174
2013	4163
2014	1518
2015	4528
2016	2047
2017	2059
2018	2012
2019	750
2020	481
2021	1037
2022	1017
2023	3589
2024	3000
2025	2536
2026	234
2027	4322
2028	4347
2029	55
2030	4270
2031	3863
2032	3970
2033	3578
2034	2566
2035	3773
2036	3560
2037	4056
2038	4127
2039	1854
2040	1462
2041	3148
2042	1522
2043	858
2044	2808
2045	4064
2046	1030
2047	1570
2048	2283
2049	1235
2050	219
2051	2588
2052	4585
2053	4328
2054	217
2055	1474
2056	820
2057	2062
2058	2099
2059	4483
2060	3507
2061	1206
2062	105
2063	4338
2064	1383
2065	1612
2066	3245
2067	3085
2068	4893
2069	450
2070	4389
2071	202
2072	2497
2073	2829
2074	4166
2075	4443
2076	3125
2077	2941
2078	3681
2079	2142
2080	2686
2081	2331
2082	727
2083	2115
2084	1172
2085	2440
2086	1177
2087	3203
2088	1589
2089	4667
2090	4732
2091	2907
2092	1680
2093	1147
2094	1290
2095	204
2096	2820
2097	2402
2098	4911
2099	3959
2100	1271
2101	2596
2102	138
2103	902
2104	3576
2105	562
2106	1530
2107	1591
2108	2121
2109	2064
2110	2736
2111	2880
2112	4490
2113	2739
2114	166
2115	502
2116	2181
2117	1467
2118	4037
2119	2975
2120	1172
2121	434
2122	4157
2123	1879
2124	4699
2125	2392
2126	1457
2127	4494
2128	631
2129	1981
2130	2366
2131	3204
2132	12
2133	305
2134	2671
2135	2480
2136	1202
2137	3566
2138	1016
2139	2642
2140	4575
2141	2537
2142	4415
2143	682
2144	4732
2145	4056
2146	2193
2147	535
2148	2980
2149	372
2150	3838
2151	3757
2152	278
2153	3894
2154	3834
2155	3449
2156	3921
2157	246
2158	2401
2159	1940
2160	417
2161	2844
2162	4378
2163	3367
2164	701
2165	2905
2166	2354
2167	2169
2168	3738
2169	3554
2170	1819
2171	1209
2172	3503
2173	3262
2174	4031
2175	2672
2176	697
2177	1135
2178	4766
2179	1519
2180	144
2181	1459
2182	652
2183	2217
2184	4302
2185	4855
2186	2521
2187	1234
2188	554
2189	1695
2190	2
2191	918
2192	4670
2193	1788
2194	2072
2195	2070
2196	2796
2197	4977
2198	2705
2199	3579
2200	4030
2201	4956
2202	3535
2203	4706
2204	4219
2205	1113
2206	3020
2207	1549
2208	3303
2209	3839
2210	4066
2211	3299
2212	1459
2213	3178
2214	2378
2215	1795
2216	911
2217	3812
2218	3888
2219	2296
2220	969
2221	1107
2222	1856
2223	1478
2224	2263
2225	4613
2226	3233
2227	1533
2228	4946
2229	1550
2230	3236
2231	1685
2232	4481
2233	503
2234	1714
2235	3391
2236	2564
2237	2429
2238	2956
2239	2054
2240	2733
2241	2250
2242	3769
2243	1183
2244	72
2245	3555
2246	1906
2247	1529
2248	3566
2249	2218
2250	1955
2251	2029
2252	1379
2253	1709
2254	1821
2255	4986
2256	4756
2257	814
2258	113
2259	2254
2260	1532
2261	1153
2262	2535
2263	572
2264	1240
2265	56
2266	2832
2267	1570
2268	3892
2269	618
2270	1375
2271	3005
2272	3468
2273	804
2274	3466
2275	3738
2276	4353
2277	4366
2278	1070
2279	4404
2280	1867
2281	3527
2282	1769
2283	3179
2284	4613
2285	4737
2286	2664
2287	2286
2288	1758
2289	3943
2290	1565
2291	2575
2292	1964
2293	968
2294	1277
2295	4418
2296	3482
2297	1883
2298	3745
2299	3616
2300	2446
2301	1116
2302	4134
2303	4624
2304	2136
2305	475
2306	2540
2307	1757
2308	3623
2309	2578
2310	4744
2311	1939
2312	949
2313	2565
2314	3304
2315	2721
2316	4526
2317	4535
2318	385
2319	4419
2320	3518
2321	2346
2322	3859
2323	2949
2324	925
2325	3632
2326	2661
2327	4619
2328	1140
2329	587
2330	4847
2331	4195
2332	4526
2333	2370
2334	2073
2335	2372
2336	2683
2337	800
2338	3001
2339	3353
2340	1400
2341	1099
2342	3402
2343	1908
2344	3385
2345	2149
2346	4321
2347	1386
2348	213
2349	1714
2350	1413
2351	3907
2352	1492
2353	3543
2354	7
2355	4345
2356	4998
2357	1265
2358	1076
2359	6
2360	3047
2361	3740
2362	4623
2363	4702
2364	998
2365	4863
2366	4252
2367	3240
2368	1356
2369	1420
2370	3651
2371	3547
2372	2951
2373	4688
2374	4133
2375	4043
2376	2990
2377	2177
2378	2765
2379	3293
2380	2491
2381	3528
2382	641
2383	4604
2384	4539
2385	3790
2386	3103
2387	4471
2388	1298
2389	4474
2390	2549
2391	463
2392	3666
2393	2027
2394	4283
2395	3846
2396	586
2397	3497
2398	1611
2399	3267
2400	194
2401	1895
2402	2634
2403	1481
2404	3062
2405	3803
2406	605
2407	1249
2408	666
2409	2588
2410	338
2411	786
2412	4186
2413	2708
2414	260
2415	2720
2416	3581
2417	2180
2418	1431
2419	3099
2420	4538
2421	4439
2422	4954
2423	3526
2424	1750
2425	157
2426	4308
2427	2032
2428	2890
2429	4666
2430	1025
2431	174
2432	4183
2433	2846
2434	4619
2435	212
2436	1536
2437	2243
2438	3377
2439	4653
2440	1538
2441	2794
2442	1915
2443	3747
2444	2292
2445	3722
2446	405
2447	4431
2448	4784
2449	2407
2450	3733
2451	3285
2452	2685
2453	715
2454	2521
2455	2107
2456	1047
2457	797
2458	3153
2459	1439
2460	4436
2461	3263
2462	2176
2463	1009
2464	1701
2465	801
2466	3958
2467	1804
2468	1569
2469	436
2470	119
2471	1413
2472	4465
2473	1843
2474	772
2475	3876
2476	3510
2477	1646
2478	3517
2479	19
2480	2529
2481	54
2482	3476
2483	1223
2484	423
2485	2853
2486	4722
2487	456
2488	4601
2489	4525
2490	4932
2491	3837
2492	3736
2493	1581
2494	4617
2495	598
2496	719
2497	2088
2498	1342
2499	3871
2500	4996
2501	4772
2502	1734
2503	4775
2504	1
2505	2708
2506	405
2507	4620
2508	206
2509	2876
2510	2442
2511	4805
2512	586
2513	4033
2514	2298
2515	3305
2516	4179
2517	3893
2518	796
2519	3581
2520	3188
2521	33
2522	2349
2523	709
2524	3461
2525	258
2526	4137
2527	4446
2528	825
2529	638
2530	2746
2531	4243
2532	2686
2533	1727
2534	825
2535	255
2536	1398
2537	4992
2538	888
2539	3857
2540	2325
2541	3324
2542	4401
2543	3460
2544	2620
2545	2097
2546	3799
2547	4759
2548	2836
2549	2298
2550	2992
2551	1144
2552	675
2553	2118
2554	3131
2555	2036
2556	1948
2557	2498
2558	3976
2559	4643
2560	972
2561	2761
2562	3981
2563	4587
2564	1233
2565	1423
2566	1334
2567	4611
2568	651
2569	4220
2570	1289
2571	909
2572	3074
2573	1428
2574	954
2575	1137
2576	3847
2577	2516
2578	4601
2579	1721
2580	4217
2581	4991
2582	2954
2583	3166
2584	4764
2585	868
2586	1901
2587	4390
2588	4581
2589	873
2590	3293
2591	416
2592	2266
2593	3646
2594	995
2595	267
2596	2452
2597	892
2598	1116
2599	1250
2600	4049
2601	2187
2602	3835
2603	183
2604	4650
2605	3389
2606	2385
2607	1673
2608	14
2609	3432
2610	1324
2611	5
2612	2012
2613	2323
2614	3831
2615	20
2616	3277
2617	642
2618	2570
2619	2512
2620	935
2621	834
2622	322
2623	1341
2624	4896
2625	4588
2626	749
2627	224
2628	1321
2629	3861
2630	4295
2631	2064
2632	2445
2633	2937
2634	1808
2635	678
2636	4683
2637	2024
2638	3915
2639	935
2640	1969
2641	2921
2642	1355
2643	2742
2644	917
2645	2410
2646	4113
2647	3473
2648	2187
2649	3548
2650	540
2651	1225
2652	3797
2653	3746
2654	3168
2655	671
2656	4538
2657	4189
2658	2266
2659	3866
2660	1489
2661	393
2662	1669
2663	2001
2664	3531
2665	1914
2666	1591
2667	3219
2668	756
2669	1645
2670	909
2671	872
2672	2639
2673	1046
2674	2619
2675	3354
2676	2467
2677	4610
2678	4270
2679	4030
2680	673
2681	4880
2682	2537
2683	318
2684	4075
2685	4237
2686	411
2687	3965
2688	3235
2689	2685
2690	2855
2691	3821
2692	2603
2693	3012
2694	2405
2695	4330
2696	1503
2697	4975
2698	1946
2699	152
2700	1737
2701	3398
2702	686
2703	3417
2704	4125
2705	330
2706	2481
2707	2453
2708	1478
2709	4424
2710	4170
2711	2724
2712	3051
2713	472
2714	744
2715	4582
2716	1177
2717	2285
2718	643
2719	1817
2720	182
2721	1807
2722	3870
2723	3905
2724	163
2725	4923
2726	266
2727	653
2728	4958
2729	3647
2730	2736
2731	3177
2732	4765
2733	3679
2734	4058
2735	1290
2736	3734
2737	3764
2738	3028
2739	1884
2740	2144
2741	13
2742	4391
2743	4643
2744	187
2745	860
2746	3962
2747	1899
2748	770
2749	1033
2750	3505
2751	690
2752	2824
2753	4456
2754	612
2755	3914
2756	1635
2757	229
2758	1139
2759	4425
2760	4407
2761	366
2762	1068
2763	2189
2764	1578
2765	1356
2766	3397
2767	2023
2768	3540
2769	2758
2770	3634
2771	466
2772	1924
2773	3116
2774	1644
2775	3173
2776	3798
2777	3483
2778	706
2779	3814
2780	1493
2781	1544
2782	1816
2783	2772
2784	2497
2785	1698
2786	4517
2787	3499
2788	3324
2789	2345
2790	1020
2791	3446
2792	3903
2793	1952
2794	4513
2795	413
2796	4490
2797	3676
2798	2390
2799	3213
2800	365
2801	4980
2802	1676
2803	2615
2804	4632
2805	1920
2806	1194
2807	809
2808	2240
2809	4727
2810	3263
2811	2850
2812	3947
2813	2201
2814	3287
2815	3723
2816	970
2817	1942
2818	1057
2819	3855
2820	895
2821	3701
2822	236
2823	2005
2824	1289
2825	3301
2826	3920
2827	259
2828	2203
2829	3970
2830	2426
2831	2585
2832	3816
2833	4205
2834	4077
2835	63
2836	2410
2837	4018
2838	446
2839	1183
2840	3158
2841	1
2842	4259
2843	4835
2844	2096
2845	3972
2846	3057
2847	703
2848	115
2849	1885
2850	1633
2851	1529
2852	3505
2853	49
2854	3539
2855	1608
2856	2498
2857	1285
2858	19
2859	4781
2860	1250
2861	4319
2862	1404
2863	3037
2864	2296
2865	3464
2866	2969
2867	1399
2868	2493
2869	288
2870	3801
2871	1574
2872	206
2873	130
2874	4714
2875	285
2876	2041
2877	3108
2878	4956
2879	4231
2880	4054
2881	3903
2882	207
2883	987
2884	4712
2885	31
2886	2477
2887	580
2888	1178
2889	3122
2890	3843
2891	3259
2892	533
2893	4455
2894	4947
2895	3733
2896	1555
2897	2485
2898	2188
2899	1167
2900	2597
2901	768
2902	2448
2903	2281
2904	2570
2905	140
2906	4460
2907	472
2908	1476
2909	148
2910	1392
2911	3386
2912	4062
2913	2287
2914	1551
2915	4903
2916	4827
2917	2947
2918	4215
2919	801
2920	1881
2921	4203
2922	4716
2923	462
2924	4746
2925	3478
2926	2973
2927	542
2928	664
2929	1986
2930	2387
2931	2723
2932	1563
2933	1848
2934	4182
2935	1138
2936	644
2937	521
2938	3947
2939	4568
2940	2124
2941	1341
2942	1724
2943	2324
2944	691
2945	4983
2946	3684
2947	3302
2948	2567
2949	3485
2950	1950
2951	3004
2952	2007
2953	1578
2954	4057
2955	179
2956	4878
2957	2092
2958	31
2959	607
2960	2787
2961	561
2962	4985
2963	1828
2964	591
2965	263
2966	4891
2967	4683
2968	3194
2969	374
2970	4053
2971	3657
2972	61
2973	3759
2974	866
2975	3555
2976	4518
2977	3473
2978	3281
2979	766
2980	2611
2981	3571
2982	2975
2983	4994
2984	4598
2985	772
2986	2802
2987	601
2988	3062
2989	1579
2990	52
2991	3082
2992	4659
2993	2260
2994	4172
2995	4300
2996	4367
2997	3586
2998	4223
2999	2416
3000	4770
3001	4186
3002	3014
3003	51
3004	4868
3005	3977
3006	3922
3007	2892
3008	4088
3009	2828
3010	1602
3011	1769
3012	4527
3013	4185
3014	2276
3015	2501
3016	4510
3017	2927
3018	1589
3019	2995
3020	1510
3021	1362
3022	1737
3023	4988
3024	590
3025	3989
3026	4315
3027	932
3028	2465
3029	3129
3030	833
3031	1466
3032	1983
3033	4249
3034	3137
3035	3948
3036	2971
3037	3401
3038	2526
3039	2711
3040	1381
3041	674
3042	2883
3043	1489
3044	2560
3045	1901
3046	1468
3047	1778
3048	4148
3049	588
3050	1624
3051	666
3052	4787
3053	1947
3054	1009
3055	1268
3056	1460
3057	4244
3058	4752
3059	4961
3060	1331
3061	4999
3062	4248
3063	1105
3064	4222
3065	782
3066	1899
3067	1220
3068	709
3069	2247
3070	441
3071	273
3072	4882
3073	4263
3074	558
3075	4501
3076	843
3077	2438
3078	3277
3079	2563
3080	4941
3081	1167
3082	1522
3083	2142
3084	4354
3085	2513
3086	4852
3087	3972
3088	2439
3089	2901
3090	4449
3091	2650
3092	1527
3093	4059
3094	3997
3095	2540
3096	2654
3097	2900
3098	4575
3099	1213
3100	1376
3101	2539
3102	2643
3103	2118
3104	4593
3105	961
3106	980
3107	4540
3108	2293
3109	4442
3110	4416
3111	2254
3112	273
3113	4320
3114	1077
3115	1292
3116	1894
3117	220
3118	329
3119	3196
3120	712
3121	4447
3122	1090
3123	4157
3124	3808
3125	1498
3126	4692
3127	1283
3128	1838
3129	1933
3130	2694
3131	208
3132	1922
3133	3976
3134	575
3135	2480
3136	787
3137	495
3138	380
3139	699
3140	1416
3141	745
3142	2631
3143	1725
3144	788
3145	1069
3146	1833
3147	3529
3148	445
3149	4410
3150	4938
3151	4703
3152	3325
3153	369
3154	925
3155	882
3156	3092
3157	1726
3158	3165
3159	700
3160	2108
3161	4899
3162	2732
3163	3570
3164	2803
3165	3438
3166	4593
3167	3529
3168	1041
3169	1646
3170	2162
3171	1712
3172	4375
3173	4880
3174	988
3175	3366
3176	504
3177	4773
3178	224
3179	512
3180	2678
3181	2305
3182	4435
3183	3329
3184	3628
3185	3706
3186	2667
3187	4330
3188	433
3189	4119
3190	3500
3191	4705
3192	1039
3193	1393
3194	2297
3195	4437
3196	3368
3197	4908
3198	3311
3199	1961
3200	3872
3201	4777
3202	4177
3203	1974
3204	2269
3205	2318
3206	4583
3207	1693
3208	3
3209	1067
3210	4292
3211	344
3212	3380
3213	3039
3214	337
3215	3104
3216	3904
3217	3523
3218	1325
3219	1475
3220	97
3221	3595
3222	4642
3223	2673
3224	1329
3225	711
3226	3920
3227	2778
3228	2683
3229	4240
3230	3584
3231	2310
3232	1678
3233	2389
3234	3451
3235	60
3236	3098
3237	1299
3238	1412
3239	585
3240	2433
3241	4505
3242	2978
3243	2092
3244	4671
3245	314
3246	4285
3247	2702
3248	3151
3249	684
3250	3453
3251	4129
3252	3369
3253	4249
3254	3494
3255	524
3256	2669
3257	3116
3258	609
3259	84
3260	1166
3261	3446
3262	3197
3263	2336
3264	2117
3265	454
3266	580
3267	1013
3268	2184
3269	2949
3270	4864
3271	2168
3272	4739
3273	3220
3274	1970
3275	2593
3276	3502
3277	571
3278	4919
3279	412
3280	845
3281	1474
3282	4802
3283	254
3284	4976
3285	2992
3286	2233
3287	1358
3288	382
3289	4579
3290	260
3291	35
3292	231
3293	2155
3294	1342
3295	3894
3296	2764
3297	2427
3298	4879
3299	1001
3300	579
3301	3318
3302	1055
3303	1228
3304	1602
3305	1992
3306	4734
3307	460
3308	2553
3309	1069
3310	4184
3311	3250
3312	3388
3313	1958
3314	972
3315	3414
3316	4082
3317	1871
3318	3861
3319	3015
3320	2087
3321	4909
3322	2973
3323	2696
3324	3158
3325	505
3326	1064
3327	4845
3328	804
3329	4621
3330	2870
3331	388
3332	1868
3333	1130
3334	1725
3335	805
3336	764
3337	4415
3338	4032
3339	1982
3340	2965
3341	1533
3342	1999
3343	4787
3344	916
3345	2668
3346	2315
3347	1304
3348	480
3349	4878
3350	57
3351	1316
3352	1720
3353	4422
3354	1319
3355	4302
3356	595
3357	2785
3358	3105
3359	441
3360	4027
3361	4113
3362	2258
3363	3562
3364	3462
3365	4282
3366	4594
3367	4426
3368	729
3369	733
3370	194
3371	2491
3372	4971
3373	1614
3374	2905
3375	4395
3376	2337
3377	662
3378	2858
3379	635
3380	1298
3381	4660
3382	1440
3383	3890
3384	2136
3385	425
3386	3374
3387	3849
3388	2608
3389	934
3390	2828
3391	4531
3392	2718
3393	3913
3394	1886
3395	1723
3396	1283
3397	3572
3398	3838
3399	731
3400	4533
3401	2752
3402	2574
3403	3662
3404	2032
3405	4377
3406	636
3407	4639
3408	4933
3409	3939
3410	3967
3411	3836
3412	1154
3413	1685
3414	2303
3415	2186
3416	682
3417	632
3418	1802
3419	2629
3420	3153
3421	2107
3422	2825
3423	1728
3424	2684
3425	2599
3426	2549
3427	670
3428	524
3429	4008
3430	4085
3431	1938
3432	4836
3433	879
3434	2541
3435	1544
3436	45
3437	2270
3438	4209
3439	2723
3440	2023
3441	782
3442	3615
3443	1724
3444	3355
3445	4728
3446	4802
3447	1222
3448	3097
3449	3726
3450	1361
3451	960
3452	3512
3453	1885
3454	2154
3455	371
3456	890
3457	4697
3458	1410
3459	1006
3460	2626
3461	328
3462	2908
3463	4009
3464	894
3465	578
3466	4025
3467	3098
3468	604
3469	2066
3470	2483
3471	1103
3472	3741
3473	842
3474	1631
3475	2069
3476	4746
3477	4400
3478	2640
3479	725
3480	3670
3481	4808
3482	2955
3483	1636
3484	1198
3485	913
3486	650
3487	4260
3488	8
3489	2132
3490	4343
3491	2718
3492	4081
3493	2416
3494	2884
3495	1255
3496	736
3497	437
3498	1133
3499	3152
3500	380
3501	2820
3502	4975
3503	3200
3504	2231
3505	4584
3506	914
3507	1266
3508	3686
3509	3043
3510	690
3511	4192
3512	2691
3513	2772
3514	766
3515	2878
3516	2089
3517	4337
3518	4226
3519	2954
3520	3201
3521	1583
3522	4898
3523	1176
3524	2552
3525	4781
3526	538
3527	1047
3528	3136
3529	988
3530	4099
3531	629
3532	1461
3533	838
3534	3680
3535	4974
3536	3157
3537	1839
3538	2503
3539	3413
3540	1015
3541	266
3542	3291
3543	4525
3544	308
3545	4386
3546	699
3547	1706
3548	1193
3549	4543
3550	3627
3551	3297
3552	1562
3553	3067
3554	1274
3555	2517
3556	522
3557	2401
3558	4978
3559	155
3560	1635
3561	3601
3562	4487
3563	4885
3564	4984
3565	3448
3566	3366
3567	2830
3568	399
3569	2148
3570	1264
3571	3739
3572	4493
3573	1121
3574	4888
3575	2514
3576	550
3577	4093
3578	3617
3579	1770
3580	2386
3581	2364
3582	914
3583	3700
3584	2006
3585	2289
3586	3511
3587	576
3588	2604
3589	1432
3590	4229
3591	2430
3592	4518
3593	522
3594	1374
3595	417
3596	1781
3597	3616
3598	771
3599	4197
3600	751
3601	627
3602	2663
3603	3549
3604	504
3605	351
3606	2380
3607	3567
3608	1186
3609	3410
3610	1973
3611	3836
3612	1188
3613	4180
3614	4009
3615	4578
3616	4169
3617	1694
3618	600
3619	3154
3620	2908
3621	1122
3622	1051
3623	4595
3624	2974
3625	3585
3626	4184
3627	1849
3628	1292
3629	2101
3630	679
3631	2213
3632	264
3633	2190
3634	1463
3635	4629
3636	1379
3637	3301
3638	3687
3639	3728
3640	279
3641	4718
3642	3065
3643	1950
3644	393
3645	3637
3646	1469
3647	658
3648	885
3649	4654
3650	1512
3651	2387
3652	180
3653	4429
3654	4982
3655	669
3656	1979
3657	2412
3658	1582
3659	2167
3660	4552
3661	541
3662	4220
3663	113
3664	3986
3665	1917
3666	407
3667	4592
3668	3931
3669	4553
3670	1515
3671	3444
3672	602
3673	238
3674	2516
3675	529
3676	350
3677	3056
3678	2784
3679	4126
3680	2688
3681	3517
3682	1363
3683	2459
3684	731
3685	1032
3686	4801
3687	4017
3688	2126
3689	2728
3690	4800
3691	3177
3692	4342
3693	2746
3694	2482
3695	904
3696	1780
3697	4972
3698	3558
3699	2699
3700	2986
3701	1906
3702	3876
3703	3303
3704	2077
3705	1139
3706	465
3707	302
3708	4830
3709	3272
3710	4335
3711	861
3712	4860
3713	623
3714	3053
3715	1594
3716	2842
3717	1445
3718	4767
3719	3227
3720	639
3721	1397
3722	3266
3723	2742
3724	1361
3725	1349
3726	1305
3727	4862
3728	3218
3729	1430
3730	2542
3731	926
3732	4020
3733	1814
3734	3046
3735	133
3736	4273
3737	2028
3738	352
3739	4485
3740	2235
3741	4024
3742	4895
3743	2879
3744	4533
3745	2215
3746	2425
3747	523
3748	2783
3749	1794
3750	3296
3751	4076
3752	3833
3753	1123
3754	2780
3755	612
3756	2617
3757	2713
3758	1202
3759	2717
3760	1130
3761	247
3762	969
3763	2700
3764	4763
3765	4828
3766	2603
3767	4243
3768	1989
3769	1300
3770	4972
3771	4909
3772	379
3773	72
3774	323
3775	2573
3776	234
3777	1365
3778	762
3779	4913
3780	100
3781	859
3782	509
3783	4147
3784	209
3785	4611
3786	3630
3787	1644
3788	355
3789	145
3790	2787
3791	3348
3792	2950
3793	1099
3794	3539
3795	3058
3796	2462
3797	1917
3798	671
3799	842
3800	2997
3801	4155
3802	3115
3803	3068
3804	4454
3805	1164
3806	3906
3807	1451
3808	4709
3809	2001
3810	4782
3811	2163
3812	2108
3813	919
3814	3761
3815	3992
3816	141
3817	4700
3818	2579
3819	2663
3820	4481
3821	4752
3822	1672
3823	4131
3824	2804
3825	4902
3826	4536
3827	2234
3828	2426
3829	4964
3830	930
3831	3333
3832	1236
3833	3653
3834	1645
3835	2016
3836	3757
3837	1902
3838	3425
3839	2884
3840	1082
3841	4955
3842	482
3843	1407
3844	2696
3845	919
3846	1576
3847	1958
3848	2948
3849	4293
3850	570
3851	640
3852	3370
3853	1890
3854	226
3855	4677
3856	2597
3857	2861
3858	4178
3859	1649
3860	4213
3861	238
3862	1754
3863	46
3864	4979
3865	4803
3866	3281
3867	475
3868	1758
3869	1891
3870	1869
3871	3348
3872	1276
3873	2583
3874	4644
3875	538
3876	4852
3877	2249
3878	3334
3879	1577
3880	3319
3881	3212
3882	199
3883	1188
3884	1785
3885	3626
3886	125
3887	2046
3888	377
3889	2487
3890	4205
3891	2277
3892	4191
3893	2692
3894	2878
3895	1833
3896	660
3897	2899
3898	3312
3899	3021
3900	3333
3901	582
3902	545
3903	4832
3904	948
3905	57
3906	4034
3907	1046
3908	2115
3909	1657
3910	2629
3911	4684
3912	4238
3913	1903
3914	1841
3915	3134
3916	1382
3917	333
3918	640
3919	2329
3920	1790
3921	281
3922	4503
3923	3870
3924	4449
3925	1652
3926	2455
3927	3310
3928	4668
3929	4763
3930	3369
3931	4309
3932	1364
3933	3430
3934	2226
3935	1104
3936	3173
3937	3169
3938	36
3939	4117
3940	4026
3941	1567
3942	2133
3943	3968
3944	3756
3945	2759
3946	8
3947	4363
3948	859
3949	3613
3950	1886
3951	4550
3952	4774
3953	3638
3954	4677
3955	571
3956	2930
3957	4341
3958	4824
3959	382
3960	3256
3961	3136
3962	691
3963	653
3964	1249
3965	544
3966	353
3967	465
3968	1261
3969	2738
3970	2365
3971	3780
3972	2185
3973	176
3974	873
3975	4870
3976	2608
3977	2405
3978	3091
3979	1091
3980	1875
3981	4928
3982	4606
3983	3356
3984	4641
3985	349
3986	4126
3987	1380
3988	4837
3989	3358
3990	2005
3991	311
3992	4040
3993	4649
3994	542
3995	1505
3996	1179
3997	170
3998	225
3999	3727
4000	3971
4001	1940
4002	4545
4003	4520
4004	843
4005	4123
4006	2581
4007	4227
4008	290
4009	270
4010	1275
4011	824
4012	4137
4013	3595
4014	1456
4015	2479
4016	3702
4017	1656
4018	610
4019	2350
4020	3441
4021	4199
4022	3124
4023	2383
4024	2088
4025	4250
4026	4057
4027	3964
4028	4940
4029	4148
4030	1463
4031	3873
4032	3090
4033	82
4034	3512
4035	4959
4036	1891
4037	3404
4038	1795
4039	3637
4040	4228
4041	2631
4042	4684
4043	450
4044	228
4045	1018
4046	1639
4047	2813
4048	3015
4049	1689
4050	261
4051	670
4052	281
4053	960
4054	711
4055	1067
4056	932
4057	1713
4058	2527
4059	2441
4060	901
4061	2947
4062	2767
4063	2843
4064	1557
4065	11
4066	4287
4067	1282
4068	4114
4069	134
4070	148
4071	1447
4072	2551
4073	2841
4074	4334
4075	1953
4076	4911
4077	2286
4078	3951
4079	963
4080	368
4081	1088
4082	3541
4083	4749
4084	160
4085	4646
4086	3176
4087	1212
4088	197
4089	2353
4090	1731
4091	471
4092	3481
4093	4618
4094	3342
4095	3414
4096	776
4097	3189
4098	1973
4099	1373
4100	2076
4101	4110
4102	2819
4103	1624
4104	1125
4105	2394
4106	4554
4107	4168
4108	2038
4109	4357
4110	2861
4111	4201
4112	974
4113	101
4114	810
4115	4189
4116	2171
4117	222
4118	4566
4119	192
4120	3128
4121	674
4122	3556
4123	4896
4124	4581
4125	2963
4126	3944
4127	3817
4128	3859
4129	1923
4130	1280
4131	274
4132	2515
4133	1079
4134	2273
4135	1061
4136	3307
4137	3658
4138	1266
4139	3867
4140	1219
4141	3737
4142	3206
4143	4162
4144	2319
4145	111
4146	2532
4147	3777
4148	156
4149	1662
4150	4721
4151	513
4152	4918
4153	2415
4154	4280
4155	4748
4156	2833
4157	2132
4158	3223
4159	1004
4160	2356
4161	4291
4162	4272
4163	2000
4164	2484
4165	3435
4166	2268
4167	486
4168	706
4169	3622
4170	4534
4171	677
4172	3564
4173	1359
4174	1208
4175	3929
4176	2316
4177	235
4178	2926
4179	2758
4180	3816
4181	2675
4182	2991
4183	3179
4184	170
4185	3715
4186	4517
4187	4134
4188	4649
4189	3853
4190	448
4191	1115
4192	3435
4193	3885
4194	3163
4195	1642
4196	1436
4197	4779
4198	2942
4199	1729
4200	1486
4201	2529
4202	4007
4203	3507
4204	259
4205	1331
4206	423
4207	4210
4208	1931
4209	4905
4210	3323
4211	1629
4212	1287
4213	3780
4214	1857
4215	937
4216	4212
4217	2310
4218	2494
4219	97
4220	1368
4221	2071
4222	967
4223	2819
4224	4117
4225	18
4226	1315
4227	3729
4228	2870
4229	1231
4230	1841
4231	2233
4232	4003
4233	1707
4234	1528
4235	2450
4236	3282
4237	2392
4238	1878
4239	458
4240	2038
4241	2963
4242	4325
4243	579
4244	1398
4245	2016
4246	1750
4247	3245
4248	4485
4249	2757
4250	4596
4251	1107
4252	845
4253	3424
4254	2486
4255	3826
4256	1831
4257	4811
4258	3697
4259	1877
4260	3159
4261	1105
4262	1056
4263	3231
4264	4434
4265	3910
4266	476
4267	1748
4268	1867
4269	3082
4270	905
4271	3611
4272	3839
4273	1376
4274	2874
4275	2140
4276	2004
4277	807
4278	1822
4279	991
4280	2295
4281	2362
4282	3335
4283	2902
4284	2875
4285	268
4286	1023
4287	2661
4288	1922
4289	3275
4290	3247
4291	4265
4292	3747
4293	780
4294	3573
4295	3131
4296	1232
4297	358
4298	668
4299	1254
4300	4406
4301	4907
4302	2645
4303	2965
4304	3036
4305	3852
4306	2792
4307	3913
4308	1832
4309	4855
4310	1969
4311	1853
4312	3103
4313	3242
4314	4740
4315	4862
4316	4665
4317	4889
4318	1272
4319	3514
4320	1807
4321	47
4322	628
4323	4761
4324	581
4325	4172
4326	1882
4327	2050
4328	3079
4329	3085
4330	3164
4331	3181
4332	1581
4333	4359
4334	487
4335	2226
4336	2574
4337	3132
4338	1235
4339	4097
4340	3060
4341	3852
4342	1818
4343	2571
4344	469
4345	1623
4346	35
4347	2647
4348	2531
4349	4076
4350	1154
4351	2424
4352	1443
4353	2109
4354	1333
4355	2443
4356	1097
4357	4060
4358	4742
4359	514
4360	1817
4361	3087
4362	4257
4363	929
4364	2833
4365	2979
4366	3186
4367	3908
4368	1911
4369	4151
4370	1541
4371	4182
4372	167
4373	2320
4374	4124
4375	1367
4376	348
4377	4240
4378	3095
4379	4915
4380	4765
4381	2172
4382	3763
4383	3544
4384	4808
4385	2533
4386	3006
4387	539
4388	4331
4389	1093
4390	1534
4391	1870
4392	1811
4393	2979
4394	3006
4395	286
4396	3945
4397	333
4398	4503
4399	2018
4400	2612
4401	3223
4402	1664
4403	2479
4404	2220
4405	3083
4406	4033
4407	910
4408	2981
4409	107
4410	2669
4411	4192
4412	1744
4413	4135
4414	4637
4415	3069
4416	1388
4417	2755
4418	2872
4419	3994
4420	2013
4421	301
4422	468
4423	276
4424	1872
4425	4672
4426	1514
4427	66
4428	4977
4429	4910
4430	4099
4431	2966
4432	2809
4433	1102
4434	1066
4435	2078
4436	905
4437	2726
4438	2028
4439	455
4440	2689
4441	4318
4442	3462
4443	3563
4444	2632
4445	963
4446	4341
4447	2789
4448	2443
4449	1988
4450	4102
4451	3476
4452	1385
4453	489
4454	3219
4455	4149
4456	1149
4457	3538
4458	2781
4459	1599
4460	3346
4461	4527
4462	400
4463	715
4464	1134
4465	4248
4466	756
4467	3027
4468	1349
4469	4165
4470	2883
4471	3400
4472	4957
4473	310
4474	2985
4475	847
4476	959
4477	2270
4478	2769
4479	3079
4480	2037
4481	461
4482	2225
4483	3625
4484	944
4485	1786
4486	1568
4487	219
4488	1998
4489	1854
4490	1307
4491	4499
4492	4645
4493	329
4494	898
4495	3841
4496	786
4497	2190
4498	3356
4499	4633
4500	294
4501	3709
4502	928
4503	2293
4504	4398
4505	4865
4506	3790
4507	44
4508	1911
4509	214
4510	2125
4511	2194
4512	4403
4513	3990
4514	3199
4515	1974
4516	1796
4517	3114
4518	3910
4519	2073
4520	4016
4521	1181
4522	271
4523	723
4524	4367
4525	1747
4526	4929
4527	3123
4528	2987
4529	1690
4530	3188
4531	561
4532	4124
4533	4386
4534	4019
4535	3857
4536	212
4537	129
4538	2836
4539	4528
4540	798
4541	3488
4542	609
4543	4665
4544	2046
4545	2045
4546	1032
4547	4811
4548	2724
4549	2072
4550	3338
4551	3092
4552	2340
4553	3640
4554	70
4555	4904
4556	4384
4557	1002
4558	4715
4559	2009
4560	767
4561	3322
4562	1093
4563	4888
4564	1799
4565	4640
4566	2019
4567	4894
4568	1247
4569	518
4570	4403
4571	4442
4572	4827
4573	2255
4574	2031
4575	2322
4576	2127
4577	1850
4578	1717
4579	4227
4580	3896
4581	390
4582	1637
4583	1832
4584	1251
4585	4784
4586	4817
4587	1057
4588	1689
4589	1632
4590	296
4591	4751
4592	3777
4593	2698
4594	945
4595	2970
4596	129
4597	3619
4598	1664
4599	422
4600	4587
4601	3192
4602	2409
4603	1618
4604	282
4605	643
4606	1457
4607	1387
4608	740
4609	2282
4610	27
4611	1043
4612	4774
4613	4340
4614	2511
4615	334
4616	1303
4617	3638
4618	4913
4619	1453
4620	3893
4621	4702
4622	295
4623	744
4624	2845
4625	617
4626	4187
4627	1451
4628	989
4629	2478
4630	1783
4631	4103
4632	4158
4633	2160
4634	2446
4635	3941
4636	3518
4637	487
4638	3100
4639	783
4640	3719
4641	4783
4642	3282
4643	1949
4644	957
4645	955
4646	264
4647	4368
4648	2960
4649	4488
4650	2659
4651	1207
4652	481
4653	2702
4654	976
4655	4421
4656	4116
4657	287
4658	2374
4659	1406
4660	2200
4661	2508
4662	3003
4663	292
4664	1247
4665	1893
4666	1572
4667	1744
4668	3921
4669	4350
4670	1859
4671	3045
4672	1842
4673	981
4674	1989
4675	4823
4676	4871
4677	4667
4678	924
4679	4370
4680	857
4681	752
4682	4409
4683	830
4684	993
4685	1114
4686	3701
4687	3986
4688	1450
4689	2743
4690	2404
4691	447
4692	3814
4693	4883
4694	6
4695	2638
4696	576
4697	3746
4698	4609
4699	1198
4700	4022
4701	1912
4702	1865
4703	44
4704	2369
4705	4661
4706	4245
4707	4281
4708	883
4709	3697
4710	846
4711	4394
4712	3032
4713	2412
4714	3456
4715	523
4716	3508
4717	3313
4718	4716
4719	3687
4720	4693
4721	3071
4722	141
4723	282
4724	3050
4725	1511
4726	2640
4727	2059
4728	2369
4729	2777
4730	4290
4731	889
4732	2074
4733	73
4734	1787
4735	4039
4736	2140
4737	1931
4738	3309
4739	1491
4740	2666
4741	3163
4742	1017
4743	4242
4744	4924
4745	210
4746	2434
4747	1453
4748	1471
4749	485
4750	149
4751	3329
4752	1767
4753	1831
4754	2566
4755	4957
4756	395
4757	584
4758	841
4759	1967
4760	319
4761	700
4762	2543
4763	3190
4764	1727
4765	1765
4766	4349
4767	1301
4768	1072
4769	3352
4770	3496
4771	2952
4772	718
4773	4387
4774	2507
4775	3313
4776	4708
4777	3509
4778	3912
4779	85
4780	620
4781	2165
4782	3743
4783	3401
4784	1352
4785	4704
4786	713
4787	906
4788	4432
4789	565
4790	4675
4791	3118
4792	1521
4793	3832
4794	1806
4795	2100
4796	1703
4797	342
4798	3198
4799	2857
4800	1600
4801	834
4802	3963
4803	3378
4804	4204
4805	1000
4806	1145
4807	3409
4808	258
4809	4256
4810	2602
4811	1590
4812	2989
4813	1582
4814	249
4815	3943
4816	4700
4817	289
4818	892
4819	2123
4820	4805
4821	606
4822	1182
4823	2014
4824	1775
4825	3026
4826	620
4827	38
4828	2191
4829	1654
4830	74
4831	1221
4832	2095
4833	2035
4834	864
4835	3630
4836	4985
4837	2596
4838	4019
4839	4252
4840	2344
4841	4355
4842	2302
4843	1742
4844	2622
4845	3361
4846	3635
4847	2198
4848	1500
4849	2191
4850	2933
4851	1253
4852	2996
4853	33
4854	2592
4855	2790
4856	1507
4857	2458
4858	2994
4859	644
4860	231
4861	3494
4862	3660
4863	4432
4864	4049
4865	1368
4866	3248
4867	4822
4868	2816
4869	1165
4870	1687
4871	656
4872	4464
4873	1344
4874	2066
4875	548
4876	3342
4877	849
4878	3096
4879	1771
4880	675
4881	3635
4882	2339
4883	243
4884	3696
4885	4168
4886	3851
4887	1277
4888	2885
4889	1616
4890	4230
4891	3063
4892	3137
4893	2204
4894	80
4895	243
4896	1136
4897	4570
4898	2487
4899	557
4900	2558
4901	4469
4902	1304
4903	1111
4904	425
4905	2601
4906	1975
4907	4388
4908	1145
4909	3457
4910	1701
4911	2413
4912	81
4913	965
4914	3737
4915	4026
4916	1066
4917	4024
4918	2174
4919	728
4920	2644
4921	3096
4922	2459
4923	1353
4924	704
4925	4815
4926	1124
4927	500
4928	4059
4929	4522
4930	4646
4931	4679
4932	4087
4933	3387
4934	3557
4935	3792
4936	47
4937	4887
4938	1766
4939	2168
4940	4690
4941	3308
4942	400
4943	4407
4944	2613
4945	923
4946	2249
4947	3274
4948	4941
4949	1470
4950	1683
4951	18
4952	1326
4953	1479
4954	1887
4955	2199
4956	1317
4957	3076
4958	3123
4959	3023
4960	4263
4961	4351
4962	4940
4963	3748
4964	4892
4965	3386
4966	730
4967	4158
4968	735
4969	1592
4970	1143
4971	4925
4972	1128
4973	298
4974	2417
4975	4268
4976	1419
4977	4320
4978	2048
4979	3406
4980	2295
4981	3571
4982	2703
4983	4000
4984	778
4985	2818
4986	4005
4987	480
4988	4974
4989	754
4990	1638
4991	4508
4992	1363
4993	444
4994	3260
4995	1757
4996	693
4997	3942
4998	2547
4999	918
5000	309
5001	3692
5002	2719
5003	2865
5004	2558
5005	4002
5006	1287
5007	4625
5008	1722
5009	667
5010	3017
5011	2350
5012	1472
5013	3009
5014	4719
5015	1312
5016	2336
5017	4904
5018	1285
5019	4280
5020	454
5021	2058
5022	4776
5023	336
5024	1293
5025	3209
5026	4995
5027	3470
5028	4477
5029	2932
5030	4936
5031	2078
5032	2203
5033	2851
5034	2402
5035	1755
5036	3862
5037	695
5038	1811
5039	4358
5040	254
5041	1015
5042	1847
5043	24
5044	2839
5045	323
5046	1435
5047	2955
5048	632
5049	4514
5050	740
5051	175
5052	4369
5053	438
5054	2934
5055	2358
5056	4276
5057	1986
5058	2961
5059	422
5060	3064
5061	381
5062	4762
5063	866
5064	29
5065	993
5066	93
5067	4842
5068	1755
5069	596
5070	3144
5071	985
5072	12
5073	4666
5074	172
5075	3370
5076	4586
5077	3086
5078	4953
5079	2086
5080	1918
5081	2922
5082	2280
5083	4687
5084	4073
5085	2158
5086	2282
5087	720
5088	4766
5089	188
5090	3428
5091	3352
5092	4224
5093	4568
5094	1213
5095	2444
5096	987
5097	2507
5098	159
5099	2794
5100	1328
5101	2854
5102	1535
5103	477
5104	3021
5105	2201
5106	3283
5107	4638
5108	519
5109	397
5110	1464
5111	1505
5112	3617
5113	3417
5114	3891
5115	2024
5116	3394
5117	225
5118	3355
5119	1058
5120	3825
5121	2855
5122	1118
5123	64
5124	2242
5125	3672
5126	168
5127	2206
5128	1230
5129	1579
5130	199
5131	3928
5132	2188
5133	3266
5134	3612
5135	2854
5136	2734
5137	898
5138	409
5139	1718
5140	175
5141	1295
5142	1924
5143	1980
5144	4631
5145	4788
5146	1262
5147	407
5148	387
5149	3142
5150	1588
5151	3320
5152	4130
5153	1934
5154	3604
5155	1846
5156	2983
5157	1372
5158	495
5159	4191
5160	3544
5161	2422
5162	2476
5163	3458
5164	2786
5165	514
5166	324
5167	3629
5168	1721
5169	3463
5170	2306
5171	2053
5172	3829
5173	3278
5174	3452
5175	547
5176	2044
5177	4451
5178	3988
5179	2734
5180	2675
5181	2240
5182	1497
5183	784
5184	2960
5185	328
5186	2695
5187	967
5188	3931
5189	4874
5190	1713
5191	4453
5192	2757
5193	1471
5194	4797
5195	3658
5196	2896
5197	2809
5198	306
5199	2358
5200	1615
5201	687
5202	3995
5203	2157
5204	147
5205	656
5206	3783
5207	3052
5208	1142
5209	2532
5210	696
5211	2334
5212	3216
5213	2561
5214	1173
5215	2434
5216	1897
5217	4334
5218	345
5219	2943
5220	3832
5221	2756
5222	3594
5223	3180
5224	467
5225	971
5226	3613
5227	1159
5228	2411
5229	784
5230	3275
5231	4314
5232	2383
5233	2812
5234	4501
5235	357
5236	1619
5237	1593
5238	2935
5239	1913
5240	2241
5241	1011
5242	3510
5243	847
5244	4816
5245	4524
5246	4277
5247	3045
5248	3585
5249	3466
5250	2816
5251	3368
5252	2267
5253	3934
5254	3240
5255	910
5256	589
5257	3739
5258	3095
5259	4486
5260	508
5261	2670
5262	1422
5263	3117
5264	3622
5265	4475
5266	1306
5267	4690
5268	1573
5269	4780
5270	360
5271	2344
5272	95
5273	3690
5274	3516
5275	4316
5276	4207
5277	4065
5278	4409
5279	4764
5280	1430
5281	3081
5282	4434
5283	2011
5284	809
5285	2915
5286	4036
5287	3297
5288	1525
5289	3662
5290	4332
5291	2834
5292	4548
5293	193
5294	593
5295	4839
5296	2522
5297	3234
5298	4577
5299	3141
5300	2128
5301	979
5302	3711
5303	3288
5304	2342
5305	1517
5306	3703
5307	2745
5308	4521
5309	1874
5310	1863
5311	940
5312	3264
5313	4806
5314	493
5315	4437
5316	3946
5317	3048
5318	2135
5319	1271
5320	1346
5321	1804
5322	4296
5323	2658
5324	530
5325	573
5326	2210
5327	4987
5328	3664
5329	4424
5330	1930
5331	4816
5332	2652
5333	4733
5334	2777
5335	1845
5336	3611
5337	4589
5338	3097
5339	3032
5340	938
5341	4096
5342	3165
5343	1571
5344	1084
5345	134
5346	2490
5347	3569
5348	791
5349	1882
5350	3956
5351	1540
5352	966
5353	884
5354	4856
5355	4169
5356	1756
5357	2377
5358	3996
5359	1995
5360	532
5361	402
5362	3754
5363	1158
5364	1846
5365	511
5366	3573
5367	3215
5368	1309
5369	2436
5370	1403
5371	1995
5372	469
5373	68
5374	916
5375	1627
5376	3902
5377	1071
5378	2103
5379	4309
5380	1313
5381	4742
5382	363
5383	4435
5384	3007
5385	1372
5386	2026
5387	2886
5388	1041
5389	4430
5390	1101
5391	1051
5392	4656
5393	2763
5394	1286
5395	4850
5396	3895
5397	1220
5398	2890
5399	4572
5400	4187
5401	83
5402	4920
5403	875
5404	502
5405	1567
5406	4266
5407	2928
5408	3917
5409	927
5410	2021
5411	2807
5412	1962
5413	3534
5414	1784
5415	240
5416	2039
5417	410
5418	4819
5419	4566
5420	2690
5421	1683
5422	3845
5423	3189
5424	2698
5425	424
5426	1212
5427	4115
5428	2326
5429	3144
5430	3235
5431	3374
5432	1468
5433	802
5434	1577
5435	39
5436	2364
5437	531
5438	4305
5439	1242
5440	2466
5441	2775
5442	89
5443	196
5444	2704
5445	1819
5446	673
5447	156
5448	2924
5449	2335
5450	2278
5451	4537
5452	4930
5453	3349
5454	4278
5455	1404
5456	1336
5457	1061
5458	4800
5459	118
5460	2556
5461	2882
5462	3967
5463	4125
5464	2330
5465	959
5466	4351
5467	3596
5468	2213
5469	117
5470	810
5471	438
5472	945
5473	3080
5474	1422
5475	2221
5476	3519
5477	1487
5478	2315
5479	3939
5480	3408
5481	611
5482	2806
5483	3244
5484	4540
5485	585
5486	3864
5487	439
5488	3541
5489	213
5490	4070
5491	1005
5492	3975
5493	2469
5494	1369
5495	3076
5496	4313
5497	4656
5498	2837
5499	3828
5500	2133
5501	2938
5502	1218
5503	458
5504	549
5505	4337
5506	299
5507	2520
5508	2976
5509	2857
5510	130
5511	727
5512	3371
5513	990
5514	4254
5515	1734
5516	2206
5517	4123
5518	4725
5519	2422
5520	1557
5521	3735
5522	2824
5523	4564
5524	3542
5525	4146
5526	3244
5527	2576
5528	2806
5529	1623
5530	820
5531	2903
5532	1736
5533	4983
5534	2417
5535	1278
5536	4965
5537	3930
5538	398
5539	2139
5540	3051
5541	1956
5542	3813
5543	50
5544	716
5545	1700
5546	3469
5547	3412
5548	1881
5549	4372
5550	3678
5551	4051
5552	2447
5553	2524
5554	1131
5555	2047
5556	4010
5557	304
5558	3849
5559	2784
5560	3516
5561	4486
5562	4788
5563	1258
5564	3598
5565	1314
5566	3273
5567	1785
5568	3685
5569	2002
5570	688
5571	1373
5572	3409
5573	1605
5574	1357
5575	599
5576	876
5577	4837
5578	4858
5579	366
5580	1913
5581	1306
5582	2442
5583	390
5584	2454
5585	2712
5586	4622
5587	4705
5588	2500
5589	4211
5590	1671
5591	4459
5592	1723
5593	3009
5594	3781
5595	4238
5596	3151
5597	4420
5598	1907
5599	4080
5600	3285
5601	4161
5602	3993
5603	461
5604	447
5605	4141
5606	2347
5607	3064
5608	165
5609	4558
5610	4929
5611	4323
5612	4876
5613	3274
5614	3377
5615	2167
5616	2411
5617	3645
5618	368
5619	3027
5620	3407
5621	827
5622	2378
5623	468
5624	4968
5625	2740
5626	3481
5627	4103
5628	3221
5629	1849
5630	4846
5631	3500
5632	2080
5633	431
5634	408
5635	3735
5636	2679
5637	3237
5638	2204
5639	1387
5640	3589
5641	2687
5642	3703
5643	4461
5644	4809
5645	1434
5646	1090
5647	1081
5648	1568
5649	3495
5650	3614
5651	1324
5652	1416
5653	655
5654	2165
5655	4679
5656	1420
5657	1433
5658	1979
5659	1699
5660	3106
5661	3753
5662	1836
5663	2199
5664	680
5665	966
5666	3892
5667	2152
5668	3069
5669	1054
5670	4825
5671	849
5672	1717
5673	4398
5674	1166
5675	4489
5676	4214
5677	854
5678	2445
5679	683
5680	3067
5681	2033
5682	4370
5683	998
5684	2830
5685	2768
5686	4425
5687	4467
5688	829
5689	4937
5690	2838
5691	915
5692	4626
5693	4015
5694	1267
5695	2524
5696	1760
5697	2599
5698	1964
5699	4487
5700	2418
5701	2265
5702	74
5703	3043
5704	2460
5705	4288
5706	2740
5707	598
5708	1351
5709	3822
5710	2269
5711	3974
5712	704
5713	4792
5714	2357
5715	2418
5716	2423
5717	4960
5718	1153
5719	2720
5720	2164
5721	3218
5722	2704
5723	3730
5724	4329
5725	1207
5726	88
5727	4462
5728	4072
5729	124
5730	2427
5731	2236
5732	360
5733	3974
5734	4932
5735	3860
5736	107
5737	2658
5738	2195
5739	150
5740	1571
5741	13
5742	1210
5743	4945
5744	331
5745	3930
5746	2149
5747	4488
5748	3686
5749	1603
5750	921
5751	3010
5752	4523
5753	4838
5754	1883
5755	790
5756	1789
5757	4910
5758	3710
5759	4734
5760	738
5761	948
5762	4470
5763	2972
5764	3480
5765	3431
5766	1686
5767	1718
5768	4065
5769	797
5770	371
5771	3819
5772	1045
5773	307
5774	1629
5775	2645
5776	1559
5777	3596
5778	45
5779	1598
5780	3360
5781	1595
5782	41
5783	1792
5784	1656
5785	1448
5786	4110
5787	4203
5788	2457
5789	553
5790	1197
5791	4422
5792	3867
5793	964
5794	4689
5795	3246
5796	1276
5797	4429
5798	2173
5799	3214
5800	92
5801	1560
5802	1477
5803	1169
5804	3593
5805	4861
5806	3339
5807	179
5808	2212
5809	3788
5810	1117
5811	890
5812	2843
5813	4480
5814	4578
5815	4211
5816	1431
5817	4001
5818	3439
5819	1872
5820	2933
5821	110
5822	2501
5823	1157
5824	3089
5825	2093
5826	1262
5827	551
5828	2217
5829	1444
5830	3582
5831	4871
5832	3727
5833	190
5834	1909
5835	4876
5836	1670
5837	3834
5838	4493
5839	2439
5840	4681
5841	606
5842	2399
5843	2918
5844	3841
5845	4779
5846	3191
5847	4515
5848	4132
5849	917
5850	3441
5851	1114
5852	3877
5853	2090
5854	2113
5855	4654
5856	1338
5857	2432
5858	211
5859	4795
5860	4833
5861	4298
5862	2867
5863	117
5864	4423
5865	2776
5866	747
5867	404
5868	2911
5869	4131
5870	362
5871	3479
5872	4080
5873	3398
5874	1851
5875	654
5876	4233
5877	1038
5878	1865
5879	1531
5880	3222
5881	1221
5882	2755
5883	2748
5884	2508
5885	2601
5886	4064
5887	2646
5888	4149
5889	2984
5890	310
5891	247
5892	103
5893	4045
5894	2172
5895	4512
5896	2061
5897	2355
5898	1152
5899	1565
5900	2649
5901	714
5902	68
5903	3863
5904	463
5905	3748
5906	285
5907	2279
5908	2989
5909	4935
5910	2490
5911	1654
5912	1691
5913	2938
5914	3656
5915	2229
5916	2197
5917	3568
5918	1334
5919	3563
5920	190
5921	3682
5922	3766
5923	34
5924	615
5925	3437
5926	2256
5927	353
5928	149
5929	2676
5930	4867
5931	338
5932	3411
5933	565
5934	3410
5935	3239
5936	3099
5937	3526
5938	3977
5939	942
5940	1937
5941	2311
5942	3726
5943	3127
5944	4685
5945	178
5946	3359
5947	2069
5948	933
5949	2868
5950	4312
5951	2341
5952	2531
5953	1869
5954	4339
5955	770
5956	4962
5957	1903
5958	2089
5959	2500
5960	4793
5961	1751
5962	2715
5963	982
5964	649
5965	1502
5966	251
5967	2431
5968	1124
5969	3073
5970	2607
5971	3907
5972	143
5973	1472
5974	1684
5975	1541
5976	694
5977	2892
5978	877
5979	1214
5980	3447
5981	1261
5982	4853
5983	973
5984	743
5985	37
5986	2573
5987	1231
5988	4372
5989	3174
5990	3011
5991	4086
5992	1302
5993	2624
5994	3433
5995	1339
5996	3190
5997	3154
5998	4520
5999	90
6000	1560
6001	1705
6002	896
6003	4418
6004	198
6005	1910
6006	2052
6007	2361
6008	1862
6009	99
6010	2147
6011	1291
6012	3058
6013	4866
6014	3135
6015	2080
6016	3528
6017	2942
6018	3601
6019	896
6020	2367
6021	1609
6022	634
6023	4492
6024	1296
6025	3948
6026	3055
6027	3146
6028	1952
6029	4585
6030	2913
6031	3882
6032	2184
6033	4507
6034	1378
6035	4676
6036	4814
6037	430
6038	2912
6039	2278
6040	1504
6041	2441
6042	808
6043	3437
6044	3383
6045	4136
6046	3837
6047	71
6048	4966
6049	3784
6050	807
6051	1362
6052	2882
6053	4164
6054	43
6055	3495
6056	2904
6057	4278
6058	3944
6059	242
6060	1740
6061	3418
6062	2244
6063	2587
6064	1203
6065	1042
6066	2788
6067	2093
6068	2246
6069	2297
6070	1480
6071	4266
6072	1576
6073	1787
6074	3176
6075	3824
6076	3308
6077	3504
6078	428
6079	3294
6080	965
6081	109
6082	1194
6083	4324
6084	3489
6085	3958
6086	1739
6087	946
6088	1601
6089	1179
6090	3013
6091	739
6092	3545
6093	3883
6094	143
6095	1870
6096	4319
6097	765
6098	3447
6099	3029
6100	2635
6101	2398
6102	3381
6103	3300
6104	4892
6105	2528
6106	3202
6107	544
6108	4256
6109	2840
6110	2460
6111	4329
6112	2074
6113	3070
6114	613
6115	882
6116	3504
6117	4879
6118	2641
6119	3760
6120	4292
6121	775
6122	476
6123	4606
6124	1344
6125	1184
6126	4783
6127	3052
6128	4994
6129	1980
6130	124
6131	1483
6132	973
6133	136
6134	4594
6135	4452
6136	3955
6137	1937
6138	120
6139	2660
6140	192
6141	220
6142	4710
6143	4829
6144	2227
6145	3729
6146	3854
6147	1021
6148	4918
6149	2525
6150	2327
6151	1978
6152	564
6153	98
6154	1509
6155	4621
6156	1237
6157	3286
6158	4116
6159	878
6160	1555
6161	3429
6162	1244
6163	193
6164	2261
6165	2256
6166	750
6167	4139
6168	3656
6169	3588
6170	3917
6171	2754
6172	4938
6173	4015
6174	3744
6175	2687
6176	4460
6177	3527
6178	3973
6179	3982
6180	340
6181	4534
6182	4473
6183	4314
6184	2615
6185	2157
6186	4748
6187	3933
6188	3185
6189	2709
6190	306
6191	235
6192	1632
6193	2849
6194	1618
6195	3786
6196	2630
6197	1319
6198	1792
6199	2499
6200	352
6201	4504
6202	350
6203	1610
6204	3999
6205	3468
6206	4147
6207	245
6208	428
6209	3247
6210	875
6211	1803
6212	253
6213	3419
6214	4209
6215	853
6216	2737
6217	3322
6218	1056
6219	781
6220	2043
6221	1640
6222	1042
6223	2328
6224	93
6225	3532
6226	3373
6227	2716
6228	2940
6229	3296
6230	1100
6231	3138
6232	4310
6233	3586
6234	720
6235	3642
6236	4591
6237	2625
6238	1996
6239	3612
6240	3796
6241	2917
6242	460
6243	4868
6244	694
6245	4908
6246	297
6247	4580
6248	2523
6249	3415
6250	1059
6251	82
6252	950
6253	728
6254	4155
6255	527
6256	4366
6257	4405
6258	321
6259	119
6260	2732
6261	590
6262	2917
6263	95
6264	1693
6265	275
6266	176
6267	2762
6268	2741
6269	3276
6270	1550
6271	392
6272	703
6273	4482
6274	4195
6275	2544
6276	3950
6277	4079
6278	4660
6279	123
6280	940
6281	1895
6282	3600
6283	2887
6284	1728
6285	2891
6286	183
6287	3129
6288	3228
6289	2105
6290	3204
6291	4687
6292	4097
6293	4782
6294	1411
6295	2377
6296	3731
6297	1547
6298	59
6299	3121
6300	1052
6301	840
6302	3376
6303	1763
6304	1619
6305	4958
6306	1852
6307	2352
6308	2722
6309	2990
6310	2869
6311	3817
6312	4096
6313	2475
6314	22
6315	592
6316	2235
6317	4571
6318	1162
6319	1508
6320	710
6321	3829
6322	2823
6323	1897
6324	3193
6325	3551
6326	4859
6327	2148
6328	3758
6329	4715
6330	4829
6331	4375
6332	1100
6333	1097
6334	2408
6335	4628
6336	2113
6337	3718
6338	941
6339	293
6340	3980
6341	3942
6342	2814
6343	3317
6344	2931
6345	4235
6346	1421
6347	384
6348	3762
6349	2495
6350	3824
6351	61
6352	3110
6353	2211
6354	4316
6355	1539
6356	685
6357	3663
6358	479
6359	501
6360	3763
6361	4234
6362	4426
6363	510
6364	787
6365	2733
6366	3337
6367	1694
6368	507
6369	489
6370	271
6371	1175
6372	2610
6373	4325
6374	2592
6375	4194
6376	1293
6377	4130
6378	1325
6379	1019
6380	3209
6381	3786
6382	3744
6383	2394
6384	4078
6385	1486
6386	307
6387	4202
6388	3869
6389	4870
6390	4478
6391	1506
6392	4630
6393	933
6394	25
6395	3705
6396	906
6397	4005
6398	2022
6399	2749
6400	3042
6401	1204
6402	777
6403	3311
6404	2185
6405	2415
6406	3061
6407	146
6408	4013
6409	1984
6410	4921
6411	1864
6412	1307
6413	2948
6414	1210
6415	1036
6416	2559
6417	2550
6418	3793
6419	591
6420	3259
6421	4350
6422	3299
6423	419
6424	1506
6425	4202
6426	2542
6427	471
6428	255
6429	4042
6430	1377
6431	172
6432	2628
6433	3753
6434	802
6435	2216
6436	4618
6437	836
6438	354
6439	4102
6440	2496
6441	4111
6442	3525
6443	894
6444	4755
6445	272
6446	2030
6447	2376
6448	4841
6449	4261
6450	4769
6451	1680
6452	2555
6453	3954
6454	2312
6455	1297
6456	3014
6457	2827
6458	3203
6459	3875
6460	4175
6461	3514
6462	1603
6463	448
6464	1521
6465	589
6466	748
6467	3450
6468	3787
6469	2015
6470	3011
6471	2624
6472	325
6473	1048
6474	3856
6475	2799
6476	3391
6477	2330
6478	3344
6479	4948
6480	631
6481	2786
6482	3078
6483	2929
6484	1746
6485	660
6486	936
6487	2130
6488	3684
6489	681
6490	4607
6491	2579
6492	122
6493	4634
6494	991
6495	3395
6496	3359
6497	4786
6498	1156
6499	41
6500	1148
6501	3010
6502	414
6503	1455
6504	3250
6505	1520
6506	347
6507	3521
6508	2463
6509	1163
6510	2893
6511	1401
6512	2325
6513	4561
6514	1109
6515	4812
6516	4173
6517	3696
6518	3869
6519	1225
6520	4083
6521	1267
6522	1435
6523	4469
6524	1604
6525	3570
6526	1133
6527	2576
6528	1812
6529	4273
6530	2939
6531	519
6532	4869
6533	2959
6534	2396
6535	2208
6536	593
6537	99
6538	2192
6539	4711
6540	2117
6541	3707
6542	1920
6543	1625
6544	4
6545	4934
6546	1915
6547	1427
6548	568
6549	2085
6550	2463
6551	4233
6552	488
6553	3164
6554	4159
6555	3197
6556	2544
6557	1175
6558	2183
6559	1483
6560	723
6561	798
6562	2852
6563	1613
6564	3671
6565	628
6566	1414
6567	2492
6568	4930
6569	2826
6570	3262
6571	3754
6572	4018
6573	3328
6574	203
6575	2654
6576	2710
6577	4388
6578	2665
6579	3629
6580	2051
6581	833
6582	227
6583	2934
6584	2637
6585	663
6586	1300
6587	4508
6588	1146
6589	1241
6590	4396
6591	3210
6592	2045
6593	3185
6594	2036
6595	4962
6596	1160
6597	1657
6598	3654
6599	4298
6600	3421
6601	4118
6602	49
6603	3992
6604	2943
6605	4223
6606	2818
6607	1232
6608	3286
6609	1800
6610	2154
6611	2004
6612	1630
6613	3012
6614	1288
6615	4047
6616	3360
6617	1098
6618	214
6619	410
6620	3195
6621	4250
6622	1085
6623	3899
6624	3253
6625	2305
6626	2918
6627	3215
6628	2728
6629	1442
6630	2030
6631	3264
6632	3940
6633	4133
6634	1941
6635	2338
6636	3855
6637	1084
6638	3130
6639	2271
6640	3426
6641	3288
6642	979
6643	4052
6644	775
6645	546
6646	3241
6647	325
6648	1071
6649	3676
6650	712
6651	2616
6652	4078
6653	4368
6654	2052
6655	3957
6656	4436
6657	696
6658	1705
6659	177
6660	884
6661	2527
6662	3987
6663	76
6664	3434
6665	577
6666	205
6667	1366
6668	575
6669	3653
6670	4430
6671	455
6672	1449
6673	3590
6674	2192
6675	1201
6676	4035
6677	1547
6678	452
6679	4691
6680	2751
6681	1641
6682	4451
6683	4397
6684	58
6685	2753
6686	2899
6687	80
6688	2237
6689	2914
6690	1880
6691	4394
6692	4217
6693	1074
6694	597
6695	116
6696	811
6697	2525
6698	4607
6699	370
6700	4339
6701	2327
6702	4011
6703	2802
6704	4022
6705	4479
6706	2547
6707	1621
6708	2873
6709	1559
6710	1580
6711	4318
6712	3149
6713	52
6714	3945
6715	2252
6716	3022
6717	924
6718	4136
6719	4275
6720	3742
6721	773
6722	4673
6723	974
6724	1219
6725	2307
6726	3961
6727	4944
6728	4417
6729	3408
6730	90
6731	4000
6732	4906
6733	637
6734	4041
6735	1079
6736	101
6737	2936
6738	2903
6739	1681
6740	4622
6741	1335
6742	829
6743	1035
6744	1490
6745	1608
6746	4441
6747	655
6748	4655
6749	4711
6750	1936
6751	1642
6752	4121
6753	726
6754	759
6755	1242
6756	2994
6757	4828
6758	3646
6759	1338
6760	3399
6761	1128
6762	4228
6763	1327
6764	560
6765	3513
6766	4987
6767	2910
6768	1405
6769	2738
6770	4644
6771	2348
6772	4400
6773	1189
6774	1408
6775	3811
6776	3848
6777	3881
6778	3796
6779	4055
6780	4605
6781	2145
6782	4736
6783	2381
6784	2530
6785	938
6786	4625
6787	614
6788	685
6789	3713
6790	4552
6791	3114
6792	4045
6793	984
6794	2538
6795	2347
6796	2129
6797	4021
6798	3811
6799	788
6800	2773
6801	3477
6802	3284
6803	4417
6804	2094
6805	1650
6806	3125
6807	1866
6808	1381
6809	4323
6810	4061
6811	2178
6812	3271
6813	2263
6814	3716
6815	2727
6816	2262
6817	388
6818	4573
6819	408
6820	4669
6821	1634
6822	2100
6823	1033
6824	4875
6825	4459
6826	1711
6827	3952
6828	4069
6829	2726
6830	1391
6831	161
6832	4282
6833	792
6834	1396
6835	1218
6836	4612
6837	982
6838	1740
6839	1270
6840	3819
6841	276
6842	4344
6843	3717
6844	4143
6845	3309
6846	4335
6847	2862
6848	1775
6849	3426
6850	2962
6851	1857
6852	4405
6853	4237
6854	1461
6855	4171
6856	1023
6857	2987
6858	2252
6859	1406
6860	4104
6861	2530
6862	4562
6863	4589
6864	4041
6865	1991
6866	3081
6867	2029
6868	805
6869	876
6870	161
6871	4760
6872	3923
6873	2891
6874	2393
6875	2763
6876	168
6877	2754
6878	3864
6879	2470
6880	3134
6881	3269
6882	1766
6883	376
6884	1395
6885	3084
6886	4850
6887	2351
6888	1403
6889	4046
6890	1830
6891	4532
6892	4720
6893	4789
6894	2767
6895	4615
6896	2983
6897	191
6898	1861
6899	1418
6900	1863
6901	1666
6902	3552
6903	3138
6904	926
6905	1258
6906	3217
6907	1016
6908	2906
6909	1006
6910	4851
6911	2277
6912	1060
6913	1996
6914	930
6915	1552
6916	3582
6917	4762
6918	165
6919	374
6920	332
6921	3317
6922	2493
6923	200
6924	610
6925	4359
6926	1526
6927	996
6928	672
6929	2583
6930	2444
6931	1539
6932	473
6933	4673
6934	1997
6935	2506
6936	383
6937	1053
6938	3149
6939	4500
6940	4602
6941	112
6942	1039
6943	3353
6944	2322
6945	3280
6946	3996
6947	3357
6948	1987
6949	3559
6950	792
6951	4532
6952	2175
6953	416
6954	3671
6955	886
6956	1444
6957	1464
6958	4821
6959	330
6960	1086
6961	2209
6962	4230
6963	4603
6964	4108
6965	2294
6966	1768
6967	2485
6968	1455
6969	779
6970	3017
6971	2517
6972	1005
6973	3337
6974	1052
6975	1255
6976	3036
6977	4545
6978	3924
6979	3077
6980	1113
6981	2612
6982	936
6983	3022
6984	2492
6985	2620
6986	637
6987	3991
6988	4216
6989	3298
6990	69
6991	2276
6992	3126
6993	4356
6994	3673
6995	1512
6996	552
6997	3063
6998	1543
6999	1690
7000	1196
7001	3937
7002	3605
7003	1196
7004	284
7005	3326
7006	2541
7007	521
7008	4718
7009	1855
7010	299
7011	2205
7012	1894
7013	126
7014	3535
7015	3255
7016	346
7017	3394
7018	1763
7019	1668
7020	4152
7021	1269
7022	2055
7023	4854
7024	3833
7025	3130
7026	1972
7027	2888
7028	1112
7029	908
7030	3603
7031	970
7032	2630
7033	2120
7034	483
7035	3430
7036	3300
7037	2771
7038	3643
7039	4934
7040	832
7041	2435
7042	1377
7043	427
7044	2657
7045	4821
7046	3560
7047	1978
7048	3885
7049	4463
7050	4951
7051	2520
7052	2248
7053	2562
7054	2259
7055	680
7056	2308
7057	2988
7058	1823
7059	4213
7060	515
7061	2760
7062	947
7063	4523
7064	2522
7065	2909
7066	3842
7067	1279
7068	4553
7069	3868
7070	1087
7071	1856
7072	4470
7073	2976
7074	4836
7075	4153
7076	4973
7077	4669
7078	2505
7079	3889
7080	4950
7081	4856
7082	3336
7083	1985
7084	1799
7085	2390
7086	4723
7087	3474
7088	426
7089	4135
7090	2705
7091	4931
7092	412
7093	3979
7094	3933
7095	4698
7096	799
7097	922
7098	4445
7099	915
7100	3981
7101	2379
7102	1938
7103	3192
7104	3208
7105	4365
7106	3713
7107	2373
7108	55
7109	2404
7110	1149
7111	4565
7112	188
7113	3412
7114	216
7115	2017
7116	1164
7117	3029
7118	2400
7119	3821
7120	1003
7121	2090
7122	2664
7123	3951
7124	4820
7125	1768
7126	291
7127	1043
7128	1237
7129	3451
7130	511
7131	3350
7132	1460
7133	2139
7134	2071
7135	2978
7136	2042
7137	2961
7138	1829
7139	622
7140	1896
7141	2860
7142	1918
7143	1438
7144	2652
7145	1199
7146	1089
7147	2279
7148	1252
7149	2598
7150	435
7151	4584
7152	3175
7153	4866
7154	1310
7155	1448
7156	2428
7157	4995
7158	3607
7159	1759
7160	4617
7161	2916
7162	4014
7163	1669
7164	1360
7165	3879
7166	2173
7167	1020
7168	1708
7169	4959
7170	4574
7171	3434
7172	1875
7173	2929
7174	2123
7175	3615
7176	3049
7177	1394
7178	2221
7179	169
7180	132
7181	3407
7182	3260
7183	2414
7184	3840
7185	1180
7186	50
7187	1497
7188	549
7189	1928
7190	1735
7191	2534
7192	2721
7193	4253
7194	1115
7195	4603
7196	846
7197	3298
7198	3608
7199	4061
7200	1597
7201	2837
7202	1586
7203	881
7204	1599
7205	2811
7206	1994
7207	4629
7208	3306
7209	2079
7210	4873
7211	3551
7212	3695
7213	532
7214	2841
7215	721
7216	3669
7217	1751
7218	3776
7219	4615
7220	2020
7221	868
7222	710
7223	1666
7224	3304
7225	1770
7226	4990
7227	378
7228	3276
7229	4466
7230	1972
7231	2175
7232	23
7233	1284
7234	2049
7235	3605
7236	746
7237	4650
7238	2138
7239	4747
7240	2147
7241	286
7242	871
7243	4021
7244	3438
7245	2611
7246	2719
7247	2002
7248	698
7249	70
7250	3449
7251	3455
7252	1855
7253	4966
7254	3422
7255	1294
7256	127
7257	4551
7258	3418
7259	2951
7260	3084
7261	2970
7262	2873
7263	1730
7264	1525
7265	2852
7266	4468
7267	3644
7268	4750
7269	3402
7270	4842
7271	3400
7272	4107
7273	1670
7274	4547
7275	4776
7276	3428
7277	2476
7278	962
7279	3609
7280	737
7281	4327
7282	4156
7283	904
7284	1747
7285	1411
7286	3477
7287	4427
7288	2825
7289	1193
7290	4343
7291	1429
7292	2759
7293	1879
7294	2835
7295	1029
7296	531
7297	88
7298	3718
7299	4193
7300	358
7301	3078
7302	3820
7303	1190
7304	4645
7305	3752
7306	3349
7307	2553
7308	4708
7309	3357
7310	2679
7311	2559
7312	3270
7313	1562
7314	907
7315	4610
7316	3575
7317	4724
7318	3717
7319	3088
7320	4573
7321	1426
7322	1861
7323	1138
7324	2682
7325	1554
7326	2261
7327	4264
7328	110
7329	1806
7330	2290
7331	4531
7332	4717
7333	4088
7334	1499
7335	3168
7336	2159
7337	4569
7338	2637
7339	741
7340	1753
7341	2946
7342	4546
7343	4496
7344	1044
7345	1312
7346	1597
7347	3592
7348	601
7349	1236
7350	1772
7351	4444
7352	1853
7353	1187
7354	4818
7355	1946
7356	3775
7357	1136
7358	4132
7359	1485
7360	3599
7361	4109
7362	2731
7363	3405
7364	2502
7365	245
7366	992
7367	362
7368	4807
7369	4915
7370	3066
7371	1427
7372	3862
7373	4397
7374	2977
7375	421
7376	2432
7377	1024
7378	4472
7379	1575
7380	3338
7381	4383
7382	676
7383	781
7384	4160
7385	1892
7386	2193
7387	3725
7388	3048
7389	1440
7390	4333
7391	2102
7392	427
7393	4160
7394	4872
7395	3633
7396	4696
7397	2208
7398	4328
7399	3609
7400	2536
7401	4592
7402	3057
7403	4780
7404	4884
7405	2823
7406	2993
7407	2143
7408	3770
7409	4094
7410	278
7411	2567
7412	1075
7413	272
7414	4905
7415	2351
7416	2414
7417	3768
7418	3345
7419	4572
7420	2421
7421	800
7422	2709
7423	2085
7424	2693
7425	1318
7426	303
7427	4039
7428	3183
7429	1180
7430	867
7431	2936
7432	2980
7433	4803
7434	3059
7435	1508
7436	3999
7437	3928
7438	525
7439	3367
7440	2341
7441	359
7442	369
7443	1168
7444	1710
7445	4773
7446	160
7447	2094
7448	3503
7449	2503
7450	2971
7451	824
7452	320
7453	4635
7454	208
7455	4204
7456	4635
7457	607
7458	552
7459	2528
7460	732
7461	4412
7462	3865
7463	3960
7464	2915
7465	431
7466	2495
7467	1587
7468	2250
7469	2399
7470	3995
7471	3172
7472	4344
7473	1700
7474	2216
7475	3142
7476	3787
7477	4678
7478	3643
7479	3547
7480	257
7481	3211
7482	1086
7483	2489
7484	3120
7485	1655
7486	908
7487	1135
7488	2470
7489	517
7490	2155
7491	1782
7492	3592
7493	3631
7494	1098
7495	2194
7496	1537
7497	312
7498	3578
7499	1850
7500	3347
7501	789
7502	4514
7503	952
7504	2484
7505	3704
7506	2129
7507	4548
7508	3347
7509	341
7510	1391
7511	2403
7512	2627
7513	1279
7514	1029
7515	2509
7516	4576
7517	2244
7518	4215
7519	355
7520	4306
7521	1013
7522	3761
7523	661
7524	96
7525	3889
7526	4207
7527	891
7528	1754
7529	795
7530	2294
7531	4118
7532	2231
7533	555
7534	4753
7535	550
7536	2845
7537	3682
7538	4512
7539	3785
7540	3583
7541	1526
7542	1981
7543	3610
7544	2627
7545	597
7546	1731
7547	269
7548	169
7549	1028
7550	2091
7551	527
7552	4916
7553	4988
7554	3226
7555	2328
7556	2607
7557	2363
7558	1371
7559	2826
7560	227
7561	3765
7562	1201
7563	4450
7564	2770
7565	3094
7566	1254
7567	3422
7568	3326
7569	4014
7570	4251
7571	4546
7572	3938
7573	4006
7574	2677
7575	3675
7576	2898
7577	98
7578	2127
7579	312
7580	218
7581	4542
7582	4551
7583	1452
7584	1241
7585	1357
7586	3597
7587	4373
7588	2395
7589	4652
7590	4446
7591	3650
7592	1187
7593	3440
7594	459
7595	3472
7596	665
7597	1598
7598	2959
7599	3677
7600	4869
7601	4698
7602	442
7603	4651
7604	1616
7605	2739
7606	2895
7607	3984
7608	4164
7609	1392
7610	4042
7611	39
7612	1916
7613	4571
7614	1010
7615	741
7616	2160
7617	4023
7618	252
7619	2082
7620	182
7621	102
7622	3028
7623	4651
7624	2259
7625	3002
7626	4072
7627	151
7628	2964
7629	147
7630	1385
7631	4960
7632	1848
7633	162
7634	4948
7635	2363
7636	1429
7637	1274
7638	1144
7639	887
7640	1514
7641	1914
7642	562
7643	4286
7644	4392
7645	378
7646	2116
7647	1889
7648	3772
7649	1977
7650	2311
7651	2834
7652	200
7653	4086
7654	3346
7655	84
7656	4582
7657	4630
7658	1500
7659	1732
7660	3167
7661	2974
7662	3365
7663	2999
7664	1660
7665	4206
7666	3542
7667	3405
7668	3878
7669	2034
7670	2455
7671	3949
7672	1260
7673	4736
7674	4576
7675	1956
7676	375
7677	600
7678	4153
7679	2339
7680	1830
7681	3700
7682	3533
7683	1994
7684	1438
7685	1607
7686	2887
7687	2982
7688	3823
7689	2693
7690	3230
7691	2808
7692	289
7693	4276
7694	3397
7695	2865
7696	2993
7697	4758
7698	4396
7699	885
7700	2055
7701	4067
7702	543
7703	4675
7704	4226
7705	3202
7706	1561
7707	3389
7708	3336
7709	1496
7710	4007
7711	4602
7712	3897
7713	4971
7714	1862
7715	3918
7716	689
7717	3228
7718	3271
7719	1873
7720	517
7721	1703
7722	375
7723	2717
7724	718
7725	2869
7726	4162
7727	2365
7728	1216
7729	2999
7730	3584
7731	1756
7732	4580
7733	1035
7734	3243
7735	3968
7736	4790
7737	2236
7738	1002
7739	721
7740	1038
7741	1408
7742	848
7743	525
7744	4193
7745	1465
7746	746
7747	205
7748	1485
7749	3470
7750	4152
7751	962
7752	4444
7753	4476
7754	2079
7755	1990
7756	692
7757	4843
7758	1191
7759	2014
7760	2533
7761	3883
7762	3159
7763	3663
7764	4
7765	4917
7766	4685
7767	1295
7768	2743
7769	1346
7770	494
7771	3914
7772	790
7773	308
7774	4682
7775	2838
7776	43
7777	3720
7778	3056
7779	1738
7780	226
7781	2458
7782	10
7783	1477
7784	1776
7785	837
7786	3800
7787	852
7788	2725
7789	1585
7790	1660
7791	1606
7792	29
7793	459
7794	2519
7795	3784
7796	2762
7797	1259
7798	4648
7799	4433
7800	2874
7801	1517
7802	4637
7803	1345
7804	4438
7805	1178
7806	3813
7807	3934
7808	4445
7809	2360
7810	1677
7811	874
7812	3233
7813	3645
7814	2506
7815	2633
7816	1810
7817	2017
7818	534
7819	4127
7820	1874
7821	3019
7822	1309
7823	4608
7824	354
7825	3588
7826	1077
7827	1638
7828	4981
7829	3376
7830	1027
7831	2853
7832	665
7833	1988
7834	2727
7835	821
7836	2647
7837	392
7838	1224
7839	4648
7840	4387
7841	2319
7842	3475
7843	1601
7844	1243
7845	4241
7846	2111
7847	4843
7848	2063
7849	3602
7850	3101
7851	303
7852	345
7853	28
7854	3827
7855	2018
7856	1465
7857	2744
7858	336
7859	823
7860	3825
7861	4516
7862	2737
7863	3874
7864	2699
7865	3769
7866	497
7867	2050
7868	211
7869	2827
7870	2170
7871	1253
7872	4142
7873	1117
7874	3520
7875	4225
7876	2452
7877	2897
7878	3775
7879	3415
7880	803
7881	3002
7882	4968
7883	2083
7884	316
7885	162
7886	3702
7887	4218
7888	4793
7889	3946
7890	2400
7891	4112
7892	3882
7893	541
7894	1774
7895	753
7896	3016
7897	494
7898	608
7899	3593
7900	4095
7901	2043
7902	850
7903	624
7904	4761
7905	2741
7906	1935
7907	4095
7908	1059
7909	1741
7910	2408
7911	2656
7912	4600
7913	3128
7914	3485
7915	1327
7916	4989
7917	4414
7918	3200
7919	977
7920	2135
7921	2034
7922	1111
7923	3666
7924	3224
7925	3626
7926	4265
7927	2710
7928	3896
7929	3059
7930	584
7931	3858
7932	929
7933	815
7934	365
7935	4352
7936	501
7937	2628
7938	3217
7939	2798
7940	3261
7941	67
7942	2461
7943	4141
7944	4175
7945	3672
7946	3685
7947	863
7948	3234
7949	1524
7950	4840
7951	1710
7952	2006
7953	2385
7954	4364
7955	1826
7956	3375
7957	3624
7958	1336
7959	2701
7960	361
7961	277
7962	2751
7963	3900
7964	4681
7965	2488
7966	1332
7967	3361
7968	1677
7969	855
7970	3693
7971	3707
7972	4393
7973	2655
7974	528
7975	2722
7976	275
7977	4154
7978	1031
7979	3118
7980	2488
7981	4450
7982	3186
7983	370
7984	4376
7985	473
7986	4769
7987	1230
7988	1109
7989	2653
7990	763
7991	4555
7992	4012
7993	2239
7994	1732
7995	1315
7996	2504
7997	77
7998	1726
7999	2770
8000	2241
8001	3122
8002	4549
8003	1900
8004	4494
8005	1001
8006	232
8007	3568
8008	4036
8009	3683
8010	3344
8011	2131
8012	3334
8013	844
8014	1024
8015	251
8016	4550
8017	2273
8018	2788
8019	994
8020	1773
8021	1943
8022	3561
8023	4809
8024	1328
8025	2040
8026	4560
8027	3183
8028	4600
8029	3331
8030	605
8031	3524
8032	2667
8033	2785
8034	2636
8035	789
8036	869
8037	4757
8038	464
8039	1087
8040	1586
8041	2930
8042	2800
8043	3135
8044	2049
8045	4144
8046	1809
8047	765
8048	1585
8049	556
8050	4596
8051	2756
8052	4448
8053	995
8054	681
8055	4889
8056	3395
8057	4101
8058	4477
8059	3182
8060	2797
8061	2653
8062	1561
8063	3399
8064	1688
8065	1984
8066	1592
8067	288
8068	1742
8069	4897
8070	1688
8071	263
8072	112
8073	4025
8074	1957
8075	4507
8076	2146
8077	2923
8078	2010
8079	3543
8080	4877
8081	506
8082	4989
8083	399
8084	4735
8085	3431
8086	4804
8087	3559
8088	3851
8089	1168
8090	1745
8091	1556
8092	1320
8093	3965
8094	4731
8095	2478
8096	1291
8097	3624
8098	978
8099	324
8100	316
8101	1847
8102	1655
8103	4608
8104	3115
8105	3463
8106	3445
8107	3126
8108	76
8109	2964
8110	707
8111	515
8112	1661
8113	4753
8114	2112
8115	418
8116	3109
8117	4268
8118	4389
8119	2301
8120	4206
8121	2382
8122	1829
8123	3610
8124	3108
8125	2150
8126	3887
8127	4792
8128	3940
8129	2471
8130	467
8131	975
8132	1129
8133	4453
8134	4846
8135	1784
8136	4472
8137	3107
8138	4563
8139	1800
8140	659
8141	4090
8142	2673
8143	91
8144	1044
8145	2060
8146	2676
8147	2211
8148	3879
8149	679
8150	3795
8151	2659
8152	1375
8153	4662
8154	1360
8155	888
8156	3880
8157	755
8158	3184
8159	3802
8160	2511
8161	3251
8162	4931
8163	137
8164	1587
8165	2482
8166	719
8167	1272
8168	1073
8169	1008
8170	1394
8171	3100
8172	566
8173	4834
8174	2623
8175	1499
8176	1442
8177	1161
8178	1200
8179	1425
8180	4521
8181	201
8182	4286
8183	667
8184	3546
8185	4513
8186	2671
8187	1088
8188	2141
8189	1317
8190	296
8191	2031
8192	2554
8193	3109
8194	510
8195	1716
8196	4970
8197	1542
8198	298
8199	3117
8200	4071
8201	2040
8202	1238
8203	1699
8204	3474
8205	2638
8206	3545
8207	4151
8208	2420
8209	4176
8210	3580
8211	752
8212	3162
8213	4953
8214	4431
8215	2137
8216	3016
8217	4714
8218	3759
8219	2621
8220	4190
8221	4111
8222	221
8223	3988
8224	1532
8225	4349
8226	4901
8227	559
8228	939
8229	293
8230	921
8231	3530
8232	3178
8233	2421
8234	507
8235	3667
8236	2290
8237	1794
8238	2272
8239	4410
8240	1702
8241	73
8242	3104
8243	528
8244	4694
8245	4167
8246	252
8247	4478
8248	232
8249	4840
8250	1548
8251	986
8252	2821
8253	3488
8254	3018
8255	4046
8256	233
8257	2633
8258	3899
8259	4360
8260	3312
8261	793
8262	4150
8263	435
8264	4179
8265	4382
8266	3040
8267	2666
8268	3905
8269	3373
8270	2371
8271	334
8272	3284
8273	3390
8274	40
8275	434
8276	4479
8277	403
8278	1184
8279	3000
8280	755
8281	9
8282	3411
8283	1959
8284	2264
8285	40
8286	661
8287	4967
8288	356
8289	3237
8290	4867
8291	3919
8292	103
8293	1299
8294	3557
8295	1078
8296	2116
8297	4455
8298	3331
8299	4672
8300	2577
8301	1553
8302	3631
8303	2988
8304	4875
8305	2375
8306	3486
8307	2007
8308	4053
8309	1625
8310	4385
8311	1814
8312	256
8313	1682
8314	4747
8315	478
8316	3471
8317	860
8318	3998
8319	3383
8320	1748
8321	1935
8322	3184
8323	717
8324	1185
8325	4952
8326	3788
8327	429
8328	2656
8329	626
8330	1395
8331	2952
8332	4982
8333	2449
8334	4529
8335	2026
8336	2822
8337	138
8338	1932
8339	650
8340	2065
8341	406
8342	1596
8343	3199
8344	4402
8345	3496
8346	3478
8347	432
8348	1834
8349	1343
8350	2084
8351	2248
8352	242
8353	4887
8354	4239
8355	1075
8356	613
8357	4006
8358	566
8359	2288
8360	3923
8361	3072
8362	3949
8363	716
8364	3492
8365	1824
8366	2606
8367	3607
8368	2111
8369	1803
8370	1490
8371	1142
8372	2534
8373	3708
8374	4760
8375	3953
8376	83
8377	3667
8378	2086
8379	1745
8380	1939
8381	1106
8382	2810
8383	4757
8384	3954
8385	15
8386	10
8387	233
8388	1034
8389	1781
8390	3231
8391	4269
8392	1722
8393	3170
8394	171
8395	3906
8396	2706
8397	4082
8398	3121
8399	2182
8400	2925
8401	4218
8402	2914
8403	622
8404	3791
8405	4848
8406	2898
8407	2361
8408	195
8409	240
8410	2716
8411	1708
8412	1823
8413	4599
8414	221
8415	2847
8416	1675
8417	4383
8418	1030
8419	111
8420	3019
8421	1943
8422	2106
8423	4810
8424	1200
8425	3900
8426	2715
8427	3314
8428	484
8429	4420
8430	4047
8431	3924
8432	3147
8433	3515
8434	3752
8435	3220
8436	3075
8437	4701
8438	3904
8439	1348
8440	3102
8441	79
8442	3232
8443	386
8444	1479
8445	4098
8446	2320
8447	4727
8448	3705
8449	3890
8450	79
8451	4496
8452	567
8453	3536
8454	2557
8455	4038
8456	3660
8457	387
8458	3487
8459	1063
8460	574
8461	4899
8462	2084
8463	4897
8464	3224
8465	3768
8466	3283
8467	4912
8468	2585
8469	1068
8470	3268
8471	1141
8472	4452
8473	1617
8474	4795
8475	3436
8476	1257
8477	2800
8478	4342
8479	3561
8480	806
8481	3289
8482	1441
8483	2513
8484	22
8485	2642
8486	1437
8487	707
8488	1106
8489	2065
8490	4796
8491	2957
8492	4241
8493	3107
8494	261
8495	540
8496	249
8497	1322
8498	1681
8499	1741
8500	4920
8501	654
8502	3269
8503	2814
8504	1765
8505	3443
8506	848
8507	3909
8508	26
8509	4473
8510	4458
8511	3170
8512	2571
8513	2797
8514	1898
8515	3591
8516	1270
8517	171
8518	4786
8519	1610
8520	4519
8521	4895
8522	2622
8523	4859
8524	4519
8525	1120
8526	3068
8527	3724
8528	659
8529	420
8530	3088
8531	3292
8532	4657
8533	4865
8534	153
8535	1065
8536	3602
8537	2146
8538	2109
8539	4676
8540	1773
8541	2650
8542	1151
8543	4720
8544	108
8545	3120
8546	3227
8547	1476
8548	1402
8549	346
8550	3
8551	2205
8552	742
8553	4790
8554	3166
8555	3464
8556	4091
8557	3608
8558	4796
8559	1146
8560	9
8561	464
8562	2245
8563	2600
8564	1971
8565	3525
8566	1954
8567	1878
8568	881
8569	2602
8570	1284
8571	4324
8572	2662
8573	1185
8574	2821
8575	145
8576	3161
8577	2178
8578	2420
8579	856
8580	4188
8581	3792
8582	4614
8583	4038
8584	4848
8585	443
8586	1141
8587	4060
8588	516
8589	1140
8590	1063
8591	2137
8592	3515
8593	2346
8594	3937
8595	4101
8596	777
8597	3106
8598	4284
8599	796
8600	2888
8601	4686
8602	3590
8603	3639
8604	1908
8605	3793
8606	1335
8607	1263
8608	3148
8609	1715
8610	1540
8611	1835
8612	4939
8613	135
8614	2368
8615	4817
8616	1214
8617	1396
8618	1031
8619	3072
8620	4857
8621	4639
8622	4730
8623	1976
8624	2332
8625	2504
8626	3461
8627	4535
8628	2413
8629	1530
8630	23
8631	449
8632	1269
8633	4890
8634	2623
8635	4772
8636	4623
8637	2257
8638	3145
8639	320
8640	2766
8641	520
8642	406
8643	4506
8644	1026
8645	1692
8646	1772
8647	4258
8648	1542
8649	1337
8650	4122
8651	3212
8652	2301
8653	4951
8654	1239
8655	4680
8656	4291
8657	2195
8658	2397
8659	4348
8660	2632
8661	181
8662	808
8663	2864
8664	2793
8665	992
8666	903
8667	42
8668	3809
8669	1607
8670	4354
8671	986
8672	4491
8673	526
8674	1777
8675	4874
8676	1564
8677	4806
8678	3094
8679	1753
8680	3295
8681	1558
8682	4558
8683	3791
8684	1614
8685	927
8686	3654
8687	1337
8688	269
8689	3205
8690	4242
8691	4785
8692	3650
8693	739
8694	3508
8695	2665
8696	4413
8697	16
8698	3993
8699	2453
8700	2471
8701	762
8702	793
8703	419
8704	1353
8705	1152
8706	2991
8707	1370
8708	3024
8709	3806
8710	2886
8711	608
8712	2091
8713	4543
8714	4427
8715	1206
8716	4818
8717	1496
8718	4549
8719	831
8720	981
8721	851
8722	4860
8723	3620
8724	2333
8725	1820
8726	3961
8727	1976
8728	442
8729	3789
8730	3155
8731	1371
8732	2304
8733	4884
8734	4050
8735	2437
8736	3538
8737	2384
8738	1286
8739	1898
8740	3795
8741	4150
8742	4491
8743	4208
8744	1640
8745	3090
8746	3556
8747	994
8748	4799
8749	4556
8750	4171
8751	3044
8752	1928
8753	4466
8754	1370
8755	361
8756	1590
8757	191
8758	1310
8759	1510
8760	1278
8761	1697
8762	1045
8763	2606
8764	453
8765	292
8766	1838
8767	2793
8768	1679
8769	3642
8770	3513
8771	2657
8772	386
8773	4140
8774	1263
8775	1434
8776	4741
8777	4140
8778	377
8779	2967
8780	4360
8781	2371
8782	1774
8783	4048
8784	2419
8785	4943
8786	2897
8787	1347
8788	181
8789	1329
8790	4590
8791	1815
8792	3533
8793	3420
8794	1169
8795	4448
8796	4016
8797	3442
8798	228
8799	3160
8800	4073
8801	645
8802	2923
8803	708
8804	3991
8805	1449
8806	2584
8807	1736
8808	418
8809	2581
8810	470
8811	236
8812	3764
8813	2569
8814	3815
8815	806
8816	2264
8817	2388
8818	2274
8819	2110
8820	1366
8821	1314
8822	2594
8823	1055
8824	1173
8825	1151
8826	780
8827	3031
8828	4768
8829	2729
8830	937
8831	3018
8832	2174
8833	1480
8834	4308
8835	14
8836	4310
8837	1617
8838	2877
8839	1812
8840	2998
8841	1936
8842	3255
8843	1535
8844	3147
8845	4262
8846	77
8847	4001
8848	2465
8849	477
8850	2515
8851	1730
8852	216
8853	2419
8854	3620
8855	2697
8856	2348
8857	3294
8858	2916
8859	702
8860	3853
8861	1469
8862	277
8863	1417
8864	1322
8865	3926
8866	4229
8867	4658
8868	1767
8869	2237
8870	1064
8871	835
8872	291
8873	2801
8874	889
8875	3268
8876	794
8877	3295
8878	2582
8879	821
8880	4385
8881	2735
8882	4939
8883	530
8884	2102
8885	122
8886	1238
8887	5000
8888	983
8889	3661
8890	415
8891	1192
8892	2594
8893	1933
8894	3785
8895	262
8896	2792
8897	1788
8898	1060
8899	3721
8900	3001
8901	4476
8902	359
8903	1076
8904	123
8905	1905
8906	1345
8907	3919
8908	1348
8909	394
8910	3156
8911	2015
8912	4062
8913	4461
8914	3140
8915	373
8916	4883
8917	867
8918	619
8919	4847
8920	3490
8921	331
8922	619
8923	900
8924	1554
8925	4789
8926	4068
8927	2289
8928	4369
8929	2835
8930	1786
8931	1698
8932	903
8933	137
8934	2267
8935	3532
8936	2545
8937	818
8938	1985
8939	1296
8940	17
8941	15
8942	3522
8943	1419
8944	1678
8945	559
8946	838
8947	2021
8948	3345
8949	3806
8950	1134
8951	818
8952	1454
8953	837
8954	78
8955	1143
8956	753
8957	1119
8958	3222
8959	1805
8960	626
8961	4365
8962	4079
8963	4738
8964	30
8965	4498
8966	1165
8967	4231
8968	1900
8969	3086
8970	3020
8971	2864
8972	490
8973	3668
8974	2215
8975	2881
8976	4638
8977	4903
8978	2467
8979	2048
8980	1702
8981	1961
8982	4259
8983	3550
8984	2041
8985	3169
8986	1957
8987	2274
8988	697
8989	912
8990	812
8991	397
8992	2159
8993	3575
8994	4274
8995	4258
8996	3112
8997	942
8998	779
8999	4183
9000	2591
9001	1537
9002	3669
9003	2950
9004	3182
9005	3332
9006	880
9007	4144
9008	2796
9009	2251
9010	3644
9011	4480
9012	4657
9013	985
9014	1650
9015	3776
9016	3133
9017	2374
9018	4358
9019	2807
9020	1733
9021	1716
9022	865
9023	2957
9024	3521
9025	2967
9026	4495
9027	2945
9028	1402
9029	4069
9030	2166
9031	4004
9032	2569
9033	2668
9034	4384
9035	3330
9036	4247
9037	2020
9038	2317
9039	3445
9040	2428
9041	449
9042	2998
9043	4647
9044	708
9045	4462
9046	3075
9047	4926
9048	4352
9049	724
9050	2186
9051	2245
9052	2635
9053	3673
9054	1092
9055	4333
9056	3195
9057	256
9058	4094
9059	1389
9060	2302
9061	831
9062	201
9063	3161
9064	1303
9065	4797
9066	3382
9067	3340
9068	1905
9069	3978
9070	1912
9071	2409
9072	1417
9073	1393
9074	4468
9075	4567
9076	3171
9077	3251
9078	3987
9079	3597
9080	178
9081	3455
9082	1777
9083	4180
9084	457
9085	1148
9086	453
9087	3225
9088	121
9089	537
9090	1281
9091	136
9092	2397
9093	1191
9094	2309
9095	853
9096	3606
9097	1040
9098	2388
9099	4311
9100	241
9101	4311
9102	3171
9103	65
9104	4691
9105	911
9106	2112
9107	698
9108	2849
9109	1482
9110	4044
9111	1454
9112	4754
9113	2429
9114	2372
9115	4738
9116	4382
9117	2345
9118	599
9119	3936
9120	1171
9121	3657
9122	4522
9123	4457
9124	2359
9125	2451
9126	1347
9127	2731
9128	1839
9129	2919
9130	2000
9131	1174
9132	4515
9133	1860
9134	686
9135	414
9136	3770
9137	869
9138	4863
9139	1248
9140	257
9141	4799
9142	2134
9143	714
9144	1663
9145	1604
9146	4990
9147	1073
9148	732
9149	2228
9150	1813
9151	3878
9152	4530
9153	4616
9154	3926
9155	4261
9156	2151
9157	2375
9158	348
9159	2815
9160	1932
9161	4196
9162	3332
9163	4559
9164	1382
9165	2946
9166	3483
9167	1245
9168	583
9169	2859
9170	2564
9171	26
9172	4949
9173	2554
9174	3765
9175	2393
9176	3966
9177	4536
9178	4894
9179	4190
9180	3587
9181	3751
9182	2919
9183	3755
9184	2636
9185	3077
9186	961
9187	4567
9188	4768
9189	2357
9190	2257
9191	3156
9192	1791
9193	356
9194	803
9195	2538
9196	2209
9197	3232
9198	1007
9199	3714
9200	4145
9201	3493
9202	1049
9203	3953
9204	2238
9205	2568
9206	3340
9207	4109
9208	662
9209	4353
9210	2982
9211	2614
9212	4145
9213	2145
9214	1192
9215	4640
9216	290
9217	3472
9218	4819
9219	3315
9220	1204
9221	3341
9222	3683
9223	3524
9224	3127
9225	886
9226	4498
9227	742
9228	3440
9229	4577
9230	856
9231	1520
9232	3721
9233	4900
9234	1662
9235	2156
9236	2056
9237	996
9238	1367
9239	1962
9240	645
9241	636
9242	4612
9243	3659
9244	1613
9245	2057
9246	3846
9247	3730
9248	583
9249	4754
9250	4825
9251	4741
9252	3603
9253	4562
9254	956
9255	4900
9256	91
9257	3751
9258	2586
9259	794
9260	3741
9261	2924
9262	3050
9263	2572
9264	2161
9265	1927
9266	4872
9267	383
9268	4346
9269	3621
9270	548
9271	1246
9272	483
9273	1205
9274	215
9275	4004
9276	3809
9277	4326
9278	813
9279	4701
9280	1504
9281	3600
9282	3475
9283	4402
9284	1641
9285	3522
9286	2944
9287	3771
9288	1805
9289	734
9290	4029
9291	4820
9292	4628
9293	4559
9294	2130
9295	2680
9296	2932
9297	3384
9298	1558
9299	4745
9300	1960
9301	4098
9302	1384
9303	725
9304	3779
9305	343
9306	1824
9307	4275
9308	4810
9309	1733
9310	1851
9311	4055
9312	1651
9313	3491
9314	2382
9315	2674
9316	1684
9317	862
9318	3636
9319	1826
9320	3594
9321	1229
9322	2703
9323	237
9324	1126
9325	4246
9326	120
9327	116
9328	4735
9329	4012
9330	493
9331	2692
9332	3618
9333	702
9334	1389
9335	4438
9336	17
9337	3315
9338	357
9339	4246
9340	2105
9341	3457
9342	335
9343	3328
9344	3490
9345	1062
9346	2403
9347	618
9348	1462
9349	86
9350	237
9351	3755
9352	4239
9353	2568
9354	1026
9355	594
9356	4296
9357	3035
9358	647
9359	4376
9360	2424
9361	1926
9362	4597
9363	2614
9364	1647
9365	944
9366	4557
9367	4844
9368	975
9369	1696
9370	342
9371	283
9372	4912
9373	3040
9374	3815
9375	563
9376	3150
9377	1926
9378	2451
9379	4730
9380	4433
9381	2359
9382	1791
9383	4901
9384	3341
9385	3378
9386	4289
9387	426
9388	1925
9389	2893
9390	4374
9391	4743
9392	4998
9393	1119
9394	4502
9395	774
9396	3506
9397	1531
9398	1509
9399	4857
9400	603
9401	4835
9402	2340
9403	1815
9404	4274
9405	1171
9406	4326
9407	3314
9408	1945
9409	2956
9410	1892
9411	1014
9412	2171
9413	1889
9414	4993
9415	3239
9416	1876
9417	71
9418	1108
9419	2805
9420	1584
9421	2469
9422	4967
9423	4785
9424	2881
9425	4979
9426	3840
9427	551
9428	3636
9429	490
9430	1743
9431	491
9432	4348
9433	2548
9434	2262
9435	4873
9436	2791
9437	3008
9438	2958
9439	596
9440	3520
9441	4297
9442	4502
9443	4199
9444	283
9445	3216
9446	2805
9447	2447
9448	4586
9449	2381
9450	1452
9451	1239
9452	4652
9453	2288
9454	2198
9455	1630
9456	2222
9457	3253
9458	1049
9459	2906
9460	1437
9461	1888
9462	3587
9463	335
9464	3140
9465	3773
9466	3680
9467	3606
9468	3044
9469	30
9470	3502
9471	4091
9472	2791
9473	167
9474	479
9475	4813
9476	154
9477	503
9478	4393
9479	1910
9480	3975
9481	3436
9482	891
9483	4262
9484	3693
9485	893
9486	3966
9487	498
9488	863
9489	38
9490	658
9491	4686
9492	1226
9493	2589
9494	4034
9495	2003
9496	3258
9497	4614
9498	3530
9499	4289
9500	2749
9501	887
9502	1246
9503	1762
9504	1256
9505	1876
9506	1014
9507	4067
9508	2131
9509	485
9510	2984
9511	86
9512	3982
9513	4937
9514	3425
9515	3822
9516	142
9517	4511
9518	2284
9519	4524
9520	2496
9521	3201
9522	4710
9523	3714
9524	4647
9525	4511
9526	2367
9527	2324
9528	2789
9529	3969
9530	4198
9531	2238
9532	1215
9533	2354
9534	396
9535	4312
9536	1808
9537	2598
9538	3639
9539	3420
9540	1749
9541	2684
9542	2070
9543	2272
9544	3229
9545	3363
9546	2060
9547	4516
9548	3553
9549	3772
9550	2003
9551	2655
9552	1330
9553	218
9554	2398
9555	3699
9556	1174
9557	3091
9558	526
9559	4251
9560	2082
9561	2958
9562	2766
9563	4547
9564	4590
9565	4068
9566	2299
9567	142
9568	4399
9569	2953
9570	67
9571	1960
9572	3335
9573	4699
9574	2068
9575	4198
9576	78
9577	1711
9578	2251
9579	1163
9580	1243
9581	3238
9582	150
9583	1159
9584	4916
9585	484
9586	844
9587	1545
9588	817
9589	4457
9590	2156
9591	197
9592	4664
9593	1401
9594	1339
9595	3393
9596	4557
9597	1919
9598	2577
9599	4267
9600	4269
9601	594
9602	4831
9603	3704
9604	1859
9605	4813
9606	470
9607	1425
9608	1929
9609	3205
9610	3983
9611	2152
9612	3208
9613	1719
9614	1651
9615	3487
9616	1432
9617	3321
9618	4969
9619	3918
9620	373
9621	4822
9622	683
9623	1622
9624	313
9625	851
9626	1739
9627	3160
9628	734
9629	1706
9630	3762
9631	1027
9632	65
9633	899
9634	816
9635	1866
9636	3330
9637	4297
9638	429
9639	3038
9640	3677
9641	2745
9642	2803
9643	4441
9644	1112
9645	3661
9646	3884
9647	4196
9648	4755
9649	3066
9650	2435
9651	3493
9652	4304
9653	3133
9654	4506
9655	816
9656	3983
9657	3706
9658	491
9659	857
9660	2179
9661	1102
9662	3935
9663	3037
9664	1813
9665	2200
9666	4997
9667	2582
9668	2395
9669	3210
9670	3038
9671	2944
9672	2110
9673	1600
9674	1332
9675	2813
9676	4154
9677	4831
9678	3911
9679	1008
9680	53
9681	4997
9682	164
9683	1907
9684	1584
9685	4530
9686	420
9687	3699
9688	2300
9689	1305
9690	3080
9691	2120
9692	2338
9693	4949
9694	4299
9695	2056
9696	1919
9697	2548
9698	2605
9699	1692
9700	3198
9701	3868
9702	4122
9703	2866
9704	4662
9705	3327
9706	625
9707	4181
9708	196
9709	3782
9710	3567
9711	4737
9712	1227
9713	759
9714	2099
9715	4830
9716	2223
9717	1228
9718	1674
9719	4173
9720	730
9721	3454
9722	2161
9723	3207
9724	2051
9725	3898
9726	758
9727	4634
9728	1074
9729	901
9730	4713
9731	592
9732	4495
9733	2258
9734	4327
9735	3467
9736	836
9737	1696
9738	2750
9739	3655
9740	520
9741	1549
9742	2856
9743	3902
9744	1096
9745	567
9746	3886
9747	1834
9748	1860
9749	2454
9750	109
9751	3618
9752	1634
9753	16
9754	2945
9755	4664
9756	3565
9757	1743
9758	5000
9759	3306
9760	1330
9761	899
9762	2859
9763	3694
9764	1929
9765	347
9766	4284
9767	3327
9768	2153
9769	106
9770	1108
9771	2904
9772	2212
9773	3442
9774	3049
9775	1248
9776	478
9777	812
9778	3719
9779	1007
9780	3145
9781	300
9782	4139
9783	4106
9784	3089
9785	2557
9786	3978
9787	2605
9788	4688
9789	4108
9790	1260
9791	4129
9792	2866
9793	394
9794	1494
9795	3659
9796	121
9797	1987
9798	2877
9799	737
9800	4729
9801	1719
9802	4726
9803	2153
9804	153
9805	705
9806	4542
9807	4599
9808	2621
9809	547
9810	3167
9811	1954
9812	332
9813	3214
9814	1963
9815	3805
9816	1545
9817	1927
9818	2680
9819	705
9820	3506
9821	2425
9822	2332
9823	3113
9824	184
9825	2660
9826	506
9827	3035
9828	4029
9829	195
9830	2044
9831	817
9832	2551
9833	2894
9834	1126
9835	724
9836	4048
9837	2894
9838	3454
9839	1215
9840	813
9841	3911
9842	3258
9843	4142
9844	1888
9845	4826
9846	1674
9847	1162
9848	3655
9849	3041
9850	4726
9851	3113
9852	1945
9853	2847
9854	4713
9855	1343
9856	3712
9857	3363
9858	1028
9859	300
9860	871
9861	2284
9862	4181
9863	2518
9864	2931
9865	3805
9866	4106
9867	106
9868	3641
9869	2009
9870	3712
9871	2648
9872	2799
9873	1197
9874	4023
9875	3935
9876	1844
9877	4969
9878	2166
9879	4363
9880	1217
9881	1199
9882	2856
9883	151
9884	1096
9885	3321
9886	2232
9887	1048
9888	4633
9889	1687
9890	440
9891	1682
9892	2010
9893	2449
9894	287
9895	3886
9896	3211
9897	4315
9898	4801
9899	1944
9900	2815
9901	114
9902	2057
9903	850
9904	2389
9905	1205
9906	4374
9907	398
9908	1944
9909	4167
9910	2518
9911	3254
9912	492
9913	3641
9914	492
9915	893
9916	2271
9917	956
9918	657
9919	3536
9920	1161
9921	1217
9922	3229
9923	2648
9924	1268
9925	3467
9926	3387
9927	4138
9928	1948
9929	59
9930	3254
9931	2697
9932	537
9933	939
9934	4928
9935	657
9936	4247
9937	4294
9938	1308
9939	1308
9940	1825
9941	2222
9942	4745
9943	4411
9944	319
9945	2586
9946	2182
9947	692
9948	4826
9949	3471
9950	3041
9951	2996
9952	1825
9953	4423
9954	1840
9955	1012
9956	4225
9957	2309
9958	440
9959	4090
9960	3443
9961	729
9962	2926
9963	3393
9964	2368
9965	3562
9966	2920
9967	2068
9968	536
9969	3093
9970	862
9971	27
9972	253
9973	1227
9974	4146
9975	3031
9976	164
9977	2075
9978	4844
9979	1122
9980	4616
9981	574
9982	2232
9983	4267
9984	4304
9985	2300
9986	4294
9987	102
9988	3758
9989	1441
9990	1311
9991	2920
9992	3292
9993	922
9994	114
9995	3969
9996	536
9997	2616
9998	1311
9999	4071
10000	3458
