Class Times	100
Rooms	100
1	190
2	962
3	817
4	930
5	349
6	724
7	322
8	194
9	784
10	58
11	228
12	252
13	749
14	828
15	644
16	119
17	200
18	916
19	836
20	119
21	107
22	45
23	740
24	15
25	241
26	602
27	430
28	428
29	472
30	535
31	567
32	776
33	819
34	931
35	435
36	165
37	721
38	675
39	338
40	369
41	916
42	485
43	724
44	142
45	199
46	171
47	118
48	499
49	636
50	597
51	72
52	971
53	531
54	995
55	527
56	135
57	470
58	520
59	74
60	144
61	894
62	923
63	40
64	703
65	856
66	288
67	66
68	767
69	934
70	456
71	119
72	59
73	577
74	109
75	633
76	169
77	779
78	359
79	654
80	791
81	301
82	264
83	551
84	623
85	363
86	565
87	86
88	846
89	974
90	116
91	367
92	589
93	110
94	842
95	30
96	796
97	277
98	653
99	343
100	937
Classes	10000
Teachers	5000
1	3925
2	376
3	4233
4	3156
5	1613
6	1195
7	1199
8	3027
9	4821
10	503
11	4897
12	2903
13	3220
14	2471
15	487
16	2919
17	4718
18	22
19	3823
20	3205
21	3744
22	505
23	1726
24	4357
25	3376
26	2509
27	2781
28	2956
29	2080
30	1148
31	3089
32	4025
33	1668
34	2549
35	4114
36	1547
37	790
38	2719
39	200
40	3807
41	2850
42	1626
43	1660
44	1894
45	2747
46	1609
47	383
48	1101
49	3019
50	4340
51	4434
52	634
53	2817
54	229
55	4350
56	3689
57	1914
58	1526
59	3332
60	2170
61	4754
62	4603
63	2639
64	2337
65	64
66	4940
67	4781
68	4413
69	43
70	904
71	23
72	2420
73	2703
74	252
75	4663
76	334
77	3918
78	3544
79	316
80	1565
81	4793
82	990
83	1117
84	916
85	4392
86	2263
87	1494
88	3774
89	4954
90	960
91	769
92	1696
93	2702
94	1775
95	1801
96	1467
97	4106
98	1398
99	4750
100	1827
101	3250
102	160
103	1574
104	689
105	2141
106	1789
107	3437
108	1545
109	2736
110	1156
111	2847
112	1022
113	3005
114	4842
115	2153
116	967
117	1919
118	905
119	4390
120	819
121	158
122	1594
123	4246
124	414
125	4145
126	1516
127	3750
128	35
129	479
130	1983
131	2821
132	4798
133	2536
134	2001
135	24
136	2296
137	378
138	4536
139	3121
140	2189
141	2555
142	1777
143	1547
144	4808
145	2999
146	985
147	4013
148	4373
149	3441
150	2919
151	1413
152	4405
153	151
154	2752
155	4283
156	51
157	896
158	4800
159	778
160	306
161	1842
162	1218
163	2474
164	4360
165	4268
166	3584
167	162
168	4136
169	47
170	2622
171	2832
172	1556
173	4400
174	4251
175	2585
176	394
177	1663
178	1258
179	4488
180	1035
181	3254
182	4516
183	4192
184	807
185	3435
186	1335
187	1419
188	334
189	3407
190	3039
191	3198
192	3969
193	4015
194	3532
195	1852
196	2401
197	4514
198	3765
199	1381
200	2230
201	187
202	1775
203	2739
204	3216
205	4869
206	4132
207	4077
208	1077
209	765
210	4244
211	2635
212	4805
213	4298
214	2115
215	4596
216	2115
217	2591
218	4943
219	4820
220	2767
221	4667
222	793
223	2258
224	4351
225	3581
226	3423
227	1796
228	1728
229	1478
230	4179
231	4796
232	4679
233	2781
234	418
235	2321
236	1538
237	4143
238	4541
239	685
240	2338
241	1947
242	1220
243	3036
244	1608
245	3765
246	4365
247	100
248	3656
249	2259
250	1581
251	3321
252	514
253	444
254	387
255	4555
256	2559
257	3392
258	2819
259	4454
260	2873
261	2415
262	2837
263	4987
264	4178
265	315
266	3605
267	2317
268	566
269	1592
270	152
271	975
272	3383
273	872
274	559
275	1878
276	553
277	4432
278	2941
279	36
280	2219
281	4416
282	3439
283	1407
284	1897
285	3377
286	905
287	453
288	38
289	3496
290	3153
291	4953
292	133
293	2507
294	2742
295	3871
296	2575
297	1885
298	2281
299	2872
300	2767
301	1476
302	1833
303	19
304	1355
305	3042
306	3095
307	2343
308	532
309	4217
310	4610
311	213
312	2575
313	3426
314	2268
315	2643
316	11
317	3414
318	4092
319	4004
320	63
321	4957
322	4638
323	3639
324	4354
325	3219
326	3029
327	4204
328	4984
329	326
330	384
331	367
332	129
333	1248
334	4429
335	4762
336	727
337	3767
338	941
339	1822
340	4808
341	1457
342	2059
343	3420
344	4805
345	3383
346	3821
347	3041
348	947
349	2103
350	4646
351	1878
352	655
353	4107
354	257
355	1383
356	4945
357	2626
358	117
359	212
360	942
361	2891
362	2268
363	450
364	141
365	4948
366	186
367	4636
368	362
369	4800
370	2270
371	3440
372	1092
373	3405
374	1007
375	3313
376	4921
377	238
378	3889
379	1867
380	3130
381	3220
382	2403
383	3793
384	1418
385	4685
386	1952
387	456
388	3644
389	209
390	1387
391	2849
392	132
393	2947
394	2963
395	4749
396	4114
397	4201
398	322
399	4932
400	761
401	127
402	4543
403	4400
404	4603
405	458
406	1072
407	4174
408	1298
409	1207
410	3417
411	2393
412	272
413	2254
414	3919
415	1945
416	1813
417	406
418	1526
419	3460
420	2504
421	3633
422	3878
423	2189
424	135
425	227
426	3771
427	3781
428	388
429	4311
430	2247
431	418
432	3977
433	3425
434	3704
435	3639
436	1627
437	3601
438	2913
439	4051
440	4393
441	3971
442	193
443	87
444	438
445	2238
446	943
447	1953
448	3344
449	429
450	3748
451	2843
452	3636
453	4987
454	498
455	4440
456	3754
457	2097
458	688
459	3555
460	4884
461	2951
462	4919
463	1726
464	3704
465	4672
466	1825
467	1309
468	1050
469	2574
470	4146
471	3779
472	2280
473	3155
474	4633
475	748
476	3721
477	3424
478	3292
479	2796
480	3177
481	234
482	4170
483	3463
484	3173
485	4002
486	1265
487	1090
488	3375
489	3374
490	3161
491	3358
492	1527
493	3951
494	4850
495	1974
496	3054
497	3418
498	715
499	2565
500	1394
501	2264
502	1524
503	4374
504	4472
505	1595
506	2134
507	1079
508	1039
509	4309
510	3609
511	3260
512	1688
513	421
514	4144
515	729
516	1988
517	744
518	2052
519	2686
520	4884
521	2170
522	674
523	2243
524	37
525	3684
526	255
527	1159
528	2496
529	1227
530	3977
531	3177
532	829
533	4820
534	1887
535	317
536	1555
537	3891
538	4521
539	4205
540	1535
541	1507
542	1529
543	2390
544	1430
545	904
546	554
547	1808
548	639
549	271
550	3368
551	4734
552	3634
553	4273
554	4672
555	1699
556	3571
557	2554
558	848
559	792
560	475
561	760
562	31
563	4452
564	2683
565	4990
566	4381
567	1204
568	3114
569	4744
570	3070
571	2627
572	1096
573	970
574	4727
575	1442
576	27
577	3027
578	2748
579	2388
580	1054
581	1773
582	1646
583	3236
584	4962
585	3568
586	3310
587	2019
588	3742
589	4069
590	778
591	1293
592	4214
593	4039
594	3586
595	4978
596	3931
597	1175
598	1455
599	4284
600	1468
601	4574
602	612
603	1123
604	4487
605	3055
606	4369
607	4842
608	4502
609	2081
610	4179
611	1524
612	2464
613	4681
614	560
615	2346
616	1759
617	984
618	1540
619	4856
620	489
621	4032
622	2212
623	4638
624	3178
625	2353
626	3078
627	1681
628	4181
629	4719
630	1113
631	374
632	3695
633	4934
634	220
635	2088
636	3595
637	3942
638	2455
639	2646
640	4516
641	2741
642	1258
643	2037
644	4057
645	4242
646	4852
647	1667
648	1589
649	4485
650	4025
651	4472
652	4319
653	2306
654	2064
655	4761
656	2730
657	338
658	1555
659	2699
660	2642
661	4905
662	2946
663	645
664	1198
665	2983
666	814
667	4285
668	892
669	3554
670	2007
671	2045
672	4904
673	1908
674	3984
675	1889
676	4075
677	4185
678	667
679	857
680	2591
681	3388
682	177
683	3411
684	4696
685	4365
686	3206
687	449
688	1708
689	3527
690	4571
691	584
692	2188
693	432
694	1803
695	2201
696	38
697	2354
698	3217
699	4372
700	3863
701	3437
702	146
703	4981
704	2442
705	1327
706	3696
707	2517
708	3200
709	4518
710	2729
711	3532
712	3935
713	1297
714	2460
715	3077
716	2421
717	782
718	2541
719	2628
720	4150
721	270
722	1250
723	1786
724	2143
725	2004
726	2134
727	946
728	4189
729	2588
730	3495
731	209
732	968
733	2105
734	1321
735	2153
736	2364
737	2456
738	878
739	884
740	32
741	4489
742	1328
743	1920
744	359
745	4869
746	311
747	91
748	1679
749	1777
750	17
751	3455
752	883
753	1087
754	2418
755	3466
756	2635
757	3385
758	933
759	668
760	1998
761	3754
762	4239
763	4381
764	276
765	3706
766	308
767	2277
768	1891
769	3662
770	1282
771	4930
772	854
773	4334
774	838
775	1981
776	1037
777	922
778	2237
779	4388
780	820
781	913
782	3985
783	4357
784	1364
785	3024
786	3633
787	212
788	1720
789	3700
790	3815
791	3260
792	4252
793	833
794	1478
795	2016
796	475
797	854
798	4883
799	4337
800	933
801	1114
802	2441
803	4450
804	262
805	4807
806	4467
807	709
808	143
809	548
810	3467
811	609
812	2607
813	4804
814	567
815	1032
816	3672
817	1549
818	783
819	3388
820	2847
821	1402
822	1881
823	800
824	4404
825	2168
826	3213
827	2863
828	836
829	4802
830	1879
831	2486
832	3384
833	4970
834	1689
835	1080
836	3638
837	1820
838	3050
839	547
840	1522
841	1846
842	2029
843	4082
844	1211
845	3084
846	647
847	1039
848	4681
849	1358
850	3536
851	1243
852	2651
853	3887
854	1096
855	4459
856	397
857	1621
858	4076
859	2205
860	1219
861	4795
862	3748
863	3432
864	735
865	1936
866	1171
867	1250
868	1995
869	3595
870	881
871	1047
872	1044
873	4927
874	4332
875	2780
876	1730
877	1721
878	45
879	3081
880	39
881	3266
882	4897
883	4272
884	3982
885	310
886	4694
887	1447
888	3378
889	3868
890	3928
891	2347
892	4059
893	3733
894	3257
895	1635
896	3789
897	1269
898	192
899	3478
900	903
901	1534
902	4640
903	1308
904	746
905	1760
906	3008
907	3925
908	1004
909	4171
910	2975
911	3597
912	1104
913	3128
914	4423
915	4394
916	738
917	3011
918	3601
919	2312
920	4022
921	774
922	162
923	4236
924	4750
925	1653
926	3166
927	3963
928	1372
929	16
930	2141
931	3119
932	1718
933	3372
934	326
935	414
936	4798
937	3121
938	1062
939	3357
940	2401
941	2052
942	1833
943	3770
944	152
945	2982
946	2530
947	2683
948	1754
949	4305
950	1660
951	1885
952	428
953	3778
954	2136
955	359
956	1990
957	3357
958	3124
959	3433
960	4478
961	2647
962	3954
963	3918
964	1959
965	915
966	942
967	1095
968	697
969	160
970	4758
971	4850
972	1453
973	1521
974	4790
975	2637
976	1350
977	4658
978	3007
979	1251
980	4259
981	781
982	4284
983	1966
984	3154
985	1418
986	832
987	2866
988	2157
989	4294
990	1717
991	3492
992	3389
993	4889
994	3384
995	3700
996	2022
997	4545
998	4795
999	2028
1000	793
1001	868
1002	3096
1003	404
1004	1084
1005	4670
1006	1727
1007	254
1008	1937
1009	929
1010	1541
1011	4539
1012	2131
1013	130
1014	2072
1015	2499
1016	2490
1017	1942
1018	4185
1019	4393
1020	1778
1021	1587
1022	3981
1023	855
1024	2603
1025	3002
1026	4615
1027	1812
1028	3562
1029	2896
1030	4707
1031	205
1032	4088
1033	2696
1034	3030
1035	640
1036	2973
1037	3049
1038	4857
1039	4978
1040	360
1041	855
1042	1253
1043	271
1044	1814
1045	4231
1046	3359
1047	773
1048	175
1049	3456
1050	2917
1051	4992
1052	1435
1053	643
1054	324
1055	4887
1056	461
1057	1991
1058	2287
1059	4659
1060	3821
1061	2274
1062	4307
1063	635
1064	1187
1065	1177
1066	3585
1067	3298
1068	2742
1069	172
1070	4174
1071	1591
1072	2961
1073	180
1074	2869
1075	3102
1076	2607
1077	4019
1078	3915
1079	1170
1080	2509
1081	3011
1082	3829
1083	2538
1084	1618
1085	4563
1086	2926
1087	3502
1088	4876
1089	3766
1090	1359
1091	112
1092	119
1093	4432
1094	4862
1095	4865
1096	225
1097	142
1098	1797
1099	3295
1100	3520
1101	4335
1102	1858
1103	4895
1104	3526
1105	1309
1106	1986
1107	1048
1108	2396
1109	3368
1110	3952
1111	658
1112	2652
1113	473
1114	1006
1115	2586
1116	2392
1117	4230
1118	970
1119	234
1120	1324
1121	4096
1122	1339
1123	3300
1124	4219
1125	3142
1126	4462
1127	80
1128	406
1129	3881
1130	4864
1131	1421
1132	267
1133	647
1134	503
1135	2432
1136	2646
1137	3126
1138	3178
1139	1208
1140	116
1141	1279
1142	3018
1143	631
1144	2056
1145	3415
1146	1686
1147	867
1148	4968
1149	3275
1150	4499
1151	4643
1152	906
1153	2556
1154	831
1155	4160
1156	1429
1157	1007
1158	3658
1159	3660
1160	3123
1161	1367
1162	2073
1163	4009
1164	446
1165	1119
1166	2701
1167	2584
1168	3584
1169	4251
1170	863
1171	642
1172	3323
1173	4067
1174	3363
1175	3512
1176	824
1177	368
1178	3855
1179	4844
1180	4106
1181	183
1182	1486
1183	1916
1184	4080
1185	3152
1186	425
1187	3934
1188	378
1189	4119
1190	3526
1191	4513
1192	2684
1193	187
1194	1683
1195	3640
1196	2412
1197	1528
1198	2793
1199	3793
1200	1559
1201	1745
1202	1483
1203	1317
1204	4186
1205	1349
1206	4007
1207	2080
1208	1259
1209	4233
1210	4654
1211	2973
1212	3609
1213	1312
1214	1353
1215	1332
1216	1292
1217	261
1218	3721
1219	2466
1220	1023
1221	2499
1222	1626
1223	3212
1224	997
1225	3439
1226	3463
1227	48
1228	4735
1229	70
1230	1759
1231	3409
1232	554
1233	2593
1234	3467
1235	3075
1236	3095
1237	1933
1238	859
1239	4881
1240	1450
1241	4623
1242	4283
1243	287
1244	2075
1245	2862
1246	1570
1247	2266
1248	4581
1249	2818
1250	4788
1251	897
1252	2828
1253	759
1254	80
1255	313
1256	1728
1257	2014
1258	4753
1259	3415
1260	374
1261	838
1262	2720
1263	2551
1264	3348
1265	1952
1266	2795
1267	3141
1268	1922
1269	4231
1270	2
1271	4367
1272	2707
1273	2208
1274	4755
1275	4242
1276	3634
1277	2813
1278	2846
1279	93
1280	4927
1281	578
1282	835
1283	2546
1284	2187
1285	3546
1286	4736
1287	1857
1288	1872
1289	2560
1290	3359
1291	481
1292	3958
1293	3549
1294	3627
1295	2725
1296	1672
1297	168
1298	4763
1299	639
1300	1188
1301	770
1302	2975
1303	4944
1304	1550
1305	1232
1306	2955
1307	2487
1308	4680
1309	2899
1310	2914
1311	1785
1312	1199
1313	4423
1314	705
1315	4693
1316	4572
1317	1611
1318	893
1319	4635
1320	4944
1321	3393
1322	4257
1323	1641
1324	4021
1325	2754
1326	4053
1327	1454
1328	1788
1329	3144
1330	3600
1331	4356
1332	3235
1333	441
1334	4908
1335	3986
1336	3965
1337	3656
1338	2790
1339	4132
1340	659
1341	44
1342	1349
1343	2376
1344	3147
1345	4226
1346	2896
1347	2921
1348	2076
1349	1050
1350	2194
1351	2297
1352	4035
1353	1686
1354	2653
1355	2942
1356	1821
1357	547
1358	515
1359	1315
1360	2667
1361	1884
1362	2637
1363	4029
1364	3318
1365	1913
1366	3749
1367	2961
1368	1396
1369	1374
1370	2873
1371	929
1372	3676
1373	895
1374	2179
1375	3914
1376	4171
1377	260
1378	1059
1379	4188
1380	4115
1381	2865
1382	697
1383	1766
1384	4446
1385	2519
1386	4258
1387	2224
1388	4599
1389	2898
1390	3074
1391	1966
1392	743
1393	3920
1394	530
1395	1454
1396	3796
1397	1834
1398	178
1399	915
1400	401
1401	3113
1402	1413
1403	4421
1404	1733
1405	3681
1406	2359
1407	1601
1408	1625
1409	4278
1410	1143
1411	3577
1412	3337
1413	1328
1414	3123
1415	1840
1416	3124
1417	3587
1418	297
1419	3163
1420	51
1421	1239
1422	1594
1423	231
1424	496
1425	4000
1426	600
1427	2412
1428	4718
1429	4075
1430	4240
1431	4228
1432	3996
1433	3093
1434	3116
1435	3275
1436	1310
1437	2766
1438	435
1439	72
1440	908
1441	2871
1442	3912
1443	4860
1444	243
1445	642
1446	1493
1447	438
1448	1321
1449	4029
1450	1668
1451	2814
1452	1897
1453	691
1454	921
1455	241
1456	85
1457	4130
1458	1106
1459	4089
1460	305
1461	2130
1462	4922
1463	1191
1464	1393
1465	2012
1466	4055
1467	4271
1468	3734
1469	2111
1470	2484
1471	1802
1472	1834
1473	1211
1474	3281
1475	3903
1476	3469
1477	3672
1478	4772
1479	1264
1480	1254
1481	3622
1482	3418
1483	2481
1484	1004
1485	3203
1486	3900
1487	2776
1488	4266
1489	2748
1490	3056
1491	1010
1492	322
1493	2063
1494	2158
1495	3354
1496	3209
1497	4690
1498	4793
1499	1585
1500	1045
1501	1432
1502	4915
1503	779
1504	4727
1505	3684
1506	4506
1507	68
1508	4227
1509	4460
1510	2144
1511	1809
1512	1772
1513	140
1514	1428
1515	3473
1516	2616
1517	4652
1518	2419
1519	937
1520	4600
1521	3835
1522	2224
1523	923
1524	3688
1525	4626
1526	2899
1527	2660
1528	3961
1529	13
1530	2241
1531	1901
1532	2908
1533	72
1534	1274
1535	2322
1536	3322
1537	3521
1538	4796
1539	899
1540	4733
1541	4198
1542	4875
1543	1641
1544	4052
1545	3417
1546	2701
1547	4675
1548	1206
1549	278
1550	1806
1551	98
1552	1900
1553	775
1554	4317
1555	443
1556	1021
1557	2029
1558	1717
1559	3036
1560	4674
1561	3914
1562	893
1563	2055
1564	636
1565	4408
1566	1749
1567	4810
1568	1400
1569	3592
1570	2021
1571	3206
1572	2924
1573	2765
1574	2908
1575	63
1576	4351
1577	3661
1578	3796
1579	761
1580	1835
1581	2652
1582	527
1583	3806
1584	3831
1585	914
1586	1315
1587	2496
1588	1612
1589	1890
1590	2467
1591	1266
1592	4464
1593	9
1594	2082
1595	2099
1596	3642
1597	3512
1598	4052
1599	2976
1600	1371
1601	560
1602	4189
1603	3942
1604	4377
1605	1348
1606	362
1607	3254
1608	727
1609	4182
1610	3094
1611	1549
1612	1805
1613	3278
1614	4778
1615	1838
1616	4097
1617	3261
1618	3585
1619	3518
1620	2938
1621	2578
1622	3693
1623	1801
1624	4417
1625	1817
1626	5000
1627	3207
1628	266
1629	2463
1630	3341
1631	4280
1632	2517
1633	1346
1634	4044
1635	3516
1636	2915
1637	2124
1638	457
1639	650
1640	4691
1641	4468
1642	3848
1643	508
1644	3568
1645	1355
1646	403
1647	3126
1648	3103
1649	4444
1650	3932
1651	1393
1652	4741
1653	2848
1654	4443
1655	1879
1656	3005
1657	1857
1658	682
1659	1075
1660	807
1661	3071
1662	3475
1663	2154
1664	2266
1665	3519
1666	4333
1667	1982
1668	60
1669	2345
1670	4926
1671	3920
1672	4494
1673	1107
1674	4709
1675	1081
1676	1165
1677	3881
1678	646
1679	2275
1680	657
1681	3749
1682	3480
1683	1794
1684	1424
1685	2500
1686	2996
1687	17
1688	957
1689	2346
1690	4390
1691	914
1692	3351
1693	4061
1694	4489
1695	1032
1696	3948
1697	2630
1698	3864
1699	4716
1700	4811
1701	1293
1702	2092
1703	636
1704	3517
1705	3016
1706	3910
1707	3082
1708	283
1709	1894
1710	574
1711	4843
1712	1501
1713	4477
1714	4700
1715	2037
1716	1841
1717	714
1718	161
1719	1396
1720	4000
1721	4105
1722	587
1723	49
1724	931
1725	1084
1726	1860
1727	3416
1728	114
1729	2536
1730	908
1731	1794
1732	3433
1733	1557
1734	1436
1735	3892
1736	4032
1737	188
1738	2102
1739	2869
1740	2154
1741	3987
1742	4263
1743	2911
1744	2007
1745	2301
1746	3039
1747	1347
1748	1698
1749	2101
1750	81
1751	254
1752	452
1753	4533
1754	2085
1755	545
1756	4398
1757	2818
1758	1194
1759	4684
1760	3287
1761	4511
1762	3488
1763	4071
1764	3949
1765	4410
1766	1844
1767	3185
1768	3050
1769	295
1770	2532
1771	2163
1772	856
1773	1051
1774	57
1775	3484
1776	2326
1777	3755
1778	3297
1779	2677
1780	176
1781	237
1782	3497
1783	4252
1784	3566
1785	2161
1786	1709
1787	2927
1788	4425
1789	158
1790	3611
1791	2306
1792	2479
1793	1169
1794	2335
1795	381
1796	4746
1797	588
1798	1416
1799	3879
1800	924
1801	1957
1802	4469
1803	448
1804	4043
1805	1817
1806	4721
1807	3723
1808	204
1809	1618
1810	563
1811	2553
1812	4953
1813	490
1814	4405
1815	1173
1816	4928
1817	1055
1818	159
1819	1051
1820	3885
1821	2752
1822	2151
1823	703
1824	6
1825	759
1826	1926
1827	1675
1828	69
1829	4983
1830	477
1831	983
1832	2340
1833	3295
1834	4710
1835	4098
1836	567
1837	833
1838	821
1839	4320
1840	1488
1841	4701
1842	4695
1843	1455
1844	4047
1845	3133
1846	4471
1847	3249
1848	590
1849	1758
1850	437
1851	2970
1852	3733
1853	3847
1854	3442
1855	4250
1856	2281
1857	3334
1858	829
1859	1711
1860	149
1861	922
1862	1517
1863	587
1864	355
1865	1144
1866	2104
1867	2580
1868	39
1869	3867
1870	4488
1871	1720
1872	149
1873	2436
1874	511
1875	957
1876	2149
1877	1799
1878	2580
1879	1218
1880	93
1881	2087
1882	3552
1883	292
1884	4545
1885	4478
1886	3256
1887	202
1888	1642
1889	3683
1890	3625
1891	1853
1892	419
1893	2069
1894	4054
1895	934
1896	2666
1897	2438
1898	89
1899	4278
1900	3024
1901	643
1902	715
1903	620
1904	3870
1905	1742
1906	103
1907	621
1908	2504
1909	4085
1910	1230
1911	3153
1912	4121
1913	2302
1914	3688
1915	4341
1916	3286
1917	1681
1918	1573
1919	2948
1920	4096
1921	920
1922	4111
1923	3574
1924	4286
1925	1661
1926	4596
1927	2782
1928	1226
1929	1075
1930	1619
1931	3727
1932	667
1933	3952
1934	1798
1935	3330
1936	1761
1937	3006
1938	4665
1939	3773
1940	1057
1941	2173
1942	2865
1943	103
1944	129
1945	3287
1946	3902
1947	4501
1948	4350
1949	572
1950	237
1951	3491
1952	4223
1953	199
1954	2935
1955	2188
1956	2902
1957	4652
1958	1784
1959	534
1960	4482
1961	3638
1962	4892
1963	1376
1964	2782
1965	3231
1966	586
1967	4067
1968	696
1969	1283
1970	993
1971	1998
1972	3770
1973	4353
1974	35
1975	4494
1976	4364
1977	4530
1978	1145
1979	3646
1980	23
1981	283
1982	4778
1983	4601
1984	49
1985	3227
1986	2372
1987	4031
1988	263
1989	2155
1990	2228
1991	4082
1992	618
1993	4553
1994	2502
1995	4041
1996	1515
1997	740
1998	1465
1999	4930
2000	1466
2001	1856
2002	3580
2003	1954
2004	1768
2005	3913
2006	3546
2007	408
2008	2498
2009	210
2010	275
2011	403
2012	1699
2013	940
2014	3369
2015	2611
2016	2158
2017	1807
2018	1325
2019	82
2020	3826
2021	2279
2022	1492
2023	819
2024	2146
2025	3
2026	4267
2027	2350
2028	269
2029	900
2030	303
2031	4569
2032	289
2033	325
2034	3469
2035	239
2036	4782
2037	2184
2038	1958
2039	3811
2040	4533
2041	107
2042	969
2043	4395
2044	1703
2045	1571
2046	4397
2047	2237
2048	1347
2049	1991
2050	1678
2051	2550
2052	1604
2053	9
2054	1450
2055	4538
2056	3436
2057	2875
2058	3924
2059	4048
2060	389
2061	426
2062	2904
2063	3419
2064	2389
2065	4212
2066	2456
2067	1290
2068	3629
2069	189
2070	1921
2071	1337
2072	2033
2073	848
2074	2164
2075	487
2076	3875
2077	3798
2078	4645
2079	3078
2080	1951
2081	2731
2082	1859
2083	4002
2084	1436
2085	846
2086	1216
2087	714
2088	4612
2089	2302
2090	4729
2091	752
2092	3772
2093	1073
2094	1249
2095	3550
2096	1324
2097	1877
2098	2877
2099	645
2100	4942
2101	3944
2102	3221
2103	4122
2104	1987
2105	2374
2106	1364
2107	2931
2108	4359
2109	4592
2110	2467
2111	2788
2112	357
2113	608
2114	1419
2115	1711
2116	2768
2117	4674
2118	211
2119	3416
2120	1896
2121	4559
2122	2254
2123	1567
2124	3932
2125	2168
2126	496
2127	2350
2128	2872
2129	1791
2130	4420
2131	566
2132	4401
2133	1936
2134	3521
2135	1831
2136	2212
2137	616
2138	3224
2139	2041
2140	3816
2141	3277
2142	3464
2143	1421
2144	4679
2145	1864
2146	3040
2147	2620
2148	4941
2149	2814
2150	66
2151	2117
2152	4566
2153	2132
2154	1463
2155	2626
2156	3663
2157	896
2158	3961
2159	3064
2160	2246
2161	671
2162	1873
2163	3615
2164	4542
2165	3983
2166	972
2167	4852
2168	4910
2169	1839
2170	333
2171	3778
2172	4713
2173	1422
2174	1758
2175	4471
2176	4186
2177	4097
2178	4737
2179	1780
2180	3083
2181	4661
2182	2489
2183	1179
2184	1341
2185	2044
2186	4763
2187	520
2188	1071
2189	2360
2190	786
2191	3310
2192	1460
2193	3073
2194	157
2195	99
2196	2638
2197	3435
2198	3514
2199	350
2200	4620
2201	2220
2202	1963
2203	862
2204	626
2205	1919
2206	1630
2207	3986
2208	130
2209	946
2210	2286
2211	226
2212	290
2213	3304
2214	999
2215	4126
2216	2547
2217	3782
2218	2648
2219	1625
2220	3628
2221	128
2222	317
2223	3164
2224	760
2225	2217
2226	222
2227	608
2228	451
2229	4430
2230	2931
2231	2977
2232	4683
2233	1274
2234	3811
2235	4048
2236	4608
2237	4003
2238	4976
2239	3466
2240	1588
2241	3871
2242	4246
2243	2914
2244	2544
2245	3534
2246	799
2247	2684
2248	871
2249	4740
2250	2623
2251	2661
2252	483
2253	4250
2254	4756
2255	4921
2256	4783
2257	3446
2258	791
2259	2142
2260	276
2261	3044
2262	3565
2263	3286
2264	3877
2265	3739
2266	2940
2267	4905
2268	4853
2269	4340
2270	531
2271	895
2272	2373
2273	2726
2274	4178
2275	2656
2276	2409
2277	1903
2278	882
2279	2954
2280	4017
2281	1292
2282	4860
2283	2693
2284	3348
2285	2954
2286	4496
2287	1831
2288	2918
2289	3166
2290	2987
2291	62
2292	4077
2293	4677
2294	3232
2295	3612
2296	285
2297	1542
2298	2083
2299	921
2300	3908
2301	1776
2302	4571
2303	1645
2304	2837
2305	2228
2306	1655
2307	115
2308	3878
2309	4307
2310	2708
2311	4449
2312	1802
2313	115
2314	4182
2315	2779
2316	2231
2317	2124
2318	1607
2319	1341
2320	2208
2321	4752
2322	3445
2323	2258
2324	4697
2325	2606
2326	2096
2327	1753
2328	3663
2329	2216
2330	2289
2331	2995
2332	1497
2333	40
2334	4170
2335	3649
2336	4676
2337	1783
2338	2513
2339	804
2340	2727
2341	302
2342	767
2343	4253
2344	1680
2345	282
2346	4111
2347	1164
2348	1237
2349	913
2350	1499
2351	3960
2352	1742
2353	1377
2354	3758
2355	2431
2356	1157
2357	3096
2358	1976
2359	4411
2360	4865
2361	1958
2362	617
2363	3891
2364	1901
2365	19
2366	169
2367	2765
2368	2036
2369	2965
2370	1498
2371	2148
2372	1442
2373	4464
2374	1909
2375	3214
2376	3996
2377	987
2378	3608
2379	2662
2380	2140
2381	1451
2382	3389
2383	2075
2384	3474
2385	923
2386	4979
2387	1610
2388	3248
2389	2065
2390	4005
2391	2762
2392	2857
2393	3059
2394	2413
2395	1153
2396	1407
2397	4698
2398	2799
2399	1727
2400	1373
2401	3080
2402	1673
2403	4947
2404	3365
2405	2554
2406	4724
2407	4382
2408	3758
2409	1028
2410	989
2411	1752
2412	4368
2413	3605
2414	474
2415	4678
2416	270
2417	733
2418	4658
2419	4158
2420	1904
2421	3939
2422	4554
2423	2365
2424	2595
2425	3731
2426	3644
2427	3529
2428	2003
2429	663
2430	313
2431	3902
2432	1260
2433	4514
2434	1290
2435	2356
2436	4406
2437	1665
2438	4336
2439	3766
2440	4023
2441	2605
2442	4408
2443	3696
2444	836
2445	1973
2446	3047
2447	4557
2448	1634
2449	2750
2450	4347
2451	474
2452	3669
2453	4756
2454	2446
2455	2887
2456	4107
2457	1628
2458	3299
2459	1935
2460	1263
2461	201
2462	2557
2463	2788
2464	3727
2465	3148
2466	469
2467	1299
2468	4306
2469	1507
2470	3999
2471	1942
2472	1167
2473	3947
2474	167
2475	3193
2476	3485
2477	672
2478	4220
2479	2703
2480	3297
2481	1658
2482	3354
2483	4445
2484	3043
2485	2304
2486	3649
2487	4882
2488	300
2489	1249
2490	1205
2491	2421
2492	3610
2493	3958
2494	2743
2495	1433
2496	2753
2497	1042
2498	716
2499	369
2500	1615
2501	1059
2502	4920
2503	2541
2504	1583
2505	4729
2506	2903
2507	4685
2508	3322
2509	1040
2510	1118
2511	1473
2512	4732
2513	3665
2514	1268
2515	2227
2516	1310
2517	1557
2518	2996
2519	3444
2520	3527
2521	2749
2522	3536
2523	611
2524	181
2525	3291
2526	659
2527	2253
2528	3879
2529	1441
2530	4458
2531	1078
2532	2929
2533	790
2534	983
2535	3927
2536	813
2537	4723
2538	2264
2539	3211
2540	2885
2541	2481
2542	1710
2543	1194
2544	347
2545	2272
2546	404
2547	2628
2548	4607
2549	4843
2550	938
2551	3238
2552	147
2553	4813
2554	2713
2555	4851
2556	3444
2557	2615
2558	3927
2559	3063
2560	677
2561	2151
2562	3309
2563	106
2564	4188
2565	352
2566	4984
2567	3041
2568	2581
2569	4646
2570	998
2571	1883
2572	4214
2573	366
2574	671
2575	1795
2576	1330
2577	29
2578	4593
2579	4273
2580	1937
2581	2779
2582	371
2583	1932
2584	2415
2585	2098
2586	4148
2587	2064
2588	3577
2589	4372
2590	2061
2591	4476
2592	1749
2593	351
2594	4958
2595	2493
2596	358
2597	3325
2598	62
2599	1921
2600	3516
2601	603
2602	1303
2603	1385
2604	1344
2605	3931
2606	2516
2607	2584
2608	3562
2609	3826
2610	4996
2611	1378
2612	1712
2613	4311
2614	2643
2615	2634
2616	3059
2617	126
2618	2296
2619	4534
2620	2137
2621	1588
2622	4337
2623	95
2624	1185
2625	3390
2626	3067
2627	3510
2628	2829
2629	4628
2630	74
2631	1339
2632	4531
2633	2980
2634	2252
2635	1514
2636	206
2637	1227
2638	163
2639	3883
2640	1928
2641	1228
2642	4289
2643	405
2644	458
2645	3975
2646	2800
2647	3651
2648	2510
2649	2501
2650	1042
2651	4292
2652	91
2653	4851
2654	1018
2655	3136
2656	1288
2657	478
2658	4988
2659	3855
2660	3381
2661	239
2662	2544
2663	3507
2664	40
2665	3410
2666	2508
2667	3144
2668	2288
2669	2176
2670	3535
2671	3180
2672	1185
2673	2745
2674	3326
2675	665
2676	3998
2677	1839
2678	1403
2679	4753
2680	1852
2681	2848
2682	4863
2683	4243
2684	621
2685	3525
2686	1792
2687	2645
2688	205
2689	885
2690	3450
2691	236
2692	3657
2693	3360
2694	1370
2695	1322
2696	1164
2697	2845
2698	1993
2699	4539
2700	2277
2701	2303
2702	724
2703	3339
2704	2979
2705	766
2706	4366
2707	2629
2708	3487
2709	1156
2710	501
2711	2187
2712	3767
2713	596
2714	3973
2715	4374
2716	4270
2717	174
2718	2922
2719	2948
2720	1368
2721	2921
2722	4044
2723	2895
2724	3020
2725	4733
2726	1724
2727	3497
2728	3726
2729	32
2730	3349
2731	4899
2732	605
2733	3438
2734	145
2735	3806
2736	3198
2737	1248
2738	151
2739	1569
2740	497
2741	1276
2742	1381
2743	4086
2744	4216
2745	4926
2746	3087
2747	4618
2748	4512
2749	4258
2750	749
2751	4398
2752	3071
2753	4413
2754	3345
2755	681
2756	653
2757	3570
2758	771
2759	140
2760	4294
2761	82
2762	1264
2763	4062
2764	1571
2765	1108
2766	640
2767	808
2768	446
2769	1687
2770	591
2771	1222
2772	3316
2773	1986
2774	4313
2775	1485
2776	223
2777	1703
2778	2764
2779	633
2780	231
2781	1112
2782	3551
2783	3790
2784	3988
2785	4158
2786	1543
2787	2046
2788	1261
2789	2337
2790	2420
2791	2686
2792	1858
2793	1457
2794	4138
2795	4549
2796	2928
2797	1253
2798	4876
2799	4990
2800	2990
2801	3021
2802	4579
2803	4460
2804	241
2805	2739
2806	1563
2807	3292
2808	1270
2809	3018
2810	3893
2811	3848
2812	1089
2813	3661
2814	1520
2815	1403
2816	2834
2817	21
2818	603
2819	3154
2820	2759
2821	4828
2822	3422
2823	4477
2824	3631
2825	2361
2826	3782
2827	198
2828	2113
2829	3795
2830	3581
2831	4081
2832	4989
2833	4030
2834	1417
2835	2766
2836	597
2837	1895
2838	629
2839	459
2840	3698
2841	1521
2842	192
2843	3289
2844	1060
2845	3923
2846	2435
2847	2365
2848	2006
2849	2576
2850	4676
2851	2937
2852	1669
2853	111
2854	1379
2855	1631
2856	4154
2857	1604
2858	1103
2859	841
2860	1122
2861	649
2862	3900
2863	718
2864	4268
2865	4716
2866	4466
2867	3842
2868	3208
2869	1060
2870	4289
2871	427
2872	4864
2873	752
2874	1807
2875	3555
2876	4420
2877	4548
2878	1316
2879	4660
2880	2355
2881	1793
2882	5
2883	3083
2884	1444
2885	3076
2886	1620
2887	2645
2888	3012
2889	379
2890	4710
2891	3736
2892	4950
2893	2381
2894	1
2895	460
2896	1880
2897	2219
2898	917
2899	3265
2900	3195
2901	4328
2902	3746
2903	4039
2904	910
2905	3181
2906	2218
2907	1484
2908	3023
2909	4683
2910	3874
2911	4918
2912	3836
2913	4888
2914	4331
2915	2181
2916	881
2917	258
2918	2059
2919	1505
2920	4889
2921	3502
2922	721
2923	3600
2924	3718
2925	2235
2926	3269
2927	633
2928	267
2929	1477
2930	2078
2931	4670
2932	173
2933	358
2934	1445
2935	3592
2936	938
2937	2685
2938	3551
2939	169
2940	290
2941	4797
2942	4754
2943	1896
2944	410
2945	2446
2946	2813
2947	4764
2948	3120
2949	655
2950	2330
2951	4705
2952	4366
2953	3120
2954	1739
2955	2567
2956	707
2957	1809
2958	4116
2959	2181
2960	2010
2961	3058
2962	2574
2963	3582
2964	1678
2965	1184
2966	2949
2967	604
2968	2445
2969	4614
2970	2983
2971	206
2972	4154
2973	4707
2974	998
2975	64
2976	4614
2977	4486
2978	4911
2979	3016
2980	2641
2981	2956
2982	625
2983	3211
2984	46
2985	4951
2986	4049
2987	860
2988	2343
2989	1173
2990	2790
2991	941
2992	2395
2993	4528
2994	4051
2995	3431
2996	859
2997	1827
2998	3424
2999	229
3000	2674
3001	1508
3002	4404
3003	4118
3004	1366
3005	3941
3006	291
3007	605
3008	448
3009	3714
3010	2358
3011	1270
3012	514
3013	179
3014	4300
3015	2657
3016	684
3017	4099
3018	4526
3019	884
3020	2905
3021	2681
3022	2357
3023	2431
3024	596
3025	3216
3026	2259
3027	3460
3028	3563
3029	2372
3030	996
3031	433
3032	4517
3033	4758
3034	1693
3035	3229
3036	3885
3037	2632
3038	2515
3039	3719
3040	2225
3041	1718
3042	84
3043	4892
3044	1224
3045	1639
3046	1216
3047	2808
3048	706
3049	1431
3050	1491
3051	3596
3052	2235
3053	4194
3054	601
3055	834
3056	1697
3057	1428
3058	737
3059	3816
3060	1662
3061	3706
3062	3591
3063	385
3064	789
3065	3092
3066	776
3067	3531
3068	2217
3069	4038
3070	4975
3071	4999
3072	4415
3073	367
3074	1508
3075	3352
3076	2145
3077	1082
3078	2174
3079	3360
3080	2844
3081	1022
3082	2020
3083	3976
3084	248
3085	4347
3086	890
3087	4885
3088	3175
3089	2192
3090	1224
3091	343
3092	1470
3093	3026
3094	2113
3095	4907
3096	2054
3097	4886
3098	4490
3099	1967
3100	1723
3101	3718
3102	931
3103	1683
3104	4831
3105	3037
3106	4355
3107	1639
3108	3648
3109	46
3110	4491
3111	3362
3112	4966
3113	4418
3114	585
3115	3940
3116	4207
3117	2940
3118	2216
3119	1752
3120	3176
3121	453
3122	194
3123	1083
3124	3617
3125	123
3126	948
3127	2696
3128	1213
3129	1867
3130	1745
3131	4662
3132	782
3133	75
3134	345
3135	2250
3136	1365
3137	69
3138	2639
3139	3201
3140	3738
3141	3864
3142	3455
3143	3658
3144	1113
3145	2913
3146	3264
3147	2152
3148	3730
3149	4167
3150	3019
3151	3627
3152	3413
3153	2945
3154	687
3155	4906
3156	1566
3157	43
3158	2156
3159	2989
3160	1671
3161	691
3162	1662
3163	2056
3164	571
3165	3307
3166	2962
3167	569
3168	1275
3169	805
3170	4669
3171	3504
3172	4823
3173	2717
3174	2737
3175	2928
3176	1781
3177	2272
3178	2370
3179	3603
3180	1360
3181	2524
3182	3883
3183	4241
3184	22
3185	4532
3186	4572
3187	2775
3188	4180
3189	3377
3190	3184
3191	3739
3192	1539
3193	1009
3194	2174
3195	1866
3196	2510
3197	4845
3198	455
3199	1661
3200	1120
3201	1865
3202	1353
3203	1226
3204	1375
3205	3645
3206	81
3207	2169
3208	4885
3209	1163
3210	204
3211	559
3212	526
3213	422
3214	1646
3215	2247
3216	4281
3217	3725
3218	3647
3219	3
3220	3223
3221	3346
3222	3640
3223	1390
3224	2965
3225	4686
3226	1640
3227	3776
3228	4192
3229	1020
3230	909
3231	3070
3232	3589
3233	1932
3234	1153
3235	2339
3236	2390
3237	4050
3238	1922
3239	1097
3240	2250
3241	2751
3242	409
3243	3280
3244	3726
3245	3412
3246	1223
3247	2
3248	1148
3249	2929
3250	3594
3251	3999
3252	4700
3253	4227
3254	2885
3255	3190
3256	1881
3257	4348
3258	1816
3259	3247
3260	89
3261	318
3262	612
3263	2139
3264	1467
3265	2823
3266	989
3267	2736
3268	1886
3269	2042
3270	3725
3271	3650
3272	2276
3273	4495
3274	3738
3275	1796
3276	4744
3277	4402
3278	4304
3279	4204
3280	1444
3281	4241
3282	939
3283	2863
3284	144
3285	24
3286	3034
3287	4735
3288	1795
3289	1262
3290	3358
3291	3966
3292	1585
3293	4279
3294	1329
3295	2623
3296	4557
3297	490
3298	3284
3299	1819
3300	2866
3301	597
3302	4341
3303	3762
3304	1159
3305	4594
3306	2548
3307	4639
3308	4027
3309	2034
3310	3320
3311	4656
3312	654
3313	2468
3314	2074
3315	47
3316	379
3317	2252
3318	874
3319	222
3320	1383
3321	1729
3322	615
3323	683
3324	2307
3325	1495
3326	3970
3327	3530
3328	3387
3329	618
3330	2551
3331	3369
3332	2997
3333	4276
3334	613
3335	3648
3336	817
3337	4001
3338	4397
3339	3457
3340	3265
3341	3654
3342	1154
3343	3606
3344	4235
3345	803
3346	992
3347	94
3348	2886
3349	3215
3350	2024
3351	3146
3352	2179
3353	4728
3354	3985
3355	4996
3356	4427
3357	4042
3358	4137
3359	3234
3360	1781
3361	1189
3362	4556
3363	1830
3364	1414
3365	3619
3366	2196
3367	4492
3368	1228
3369	3483
3370	4218
3371	2876
3372	2634
3373	3699
3374	3324
3375	2673
3376	4536
3377	1509
3378	4673
3379	1558
3380	1215
3381	4669
3382	3224
3383	2351
3384	193
3385	3966
3386	302
3387	74
3388	4360
3389	4891
3390	2006
3391	101
3392	4181
3393	3163
3394	4737
3395	1308
3396	3692
3397	3257
3398	991
3399	4505
3400	4659
3401	1424
3402	3194
3403	2388
3404	3682
3405	834
3406	2012
3407	260
3408	1920
3409	251
3410	155
3411	1046
3412	5000
3413	4667
3414	3339
3415	1551
3416	911
3417	3413
3418	3309
3419	3963
3420	511
3421	3205
3422	4565
3423	1739
3424	801
3425	4260
3426	4457
3427	3611
3428	2495
3429	3420
3430	4364
3431	1088
3432	1627
3433	939
3434	599
3435	430
3436	3061
3437	1953
3438	1595
3439	4513
3440	3138
3441	4296
3442	713
3443	4070
3444	3651
3445	90
3446	1530
3447	292
3448	4439
3449	2875
3450	1066
3451	4071
3452	4564
3453	2411
3454	4338
3455	2633
3456	2733
3457	2751
3458	4224
3459	2998
3460	1429
3461	2210
3462	1537
3463	3815
3464	3409
3465	2263
3466	2327
3467	4271
3468	4136
3469	118
3470	4799
3471	3830
3472	2675
3473	1740
3474	4309
3475	3317
3476	4212
3477	3346
3478	2661
3479	4635
3480	2955
3481	4527
3482	4952
3483	371
3484	1990
3485	2257
3486	4503
3487	296
3488	2773
3489	675
3490	68
3491	12
3492	2020
3493	263
3494	2910
3495	1103
3496	407
3497	3271
3498	1189
3499	897
3500	510
3501	3705
3502	1558
3503	575
3504	1346
3505	2433
3506	4742
3507	4770
3508	4473
3509	4476
3510	3328
3511	1208
3512	3576
3513	1095
3514	4343
3515	1181
3516	4103
3517	4043
3518	1167
3519	3343
3520	532
3521	3266
3522	1298
3523	2707
3524	2616
3525	1772
3526	1069
3527	2688
3528	4361
3529	3949
3530	842
3531	2791
3532	1632
3533	1908
3534	1043
3535	2976
3536	4709
3537	4532
3538	3312
3539	743
3540	1388
3541	3712
3542	4163
3543	2402
3544	1976
3545	718
3546	2030
3547	3113
3548	1705
3549	2341
3550	4870
3551	516
3552	368
3553	1415
3554	3214
3555	2738
3556	3187
3557	2293
3558	4012
3559	2519
3560	2825
3561	1589
3562	1302
3563	2011
3564	4304
3565	3284
3566	331
3567	1283
3568	87
3569	3412
3570	947
3571	1874
3572	1880
3573	3434
3574	3372
3575	2030
3576	2910
3577	3038
3578	729
3579	2044
3580	1719
3581	3777
3582	4259
3583	3403
3584	1254
3585	2720
3586	257
3587	518
3588	2333
3589	2077
3590	4416
3591	66
3592	2298
3593	4469
3594	3992
3595	3317
3596	3140
3597	3690
3598	650
3599	4562
3600	3702
3601	2351
3602	3743
3603	2824
3604	1267
3605	4973
3606	4255
3607	2792
3608	623
3609	1810
3610	4197
3611	1800
3612	3943
3613	2627
3614	3922
3615	4932
3616	1386
3617	29
3618	2251
3619	3440
3620	3803
3621	3212
3622	1875
3623	2101
3624	1172
3625	2069
3626	870
3627	2894
3628	1102
3629	471
3630	2041
3631	1121
3632	3598
3633	120
3634	1504
3635	4447
3636	4877
3637	1957
3638	1760
3639	3230
3640	1596
3641	2364
3642	871
3643	1406
3644	1515
3645	2081
3646	1943
3647	3665
3648	2984
3649	4577
3650	675
3651	4475
3652	4298
3653	2295
3654	3557
3655	2288
3656	1251
3657	1124
3658	4019
3659	469
3660	405
3661	2092
3662	2049
3663	912
3664	898
3665	4501
3666	2732
3667	4325
3668	2839
3669	1706
3670	3844
3671	3693
3672	653
3673	3780
3674	489
3675	3936
3676	2693
3677	4970
3678	4417
3679	3023
3680	3072
3681	3984
3682	4281
3683	611
3684	4833
3685	2549
3686	1538
3687	217
3688	2969
3689	3842
3690	1469
3691	2003
3692	4080
3693	2425
3694	1962
3695	4767
3696	2884
3697	3535
3698	3797
3699	99
3700	3641
3701	497
3702	4308
3703	168
3704	822
3705	105
3706	2471
3707	4904
3708	4291
3709	4751
3710	1025
3711	1845
3712	3062
3713	3258
3714	770
3715	1709
3716	1427
3717	3000
3718	3650
3719	4591
3720	1080
3721	2230
3722	2897
3723	1750
3724	2440
3725	4934
3726	3324
3727	1269
3728	4655
3729	4689
3730	2110
3731	3622
3732	402
3733	2829
3734	2289
3735	1323
3736	3013
3737	416
3738	2959
3739	3547
3740	1636
3741	2518
3742	1426
3743	4779
3744	2404
3745	1707
3746	738
3747	4036
3748	310
3749	4265
3750	303
3751	1394
3752	4507
3753	2323
3754	1481
3755	3810
3756	2947
3757	586
3758	1545
3759	4724
3760	3666
3761	450
3762	2469
3763	4338
3764	4961
3765	2741
3766	975
3767	523
3768	3015
3769	1666
3770	583
3771	3744
3772	3667
3773	2330
3774	437
3775	564
3776	2271
3777	2871
3778	2009
3779	1333
3780	1740
3781	2679
3782	1408
3783	3807
3784	1676
3785	4584
3786	133
3787	3303
3788	3196
3789	4815
3790	4245
3791	4870
3792	803
3793	2191
3794	716
3795	2689
3796	2336
3797	2633
3798	4645
3799	3191
3800	337
3801	887
3802	3105
3803	4773
3804	2447
3805	4608
3806	4837
3807	3695
3808	2487
3809	3375
3810	2047
3811	2464
3812	540
3813	3589
3814	1273
3815	2602
3816	1027
3817	4696
3818	3312
3819	4262
3820	1372
3821	731
3822	2858
3823	3988
3824	2424
3825	2909
3826	465
3827	4142
3828	417
3829	1949
3830	627
3831	1949
3832	164
3833	3032
3834	3971
3835	1751
3836	1437
3837	1245
3838	3201
3839	1762
3840	2251
3841	476
3842	1029
3843	348
3844	3085
3845	287
3846	4714
3847	4166
3848	1461
3849	4564
3850	4055
3851	3331
3852	96
3853	1956
3854	3543
3855	2744
3856	516
3857	2868
3858	4626
3859	2705
3860	845
3861	4023
3862	244
3863	1883
3864	2950
3865	285
3866	161
3867	4480
3868	4542
3869	3276
3870	59
3871	4968
3872	2078
3873	1374
3874	1797
3875	3747
3876	4300
3877	3129
3878	349
3879	3438
3880	3061
3881	2385
3882	562
3883	3670
3884	967
3885	1215
3886	613
3887	1090
3888	4010
3889	3950
3890	2843
3891	2618
3892	1649
3893	3591
3894	3853
3895	258
3896	1452
3897	349
3898	1277
3899	900
3900	4247
3901	2177
3902	2326
3903	533
3904	2610
3905	2065
3906	4549
3907	2969
3908	779
3909	3511
3910	3085
3911	3762
3912	4849
3913	202
3914	4782
3915	4112
3916	4110
3917	3938
3918	4969
3919	2924
3920	3185
3921	1043
3922	2071
3923	3290
3924	2155
3925	4081
3926	737
3927	4922
3928	3425
3929	2830
3930	1784
3931	4211
3932	976
3933	2128
3934	3294
3935	1519
3936	4496
3937	3858
3938	4286
3939	4824
3940	2079
3941	347
3942	4912
3943	592
3944	553
3945	4222
3946	2953
3947	1311
3948	3128
3949	1663
3950	1969
3951	2068
3952	4459
3953	786
3954	3184
3955	2223
3956	329
3957	1267
3958	978
3959	1417
3960	4474
3961	3528
3962	1602
3963	495
3964	3143
3965	4886
3966	48
3967	4152
3968	4717
3969	3222
3970	3028
3971	1114
3972	3148
3973	2491
3974	4540
3975	1658
3976	3729
3977	3722
3978	3901
3979	1539
3980	1038
3981	550
3982	4775
3983	4144
3984	1956
3985	1122
3986	2804
3987	3559
3988	3008
3989	544
3990	704
3991	203
3992	619
3993	1430
3994	1494
3995	1300
3996	845
3997	1387
3998	2341
3999	1003
4000	1070
4001	157
4002	13
4003	4747
4004	4163
4005	4254
4006	3188
4007	526
4008	338
4009	822
4010	1782
4011	694
4012	857
4013	2597
4014	373
4015	1945
4016	1527
4017	3926
4018	4190
4019	4511
4020	2817
4021	4475
4022	2556
4023	3624
4024	4949
4025	3945
4026	485
4027	3219
4028	3792
4029	1948
4030	2495
4031	3870
4032	3477
4033	3044
4034	638
4035	3561
4036	4841
4037	4838
4038	4740
4039	2241
4040	2952
4041	2061
4042	3288
4043	2721
4044	630
4045	2293
4046	3335
4047	810
4048	2520
4049	4005
4050	520
4051	4910
4052	3937
4053	3647
4054	4803
4055	3538
4056	4282
4057	1206
4058	4911
4059	2100
4060	4924
4061	2394
4062	3794
4063	3209
4064	4216
4065	4697
4066	1891
4067	3446
4068	4033
4069	4522
4070	459
4071	3812
4072	1054
4073	3544
4074	2026
4075	4264
4076	1128
4077	3319
4078	1738
4079	502
4080	2609
4081	1994
4082	1405
4083	4621
4084	1905
4085	4588
4086	712
4087	3290
4088	2439
4089	515
4090	1406
4091	3588
4092	847
4093	77
4094	2274
4095	2858
4096	102
4097	224
4098	1823
4099	199
4100	2659
4101	4006
4102	434
4103	2801
4104	3448
4105	1235
4106	4056
4107	2016
4108	4177
4109	3960
4110	3777
4111	4946
4112	1731
4113	2630
4114	4880
4115	4966
4116	3683
4117	3884
4118	763
4119	3082
4120	2062
4121	1828
4122	2498
4123	1773
4124	1659
4125	3841
4126	3199
4127	531
4128	2484
4129	4772
4130	1332
4131	3447
4132	2255
4133	2028
4134	2776
4135	1473
4136	2340
4137	768
4138	2526
4139	3158
4140	2986
4141	1980
4142	233
4143	2376
4144	3843
4145	121
4146	2598
4147	3391
4148	1563
4149	3451
4150	1835
4151	3093
4152	2879
4153	4546
4154	1488
4155	4938
4156	708
4157	4462
4158	3907
4159	4770
4160	1243
4161	4054
4162	4327
4163	4647
4164	1804
4165	1200
4166	3143
4167	702
4168	4166
4169	2796
4170	286
4171	4137
4172	2489
4173	268
4174	549
4175	4988
4176	1628
4177	3108
4178	108
4179	3030
4180	584
4181	60
4182	2063
4183	1003
4184	3225
4185	2952
4186	602
4187	3048
4188	2692
4189	4327
4190	3012
4191	3917
4192	1629
4193	4207
4194	3261
4195	4209
4196	1196
4197	2445
4198	1522
4199	1172
4200	3299
4201	3441
4202	1915
4203	4617
4204	2500
4205	4703
4206	1944
4207	221
4208	1474
4209	2027
4210	492
4211	2045
4212	1732
4213	473
4214	1348
4215	2366
4216	4455
4217	3225
4218	1611
4219	2473
4220	4040
4221	2193
4222	4765
4223	1313
4224	321
4225	4105
4226	3058
4227	3616
4228	1682
4229	2486
4230	831
4231	3983
4232	1843
4233	4339
4234	4957
4235	2892
4236	3132
4237	4411
4238	3013
4239	1288
4240	3626
4241	2757
4242	156
4243	4318
4244	4929
4245	2890
4246	1764
4247	4115
4248	3897
4249	3548
4250	3623
4251	467
4252	953
4253	351
4254	2108
4255	1495
4256	1330
4257	2229
4258	4861
4259	625
4260	2463
4261	3385
4262	3716
4263	135
4264	3691
4265	1856
4266	2339
4267	3160
4268	4473
4269	1736
4270	826
4271	1548
4272	619
4273	3740
4274	830
4275	4673
4276	4479
4277	3603
4278	4202
4279	4845
4280	3398
4281	578
4282	1487
4283	890
4284	3088
4285	3327
4286	4769
4287	4823
4288	2850
4289	1584
4290	1869
4291	4655
4292	1633
4293	2941
4294	1082
4295	2307
4296	3101
4297	2270
4298	2964
4299	4827
4300	2641
4301	1619
4302	4627
4303	1518
4304	3199
4305	2039
4306	4226
4307	591
4308	1182
4309	1181
4310	329
4311	4078
4312	2454
4313	3258
4314	2469
4315	1242
4316	4989
4317	3498
4318	2410
4319	4824
4320	1579
4321	1261
4322	1606
4323	622
4324	665
4325	1154
4326	2399
4327	813
4328	2139
4329	3315
4330	2932
4331	4455
4332	708
4333	1818
4334	41
4335	1812
4336	638
4337	3830
4338	2309
4339	2345
4340	1110
4341	1490
4342	3561
4343	2321
4344	3296
4345	4020
4346	2444
4347	3392
4348	2072
4349	1629
4350	4118
4351	1500
4352	4394
4353	4057
4354	1899
4355	3528
4356	4092
4357	2103
4358	1273
4359	3232
4360	695
4361	3746
4362	2810
4363	109
4364	393
4365	4786
4366	2082
4367	1389
4368	444
4369	4589
4370	4359
4371	3840
4372	3904
4373	2435
4374	3320
4375	2265
4376	2148
4377	2725
4378	2304
4379	3982
4380	4090
4381	1276
4382	2687
4383	2093
4384	1695
4385	1730
4386	2937
4387	2667
4388	3475
4389	4249
4390	3564
4391	545
4392	2902
4393	4828
4394	1866
4395	3304
4396	1586
4397	2106
4398	117
4399	2256
4400	2920
4401	167
4402	189
4403	865
4404	1068
4405	3681
4406	90
4407	3390
4408	1782
4409	4835
4410	3519
4411	1977
4412	4104
4413	2894
4414	2619
4415	1688
4416	2089
4417	2315
4418	2001
4419	771
4420	2730
4421	549
4422	3169
4423	3928
4424	2538
4425	762
4426	2135
4427	2503
4428	3567
4429	535
4430	1893
4431	3182
4432	3037
4433	3489
4434	1624
4435	513
4436	166
4437	3596
4438	4177
4439	416
4440	4803
4441	3628
4442	423
4443	2493
4444	2893
4445	3553
4446	4049
4447	1864
4448	1282
4449	2185
4450	4447
4451	4045
4452	1606
4453	3373
4454	4625
4455	3771
4456	2922
4457	1470
4458	3860
4459	37
4460	788
4461	4133
4462	997
4463	3340
4464	4701
4465	4209
4466	3410
4467	3722
4468	2054
4469	4931
4470	4290
4471	701
4472	381
4473	971
4474	1166
4475	2190
4476	3708
4477	4215
4478	704
4479	3282
4480	1476
4481	2403
4482	734
4483	3075
4484	3393
4485	1088
4486	4037
4487	768
4488	186
4489	2778
4490	3230
4491	1993
4492	3060
4493	75
4494	417
4495	1294
4496	3141
4497	1487
4498	3089
4499	2890
4500	3332
4501	2762
4502	3845
4503	4810
4504	3641
4505	4868
4506	2397
4507	3007
4508	3445
4509	4660
4510	1559
4511	1280
4512	1610
4513	3990
4514	1150
4515	1179
4516	1903
4517	1738
4518	4022
4519	4371
4520	4248
4521	2620
4522	4933
4523	620
4524	3833
4525	126
4526	3950
4527	950
4528	4600
4529	2959
4530	4457
4531	886
4532	113
4533	3892
4534	4387
4535	1722
4536	4688
4537	1363
4538	2327
4539	2316
4540	1115
4541	2257
4542	2008
4543	4334
4544	4642
4545	3917
4546	1943
4547	4534
4548	3396
4549	1651
4550	2756
4551	4637
4552	3453
4553	1574
4554	1783
4555	57
4556	1376
4557	4757
4558	732
4559	4671
4560	2830
4561	3361
4562	1437
4563	1799
4564	886
4565	4200
4566	826
4567	3305
4568	4348
4569	988
4570	2853
4571	3981
4572	3964
4573	3715
4574	4266
4575	3167
4576	3253
4577	1789
4578	4840
4579	843
4580	1670
4581	1975
4582	2771
4583	4036
4584	1510
4585	3858
4586	2437
4587	4167
4588	460
4589	4762
4590	3803
4591	3863
4592	3906
4593	2647
4594	685
4595	1602
4596	1691
4597	3852
4598	2377
4599	1410
4600	4387
4601	2980
4602	3449
4603	4045
4604	1363
4605	2900
4606	4949
4607	3473
4608	2714
4609	1318
4610	2432
4611	4538
4612	3222
4613	4546
4614	3279
4615	680
4616	108
4617	214
4618	375
4619	789
4620	1744
4621	529
4622	4938
4623	4012
4624	2140
4625	2648
4626	1863
4627	3021
4628	2218
4629	1426
4630	3074
4631	196
4632	2604
4633	1038
4634	4757
4635	1371
4636	3035
4637	971
4638	2713
4639	723
4640	3077
4641	3856
4642	876
4643	604
4644	4530
4645	3745
4646	4825
4647	2851
4648	298
4649	4013
4650	4265
4651	4755
4652	3905
4653	4245
4654	1972
4655	733
4656	745
4657	2658
4658	2231
4659	245
4660	1566
4661	1029
4662	4239
4663	2706
4664	2610
4665	1946
4666	399
4667	2927
4668	124
4669	1275
4670	4095
4671	109
4672	1632
4673	2109
4674	1366
4675	4787
4676	3717
4677	3403
4678	4148
4679	3797
4680	4010
4681	3464
4682	2204
4683	3678
4684	3913
4685	3407
4686	856
4687	3884
4688	521
4689	2333
4690	394
4691	4779
4692	4135
4693	3115
4694	3837
4695	247
4696	1217
4697	4742
4698	2440
4699	1693
4700	2424
4701	3234
4702	3922
4703	107
4704	2317
4705	1946
4706	1338
4707	4257
4708	3558
4709	183
4710	775
4711	2819
4712	4435
4713	3710
4714	2352
4715	853
4716	2360
4717	2457
4718	1213
4719	4920
4720	1121
4721	325
4722	644
4723	3472
4724	4401
4725	1771
4726	2530
4727	2014
4728	2964
4729	3395
4730	1068
4731	2111
4732	3910
4733	2436
4734	2989
4735	3557
4736	991
4737	3698
4738	2851
4739	1141
4740	1603
4741	1974
4742	2130
4743	4606
4744	795
4745	2621
4746	2162
4747	888
4748	2702
4749	4856
4750	4783
4751	888
4752	1972
4753	3493
4754	1168
4755	1144
4756	2838
4757	1252
4758	2253
4759	2708
4760	2494
4761	4155
4762	1446
4763	320
4764	2205
4765	1483
4766	1607
4767	1793
4768	227
4769	1485
4770	3955
4771	795
4772	1576
4773	2861
4774	3947
4775	3451
4776	3946
4777	3080
4778	2347
4779	2520
4780	4983
4781	1670
4782	1234
4783	2566
4784	1479
4785	4964
4786	701
4787	860
4788	4314
4789	2290
4790	3454
4791	493
4792	812
4793	906
4794	3730
4795	972
4796	4736
4797	1732
4798	2051
4799	1219
4800	2225
4801	3604
4802	429
4803	3296
4804	2448
4805	2711
4806	3253
4807	4976
4808	88
4809	1102
4810	3975
4811	751
4812	4873
4813	468
4814	3653
4815	1679
4816	1804
4817	2524
4818	1736
4819	1535
4820	1076
4821	719
4822	3363
4823	2794
4824	3401
4825	370
4826	974
4827	4895
4828	1010
4829	2642
4830	1047
4831	4640
4832	1193
4833	2912
4834	4162
4835	335
4836	1232
4837	4247
4838	2236
4839	4531
4840	1820
4841	4095
4842	1980
4843	4008
4844	2548
4845	2970
4846	550
4847	2447
4848	4198
4849	749
4850	3882
4851	2193
4852	758
4853	3825
4854	505
4855	2057
4856	903
4857	3240
4858	116
4859	3169
4860	748
4861	1265
4862	4127
4863	2465
4864	2024
4865	1733
4866	4040
4867	682
4868	1623
4869	2774
4870	1971
4871	4497
4872	1037
4873	1440
4874	796
4875	1271
4876	1613
4877	2368
4878	1973
4879	3926
4880	2125
4881	3869
4882	2597
4883	1964
4884	3278
4885	3493
4886	3489
4887	2361
4888	4612
4889	2239
4890	1582
4891	2256
4892	4276
4893	3714
4894	1865
4895	83
4896	2923
4897	4561
4898	383
4899	4342
4900	3868
4901	104
4902	1373
4903	3391
4904	1832
4905	4070
4906	1910
4907	4433
4908	1923
4909	2046
4910	869
4911	2942
4912	3333
4913	2810
4914	240
4915	1968
4916	1503
4917	2711
4918	512
4919	2094
4920	380
4921	711
4922	4906
4923	3645
4924	4437
4925	980
4926	1832
4927	3233
4928	2419
4929	2287
4930	4621
4931	4522
4932	2670
4933	686
4934	4235
4935	555
4936	3238
4937	3248
4938	695
4939	3015
4940	4312
4941	4774
4942	3132
4943	2849
4944	3635
4945	1177
4946	2638
4947	1318
4948	2944
4949	2951
4950	1415
4951	2301
4952	2077
4953	228
4954	3566
4955	3483
4956	1453
4957	1345
4958	2644
4959	1587
4960	2275
4961	2513
4962	4995
4963	1431
4964	2108
4965	1744
4966	1175
4967	1174
4968	1130
4969	3472
4970	827
4971	2368
4972	1616
4973	696
4974	4873
4975	626
4976	4858
4977	3781
4978	1814
4979	499
4980	3478
4981	1379
4982	1516
4983	4099
4984	4826
4985	4912
4986	272
4987	1496
4988	4155
4989	4037
4990	2876
4991	441
4992	341
4993	1297
4994	2733
4995	1805
4996	1844
4997	4998
4998	321
4999	4787
5000	3810
5001	4900
5002	1652
5003	1673
5004	3929
5005	44
5006	4149
5007	1256
5008	1169
5009	2729
5010	2038
5011	872
5012	4157
5013	1390
5014	3318
5015	278
5016	3014
5017	4924
5018	262
5019	1285
5020	2920
5021	1633
5022	2624
5023	1806
5024	1890
5025	4858
5026	3130
5027	2239
5028	2062
5029	1061
5030	2310
5031	572
5032	2070
5033	4819
5034	4221
5035	4130
5036	2393
5037	4412
5038	910
5039	3887
5040	2126
5041	3453
5042	2656
5043	4543
5044	2058
5045	4254
5046	773
5047	1425
5048	1025
5049	2761
5050	3832
5051	2532
5052	2438
5053	1808
5054	373
5055	3776
5056	1621
5057	2705
5058	1816
5059	4995
5060	3769
5061	4936
5062	3795
5063	76
5064	3245
5065	4815
5066	3057
5067	4777
5068	3031
5069	1027
5070	1427
5071	2215
5072	4521
5073	2838
5074	4544
5075	4955
5076	2136
5077	1244
5078	2698
5079	3624
5080	1511
5081	113
5082	159
5083	1323
5084	2891
5085	3421
5086	300
5087	1239
5088	142
5089	4127
5090	3156
5091	1697
5092	2966
5093	439
5094	4832
5095	402
5096	26
5097	536
5098	4599
5099	1689
5100	4705
5101	3629
5102	1207
5103	2149
5104	4223
5105	3614
5106	4061
5107	1979
5108	521
5109	751
5110	3737
5111	388
5112	1134
5113	512
5114	1979
5115	3904
5116	447
5117	3364
5118	3934
5119	4437
5120	4272
5121	3394
5122	4373
5123	2833
5124	1528
5125	3668
5126	3175
5127	455
5128	4728
5129	2622
5130	1520
5131	2034
5132	3872
5133	1702
5134	430
5135	428
5136	421
5137	1017
5138	4479
5139	3117
5140	3228
5141	1792
5142	4734
5143	561
5144	2694
5145	3159
5146	2845
5147	286
5148	3970
5149	4201
5150	2389
5151	4654
5152	3343
5153	4941
5154	1369
5155	959
5156	3136
5157	2685
5158	230
5159	207
5160	4919
5161	3174
5162	843
5163	3107
5164	1811
5165	1086
5166	297
5167	2374
5168	2047
5169	4175
5170	4433
5171	4102
5172	2300
5173	218
5174	899
5175	4764
5176	1147
5177	4847
5178	3046
5179	2539
5180	4078
5181	680
5182	4914
5183	3646
5184	3841
5185	242
5186	179
5187	1443
5188	2443
5189	323
5190	1636
5191	1135
5192	249
5193	2305
5194	2831
5195	2799
5196	4630
5197	1741
5198	3968
5199	3956
5200	1110
5201	1452
5202	3668
5203	541
5204	1327
5205	3402
5206	1944
5207	4840
5208	622
5209	1223
5210	4964
5211	1262
5212	1465
5213	3035
5214	4183
5215	5
5216	3916
5217	2750
5218	4319
5219	874
5220	3361
5221	3802
5222	1813
5223	4528
5224	2311
5225	4152
5226	3159
5227	2769
5228	3576
5229	197
5230	673
5231	4847
5232	2466
5233	4219
5234	977
5235	702
5236	4026
5237	4101
5238	172
5239	1655
5240	2644
5241	4694
5242	4495
5243	4453
5244	2884
5245	4238
5246	2709
5247	1823
5248	1638
5249	2615
5250	4739
5251	3227
5252	2490
5253	4302
5254	1115
5255	2309
5256	4084
5257	288
5258	31
5259	3735
5260	4636
5261	1313
5262	3047
5263	4586
5264	1669
5265	4335
5266	171
5267	4963
5268	1664
5269	4310
5270	339
5271	4741
5272	2146
5273	543
5274	3405
5275	4427
5276	1764
5277	930
5278	2125
5279	2025
5280	214
5281	20
5282	1235
5283	2882
5284	4975
5285	3840
5286	1230
5287	817
5288	2200
5289	660
5290	1630
5291	3064
5292	1614
5293	3176
5294	2791
5295	630
5296	2712
5297	2386
5298	2002
5299	609
5300	2592
5301	649
5302	2821
5303	1846
5304	4629
5305	4301
5306	2354
5307	88
5308	2192
5309	677
5310	3697
5311	1279
5312	3427
5313	3779
5314	1505
5315	2995
5316	1278
5317	3237
5318	1388
5319	4156
5320	409
5321	2147
5322	3488
5323	4441
5324	121
5325	2299
5326	4322
5327	2282
5328	4581
5329	2437
5330	2243
5331	4145
5332	1591
5333	959
5334	1898
5335	634
5336	4034
5337	3259
5338	698
5339	1296
5340	1091
5341	2349
5342	1541
5343	4180
5344	2418
5345	3828
5346	1548
5347	1006
5348	1569
5349	1142
5350	1682
5351	4746
5352	4150
5353	3615
5354	3026
5355	980
5356	3182
5357	150
5358	601
5359	1553
5360	765
5361	2911
5362	710
5363	4031
5364	2809
5365	2529
5366	136
5367	1034
5368	2895
5369	4443
5370	2299
5371	2019
5372	1395
5373	1947
5374	802
5375	4956
5376	4634
5377	4033
5378	1965
5379	2267
5380	4775
5381	1842
5382	1849
5383	1815
5384	2386
5385	2935
5386	1927
5387	1677
5388	4193
5389	4431
5390	4143
5391	3456
5392	485
5393	502
5394	4664
5395	223
5396	3674
5397	1481
5398	134
5399	3839
5400	4872
5401	1291
5402	637
5403	432
5404	2494
5405	3094
5406	2076
5407	3976
5408	3335
5409	911
5410	2984
5411	1150
5412	1902
5413	4567
5414	2126
5415	2759
5416	684
5417	2313
5418	125
5419	4159
5420	4643
5421	447
5422	291
5423	3250
5424	1168
5425	2273
5426	2161
5427	400
5428	3785
5429	3804
5430	2399
5431	332
5432	3053
5433	4183
5434	3637
5435	2098
5436	3537
5437	698
5438	2855
5439	2395
5440	2369
5441	2392
5442	3168
5443	4738
5444	2332
5445	4184
5446	269
5447	4565
5448	3545
5449	711
5450	1482
5451	2946
5452	4094
5453	2559
5454	21
5455	4541
5456	524
5457	2573
5458	366
5459	2191
5460	2505
5461	1333
5462	4392
5463	1139
5464	1256
5465	3547
5466	348
5467	197
5468	2422
5469	396
5470	2058
5471	508
5472	3509
5473	3720
5474	2096
5475	3319
5476	465
5477	4837
5478	522
5479	1384
5480	384
5481	3818
5482	889
5483	651
5484	3477
5485	33
5486	4249
5487	965
5488	3378
5489	2314
5490	595
5491	2820
5492	54
5493	4593
5494	12
5495	4831
5496	2537
5497	1902
5498	3574
5499	2668
5500	3025
5501	2221
5502	877
5503	3859
5504	2764
5505	1041
5506	3434
5507	3379
5508	18
5509	1518
5510	4749
5511	2582
5512	500
5513	3449
5514	386
5515	1664
5516	4748
5517	4140
5518	3906
5519	1940
5520	1748
5521	1445
5522	3717
5523	4275
5524	4832
5525	2234
5526	3687
5527	2761
5528	2715
5529	2240
5530	1570
5531	2285
5532	3617
5533	105
5534	4997
5535	4396
5536	335
5537	4199
5538	2745
5539	3326
5540	2407
5541	4940
5542	4353
5543	4563
5544	2723
5545	3873
5546	3993
5547	2516
5548	1811
5549	195
5550	699
5551	1977
5552	3051
5553	265
5554	4008
5555	1133
5556	850
5557	3152
5558	1534
5559	3004
5560	1463
5561	342
5562	1205
5563	440
5564	1854
5565	4566
5566	4506
5567	4785
5568	412
5569	3321
5570	3508
5571	2383
5572	4874
5573	3662
5574	4418
5575	4409
5576	2452
5577	3711
5578	1691
5579	4486
5580	4065
5581	1583
5582	156
5583	3708
5584	3837
5585	4379
5586	2854
5587	992
5588	2255
5589	3825
5590	4330
5591	2316
5592	2550
5593	3236
5594	4717
5595	2583
5596	2558
5597	1617
5598	4126
5599	1028
5600	2162
5601	372
5602	1459
5603	2728
5604	2502
5605	2387
5606	148
5607	2640
5608	948
5609	2290
5610	617
5611	719
5612	4577
5613	2578
5614	3809
5615	1126
5616	3740
5617	370
5618	2777
5619	281
5620	2283
5621	2918
5622	1066
5623	4627
5624	579
5625	2694
5626	1552
5627	1338
5628	4841
5629	3505
5630	4119
5631	2665
5632	3476
5633	2666
5634	4829
5635	4487
5636	2371
5637	4871
5638	683
5639	754
5640	2215
5641	4110
5642	2763
5643	3386
5644	3667
5645	4822
5646	2737
5647	3104
5648	4859
5649	3196
5650	556
5651	2450
5652	4369
5653	3231
5654	4722
5655	4344
5656	309
5657	123
5658	870
5659	114
5660	674
5661	119
5662	555
5663	2654
5664	2760
5665	1863
5666	1294
5667	1560
5668	4261
5669	3053
5670	2979
5671	2000
5672	4083
5673	2864
5674	4446
5675	4874
5676	3801
5677	821
5678	4537
5679	3623
5680	2070
5681	1447
5682	815
5683	4098
5684	2889
5685	3935
5686	1886
5687	2090
5688	4967
5689	3843
5690	451
5691	30
5692	218
5693	3867
5694	2719
5695	3712
5696	3323
5697	1186
5698	3138
5699	1281
5700	3046
5701	686
5702	996
5703	4030
5704	4396
5705	4211
5706	2760
5707	892
5708	298
5709	3221
5710	4073
5711	3235
5712	3127
5713	365
5714	1124
5715	4314
5716	2709
5717	4410
5718	2492
5719	1971
5720	537
5721	4567
5722	1456
5723	4664
5724	4937
5725	3479
5726	4243
5727	411
5728	353
5729	2470
5730	2731
5731	4914
5732	1638
5733	3187
5734	2905
5735	4440
5736	3903
5737	1397
5738	164
5739	568
5740	3657
5741	739
5742	600
5743	4948
5744	3789
5745	3029
5746	2723
5747	3116
5748	2758
5749	3342
5750	3578
5751	4100
5752	1913
5753	3276
5754	3851
5755	190
5756	4318
5757	2370
5758	2734
5759	2734
5760	3202
5761	830
5762	137
5763	4877
5764	2749
5765	3736
5766	1496
5767	2472
5768	1877
5769	2186
5770	4838
5771	3060
5772	2057
5773	3637
5774	1994
5775	589
5776	2763
5777	3764
5778	568
5779	4378
5780	3031
5781	1702
5782	396
5783	2878
5784	4790
5785	3741
5786	3715
5787	1600
5788	1377
5789	1200
5790	4857
5791	627
5792	3370
5793	1786
5794	2203
5795	1160
5796	3217
5797	3028
5798	3189
5799	83
5800	1367
5801	4356
5802	598
5803	3430
5804	1385
5805	1800
5806	2441
5807	4165
5808	3542
5809	2152
5810	2408
5811	52
5812	4421
5813	3181
5814	1640
5815	4017
5816	2112
5817	136
5818	2844
5819	1692
5820	2816
5821	590
5822	2131
5823	3465
5824	1128
5825	2688
5826	4160
5827	4228
5828	887
5829	2144
5830	1135
5831	4424
5832	2104
5833	815
5834	3398
5835	2497
5836	4
5837	2137
5838	3801
5839	3678
5840	4682
5841	2267
5842	2606
5843	4261
5844	3788
5845	4604
5846	510
5847	8
5848	1861
5849	3057
5850	3768
5851	4449
5852	3737
5853	4574
5854	2511
5855	3653
5856	1126
5857	4579
5858	1523
5859	4888
5860	4056
5861	3710
5862	2806
5863	3896
5864	219
5865	1052
5866	4113
5867	2793
5868	1824
5869	3448
5870	1959
5871	1069
5872	709
5873	4346
5874	495
5875	2220
5876	1466
5877	3228
5878	1212
5879	1582
5880	3587
5881	1622
5882	2385
5883	390
5884	1357
5885	3329
5886	2542
5887	2539
5888	1405
5889	2926
5890	3978
5891	1529
5892	1435
5893	1840
5894	2835
5895	1397
5896	710
5897	3122
5898	3898
5899	2444
5900	3784
5901	728
5902	3916
5903	2836
5904	3896
5905	2295
5906	3380
5907	984
5908	673
5909	4330
5910	2074
5911	3279
5912	4480
5913	1750
5914	4849
5915	876
5916	3114
5917	1229
5918	337
5919	2097
5920	3994
5921	4140
5922	814
5923	3869
5924	492
5925	1111
5926	4172
5927	4616
5928	1525
5929	1909
5930	1187
5931	1192
5932	2018
5933	1938
5934	3269
5935	1384
5936	4942
5937	2402
5938	3330
5939	2585
5940	3828
5941	2695
5942	1280
5943	865
5944	1362
5945	4801
5946	2116
5947	2886
5948	3293
5949	3468
5950	2576
5951	4502
5952	2898
5953	2100
5954	4194
5955	1537
5956	2565
5957	2318
5958	907
5959	1780
5960	2552
5961	4677
5962	477
5963	1259
5964	2359
5965	3652
5966	1302
5967	3569
5968	1252
5969	177
5970	4149
5971	2577
5972	1674
5973	4090
5974	3492
5975	3073
5976	4267
5977	995
5978	981
5979	1480
5980	1370
5981	3524
5982	4713
5983	3487
5984	1236
5985	56
5986	4952
5987	1145
5988	4234
5989	3664
5990	1018
5991	3498
5992	2569
5993	4523
5994	3129
5995	3356
5996	330
5997	3115
5998	2770
5999	2682
6000	252
6001	3468
6002	4623
6003	917
6004	3305
6005	2671
6006	1160
6007	3470
6008	657
6009	1905
6010	4202
6011	1225
6012	1642
6013	1649
6014	1755
6015	2857
6016	4270
6017	442
6018	3442
6019	2710
6020	1316
6021	641
6022	3408
6023	3753
6024	2084
6025	1798
6026	2932
6027	2328
6028	4591
6029	2485
6030	1791
6031	2974
6032	4441
6033	1057
6034	4661
6035	3741
6036	336
6037	2171
6038	4028
6039	4004
6040	4109
6041	3191
6042	3689
6043	4399
6044	1734
6045	2562
6046	4855
6047	3582
6048	4553
6049	3652
6050	210
6051	1034
6052	4551
6053	2670
6054	15
6055	386
6056	4349
6057	573
6058	1086
6059	4875
6060	785
6061	3195
6062	1567
6063	4552
6064	301
6065	4871
6066	3379
6067	1861
6068	4993
6069	4484
6070	610
6071	2651
6072	791
6073	3255
6074	1477
6075	245
6076	2672
6077	1350
6078	468
6079	4011
6080	2555
6081	934
6082	1656
6083	1706
6084	1674
6085	4766
6086	4062
6087	323
6088	253
6089	3621
6090	3844
6091	4293
6092	1680
6093	3397
6094	574
6095	59
6096	3349
6097	478
6098	236
6099	1853
6100	2785
6101	2442
6102	3898
6103	2443
6104	2977
6105	3341
6106	1134
6107	3307
6108	4041
6109	3533
6110	556
6111	2547
6112	3381
6113	33
6114	1036
6115	4722
6116	1748
6117	4331
6118	3573
6119	2066
6120	2636
6121	2391
6122	2572
6123	2049
6124	2459
6125	4079
6126	3331
6127	2276
6128	4590
6129	651
6130	4409
6131	3043
6132	4500
6133	4760
6134	3426
6135	319
6136	2380
6137	2803
6138	2117
6139	4814
6140	2960
6141	3022
6142	2522
6143	2560
6144	213
6145	2923
6146	1277
6147	1336
6148	1564
6149	916
6150	4467
6151	1826
6152	4103
6153	3616
6154	2518
6155	801
6156	3447
6157	943
6158	1643
6159	4829
6160	2564
6161	852
6162	2071
6163	1769
6164	389
6165	3315
6166	2840
6167	1785
6168	1045
6169	2596
6170	3799
6171	281
6172	2508
6173	2916
6174	3249
6175	4068
6176	1690
6177	4584
6178	3430
6179	3240
6180	1446
6181	4586
6182	2503
6183	3170
6184	2687
6185	294
6186	4438
6187	4950
6188	2396
6189	663
6190	4879
6191	4550
6192	724
6193	2048
6194	3753
6195	1914
6196	4060
6197	4500
6198	2583
6199	1378
6200	1911
6201	2671
6202	1493
6203	4896
6204	1768
6205	3772
6206	6
6207	2794
6208	112
6209	3010
6210	3054
6211	1107
6212	4686
6213	3485
6214	207
6215	3503
6216	2587
6217	3875
6218	1504
6219	2511
6220	1948
6221	2331
6222	912
6223	2338
6224	525
6225	2371
6226	2043
6227	97
6228	2227
6229	4923
6230	1542
6231	2038
6232	1380
6233	2002
6234	1603
6235	2180
6236	678
6237	2579
6238	3552
6239	2477
6240	2133
6241	2953
6242	143
6243	340
6244	2612
6245	2303
6246	2933
6247	4104
6248	4383
6249	3780
6250	2160
6251	842
6252	4221
6253	4861
6254	924
6255	2879
6256	3674
6257	3939
6258	1077
6259	2285
6260	3834
6261	3923
6262	1337
6263	4961
6264	3051
6265	2892
6266	2271
6267	1770
6268	1753
6269	1125
6270	2428
6271	2397
6272	3760
6273	4611
6274	3402
6275	1600
6276	1624
6277	2856
6278	3188
6279	4320
6280	745
6281	2629
6282	3540
6283	3131
6284	4229
6285	2529
6286	2943
6287	4492
6288	2768
6289	558
6290	293
6291	463
6292	2204
6293	2726
6294	2460
6295	2802
6296	654
6297	2450
6298	2907
6299	1869
6300	4168
6301	3506
6302	1982
6303	1685
6304	3694
6305	101
6306	4193
6307	3022
6308	30
6309	4620
6310	3833
6311	3465
6312	4244
6313	3001
6314	2795
6315	4512
6316	2934
6317	3303
6318	333
6319	3245
6320	2842
6321	316
6322	3098
6323	747
6324	3857
6325	4556
6326	2128
6327	331
6328	3957
6329	467
6330	2452
6331	3579
6332	2206
6333	2183
6334	4785
6335	4747
6336	4590
6337	993
6338	3968
6339	736
6340	2190
6341	2491
6342	4072
6343	539
6344	1087
6345	844
6346	2171
6347	4642
6348	3716
6349	3204
6350	3705
6351	4484
6352	4751
6353	2570
6354	471
6355	4974
6356	2512
6357	4913
6358	3002
6359	4454
6360	4616
6361	1395
6362	1731
6363	2589
6364	3001
6365	28
6366	3202
6367	1044
6368	4084
6369	4287
6370	4631
6371	4954
6372	3268
6373	1509
6374	1900
6375	1685
6376	3822
6377	2546
6378	958
6379	2789
6380	1201
6381	2234
6382	1940
6383	1514
6384	3774
6385	4657
6386	2291
6387	340
6388	2042
6389	4035
6390	4112
6391	3594
6392	4611
6393	2900
6394	2201
6395	2377
6396	3111
6397	585
6398	2625
6399	2715
6400	894
6401	3461
6402	3676
6403	797
6404	3964
6405	1597
6406	2497
6407	4346
6408	4915
6409	3197
6410	4439
6411	1040
6412	1241
6413	1053
6414	4973
6415	750
6416	2785
6417	4465
6418	4769
6419	387
6420	4458
6421	4972
6422	1735
6423	2981
6424	3673
6425	3692
6426	688
6427	1053
6428	3210
6429	4293
6430	4887
6431	4901
6432	309
6433	427
6434	2602
6435	3835
6436	1183
6437	868
6438	2566
6439	3911
6440	4901
6441	1862
6442	3822
6443	2537
6444	2313
6445	2998
6446	4558
6447	4702
6448	2786
6449	1519
6450	2409
6451	4384
6452	4801
6453	986
6454	1448
6455	4
6456	50
6457	3429
6458	2608
6459	4434
6460	1523
6461	3112
6462	4133
6463	3819
6464	2542
6465	4955
6466	4370
6467	4386
6468	973
6469	4980
6470	54
6471	3160
6472	34
6473	902
6474	3171
6475	1889
6476	1899
6477	2880
6478	4395
6479	2815
6480	52
6481	1906
6482	962
6483	2298
6484	4412
6485	196
6486	3356
6487	106
6488	4135
6489	2608
6490	4597
6491	3846
6492	722
6493	1704
6494	3203
6495	4205
6496	3151
6497	4344
6498	2617
6499	2786
6500	4730
6501	3367
6502	2775
6503	3135
6504	2280
6505	2501
6506	3500
6507	3500
6508	4157
6509	4986
6510	1757
6511	4310
6512	548
6513	4072
6514	166
6515	4588
6516	1023
6517	4776
6518	1012
6519	3993
6520	4121
6521	3504
6522	4766
6523	1291
6524	1030
6525	2936
6526	4826
6527	1109
6528	689
6529	2093
6530	4042
6531	1036
6532	2286
6533	3829
6534	1643
6535	4916
6536	964
6537	3507
6538	275
6539	3812
6540	4550
6541	4971
6542	10
6543	3406
6544	2676
6545	1708
6546	4594
6547	4699
6548	1743
6549	2203
6550	2507
6551	576
6552	457
6553	3009
6554	456
6555	1868
6556	3798
6557	1217
6558	4168
6559	3936
6560	1182
6561	629
6562	1530
6563	259
6564	486
6565	3907
6566	4525
6567	1129
6568	3747
6569	2792
6570	2221
6571	2665
6572	1139
6573	1849
6574	1654
6575	1063
6576	2322
6577	118
6578	3431
6579	2811
6580	1969
6581	4630
6582	4172
6583	2692
6584	1873
6585	3969
6586	2967
6587	4493
6588	2773
6589	3832
6590	736
6591	717
6592	692
6593	1125
6594	1368
6595	1319
6596	377
6597	1826
6598	1803
6599	385
6600	1769
6601	1968
6602	3421
6603	805
6604	891
6605	294
6606	1157
6607	3422
6608	100
6609	754
6610	4609
6611	1847
6612	4935
6613	360
6614	2673
6615	4175
6616	4958
6617	440
6618	76
6619	1129
6620	190
6621	1854
6622	215
6623	1512
6624	3965
6625	2009
6626	3938
6627	1083
6628	2887
6629	2122
6630	4604
6631	2718
6632	925
6633	1002
6634	3991
6635	1334
6636	995
6637	3642
6638	3543
6639	284
6640	3888
6641	1552
6642	3511
6643	4264
6644	3978
6645	4898
6646	2700
6647	3100
6648	1659
6649	2260
6650	1048
6651	2986
6652	2362
6653	1577
6654	3165
6655	4650
6656	110
6657	3133
6658	2109
6659	4316
6660	2682
6661	1734
6662	1608
6663	2563
6664	61
6665	4325
6666	4802
6667	4058
6668	4699
6669	1544
6670	3571
6671	4839
6672	220
6673	1715
6674	3523
6675	1183
6676	97
6677	185
6678	1859
6679	1062
6680	3131
6681	2581
6682	1888
6683	544
6684	1345
6685	3316
6686	2119
6687	3429
6688	1723
6689	2907
6690	3158
6691	2185
6692	2132
6693	1597
6694	2291
6695	3586
6696	4386
6697	4086
6698	1701
6699	4333
6700	1165
6701	4240
6702	3768
6703	1193
6704	3937
6705	1822
6706	3854
6707	3183
6708	2877
6709	365
6710	2753
6711	3300
6712	243
6713	1320
6714	2233
6715	361
6716	1155
6717	2332
6718	4738
6719	3989
6720	1965
6721	2938
6722	562
6723	3707
6724	3959
6725	2358
6726	3352
6727	2839
6728	70
6729	2611
6730	623
6731	2222
6732	420
6733	2323
6734	3675
6735	1766
6736	4431
6737	34
6738	699
6739	873
6740	1677
6741	2242
6742	4866
6743	4890
6744	3345
6745	3291
6746	2382
6747	3783
6748	4725
6749	4879
6750	1887
6751	3631
6752	2381
6753	1209
6754	3055
6755	1724
6756	4587
6757	808
6758	832
6759	1091
6760	2594
6761	4882
6762	4508
6763	2110
6764	2294
6765	723
6766	2990
6767	3788
6768	1544
6769	4771
6770	3183
6771	1184
6772	1577
6773	3620
6774	3550
6775	3743
6776	2336
6777	3329
6778	4878
6779	1214
6780	4617
6781	862
6782	2797
6783	2022
6784	1490
6785	2700
6786	2159
6787	228
6788	1362
6789	2561
6790	2672
6791	182
6792	1074
6793	319
6794	1938
6795	2590
6796	1984
6797	670
6798	4559
6799	3193
6800	1162
6801	3338
6802	3501
6803	175
6804	1432
6805	413
6806	2434
6807	624
6808	4493
6809	1491
6810	3208
6811	3691
6812	850
6813	2425
6814	1951
6815	2842
6816	1109
6817	4470
6818	1151
6819	180
6820	2803
6821	3165
6822	4139
6823	3063
6824	4981
6825	240
6826	4903
6827	2944
6828	350
6829	4196
6830	2716
6831	4878
6832	4481
6833	3533
6834	2102
6835	4695
6836	1565
6837	2690
6838	1192
6839	2369
6840	3325
6841	3760
6842	4263
6843	1841
6844	3194
6845	2090
6846	3729
6847	2614
6848	230
6849	3613
6850	2472
6851	1222
6852	4296
6853	1737
6854	2116
6855	4450
6856	1108
6857	1140
6858	3450
6859	579
6860	4060
6861	4063
6862	3000
6863	2698
6864	10
6865	1289
6866	3514
6867	2147
6868	3111
6869	2031
6870	1843
6871	2653
6872	4225
6873	4508
6874	3427
6875	1380
6876	1358
6877	692
6878	3364
6879	4702
6880	2812
6881	1923
6882	2329
6883	2649
6884	4482
6885	4217
6886	4668
6887	951
6888	4986
6889	4083
6890	1117
6891	392
6892	3040
6893	3107
6894	153
6895	3659
6896	2055
6897	561
6898	1654
6899	2411
6900	3350
6901	1503
6902	3791
6903	2051
6904	1568
6905	3142
6906	546
6907	491
6908	479
6909	3327
6910	1236
6911	2040
6912	4853
6913	1
6914	785
6915	1133
6916	4615
6917	4653
6918	3707
6919	3542
6920	4232
6921	2864
6922	1698
6923	3186
6924	728
6925	3664
6926	4382
6927	4238
6928	1433
6929	3423
6930	3499
6931	1500
6932	4370
6933	435
6934	4819
6935	1468
6936	4407
6937	664
6938	3618
6939	1722
6940	128
6941	4453
6942	518
6943	2897
6944	580
6945	357
6946	4656
6947	4752
6948	3301
6949	3367
6950	2595
6951	2933
6952	966
6953	3034
6954	3750
6955	2319
6956	27
6957	573
6958	4342
6959	4780
6960	248
6961	483
6962	3371
6963	3831
6964	739
6965	3499
6966	4585
6967	3068
6968	4444
6969	2176
6970	413
6971	4507
6972	3338
6973	1244
6974	2232
6975	4058
6976	77
6977	1617
6978	3302
6979	564
6980	4001
6981	1987
6982	1411
6983	3608
6984	563
6985	988
6986	2482
6987	909
6988	4066
6989	4848
6990	1359
6991	935
6992	391
6993	200
6994	529
6995	1289
6996	4935
6997	3671
6998	4671
6999	96
7000	1281
7001	4292
7002	1203
7003	1828
7004	4781
7005	3042
7006	50
7007	2985
7008	1410
7009	3713
7010	4451
7011	356
7012	110
7013	3845
7014	4424
7015	2118
7016	4224
7017	2714
7018	4016
7019	4368
7020	185
7021	2451
7022	1657
7023	824
7024	2470
7025	4663
7026	3172
7027	4260
7028	3994
7029	1012
7030	670
7031	2107
7032	4544
7033	2740
7034	4322
7035	2568
7036	1765
7037	3612
7038	2094
7039	4213
7040	1214
7041	332
7042	324
7043	4229
7044	4797
7045	4269
7046	138
7047	1930
7048	2129
7049	2430
7050	1765
7051	2053
7052	3155
7053	1132
7054	3814
7055	1512
7056	1525
7057	191
7058	134
7059	3302
7060	3337
7061	769
7062	1171
7063	3610
7064	259
7065	3408
7066	3593
7067	4503
7068	3146
7069	4997
7070	3069
7071	878
7072	644
7073	593
7074	2950
7075	1893
7076	4963
7077	2357
7078	3929
7079	2780
7080	756
7081	2404
7082	1819
7083	4255
7084	4102
7085	4678
7086	4451
7087	4723
7088	1623
7089	3752
7090	3353
7091	4883
7092	703
7093	1420
7094	747
7095	3558
7096	4371
7097	3100
7098	4138
7099	1593
7100	3353
7101	1999
7102	219
7103	3233
7104	1408
7105	3106
7106	4936
7107	4777
7108	194
7109	4651
7110	1847
7111	1271
7112	945
7113	3443
7114	3106
7115	410
7116	1690
7117	3501
7118	2558
7119	690
7120	1928
7121	4375
7122	354
7123	2375
7124	4006
7125	4894
7126	3210
7127	3899
7128	390
7129	1975
7130	840
7131	3625
7132	2605
7133	176
7134	1391
7135	4313
7136	4324
7137	1304
7138	2394
7139	4547
7140	376
7141	3614
7142	2754
7143	472
7144	2859
7145	3328
7146	411
7147	3853
7148	1191
7149	3376
7150	3997
7151	1818
7152	3852
7153	4657
7154	2999
7155	4308
7156	3888
7157	2476
7158	1561
7159	945
7160	3271
7161	4682
7162	2870
7163	4481
7164	392
7165	3264
7166	2265
7167	277
7168	1955
7169	41
7170	4428
7171	2756
7172	569
7173	4407
7174	1112
7175	1656
7176	3506
7177	1303
7178	652
7179	1241
7180	2573
7181	3288
7182	982
7183	3874
7184	494
7185	488
7186	4558
7187	4848
7188	4998
7189	1907
7190	2120
7191	4116
7192	4173
7193	4474
7194	1204
7195	306
7196	1590
7197	2889
7198	120
7199	4551
7200	3945
7201	3713
7202	2048
7203	2867
7204	2233
7205	1634
7206	594
7207	2674
7208	4164
7209	3859
7210	4363
7211	1898
7212	2483
7213	3890
7214	660
7215	1305
7216	4653
7217	744
7218	810
7219	4918
7220	2697
7221	767
7222	2835
7223	2757
7224	2567
7225	927
7226	3800
7227	3244
7228	3889
7229	3255
7230	2815
7231	345
7232	2079
7233	535
7234	4592
7235	3872
7236	4485
7237	4712
7238	178
7239	3817
7240	2159
7241	493
7242	1425
7243	56
7244	2207
7245	1895
7246	3784
7247	1220
7248	4146
7249	788
7250	2982
7251	3735
7252	676
7253	4305
7254	423
7255	2695
7256	2880
7257	964
7258	766
7259	3548
7260	614
7261	4575
7262	1434
7263	1105
7264	246
7265	1876
7266	1992
7267	3682
7268	4985
7269	363
7270	2040
7271	153
7272	3802
7273	2121
7274	1024
7275	2598
7276	4288
7277	2143
7278	2229
7279	1653
7280	2589
7281	536
7282	811
7283	2222
7284	3336
7285	3820
7286	1501
7287	1644
7288	4719
7289	3742
7290	2329
7291	2423
7292	361
7293	3510
7294	3529
7295	3570
7296	852
7297	742
7298	631
7299	4814
7300	3990
7301	3930
7302	4903
7303	2010
7304	500
7305	2936
7306	4470
7307	2820
7308	2362
7309	1320
7310	2178
7311	2662
7312	2592
7313	3660
7314	420
7315	79
7316	3294
7317	1344
7318	1180
7319	1983
7320	669
7321	2840
7322	2373
7323	1209
7324	4389
7325	932
7326	4151
7327	1065
7328	3237
7329	539
7330	4760
7331	1074
7332	4074
7333	841
7334	3685
7335	960
7336	4526
7337	3849
7338	2430
7339	3686
7340	3598
7341	774
7342	4074
7343	3223
7344	1078
7345	825
7346	722
7347	4094
7348	4715
7349	3590
7350	2697
7351	1925
7352	4299
7353	1746
7354	4639
7355	3270
7356	883
7357	4415
7358	4631
7359	3899
7360	690
7361	1912
7362	380
7363	2593
7364	894
7365	1561
7366	4274
7367	2356
7368	2724
7369	1687
7370	2881
7371	528
7372	2888
7373	4184
7374	4525
7375	4066
7376	4929
7377	1221
7378	2774
7379	4552
7380	4134
7381	1471
7382	18
7383	2888
7384	4759
7385	3518
7386	3997
7387	4426
7388	3168
7389	4297
7390	1988
7391	509
7392	4583
7393	3809
7394	3366
7395	4776
7396	949
7397	3817
7398	2483
7399	1052
7400	4275
7401	308
7402	4518
7403	1960
7404	4917
7405	472
7406	85
7407	1824
7408	2366
7409	1119
7410	407
7411	4789
7412	4504
7413	4555
7414	635
7415	4703
7416	974
7417	3432
7418	3911
7419	1955
7420	1458
7421	1650
7422	249
7423	330
7424	132
7425	1140
7426	3839
7427	2604
7428	2943
7429	274
7430	3509
7431	1174
7432	3137
7433	265
7434	3004
7435	1079
7436	796
7437	1479
7438	2423
7439	3992
7440	3719
7441	720
7442	1954
7443	3244
7444	408
7445	4362
7446	3397
7447	4799
7448	2178
7449	4714
7450	2474
7451	4142
7452	3559
7453	828
7454	4913
7455	2457
7456	538
7457	1202
7458	4813
7459	4923
7460	4788
7461	2882
7462	1014
7463	4585
7464	2462
7465	4073
7466	4203
7467	820
7468	2335
7469	1815
7470	783
7471	2083
7472	2427
7473	4315
7474	2811
7475	3252
7476	694
7477	1906
7478	3523
7479	4610
7480	4253
7481	4730
7482	2260
7483	982
7484	2957
7485	1700
7486	835
7487	652
7488	246
7489	4497
7490	4406
7491	4147
7492	3687
7493	3728
7494	979
7495	4125
7496	4165
7497	4034
7498	1754
7499	1774
7500	395
7501	2282
7502	1960
7503	2262
7504	1672
7505	2213
7506	3314
7507	1967
7508	4151
7509	940
7510	3395
7511	1735
7512	42
7513	155
7514	2657
7515	1872
7516	4306
7517	364
7518	2414
7519	4698
7520	4402
7521	3834
7522	1925
7523	3522
7524	3847
7525	4582
7526	1593
7527	3597
7528	2545
7529	3204
7530	2194
7531	3569
7532	2553
7533	2846
7534	4363
7535	2632
7536	1260
7537	1285
7538	341
7539	4256
7540	1005
7541	1573
7542	4018
7543	4352
7544	3578
7545	4324
7546	3531
7547	4812
7548	3697
7549	3162
7550	1810
7551	2614
7552	412
7553	2344
7554	188
7555	255
7556	1031
7557	1892
7558	2451
7559	4153
7560	2613
7561	4234
7562	4210
7563	2135
7564	4352
7565	1024
7566	4287
7567	1939
7568	1161
7569	1329
7570	4956
7571	2827
7572	519
7573	3355
7574	804
7575	2344
7576	3072
7577	3567
7578	2939
7579	1180
7580	712
7581	2114
7582	1094
7583	4839
7584	776
7585	4466
7586	3553
7587	1081
7588	2352
7589	1614
7590	2492
7591	3192
7592	669
7593	853
7594	1821
7595	1305
7596	3915
7597	4452
7598	4187
7599	2414
7600	2609
7601	3419
7602	2400
7603	4302
7604	2543
7605	1322
7606	533
7607	1489
7608	4628
7609	4164
7610	3380
7611	4731
7612	253
7613	1581
7614	2004
7615	3752
7616	4866
7617	3520
7618	2599
7619	4225
7620	2659
7621	3457
7622	2735
7623	4159
7624	551
7625	174
7626	53
7627	2314
7628	740
7629	4187
7630	1929
7631	4173
7632	2165
7633	2202
7634	1000
7635	2183
7636	3157
7637	1981
7638	3479
7639	3808
7640	1939
7641	1033
7642	965
7643	725
7644	4711
7645	4575
7646	662
7647	3836
7648	4712
7649	1580
7650	4993
7651	4109
7652	3991
7653	4602
7654	1489
7655	2824
7656	1104
7657	3087
7658	393
7659	2993
7660	2738
7661	4120
7662	470
7663	950
7664	1836
7665	1106
7666	2223
7667	1296
7668	3820
7669	2987
7670	3180
7671	280
7672	1026
7673	2084
7674	1648
7675	4343
7676	4156
7677	4893
7678	994
7679	614
7680	1712
7681	2582
7682	1978
7683	79
7684	3200
7685	470
7686	595
7687	2324
7688	944
7689	1210
7690	4527
7691	3215
7692	3979
7693	3989
7694	952
7695	3953
7696	4967
7697	3351
7698	2142
7699	1021
7700	3256
7701	4693
7702	658
7703	1434
7704	3895
7705	932
7706	4745
7707	4994
7708	4463
7709	1694
7710	1240
7711	1233
7712	1651
7713	3508
7714	3172
7715	2816
7716	399
7717	656
7718	4468
7719	3861
7720	3382
7721	4100
7722	3081
7723	4220
7724	928
7725	4213
7726	3851
7727	4715
7728	2118
7729	2382
7730	1586
7731	4230
7732	4863
7733	3099
7734	452
7735	2939
7736	1382
7737	999
7738	4595
7739	4650
7740	3912
7741	4974
7742	1015
7743	2722
7744	2017
7745	3167
7746	648
7747	195
7748	1170
7749	1459
7750	1149
7751	2262
7752	2199
7753	3382
7754	863
7755	4323
7756	95
7757	678
7758	4680
7759	4675
7760	3495
7761	242
7762	2468
7763	4979
7764	4893
7765	4414
7766	3038
7767	4020
7768	4196
7769	4560
7770	3179
7771	2023
7772	1116
7773	2949
7774	311
7775	1238
7776	1031
7777	4014
7778	2603
7779	1268
7780	4124
7781	3790
7782	3101
7783	4383
7784	3400
7785	1287
7786	3334
7787	1001
7788	1399
7789	955
7790	1989
7791	3643
7792	443
7793	4274
7794	3711
7795	2909
7796	4916
7797	879
7798	3974
7799	2958
7800	1757
7801	127
7802	4147
7803	1071
7804	849
7805	4091
7806	1317
7807	1149
7808	2085
7809	2916
7810	3856
7811	534
7812	2985
7813	1962
7814	4498
7815	4634
7816	4125
7817	4535
7818	2826
7819	4113
7820	610
7821	2912
7822	2434
7823	4933
7824	1513
7825	1263
7826	61
7827	184
7828	3213
7829	1210
7830	3068
7831	4316
7832	1399
7833	2448
7834	4791
7835	3583
7836	858
7837	1675
7838	2806
7839	2878
7840	2107
7841	606
7842	4315
7843	3386
7844	1572
7845	170
7846	3572
7847	1072
7848	2459
7849	1474
7850	426
7851	2577
7852	2429
7853	2025
7854	3482
7855	1931
7856	3306
7857	2562
7858	1272
7859	4578
7860	3134
7861	2981
7862	1005
7863	1556
7864	4108
7865	3941
7866	4692
7867	3045
7868	2214
7869	1392
7870	3308
7871	3786
7872	3112
7873	1246
7874	4050
7875	2523
7876	2735
7877	3967
7878	2163
7879	4537
7880	4609
7881	2600
7882	221
7883	3635
7884	2743
7885	3192
7886	2405
7887	2211
7888	4606
7889	4026
7890	1284
7891	1710
7892	480
7893	1716
7894	1910
7895	1888
7896	1016
7897	925
7898	4321
7899	3534
7900	1225
7901	1020
7902	2852
7903	4607
7904	3850
7905	2772
7906	4236
7907	3860
7908	1599
7909	1551
7910	8
7911	552
7912	1014
7913	2543
7914	1237
7915	1704
7916	632
7917	1041
7918	4768
7919	1101
7920	3491
7921	1242
7922	4208
7923	224
7924	1033
7925	542
7926	1306
7927	3428
7928	3524
7929	3814
7930	1546
7931	1741
7932	1369
7933	147
7934	2138
7935	3579
7936	4794
7937	2015
7938	792
7939	1862
7940	3974
7941	4618
7942	2572
7943	2465
7944	3076
7945	3461
7946	4380
7947	1492
7948	3151
7949	201
7950	3097
7951	2232
7952	1787
7953	3056
7954	4169
7955	1543
7956	2156
7957	480
7958	3755
7959	3098
7960	28
7961	4014
7962	4951
7963	2925
7964	466
7965	2211
7966	2308
7967	4759
7968	1304
7969	2416
7970	4046
7971	2744
7972	1480
7973	3933
7974	4128
7975	4523
7976	4323
7977	825
7978	1912
7979	4288
7980	4301
7981	4490
7982	3877
7983	1635
7984	1146
7985	2771
7986	3239
7987	1695
7988	1026
7989	2477
7990	2123
7991	491
7992	4517
7993	3924
7994	1412
7995	111
7996	25
7997	2407
7998	2669
7999	3677
8000	1146
8001	141
8002	3607
8003	3314
8004	2570
8005	4817
8006	1389
8007	3666
8008	1365
8009	2533
8010	4463
8011	1116
8012	4648
8013	2226
8014	436
8015	4794
8016	951
8017	927
8018	509
8019	3197
8020	382
8021	4007
8022	3109
8023	2015
8024	858
8025	3086
8026	2533
8027	4028
8028	2127
8029	2238
8030	1073
8031	2960
8032	2968
8033	466
8034	4619
8035	1648
8036	4510
8037	1416
8038	2649
8039	2972
8040	1598
8041	4959
8042	2367
8043	1138
8044	3119
8045	1015
8046	1560
8047	2165
8048	2966
8049	4939
8050	4215
8051	3972
8052	4598
8053	4328
8054	3067
8055	165
8056	1696
8057	1398
8058	1996
8059	3505
8060	4456
8061	2196
8062	4139
8063	4422
8064	2664
8065	2569
8066	3686
8067	4222
8068	3135
8069	2525
8070	4578
8071	777
8072	1598
8073	987
8074	734
8075	3443
8076	3139
8077	1335
8078	315
8079	3791
8080	1138
8081	4846
8082	565
8083	990
8084	672
8085	4510
8086	4595
8087	3861
8088	955
8089	2852
8090	2120
8091	3685
8092	431
8093	2088
8094	320
8095	3673
8096	3972
8097	2129
8098	2660
8099	1562
8100	2173
8101	2784
8102	3289
8103	1546
8104	2957
8105	58
8106	4548
8107	2904
8108	1352
8109	3930
8110	2870
8111	4917
8112	4277
8113	2727
8114	1667
8115	2962
8116	3482
8117	1572
8118	65
8119	352
8120	181
8121	203
8122	165
8123	4909
8124	1458
8125	3190
8126	866
8127	3496
8128	1307
8129	1440
8130	2167
8131	593
8132	1094
8133	802
8134	3486
8135	2854
8136	1605
8137	2755
8138	3462
8139	2997
8140	2512
8141	1989
8142	4436
8143	763
8144	369
8145	1448
8146	919
8147	494
8148	3164
8149	2676
8150	1300
8151	2755
8152	3263
8153	954
8154	2968
8155	1098
8156	679
8157	3944
8158	1461
8159	3340
8160	4547
8161	226
8162	1460
8163	2704
8164	2993
8165	2636
8166	2640
8167	1486
8168	2994
8169	3387
8170	2855
8171	2677
8172	280
8173	2206
8174	1246
8175	2383
8176	1178
8177	1002
8178	4018
8179	2018
8180	4176
8181	812
8182	3017
8183	284
8184	261
8185	2728
8186	952
8187	4846
8188	937
8189	2353
8190	1497
8191	2680
8192	1409
8193	4367
8194	3515
8195	2718
8196	233
8197	3618
8198	2198
8199	4015
8200	4003
8201	4053
8202	898
8203	2571
8204	238
8205	2387
8206	2167
8207	3626
8208	4624
8209	2427
8210	3308
8211	2804
8212	1985
8213	3764
8214	3759
8215	1964
8216	746
8217	4529
8218	4708
8219	4190
8220	4529
8221	3003
8222	2449
8223	2563
8224	2413
8225	901
8226	3943
8227	930
8228	3311
8229	867
8230	4303
8231	4598
8232	527
8233	1231
8234	3513
8235	3347
8236	4297
8237	2127
8238	1055
8239	1311
8240	1763
8241	1978
8242	919
8243	2978
8244	575
8245	4644
8246	4896
8247	2860
8248	4792
8249	4560
8250	2379
8251	3252
8252	482
8253	522
8254	4688
8255	2300
8256	211
8257	3709
8258	3503
8259	4830
8260	1576
8261	1701
8262	1137
8263	4836
8264	2482
8265	2650
8266	2319
8267	1580
8268	3454
8269	3919
8270	2242
8271	4946
8272	1301
8273	880
8274	2596
8275	2226
8276	565
8277	2119
8278	3756
8279	2406
8280	2506
8281	4994
8282	2590
8283	2535
8284	4881
8285	1420
8286	777
8287	2658
8288	3572
8289	3602
8290	139
8291	1599
8292	2540
8293	2099
8294	3399
8295	2825
8296	1884
8297	3636
8298	3886
8299	144
8300	1776
8301	4597
8302	273
8303	2433
8304	3756
8305	170
8306	1008
8307	3785
8308	2859
8309	3125
8310	1197
8311	4280
8312	1231
8313	4765
8314	1609
8315	4960
8316	2318
8317	726
8318	295
8319	4321
8320	3251
8321	3866
8322	1462
8323	84
8324	4582
8325	2428
8326	4706
8327	936
8328	4894
8329	2831
8330	2197
8331	1093
8332	4332
8333	1506
8334	3953
8335	2800
8336	2485
8337	1934
8338	2391
8339	1892
8340	1409
8341	4442
8342	628
8343	1926
8344	2278
8345	2535
8346	3099
8347	1092
8348	4637
8349	2901
8350	1111
8351	422
8352	3530
8353	720
8354	3344
8355	3757
8356	1008
8357	3921
8358	1996
8359	4868
8360	1931
8361	4438
8362	3866
8363	1875
8364	2334
8365	3350
8366	2618
8367	2807
8368	2515
8369	2978
8370	4629
8371	3769
8372	1441
8373	4708
8374	583
8375	1657
8376	589
8377	1130
8378	3565
8379	377
8380	4644
8381	4291
8382	1472
8383	400
8384	741
8385	2600
8386	2249
8387	1645
8388	4200
8389	251
8390	846
8391	439
8392	721
8393	2324
8394	1876
8395	1751
8396	1375
8397	3979
8398	3149
8399	266
8400	3720
8401	4491
8402	2972
8403	3757
8404	138
8405	1533
8406	3602
8407	1934
8408	2145
8409	3895
8410	2283
8411	2699
8412	4161
8413	1392
8414	1058
8415	646
8416	2528
8417	4768
8418	1352
8419	840
8420	3908
8421	1195
8422	2408
8423	1676
8424	3218
8425	3967
8426	2166
8427	4704
8428	1176
8429	3399
8430	2114
8431	2475
8432	4262
8433	1245
8434	2805
8435	2488
8436	1715
8437	4442
8438	2086
8439	3157
8440	2297
8441	2599
8442	3105
8443	1918
8444	1049
8445	2186
8446	4833
8447	2557
8448	3226
8449	3336
8450	102
8451	2175
8452	1019
8453	4483
8454	1449
8455	1423
8456	599
8457	1449
8458	3471
8459	1456
8460	558
8461	305
8462	1319
8463	4237
8464	594
8465	4535
8466	2105
8467	2930
8468	4248
8469	2426
8470	3428
8471	3277
8472	2631
8473	2305
8474	517
8475	3262
8476	2619
8477	1093
8478	2122
8479	2202
8480	1120
8481	1013
8482	1590
8483	4969
8484	3242
8485	3732
8486	713
8487	4999
8488	2594
8489	4237
8490	2478
8491	2691
8492	4419
8493	4980
8494	184
8495	2026
8496	2195
8497	2008
8498	2798
8499	2967
8500	4445
8501	3538
8502	2209
8503	1472
8504	2121
8505	582
8506	681
8507	977
8508	4982
8509	2579
8510	1240
8511	2462
8512	866
8513	4134
8514	2783
8515	2000
8516	4162
8517	486
8518	3118
8519	4355
8520	3751
8521	355
8522	4436
8523	2612
8524	1202
8525	3554
8526	4195
8527	3654
8528	1178
8529	4855
8530	3259
8531	3849
8532	2856
8533	173
8534	4928
8535	2027
8536	274
8537	3247
8538	928
8539	3751
8540	2013
8541	3347
8542	551
8543	4108
8544	1756
8545	499
8546	1443
8547	864
8548	3539
8549	1161
8550	363
8551	2379
8552	1098
8553	1247
8554	299
8555	481
8556	3108
8557	4666
8558	2778
8559	2195
8560	4817
8561	3045
8562	1013
8563	2089
8564	3342
8565	4821
8566	4554
8567	3606
8568	139
8569	4771
8570	288
8571	2617
8572	4789
8573	299
8574	2422
8575	3273
8576	216
8577	4835
8578	3274
8579	3127
8580	543
8581	4691
8582	4720
8583	1637
8584	3241
8585	2930
8586	1596
8587	3850
8588	839
8589	4605
8590	1755
8591	1601
8592	1035
8593	3862
8594	3761
8595	67
8596	1105
8597	994
8598	1229
8599	2199
8600	1729
8601	920
8602	4161
8603	4791
8604	2011
8605	4124
8606	1201
8607	1188
8608	3052
8609	1123
8610	4069
8611	1666
8612	2454
8613	828
8614	592
8615	3613
8616	462
8617	2367
8618	4380
8619	2808
8620	364
8621	1255
8622	2746
8623	3880
8624	2812
8625	1790
8626	4684
8627	4176
8628	3010
8629	3283
8630	125
8631	1855
8632	2180
8633	1131
8634	277
8635	498
8636	26
8637	969
8638	3734
8639	2564
8640	3805
8641	1855
8642	4836
8643	3400
8644	2601
8645	3486
8646	552
8647	577
8648	1961
8649	2479
8650	2853
8651	4303
8652	1301
8653	11
8654	519
8655	4063
8656	3787
8657	3854
8658	4354
8659	799
8660	86
8661	3139
8662	3025
8663	1761
8664	525
8665	2175
8666	2531
8667	1203
8668	3862
8669	1684
8670	124
8671	4962
8672	4428
8673	4232
8674	656
8675	3671
8676	442
8677	1850
8678	2655
8679	3122
8680	1719
8681	3009
8682	1930
8683	524
8684	837
8685	3362
8686	4816
8687	2710
8688	1506
8689	3901
8690	3020
8691	3632
8692	4809
8693	4972
8694	2777
8695	1531
8696	4786
8697	1584
8698	4767
8699	4568
8700	1391
8701	2053
8702	1665
8703	4825
8704	1713
8705	1829
8706	1067
8707	436
8708	2060
8709	1553
8710	869
8711	4573
8712	4091
8713	1935
8714	2475
8715	3525
8716	3371
8717	2406
8718	4900
8719	877
8720	1771
8721	4576
8722	1692
8723	837
8724	3998
8725	588
8726	2881
8727	1314
8728	247
8729	4902
8730	3732
8731	4027
8732	616
8733	1266
8734	1099
8735	3436
8736	1030
8737	784
8738	949
8739	4573
8740	2095
8741	4899
8742	4203
8743	3694
8744	2893
8745	2586
8746	2133
8747	707
8748	1462
8749	3804
8750	279
8751	2505
8752	2039
8753	3575
8754	1707
8755	3643
8756	861
8757	958
8758	3794
8759	4890
8760	816
8761	700
8762	4690
8763	279
8764	726
8765	4925
8766	3775
8767	2363
8768	577
8769	1575
8770	2732
8771	2320
8772	4960
8773	979
8774	954
8775	961
8776	4761
8777	1513
8778	4947
8779	3301
8780	4792
8781	3272
8782	4902
8783	1860
8784	3799
8785	780
8786	1326
8787	3134
8788	750
8789	1950
8790	4647
8791	1616
8792	1475
8793	3355
8794	1234
8795	3006
8796	606
8797	2032
8798	2311
8799	4891
8800	1532
8801	3282
8802	3838
8803	1774
8804	4425
8805	3229
8806	1830
8807	891
8808	1326
8809	4809
8810	1550
8811	4016
8812	3786
8813	2060
8814	1999
8815	1770
8816	4011
8817	3242
8818	2675
8819	4907
8820	926
8821	968
8822	3690
8823	3808
8824	312
8825	2655
8826	4580
8827	873
8828	2669
8829	3273
8830	2828
8831	3374
8832	454
8833	1562
8834	55
8835	3679
8836	217
8837	513
8838	706
8839	73
8840	4570
8841	353
8842	2621
8843	282
8844	198
8845	92
8846	4120
8847	4021
8848	1132
8849	1700
8850	3921
8851	20
8852	2691
8853	2758
8854	484
8855	4624
8856	3620
8857	2209
8858	4625
8859	2769
8860	4540
8861	4065
8862	4339
8863	1089
8864	3484
8865	53
8866	1155
8867	397
8868	1517
8869	2416
8870	445
8871	2198
8872	2213
8873	2325
8874	4384
8875	2571
8876	1402
8877	2717
8878	3987
8879	1644
8880	4859
8881	1502
8882	4613
8883	2400
8884	3824
8885	1929
8886	3218
8887	571
8888	3147
8889	2021
8890	2169
8891	4169
8892	4774
8893	632
8894	4726
8895	1620
8896	2746
8897	2934
8898	607
8899	1099
8900	4784
8901	661
8902	3819
8903	3818
8904	851
8905	3174
8906	2724
8907	3251
8908	1312
8909	4991
8910	1412
8911	2292
8912	944
8913	4317
8914	1233
8915	4362
8916	2177
8917	3599
8918	693
8919	4277
8920	461
8921	2488
8922	598
8923	4568
8924	4668
8925	3226
8926	3703
8927	811
8928	662
8929	3014
8930	2833
8931	2172
8932	3285
8933	2624
8934	1499
8935	3588
8936	764
8937	3787
8938	4587
8939	264
8940	1334
8941	3365
8942	4414
8943	3962
8944	419
8945	4898
8946	4706
8947	936
8948	3161
8949	3140
8950	4461
8951	137
8952	2182
8953	530
8954	2197
8955	2458
8956	1307
8957	4391
8958	398
8959	528
8960	4580
8961	4093
8962	615
8963	2874
8964	431
8965	301
8966	4519
8967	415
8968	3940
8969	648
8970	2160
8971	2809
8972	4651
8973	4399
8974	3103
8975	1198
8976	3723
8977	4435
8978	985
8979	1336
8980	104
8981	1299
8982	4748
8983	2349
8984	2091
8985	4208
8986	2678
8987	1540
8988	484
8989	4498
8990	4403
8991	3537
8992	2461
8993	3207
8994	98
8995	3298
8996	3084
8997	809
8998	1622
8999	4076
9000	4726
9001	879
9002	2207
9003	2722
9004	154
9005	3088
9006	4419
9007	2784
9008	1340
9009	1652
9010	3882
9011	1238
9012	1295
9013	1917
9014	1871
9015	2721
9016	537
9017	2214
9018	2328
9019	3838
9020	542
9021	523
9022	2033
9023	787
9024	2261
9025	741
9026	3959
9027	4867
9028	58
9029	1197
9030	1118
9031	4379
9032	602
9033	705
9034	2478
9035	2455
9036	4153
9037	2310
9038	4085
9039	256
9040	4068
9041	4429
9042	2325
9043	4807
9044	581
9045	2801
9046	3270
9047	2331
9048	25
9049	4128
9050	4524
9051	864
9052	1070
9053	1143
9054	3541
9055	4834
9056	3048
9057	3065
9058	3599
9059	3097
9060	2740
9061	1097
9062	3522
9063	3241
9064	2279
9065	2106
9066	4290
9067	3701
9068	1484
9069	2273
9070	3373
9071	4282
9072	506
9073	4562
9074	2783
9075	4122
9076	463
9077	3066
9078	978
9079	454
9080	2690
9081	1779
9082	1995
9083	4589
9084	725
9085	1578
9086	4812
9087	3283
9088	2246
9089	2523
9090	3873
9091	1009
9092	3513
9093	328
9094	328
9095	844
9096	1916
9097	3109
9098	3956
9099	1917
9100	1176
9101	2528
9102	1131
9103	4519
9104	1714
9105	3675
9106	3280
9107	2348
9108	2822
9109	3125
9110	16
9111	163
9112	1414
9113	1361
9114	679
9115	2587
9116	3267
9117	730
9118	4784
9119	4345
9120	2867
9121	800
9122	2805
9123	818
9124	823
9125	1471
9126	823
9127	372
9128	2067
9129	4965
9130	2449
9131	4089
9132	1343
9133	4721
9134	304
9135	264
9136	2182
9137	3117
9138	296
9139	1360
9140	4773
9141	668
9142	4648
9143	956
9144	818
9145	1721
9146	4939
9147	4520
9148	1049
9149	3186
9150	1743
9151	1016
9152	4633
9153	225
9154	1439
9155	1475
9156	4844
9157	1510
9158	244
9159	2476
9160	732
9161	1871
9162	2210
9163	4088
9164	902
9165	4285
9166	2678
9167	1065
9168	3593
9169	2860
9170	2525
9171	1286
9172	4780
9173	4378
9174	2375
9175	1829
9176	962
9177	4959
9178	339
9179	2681
9180	926
9181	1147
9182	2066
9183	4561
9184	762
9185	4943
9186	3274
9187	935
9188	2712
9189	1747
9190	3761
9191	758
9192	4601
9193	3857
9194	2747
9195	966
9196	809
9197	4345
9198	2363
9199	1984
9200	2091
9201	4191
9202	2823
9203	3575
9204	3805
9205	1907
9206	3102
9207	907
9208	1404
9209	901
9210	2284
9211	2461
9212	4872
9213	2278
9214	4269
9215	3459
9216	1163
9217	3268
9218	730
9219	2005
9220	889
9221	1737
9222	2522
9223	2654
9224	3709
9225	4059
9226	4880
9227	4326
9228	343
9229	2680
9230	1992
9231	2822
9232	256
9233	4279
9234	1904
9235	1482
9236	4079
9237	4834
9238	757
9239	2527
9240	851
9241	1011
9242	73
9243	4046
9244	3476
9245	2545
9246	1554
9247	3560
9248	4129
9249	3452
9250	92
9251	839
9252	661
9253	2123
9254	94
9255	3731
9256	1970
9257	4520
9258	3003
9259	4024
9260	2157
9261	150
9262	2087
9263	2112
9264	772
9265	1343
9266	2384
9267	717
9268	2988
9269	1284
9270	3189
9271	289
9272	1357
9273	4509
9274	250
9275	4977
9276	3556
9277	4038
9278	2398
9279	780
9280	2398
9281	1882
9282	354
9283	1136
9284	1085
9285	507
9286	1874
9287	4515
9288	4991
9289	395
9290	1058
9291	3800
9292	4505
9293	2249
9294	1605
9295	981
9296	1438
9297	1064
9298	2552
9299	2320
9300	3905
9301	607
9302	757
9303	1650
9304	1631
9305	42
9306	3680
9307	2315
9308	434
9309	3090
9310	356
9311	3880
9312	693
9313	2827
9314	2023
9315	1166
9316	3118
9317	3366
9318	3092
9319	557
9320	2797
9321	1158
9322	4818
9323	4195
9324	731
9325	4465
9326	191
9327	3724
9328	3573
9329	3311
9330	3775
9331	3583
9332	4576
9333	398
9334	1451
9335	4197
9336	3333
9337	4456
9338	2429
9339	2050
9340	1325
9341	4504
9342	1851
9343	4622
9344	3162
9345	1705
9346	2663
9347	1502
9348	4361
9349	2874
9350	4385
9351	4430
9352	1882
9353	2704
9354	1046
9355	3173
9356	4583
9357	4731
9358	375
9359	2679
9360	4743
9361	4312
9362	1439
9363	3263
9364	1136
9365	2417
9366	2439
9367	1151
9368	45
9369	1997
9370	2868
9371	3545
9372	1278
9373	1498
9374	464
9375	880
9376	3137
9377	4210
9378	4570
9379	3032
9380	462
9381	4047
9382	1564
9383	3677
9384	4129
9385	1063
9386	2068
9387	1152
9388	2017
9389	4199
9390	1554
9391	2031
9392	756
9393	2568
9394	2245
9395	2138
9396	4358
9397	1011
9398	314
9399	1511
9400	1000
9401	3890
9402	4093
9403	1671
9404	3394
9405	4711
9406	2915
9407	3957
9408	2826
9409	3865
9410	4622
9411	2035
9412	3104
9413	4937
9414	1158
9415	2342
9416	1257
9417	753
9418	3728
9419	1838
9420	1001
9421	882
9422	4448
9423	2184
9424	1152
9425	3556
9426	2836
9427	4509
9428	1286
9429	2261
9430	624
9431	1272
9432	784
9433	4662
9434	4123
9435	4218
9436	1985
9437	986
9438	4375
9439	1141
9440	2312
9441	885
9442	2284
9443	504
9444	3954
9445	312
9446	3459
9447	2862
9448	36
9449	250
9450	2043
9451	445
9452	4806
9453	1331
9454	1763
9455	3474
9456	488
9457	401
9458	293
9459	3246
9460	3396
9461	1870
9462	3865
9463	976
9464	3759
9465	1851
9466	2292
9467	973
9468	755
9469	798
9470	2342
9471	2514
9472	318
9473	816
9474	3052
9475	182
9476	501
9477	482
9478	1997
9479	3517
9480	1127
9481	4725
9482	1404
9483	2526
9484	2802
9485	794
9486	4982
9487	2706
9488	781
9489	314
9490	3549
9491	1714
9492	3471
9493	3062
9494	541
9495	3680
9496	3632
9497	3669
9498	1612
9499	1356
9500	4403
9501	3670
9502	1340
9503	3090
9504	1579
9505	2032
9506	2036
9507	2668
9508	4692
9509	1422
9510	145
9511	3170
9512	4965
9513	4131
9514	4191
9515	582
9516	4704
9517	67
9518	2841
9519	849
9520	3699
9521	3411
9522	2789
9523	4448
9524	687
9525	2405
9526	2410
9527	2625
9528	2172
9529	3540
9530	3281
9531	3494
9532	4256
9533	540
9534	4619
9535	2534
9536	847
9537	4329
9538	1837
9539	2005
9540	4720
9541	2348
9542	1950
9543	3239
9544	2963
9545	4483
9546	2244
9547	1713
9548	676
9549	2716
9550	1837
9551	4358
9552	2988
9553	2770
9554	4336
9555	4945
9556	4806
9557	1868
9558	3948
9559	1870
9560	4602
9561	2308
9562	391
9563	1615
9564	546
9565	1787
9566	4977
9567	735
9568	3149
9569	2013
9570	4867
9571	3033
9572	1076
9573	4422
9574	1924
9575	2834
9576	2095
9577	154
9578	3069
9579	1064
9580	4666
9581	581
9582	346
9583	3370
9584	1694
9585	2458
9586	963
9587	2035
9588	1162
9589	1438
9590	336
9591	2841
9592	3846
9593	1575
9594	875
9595	3462
9596	2798
9597	2269
9598	700
9599	4087
9600	517
9601	1762
9602	3150
9603	4461
9604	538
9605	3745
9606	4687
9607	4326
9608	963
9609	4524
9610	3783
9611	4632
9612	2613
9613	1533
9614	1941
9615	1411
9616	3406
9617	4087
9618	3702
9619	3980
9620	1287
9621	4816
9622	2245
9623	4732
9624	1464
9625	798
9626	1356
9627	2200
9628	4689
9629	4818
9630	7
9631	507
9632	3079
9633	2531
9634	3621
9635	3049
9636	2883
9637	1056
9638	666
9639	1836
9640	2974
9641	3267
9642	1100
9643	1464
9644	2971
9645	449
9646	4376
9647	787
9648	3659
9649	122
9650	1247
9651	4349
9652	2248
9653	1423
9654	208
9655	2534
9656	3079
9657	1927
9658	4992
9659	2925
9660	4854
9661	2527
9662	4804
9663	2164
9664	433
9665	4971
9666	3246
9667	1767
9668	346
9669	3066
9670	1469
9671	425
9672	3827
9673	4925
9674	1257
9675	2521
9676	4117
9677	1756
9678	1017
9679	806
9680	3604
9681	3306
9682	464
9683	3724
9684	3894
9685	3458
9686	3894
9687	1850
9688	342
9689	3293
9690	2334
9691	1848
9692	2473
9693	4385
9694	2958
9695	3401
9696	3893
9697	3481
9698	4391
9699	78
9700	78
9701	4743
9702	2480
9703	4811
9704	2601
9705	4931
9706	4605
9707	4388
9708	1845
9709	794
9710	3580
9711	1790
9712	2664
9713	961
9714	3563
9715	4329
9716	806
9717	4426
9718	3933
9719	1911
9720	637
9721	875
9722	146
9723	273
9724	2244
9725	4515
9726	664
9727	4299
9728	827
9729	3481
9730	3313
9731	382
9732	1221
9733	3909
9734	1067
9735	4739
9736	1382
9737	1532
9738	2906
9739	1331
9740	1592
9741	1568
9742	1342
9743	4641
9744	2883
9745	3285
9746	2506
9747	3955
9748	2663
9749	2906
9750	2588
9751	3630
9752	1970
9753	208
9754	1400
9755	628
9756	2380
9757	956
9758	3515
9759	2971
9760	666
9761	3065
9762	1716
9763	1578
9764	3494
9765	71
9766	2832
9767	764
9768	2689
9769	753
9770	1085
9771	2514
9772	86
9773	4389
9774	3951
9775	2994
9776	3086
9777	2991
9778	1137
9779	148
9780	216
9781	1779
9782	4064
9783	1196
9784	506
9785	1255
9786	3110
9787	2417
9788	3490
9789	755
9790	4499
9791	1918
9792	3262
9793	4985
9794	4862
9795	4569
9796	327
9797	1767
9798	3541
9799	2384
9800	557
9801	215
9802	3655
9803	1401
9804	3564
9805	1019
9806	2561
9807	2240
9808	14
9809	3470
9810	3404
9811	1306
9812	4123
9813	2248
9814	1354
9815	3171
9816	3973
9817	476
9818	2787
9819	3404
9820	1933
9821	1725
9822	1142
9823	3272
9824	7
9825	1127
9826	1190
9827	4064
9828	4613
9829	2992
9830	3414
9831	1061
9832	1342
9833	1186
9834	1531
9835	1915
9836	4908
9837	1351
9838	3110
9839	504
9840	4295
9841	2917
9842	2772
9843	3630
9844	4295
9845	797
9846	3179
9847	2540
9848	4377
9849	1788
9850	2355
9851	1924
9852	1747
9853	3980
9854	1190
9855	4827
9856	1212
9857	3655
9858	424
9859	4376
9860	3490
9861	4665
9862	2901
9863	304
9864	235
9865	2631
9866	2991
9867	2073
9868	861
9869	4024
9870	3701
9871	2269
9872	2861
9873	3619
9874	4141
9875	1746
9876	4206
9877	2807
9878	3703
9879	268
9880	4632
9881	3773
9882	1295
9883	3763
9884	171
9885	122
9886	580
9887	4649
9888	1848
9889	2521
9890	327
9891	14
9892	1684
9893	4206
9894	2067
9895	3679
9896	2378
9897	55
9898	4141
9899	3560
9900	3813
9901	2650
9902	4117
9903	307
9904	3962
9905	1314
9906	232
9907	4649
9908	953
9909	1056
9910	2086
9911	3897
9912	2378
9913	415
9914	307
9915	3876
9916	3243
9917	3995
9918	232
9919	3243
9920	1725
9921	3909
9922	1825
9923	3033
9924	235
9925	918
9926	3150
9927	1961
9928	2294
9929	2236
9930	3946
9931	1647
9932	3458
9933	3827
9934	1100
9935	3763
9936	1536
9937	2480
9938	3824
9939	4854
9940	4687
9941	772
9942	3145
9943	4830
9944	4131
9945	2150
9946	1778
9947	4009
9948	1941
9949	641
9950	4641
9951	1963
9952	3539
9953	1351
9954	2945
9955	3876
9956	3091
9957	3590
9958	3145
9959	1536
9960	3792
9961	3017
9962	1637
9963	3607
9964	1354
9965	424
9966	1401
9967	4909
9968	3480
9969	2150
9970	2426
9971	344
9972	1386
9973	2050
9974	3091
9975	131
9976	2787
9977	3886
9978	2166
9979	71
9980	1361
9981	131
9982	4745
9983	742
9984	3995
9985	918
9986	3452
9987	1647
9988	3823
9989	344
9990	2453
9991	3813
9992	4101
9993	570
9994	2453
9995	2992
9996	65
9997	570
9998	15
9999	4822
10000	576
