Class Times	100
Rooms	100
1	600
2	421
3	980
4	254
5	129
6	765
7	118
8	270
9	177
10	488
11	209
12	256
13	587
14	400
15	144
16	91
17	97
18	232
19	686
20	490
21	474
22	22
23	104
24	107
25	90
26	845
27	496
28	246
29	779
30	944
31	126
32	550
33	458
34	987
35	56
36	952
37	675
38	723
39	153
40	174
41	816
42	443
43	633
44	755
45	910
46	989
47	282
48	688
49	902
50	905
51	598
52	157
53	417
54	217
55	223
56	39
57	587
58	893
59	78
60	836
61	255
62	877
63	327
64	320
65	173
66	350
67	587
68	268
69	335
70	266
71	514
72	515
73	532
74	780
75	363
76	880
77	177
78	673
79	429
80	586
81	450
82	934
83	961
84	723
85	951
86	109
87	296
88	765
89	715
90	527
91	689
92	306
93	974
94	656
95	355
96	656
97	328
98	547
99	224
100	656
Classes	10000
Teachers	5000
1	1237
2	2840
3	655
4	3634
5	4946
6	3770
7	811
8	3518
9	3408
10	4063
11	2646
12	4502
13	3979
14	1613
15	2898
16	123
17	4008
18	651
19	2059
20	4131
21	2830
22	1912
23	4303
24	2648
25	1984
26	819
27	2302
28	3234
29	4408
30	1003
31	1380
32	2779
33	4234
34	3914
35	133
36	325
37	1496
38	4678
39	87
40	1585
41	625
42	45
43	324
44	3502
45	2154
46	2545
47	3976
48	3577
49	3199
50	58
51	3102
52	4384
53	141
54	4722
55	4636
56	329
57	726
58	2397
59	4595
60	916
61	568
62	3187
63	1881
64	1830
65	4604
66	1547
67	4237
68	1850
69	2487
70	2053
71	1908
72	1856
73	1521
74	4773
75	2440
76	2054
77	3662
78	4419
79	857
80	4369
81	2228
82	4817
83	2146
84	4217
85	3341
86	3203
87	3673
88	1378
89	4222
90	1063
91	3808
92	4132
93	1465
94	4537
95	3970
96	3747
97	4134
98	445
99	159
100	3514
101	2344
102	4915
103	4604
104	141
105	3153
106	2012
107	4696
108	1216
109	2551
110	2227
111	1025
112	693
113	860
114	656
115	1143
116	778
117	1429
118	1263
119	68
120	986
121	4433
122	960
123	267
124	4496
125	3366
126	1018
127	745
128	3635
129	1307
130	1530
131	367
132	1563
133	3738
134	4388
135	764
136	4104
137	4034
138	3423
139	3403
140	385
141	226
142	410
143	2970
144	4371
145	1234
146	3524
147	235
148	2888
149	2993
150	274
151	4618
152	2718
153	3279
154	4772
155	662
156	1469
157	1130
158	712
159	4419
160	241
161	579
162	181
163	2016
164	2264
165	3584
166	2237
167	2600
168	4626
169	1091
170	1493
171	3852
172	1583
173	755
174	4918
175	2786
176	4358
177	2034
178	1120
179	887
180	683
181	2877
182	1057
183	1373
184	1832
185	3562
186	2759
187	1706
188	2514
189	3258
190	2139
191	228
192	1740
193	4566
194	1690
195	1919
196	2740
197	3494
198	1928
199	1928
200	1710
201	2662
202	310
203	2381
204	1118
205	3784
206	3419
207	3508
208	434
209	1828
210	2887
211	826
212	3249
213	4567
214	4642
215	4624
216	4404
217	2156
218	880
219	3737
220	1867
221	785
222	1971
223	4342
224	2944
225	1649
226	1411
227	4589
228	1033
229	2223
230	4705
231	2285
232	2443
233	26
234	1655
235	4642
236	1089
237	2542
238	1140
239	4723
240	4566
241	4052
242	959
243	3306
244	1746
245	803
246	4286
247	4270
248	4746
249	3000
250	499
251	1759
252	427
253	2524
254	4640
255	3279
256	1444
257	1477
258	2134
259	847
260	2907
261	2570
262	3189
263	673
264	3505
265	4967
266	3942
267	2546
268	4445
269	4866
270	4917
271	2444
272	1167
273	4570
274	3187
275	515
276	4908
277	1273
278	2063
279	3630
280	2368
281	2167
282	1432
283	4252
284	4164
285	1340
286	2324
287	168
288	893
289	1150
290	4491
291	2896
292	265
293	4992
294	1429
295	727
296	876
297	1477
298	2409
299	2885
300	1801
301	2575
302	4083
303	2695
304	471
305	413
306	2322
307	3685
308	348
309	1979
310	1233
311	4811
312	3920
313	993
314	2492
315	4169
316	3698
317	927
318	453
319	3876
320	2760
321	4532
322	4540
323	2079
324	2320
325	3859
326	4732
327	3207
328	4887
329	1556
330	1785
331	4632
332	107
333	1219
334	4090
335	1276
336	4073
337	1461
338	1774
339	4753
340	1005
341	3703
342	1992
343	2355
344	1048
345	1089
346	2122
347	4005
348	722
349	206
350	4257
351	2074
352	205
353	1122
354	537
355	100
356	2355
357	817
358	2230
359	4470
360	3547
361	1891
362	2494
363	3742
364	1452
365	155
366	4291
367	3535
368	520
369	1745
370	3341
371	1663
372	4681
373	1771
374	419
375	1260
376	3998
377	1608
378	760
379	4919
380	2057
381	1124
382	3376
383	851
384	3766
385	3721
386	3421
387	3930
388	401
389	2858
390	2299
391	3178
392	4523
393	873
394	2335
395	4263
396	509
397	2711
398	4898
399	1458
400	597
401	4586
402	2895
403	4870
404	2318
405	410
406	3216
407	3883
408	4285
409	1850
410	2851
411	3357
412	1240
413	2345
414	4928
415	1151
416	3954
417	4992
418	4471
419	859
420	4668
421	1630
422	2434
423	900
424	1842
425	3164
426	2998
427	2266
428	627
429	3405
430	602
431	3581
432	4777
433	1788
434	3048
435	892
436	449
437	4890
438	853
439	4666
440	3885
441	2967
442	34
443	119
444	4351
445	2729
446	4453
447	963
448	1723
449	564
450	4804
451	3229
452	2791
453	4650
454	1266
455	4423
456	2170
457	3119
458	1662
459	1408
460	2525
461	3304
462	1956
463	84
464	4835
465	1282
466	2622
467	3853
468	4360
469	2436
470	1587
471	668
472	1721
473	3731
474	4280
475	3033
476	4690
477	4200
478	852
479	3937
480	4354
481	1847
482	2950
483	2410
484	51
485	1544
486	2705
487	116
488	4618
489	3543
490	3788
491	3349
492	3082
493	1031
494	2001
495	562
496	2119
497	736
498	445
499	2506
500	4486
501	4409
502	3858
503	386
504	4927
505	2900
506	3464
507	749
508	3798
509	1514
510	2834
511	1933
512	4240
513	1053
514	2992
515	4509
516	2057
517	2797
518	4718
519	2851
520	1597
521	2281
522	4599
523	541
524	1718
525	1910
526	655
527	1968
528	4987
529	4613
530	958
531	258
532	3523
533	2260
534	3390
535	2397
536	658
537	1883
538	146
539	1339
540	1412
541	4364
542	3990
543	3093
544	926
545	765
546	317
547	4416
548	3526
549	236
550	1964
551	3191
552	4137
553	1757
554	3879
555	1882
556	2764
557	4351
558	4233
559	2900
560	2191
561	4141
562	669
563	1763
564	4745
565	731
566	3250
567	3131
568	1641
569	3209
570	4845
571	1310
572	3680
573	1622
574	4216
575	4054
576	1671
577	633
578	1998
579	1866
580	4774
581	2679
582	1777
583	2582
584	624
585	1727
586	2707
587	130
588	4850
589	3432
590	1063
591	4675
592	4041
593	2252
594	949
595	3158
596	3920
597	2023
598	1269
599	1846
600	2037
601	3393
602	2347
603	2115
604	1593
605	3955
606	1116
607	4211
608	2603
609	321
610	4016
611	4383
612	4823
613	3626
614	4166
615	4995
616	54
617	2334
618	4700
619	311
620	2447
621	4794
622	3408
623	3399
624	4455
625	891
626	942
627	4596
628	2399
629	1680
630	3511
631	4390
632	3282
633	1001
634	2271
635	2981
636	4260
637	1341
638	837
639	37
640	992
641	1321
642	794
643	2760
644	3025
645	100
646	678
647	2692
648	451
649	4011
650	3100
651	337
652	4576
653	2293
654	3116
655	504
656	2343
657	1866
658	90
659	909
660	4384
661	3297
662	3634
663	436
664	4822
665	2499
666	3216
667	4216
668	3361
669	854
670	1841
671	3224
672	620
673	2364
674	3623
675	1165
676	3654
677	3992
678	1703
679	3489
680	2796
681	2239
682	3819
683	4058
684	2380
685	4249
686	1501
687	3074
688	389
689	4897
690	3097
691	2961
692	1000
693	4027
694	951
695	3470
696	4972
697	735
698	3825
699	1774
700	4638
701	3502
702	4441
703	2543
704	3450
705	4294
706	4165
707	2275
708	1107
709	195
710	317
711	2116
712	3681
713	4903
714	740
715	4633
716	2594
717	4585
718	875
719	3783
720	4084
721	4377
722	2282
723	1173
724	496
725	2737
726	2969
727	1840
728	3791
729	3912
730	2968
731	1611
732	1872
733	1134
734	2496
735	564
736	2958
737	2983
738	720
739	2140
740	2341
741	2443
742	4313
743	3889
744	3498
745	863
746	4629
747	3907
748	57
749	4797
750	3640
751	4631
752	1306
753	983
754	1877
755	4352
756	3505
757	3711
758	4131
759	3360
760	2719
761	3067
762	2761
763	4129
764	2255
765	4939
766	1404
767	3906
768	312
769	2866
770	2661
771	3089
772	4491
773	3393
774	3951
775	3291
776	1369
777	4365
778	2120
779	875
780	3059
781	2795
782	1051
783	3526
784	1285
785	4536
786	484
787	1232
788	3062
789	2825
790	4523
791	1372
792	3957
793	4938
794	4051
795	3484
796	382
797	2874
798	4602
799	1717
800	3972
801	132
802	490
803	3185
804	4022
805	2699
806	4773
807	3695
808	2786
809	4025
810	4260
811	2646
812	763
813	2984
814	1794
815	3580
816	1636
817	3007
818	1321
819	2211
820	2223
821	3292
822	4812
823	632
824	734
825	3844
826	775
827	236
828	2497
829	1698
830	2079
831	1458
832	3781
833	1501
834	1680
835	452
836	3261
837	2725
838	4470
839	4493
840	2136
841	431
842	3932
843	2351
844	4468
845	3313
846	4352
847	3058
848	2497
849	1053
850	3567
851	453
852	2548
853	2973
854	4229
855	917
856	2292
857	3975
858	2166
859	1611
860	1556
861	2461
862	1274
863	2050
864	259
865	2438
866	4410
867	1972
868	2124
869	2942
870	2486
871	833
872	665
873	4647
874	1410
875	2563
876	3879
877	4603
878	1956
879	1646
880	213
881	1198
882	2263
883	907
884	1057
885	1845
886	4461
887	3610
888	3755
889	1105
890	3389
891	2998
892	3728
893	76
894	290
895	2387
896	1372
897	970
898	3593
899	1470
900	3189
901	742
902	1884
903	853
904	848
905	2928
906	126
907	2801
908	299
909	3374
910	4341
911	3186
912	1407
913	3049
914	1055
915	210
916	4548
917	4081
918	4733
919	3410
920	4291
921	986
922	2962
923	1219
924	3662
925	3018
926	3059
927	4623
928	1922
929	3397
930	4103
931	4217
932	4328
933	4354
934	3738
935	1557
936	4596
937	4623
938	3602
939	2529
940	3023
941	776
942	2772
943	4336
944	882
945	1118
946	4989
947	4783
948	3335
949	1139
950	1002
951	534
952	4115
953	4998
954	3835
955	789
956	4792
957	2923
958	4536
959	2415
960	2163
961	3376
962	2344
963	4795
964	4680
965	3968
966	3069
967	441
968	3748
969	2543
970	2268
971	602
972	390
973	4159
974	4986
975	3172
976	2940
977	1759
978	983
979	681
980	1174
981	429
982	4739
983	2803
984	2436
985	415
986	399
987	997
988	4063
989	1280
990	4552
991	1023
992	4386
993	1132
994	4921
995	1944
996	2621
997	2193
998	722
999	2542
1000	4481
1001	4815
1002	3944
1003	729
1004	22
1005	4605
1006	35
1007	95
1008	4974
1009	2016
1010	4277
1011	1962
1012	1853
1013	3915
1014	3565
1015	4300
1016	2787
1017	4562
1018	1101
1019	3283
1020	263
1021	2492
1022	1987
1023	3549
1024	4277
1025	1924
1026	1184
1027	3452
1028	835
1029	2857
1030	3724
1031	373
1032	3989
1033	3715
1034	2968
1035	3894
1036	2699
1037	519
1038	4786
1039	2377
1040	454
1041	4501
1042	2204
1043	2549
1044	477
1045	3911
1046	2524
1047	760
1048	111
1049	263
1050	483
1051	3732
1052	571
1053	4150
1054	2096
1055	3562
1056	1896
1057	765
1058	4705
1059	4548
1060	3867
1061	2671
1062	255
1063	122
1064	156
1065	2600
1066	1681
1067	3740
1068	876
1069	1454
1070	1552
1071	768
1072	1363
1073	3574
1074	4816
1075	3810
1076	1128
1077	4272
1078	4867
1079	2219
1080	4457
1081	3707
1082	1702
1083	137
1084	1020
1085	1914
1086	3929
1087	1841
1088	1592
1089	3041
1090	4841
1091	2169
1092	4692
1093	4979
1094	3906
1095	194
1096	3910
1097	749
1098	881
1099	3793
1100	1251
1101	1113
1102	3645
1103	2027
1104	2081
1105	1051
1106	4096
1107	523
1108	1104
1109	825
1110	1729
1111	1244
1112	1785
1113	44
1114	3470
1115	1594
1116	4814
1117	3177
1118	3870
1119	3628
1120	3771
1121	4307
1122	3009
1123	2691
1124	89
1125	4488
1126	3790
1127	2887
1128	2857
1129	3331
1130	3532
1131	1114
1132	2127
1133	2853
1134	3579
1135	1196
1136	1317
1137	856
1138	4507
1139	3893
1140	663
1141	1306
1142	1302
1143	4295
1144	3146
1145	2704
1146	1720
1147	231
1148	2407
1149	2839
1150	4943
1151	1989
1152	1567
1153	1022
1154	1165
1155	1434
1156	599
1157	667
1158	3828
1159	4466
1160	1873
1161	4999
1162	3638
1163	350
1164	2891
1165	2211
1166	4167
1167	2416
1168	4621
1169	4812
1170	2943
1171	1110
1172	4941
1173	1635
1174	2651
1175	1064
1176	598
1177	4413
1178	604
1179	2082
1180	4829
1181	778
1182	658
1183	138
1184	4765
1185	4654
1186	1974
1187	2585
1188	1714
1189	1514
1190	883
1191	1222
1192	2625
1193	4717
1194	3374
1195	4336
1196	2569
1197	3375
1198	4010
1199	3900
1200	4359
1201	2234
1202	4839
1203	2299
1204	4324
1205	4294
1206	4165
1207	4946
1208	795
1209	912
1210	4376
1211	1485
1212	2405
1213	2687
1214	2731
1215	3787
1216	1350
1217	2791
1218	1276
1219	3857
1220	4611
1221	4283
1222	4454
1223	792
1224	4742
1225	2838
1226	248
1227	2907
1228	2294
1229	3678
1230	579
1231	2820
1232	1770
1233	3188
1234	1683
1235	3972
1236	2055
1237	4842
1238	3062
1239	2598
1240	4527
1241	919
1242	4576
1243	3370
1244	1342
1245	4914
1246	3291
1247	2661
1248	2918
1249	3034
1250	2503
1251	4012
1252	399
1253	1413
1254	3343
1255	804
1256	2235
1257	483
1258	4589
1259	4207
1260	4666
1261	2526
1262	2185
1263	4857
1264	4405
1265	2579
1266	17
1267	4145
1268	4628
1269	3510
1270	4837
1271	2469
1272	1958
1273	4654
1274	181
1275	4476
1276	4054
1277	2017
1278	1256
1279	1137
1280	4581
1281	1110
1282	3509
1283	2324
1284	2262
1285	1268
1286	4761
1287	919
1288	2419
1289	1393
1290	3868
1291	2153
1292	185
1293	2155
1294	1597
1295	1188
1296	1819
1297	2516
1298	2717
1299	580
1300	2944
1301	874
1302	818
1303	3928
1304	180
1305	645
1306	121
1307	2426
1308	2741
1309	1891
1310	2034
1311	611
1312	2751
1313	101
1314	4695
1315	4662
1316	3440
1317	948
1318	4307
1319	3354
1320	2816
1321	4727
1322	4057
1323	811
1324	1655
1325	4114
1326	997
1327	3700
1328	905
1329	575
1330	2163
1331	3050
1332	4380
1333	620
1334	550
1335	298
1336	2738
1337	3817
1338	4807
1339	4329
1340	3347
1341	2608
1342	4998
1343	3472
1344	763
1345	1824
1346	3114
1347	4338
1348	2316
1349	4533
1350	3325
1351	179
1352	1398
1353	245
1354	3658
1355	1567
1356	2304
1357	1093
1358	2553
1359	3309
1360	2470
1361	1867
1362	1283
1363	2028
1364	2027
1365	3579
1366	3802
1367	17
1368	3037
1369	3847
1370	33
1371	3292
1372	4493
1373	1859
1374	1918
1375	906
1376	4404
1377	3224
1378	4673
1379	1146
1380	1077
1381	4808
1382	1297
1383	3409
1384	1550
1385	4764
1386	2488
1387	1927
1388	1231
1389	914
1390	2236
1391	3875
1392	3612
1393	83
1394	2464
1395	1346
1396	4161
1397	2940
1398	1445
1399	3479
1400	339
1401	2705
1402	1489
1403	397
1404	3446
1405	974
1406	2405
1407	3299
1408	3622
1409	148
1410	4905
1411	779
1412	1564
1413	1963
1414	846
1415	3570
1416	4306
1417	1419
1418	1601
1419	1093
1420	3747
1421	814
1422	2994
1423	1402
1424	4500
1425	1292
1426	1863
1427	991
1428	4397
1429	3447
1430	4144
1431	7
1432	4498
1433	1605
1434	4350
1435	3327
1436	4555
1437	788
1438	2787
1439	791
1440	1262
1441	4346
1442	1893
1443	4350
1444	530
1445	4513
1446	750
1447	2496
1448	2125
1449	1736
1450	4299
1451	3922
1452	1887
1453	532
1454	2796
1455	3964
1456	3001
1457	4630
1458	4993
1459	1765
1460	1410
1461	4598
1462	4663
1463	3967
1464	4950
1465	2508
1466	2083
1467	1803
1468	561
1469	1144
1470	1820
1471	3009
1472	1346
1473	1069
1474	3438
1475	4682
1476	1182
1477	1436
1478	2094
1479	2937
1480	288
1481	1896
1482	4437
1483	3724
1484	2903
1485	382
1486	3874
1487	710
1488	3119
1489	2997
1490	1320
1491	1633
1492	788
1493	2914
1494	2855
1495	2706
1496	94
1497	4040
1498	4504
1499	4225
1500	651
1501	4088
1502	471
1503	3297
1504	988
1505	4714
1506	823
1507	982
1508	2703
1509	2718
1510	2948
1511	4889
1512	1427
1513	835
1514	1414
1515	4655
1516	825
1517	890
1518	3782
1519	643
1520	4323
1521	597
1522	1529
1523	4414
1524	3843
1525	201
1526	523
1527	4505
1528	1099
1529	1132
1530	3575
1531	3100
1532	4191
1533	3566
1534	4628
1535	3929
1536	3911
1537	3288
1538	3231
1539	674
1540	2481
1541	2566
1542	4895
1543	1852
1544	310
1545	3513
1546	396
1547	1038
1548	530
1549	640
1550	3495
1551	896
1552	3440
1553	3154
1554	4863
1555	785
1556	1407
1557	1178
1558	1481
1559	656
1560	4581
1561	4237
1562	4956
1563	689
1564	4871
1565	2649
1566	4587
1567	1919
1568	3361
1569	2515
1570	4909
1571	4884
1572	1806
1573	276
1574	800
1575	2766
1576	1822
1577	1485
1578	449
1579	4000
1580	31
1581	4295
1582	4297
1583	4256
1584	3641
1585	1227
1586	2321
1587	3754
1588	542
1589	1432
1590	3417
1591	1242
1592	1079
1593	1993
1594	1336
1595	3625
1596	4678
1597	3669
1598	1259
1599	4058
1600	3661
1601	3290
1602	2700
1603	1041
1604	1752
1605	2861
1606	4225
1607	4940
1608	3280
1609	567
1610	2119
1611	3961
1612	2633
1613	3160
1614	4715
1615	2725
1616	1522
1617	160
1618	4233
1619	3124
1620	2520
1621	3633
1622	1026
1623	4932
1624	1769
1625	1811
1626	822
1627	1960
1628	696
1629	3829
1630	3362
1631	3115
1632	2877
1633	3396
1634	144
1635	1164
1636	3468
1637	68
1638	3890
1639	3610
1640	4524
1641	2109
1642	3193
1643	585
1644	1205
1645	229
1646	4408
1647	1285
1648	4342
1649	222
1650	4848
1651	3631
1652	1122
1653	2917
1654	1566
1655	3050
1656	4437
1657	1150
1658	2014
1659	1817
1660	2898
1661	1993
1662	3141
1663	2649
1664	1595
1665	3449
1666	3518
1667	4886
1668	2100
1669	937
1670	1608
1671	2943
1672	1143
1673	4381
1674	3589
1675	4547
1676	3096
1677	783
1678	1663
1679	585
1680	724
1681	1157
1682	2595
1683	2247
1684	2554
1685	669
1686	819
1687	454
1688	4755
1689	2858
1690	300
1691	2422
1692	4435
1693	1079
1694	3894
1695	1502
1696	2860
1697	847
1698	1561
1699	2393
1700	4238
1701	2533
1702	2002
1703	443
1704	481
1705	1371
1706	1231
1707	1766
1708	4010
1709	1189
1710	735
1711	4675
1712	659
1713	3862
1714	4276
1715	3928
1716	4000
1717	3616
1718	1203
1719	3306
1720	1777
1721	2311
1722	2557
1723	2326
1724	4837
1725	4767
1726	4150
1727	2658
1728	883
1729	4951
1730	4698
1731	4046
1732	356
1733	1277
1734	4162
1735	4742
1736	235
1737	2729
1738	2093
1739	594
1740	3571
1741	521
1742	3068
1743	3861
1744	4440
1745	137
1746	601
1747	2364
1748	4945
1749	3778
1750	1519
1751	1162
1752	4759
1753	4687
1754	4703
1755	341
1756	3876
1757	3474
1758	870
1759	3568
1760	4494
1761	4065
1762	1586
1763	4298
1764	2384
1765	1214
1766	2279
1767	82
1768	2155
1769	3386
1770	3016
1771	2195
1772	2388
1773	2719
1774	3673
1775	4907
1776	1488
1777	4717
1778	4874
1779	49
1780	2515
1781	2206
1782	3694
1783	1633
1784	328
1785	4300
1786	4553
1787	499
1788	4145
1789	2867
1790	698
1791	533
1792	1504
1793	3703
1794	4909
1795	2708
1796	3096
1797	4113
1798	4348
1799	922
1800	1083
1801	2334
1802	3204
1803	3891
1804	1332
1805	209
1806	830
1807	4155
1808	80
1809	2042
1810	4157
1811	3614
1812	2191
1813	2612
1814	242
1815	459
1816	4567
1817	3603
1818	572
1819	4635
1820	3713
1821	906
1822	3447
1823	1740
1824	2018
1825	549
1826	3191
1827	1825
1828	2422
1829	1391
1830	4768
1831	3069
1832	88
1833	2111
1834	2503
1835	27
1836	3082
1837	1636
1838	319
1839	1398
1840	4873
1841	4869
1842	2083
1843	2519
1844	229
1845	4916
1846	2813
1847	646
1848	311
1849	1072
1850	1375
1851	437
1852	1202
1853	3933
1854	1734
1855	1879
1856	4667
1857	2520
1858	887
1859	3043
1860	1798
1861	3214
1862	117
1863	1416
1864	4630
1865	3392
1866	576
1867	3094
1868	4424
1869	2726
1870	3250
1871	1464
1872	3824
1873	2023
1874	3932
1875	2326
1876	1877
1877	2327
1878	170
1879	2608
1880	3139
1881	1830
1882	4625
1883	3225
1884	2445
1885	3456
1886	3078
1887	3072
1888	942
1889	1305
1890	3155
1891	2240
1892	4840
1893	1173
1894	4143
1895	513
1896	4882
1897	2566
1898	672
1899	3304
1900	4371
1901	2549
1902	34
1903	2873
1904	1916
1905	3896
1906	4758
1907	416
1908	1918
1909	693
1910	3991
1911	4402
1912	1267
1913	2070
1914	2783
1915	127
1916	1826
1917	170
1918	4469
1919	4174
1920	880
1921	1573
1922	457
1923	4721
1924	4420
1925	999
1926	4568
1927	2491
1928	832
1929	715
1930	3169
1931	2132
1932	1769
1933	162
1934	4480
1935	1718
1936	40
1937	4480
1938	482
1939	540
1940	1305
1941	3480
1942	4590
1943	4274
1944	3827
1945	3636
1946	741
1947	4926
1948	3531
1949	4621
1950	1705
1951	1067
1952	1099
1953	3431
1954	2358
1955	4762
1956	4977
1957	4805
1958	1370
1959	3271
1960	4382
1961	2684
1962	4573
1963	3942
1964	3529
1965	1200
1966	2165
1967	1902
1968	1605
1969	164
1970	2873
1971	389
1972	3419
1973	3128
1974	1639
1975	2647
1976	1816
1977	4613
1978	1984
1979	493
1980	2929
1981	2431
1982	3683
1983	560
1984	2327
1985	3828
1986	169
1987	3139
1988	4109
1989	2214
1990	230
1991	776
1992	3858
1993	1191
1994	222
1995	2780
1996	1990
1997	2489
1998	578
1999	3867
2000	4913
2001	4924
2002	914
2003	1084
2004	1980
2005	4403
2006	4984
2007	1419
2008	2949
2009	380
2010	4196
2011	2410
2012	4017
2013	2530
2014	1080
2015	139
2016	2055
2017	2938
2018	165
2019	4659
2020	63
2021	3755
2022	3249
2023	856
2024	674
2025	128
2026	4854
2027	192
2028	421
2029	4770
2030	4627
2031	3015
2032	1995
2033	2807
2034	3687
2035	2482
2036	3368
2037	2915
2038	4614
2039	1254
2040	3261
2041	3636
2042	4418
2043	4619
2044	3657
2045	3697
2046	1550
2047	2349
2048	1177
2049	2464
2050	1366
2051	1186
2052	932
2053	4639
2054	2510
2055	855
2056	1798
2057	3607
2058	3974
2059	4977
2060	1590
2061	4594
2062	4167
2063	1312
2064	4331
2065	4967
2066	2891
2067	3852
2068	425
2069	3401
2070	3046
2071	4925
2072	3638
2073	3982
2074	3174
2075	650
2076	434
2077	2879
2078	1709
2079	4985
2080	3143
2081	1190
2082	4423
2083	2240
2084	4056
2085	1316
2086	3149
2087	2262
2088	3700
2089	3574
2090	617
2091	4075
2092	2783
2093	2462
2094	3475
2095	3239
2096	1524
2097	3153
2098	143
2099	916
2100	2266
2101	1722
2102	2911
2103	4019
2104	151
2105	4042
2106	472
2107	3898
2108	710
2109	401
2110	2493
2111	784
2112	4366
2113	1185
2114	4453
2115	1086
2116	2612
2117	1368
2118	4694
2119	277
2120	1557
2121	4316
2122	2401
2123	138
2124	2498
2125	1809
2126	324
2127	3791
2128	2388
2129	2679
2130	387
2131	2582
2132	647
2133	209
2134	3840
2135	1626
2136	3026
2137	978
2138	4102
2139	3363
2140	595
2141	4644
2142	1568
2143	1922
2144	4229
2145	3902
2146	1223
2147	1436
2148	2318
2149	4795
2150	1665
2151	416
2152	1599
2153	3859
2154	1976
2155	2343
2156	1395
2157	2446
2158	1294
2159	842
2160	3417
2161	2720
2162	2635
2163	461
2164	1527
2165	1747
2166	4415
2167	3332
2168	252
2169	61
2170	3727
2171	1363
2172	2456
2173	1006
2174	3521
2175	930
2176	1748
2177	249
2178	142
2179	1920
2180	2051
2181	1717
2182	4219
2183	1834
2184	3625
2185	3559
2186	4012
2187	3230
2188	3790
2189	1994
2190	420
2191	2394
2192	3156
2193	290
2194	3046
2195	4673
2196	2531
2197	1845
2198	2241
2199	4471
2200	2140
2201	1942
2202	112
2203	3938
2204	4121
2205	2313
2206	3689
2207	2276
2208	630
2209	3342
2210	3362
2211	4485
2212	4774
2213	2741
2214	3273
2215	2666
2216	1422
2217	3751
2218	4831
2219	4605
2220	4228
2221	2205
2222	4236
2223	2945
2224	4599
2225	3151
2226	3263
2227	4980
2228	3486
2229	142
2230	3785
2231	3033
2232	3335
2233	2052
2234	3551
2235	3390
2236	2036
2237	2753
2238	3510
2239	2652
2240	4424
2241	1757
2242	1656
2243	1839
2244	623
2245	3300
2246	4956
2247	330
2248	4930
2249	766
2250	1256
2251	3977
2252	757
2253	3218
2254	33
2255	1724
2256	1307
2257	4828
2258	1247
2259	1479
2260	2362
2261	1948
2262	2703
2263	3163
2264	2674
2265	699
2266	4645
2267	2063
2268	1330
2269	3416
2270	3722
2271	3706
2272	1452
2273	2734
2274	3172
2275	3519
2276	3669
2277	729
2278	2009
2279	668
2280	4661
2281	815
2282	4648
2283	1886
2284	1158
2285	4465
2286	4219
2287	2983
2288	2862
2289	2073
2290	4555
2291	2644
2292	2732
2293	99
2294	3385
2295	793
2296	1802
2297	541
2298	4694
2299	2348
2300	2062
2301	1106
2302	1701
2303	2606
2304	3467
2305	2123
2306	2251
2307	772
2308	186
2309	4936
2310	1821
2311	4788
2312	1035
2313	3406
2314	1507
2315	2167
2316	773
2317	4444
2318	1902
2319	4002
2320	3299
2321	1293
2322	107
2323	3040
2324	671
2325	4265
2326	1284
2327	4898
2328	4127
2329	1838
2330	1433
2331	4765
2332	430
2333	3472
2334	1392
2335	1028
2336	1080
2337	3240
2338	2761
2339	4747
2340	2442
2341	666
2342	2409
2343	2310
2344	890
2345	1272
2346	1548
2347	2092
2348	4689
2349	2594
2350	3170
2351	3687
2352	4094
2353	972
2354	3386
2355	1012
2356	3883
2357	29
2358	3963
2359	4799
2360	702
2361	3409
2362	4874
2363	2151
2364	3726
2365	554
2366	4452
2367	1162
2368	1196
2369	4806
2370	1495
2371	4053
2372	657
2373	1243
2374	3070
2375	3676
2376	3955
2377	116
2378	156
2379	1562
2380	294
2381	3487
2382	4268
2383	2525
2384	3575
2385	2292
2386	4465
2387	344
2388	2669
2389	1155
2390	3371
2391	3809
2392	2095
2393	459
2394	4620
2395	1548
2396	1601
2397	1824
2398	3426
2399	110
2400	3280
2401	2076
2402	2702
2403	1489
2404	561
2405	298
2406	4824
2407	468
2408	4386
2409	37
2410	3922
2411	3203
2412	1096
2413	2822
2414	3135
2415	1236
2416	428
2417	153
2418	1603
2419	3488
2420	4876
2421	2199
2422	4904
2423	2756
2424	968
2425	2974
2426	1906
2427	4039
2428	1211
2429	4302
2430	3843
2431	11
2432	3081
2433	846
2434	1032
2435	182
2436	723
2437	24
2438	1537
2439	4793
2440	1660
2441	2832
2442	2052
2443	3678
2444	4157
2445	1178
2446	4826
2447	3986
2448	2198
2449	3909
2450	3639
2451	4842
2452	1513
2453	862
2454	529
2455	293
2456	408
2457	3787
2458	1424
2459	2817
2460	461
2461	4785
2462	4226
2463	4078
2464	4039
2465	4515
2466	762
2467	2175
2468	1728
2469	4913
2470	2323
2471	4715
2472	1301
2473	4939
2474	1526
2475	4729
2476	2926
2477	4180
2478	353
2479	1521
2480	2165
2481	2834
2482	1393
2483	2618
2484	994
2485	2219
2486	1983
2487	1802
2488	745
2489	1861
2490	4144
2491	3820
2492	63
2493	3004
2494	3683
2495	1091
2496	587
2497	814
2498	318
2499	1733
2500	3567
2501	3952
2502	452
2503	721
2504	1773
2505	99
2506	45
2507	346
2508	4976
2509	1254
2510	1713
2511	3277
2512	1961
2513	992
2514	4452
2515	2988
2516	4238
2517	917
2518	40
2519	2722
2520	1765
2521	1603
2522	2383
2523	3084
2524	3040
2525	4947
2526	357
2527	1048
2528	3354
2529	3000
2530	1014
2531	2841
2532	3014
2533	4308
2534	3371
2535	1116
2536	1693
2537	4280
2538	2932
2539	1730
2540	2946
2541	2656
2542	2519
2543	172
2544	2176
2545	3980
2546	1456
2547	4714
2548	237
2549	931
2550	4038
2551	4741
2552	869
2553	3718
2554	3624
2555	1618
2556	171
2557	2412
2558	933
2559	2652
2560	2015
2561	4472
2562	957
2563	2561
2564	1496
2565	3353
2566	1947
2567	940
2568	2070
2569	4348
2570	2467
2571	3089
2572	4159
2573	1749
2574	4234
2575	2347
2576	3970
2577	2491
2578	3916
2579	2254
2580	4031
2581	1495
2582	1320
2583	120
2584	774
2585	3477
2586	198
2587	2565
2588	4940
2589	2663
2590	3411
2591	95
2592	4686
2593	4832
2594	4433
2595	2220
2596	3508
2597	1107
2598	489
2599	2545
2600	1991
2601	3514
2602	1337
2603	1448
2604	897
2605	28
2606	4564
2607	2189
2608	3584
2609	3438
2610	1056
2611	163
2612	3730
2613	4199
2614	2220
2615	3881
2616	3935
2617	3019
2618	687
2619	3612
2620	1406
2621	1052
2622	1043
2623	3318
2624	3042
2625	1323
2626	3432
2627	1620
2628	4133
2629	2290
2630	4816
2631	704
2632	4718
2633	3539
2634	3971
2635	2853
2636	376
2637	3697
2638	989
2639	3414
2640	4995
2641	1708
2642	3127
2643	3296
2644	3093
2645	2578
2646	3372
2647	998
2648	3954
2649	4685
2650	1887
2651	2221
2652	4082
2653	652
2654	3081
2655	1811
2656	861
2657	3530
2658	4112
2659	1383
2660	1087
2661	1632
2662	3827
2663	478
2664	1952
2665	3603
2666	2152
2667	2257
2668	2371
2669	4603
2670	3344
2671	348
2672	64
2673	2811
2674	4783
2675	4288
2676	1283
2677	2404
2678	2590
2679	1209
2680	3913
2681	4002
2682	2432
2683	933
2684	4526
2685	2263
2686	4179
2687	2637
2688	2200
2689	2261
2690	4204
2691	4746
2692	1531
2693	2296
2694	2548
2695	2029
2696	3558
2697	1376
2698	2639
2699	3026
2700	4784
2701	1905
2702	4775
2703	4409
2704	3308
2705	2321
2706	4223
2707	3580
2708	4243
2709	3257
2710	2363
2711	4041
2712	1862
2713	728
2714	4504
2715	4271
2716	958
2717	2457
2718	2675
2719	4515
2720	1908
2721	1277
2722	1428
2723	4256
2724	2756
2725	653
2726	2393
2727	4831
2728	1517
2729	3244
2730	2963
2731	1677
2732	2192
2733	3917
2734	4512
2735	4776
2736	3326
2737	675
2738	3640
2739	2346
2740	1395
2741	934
2742	210
2743	775
2744	952
2745	4472
2746	3866
2747	2982
2748	3404
2749	4972
2750	3802
2751	3018
2752	2488
2753	4001
2754	614
2755	4509
2756	1755
2757	1059
2758	624
2759	1804
2760	3690
2761	3113
2762	4035
2763	376
2764	3726
2765	1076
2766	4684
2767	2279
2768	2499
2769	3517
2770	2312
2771	3145
2772	2544
2773	4897
2774	86
2775	4949
2776	1795
2777	3710
2778	2329
2779	2478
2780	3149
2781	813
2782	2954
2783	902
2784	3558
2785	2184
2786	1272
2787	2759
2788	3978
2789	1827
2790	2015
2791	2994
2792	1809
2793	2366
2794	1244
2795	805
2796	3754
2797	1825
2798	516
2799	4420
2800	1679
2801	4645
2802	284
2803	4410
2804	966
2805	4587
2806	2377
2807	4455
2808	2892
2809	3578
2810	159
2811	713
2812	3559
2813	295
2814	2449
2815	4064
2816	810
2817	3180
2818	2687
2819	2866
2820	3848
2821	3207
2822	2739
2823	1464
2824	4458
2825	2062
2826	3847
2827	3282
2828	2618
2829	1744
2830	2106
2831	3806
2832	4516
2833	1017
2834	365
2835	414
2836	1789
2837	2481
2838	351
2839	439
2840	771
2841	3411
2842	2623
2843	899
2844	528
2845	59
2846	4286
2847	1708
2848	1735
2849	48
2850	1571
2851	2177
2852	3629
2853	2193
2854	828
2855	3198
2856	1498
2857	904
2858	553
2859	1333
2860	160
2861	2185
2862	3028
2863	2295
2864	1940
2865	4186
2866	1000
2867	633
2868	2664
2869	2196
2870	4864
2871	2200
2872	3377
2873	2514
2874	24
2875	1389
2876	4334
2877	2438
2878	4182
2879	2647
2880	1679
2881	4059
2882	4314
2883	2403
2884	1767
2885	873
2886	996
2887	829
2888	967
2889	4272
2890	2372
2891	4713
2892	574
2893	2819
2894	3822
2895	4412
2896	659
2897	3841
2898	4626
2899	623
2900	3413
2901	463
2902	1843
2903	1487
2904	3237
2905	562
2906	397
2907	418
2908	3758
2909	1853
2910	3525
2911	2367
2912	183
2913	606
2914	1869
2915	3760
2916	2275
2917	1455
2918	1480
2919	132
2920	1634
2921	2620
2922	2872
2923	3332
2924	3471
2925	2552
2926	2130
2927	1958
2928	3142
2929	3211
2930	951
2931	2474
2932	296
2933	521
2934	1837
2935	4026
2936	3602
2937	406
2938	676
2939	492
2940	420
2941	2001
2942	4027
2943	2663
2944	930
2945	2625
2946	4572
2947	984
2948	2993
2949	2012
2950	246
2951	4843
2952	4636
2953	2895
2954	661
2955	792
2956	1694
2957	4638
2958	2336
2959	3708
2960	4760
2961	1194
2962	4330
2963	4782
2964	3428
2965	1269
2966	3916
2967	3061
2968	330
2969	3618
2970	2628
2971	4441
2972	214
2973	4856
2974	3991
2975	514
2976	1412
2977	3718
2978	4686
2979	2187
2980	4445
2981	2804
2982	872
2983	4478
2984	2426
2985	62
2986	1408
2987	1643
2988	2831
2989	1975
2990	3606
2991	4784
2992	3441
2993	3993
2994	838
2995	4779
2996	2559
2997	4637
2998	3106
2999	1797
3000	1457
3001	1204
3002	4935
3003	892
3004	1177
3005	4257
3006	4168
3007	922
3008	2642
3009	716
3010	28
3011	1885
3012	4881
3013	4009
3014	1957
3015	2852
3016	2979
3017	3881
3018	2991
3019	3857
3020	4780
3021	3948
3022	838
3023	3192
3024	804
3025	2715
3026	4076
3027	1683
3028	4876
3029	2126
3030	435
3031	2242
3032	105
3033	3276
3034	4104
3035	2036
3036	262
3037	2066
3038	1012
3039	3783
3040	1542
3041	1927
3042	3395
3043	707
3044	2060
3045	3946
3046	516
3047	468
3048	4426
3049	13
3050	3487
3051	226
3052	4914
3053	4003
3054	451
3055	1911
3056	469
3057	1471
3058	4086
3059	16
3060	2847
3061	1524
3062	4558
3063	2580
3064	3895
3065	457
3066	3418
3067	1613
3068	1308
3069	384
3070	4502
3071	1298
3072	2402
3073	2830
3074	3434
3075	790
3076	2828
3077	32
3078	1857
3079	1389
3080	4403
3081	4160
3082	1627
3083	1707
3084	3145
3085	2633
3086	1512
3087	4815
3088	241
3089	3984
3090	4014
3091	4725
3092	3693
3093	2886
3094	3478
3095	4230
3096	1566
3097	356
3098	4133
3099	3797
3100	4374
3101	2103
3102	1665
3103	2164
3104	2354
3105	3255
3106	4643
3107	1455
3108	60
3109	378
3110	4656
3111	3507
3112	3778
3113	1463
3114	3613
3115	1123
3116	2539
3117	565
3118	4952
3119	78
3120	3609
3121	3923
3122	2842
3123	124
3124	4512
3125	3608
3126	3363
3127	3914
3128	894
3129	2657
3130	1793
3131	4734
3132	582
3133	6
3134	355
3135	4968
3136	1528
3137	2620
3138	2387
3139	1689
3140	1029
3141	2477
3142	3400
3143	4942
3144	4598
3145	4791
3146	485
3147	3863
3148	961
3149	600
3150	4749
3151	4968
3152	1831
3153	1373
3154	2512
3155	1936
3156	96
3157	1327
3158	1394
3159	3707
3160	2502
3161	546
3162	1480
3163	1739
3164	1593
3165	195
3166	4983
3167	2763
3168	2447
3169	2392
3170	773
3171	2856
3172	4698
3173	20
3174	4610
3175	3265
3176	1433
3177	4869
3178	3614
3179	2958
3180	4385
3181	1181
3182	4677
3183	557
3184	7
3185	2695
3186	4399
3187	3351
3188	1136
3189	1772
3190	736
3191	2137
3192	577
3193	379
3194	3346
3195	3568
3196	3213
3197	3856
3198	1164
3199	4332
3200	3144
3201	428
3202	4511
3203	3830
3204	289
3205	657
3206	4813
3207	4339
3208	2186
3209	1923
3210	3956
3211	1075
3212	2635
3213	4838
3214	3516
3215	4143
3216	1640
3217	3976
3218	395
3219	283
3220	1709
3221	4113
3222	4803
3223	1190
3224	535
3225	2032
3226	1926
3227	4969
3228	4358
3229	2735
3230	3030
3231	714
3232	2146
3233	1612
3234	1518
3235	346
3236	421
3237	1239
3238	3387
3239	490
3240	3023
3241	1067
3242	2825
3243	2331
3244	3661
3245	4627
3246	1749
3247	3159
3248	4571
3249	71
3250	4879
3251	4084
3252	1021
3253	4033
3254	4606
3255	4902
3256	275
3257	3024
3258	2046
3259	535
3260	3522
3261	4252
3262	1335
3263	4606
3264	3983
3265	4770
3266	3711
3267	1058
3268	4032
3269	3769
3270	2587
3271	3504
3272	3305
3273	1727
3274	3947
3275	4789
3276	4397
3277	2726
3278	53
3279	3258
3280	4323
3281	1610
3282	3635
3283	2246
3284	4851
3285	1861
3286	2832
3287	3599
3288	4797
3289	734
3290	572
3291	712
3292	4889
3293	2882
3294	1364
3295	1263
3296	3825
3297	1384
3298	3960
3299	3269
3300	1008
3301	237
3302	3659
3303	2103
3304	1699
3305	4106
3306	2574
3307	101
3308	3743
3309	2682
3310	284
3311	4116
3312	2255
3313	4071
3314	2574
3315	1547
3316	1623
3317	1832
3318	4920
3319	4463
3320	1920
3321	721
3322	2127
3323	2276
3324	4347
3325	182
3326	1733
3327	2142
3328	2033
3329	4109
3330	3328
3331	2329
3332	3846
3333	2203
3334	1766
3335	1052
3336	1835
3337	4009
3338	4625
3339	925
3340	893
3341	1488
3342	3370
3343	3898
3344	3751
3345	2098
3346	1266
3347	3176
3348	4632
3349	2142
3350	1748
3351	1998
3352	504
3353	1892
3354	1815
3355	2460
3356	1206
3357	2571
3358	1656
3359	4994
3360	4873
3361	3276
3362	404
3363	4846
3364	2439
3365	1359
3366	1637
3367	1959
3368	381
3369	1490
3370	4387
3371	540
3372	4390
3373	791
3374	3583
3375	83
3376	857
3377	467
3378	2758
3379	3875
3380	2
3381	1359
3382	1037
3383	4474
3384	3391
3385	4910
3386	105
3387	4052
3388	3560
3389	2218
3390	2217
3391	3863
3392	492
3393	4197
3394	4047
3395	3986
3396	2304
3397	1912
3398	2037
3399	3701
3400	190
3401	2081
3402	134
3403	1953
3404	4884
3405	1558
3406	2203
3407	981
3408	1478
3409	3051
3410	1494
3411	1016
3412	3012
3413	1551
3414	259
3415	4702
3416	3511
3417	3262
3418	1795
3419	3849
3420	1583
3421	926
3422	4901
3423	2826
3424	3899
3425	2166
3426	2603
3427	3368
3428	1652
3429	4532
3430	3869
3431	1945
3432	1944
3433	1082
3434	1271
3435	4750
3436	3381
3437	2472
3438	3174
3439	1382
3440	3943
3441	4215
3442	554
3443	4832
3444	3992
3445	110
3446	2714
3447	937
3448	258
3449	4417
3450	4851
3451	954
3452	1546
3453	2386
3454	4268
3455	1924
3456	1050
3457	2221
3458	1901
3459	135
3460	1509
3461	4814
3462	4937
3463	4321
3464	1049
3465	649
3466	1382
3467	3814
3468	4526
3469	885
3470	777
3471	2731
3472	134
3473	4888
3474	2006
3475	3041
3476	4556
3477	3622
3478	1736
3479	4298
3480	3312
3481	4059
3482	4481
3483	2080
3484	2170
3485	938
3486	4521
3487	211
3488	3237
3489	4341
3490	4049
3491	3491
3492	3752
3493	3120
3494	1801
3495	542
3496	683
3497	2430
3498	1194
3499	2307
3500	1261
3501	1348
3502	282
3503	1289
3504	418
3505	2675
3506	1084
3507	1153
3508	2888
3509	2823
3510	2790
3511	1635
3512	4680
3513	2706
3514	3733
3515	1010
3516	4055
3517	326
3518	437
3519	972
3520	1028
3521	1507
3522	1392
3523	3865
3524	3522
3525	3451
3526	3057
3527	1024
3528	918
3529	4720
3530	2066
3531	705
3532	4274
3533	3142
3534	2187
3535	990
3536	4191
3537	3455
3538	3494
3539	4948
3540	3934
3541	4993
3542	2075
3543	4071
3544	3078
3545	498
3546	1560
3547	242
3548	3107
3549	4085
3550	3253
3551	1243
3552	849
3553	3539
3554	1618
3555	2805
3556	4941
3557	2289
3558	2555
3559	1973
3560	1932
3561	4849
3562	1428
3563	244
3564	4931
3565	3403
3566	862
3567	212
3568	1760
3569	1509
3570	2332
3571	1917
3572	2678
3573	4649
3574	1336
3575	3334
3576	1554
3577	3233
3578	2617
3579	910
3580	4931
3581	2342
3582	4200
3583	2896
3584	2547
3585	2585
3586	3549
3587	665
3588	4565
3589	2735
3590	1049
3591	2110
3592	4381
3593	3334
3594	2859
3595	2709
3596	2693
3597	2033
3598	1460
3599	3365
3600	3536
3601	1880
3602	1520
3603	952
3604	1024
3605	1602
3606	1097
3607	558
3608	4340
3609	527
3610	4976
3611	1837
3612	1911
3613	1498
3614	89
3615	3601
3616	714
3617	3449
3618	3748
3619	289
3620	1411
3621	2124
3622	4391
3623	246
3624	2446
3625	3856
3626	391
3627	4276
3628	3723
3629	1553
3630	1468
3631	786
3632	4136
3633	1921
3634	544
3635	739
3636	901
3637	205
3638	3901
3639	2116
3640	1756
3641	3829
3642	2697
3643	1742
3644	3764
3645	3168
3646	1620
3647	4696
3648	3792
3649	1685
3650	4602
3651	3157
3652	2339
3653	1964
3654	2989
3655	3981
3656	768
3657	769
3658	4728
3659	4856
3660	3872
3661	1323
3662	411
3663	102
3664	3848
3665	3709
3666	2997
3667	770
3668	1371
3669	2454
3670	4585
3671	2615
3672	217
3673	305
3674	3084
3675	2591
3676	3771
3677	3270
3678	2414
3679	4435
3680	2744
3681	1616
3682	255
3683	3701
3684	1715
3685	1426
3686	2105
3687	4177
3688	4709
3689	3743
3690	3957
3691	3439
3692	1313
3693	4108
3694	4915
3695	1546
3696	3998
3697	1128
3698	8
3699	2660
3700	2737
3701	1102
3702	939
3703	1790
3704	4881
3705	3168
3706	755
3707	953
3708	4622
3709	3551
3710	292
3711	2205
3712	2909
3713	3810
3714	1376
3715	2007
3716	2462
3717	1976
3718	2846
3719	3860
3720	3221
3721	3143
3722	3664
3723	126
3724	4845
3725	2040
3726	1187
3727	3331
3728	1252
3729	3375
3730	2720
3731	2190
3732	3355
3733	2721
3734	2134
3735	4769
3736	2915
3737	4115
3738	2084
3739	2065
3740	3010
3741	2312
3742	4867
3743	2573
3744	2468
3745	2658
3746	4193
3747	1390
3748	861
3749	3600
3750	1607
3751	1420
3752	3175
3753	1568
3754	136
3755	1225
3756	1738
3757	553
3758	400
3759	1728
3760	3613
3761	1859
3762	3958
3763	1060
3764	1810
3765	3779
3766	2971
3767	4820
3768	3132
3769	4562
3770	1504
3771	850
3772	1645
3773	2988
3774	4013
3775	2861
3776	4254
3777	1124
3778	680
3779	4763
3780	2406
3781	1364
3782	577
3783	3154
3784	1316
3785	3367
3786	4389
3787	3272
3788	4887
3789	879
3790	4708
3791	4716
3792	247
3793	667
3794	3259
3795	3544
3796	3604
3797	3013
3798	2046
3799	2911
3800	3313
3801	4748
3802	3283
3803	4836
3804	3832
3805	1767
3806	4952
3807	3137
3808	852
3809	1149
3810	4149
3811	1379
3812	3257
3813	4062
3814	1111
3815	3844
3816	1472
3817	586
3818	3708
3819	4395
3820	2069
3821	3982
3822	1146
3823	3642
3824	1960
3825	1163
3826	4429
3827	4905
3828	2805
3829	3839
3830	3835
3831	4292
3832	4011
3833	4197
3834	607
3835	4649
3836	233
3837	1013
3838	4761
3839	3561
3840	2135
3841	1763
3842	1807
3843	3137
3844	4135
3845	2123
3846	4728
3847	2432
3848	4092
3849	1939
3850	4644
3851	1829
3852	1154
3853	1457
3854	1094
3855	706
3856	4793
3857	4535
3858	3995
3859	3888
3860	889
3861	3885
3862	512
3863	879
3864	1479
3865	2721
3866	2823
3867	627
3868	1203
3869	1115
3870	139
3871	4178
3872	3330
3873	4789
3874	889
3875	2243
3876	206
3877	1163
3878	1454
3879	2757
3880	113
3881	1629
3882	96
3883	4647
3884	1670
3885	4764
3886	1589
3887	1933
3888	1282
3889	2407
3890	4857
3891	2932
3892	1213
3893	2751
3894	372
3895	2610
3896	2277
3897	1356
3898	885
3899	3956
3900	4202
3901	407
3902	3712
3903	850
3904	1383
3905	2581
3906	104
3907	3425
3908	4340
3909	3066
3910	1328
3911	448
3912	307
3913	915
3914	851
3915	3756
3916	3733
3917	1317
3918	118
3919	4778
3920	1857
3921	80
3922	2642
3923	644
3924	435
3925	3456
3926	2986
3927	180
3928	786
3929	3842
3930	477
3931	4648
3932	1847
3933	165
3934	643
3935	4758
3936	517
3937	700
3938	1869
3939	173
3940	4619
3941	4065
3942	1810
3943	2680
3944	947
3945	2975
3946	1746
3947	4030
3948	1575
3949	3465
3950	4505
3951	2920
3952	2912
3953	3171
3954	1788
3955	115
3956	4461
3957	3075
3958	1812
3959	3437
3960	4580
3961	1396
3962	122
3963	2234
3964	2536
3965	4653
3966	4353
3967	1365
3968	1239
3969	2617
3970	2490
3971	2871
3972	1771
3973	4111
3974	1520
3975	423
3976	3138
3977	628
3978	4588
3979	4110
3980	4759
3981	4249
3982	4155
3983	1227
3984	4639
3985	4522
3986	2415
3987	3582
3988	911
3989	2369
3990	4629
3991	3238
3992	689
3993	903
3994	4393
3995	414
3996	666
3997	4902
3998	3450
3999	2196
4000	779
4001	1404
4002	907
4003	1730
4004	3601
4005	536
4006	1623
4007	1300
4008	2931
4009	1349
4010	543
4011	3563
4012	2773
4013	4297
4014	1972
4015	4142
4016	4215
4017	4883
4018	2794
4019	4904
4020	757
4021	288
4022	3765
4023	4024
4024	529
4025	3011
4026	1101
4027	2115
4028	3027
4029	2795
4030	1790
4031	1835
4032	269
4033	4988
4034	4489
4035	3305
4036	234
4037	3884
4038	3585
4039	2168
4040	590
4041	4399
4042	316
4043	4660
4044	4809
4045	4107
4046	1061
4047	2181
4048	2056
4049	3893
4050	3664
4051	3492
4052	430
4053	4652
4054	1418
4055	2730
4056	2521
4057	1677
4058	225
4059	3459
4060	4959
4061	4719
4062	2404
4063	1141
4064	367
4065	4421
4066	1510
4067	2656
4068	1523
4069	1937
4070	3155
4071	4120
4072	4174
4073	4811
4074	4846
4075	2360
4076	148
4077	3607
4078	3245
4079	3652
4080	1078
4081	1294
4082	2100
4083	219
4084	713
4085	3185
4086	3396
4087	2178
4088	130
4089	1982
4090	270
4091	3912
4092	4269
4093	976
4094	3842
4095	704
4096	3236
4097	3948
4098	4485
4099	3064
4100	1570
4101	48
4102	4126
4103	870
4104	966
4105	90
4106	2684
4107	480
4108	3520
4109	1821
4110	3056
4111	1644
4112	2160
4113	2804
4114	3458
4115	239
4116	2478
4117	4476
4118	2111
4119	2790
4120	1212
4121	2192
4122	1684
4123	4090
4124	1332
4125	4942
4126	3356
4127	3839
4128	250
4129	1006
4130	1752
4131	3465
4132	2813
4133	634
4134	2844
4135	805
4136	2049
4137	2844
4138	4337
4139	1451
4140	2451
4141	4364
4142	1011
4143	2797
4144	1575
4145	1176
4146	4082
4147	1517
4148	1791
4149	2268
4150	3582
4151	1614
4152	4880
4153	412
4154	72
4155	444
4156	189
4157	1527
4158	3569
4159	3815
4160	3776
4161	2005
4162	1531
4163	4466
4164	4345
4165	1622
4166	2792
4167	4091
4168	743
4169	3320
4170	2957
4171	1796
4172	509
4173	1486
4174	4085
4175	2075
4176	4130
4177	4896
4178	4024
4179	1598
4180	1344
4181	3861
4182	834
4183	84
4184	4325
4185	4850
4186	1797
4187	1472
4188	4986
4189	3015
4190	1629
4191	3200
4192	3615
4193	2730
4194	4918
4195	3474
4196	829
4197	3570
4198	1447
4199	2966
4200	1092
4201	3387
4202	3566
4203	3981
4204	1692
4205	2628
4206	1585
4207	3064
4208	25
4209	628
4210	4551
4211	3546
4212	4805
4213	3822
4214	151
4215	4843
4216	1030
4217	3163
4218	4047
4219	3414
4220	1836
4221	3343
4222	740
4223	3073
4224	2391
4225	1558
4226	2937
4227	3779
4228	4427
4229	2339
4230	1342
4231	3609
4232	646
4233	2746
4234	3605
4235	2643
4236	3480
4237	4974
4238	4073
4239	1873
4240	4135
4241	4172
4242	118
4243	2017
4244	660
4245	161
4246	2734
4247	515
4248	4937
4249	4901
4250	178
4251	3247
4252	3936
4253	2045
4254	4780
4255	2477
4256	2693
4257	4769
4258	2616
4259	3086
4260	1007
4261	993
4262	1500
4263	432
4264	1880
4265	3744
4266	4552
4267	2030
4268	2078
4269	2999
4270	4490
4271	948
4272	3136
4273	2044
4274	2029
4275	1314
4276	2953
4277	3201
4278	495
4279	1732
4280	3744
4281	1403
4282	4345
4283	2210
4284	3889
4285	1183
4286	3651
4287	375
4288	1362
4289	1812
4290	4534
4291	4570
4292	4927
4293	1932
4294	4314
4295	1595
4296	3037
4297	1588
4298	3462
4299	570
4300	4799
4301	174
4302	4792
4303	1423
4304	664
4305	4369
4306	2884
4307	989
4308	2547
4309	3338
4310	493
4311	2573
4312	2169
4313	3845
4314	2133
4315	2177
4316	2691
4317	4447
4318	494
4319	1250
4320	4725
4321	855
4322	6
4323	12
4324	3114
4325	3506
4326	3561
4327	1594
4328	362
4329	3798
4330	478
4331	3198
4332	1688
4333	4614
4334	2061
4335	863
4336	3405
4337	3538
4338	3422
4339	4281
4340	727
4341	2674
4342	2498
4343	1434
4344	4266
4345	146
4346	2897
4347	3175
4348	394
4349	1068
4350	2872
4351	1760
4352	474
4353	4339
4354	671
4355	2867
4356	2092
4357	3095
4358	2168
4359	3866
4360	3962
4361	3121
4362	4036
4363	1149
4364	1995
4365	2800
4366	1849
4367	1630
4368	427
4369	4072
4370	1874
4371	988
4372	2247
4373	2715
4374	3681
4375	2824
4376	4081
4377	3803
4378	4875
4379	497
4380	4772
4381	4152
4382	4137
4383	3190
4384	3295
4385	1088
4386	576
4387	3527
4388	3057
4389	1572
4390	4311
4391	4516
4392	120
4393	4688
4394	135
4395	3576
4396	1355
4397	3650
4398	3338
4399	2207
4400	1296
4401	2723
4402	3763
4403	4745
4404	3547
4405	1770
4406	350
4407	4522
4408	3170
4409	2689
4410	336
4411	635
4412	4128
4413	4166
4414	4669
4415	56
4416	4270
4417	1020
4418	4302
4419	4779
4420	1308
4421	4017
4422	1213
4423	3466
4424	2632
4425	4096
4426	72
4427	2457
4428	1787
4429	2500
4430	1167
4431	227
4432	4697
4433	3659
4434	74
4435	1444
4436	4934
4437	2180
4438	1105
4439	4565
4440	2067
4441	4187
4442	4821
4443	3221
4444	4530
4445	764
4446	3902
4447	25
4448	2433
4449	4607
4450	3451
4451	191
4452	4981
4453	1669
4454	4702
4455	2955
4456	2713
4457	2948
4458	1476
4459	1
4460	2905
4461	3546
4462	3682
4463	423
4464	605
4465	3337
4466	4782
4467	898
4468	3587
4469	1188
4470	4854
4471	1328
4472	4994
4473	2141
4474	1508
4475	1461
4476	706
4477	2827
4478	715
4479	707
4480	3020
4481	2925
4482	4743
4483	1381
4484	2297
4485	1549
4486	429
4487	1325
4488	4692
4489	2555
4490	3303
4491	2572
4492	2391
4493	4213
4494	4756
4495	2408
4496	2006
4497	1545
4498	4713
4499	3400
4500	4971
4501	2583
4502	380
4503	2952
4504	2430
4505	4721
4506	3457
4507	4997
4508	3719
4509	2363
4510	4703
4511	1361
4512	2460
4513	424
4514	2909
4515	1899
4516	2007
4517	1506
4518	1725
4519	796
4520	593
4521	3617
4522	243
4523	4534
4524	2820
4525	4756
4526	1350
4527	66
4528	2562
4529	357
4530	3319
4531	2288
4532	2224
4533	4116
4534	2065
4535	1952
4536	2020
4537	92
4538	2716
4539	934
4540	3315
4541	323
4542	2671
4543	3675
4544	2595
4545	384
4546	3398
4547	4432
4548	4284
4549	2105
4550	1640
4551	3830
4552	3643
4553	2425
4554	2917
4555	2523
4556	1966
4557	2501
4558	1914
4559	4870
4560	4785
4561	3196
4562	3785
4563	1693
4564	1229
4565	4279
4566	1015
4567	257
4568	3873
4569	3719
4570	1707
4571	3646
4572	4711
4573	974
4574	3027
4575	3925
4576	4320
4577	2125
4578	3523
4579	4007
4580	2465
4581	3780
4582	4385
4583	4141
4584	1943
4585	2949
4586	3706
4587	3366
4588	4170
4589	1899
4590	4958
4591	4615
4592	1525
4593	3184
4594	3680
4595	2107
4596	3679
4597	3392
4598	2064
4599	4164
4600	1204
4601	4893
4602	1751
4603	121
4604	1279
4605	3675
4606	4948
4607	1512
4608	2979
4609	4189
4610	3435
4611	1669
4612	3789
4613	4590
4614	3525
4615	3821
4616	2283
4617	2673
4618	4697
4619	1743
4620	832
4621	2357
4622	2419
4623	4151
4624	1362
4625	3239
4626	306
4627	314
4628	3836
4629	4140
4630	673
4631	3963
4632	3587
4633	3235
4634	153
4635	308
4636	4704
4637	2578
4638	970
4639	1430
4640	891
4641	4152
4642	3397
4643	4034
4644	391
4645	4530
4646	4592
4647	2792
4648	1615
4649	3699
4650	3230
4651	3943
4652	2609
4653	2575
4654	4327
4655	3772
4656	1109
4657	2881
4658	78
4659	2433
4660	2157
4661	1942
4662	336
4663	1170
4664	1334
4665	4996
4666	963
4667	250
4668	1839
4669	2631
4670	1409
4671	2054
4672	3138
4673	3971
4674	1776
4675	4933
4676	1291
4677	3129
4678	1278
4679	2775
4680	2014
4681	4677
4682	1939
4683	3870
4684	2297
4685	305
4686	1469
4687	75
4688	3722
4689	2631
4690	1397
4691	4283
4692	2538
4693	3347
4694	4611
4695	1711
4696	1732
4697	2239
4698	335
4699	3824
4700	3896
4701	4092
4702	1467
4703	4674
4704	373
4705	2267
4706	1872
4707	2748
4708	2592
4709	1781
4710	2480
4711	1424
4712	3962
4713	3054
4714	3152
4715	2733
4716	4383
4717	4209
4718	2218
4719	3833
4720	2599
4721	3406
4722	770
4723	964
4724	3201
4725	4709
4726	503
4727	3053
4728	2345
4729	15
4730	2160
4731	1466
4732	2178
4733	544
4734	2139
4735	1446
4736	2058
4737	1747
4738	503
4739	566
4740	383
4741	4284
4742	1876
4743	200
4744	46
4745	1870
4746	4293
4747	648
4748	4938
4749	2356
4750	4912
4751	3457
4752	3753
4753	2077
4754	2666
4755	545
4756	4616
4757	1751
4758	2955
4759	2416
4760	681
4761	1624
4762	1784
4763	1822
4764	3534
4765	3455
4766	2135
4767	1280
4768	954
4769	3434
4770	2775
4771	2440
4772	3694
4773	968
4774	4930
4775	780
4776	868
4777	630
4778	2010
4779	3278
4780	2173
4781	717
4782	3125
4783	2158
4784	4198
4785	4928
4786	2592
4787	4083
4788	1134
4789	945
4790	1426
4791	4213
4792	3095
4793	2757
4794	3193
4795	4287
4796	3490
4797	4290
4798	3339
4799	2799
4800	4050
4801	3091
4802	2794
4803	2301
4804	446
4805	3475
4806	618
4807	3248
4808	4021
4809	1422
4810	424
4811	977
4812	2745
4813	4055
4814	1625
4815	676
4816	615
4817	1370
4818	2616
4819	4203
4820	1423
4821	1487
4822	2467
4823	4747
4824	1915
4825	790
4826	4726
4827	959
4828	3729
4829	97
4830	581
4831	956
4832	4634
4833	1897
4834	439
4835	3118
4836	3597
4837	1577
4838	3288
4839	4305
4840	2050
4841	3128
4842	4788
4843	1252
4844	2613
4845	359
4846	2713
4847	901
4848	4343
4849	123
4850	2801
4851	4563
4852	1172
4853	2581
4854	2277
4855	3660
4856	4760
4857	3616
4858	1559
4859	4123
4860	2495
4861	626
4862	3310
4863	4413
4864	527
4865	2112
4866	4184
4867	3140
4868	2840
4869	3860
4870	1450
4871	608
4872	4835
4873	1980
4874	2516
4875	3813
4876	1968
4877	2841
4878	2090
4879	894
4880	767
4881	2003
4882	4315
4883	3499
4884	4464
4885	1147
4886	2842
4887	2676
4888	661
4889	15
4890	4840
4891	2837
4892	1465
4893	2926
4894	2248
4895	1008
4896	480
4897	362
4898	2946
4899	3849
4900	39
4901	4222
4902	124
4903	2885
4904	187
4905	1077
4906	2144
4907	881
4908	1685
4909	3873
4910	411
4911	2883
4912	3461
4913	2402
4914	303
4915	1420
4916	3293
4917	4547
4918	2799
4919	3615
4920	1699
4921	3627
4922	2744
4923	2996
4924	725
4925	4099
4926	578
4927	2537
4928	2565
4929	4903
4930	4987
4931	3591
4932	2042
4933	1743
4934	1838
4935	2743
4936	4541
4937	3538
4938	119
4939	3935
4940	3330
4941	756
4942	3391
4943	1981
4944	2546
4945	4014
4946	2677
4947	460
4948	780
4949	2621
4950	2028
4951	4495
4952	4862
4953	465
4954	4989
4955	4173
4956	565
4957	4244
4958	4749
4959	3130
4960	1070
4961	1302
4962	772
4963	127
4964	319
4965	3042
4966	1619
4967	2106
4968	2972
4969	3512
4970	4289
4971	2536
4972	1169
4973	2086
4974	3989
4975	1221
4976	265
4977	2325
4978	3884
4979	1907
4980	2130
4981	1409
4982	1937
4983	2311
4984	845
4985	1039
4986	4707
4987	3144
4988	1169
4989	3353
4990	2827
4991	2528
4992	1233
4993	2439
4994	4094
4995	2972
4996	2886
4997	1314
4998	2668
4999	738
5000	4863
5001	2
5002	4305
5003	2020
5004	4740
5005	59
5006	491
5007	4978
5008	4331
5009	664
5010	965
5011	3819
5012	4468
5013	3617
5014	897
5015	393
5016	4911
5017	56
5018	1414
5019	3990
5020	823
5021	2444
5022	2310
5023	2213
5024	4496
5025	3035
5026	333
5027	3495
5028	4129
5029	3500
5030	3357
5031	1010
5032	3656
5033	3491
5034	4488
5035	849
5036	2850
5037	981
5038	1275
5039	2461
5040	2381
5041	2929
5042	3113
5043	2779
5044	594
5045	557
5046	347
5047	3709
5048	822
5049	2987
5050	372
5051	4564
5052	4658
5053	2260
5054	1953
5055	4396
5056	2738
5057	1591
5058	1235
5059	3891
5060	1817
5061	3446
5062	2537
5063	1916
5064	692
5065	3658
5066	339
5067	1644
5068	2385
5069	1762
5070	320
5071	1210
5072	899
5073	945
5074	64
5075	3882
5076	2653
5077	3429
5078	3919
5079	4207
5080	2136
5081	2235
5082	4670
5083	1431
5084	425
5085	1682
5086	3243
5087	1094
5088	2114
5089	3756
5090	999
5091	1484
5092	3444
5093	422
5094	2122
5095	4098
5096	4450
5097	1582
5098	1247
5099	4230
5100	2772
5101	925
5102	1535
5103	1076
5104	347
5105	3892
5106	3984
5107	486
5108	2380
5109	177
5110	3404
5111	789
5112	1625
5113	2199
5114	3117
5115	3624
5116	1642
5117	4834
5118	456
5119	1129
5120	1745
5121	1425
5122	2837
5123	4107
5124	4893
5125	344
5126	809
5127	3679
5128	4439
5129	2301
5130	2157
5131	3295
5132	475
5133	2975
5134	2186
5135	1904
5136	4426
5137	1554
5138	2483
5139	4960
5140	307
5141	4892
5142	262
5143	464
5144	3944
5145	1612
5146	4934
5147	2156
5148	3309
5149	3133
5150	4001
5151	4218
5152	3489
5153	2869
5154	1650
5155	636
5156	3088
5157	4224
5158	996
5159	66
5160	4079
5161	2386
5162	3812
5163	4271
5164	4483
5165	4171
5166	108
5167	488
5168	1784
5169	3716
5170	4281
5171	1478
5172	3074
5173	4036
5174	4652
5175	1354
5176	3395
5177	273
5178	4087
5179	379
5180	4991
5181	4206
5182	2501
5183	994
5184	920
5185	3117
5186	1394
5187	9
5188	3967
5189	4828
5190	3753
5191	3969
5192	340
5193	487
5194	1864
5195	2627
5196	2928
5197	4095
5198	2593
5199	442
5200	4093
5201	3745
5202	3070
5203	2535
5204	4883
5205	1330
5206	2137
5207	1642
5208	3022
5209	1460
5210	3281
5211	268
5212	546
5213	2607
5214	915
5215	724
5216	2227
5217	3266
5218	3176
5219	1890
5220	3895
5221	1631
5222	995
5223	3721
5224	1553
5225	2067
5226	2528
5227	539
5228	3301
5229	1791
5230	4134
5231	2253
5232	1505
5233	743
5234	4970
5235	2495
5236	1448
5237	1405
5238	3310
5239	2118
5240	3618
5241	2102
5242	387
5243	2401
5244	1961
5245	1216
5246	176
5247	4181
5248	1864
5249	2681
5250	2876
5251	508
5252	2441
5253	2172
5254	844
5255	845
5256	716
5257	3373
5258	1180
5259	4683
5260	1793
5261	1892
5262	595
5263	2294
5264	1253
5265	2300
5266	2732
5267	2288
5268	2685
5269	921
5270	3038
5271	39
5272	1471
5273	4178
5274	3854
5275	3736
5276	682
5277	4382
5278	3985
5279	1673
5280	4316
5281	51
5282	4210
5283	438
5284	1879
5285	730
5286	3270
5287	3757
5288	2351
5289	3255
5290	2591
5291	179
5292	3868
5293	3919
5294	3421
5295	2423
5296	2424
5297	3696
5298	2431
5299	3293
5300	3520
5301	896
5302	464
5303	3937
5304	1726
5305	1589
5306	702
5307	2624
5308	2704
5309	4868
5310	2991
5311	3296
5312	2717
5313	609
5314	292
5315	1506
5316	1587
5317	3034
5318	2342
5319	2724
5320	3401
5321	1338
5322	1834
5323	218
5324	355
5325	4978
5326	928
5327	2385
5328	254
5329	3017
5330	4087
5331	606
5332	4292
5333	1934
5334	4685
5335	4100
5336	155
5337	502
5338	2576
5339	1974
5340	2096
5341	1310
5342	4380
5343	3147
5344	2417
5345	1403
5346	484
5347	3513
5348	3966
5349	463
5350	4411
5351	742
5352	3233
5353	3109
5354	2630
5355	1406
5356	2977
5357	3553
5358	2818
5359	1009
5360	3934
5361	2128
5362	55
5363	678
5364	4203
5365	3110
5366	1293
5367	2708
5368	1555
5369	3536
5370	325
5371	3781
5372	71
5373	4997
5374	4051
5375	248
5376	2202
5377	3053
5378	4899
5379	3231
5380	3788
5381	3642
5382	3112
5383	3933
5384	3745
5385	2522
5386	3460
5387	795
5388	911
5389	4023
5390	3302
5391	3326
5392	3273
5393	2712
5394	4467
5395	2769
5396	3021
5397	1193
5398	57
5399	3533
5400	3166
5401	3321
5402	1990
5403	991
5404	1462
5405	2541
5406	975
5407	2095
5408	450
5409	3877
5410	172
5411	4557
5412	1390
5413	3422
5414	1209
5415	4022
5416	4983
5417	251
5418	2507
5419	4961
5420	2739
5421	2817
5422	3418
5423	474
5424	329
5425	4544
5426	491
5427	4866
5428	3987
5429	3845
5430	1900
5431	1446
5432	2677
5433	884
5434	479
5435	751
5436	4224
5437	4690
5438	691
5439	4005
5440	3086
5441	342
5442	4334
5443	918
5444	31
5445	285
5446	2880
5447	3946
5448	4333
5449	3124
5450	4139
5451	4296
5452	3729
5453	3160
5454	3324
5455	4184
5456	2313
5457	3871
5458	302
5459	3668
5460	2259
5461	843
5462	1876
5463	2990
5464	4176
5465	158
5466	501
5467	4446
5468	4264
5469	1166
5470	1044
5471	4521
5472	2810
5473	1954
5474	4373
5475	2774
5476	2078
5477	2098
5478	1184
5479	4508
5480	4593
5481	1378
5482	3083
5483	3814
5484	2480
5485	4943
5486	4278
5487	1159
5488	368
5489	3713
5490	2597
5491	3768
5492	4232
5493	2437
5494	1034
5495	405
5496	2745
5497	3691
5498	4658
5499	2316
5500	2315
5501	46
5502	3560
5503	364
5504	2270
5505	3399
5506	3245
5507	1684
5508	2669
5509	1416
5510	145
5511	3968
5512	3793
5513	2629
5514	4818
5515	3512
5516	3660
5517	1720
5518	692
5519	3689
5520	3537
5521	820
5522	406
5523	268
5524	4202
5525	1661
5526	360
5527	214
5528	4296
5529	2554
5530	43
5531	614
5532	2782
5533	2639
5534	4916
5535	2784
5536	2803
5537	2150
5538	3926
5539	3594
5540	4320
5541	1301
5542	2483
5543	3988
5544	2112
5545	2800
5546	4459
5547	3682
5548	807
5549	2770
5550	718
5551	4701
5552	3749
5553	2882
5554	276
5555	4192
5556	604
5557	4880
5558	3196
5559	2283
5560	2966
5561	4346
5562	3831
5563	4751
5564	200
5565	1259
5566	3336
5567	2072
5568	3966
5569	884
5570	260
5571	3569
5572	3389
5573	2005
5574	4398
5575	4429
5576	1396
5577	1291
5578	3813
5579	30
5580	279
5581	4332
5582	1086
5583	3036
5584	4676
5585	2071
5586	4990
5587	2934
5588	1965
5589	4018
5590	3452
5591	2936
5592	62
5593	701
5594	4344
5595	3190
5596	3080
5597	4665
5598	3840
5599	4741
5600	4650
5601	610
5602	4148
5603	1098
5604	3619
5605	635
5606	1959
5607	4734
5608	3723
5609	3915
5610	1090
5611	2452
5612	352
5613	2707
5614	718
5615	3067
5616	2198
5617	4311
5618	2358
5619	969
5620	1936
5621	1476
5622	1581
5623	1352
5624	2778
5625	251
5626	3115
5627	44
5628	960
5629	1903
5630	2450
5631	223
5632	2158
5633	2773
5634	3811
5635	700
5636	2836
5637	2736
5638	3048
5639	3016
5640	2144
5641	4438
5642	1799
5643	4527
5644	2849
5645	2335
5646	4372
5647	2181
5648	843
5649	3882
5650	3380
5651	782
5652	2964
5653	4173
5654	4273
5655	1088
5656	4895
5657	1800
5658	1816
5659	4796
5660	1102
5661	375
5662	1229
5663	4594
5664	723
5665	4744
5666	1300
5667	1224
5668	2986
5669	1897
5670	1818
5671	842
5672	4123
5673	3311
5674	450
5675	3454
5676	1033
5677	3302
5678	3416
5679	341
5680	1967
5681	4251
5682	1701
5683	167
5684	2935
5685	494
5686	936
5687	703
5688	1441
5689	2162
5690	3134
5691	3140
5692	1062
5693	3130
5694	458
5695	455
5696	866
5697	1843
5698	4849
5699	4192
5700	2987
5701	448
5702	3214
5703	4572
5704	3823
5705	1657
5706	2637
5707	1466
5708	2108
5709	3804
5710	758
5711	2350
5712	1019
5713	3736
5714	3476
5715	1442
5716	2670
5717	4575
5718	1888
5719	407
5720	3903
5721	496
5722	4356
5723	4023
5724	1538
5725	782
5726	4028
5727	3333
5728	2308
5729	4049
5730	2807
5731	4064
5732	4406
5733	965
5734	2689
5735	581
5736	1220
5737	465
5738	2862
5739	1154
5740	3766
5741	115
5742	2957
5743	171
5744	3690
5745	4561
5746	4612
5747	11
5748	282
5749	2570
5750	4929
5751	4838
5752	4077
5753	1573
5754	4126
5755	3049
5756	1431
5757	1966
5758	3111
5759	1783
5760	1106
5761	1360
5762	1694
5763	1599
5764	1532
5765	547
5766	304
5767	157
5768	2821
5769	1938
5770	2576
5771	4960
5772	2927
5773	2850
5774	1591
5775	215
5776	2102
5777	312
5778	587
5779	1724
5780	1836
5781	2026
5782	4900
5783	2922
5784	2999
5785	2712
5786	3485
5787	4908
5788	4542
5789	140
5790	679
5791	1649
5792	3605
5793	4414
5794	4826
5795	2597
5796	4153
5797	3197
5798	2902
5799	3132
5800	3818
5801	2899
5802	285
5803	3655
5804	403
5805	2942
5806	2225
5807	1829
5808	4947
5809	1598
5810	2829
5811	4218
5812	232
5813	1539
5814	3473
5815	3327
5816	4882
5817	670
5818	2777
5819	1820
5820	2258
5821	3769
5822	2360
5823	3776
5824	1592
5825	3593
5826	3909
5827	4301
5828	1391
5829	4067
5830	728
5831	2032
5832	4212
5833	1072
5834	874
5835	2977
5836	2920
5837	1508
5838	2333
5839	3178
5840	1813
5841	2869
5842	560
5843	3770
5844	680
5845	3576
5846	944
5847	103
5848	2959
5849	691
5850	3699
5851	3677
5852	652
5853	1734
5854	3125
5855	2556
5856	1071
5857	1031
5858	3213
5859	3355
5860	1438
5861	3604
5862	488
5863	4609
5864	3162
5865	588
5866	756
5867	4361
5868	3477
5869	2494
5870	4029
5871	2093
5872	3028
5873	2562
5874	2922
5875	1042
5876	1385
5877	2753
5878	4635
5879	732
5880	1977
5881	4101
5882	3415
5883	2074
5884	1999
5885	1528
5886	4125
5887	58
5888	1948
5889	3865
5890	2615
5891	2836
5892	2859
5893	1882
5894	1615
5895	1109
5896	4361
5897	1251
5898	2764
5899	2634
5900	4821
5901	1849
5902	3838
5903	4337
5904	4176
5905	216
5906	4656
5907	4554
5908	3777
5909	1977
5910	3796
5911	1696
5912	4695
5913	1075
5914	3564
5915	705
5916	3277
5917	660
5918	280
5919	1425
5920	1804
5921	479
5922	232
5923	4633
5924	1738
5925	4458
5926	3146
5927	4920
5928	898
5929	1275
5930	4537
5931	409
5932	201
5933	97
5934	3263
5935	4801
5936	2664
5937	92
5938	4682
5939	3099
5940	227
5941	737
5942	3186
5943	3741
5944	3328
5945	4640
5946	1036
5947	3994
5948	690
5949	4097
5950	3066
5951	3264
5952	3589
5953	313
5954	1831
5955	1819
5956	1935
5957	2839
5958	3979
5959	1273
5960	70
5961	2648
5962	2905
5963	2678
5964	837
5965	3698
5966	2286
5967	2154
5968	3752
5969	3908
5970	1026
5971	2860
5972	3199
5973	234
5974	3749
5975	4391
5976	4786
5977	984
5978	3045
5979	1437
5980	2379
5981	1898
5982	4146
5983	3925
5984	1103
5985	4392
5986	2747
5987	274
5988	2040
5989	2995
5990	4333
5991	1377
5992	3356
5993	2104
5994	3874
5995	3458
5996	2627
5997	3024
5998	1860
5999	247
6000	1704
6001	3290
6002	4353
6003	3497
6004	731
6005	4892
6006	3
6007	682
6008	1792
6009	1987
6010	569
6011	1537
6012	1260
6013	3808
6014	1388
6015	695
6016	1034
6017	1120
6018	821
6019	1930
6020	1533
6021	1737
6022	3442
6023	670
6024	2209
6025	3181
6026	3161
6027	1647
6028	1535
6029	3545
6030	3151
6031	2539
6032	2051
6033	2511
6034	3544
6035	4699
6036	2904
6037	460
6038	4
6039	279
6040	1982
6041	1895
6042	2132
6043	2746
6044	113
6045	4574
6046	2672
6047	3311
6048	3281
6049	708
6050	3795
6051	4969
6052	1698
6053	2553
6054	1214
6055	605
6056	4790
6057	1646
6058	3443
6059	3761
6060	3985
6061	462
6062	3608
6063	1112
6064	1926
6065	3780
6066	2472
6067	3077
6068	3996
6069	4925
6070	1739
6071	112
6072	198
6073	872
6074	147
6075	75
6076	2452
6077	501
6078	1881
6079	2908
6080	2030
6081	3469
6082	1491
6083	3764
6084	254
6085	2278
6086	1662
6087	3394
6088	2145
6089	2845
6090	1848
6091	3223
6092	4417
6093	4767
6094	4048
6095	4329
6096	1222
6097	256
6098	1860
6099	4584
6100	2502
6101	4365
6102	695
6103	4495
6104	4183
6105	361
6106	4425
6107	751
6108	2194
6109	4511
6110	612
6111	1121
6112	4755
6113	69
6114	1038
6115	3225
6116	2941
6117	16
6118	147
6119	1651
6120	4446
6121	2906
6122	2308
6123	1818
6124	4343
6125	1761
6126	1674
6127	4045
6128	4560
6129	4804
6130	2923
6131	2473
6132	3312
6133	196
6134	1166
6135	582
6136	1258
6137	3318
6138	1186
6139	2953
6140	1935
6141	980
6142	1729
6143	4451
6144	3994
6145	4422
6146	2509
6147	2226
6148	1768
6149	4558
6150	2683
6151	4032
6152	3076
6153	1278
6154	1883
6155	3947
6156	987
6157	436
6158	4304
6159	1536
6160	1658
6161	91
6162	1544
6163	3345
6164	368
6165	2222
6166	4451
6167	4244
6168	1643
6169	1762
6170	787
6171	2212
6172	2420
6173	4098
6174	4318
6175	3534
6176	3262
6177	3017
6178	1059
6179	3519
6180	2956
6181	4223
6182	1755
6183	3801
6184	2384
6185	4301
6186	2188
6187	4858
6188	2672
6189	385
6190	2593
6191	3886
6192	2189
6193	2224
6194	1610
6195	615
6196	2470
6197	640
6198	2398
6199	2748
6200	386
6201	4185
6202	2383
6203	4776
6204	4072
6205	1255
6206	3324
6207	2180
6208	4959
6209	3240
6210	21
6211	4740
6212	4120
6213	4205
6214	1617
6215	3238
6216	1938
6217	1564
6218	2039
6219	1559
6220	1851
6221	3274
6222	4328
6223	244
6224	4975
6225	4981
6226	4731
6227	654
6228	2222
6229	3367
6230	672
6231	1242
6232	2743
6233	295
6234	4723
6235	2665
6236	190
6237	545
6238	1536
6239	4985
6240	4121
6241	3817
6242	378
6243	1569
6244	4535
6245	2153
6246	2583
6247	4663
6248	4130
6249	998
6250	2981
6251	1351
6252	2747
6253	4520
6254	4388
6255	4683
6256	517
6257	4906
6258	4979
6259	3171
6260	4919
6261	4247
6262	202
6263	3654
6264	4492
6265	1671
6266	4557
6267	1205
6268	2962
6269	2659
6270	2814
6271	4999
6272	4631
6273	1181
6274	4434
6275	2819
6276	1081
6277	4088
6278	3573
6279	2126
6280	1198
6281	4236
6282	1144
6283	607
6284	4478
6285	4592
6286	2686
6287	4574
6288	2080
6289	1377
6290	1865
6291	4724
6292	4687
6293	1258
6294	2306
6295	3373
6296	2673
6297	4031
6298	4777
6299	3013
6300	1070
6301	3329
6302	2445
6303	390
6304	3206
6305	4859
6306	3649
6307	3085
6308	2182
6309	641
6310	650
6311	3106
6312	3461
6313	505
6314	3349
6315	3988
6316	2442
6317	979
6318	2024
6319	3180
6320	1934
6321	2821
6322	2435
6323	4289
6324	4456
6325	3927
6326	192
6327	1245
6328	687
6329	1312
6330	781
6331	1325
6332	507
6333	563
6334	4182
6335	3322
6336	1742
6337	4411
6338	3941
6339	3083
6340	1957
6341	2230
6342	1319
6343	3481
6344	1462
6345	2630
6346	3801
6347	4719
6348	1415
6349	2643
6350	3792
6351	2056
6352	486
6353	4501
6354	1862
6355	1114
6356	905
6357	1776
6358	1681
6359	1676
6360	3319
6361	1405
6362	3918
6363	3020
6364	1318
6365	455
6366	2250
6367	1180
6368	1037
6369	543
6370	4293
6371	1032
6372	2320
6373	3265
6374	3284
6375	1658
6376	1388
6377	3853
6378	3433
6379	4486
6380	2465
6381	3552
6382	4665
6383	1339
6384	3045
6385	1232
6386	2629
6387	976
6388	4253
6389	3996
6390	4923
6391	1580
6392	4463
6393	4050
6394	4008
6395	4235
6396	2995
6397	3715
6398	3056
6399	3775
6400	253
6401	774
6402	2532
6403	447
6404	4500
6405	2330
6406	3716
6407	3671
6408	642
6409	2265
6410	1979
6411	4988
6412	685
6413	3122
6414	1234
6415	1917
6416	1534
6417	841
6418	467
6419	1780
6420	990
6421	4312
6422	4266
6423	799
6424	1894
6425	3483
6426	1675
6427	1895
6428	3667
6429	4401
6430	865
6431	2913
6432	4007
6433	1510
6434	2061
6435	1249
6436	3430
6437	1543
6438	2400
6439	4763
6440	252
6441	3339
6442	3762
6443	1011
6444	3147
6445	3872
6446	3832
6447	4400
6448	929
6449	569
6450	196
6451	3869
6452	662
6453	4061
6454	2237
6455	4660
6456	4582
6457	2274
6458	3241
6459	4019
6460	2473
6461	2225
6462	4434
6463	4427
6464	1014
6465	1497
6466	3402
6467	1337
6468	1940
6469	867
6470	303
6471	4457
6472	2532
6473	1854
6474	3577
6475	2826
6476	4212
6477	1237
6478	2456
6479	4531
6480	737
6481	1552
6482	4513
6483	174
6484	14
6485	2855
6486	4593
6487	2039
6488	4667
6489	817
6490	1973
6491	1624
6492	1499
6493	3811
6494	1900
6495	2894
6496	2295
6497	793
6498	2974
6499	2956
6500	1490
6501	636
6502	1081
6503	920
6504	211
6505	1526
6506	3325
6507	2667
6508	4105
6509	4990
6510	2128
6511	3234
6512	3426
6513	2129
6514	2179
6515	3823
6516	4089
6517	1331
6518	3215
6519	4517
6520	2667
6521	584
6522	2824
6523	3705
6524	1923
6525	4214
6526	618
6527	1540
6528	2359
6529	3767
6530	1183
6531	3760
6532	3504
6533	3888
6534	1978
6535	2322
6536	2269
6537	2286
6538	2159
6539	1578
6540	2681
6541	3118
6542	2374
6543	3314
6544	4479
6545	4575
6546	1193
6547	3554
6548	2474
6549	1949
6550	508
6551	176
6552	4549
6553	1750
6554	239
6555	3655
6556	3061
6557	3161
6558	3381
6559	4573
6560	291
6561	4622
6562	1449
6563	1311
6564	1522
6565	1503
6566	1617
6567	1616
6568	2802
6569	3380
6570	2878
6571	2143
6572	4317
6573	4439
6574	4004
6575	4278
6576	3072
6577	1030
6578	3092
6579	2133
6580	1503
6581	4571
6582	1040
6583	4376
6584	1967
6585	1947
6586	4422
6587	940
6588	2332
6589	3162
6590	4080
6591	526
6592	85
6593	3527
6594	4310
6595	4668
6596	1697
6597	941
6598	2622
6599	3322
6600	61
6601	2179
6602	277
6603	787
6604	522
6605	4531
6606	3973
6607	1814
6608	185
6609	3012
6610	2076
6611	1654
6612	4015
6613	3251
6614	4750
6615	3342
6616	2560
6617	4043
6618	538
6619	754
6620	1874
6621	1113
6622	2577
6623	4689
6624	413
6625	1090
6626	1319
6627	2414
6628	4597
6629	1009
6630	4310
6631	2114
6632	3597
6633	3242
6634	1115
6635	1042
6636	3890
6637	534
6638	1758
6639	2309
6640	2330
6641	2459
6642	4716
6643	2468
6644	748
6645	1856
6646	592
6647	2982
6648	1400
6649	338
6650	2870
6651	4676
6652	4900
6653	3226
6654	497
6655	2544
6656	2231
6657	2714
6658	4791
6659	3443
6660	3630
6661	3278
6662	4655
6663	2742
6664	2302
6665	3653
6666	3256
6667	4136
6668	4768
6669	1175
6670	1095
6671	3039
6672	2073
6673	3650
6674	2362
6675	1607
6676	1365
6677	444
6678	3913
6679	4170
6680	3141
6681	3439
6682	186
6683	87
6684	1347
6685	166
6686	2916
6687	2091
6688	3834
6689	2563
6690	4871
6691	2282
6692	2793
6693	632
6694	2657
6695	3284
6696	270
6697	4074
6698	3340
6699	257
6700	2379
6701	2138
6702	1152
6703	3826
6704	3599
6705	1449
6706	231
6707	3122
6708	1792
6709	4802
6710	4738
6711	2059
6712	269
6713	3182
6714	2109
6715	4044
6716	3530
6717	300
6718	2348
6719	1570
6720	3333
6721	2287
6722	566
6723	3648
6724	639
6725	320
6726	625
6727	495
6728	1695
6729	1854
6730	549
6731	4209
6732	4285
6733	1497
6734	1402
6735	3651
6736	3463
6737	4853
6738	4188
6739	4693
6740	3294
6741	1041
6742	1842
6743	3150
6744	2781
6745	398
6746	4910
6747	133
6748	1050
6749	644
6750	3794
6751	2571
6752	3226
6753	4037
6754	938
6755	2624
6756	4825
6757	4169
6758	2653
6759	858
6760	4896
6761	611
6762	4239
6763	2259
6764	3837
6765	4829
6766	4389
6767	4970
6768	482
6769	2340
6770	4923
6771	3116
6772	2572
6773	3999
6774	1226
6775	3308
6776	1333
6777	4405
6778	3768
6779	1385
6780	238
6781	2884
6782	4659
6783	1108
6784	106
6785	43
6786	3772
6787	3837
6788	216
6789	366
6790	3075
6791	2818
6792	2147
6793	4199
6794	131
6795	3412
6796	2371
6797	1148
6798	1851
6799	2938
6800	3087
6801	1723
6802	3481
6803	2176
6804	556
6805	2843
6806	1335
6807	2769
6808	3002
6809	4617
6810	3131
6811	4326
6812	588
6813	3459
6814	4370
6815	2781
6816	2742
6817	426
6818	1885
6819	1690
6820	4634
6821	4790
6822	3464
6823	1696
6824	4681
6825	1695
6826	4464
6827	3548
6828	1716
6829	3314
6830	3316
6831	551
6832	4806
6833	584
6834	2213
6835	243
6836	3917
6837	4637
6838	4868
6839	2300
6840	2182
6841	98
6842	904
6843	2147
6844	3209
6845	4577
6846	3157
6847	4393
6848	3287
6849	4186
6850	328
6851	2138
6852	1604
6853	1731
6854	1257
6855	4844
6856	505
6857	286
6858	20
6859	88
6860	2315
6861	3423
6862	514
6863	2243
6864	1970
6865	1502
6866	2530
6867	224
6868	1538
6869	3812
6870	4035
6871	4794
6872	1271
6873	818
6874	47
6875	525
6876	275
6877	4733
6878	4699
6879	4344
6880	1551
6881	3485
6882	3085
6883	4114
6884	1686
6885	291
6886	1950
6887	2411
6888	3796
6889	2778
6890	2870
6891	4965
6892	4549
6893	1130
6894	2341
6895	394
6896	2700
6897	1750
6898	1326
6899	4588
6900	3076
6901	3672
6902	3476
6903	197
6904	1331
6905	2522
6906	2148
6907	1117
6908	1151
6909	333
6910	4368
6911	3953
6912	3499
6913	2880
6914	4563
6915	1808
6916	4053
6917	3611
6918	4077
6919	1667
6920	3165
6921	556
6922	4858
6923	2927
6924	1191
6925	1036
6926	2399
6927	3556
6928	1268
6929	3490
6930	826
6931	2113
6932	221
6933	4958
6934	3329
6935	4971
6936	3606
6937	4037
6938	1290
6939	2493
6940	3055
6941	2816
6942	4855
6943	2564
6944	4525
6945	1002
6946	4834
6947	4066
6948	3133
6949	3044
6950	4392
6951	2843
6952	2604
6953	2047
6954	2952
6955	2749
6956	245
6957	1443
6958	3222
6959	590
6960	1117
6961	3315
6962	2939
6963	808
6964	3235
6965	188
6966	4529
6967	3800
6968	2854
6969	473
6970	1023
6971	3467
6972	2412
6973	2273
6974	4711
6975	2469
6976	3704
6977	3019
6978	3535
6979	2048
6980	637
6981	4467
6982	1039
6983	4684
6984	4955
6985	441
6986	759
6987	2389
6988	3578
6989	3437
6990	3695
6991	3952
6992	1710
6993	4518
6994	1648
6995	3565
6996	1401
6997	2984
6998	2489
6999	98
7000	2453
7001	3448
7002	2941
7003	5
7004	2602
7005	4425
7006	4796
7007	4449
7008	2475
7009	3407
7010	3767
7011	2724
7012	2425
7013	1481
7014	2644
7015	877
7016	1580
7017	2002
7018	163
7019	4122
7020	4980
7021	2782
7022	2504
7023	3763
7024	2162
7025	4848
7026	4279
7027	1366
7028	2638
7029	3940
7030	1858
7031	1965
7032	4172
7033	3350
7034	2021
7035	1019
7036	2690
7037	1387
7038	1220
7039	645
7040	3572
7041	1596
7042	2038
7043	299
7044	4525
7045	4885
7046	2367
7047	4156
7048	4060
7049	359
7050	1103
7051	3415
7052	140
7053	431
7054	1865
7055	2238
7056	1129
7057	1245
7058	440
7059	3484
7060	4151
7061	1913
7062	3382
7063	2611
7064	3029
7065	1351
7066	65
7067	2287
7068	4607
7069	4624
7070	475
7071	4438
7072	1505
7073	4370
7074	2883
7075	1463
7076	4444
7077	3645
7078	4462
7079	2484
7080	3834
7081	489
7082	1104
7083	381
7084	1257
7085	3892
7086	19
7087	498
7088	26
7089	3321
7090	2930
7091	3384
7092	2427
7093	2784
7094	1274
7095	225
7096	3774
7097	264
7098	3433
7099	338
7100	1543
7101	82
7102	1187
7103	616
7104	4189
7105	2533
7106	969
7107	2587
7108	4359
7109	4375
7110	821
7111	2274
7112	194
7113	3775
7114	42
7115	2835
7116	931
7117	1069
7118	3217
7119	3047
7120	2265
7121	1179
7122	261
7123	2798
7124	1999
7125	1287
7126	4706
7127	354
7128	3427
7129	2429
7130	4729
7131	3557
7132	927
7133	4241
7134	55
7135	271
7136	1197
7137	2814
7138	571
7139	3496
7140	1473
7141	2421
7142	4247
7143	1022
7144	4601
7145	4965
7146	4646
7147	2960
7148	2847
7149	2202
7150	4097
7151	800
7152	3166
7153	2003
7154	2959
7155	383
7156	758
7157	1654
7158	1826
7159	4074
7160	1631
7161	1815
7162	3105
7163	1913
7164	4559
7165	1160
7166	3820
7167	2527
7168	1470
7169	4975
7170	485
7171	3878
7172	4674
7173	4038
7174	596
7175	1627
7176	4338
7177	1563
7178	1668
7179	462
7180	4754
7181	2450
7182	1125
7183	4620
7184	2815
7185	3227
7186	4112
7187	240
7188	4241
7189	1500
7190	1772
7191	1450
7192	331
7193	9
7194	2556
7195	1963
7196	2382
7197	1001
7198	4362
7199	1374
7200	3631
7201	2307
7202	3789
7203	1473
7204	2025
7205	766
7206	30
7207	3195
7208	4106
7209	4586
7210	4807
7211	3099
7212	956
7213	2011
7214	3005
7215	908
7216	1491
7217	1578
7218	834
7219	2808
7220	223
7221	2776
7222	4818
7223	1417
7224	4356
7225	1511
7226	3649
7227	1078
7228	2152
7229	2249
7230	4161
7231	4026
7232	4003
7233	4171
7234	3596
7235	4810
7236	4004
7237	2579
7238	3271
7239	4827
7240	1035
7241	2605
7242	4802
7243	1304
7244	1127
7245	2336
7246	2701
7247	1852
7248	3774
7249	4057
7250	3740
7251	60
7252	1884
7253	626
7254	1781
7255	3385
7256	1159
7257	935
7258	2118
7259	3799
7260	617
7261	4817
7262	1375
7263	2598
7264	921
7265	3236
7266	3620
7267	2906
7268	580
7269	3469
7270	2022
7271	1713
7272	2580
7273	4651
7274	154
7275	536
7276	1666
7277	4162
7278	81
7279	19
7280	419
7281	3741
7282	4839
7283	2366
7284	3192
7285	2289
7286	2810
7287	4781
7288	3735
7289	2090
7290	162
7291	4950
7292	4440
7293	3951
7294	191
7295	1327
7296	4372
7297	4060
7298	1138
7299	145
7300	1005
7301	935
7302	1715
7303	3588
7304	2331
7305	2852
7306	4830
7307	886
7308	3529
7309	2607
7310	1783
7311	936
7312	1354
7313	977
7314	3905
7315	3826
7316	2373
7317	2919
7318	3152
7319	392
7320	2935
7321	4190
7322	4890
7323	1195
7324	1246
7325	2241
7326	2120
7327	3571
7328	114
7329	4518
7330	3816
7331	4303
7332	402
7333	340
7334	332
7335	4201
7336	1807
7337	4379
7338	2217
7339	2863
7340	4823
7341	3264
7342	4752
7343	2004
7344	161
7345	2082
7346	1453
7347	4033
7348	2490
7349	709
7350	841
7351	820
7352	3223
7353	3169
7354	3179
7355	985
7356	1780
7357	720
7358	603
7359	69
7360	518
7361	3372
7362	2064
7363	586
7364	1100
7365	1588
7366	2638
7367	4661
7368	1539
7369	923
7370	3509
7371	2172
7372	3910
7373	2758
7374	433
7375	3531
7376	2651
7377	1540
7378	4460
7379	4447
7380	2369
7381	1374
7382	1827
7383	1661
7384	3301
7385	23
7386	3021
7387	1338
7388	753
7389	1179
7390	831
7391	313
7392	2557
7393	4932
7394	4016
7395	1211
7396	686
7397	4264
7398	4877
7399	1318
7400	3973
7401	1355
7402	815
7403	1621
7404	3545
7405	1779
7406	1250
7407	4944
7408	2640
7409	2190
7410	1147
7411	3323
7412	4221
7413	1675
7414	947
7415	1604
7416	2529
7417	4822
7418	738
7419	3666
7420	1401
7421	1287
7422	1800
7423	2914
7424	3488
7425	2271
7426	4099
7427	583
7428	3773
7429	1799
7430	2353
7431	4398
7432	2954
7433	3524
7434	2660
7435	957
7436	1329
7437	398
7438	1706
7439	261
7440	1168
7441	3022
7442	5
7443	432
7444	4006
7445	3004
7446	4671
7447	4432
7448	2267
7449	1379
7450	2511
7451	4739
7452	2623
7453	1062
7454	4852
7455	3394
7456	1532
7457	3345
7458	35
7459	184
7460	3244
7461	4335
7462	365
7463	2244
7464	4875
7465	867
7466	2251
7467	4519
7468	2762
7469	2368
7470	3218
7471	2448
7472	129
7473	4553
7474	3377
7475	1240
7476	2871
7477	2249
7478	3592
7479	3803
7480	2560
7481	539
7482	2278
7483	1602
7484	1018
7485	4153
7486	1981
7487	2214
7488	1475
7489	1138
7490	81
7491	4045
7492	1962
7493	4533
7494	4524
7495	3846
7496	4459
7497	1061
7498	2698
7499	4617
7500	3627
7501	2845
7502	2636
7503	2996
7504	688
7505	74
7506	4580
7507	2686
7508	2892
7509	4653
7510	3435
7511	2780
7512	532
7513	955
7514	3136
7515	696
7516	859
7517	2451
7518	2771
7519	1652
7520	173
7521	608
7522	4859
7523	4748
7524	2454
7525	149
7526	2011
7527	3227
7528	4070
7529	2645
7530	1123
7531	314
7532	1886
7533	3471
7534	769
7535	1950
7536	4862
7537	1878
7538	4803
7539	3816
7540	3728
7541	783
7542	538
7543	2338
7544	3094
7545	4886
7546	1121
7547	4158
7548	1560
7549	2878
7550	2319
7551	1941
7552	4067
7553	2044
7554	1085
7555	4378
7556	1779
7557	4220
7558	2374
7559	1808
7560	4250
7561	2325
7562	1744
7563	1043
7564	3674
7565	4306
7566	3794
7567	2175
7568	4608
7569	690
7570	622
7571	2298
7572	152
7573	1217
7574	1586
7575	1299
7576	1368
7577	2417
7578	3337
7579	4248
7580	2596
7581	3907
7582	2970
7583	164
7584	3030
7585	1858
7586	2809
7587	2359
7588	4006
7589	4282
7590	971
7591	1542
7592	3127
7593	3542
7594	4443
7595	3930
7596	4595
7597	2606
7598	3473
7599	4813
7600	3652
7601	349
7602	3903
7603	2413
7604	1666
7605	1013
7606	1805
7607	1659
7608	3594
7609	1311
7610	1015
7611	3123
7612	228
7613	1170
7614	1270
7615	2482
7616	4753
7617	4315
7618	1
7619	2031
7620	4187
7621	3232
7622	2874
7623	502
7624	2479
7625	3739
7626	982
7627	1904
7628	4664
7629	76
7630	3382
7631	1058
7632	4396
7633	567
7634	3123
7635	1353
7636	1565
7637	3590
7638	1054
7639	1200
7640	784
7641	3104
7642	1046
7643	4544
7644	117
7645	3871
7646	962
7647	1761
7648	3200
7649	2605
7650	4554
7651	2749
7652	1298
7653	3528
7654	54
7655	2104
7656	1097
7657	2709
7658	4400
7659	2561
7660	4220
7661	663
7662	3880
7663	2242
7664	3010
7665	215
7666	3044
7667	3195
7668	3795
7669	1381
7670	2201
7671	744
7672	4180
7673	1954
7674	4243
7675	953
7676	613
7677	4407
7678	4158
7679	1340
7680	1161
7681	3833
7682	1664
7683	189
7684	4514
7685	4984
7686	3006
7687	2084
7688	3208
7689	1519
7690	3761
7691	2676
7692	4250
7693	321
7694	1888
7695	343
7696	3862
7697	3665
7698	2980
7699	943
7700	2924
7701	272
7702	443
7703	136
7704	3448
7705	4043
7706	2654
7707	2229
7708	4181
7709	3809
7710	3181
7711	2969
7712	4484
7713	1619
7714	4712
7715	4025
7716	4304
7717	1068
7718	3668
7719	2045
7720	4494
7721	3194
7722	699
7723	1645
7724	2000
7725	4377
7726	2614
7727	2428
7728	4196
7729	2690
7730	518
7731	2849
7732	4086
7733	797
7734	53
7735	1754
7736	266
7737	3949
7738	3537
7739	1217
7740	4474
7741	902
7742	4752
7743	2226
7744	4211
7745	4584
7746	4127
7747	2094
7748	2665
7749	3243
7750	2258
7751	402
7752	4894
7753	3969
7754	2569
7755	4964
7756	1437
7757	1384
7758	4122
7759	762
7760	2413
7761	283
7762	3960
7763	2755
7764	1201
7765	2091
7766	522
7767	3632
7768	2328
7769	3564
7770	3897
7771	4379
7772	77
7773	840
7774	603
7775	296
7776	1482
7777	1442
7778	2727
7779	824
7780	3548
7781	273
7782	322
7783	4261
7784	2902
7785	1007
7786	2174
7787	1632
7788	2702
7789	400
7790	188
7791	725
7792	238
7793	3727
7794	1241
7795	500
7796	3975
7797	377
7798	3676
7799	1985
7800	4462
7801	2973
7802	2013
7803	609
7804	2314
7805	2697
7806	3103
7807	2523
7808	2889
7809	2038
7810	335
7811	392
7812	1017
7813	371
7814	4313
7815	827
7816	4964
7817	4808
7818	506
7819	2349
7820	2290
7821	4140
7822	2398
7823	3486
7824	3052
7825	4108
7826	4591
7827	3179
7828	717
7829	1153
7830	67
7831	2641
7832	1711
7833	4168
7834	2298
7835	1309
7836	3164
7837	2024
7838	1870
7839	816
7840	2403
7841	2000
7842	2788
7843	2899
7844	3
7845	4724
7846	2026
7847	3573
7848	2161
7849	3035
7850	2009
7851	1270
7852	2099
7853	3267
7854	4700
7855	2567
7856	2272
7857	525
7858	2722
7859	3725
7860	1137
7861	1992
7862	224
7863	4921
7864	1100
7865	3051
7866	4484
7867	472
7868	1281
7869	1844
7870	4691
7871	2149
7872	1352
7873	199
7874	440
7875	1493
7876	353
7877	2164
7878	208
7879	3063
7880	531
7881	4591
7882	886
7883	3540
7884	741
7885	3348
7886	2604
7887	3592
7888	750
7889	1975
7890	14
7891	568
7892	4568
7893	371
7894	2584
7895	1441
7896	2521
7897	4366
7898	3228
7899	1238
7900	219
7901	598
7902	3855
7903	1152
7904	1112
7905	67
7906	249
7907	2798
7908	2256
7909	613
7910	2596
7911	3246
7912	3120
7913	507
7914	3671
7915	3995
7916	1705
7917	2466
7918	4020
7919	1523
7920	4601
7921	1787
7922	2531
7923	4973
7924	600
7925	2918
7926	4190
7927	3266
7928	1131
7929	4701
7930	1863
7931	1890
7932	3007
7933	50
7934	563
7935	4844
7936	2767
7937	4688
7938	1303
7939	79
7940	1941
7941	2552
7942	979
7943	2535
7944	3878
7945	3071
7946	1241
7947	929
7948	3090
7949	2069
7950	1614
7951	3965
7952	1027
7953	2919
7954	3498
7955	2108
7956	547
7957	1265
7958	3441
7959	4046
7960	2897
7961	3674
7962	207
7963	4800
7964	2868
7965	3686
7966	1577
7967	1951
7968	2881
7969	3006
7970	4609
7971	3222
7972	377
7973	4042
7974	2551
7975	1348
7976	1659
7977	641
7978	4142
7979	91
7980	3003
7981	3800
7982	3978
7983	3663
7984	3836
7985	1582
7986	816
7987	70
7988	331
7989	4442
7990	1369
7991	1499
7992	3717
7993	3215
7994	3554
7995	3228
7996	337
7997	2429
7998	4582
7999	1641
8000	3959
8001	3821
8002	1210
8003	573
8004	4706
8005	197
8006	1764
8007	1386
8008	175
8009	701
8010	125
8011	1579
8012	3425
8013	1060
8014	36
8015	827
8016	256
8017	2854
8018	4855
8019	4322
8020	2150
8021	1171
8022	4597
8023	3442
8024	1161
8025	2971
8026	4349
8027	3177
8028	2589
8029	4847
8030	395
8031	684
8032	2802
8033	2776
8034	1555
8035	2257
8036	4044
8037	306
8038	417
8039	77
8040	4265
8041	3077
8042	128
8043	3360
8044	1909
8045	2171
8046	2173
8047	1085
8048	4373
8049	1292
8050	551
8051	2427
8052	4091
8053	2777
8054	1415
8055	2352
8056	2990
8057	4450
8058	3259
8059	364
8060	1140
8061	2021
8062	2768
8063	260
8064	409
8065	3628
8066	3105
8067	3746
8068	4080
8069	3899
8070	2486
8071	4825
8072	1195
8073	1991
8074	1697
8075	3516
8076	3588
8077	3543
8078	1341
8079	903
8080	2771
8081	3427
8082	1357
8083	4387
8084	3410
8085	1667
8086	2250
8087	1095
8088	2812
8089	3294
8090	2068
8091	3550
8092	169
8093	1651
8094	4708
8095	3665
8096	2601
8097	3260
8098	3924
8099	1518
8100	1515
8101	253
8102	574
8103	1775
8104	4912
8105	1055
8106	3999
8107	1326
8108	4560
8109	949
8110	415
8111	2670
8112	4836
8113	753
8114	2487
8115	3712
8116	1775
8117	3977
8118	207
8119	2541
8120	327
8121	1267
8122	3734
8123	2296
8124	634
8125	4731
8126	447
8127	4089
8128	2264
8129	403
8130	3838
8131	967
8132	2484
8133	3055
8134	4506
8135	1534
8136	3287
8137	106
8138	1074
8139	3194
8140	2148
8141	3904
8142	264
8143	41
8144	1201
8145	327
8146	761
8147	3663
8148	208
8149	3126
8150	1676
8151	1875
8152	4744
8153	1297
8154	4712
8155	4102
8156	2060
8157	709
8158	1467
8159	3691
8160	1096
8161	3598
8162	1571
8163	1071
8164	1136
8165	3784
8166	1898
8167	150
8168	2424
8169	316
8170	1714
8171	4935
8172	2201
8173	4962
8174	4757
8175	4111
8176	2077
8177	833
8178	1223
8179	1289
8180	183
8181	1726
8182	1650
8183	2117
8184	2711
8185	1814
8186	1648
8187	802
8188	1367
8189	2505
8190	3685
8191	4327
8192	1945
8193	1182
8194	1045
8195	4954
8196	4175
8197	3953
8198	343
8199	3590
8200	1789
8201	79
8202	2043
8203	3167
8204	2350
8205	3413
8206	4407
8207	2828
8208	3038
8209	417
8210	2692
8211	1158
8212	3786
8213	794
8214	4672
8215	4888
8216	810
8217	1678
8218	2662
8219	1174
8220	3359
8221	3742
8222	3088
8223	730
8224	2641
8225	3210
8226	1246
8227	1626
8228	589
8229	374
8230	912
8231	2812
8232	4214
8233	3621
8234	3316
8235	975
8236	4029
8237	2428
8238	3232
8239	4068
8240	3184
8241	143
8242	2512
8243	4275
8244	4540
8245	4775
8246	3097
8247	1367
8248	2389
8249	4917
8250	220
8251	345
8252	2101
8253	3246
8254	4454
8255	3777
8256	3497
8257	3247
8258	2204
8259	8
8260	1855
8261	4861
8262	555
8263	1686
8264	1682
8265	3686
8266	4240
8267	65
8268	2698
8269	4078
8270	3462
8271	4499
8272	3092
8273	4781
8274	1486
8275	4188
8276	1828
8277	4154
8278	1584
8279	732
8280	4288
8281	4101
8282	3644
8283	3965
8284	854
8285	1157
8286	4299
8287	114
8288	3219
8289	4510
8290	3202
8291	3014
8292	733
8293	2619
8294	4231
8295	648
8296	111
8297	3108
8298	3629
8299	2043
8300	3897
8301	3135
8302	4517
8303	3383
8304	3254
8305	481
8306	1579
8307	2694
8308	4482
8309	1451
8310	1796
8311	1171
8312	4955
8313	1688
8314	3340
8315	1511
8316	3378
8317	2309
8318	2423
8319	3445
8320	3786
8321	1334
8322	3011
8323	271
8324	1978
8325	3657
8326	3463
8327	4248
8328	1127
8329	2586
8330	1906
8331	297
8332	4355
8333	4894
8334	3073
8335	2129
8336	1073
8337	3183
8338	3964
8339	4827
8340	2879
8341	2453
8342	3585
8343	2763
8344	4075
8345	4431
8346	3080
8347	2815
8348	3974
8349	3797
8350	470
8351	1265
8352	1065
8353	2378
8354	802
8355	526
8356	125
8357	1399
8358	3880
8359	4877
8360	308
8361	1003
8362	4030
8363	1253
8364	3623
8365	4991
8366	3482
8367	1576
8368	2894
8369	221
8370	3557
8371	1565
8372	3746
8373	1248
8374	1581
8375	10
8376	2459
8377	840
8378	4508
8379	1447
8380	4762
8381	1435
8382	304
8383	4448
8384	4179
8385	4360
8386	3931
8387	2913
8388	4273
8389	3757
8390	533
8391	217
8392	2645
8393	408
8394	2933
8395	2513
8396	1737
8397	3735
8398	4235
8399	679
8400	3620
8401	622
8402	1574
8403	4911
8404	1399
8405	2010
8406	995
8407	2590
8408	2314
8409	21
8410	4093
8411	3855
8412	610
8413	2577
8414	2273
8415	1725
8416	1516
8417	1983
8418	4245
8419	1262
8420	4879
8421	4430
8422	2534
8423	752
8424	50
8425	86
8426	752
8427	2636
8428	326
8429	218
8430	3251
8431	3241
8432	4810
8433	433
8434	4482
8435	4402
8436	3667
8437	4506
8438	1098
8439	4275
8440	4657
8441	2768
8442	2964
8443	2626
8444	1249
8445	1756
8446	4954
8447	1418
8448	1309
8449	2950
8450	2755
8451	3275
8452	1290
8453	4612
8454	2788
8455	1065
8456	4710
8457	589
8458	1483
8459	3938
8460	4651
8461	4335
8462	1722
8463	3126
8464	4262
8465	323
8466	4539
8467	1840
8468	3351
8469	2352
8470	1045
8471	4062
8472	4308
8473	2231
8474	4160
8475	4204
8476	4579
8477	309
8478	955
8479	2750
8480	4545
8481	1786
8482	2019
8483	1440
8484	4324
8485	913
8486	466
8487	3110
8488	4326
8489	512
8490	1803
8491	3188
8492	1931
8493	1296
8494	168
8495	2989
8496	4907
8497	2505
8498	739
8499	642
8500	2479
8501	4318
8502	2434
8503	2509
8504	3927
8505	3208
8506	3598
8507	573
8508	3253
8509	797
8510	393
8511	2346
8512	1929
8513	941
8514	2485
8515	2378
8516	4395
8517	2701
8518	4460
8519	4068
8520	4841
8521	1235
8522	1192
8523	1225
8524	570
8525	4487
8526	2068
8527	2097
8528	109
8529	2254
8530	2602
8531	2534
8532	3275
8533	3173
8534	4195
8535	2281
8536	3205
8537	2765
8538	131
8539	2394
8540	1660
8541	3939
8542	806
8543	973
8544	3600
8545	865
8546	1813
8547	3496
8548	469
8549	3285
8550	2088
8551	1142
8552	1689
8553	3134
8554	575
8555	2960
8556	36
8557	1674
8558	4546
8559	4847
8560	266
8561	4095
8562	2048
8563	1955
8564	1040
8565	3656
8566	3720
8567	2131
8568	3758
8569	2634
8570	1621
8571	878
8572	2197
8573	2588
8574	4736
8575	2785
8576	3987
8577	3482
8578	3478
8579	4798
8580	943
8581	3104
8582	1421
8583	2961
8584	3904
8585	2305
8586	4139
8587	2244
8588	3217
8589	2599
8590	360
8591	1021
8592	2526
8593	4556
8594	1344
8595	2354
8596	2421
8597	4177
8598	3918
8599	2086
8600	1549
8601	3670
8602	591
8603	4538
8604	1238
8605	3815
8606	1692
8607	3532
8608	4436
8609	1185
8610	1145
8611	1261
8612	1082
8613	3054
8614	3528
8615	3098
8616	4105
8617	1322
8618	4545
8619	1712
8620	3555
8621	4015
8622	178
8623	1773
8624	278
8625	4367
8626	3759
8627	828
8628	3289
8629	3107
8630	47
8631	1358
8632	3720
8633	193
8634	3851
8635	2967
8636	4735
8637	1970
8638	2097
8639	2285
8640	1221
8641	4245
8642	2945
8643	3091
8644	3229
8645	3517
8646	1951
8647	3647
8648	2333
8649	3129
8650	3252
8651	2752
8652	2936
8653	103
8654	2228
8655	2504
8656	2619
8657	2004
8658	3501
8659	3298
8660	4475
8661	767
8662	3460
8663	104
8664	4442
8665	4891
8666	1848
8667	3060
8668	1226
8669	1596
8670	2538
8671	2356
8672	404
8673	4615
8674	3639
8675	405
8676	1459
8677	27
8678	1515
8679	2400
8680	2609
8681	1875
8682	4154
8683	3980
8684	1125
8685	4479
8686	3025
8687	3298
8688	370
8689	513
8690	3402
8691	1212
8692	2272
8693	1700
8694	511
8695	3492
8696	3596
8697	212
8698	1758
8699	1794
8700	1878
8701	3454
8702	3750
8703	473
8704	2382
8705	281
8706	1299
8707	4732
8708	4966
8709	3183
8710	3436
8711	4185
8712	2441
8713	1529
8714	2733
8715	808
8716	4922
8717	1202
8718	2540
8719	878
8720	4287
8721	4251
8722	4520
8723	93
8724	913
8725	4355
8726	848
8727	3737
8728	1016
8729	1628
8730	4559
8731	4577
8732	583
8733	4242
8734	4672
8735	3702
8736	1600
8737	3479
8738	286
8739	1647
8740	2889
8741	1703
8742	3672
8743	2868
8744	4865
8745	2373
8746	4415
8747	2406
8748	1087
8749	293
8750	4735
8751	3710
8752	4669
8753	73
8754	2337
8755	2856
8756	2903
8757	761
8758	456
8759	2951
8760	1453
8761	548
8762	175
8763	3705
8764	4028
8765	1569
8766	1482
8767	2110
8768	3983
8769	2121
8770	4147
8771	93
8772	3348
8773	2458
8774	3714
8775	2161
8776	2376
8777	4800
8778	2121
8779	370
8780	2875
8781	2390
8782	2728
8783	4431
8784	4519
8785	167
8786	653
8787	1931
8788	964
8789	2323
8790	528
8791	1494
8792	4646
8793	267
8794	4963
8795	1513
8796	4860
8797	1218
8798	796
8799	1358
8800	2337
8801	4259
8802	4418
8803	3936
8804	4738
8805	803
8806	950
8807	1443
8808	2848
8809	4259
8810	3500
8811	342
8812	2865
8813	4569
8814	3941
8815	3762
8816	3704
8817	1353
8818	4600
8819	1921
8820	2904
8821	777
8822	1111
8823	446
8824	4616
8825	2395
8826	3109
8827	3773
8828	10
8829	2774
8830	1347
8831	2809
8832	987
8833	3388
8834	458
8835	3158
8836	1668
8837	2216
8838	3424
8839	3206
8840	1700
8841	4401
8842	2280
8843	2485
8844	2361
8845	1909
8846	2463
8847	3730
8848	3542
8849	3159
8850	2908
8851	3424
8852	3653
8853	4319
8854	3693
8855	621
8856	3591
8857	4852
8858	4539
8859	1148
8860	4255
8861	2550
8862	675
8863	4801
8864	2921
8865	1228
8866	2750
8867	1004
8868	352
8869	294
8870	1343
8871	519
8872	3633
8873	1903
8874	3926
8875	334
8876	3346
8877	1893
8878	824
8879	759
8880	719
8881	3877
8882	1702
8883	4551
8884	3210
8885	744
8886	1492
8887	3619
8888	2785
8889	869
8890	647
8891	4228
8892	2710
8893	3420
8894	3032
8895	2947
8896	4936
8897	962
8898	4118
8899	3503
8900	1208
8901	871
8902	4125
8903	559
8904	1590
8905	877
8906	4643
8907	4253
8908	2184
8909	2728
8910	4430
8911	363
8912	2293
8913	910
8914	686
8915	3666
8916	230
8917	3677
8918	2508
8919	1672
8920	4132
8921	2770
8922	3806
8923	202
8924	3156
8925	2183
8926	13
8927	4254
8928	4600
8929	3379
8930	2466
8931	1712
8932	18
8933	1673
8934	3320
8935	1719
8936	2808
8937	746
8938	2449
8939	2668
8940	2159
8941	3254
8942	4679
8943	3854
8944	3765
8945	388
8946	961
8947	1417
8948	4583
8949	3058
8950	2632
8951	476
8952	1025
8953	4221
8954	3581
8955	3003
8956	4194
8957	4456
8958	3001
8959	2183
8960	1721
8961	4727
8962	2376
8963	558
8964	4926
8965	1541
8966	3553
8967	302
8968	4578
8969	2683
8970	149
8971	2208
8972	3165
8973	3436
8974	1108
8975	4973
8976	4906
8977	4255
8978	3945
8979	1345
8980	3959
8981	1525
8982	2306
8983	3267
8984	1805
8985	3031
8986	2233
8987	2212
8988	12
8989	3220
8990	1670
8991	698
8992	42
8993	2754
8994	4489
8995	85
8996	844
8997	2463
8998	184
8999	3242
9000	908
9001	2613
9002	2626
9003	2475
9004	619
9005	4138
9006	3572
9007	332
9008	3646
9009	3065
9010	1236
9011	2811
9012	2710
9013	860
9014	4282
9015	1329
9016	2087
9017	1572
9018	3071
9019	4579
9020	3961
9021	301
9022	4469
9023	1637
9024	4610
9025	1155
9026	985
9027	2303
9028	4416
9029	4475
9030	4110
9031	4227
9032	2890
9033	4227
9034	1281
9035	3108
9036	806
9037	4319
9038	866
9039	2567
9040	733
9041	1228
9042	2420
9043	4641
9044	1971
9045	1156
9046	3068
9047	1197
9048	1073
9049	1322
9050	593
9051	4853
9052	2864
9053	3931
9054	2793
9055	1846
9056	144
9057	1719
9058	2117
9059	4492
9060	476
9061	2149
9062	1438
9063	4726
9064	4860
9065	2284
9066	719
9067	52
9068	2107
9069	2980
9070	4830
9071	4546
9072	315
9073	2727
9074	297
9075	4736
9076	637
9077	2131
9078	973
9079	281
9080	1753
9081	129
9082	4368
9083	524
9084	2716
9085	2411
9086	1541
9087	4261
9088	1435
9089	2270
9090	2233
9091	4490
9092	1905
9093	1343
9094	442
9095	3921
9096	363
9097	858
9098	322
9099	3782
9100	3908
9101	2372
9102	3621
9103	771
9104	3684
9105	4193
9106	3901
9107	1833
9108	939
9109	1678
9110	3182
9111	1731
9112	3714
9113	882
9114	2141
9115	836
9116	2418
9117	3289
9118	3483
9119	315
9120	4448
9121	3939
9122	1764
9123	830
9124	4021
9125	4198
9126	1516
9127	3285
9128	807
9129	2284
9130	4246
9131	864
9132	4076
9133	4996
9134	1949
9135	703
9136	629
9137	1985
9138	4507
9139	3358
9140	152
9141	2143
9142	2846
9143	2655
9144	1533
9145	1175
9146	374
9147	4079
9148	2370
9149	2319
9150	2822
9151	638
9152	94
9153	3286
9154	4949
9155	4118
9156	2448
9157	3029
9158	1083
9159	2049
9160	1004
9161	4569
9162	412
9163	3388
9164	4737
9165	3696
9166	4146
9167	213
9168	4156
9169	2328
9170	4163
9171	1345
9172	3647
9173	2876
9174	2071
9175	280
9176	2317
9177	2053
9178	2500
9179	3369
9180	781
9181	1997
9182	358
9183	801
9184	3121
9185	2361
9186	4691
9187	4066
9188	1561
9189	2197
9190	3734
9191	3032
9192	3805
9193	3220
9194	3090
9195	351
9196	2912
9197	4263
9198	2985
9199	396
9200	3550
9201	2978
9202	3268
9203	4608
9204	4679
9205	4421
9206	1664
9207	3378
9208	1218
9209	2085
9210	1925
9211	3503
9212	1994
9213	3383
9214	639
9215	2101
9216	3364
9217	3148
9218	2025
9219	3725
9220	1943
9221	204
9222	3098
9223	1955
9224	2088
9225	1189
9226	422
9227	1046
9228	4583
9229	2518
9230	909
9231	1156
9232	4018
9233	3379
9234	1735
9235	980
9236	3036
9237	1910
9238	500
9239	1915
9240	3924
9241	1545
9242	2507
9243	2766
9244	1324
9245	3286
9246	1474
9247	654
9248	550
9249	1855
9250	1044
9251	697
9252	4436
9253	1248
9254	158
9255	240
9256	2893
9257	1778
9258	2924
9259	3167
9260	4183
9261	813
9262	4210
9263	3611
9264	3205
9265	4309
9266	2458
9267	4020
9268	1386
9269	4720
9270	2008
9271	1168
9272	4258
9273	531
9274	2589
9275	1768
9276	1475
9277	1357
9278	32
9279	1054
9280	4743
9281	4657
9282	548
9283	4737
9284	1139
9285	1206
9286	1576
9287	1889
9288	3350
9289	3204
9290	3466
9291	1600
9292	4163
9293	4103
9294	4477
9295	2357
9296	2680
9297	4349
9298	4362
9299	2865
9300	2736
9301	4119
9302	1304
9303	2517
9304	4443
9305	4322
9306	2252
9307	2269
9308	2655
9309	1360
9310	4771
9311	4953
9312	4498
9313	895
9314	5000
9315	3506
9316	2723
9317	3087
9318	4124
9319	4957
9320	3521
9321	2238
9322	1356
9323	2890
9324	3065
9325	2375
9326	1753
9327	1562
9328	2965
9329	2564
9330	1997
9331	3945
9332	2517
9333	4147
9334	2206
9335	220
9336	2688
9337	1027
9338	1456
9339	4787
9340	108
9341	3507
9342	4957
9343	677
9344	4922
9345	278
9346	928
9347	3552
9348	2682
9349	2875
9350	3670
9351	3384
9352	1716
9353	3887
9354	3818
9355	3515
9356	4757
9357	1047
9358	4885
9359	3643
9360	4473
9361	1286
9362	616
9363	4528
9364	388
9365	1324
9366	4175
9367	3031
9368	2317
9369	4269
9370	677
9371	2586
9372	3252
9373	4872
9374	4961
9375	3940
9376	2365
9377	2209
9378	2418
9379	1786
9380	4707
9381	1349
9382	1492
9383	4148
9384	2216
9385	2291
9386	1868
9387	1440
9388	510
9389	1295
9390	2831
9391	924
9392	2229
9393	801
9394	1986
9395	3540
9396	1029
9397	2340
9398	537
9399	3043
9400	2848
9401	199
9402	3444
9403	2174
9404	1634
9405	2601
9406	3260
9407	2246
9408	2527
9409	4119
9410	2087
9411	1929
9412	1141
9413	748
9414	1092
9415	2188
9416	177
9417	1946
9418	3900
9419	1823
9420	524
9421	3307
9422	4671
9423	3732
9424	4929
9425	41
9426	1754
9427	4330
9428	4963
9429	2089
9430	2195
9431	2151
9432	1207
9433	1230
9434	204
9435	4056
9436	4477
9437	2365
9438	4766
9439	4325
9440	2207
9441	1988
9442	4944
9443	3211
9444	812
9445	1806
9446	1484
9447	2253
9448	2584
9449	2838
9450	2933
9451	4541
9452	2375
9453	3352
9454	3008
9455	4487
9456	3039
9457	38
9458	4040
9459	2640
9460	1530
9461	3648
9462	2390
9463	932
9464	3804
9465	2476
9466	4378
9467	4428
9468	2614
9469	2694
9470	2558
9471	1295
9472	3555
9473	1691
9474	1584
9475	839
9476	4258
9477	1288
9478	3887
9479	4722
9480	4412
9481	1894
9482	1207
9483	2513
9484	1653
9485	1986
9486	4449
9487	4543
9488	366
9489	4473
9490	3805
9491	1889
9492	1119
9493	233
9494	1782
9495	2041
9496	747
9497	4374
9498	4771
9499	746
9500	1969
9501	1215
9502	3398
9503	470
9504	487
9505	4309
9506	506
9507	154
9508	3958
9509	694
9510	2654
9511	4962
9512	23
9513	2611
9514	3692
9515	1199
9516	3515
9517	4205
9518	1844
9519	4864
9520	3323
9521	2610
9522	4267
9523	3923
9524	2047
9525	2510
9526	5000
9527	1192
9528	3921
9529	1474
9530	592
9531	4312
9532	2305
9533	631
9534	2863
9535	900
9536	3148
9537	2696
9538	1901
9539	4226
9540	1989
9541	1047
9542	4550
9543	3272
9544	1361
9545	4641
9546	559
9547	2934
9548	1483
9549	4966
9550	1208
9551	799
9552	2113
9553	2256
9554	1653
9555	3202
9556	2963
9557	73
9558	2171
9559	4246
9560	1135
9561	4953
9562	2947
9563	3637
9564	1215
9565	4891
9566	4528
9567	203
9568	2901
9569	2022
9570	3586
9571	555
9572	1672
9573	1074
9574	2194
9575	49
9576	2550
9577	3739
9578	4262
9579	950
9580	612
9581	1430
9582	3359
9583	3429
9584	1704
9585	520
9586	4529
9587	3533
9588	2762
9589	708
9590	3197
9591	4321
9592	3841
9593	1397
9594	3586
9595	4538
9596	4013
9597	1133
9598	4239
9599	2789
9600	1741
9601	4242
9602	2976
9603	831
9604	3692
9605	2013
9606	3212
9607	2688
9608	2408
9609	511
9610	2916
9611	946
9612	2540
9613	4754
9614	946
9615	649
9616	2338
9617	2568
9618	2901
9619	3047
9620	2833
9621	1279
9622	4861
9623	1969
9624	2568
9625	711
9626	1459
9627	2925
9628	888
9629	2392
9630	193
9631	2829
9632	2236
9633	4317
9634	1778
9635	1224
9636	1628
9637	4766
9638	1639
9639	1782
9640	4798
9641	150
9642	3431
9643	2089
9644	754
9645	369
9646	4730
9647	3369
9648	4483
9649	2833
9650	2910
9651	3052
9652	3468
9653	272
9654	944
9655	2018
9656	978
9657	3750
9658	4363
9659	1126
9660	2455
9661	203
9662	1145
9663	631
9664	4100
9665	187
9666	3102
9667	4945
9668	2019
9669	29
9670	2370
9671	3632
9672	1160
9673	1172
9674	4
9675	2041
9676	2099
9677	2789
9678	18
9679	1286
9680	2232
9681	309
9682	2210
9683	1303
9684	3595
9685	3079
9686	2261
9687	102
9688	3950
9689	2518
9690	4578
9691	3063
9692	358
9693	4499
9694	684
9695	1284
9696	1657
9697	369
9698	287
9699	3412
9700	438
9701	4195
9702	4117
9703	4833
9704	2650
9705	1691
9706	3428
9707	3717
9708	4819
9709	3336
9710	1638
9711	2558
9712	688
9713	971
9714	2232
9715	1056
9716	3300
9717	287
9718	3807
9719	52
9720	3501
9721	1142
9722	836
9723	3212
9724	1199
9725	2280
9726	1907
9727	4933
9728	4809
9729	1315
9730	629
9731	349
9732	1606
9733	638
9734	4428
9735	1946
9736	3352
9737	1413
9738	3005
9739	4149
9740	3641
9741	3420
9742	166
9743	1468
9744	3993
9745	4357
9746	3997
9747	4231
9748	2455
9749	4406
9750	3101
9751	1988
9752	3807
9753	812
9754	1066
9755	3430
9756	1687
9757	2992
9758	1996
9759	1421
9760	619
9761	3269
9762	4543
9763	466
9764	4693
9765	38
9766	4124
9767	2931
9768	3637
9769	3256
9770	3997
9771	4951
9772	2740
9773	4872
9774	2072
9775	864
9776	1126
9777	3079
9778	4357
9779	157
9780	1400
9781	3684
9782	2864
9783	4833
9784	2291
9785	354
9786	1066
9787	1439
9788	871
9789	4670
9790	510
9791	318
9792	1871
9793	2685
9794	2910
9795	3541
9796	694
9797	3702
9798	22
9799	839
9800	4375
9801	2559
9802	4201
9803	2395
9804	2835
9805	2951
9806	3731
9807	2248
9808	4664
9809	599
9810	747
9811	2767
9812	4503
9813	4561
9814	1427
9815	3101
9816	2396
9817	3799
9818	4982
9819	2978
9820	3112
9821	4820
9822	3453
9823	2930
9824	3950
9825	2806
9826	3317
9827	685
9828	1131
9829	923
9830	3493
9831	798
9832	426
9833	868
9834	3407
9835	345
9836	2976
9837	4704
9838	3219
9839	1445
9840	2765
9841	3060
9842	3563
9843	4128
9844	2939
9845	591
9846	4117
9847	3541
9848	1574
9849	1609
9850	1996
9851	3831
9852	2035
9853	3364
9854	4710
9855	4819
9856	3493
9857	4267
9858	3111
9859	3949
9860	1064
9861	4069
9862	2752
9863	2506
9864	4510
9865	1387
9866	601
9867	1609
9868	4347
9869	109
9870	2471
9871	2353
9872	4787
9873	1230
9874	2396
9875	1439
9876	4503
9877	4070
9878	2965
9879	4206
9880	3303
9881	3595
9882	711
9883	2754
9884	2471
9885	2245
9886	4061
9887	4048
9888	621
9889	4290
9890	2437
9891	1133
9892	4514
9893	4069
9894	4497
9895	552
9896	2476
9897	3644
9898	4208
9899	1119
9900	1315
9901	2145
9902	4982
9903	2058
9904	2985
9905	1135
9906	596
9907	3358
9908	1925
9909	3103
9910	4730
9911	334
9912	1264
9913	552
9914	2245
9915	3307
9916	3445
9917	4232
9918	3173
9919	1741
9920	1606
9921	4394
9922	2435
9923	2806
9924	3150
9925	3002
9926	888
9927	1823
9928	4899
9929	726
9930	3851
9931	1264
9932	3556
9933	2659
9934	1176
9935	798
9936	4662
9937	301
9938	3453
9939	3905
9940	2921
9941	2303
9942	1871
9943	4497
9944	4550
9945	1255
9946	3688
9947	4367
9948	1930
9949	4363
9950	2588
9951	3864
9952	1380
9953	3317
9954	2085
9955	3850
9956	924
9957	361
9958	2650
9959	2008
9960	1288
9961	1868
9962	3248
9963	4542
9964	4208
9965	3274
9966	4824
9967	1833
9968	3008
9969	4924
9970	4394
9971	697
9972	3626
9973	4138
9974	3886
9975	3365
9976	1638
9977	4194
9978	2893
9979	4778
9980	3850
9981	2696
9982	3268
9983	2035
9984	2208
9985	3864
9986	1687
9987	809
9988	3583
9989	3759
9990	3688
9991	1313
9992	4865
9993	4878
9994	2215
9995	4751
9996	2215
9997	3344
9998	2031
9999	895
10000	4878
