Class Times	100
Rooms	100
1	193
2	153
3	891
4	548
5	741
6	759
7	131
8	314
9	95
10	188
11	230
12	454
13	696
14	933
15	769
16	306
17	595
18	683
19	109
20	536
21	873
22	112
23	397
24	101
25	460
26	712
27	336
28	224
29	278
30	437
31	114
32	33
33	134
34	679
35	801
36	479
37	789
38	740
39	590
40	163
41	777
42	933
43	616
44	327
45	99
46	940
47	197
48	358
49	703
50	741
51	196
52	742
53	891
54	554
55	410
56	351
57	154
58	539
59	101
60	965
61	865
62	927
63	156
64	830
65	688
66	263
67	57
68	779
69	551
70	319
71	206
72	481
73	668
74	385
75	860
76	725
77	542
78	635
79	107
80	675
81	119
82	739
83	949
84	923
85	271
86	926
87	50
88	656
89	666
90	679
91	871
92	456
93	372
94	814
95	545
96	696
97	831
98	56
99	356
100	111
Classes	10000
Teachers	5000
1	2479
2	4077
3	1148
4	4862
5	4156
6	2882
7	2339
8	3641
9	4731
10	2407
11	3389
12	3714
13	4044
14	3472
15	241
16	1149
17	319
18	1113
19	112
20	2364
21	146
22	2485
23	3444
24	3631
25	4209
26	2399
27	294
28	3528
29	4823
30	2903
31	3422
32	1814
33	2213
34	1687
35	3028
36	2395
37	4164
38	3569
39	3508
40	3704
41	3228
42	4940
43	983
44	1418
45	1229
46	4362
47	1303
48	4777
49	1923
50	2586
51	2875
52	3513
53	585
54	4967
55	4779
56	3986
57	3016
58	1574
59	213
60	369
61	4301
62	4540
63	4382
64	3744
65	3150
66	260
67	2231
68	3686
69	1144
70	1558
71	4356
72	177
73	783
74	2844
75	2361
76	3496
77	4196
78	1486
79	712
80	660
81	3439
82	1009
83	4813
84	4120
85	2738
86	4684
87	761
88	4059
89	112
90	287
91	854
92	4964
93	1796
94	3122
95	4886
96	169
97	4638
98	2406
99	1108
100	90
101	2433
102	2092
103	284
104	3548
105	3342
106	2552
107	2840
108	2445
109	2485
110	2073
111	3727
112	3312
113	2345
114	2046
115	4444
116	663
117	1171
118	1298
119	1023
120	4501
121	1502
122	2383
123	3561
124	3647
125	1723
126	1381
127	4714
128	3299
129	3035
130	1011
131	98
132	461
133	3931
134	1580
135	3768
136	2725
137	3619
138	2456
139	1154
140	660
141	3302
142	1866
143	4429
144	2437
145	3812
146	640
147	1288
148	2854
149	355
150	997
151	153
152	903
153	3466
154	4306
155	3856
156	2161
157	2401
158	3232
159	573
160	545
161	981
162	2484
163	2140
164	239
165	1086
166	1136
167	4717
168	1394
169	3056
170	837
171	2830
172	4729
173	1833
174	2179
175	2310
176	1438
177	4868
178	2551
179	3997
180	3281
181	1326
182	3484
183	3807
184	2110
185	3473
186	4142
187	93
188	811
189	1101
190	2092
191	6
192	309
193	4592
194	2205
195	2643
196	2281
197	4363
198	2635
199	458
200	3927
201	4818
202	1638
203	2257
204	2082
205	4152
206	106
207	1621
208	1103
209	2732
210	4342
211	304
212	47
213	4078
214	2727
215	690
216	4344
217	3382
218	4737
219	2067
220	3243
221	2944
222	3590
223	4303
224	4193
225	1059
226	4683
227	2528
228	1927
229	1679
230	4797
231	2850
232	3339
233	322
234	559
235	948
236	2510
237	226
238	4362
239	972
240	968
241	4809
242	4332
243	1277
244	4890
245	3169
246	3989
247	2932
248	3630
249	2429
250	3405
251	2050
252	1323
253	1140
254	176
255	2915
256	3138
257	4155
258	922
259	1837
260	3803
261	308
262	1776
263	29
264	3804
265	1804
266	3996
267	4489
268	2042
269	4527
270	4284
271	689
272	858
273	2841
274	2001
275	2401
276	4295
277	4054
278	4623
279	2325
280	4014
281	2493
282	709
283	782
284	3642
285	1085
286	129
287	1870
288	4989
289	159
290	492
291	1403
292	2861
293	767
294	1784
295	283
296	208
297	3419
298	3296
299	682
300	1691
301	1728
302	4463
303	417
304	95
305	3718
306	3352
307	3973
308	1091
309	2643
310	1132
311	4953
312	4089
313	3156
314	831
315	892
316	121
317	799
318	3448
319	3702
320	983
321	1684
322	804
323	91
324	2168
325	168
326	3224
327	548
328	2267
329	3379
330	1863
331	1380
332	3558
333	5
334	2529
335	4486
336	1895
337	4451
338	4729
339	3306
340	4042
341	573
342	7
343	1697
344	4317
345	4042
346	1024
347	269
348	243
349	206
350	2148
351	1372
352	3663
353	1915
354	1105
355	101
356	4914
357	2545
358	850
359	2047
360	684
361	4619
362	2577
363	516
364	1801
365	4436
366	2576
367	2527
368	427
369	3807
370	2598
371	1262
372	2922
373	3715
374	4829
375	2112
376	2658
377	1944
378	2637
379	2870
380	2386
381	1780
382	2443
383	3701
384	3723
385	1765
386	3661
387	2846
388	3181
389	3653
390	4436
391	540
392	2867
393	1507
394	3060
395	812
396	968
397	2998
398	1734
399	2838
400	3059
401	3100
402	1775
403	593
404	1576
405	1394
406	2142
407	4193
408	994
409	233
410	1235
411	4468
412	1780
413	14
414	1332
415	4802
416	3270
417	2432
418	4662
419	2886
420	931
421	2739
422	2480
423	3720
424	688
425	86
426	1267
427	1696
428	4196
429	2655
430	2385
431	1014
432	272
433	3646
434	4623
435	3598
436	1476
437	3835
438	3595
439	2515
440	4854
441	3057
442	3292
443	847
444	4566
445	2262
446	69
447	23
448	3019
449	867
450	2328
451	2435
452	3740
453	3790
454	3410
455	3228
456	2802
457	4347
458	3908
459	896
460	3764
461	3057
462	2523
463	1318
464	758
465	3374
466	3697
467	1605
468	3262
469	332
470	1855
471	2249
472	3944
473	1821
474	1968
475	934
476	481
477	3405
478	2035
479	884
480	912
481	663
482	4722
483	3933
484	2777
485	3748
486	1824
487	3798
488	4009
489	1042
490	209
491	2234
492	1523
493	321
494	1757
495	3320
496	4179
497	99
498	347
499	3754
500	3766
501	637
502	2788
503	1564
504	974
505	1453
506	4473
507	2371
508	1644
509	1885
510	2507
511	1526
512	4661
513	836
514	4771
515	3182
516	507
517	198
518	2243
519	2031
520	4172
521	531
522	3494
523	2108
524	1675
525	3421
526	465
527	1274
528	4124
529	3960
530	1783
531	2614
532	1035
533	2079
534	1411
535	4905
536	1287
537	3959
538	3501
539	2035
540	4965
541	4573
542	2808
543	4160
544	716
545	35
546	4996
547	553
548	644
549	1034
550	2882
551	2306
552	4184
553	1164
554	3111
555	2167
556	3425
557	670
558	4582
559	3765
560	3718
561	1509
562	4093
563	4106
564	4833
565	4894
566	4110
567	4642
568	791
569	1755
570	263
571	3993
572	661
573	2989
574	1369
575	1021
576	2166
577	3648
578	4444
579	2754
580	4838
581	3595
582	1945
583	2304
584	1484
585	4699
586	4180
587	675
588	996
589	3544
590	1098
591	1426
592	3968
593	3717
594	4241
595	138
596	3288
597	4632
598	3614
599	4686
600	3294
601	1585
602	2399
603	4387
604	3372
605	4174
606	326
607	3054
608	1326
609	332
610	2671
611	3598
612	767
613	3938
614	676
615	2628
616	252
617	2680
618	69
619	3500
620	2167
621	3865
622	2948
623	4520
624	2142
625	4885
626	181
627	1119
628	4720
629	1347
630	1037
631	4497
632	3468
633	3601
634	1840
635	482
636	3094
637	2100
638	3736
639	1630
640	2413
641	1895
642	4765
643	3960
644	1572
645	3497
646	4330
647	405
648	4283
649	3365
650	3206
651	2179
652	4466
653	870
654	3757
655	2729
656	492
657	500
658	3114
659	3113
660	4903
661	3272
662	4297
663	908
664	1307
665	4521
666	2610
667	3829
668	924
669	2659
670	2820
671	18
672	1790
673	3943
674	3552
675	1384
676	3713
677	4245
678	2856
679	3012
680	4126
681	3013
682	805
683	2507
684	672
685	1064
686	3394
687	4562
688	2872
689	3991
690	441
691	75
692	1030
693	2375
694	4126
695	4893
696	2451
697	3982
698	3438
699	2823
700	3640
701	3626
702	2027
703	2822
704	3622
705	2623
706	2628
707	3399
708	607
709	158
710	2568
711	2770
712	2536
713	1504
714	2576
715	3658
716	1477
717	2649
718	561
719	3805
720	2421
721	4616
722	4789
723	36
724	731
725	4637
726	647
727	4650
728	3915
729	1486
730	4151
731	955
732	1483
733	1070
734	659
735	2144
736	530
737	890
738	1781
739	2476
740	378
741	1959
742	2685
743	1897
744	791
745	3234
746	4544
747	2829
748	2868
749	1685
750	1456
751	3702
752	3121
753	3720
754	2327
755	1028
756	4237
757	2398
758	2806
759	834
760	3636
761	1409
762	780
763	4515
764	4969
765	4268
766	1344
767	1537
768	651
769	1183
770	4655
771	652
772	4332
773	1027
774	1139
775	2832
776	2815
777	1362
778	62
779	1937
780	3295
781	1395
782	1191
783	1297
784	507
785	4455
786	2914
787	12
788	2279
789	457
790	3683
791	2597
792	2308
793	2106
794	606
795	3897
796	540
797	24
798	2524
799	1383
800	130
801	2812
802	4489
803	3379
804	3326
805	608
806	2841
807	2383
808	2016
809	4173
810	934
811	2119
812	463
813	4468
814	4046
815	2458
816	4547
817	2292
818	2209
819	3454
820	4175
821	1919
822	4997
823	1589
824	4650
825	1029
826	2565
827	3883
828	2436
829	3192
830	3508
831	1545
832	415
833	119
834	3049
835	854
836	577
837	4774
838	4114
839	3536
840	3723
841	2920
842	3551
843	4400
844	4974
845	3673
846	4980
847	4641
848	3910
849	4831
850	2011
851	2562
852	3748
853	49
854	2286
855	102
856	406
857	4189
858	726
859	2101
860	330
861	4526
862	3909
863	1831
864	4180
865	183
866	3112
867	3041
868	3371
869	1117
870	549
871	1020
872	537
873	3463
874	2734
875	118
876	4092
877	2980
878	973
879	614
880	4537
881	4475
882	153
883	2458
884	2772
885	2389
886	192
887	1244
888	4533
889	2277
890	4819
891	2674
892	4839
893	3697
894	3332
895	4278
896	4495
897	1094
898	816
899	1458
900	2846
901	3209
902	3039
903	4498
904	95
905	2446
906	3406
907	1155
908	1581
909	4643
910	2295
911	3352
912	4774
913	1493
914	1629
915	978
916	1416
917	1278
918	4006
919	3245
920	4733
921	3994
922	4663
923	2692
924	3136
925	3174
926	2713
927	352
928	1805
929	1293
930	4498
931	1686
932	4611
933	1265
934	4185
935	3410
936	2639
937	2219
938	2153
939	2797
940	4118
941	4948
942	3642
943	402
944	2677
945	1684
946	4197
947	3551
948	2929
949	1531
950	3734
951	3471
952	339
953	3854
954	1483
955	443
956	2177
957	1504
958	4538
959	1108
960	865
961	2225
962	437
963	4430
964	876
965	3168
966	4791
967	377
968	301
969	4771
970	3924
971	100
972	3444
973	3560
974	1286
975	957
976	3179
977	4643
978	3724
979	3855
980	1000
981	12
982	1873
983	1838
984	2547
985	542
986	4910
987	15
988	1232
989	2872
990	1772
991	804
992	3142
993	984
994	3952
995	4961
996	1630
997	137
998	2977
999	1238
1000	2659
1001	3169
1002	2221
1003	3330
1004	455
1005	3783
1006	2380
1007	354
1008	2275
1009	51
1010	4670
1011	1753
1012	3890
1013	546
1014	857
1015	2718
1016	794
1017	3521
1018	4860
1019	4874
1020	1440
1021	1816
1022	2980
1023	2773
1024	2069
1025	2299
1026	2160
1027	180
1028	4801
1029	3064
1030	194
1031	165
1032	2607
1033	289
1034	4935
1035	2691
1036	3089
1037	2926
1038	4275
1039	1825
1040	633
1041	4610
1042	4738
1043	2713
1044	4545
1045	670
1046	2641
1047	159
1048	4188
1049	1055
1050	4655
1051	1568
1052	3273
1053	2598
1054	2184
1055	4270
1056	3953
1057	2392
1058	2196
1059	4741
1060	2958
1061	124
1062	4406
1063	3929
1064	3049
1065	1756
1066	1978
1067	635
1068	3505
1069	4812
1070	499
1071	4581
1072	583
1073	3547
1074	497
1075	4972
1076	716
1077	4214
1078	4291
1079	3837
1080	4030
1081	862
1082	1687
1083	4820
1084	1765
1085	543
1086	258
1087	1758
1088	4585
1089	2641
1090	1484
1091	4929
1092	3283
1093	702
1094	4320
1095	52
1096	2089
1097	1080
1098	271
1099	683
1100	1591
1101	1278
1102	3312
1103	2081
1104	4420
1105	3961
1106	1046
1107	2508
1108	2077
1109	885
1110	1752
1111	1226
1112	161
1113	4007
1114	2256
1115	3633
1116	2219
1117	4429
1118	2104
1119	4430
1120	1090
1121	1709
1122	753
1123	296
1124	1370
1125	3839
1126	4483
1127	102
1128	3713
1129	163
1130	2501
1131	555
1132	2662
1133	3992
1134	1392
1135	4234
1136	1615
1137	3181
1138	4284
1139	3423
1140	3185
1141	4667
1142	1115
1143	648
1144	768
1145	972
1146	583
1147	4488
1148	189
1149	1949
1150	4837
1151	4933
1152	549
1153	3645
1154	659
1155	966
1156	802
1157	508
1158	3235
1159	3443
1160	2893
1161	3852
1162	317
1163	1647
1164	3430
1165	1658
1166	1094
1167	3936
1168	1474
1169	787
1170	3490
1171	1264
1172	971
1173	891
1174	4426
1175	1821
1176	2567
1177	4288
1178	4038
1179	3661
1180	463
1181	849
1182	4341
1183	4522
1184	1789
1185	1823
1186	1811
1187	916
1188	1559
1189	3357
1190	3822
1191	1755
1192	72
1193	2082
1194	1746
1195	2487
1196	2900
1197	4696
1198	2196
1199	2824
1200	851
1201	3034
1202	1611
1203	1342
1204	11
1205	4312
1206	2235
1207	485
1208	3326
1209	3217
1210	134
1211	4566
1212	4442
1213	3851
1214	1399
1215	1817
1216	4301
1217	55
1218	759
1219	30
1220	3212
1221	2534
1222	4652
1223	87
1224	3530
1225	2246
1226	4431
1227	1648
1228	328
1229	1468
1230	839
1231	2597
1232	2376
1233	665
1234	696
1235	531
1236	681
1237	4930
1238	826
1239	3733
1240	4338
1241	1481
1242	929
1243	1737
1244	801
1245	2540
1246	3952
1247	2242
1248	3440
1249	4626
1250	1201
1251	4331
1252	3157
1253	4982
1254	2968
1255	2848
1256	2593
1257	624
1258	4272
1259	2309
1260	410
1261	2651
1262	1737
1263	1584
1264	4349
1265	3303
1266	434
1267	758
1268	4427
1269	2132
1270	3261
1271	1619
1272	2657
1273	1921
1274	3921
1275	1878
1276	4069
1277	1709
1278	696
1279	4194
1280	2297
1281	3586
1282	1086
1283	4015
1284	1489
1285	240
1286	1030
1287	1957
1288	2725
1289	4024
1290	1155
1291	3880
1292	1799
1293	662
1294	2630
1295	704
1296	3477
1297	3313
1298	2437
1299	4646
1300	1660
1301	3036
1302	3355
1303	4856
1304	381
1305	343
1306	4445
1307	3885
1308	1107
1309	1980
1310	1329
1311	584
1312	2853
1313	345
1314	1131
1315	2533
1316	1714
1317	3772
1318	2605
1319	4994
1320	2299
1321	4016
1322	2766
1323	2157
1324	1001
1325	1351
1326	1871
1327	2883
1328	4573
1329	4331
1330	3998
1331	2744
1332	2052
1333	143
1334	1816
1335	4150
1336	4610
1337	1399
1338	4974
1339	3332
1340	536
1341	4965
1342	4593
1343	493
1344	3157
1345	2242
1346	2584
1347	1007
1348	1271
1349	4894
1350	1651
1351	2581
1352	700
1353	2871
1354	2985
1355	1349
1356	2990
1357	1080
1358	4130
1359	4343
1360	4273
1361	100
1362	1846
1363	1067
1364	3251
1365	3411
1366	3145
1367	139
1368	4739
1369	2234
1370	2032
1371	4190
1372	3935
1373	3584
1374	2875
1375	436
1376	1744
1377	4617
1378	4378
1379	2829
1380	2400
1381	1206
1382	3779
1383	4913
1384	343
1385	3770
1386	1
1387	4858
1388	4506
1389	1305
1390	2569
1391	525
1392	2929
1393	4051
1394	1237
1395	4346
1396	863
1397	2158
1398	2615
1399	4642
1400	3384
1401	849
1402	314
1403	2271
1404	2761
1405	428
1406	3599
1407	2550
1408	981
1409	1837
1410	1254
1411	1315
1412	3022
1413	3527
1414	1680
1415	241
1416	4928
1417	3041
1418	1689
1419	4542
1420	1775
1421	2313
1422	4810
1423	3995
1424	204
1425	3745
1426	2913
1427	3446
1428	3001
1429	3531
1430	2010
1431	3691
1432	3160
1433	3664
1434	2999
1435	2759
1436	4231
1437	523
1438	963
1439	3980
1440	2774
1441	2999
1442	1090
1443	1149
1444	2960
1445	759
1446	1887
1447	3178
1448	2016
1449	752
1450	2971
1451	2527
1452	2038
1453	4059
1454	1271
1455	2928
1456	3788
1457	3118
1458	3921
1459	584
1460	3446
1461	525
1462	3937
1463	2453
1464	4711
1465	2569
1466	896
1467	66
1468	1552
1469	427
1470	3311
1471	4677
1472	2749
1473	2181
1474	4164
1475	550
1476	1916
1477	4207
1478	766
1479	3823
1480	3168
1481	3894
1482	2171
1483	28
1484	4326
1485	369
1486	386
1487	1616
1488	3620
1489	1995
1490	2837
1491	840
1492	1880
1493	409
1494	4488
1495	3147
1496	556
1497	1926
1498	2940
1499	4856
1500	4792
1501	2627
1502	2747
1503	1892
1504	2635
1505	3845
1506	4589
1507	926
1508	4168
1509	1718
1510	2682
1511	4757
1512	1384
1513	1855
1514	1636
1515	3629
1516	868
1517	2871
1518	3337
1519	1363
1520	47
1521	1125
1522	4264
1523	4070
1524	3676
1525	4851
1526	4538
1527	4932
1528	2786
1529	3989
1530	3366
1531	4228
1532	2655
1533	3452
1534	2192
1535	277
1536	824
1537	881
1538	1546
1539	238
1540	3344
1541	4660
1542	191
1543	56
1544	4413
1545	4286
1546	1071
1547	2163
1548	3086
1549	773
1550	4886
1551	2063
1552	1122
1553	3567
1554	3356
1555	764
1556	1383
1557	4843
1558	587
1559	3562
1560	92
1561	3156
1562	1546
1563	1117
1564	2848
1565	4510
1566	4388
1567	3845
1568	3172
1569	681
1570	3828
1571	880
1572	769
1573	4092
1574	748
1575	3603
1576	3814
1577	2012
1578	2863
1579	4516
1580	2491
1581	2810
1582	2466
1583	364
1584	172
1585	3022
1586	1924
1587	2009
1588	86
1589	4393
1590	635
1591	4936
1592	2671
1593	3182
1594	4890
1595	3804
1596	2587
1597	4358
1598	2499
1599	4523
1600	2018
1601	503
1602	4380
1603	3442
1604	4467
1605	1232
1606	4542
1607	2273
1608	4702
1609	3574
1610	3364
1611	3665
1612	4839
1613	4235
1614	2112
1615	1082
1616	3139
1617	834
1618	3574
1619	1916
1620	488
1621	3396
1622	3499
1623	3290
1624	4060
1625	2955
1626	4584
1627	3452
1628	2624
1629	4506
1630	4549
1631	2195
1632	3284
1633	613
1634	3084
1635	3014
1636	2885
1637	3497
1638	4565
1639	4320
1640	4907
1641	2623
1642	1650
1643	2333
1644	949
1645	4001
1646	3388
1647	913
1648	2206
1649	2856
1650	1599
1651	3531
1652	3897
1653	3017
1654	2089
1655	4025
1656	3943
1657	204
1658	819
1659	4805
1660	2282
1661	320
1662	3259
1663	1376
1664	2416
1665	1272
1666	3044
1667	3920
1668	1956
1669	4986
1670	2398
1671	62
1672	582
1673	3910
1674	1036
1675	2816
1676	513
1677	2137
1678	3893
1679	99
1680	1196
1681	2449
1682	4941
1683	2570
1684	2452
1685	1707
1686	823
1687	4130
1688	4387
1689	87
1690	1846
1691	3785
1692	693
1693	2621
1694	2838
1695	414
1696	1967
1697	2000
1698	1493
1699	3521
1700	2760
1701	1542
1702	3767
1703	154
1704	1835
1705	1449
1706	1341
1707	1458
1708	1605
1709	1338
1710	1316
1711	4084
1712	2618
1713	4728
1714	207
1715	2746
1716	3078
1717	3390
1718	3251
1719	1833
1720	3535
1721	4356
1722	2002
1723	1397
1724	390
1725	3773
1726	4788
1727	2806
1728	1003
1729	1514
1730	164
1731	2883
1732	3499
1733	3822
1734	4866
1735	1238
1736	4800
1737	74
1738	3059
1739	4840
1740	4618
1741	3027
1742	4777
1743	316
1744	1270
1745	919
1746	3871
1747	1745
1748	559
1749	665
1750	2941
1751	2803
1752	940
1753	1250
1754	4921
1755	2381
1756	3939
1757	2661
1758	1059
1759	2164
1760	3558
1761	4529
1762	2102
1763	72
1764	4182
1765	3266
1766	4154
1767	48
1768	2953
1769	4072
1770	888
1771	2603
1772	1208
1773	4982
1774	3530
1775	4829
1776	4724
1777	879
1778	1696
1779	2787
1780	3095
1781	4776
1782	1021
1783	2912
1784	4234
1785	4834
1786	4912
1787	31
1788	2409
1789	3523
1790	1473
1791	938
1792	2756
1793	4725
1794	3426
1795	1692
1796	4597
1797	3581
1798	3032
1799	4309
1800	1073
1801	2036
1802	667
1803	3064
1804	449
1805	2869
1806	826
1807	3118
1808	3937
1809	2670
1810	3105
1811	924
1812	792
1813	1957
1814	863
1815	3147
1816	720
1817	706
1818	4827
1819	1075
1820	888
1821	314
1822	4827
1823	2396
1824	4557
1825	2230
1826	4685
1827	2221
1828	2147
1829	2353
1830	118
1831	1844
1832	617
1833	1562
1834	827
1835	1583
1836	3853
1837	3533
1838	3555
1839	3969
1840	171
1841	3672
1842	4134
1843	217
1844	130
1845	3324
1846	3565
1847	3788
1848	3342
1849	1537
1850	1335
1851	2253
1852	1527
1853	1849
1854	4414
1855	1346
1856	941
1857	630
1858	1057
1859	4246
1860	3468
1861	2987
1862	4084
1863	4698
1864	2404
1865	1591
1866	4203
1867	2157
1868	2343
1869	2573
1870	1872
1871	3254
1872	4725
1873	982
1874	564
1875	757
1876	4127
1877	116
1878	4956
1879	2866
1880	1720
1881	1942
1882	2200
1883	4812
1884	3038
1885	4712
1886	938
1887	304
1888	1461
1889	3946
1890	2376
1891	4487
1892	1921
1893	439
1894	1619
1895	4398
1896	1340
1897	477
1898	2517
1899	283
1900	3219
1901	4260
1902	3746
1903	4964
1904	1372
1905	4922
1906	2150
1907	1626
1908	135
1909	2913
1910	1847
1911	4377
1912	1477
1913	757
1914	2986
1915	3875
1916	1046
1917	1467
1918	140
1919	2656
1920	3996
1921	2682
1922	2967
1923	192
1924	2324
1925	3199
1926	4761
1927	1788
1928	2694
1929	734
1930	4155
1931	2333
1932	3739
1933	2037
1934	3529
1935	2411
1936	203
1937	114
1938	2737
1939	1945
1940	744
1941	712
1942	3421
1943	1784
1944	3277
1945	2078
1946	318
1947	1818
1948	1252
1949	4513
1950	4647
1951	4364
1952	1763
1953	4888
1954	1963
1955	3695
1956	5
1957	4815
1958	2915
1959	1122
1960	1597
1961	2920
1962	3533
1963	2946
1964	533
1965	3623
1966	3714
1967	1434
1968	4392
1969	4213
1970	1588
1971	4083
1972	2433
1973	4672
1974	2814
1975	2127
1976	1221
1977	4880
1978	1682
1979	727
1980	1622
1981	2425
1982	4397
1983	742
1984	2630
1985	4117
1986	912
1987	2604
1988	2235
1989	4507
1990	205
1991	2502
1992	880
1993	4033
1994	3299
1995	2419
1996	1502
1997	2853
1998	1088
1999	3172
2000	1679
2001	1047
2002	623
2003	2148
2004	203
2005	1182
2006	2665
2007	552
2008	4926
2009	4277
2010	3935
2011	3473
2012	566
2013	2997
2014	4850
2015	3336
2016	297
2017	2120
2018	2620
2019	3539
2020	3380
2021	3200
2022	1041
2023	4160
2024	4345
2025	2707
2026	2269
2027	3800
2028	1856
2029	2563
2030	3584
2031	2700
2032	2323
2033	4244
2034	503
2035	3532
2036	4058
2037	4198
2038	4664
2039	2826
2040	2088
2041	3408
2042	2854
2043	200
2044	2102
2045	1574
2046	3021
2047	506
2048	282
2049	160
2050	2435
2051	2802
2052	1341
2053	3185
2054	465
2055	4502
2056	3336
2057	652
2058	4778
2059	1144
2060	453
2061	2974
2062	4786
2063	195
2064	1701
2065	4561
2066	33
2067	4722
2068	1726
2069	2022
2070	3993
2071	2591
2072	1597
2073	745
2074	576
2075	1899
2076	3834
2077	4811
2078	4614
2079	183
2080	2536
2081	944
2082	1685
2083	3603
2084	1299
2085	4241
2086	3190
2087	2475
2088	3385
2089	1552
2090	1330
2091	4001
2092	733
2093	3093
2094	4011
2095	3724
2096	1704
2097	2860
2098	2061
2099	3471
2100	2676
2101	4058
2102	3175
2103	3790
2104	482
2105	745
2106	3137
2107	4826
2108	1997
2109	1938
2110	110
2111	3056
2112	1057
2113	4851
2114	1425
2115	4862
2116	2424
2117	3660
2118	3577
2119	2545
2120	4996
2121	744
2122	3643
2123	3482
2124	932
2125	136
2126	713
2127	813
2128	1141
2129	1269
2130	1139
2131	1951
2132	2490
2133	4379
2134	593
2135	3007
2136	4897
2137	4314
2138	2943
2139	3860
2140	4369
2141	3279
2142	1762
2143	1302
2144	4585
2145	3323
2146	2781
2147	979
2148	1162
2149	3899
2150	2403
2151	324
2152	4586
2153	3272
2154	1884
2155	4795
2156	817
2157	2555
2158	3854
2159	2305
2160	812
2161	1712
2162	3695
2163	1349
2164	4836
2165	2292
2166	1754
2167	182
2168	4788
2169	1323
2170	4175
2171	1581
2172	237
2173	2262
2174	2076
2175	792
2176	4448
2177	455
2178	3622
2179	1040
2180	2675
2181	2742
2182	3284
2183	1532
2184	1411
2185	926
2186	1285
2187	1042
2188	1176
2189	1035
2190	285
2191	4802
2192	1099
2193	2908
2194	4339
2195	2204
2196	1699
2197	2247
2198	1948
2199	2812
2200	2564
2201	3677
2202	4363
2203	1857
2204	963
2205	405
2206	3402
2207	2114
2208	2211
2209	339
2210	4907
2211	2930
2212	3781
2213	4420
2214	2010
2215	3975
2216	407
2217	1044
2218	4329
2219	1942
2220	4759
2221	2565
2222	1164
2223	1392
2224	4773
2225	91
2226	83
2227	1029
2228	837
2229	4375
2230	4435
2231	2611
2232	785
2233	1638
2234	2976
2235	4286
2236	3232
2237	293
2238	1671
2239	1835
2240	457
2241	2764
2242	2367
2243	671
2244	390
2245	3485
2246	3544
2247	11
2248	4179
2249	1585
2250	1954
2251	2828
2252	3120
2253	1165
2254	2903
2255	3399
2256	2407
2257	830
2258	669
2259	199
2260	1525
2261	4480
2262	881
2263	4609
2264	4660
2265	2884
2266	2614
2267	662
2268	4017
2269	3610
2270	2197
2271	4019
2272	1016
2273	731
2274	4230
2275	1524
2276	2764
2277	2032
2278	3214
2279	2734
2280	1001
2281	1246
2282	2050
2283	1208
2284	4030
2285	3515
2286	4388
2287	2450
2288	3563
2289	1894
2290	3858
2291	195
2292	4604
2293	3202
2294	3179
2295	778
2296	274
2297	1898
2298	2013
2299	2470
2300	2378
2301	170
2302	126
2303	3856
2304	815
2305	2836
2306	3089
2307	2959
2308	2043
2309	3646
2310	227
2311	4921
2312	4262
2313	4425
2314	4516
2315	4724
2316	931
2317	2748
2318	380
2319	3687
2320	3476
2321	864
2322	483
2323	3825
2324	1307
2325	680
2326	3404
2327	1133
2328	3248
2329	2549
2330	3302
2331	4749
2332	4871
2333	822
2334	4508
2335	2703
2336	3881
2337	4954
2338	1342
2339	1651
2340	3292
2341	4810
2342	3907
2343	1826
2344	2296
2345	1806
2346	783
2347	3973
2348	2894
2349	2602
2350	4931
2351	1438
2352	4361
2353	3741
2354	2342
2355	3257
2356	702
2357	3783
2358	2815
2359	1397
2360	3754
2361	461
2362	4832
2363	4608
2364	619
2365	1578
2366	2951
2367	3494
2368	3692
2369	3097
2370	2997
2371	190
2372	4760
2373	4263
2374	2535
2375	4033
2376	4153
2377	3671
2378	1740
2379	585
2380	2716
2381	2690
2382	4748
2383	2346
2384	1390
2385	918
2386	1272
2387	25
2388	1480
2389	1017
2390	777
2391	3972
2392	1691
2393	3111
2394	4815
2395	181
2396	2285
2397	3656
2398	2129
2399	51
2400	2329
2401	3904
2402	4800
2403	3382
2404	2252
2405	1980
2406	533
2407	1467
2408	2952
2409	3215
2410	2033
2411	4698
2412	3524
2413	3589
2414	498
2415	4949
2416	1885
2417	2839
2418	3206
2419	3300
2420	3907
2421	2902
2422	4578
2423	2151
2424	4354
2425	2849
2426	3844
2427	2927
2428	3208
2429	3376
2430	9
2431	3883
2432	3225
2433	2605
2434	489
2435	19
2436	801
2437	3011
2438	1039
2439	1204
2440	3781
2441	317
2442	1896
2443	1191
2444	2448
2445	1267
2446	4876
2447	4536
2448	2488
2449	2001
2450	22
2451	325
2452	1449
2453	3871
2454	3925
2455	4457
2456	1989
2457	4830
2458	3628
2459	1522
2460	1882
2461	4891
2462	4231
2463	399
2464	2158
2465	2300
2466	1542
2467	3829
2468	1929
2469	2992
2470	4846
2471	1187
2472	4906
2473	2
2474	3911
2475	1396
2476	179
2477	762
2478	3482
2479	3358
2480	722
2481	109
2482	1810
2483	1145
2484	4308
2485	3357
2486	3900
2487	1491
2488	2022
2489	3770
2490	2287
2491	1742
2492	3496
2493	3433
2494	2718
2495	1294
2496	426
2497	107
2498	3351
2499	266
2500	674
2501	4280
2502	4713
2503	167
2504	4604
2505	2751
2506	1995
2507	3026
2508	2583
2509	1296
2510	3204
2511	2651
2512	3554
2513	1136
2514	1165
2515	2039
2516	273
2517	137
2518	1036
2519	3660
2520	1976
2521	2735
2522	2209
2523	3987
2524	1524
2525	4292
2526	3970
2527	1236
2528	3245
2529	4849
2530	649
2531	4403
2532	3260
2533	4335
2534	4778
2535	2509
2536	1657
2537	2370
2538	3671
2539	3732
2540	4567
2541	1373
2542	198
2543	1337
2544	4967
2545	202
2546	1297
2547	3592
2548	3420
2549	4012
2550	2078
2551	3652
2552	2071
2553	2074
2554	755
2555	1536
2556	1338
2557	55
2558	3263
2559	3596
2560	1306
2561	3478
2562	2736
2563	1045
2564	4202
2565	1428
2566	1286
2567	750
2568	1171
2569	376
2570	4288
2571	1160
2572	150
2573	4359
2574	2531
2575	4867
2576	2866
2577	904
2578	1923
2579	974
2580	1358
2581	1513
2582	2126
2583	1720
2584	2283
2585	3211
2586	391
2587	3457
2588	266
2589	4217
2590	3192
2591	3799
2592	1243
2593	4486
2594	4629
2595	4427
2596	1517
2597	4860
2598	592
2599	3234
2600	2884
2601	3753
2602	3465
2603	500
2604	1901
2605	2552
2606	3988
2607	2810
2608	2910
2609	2867
2610	244
2611	247
2612	3515
2613	4341
2614	3876
2615	1480
2616	2081
2617	3266
2618	486
2619	4338
2620	1909
2621	3940
2622	2585
2623	4375
2624	1104
2625	3653
2626	4101
2627	853
2628	671
2629	2245
2630	4881
2631	447
2632	2314
2633	4277
2634	4131
2635	1887
2636	384
2637	3863
2638	2775
2639	105
2640	2257
2641	1788
2642	4016
2643	2381
2644	3051
2645	2223
2646	818
2647	2499
2648	2862
2649	773
2650	1256
2651	4518
2652	3872
2653	591
2654	4256
2655	2368
2656	2733
2657	933
2658	4451
2659	1004
2660	892
2661	2522
2662	2014
2663	738
2664	4051
2665	4620
2666	3675
2667	875
2668	4047
2669	2325
2670	4645
2671	755
2672	3821
2673	1962
2674	4081
2675	1625
2676	831
2677	1652
2678	1515
2679	318
2680	3609
2681	4820
2682	2310
2683	2446
2684	308
2685	4594
2686	4615
2687	1840
2688	4381
2689	2424
2690	4423
2691	632
2692	4686
2693	2228
2694	843
2695	350
2696	3145
2697	2347
2698	3926
2699	4795
2700	431
2701	3300
2702	4865
2703	3701
2704	216
2705	1363
2706	4589
2707	1525
2708	1134
2709	2985
2710	1300
2711	1785
2712	4385
2713	59
2714	4233
2715	4123
2716	4859
2717	2889
2718	4560
2719	1617
2720	3801
2721	3816
2722	2306
2723	775
2724	1488
2725	754
2726	4628
2727	2746
2728	1376
2729	3838
2730	3084
2731	490
2732	1902
2733	3817
2734	1476
2735	3917
2736	727
2737	3908
2738	1602
2739	952
2740	2269
2741	2785
2742	495
2743	1707
2744	2952
2745	3067
2746	1688
2747	4634
2748	1809
2749	4934
2750	2327
2751	4518
2752	3030
2753	3677
2754	778
2755	2840
2756	4955
2757	3656
2758	4541
2759	3477
2760	2418
2761	4470
2762	545
2763	2922
2764	2183
2765	3936
2766	562
2767	1807
2768	2051
2769	4564
2770	2879
2771	3851
2772	2073
2773	3610
2774	4727
2775	1680
2776	327
2777	3682
2778	411
2779	3115
2780	3565
2781	872
2782	4945
2783	997
2784	517
2785	1002
2786	818
2787	1085
2788	1932
2789	630
2790	2850
2791	348
2792	4746
2793	333
2794	3054
2795	2615
2796	1663
2797	2886
2798	4912
2799	629
2800	1237
2801	1160
2802	1387
2803	571
2804	469
2805	3866
2806	3311
2807	1405
2808	2119
2809	765
2810	592
2811	1219
2812	4926
2813	1288
2814	2468
2815	2742
2816	2377
2817	4705
2818	3257
2819	3476
2820	4532
2821	2259
2822	253
2823	2264
2824	911
2825	1987
2826	3858
2827	800
2828	3520
2829	451
2830	3260
2831	4122
2832	1740
2833	490
2834	1543
2835	732
2836	4937
2837	2745
2838	915
2839	3437
2840	4361
2841	1351
2842	4475
2843	2029
2844	329
2845	3922
2846	4365
2847	4653
2848	2481
2849	1893
2850	1774
2851	1000
2852	1216
2853	3580
2854	3601
2855	803
2856	251
2857	78
2858	1426
2859	680
2860	1368
2861	3025
2862	157
2863	1465
2864	4930
2865	1802
2866	44
2867	3813
2868	286
2869	4646
2870	4153
2871	377
2872	1534
2873	434
2874	4008
2875	1078
2876	4053
2877	2604
2878	4914
2879	1262
2880	4431
2881	4522
2882	1082
2883	3655
2884	1043
2885	1575
2886	3034
2887	4117
2888	2768
2889	4441
2890	518
2891	1645
2892	1503
2893	4484
2894	2910
2895	1579
2896	1747
2897	1824
2898	3774
2899	658
2900	2188
2901	4644
2902	2006
2903	2577
2904	709
2905	2087
2906	3262
2907	4602
2908	4088
2909	184
2910	3917
2911	1382
2912	3416
2913	1400
2914	688
2915	1346
2916	1109
2917	402
2918	389
2919	1511
2920	2678
2921	3725
2922	348
2923	953
2924	2626
2925	2988
2926	1802
2927	1400
2928	2632
2929	2019
2930	1798
2931	2410
2932	3186
2933	3698
2934	170
2935	2243
2936	4321
2937	4109
2938	3975
2939	875
2940	41
2941	537
2942	3189
2943	4029
2944	2442
2945	3175
2946	1176
2947	2438
2948	288
2949	2697
2950	1113
2951	3394
2952	4208
2953	4304
2954	4637
2955	376
2956	2369
2957	4679
2958	1941
2959	4915
2960	4266
2961	3524
2962	1771
2963	637
2964	4405
2965	3019
2966	697
2967	4857
2968	1634
2969	1556
2970	3934
2971	689
2972	793
2973	116
2974	3863
2975	2728
2976	3268
2977	1229
2978	2466
2979	580
2980	3079
2981	3109
2982	3541
2983	76
2984	1489
2985	3314
2986	4021
2987	4458
2988	4237
2989	3518
2990	3716
2991	3682
2992	3065
2993	4514
2994	3776
2995	4625
2996	324
2997	2954
2998	212
2999	4751
3000	4583
3001	3184
3002	15
3003	3618
3004	4649
3005	1012
3006	4891
3007	4902
3008	2318
3009	3396
3010	319
3011	2539
3012	1128
3013	1732
3014	4072
3015	3358
3016	1878
3017	3951
3018	3637
3019	3662
3020	4713
3021	1353
3022	3052
3023	150
3024	2937
3025	3211
3026	2414
3027	3507
3028	4065
3029	4365
3030	2227
3031	3667
3032	2232
3033	2676
3034	1443
3035	4031
3036	1013
3037	2163
3038	4719
3039	4283
3040	3137
3041	1634
3042	829
3043	3100
3044	4823
3045	2516
3046	3914
3047	3969
3048	2928
3049	3946
3050	4342
3051	2202
3052	4763
3053	2313
3054	2891
3055	2430
3056	74
3057	4554
3058	977
3059	4129
3060	2694
3061	2881
3062	1214
3063	3230
3064	3769
3065	1889
3066	4911
3067	3773
3068	724
3069	494
3070	3634
3071	1301
3072	4924
3073	1443
3074	3246
3075	2710
3076	1937
3077	1728
3078	242
3079	1569
3080	4931
3081	2052
3082	3900
3083	206
3084	1497
3085	1305
3086	1906
3087	3481
3088	4759
3089	4696
3090	3199
3091	4003
3092	293
3093	2716
3094	2468
3095	2057
3096	4631
3097	3146
3098	3641
3099	2530
3100	714
3101	3390
3102	3514
3103	2350
3104	2345
3105	103
3106	3846
3107	2254
3108	3526
3109	4680
3110	147
3111	1070
3112	2136
3113	3525
3114	3072
3115	1333
3116	2586
3117	1621
3118	2767
3119	2501
3120	2760
3121	3465
3122	1415
3123	4694
3124	2654
3125	2101
3126	3243
3127	3362
3128	1071
3129	3220
3130	1398
3131	2027
3132	4796
3133	2389
3134	4382
3135	3227
3136	1804
3137	3607
3138	4855
3139	4937
3140	2890
3141	4940
3142	838
3143	3592
3144	4923
3145	4909
3146	4596
3147	3767
3148	1339
3149	4712
3150	133
3151	1282
3152	978
3153	3040
3154	2979
3155	1670
3156	122
3157	1123
3158	4797
3159	1971
3160	4605
3161	4100
3162	1627
3163	1430
3164	3977
3165	4968
3166	4828
3167	491
3168	306
3169	4501
3170	2601
3171	2203
3172	4374
3173	4888
3174	626
3175	721
3176	4511
3177	1944
3178	3334
3179	1845
3180	1711
3181	255
3182	4056
3183	1557
3184	1649
3185	39
3186	1167
3187	3753
3188	853
3189	3341
3190	2904
3191	2192
3192	2820
3193	3411
3194	1033
3195	2510
3196	2263
3197	829
3198	4936
3199	3158
3200	1965
3201	4683
3202	2226
3203	4741
3204	2476
3205	632
3206	2293
3207	138
3208	3818
3209	1355
3210	4252
3211	3840
3212	1867
3213	961
3214	2450
3215	4471
3216	4316
3217	998
3218	2185
3219	899
3220	1204
3221	1652
3222	1922
3223	930
3224	1120
3225	1182
3226	762
3227	1007
3228	1604
3229	3316
3230	2255
3231	1841
3232	3133
3233	521
3234	4479
3235	2263
3236	2284
3237	4534
3238	2375
3239	3820
3240	4111
3241	3711
3242	1729
3243	1598
3244	1994
3245	3889
3246	211
3247	1463
3248	1479
3249	1192
3250	3825
3251	1547
3252	4645
3253	2644
3254	2341
3255	650
3256	2818
3257	3578
3258	2371
3259	1930
3260	4638
3261	790
3262	1360
3263	1079
3264	497
3265	227
3266	3442
3267	3844
3268	2747
3269	126
3270	2280
3271	1762
3272	4957
3273	4893
3274	761
3275	684
3276	1424
3277	3711
3278	4308
3279	177
3280	4944
3281	4101
3282	4442
3283	530
3284	819
3285	1579
3286	4592
3287	850
3288	1049
3289	2609
3290	4963
3291	625
3292	4925
3293	189
3294	4514
3295	2217
3296	4411
3297	4977
3298	3580
3299	3467
3300	3383
3301	4773
3302	2572
3303	3710
3304	4108
3305	1211
3306	229
3307	2236
3308	551
3309	1952
3310	4811
3311	2842
3312	2890
3313	3688
3314	622
3315	2079
3316	4279
3317	3662
3318	4981
3319	4989
3320	1373
3321	2419
3322	3683
3323	666
3324	4355
3325	4658
3326	1754
3327	1284
3328	68
3329	562
3330	2175
3331	4845
3332	1723
3333	3849
3334	2415
3335	2187
3336	1756
3337	3732
3338	510
3339	4141
3340	367
3341	1734
3342	765
3343	2657
3344	4675
3345	4615
3346	1905
3347	397
3348	2589
3349	2649
3350	4105
3351	2876
3352	363
3353	564
3354	303
3355	4186
3356	4205
3357	108
3358	1507
3359	423
3360	1055
3361	1497
3362	2602
3363	4399
3364	2031
3365	588
3366	1815
3367	2579
3368	966
3369	4588
3370	2509
3371	4950
3372	4079
3373	1572
3374	428
3375	3817
3376	1951
3377	4900
3378	4399
3379	3509
3380	2934
3381	2839
3382	2669
3383	3186
3384	1539
3385	4613
3386	1613
3387	2114
3388	674
3389	621
3390	3755
3391	3875
3392	1153
3393	869
3394	2487
3395	4318
3396	50
3397	2813
3398	3350
3399	3708
3400	355
3401	1817
3402	1135
3403	3629
3404	1867
3405	3183
3406	3639
3407	2237
3408	3750
3409	3889
3410	2054
3411	990
3412	3581
3413	41
3414	2790
3415	3963
3416	1302
3417	3830
3418	2743
3419	2529
3420	378
3421	2429
3422	3493
3423	3836
3424	224
3425	2276
3426	2392
3427	4057
3428	4186
3429	75
3430	2395
3431	209
3432	4450
3433	3133
3434	3213
3435	4022
3436	598
3437	2144
3438	2231
3439	4132
3440	3098
3441	4184
3442	575
3443	993
3444	4226
3445	1379
3446	2341
3447	4257
3448	125
3449	3906
3450	3123
3451	2664
3452	3287
3453	185
3454	1294
3455	3939
3456	2692
3457	236
3458	1424
3459	4063
3460	77
3461	4176
3462	2984
3463	3870
3464	2496
3465	1462
3466	4876
3467	2176
3468	3786
3469	2464
3470	4350
3471	3007
3472	4353
3473	2766
3474	2638
3475	1870
3476	4408
3477	3549
3478	858
3479	460
3480	218
3481	2059
3482	2481
3483	210
3484	1045
3485	3204
3486	4082
3487	2697
3488	4023
3489	2295
3490	3416
3491	2660
3492	1558
3493	3003
3494	2959
3495	3313
3496	3136
3497	3942
3498	3681
3499	1495
3500	2338
3501	928
3502	413
3503	2368
3504	3486
3505	1386
3506	4656
3507	2874
3508	3217
3509	1138
3510	1228
3511	1331
3512	3623
3513	1715
3514	1184
3515	3518
3516	4334
3517	3755
3518	951
3519	3942
3520	1539
3521	1654
3522	3158
3523	4496
3524	4775
3525	955
3526	2711
3527	1636
3528	1774
3529	3280
3530	1596
3531	48
3532	4521
3533	1683
3534	3197
3535	2328
3536	1518
3537	1488
3538	2701
3539	3464
3540	1058
3541	3430
3542	2483
3543	557
3544	4806
3545	4453
3546	190
3547	1198
3548	2113
3549	2205
3550	1270
3551	182
3552	605
3553	1352
3554	2344
3555	3556
3556	2355
3557	1200
3558	4066
3559	199
3560	2851
3561	1242
3562	63
3563	429
3564	3934
3565	53
3566	4261
3567	151
3568	1863
3569	4869
3570	4007
3571	2669
3572	4259
3573	2557
3574	4060
3575	401
3576	2180
3577	3884
3578	3984
3579	2143
3580	4627
3581	2758
3582	3669
3583	1290
3584	3074
3585	1648
3586	2804
3587	2559
3588	3730
3589	4539
3590	1915
3591	2484
3592	3554
3593	550
3594	915
3595	4756
3596	2308
3597	1403
3598	626
3599	784
3600	1954
3601	2690
3602	1330
3603	2454
3604	3751
3605	3506
3606	3150
3607	825
3608	2030
3609	4750
3610	3010
3611	3498
3612	3627
3613	2729
3614	2919
3615	3659
3616	4383
3617	4146
3618	1549
3619	879
3620	3688
3621	2784
3622	425
3623	753
3624	4576
3625	2490
3626	1590
3627	2056
3628	4115
3629	2560
3630	4015
3631	2121
3632	1655
3633	4854
3634	214
3635	3051
3636	4447
3637	2015
3638	1925
3639	3360
3640	3432
3641	310
3642	513
3643	784
3644	3613
3645	3142
3646	1185
3647	3895
3648	3749
3649	1913
3650	4872
3651	4114
3652	2067
3653	94
3654	3525
3655	2171
3656	1368
3657	232
3658	2710
3659	408
3660	1566
3661	3472
3662	3813
3663	2110
3664	444
3665	4525
3666	3002
3667	4975
3668	4662
3669	3279
3670	242
3671	2698
3672	2546
3673	4144
3674	1743
3675	3514
3676	3899
3677	2639
3678	2280
3679	180
3680	2488
3681	250
3682	2945
3683	1658
3684	1066
3685	4287
3686	422
3687	3219
3688	2648
3689	3348
3690	1884
3691	3950
3692	856
3693	2593
3694	1992
3695	785
3696	1751
3697	4961
3698	2830
3699	3885
3700	2183
3701	4985
3702	3461
3703	248
3704	3506
3705	655
3706	1004
3707	4202
3708	3893
3709	2457
3710	3556
3711	1475
3712	3286
3713	4691
3714	269
3715	2400
3716	3511
3717	984
3718	2648
3719	555
3720	1549
3721	1826
3722	2554
3723	3780
3724	1016
3725	4292
3726	2348
3727	3291
3728	3827
3729	2990
3730	3507
3731	4047
3732	3139
3733	4719
3734	2370
3735	4790
3736	1989
3737	1551
3738	794
3739	1681
3740	2393
3741	3489
3742	3220
3743	4790
3744	2977
3745	1334
3746	4976
3747	4113
3748	2355
3749	354
3750	2517
3751	4958
3752	1041
3753	3561
3754	430
3755	2206
3756	1453
3757	2934
3758	4690
3759	1379
3760	1859
3761	3370
3762	2072
3763	2748
3764	3277
3765	2587
3766	2461
3767	3425
3768	3164
3769	436
3770	400
3771	1907
3772	4229
3773	4
3774	1570
3775	2865
3776	2017
3777	1993
3778	1322
3779	2051
3780	4625
3781	1834
3782	1348
3783	4386
3784	2215
3785	4665
3786	2076
3787	2204
3788	1499
3789	4742
3790	1124
3791	1064
3792	2041
3793	1629
3794	3828
3795	2906
3796	1801
3797	2449
3798	2908
3799	2356
3800	4161
3801	2519
3802	3283
3803	4721
3804	119
3805	586
3806	1436
3807	4125
3808	2907
3809	1079
3810	990
3811	2673
3812	942
3813	2141
3814	149
3815	4991
3816	1640
3817	4509
3818	397
3819	2406
3820	719
3821	606
3822	989
3823	487
3824	919
3825	3866
3826	4366
3827	3861
3828	1103
3829	4960
3830	255
3831	4677
3832	1506
3833	1692
3834	1642
3835	35
3836	3309
3837	2156
3838	3647
3839	4903
3840	4918
3841	2143
3842	3977
3843	1592
3844	2520
3845	4078
3846	4831
3847	1220
3848	216
3849	1646
3850	3814
3851	2804
3852	493
3853	467
3854	4897
3855	1592
3856	3520
3857	2228
3858	827
3859	3729
3860	1334
3861	2568
3862	1523
3863	4415
3864	1748
3865	2448
3866	3944
3867	3517
3868	212
3869	429
3870	316
3871	4789
3872	4411
3873	677
3874	1506
3875	1962
3876	3513
3877	3644
3878	1659
3879	2700
3880	522
3881	3050
3882	3225
3883	4262
3884	1823
3885	883
3886	2146
3887	3663
3888	186
3889	3480
3890	3151
3891	300
3892	373
3893	1517
3894	1929
3895	856
3896	2254
3897	367
3898	1209
3899	2993
3900	3429
3901	3716
3902	1137
3903	2571
3904	4311
3905	239
3906	3819
3907	4125
3908	1708
3909	4690
3910	3052
3911	1175
3912	2161
3913	3831
3914	2066
3915	2233
3916	4513
3917	331
3918	1688
3919	1975
3920	1423
3921	50
3922	4025
3923	1023
3924	2813
3925	4695
3926	3796
3927	83
3928	3233
3929	4349
3930	2388
3931	3436
3932	1289
3933	883
3934	219
3935	273
3936	2951
3937	1062
3938	3233
3939	2574
3940	629
3941	2754
3942	2178
3943	1097
3944	4726
3945	468
3946	4992
3947	4282
3948	1371
3949	2752
3950	3693
3951	3437
3952	1359
3953	2460
3954	123
3955	1472
3956	1932
3957	149
3958	2338
3959	2037
3960	1566
3961	3815
3962	2607
3963	576
3964	1891
3965	748
3966	647
3967	1520
3968	3486
3969	2824
3970	4708
3971	2975
3972	1587
3973	3793
3974	1452
3975	4601
3976	832
3977	3805
3978	1069
3979	84
3980	1285
3981	4666
3982	4919
3983	1584
3984	2085
3985	4764
3986	3122
3987	4091
3988	2905
3989	1188
3990	2108
3991	4767
3992	3537
3993	2786
3994	307
3995	3994
3996	967
3997	13
3998	2968
3999	1698
4000	980
4001	1343
4002	2377
4003	480
4004	1284
4005	4631
4006	4209
4007	3836
4008	120
4009	4697
4010	4895
4011	2124
4012	4195
4013	3589
4014	1161
4015	2251
4016	3242
4017	577
4018	4552
4019	2543
4020	1559
4021	2390
4022	3314
4023	4268
4024	3927
4025	4955
4026	3772
4027	2843
4028	4137
4029	488
4030	211
4031	3831
4032	4221
4033	3160
4034	30
4035	4076
4036	252
4037	3886
4038	4129
4039	1061
4040	3115
4041	870
4042	166
4043	134
4044	1746
4045	4710
4046	3827
4047	4275
4048	4366
4049	2131
4050	3709
4051	2390
4052	4845
4053	3749
4054	4495
4055	1170
4056	772
4057	4614
4058	1984
4059	3852
4060	4843
4061	1133
4062	4110
4063	3400
4064	2528
4065	1026
4066	816
4067	643
4068	2095
4069	846
4070	2519
4071	3108
4072	3553
4073	937
4074	245
4075	3791
4076	3821
4077	518
4078	1977
4079	2026
4080	2298
4081	4415
4082	1907
4083	3335
4084	3103
4085	4412
4086	1102
4087	2919
4088	451
4089	2563
4090	644
4091	3569
4092	448
4093	656
4094	3356
4095	1006
4096	2835
4097	4020
4098	4082
4099	1850
4100	698
4101	2518
4102	1982
4103	2260
4104	2817
4105	3070
4106	3780
4107	2732
4108	887
4109	4991
4110	3
4111	4213
4112	3338
4113	2752
4114	258
4115	1892
4116	3694
4117	1056
4118	1906
4119	2351
4120	4595
4121	3635
4122	4050
4123	1981
4124	4925
4125	822
4126	1604
4127	2750
4128	4111
4129	4865
4130	310
4131	4932
4132	4229
4133	3676
4134	628
4135	311
4136	4688
4137	2260
4138	969
4139	442
4140	1992
4141	2252
4142	3350
4143	409
4144	739
4145	4235
4146	4123
4147	4329
4148	4593
4149	3586
4150	3103
4151	2121
4152	172
4153	873
4154	2331
4155	1861
4156	3502
4157	4896
4158	1406
4159	1273
4160	697
4161	4596
4162	2658
4163	729
4164	886
4165	1795
4166	444
4167	1616
4168	4817
4169	2708
4170	2665
4171	4622
4172	3826
4173	2346
4174	806
4175	265
4176	1258
4177	4951
4178	945
4179	2090
4180	3047
4181	4218
4182	2792
4183	1287
4184	4009
4185	4739
4186	184
4187	3457
4188	3451
4189	156
4190	270
4191	2116
4192	1744
4193	2531
4194	3334
4195	2728
4196	17
4197	3815
4198	1354
4199	1053
4200	774
4201	2521
4202	3367
4203	4466
4204	572
4205	1715
4206	2971
4207	3214
4208	248
4209	31
4210	45
4211	3461
4212	2261
4213	1138
4214	1061
4215	2309
4216	4289
4217	4944
4218	1976
4219	1603
4220	4947
4221	3254
4222	438
4223	4041
4224	2190
4225	3171
4226	623
4227	1985
4228	4560
4229	4192
4230	2979
4231	1487
4232	2779
4233	3678
4234	2136
4235	4607
4236	418
4237	1674
4238	3550
4239	58
4240	2362
4241	1350
4242	1996
4243	2601
4244	403
4245	2795
4246	3070
4247	2879
4248	2666
4249	4087
4250	721
4251	88
4252	509
4253	1244
4254	3360
4255	1650
4256	4537
4257	1593
4258	260
4259	214
4260	2860
4261	3464
4262	3954
4263	4835
4264	2557
4265	3324
4266	993
4267	4535
4268	4236
4269	732
4270	3227
4271	3241
4272	2259
4273	2521
4274	3475
4275	2901
4276	1718
4277	3438
4278	1306
4279	3290
4280	383
4281	3246
4282	2775
4283	3250
4284	4899
4285	3635
4286	622
4287	1950
4288	104
4289	2969
4290	4504
4291	4325
4292	1649
4293	1406
4294	1442
4295	1808
4296	803
4297	4480
4298	948
4299	2719
4300	162
4301	4028
4302	337
4303	2876
4304	546
4305	2255
4306	3972
4307	3003
4308	1858
4309	619
4310	2763
4311	4294
4312	4950
4313	3763
4314	1311
4315	1199
4316	1315
4317	70
4318	1905
4319	458
4320	1705
4321	3129
4322	1771
4323	2994
4324	335
4325	484
4326	1812
4327	2636
4328	4848
4329	368
4330	1940
4331	4083
4332	2891
4333	4548
4334	4490
4335	1439
4336	903
4337	2768
4338	2807
4339	447
4340	2104
4341	2634
4342	2337
4343	1538
4344	2646
4345	1783
4346	2455
4347	1576
4348	2431
4349	1509
4350	278
4351	1551
4352	439
4353	2388
4354	2805
4355	2080
4356	3304
4357	243
4358	874
4359	4020
4360	3877
4361	4968
4362	1961
4363	2773
4364	4214
4365	2566
4366	3153
4367	226
4368	609
4369	4055
4370	828
4371	2972
4372	839
4373	4003
4374	2409
4375	3344
4376	2946
4377	3392
4378	3703
4379	4195
4380	4464
4381	4963
4382	3650
4383	1724
4384	2470
4385	779
4386	2733
4387	42
4388	1959
4389	3833
4390	3894
4391	1518
4392	1600
4393	725
4394	2094
4395	799
4396	3126
4397	4511
4398	1643
4399	4296
4400	2574
4401	4056
4402	3839
4403	2385
4404	4314
4405	3043
4406	1522
4407	78
4408	2664
4409	2962
4410	3413
4411	3553
4412	4190
4413	4770
4414	3236
4415	201
4416	2436
4417	2618
4418	4457
4419	796
4420	700
4421	4311
4422	1211
4423	3370
4424	2626
4425	1763
4426	2632
4427	2603
4428	4502
4429	1137
4430	3406
4431	3722
4432	3505
4433	1490
4434	4889
4435	3614
4436	3576
4437	3774
4438	3690
4439	1686
4440	802
4441	904
4442	489
4443	3953
4444	4852
4445	3077
4446	391
4447	2942
4448	3534
4449	1726
4450	4680
4451	2687
4452	1444
4453	1389
4454	1062
4455	1838
4456	976
4457	2785
4458	4217
4459	1239
4460	1311
4461	3666
4462	4367
4463	3229
4464	288
4465	1548
4466	3042
4467	38
4468	4835
4469	4068
4470	3887
4471	3538
4472	2393
4473	1102
4474	694
4475	4527
4476	4069
4477	3240
4478	2719
4479	2949
4480	720
4481	823
4482	3249
4483	1860
4484	352
4485	2939
4486	1618
4487	4124
4488	2672
4489	4751
4490	646
4491	2421
4492	1890
4493	3082
4494	3884
4495	3735
4496	3920
4497	985
4498	4969
4499	4830
4500	4735
4501	1313
4502	4763
4503	1503
4504	3398
4505	3835
4506	951
4507	3559
4508	3063
4509	416
4510	2225
4511	2950
4512	435
4513	1811
4514	2012
4515	4307
4516	2677
4517	1019
4518	1940
4519	3510
4520	3740
4521	2062
4522	1997
4523	3316
4524	3273
4525	106
4526	164
4527	1577
4528	1899
4529	743
4530	4477
4531	22
4532	3030
4533	1926
4534	3039
4535	4875
4536	3289
4537	815
4538	958
4539	3583
4540	3323
4541	728
4542	2582
4543	2683
4544	2431
4545	798
4546	3383
4547	4158
4548	101
4549	1148
4550	435
4551	2696
4552	1223
4553	4031
4554	2128
4555	3631
4556	4369
4557	1017
4558	2801
4559	4568
4560	1212
4561	4832
4562	3700
4563	4165
4564	3841
4565	1946
4566	1234
4567	4535
4568	1920
4569	3275
4570	4652
4571	1544
4572	4705
4573	3787
4574	579
4575	2916
4576	4673
4577	4197
4578	2611
4579	2019
4580	1757
4581	4478
4582	4857
4583	2030
4584	3434
4585	2236
4586	4605
4587	4350
4588	4333
4589	4465
4590	2550
4591	4459
4592	516
4593	4986
4594	4571
4595	4783
4596	2966
4597	1988
4598	1825
4599	1693
4600	3891
4601	542
4602	900
4603	1230
4604	257
4605	413
4606	3047
4607	56
4608	1809
4609	2709
4610	4635
4611	4846
4612	1965
4613	3670
4614	3918
4615	2503
4616	1668
4617	27
4618	165
4619	3872
4620	4267
4621	4018
4622	998
4623	67
4624	4104
4625	4563
4626	4784
4627	3374
4628	2500
4629	4768
4630	3256
4631	3101
4632	4304
4633	1478
4634	939
4635	249
4636	4070
4637	1564
4638	2900
4639	4871
4640	1879
4641	4434
4642	552
4643	4261
4644	3094
4645	2005
4646	2098
4647	956
4648	2442
4649	1925
4650	2698
4651	2293
4652	3001
4653	3143
4654	4438
4655	219
4656	135
4657	4648
4658	2954
4659	155
4660	4838
4661	3891
4662	2714
4663	2154
4664	132
4665	2777
4666	3308
4667	4764
4668	4598
4669	2877
4670	4201
4671	3784
4672	3987
4673	4358
4674	1668
4675	1111
4676	1387
4677	3905
4678	1704
4679	1140
4680	3002
4681	738
4682	1875
4683	1743
4684	98
4685	625
4686	1478
4687	1043
4688	3633
4689	692
4690	852
4691	2363
4692	4999
4693	1938
4694	1107
4695	4920
4696	3949
4697	257
4698	1714
4699	3990
4700	2245
4701	4663
4702	3305
4703	1318
4704	4578
4705	4408
4706	3850
4707	1254
4708	2837
4709	2146
4710	2653
4711	708
4712	4040
4713	1429
4714	4515
4715	3286
4716	1565
4717	1217
4718	4799
4719	3355
4720	2028
4721	4626
4722	2311
4723	1329
4724	4999
4725	1970
4726	787
4727	2124
4728	3126
4729	1862
4730	3979
4731	1642
4732	2539
4733	3997
4734	1694
4735	3834
4736	4732
4737	3237
4738	2996
4739	3387
4740	4386
4741	3608
4742	4694
4743	1724
4744	1331
4745	4995
4746	691
4747	3484
4748	2049
4749	2151
4750	2226
4751	4008
4752	4368
4753	202
4754	3141
4755	4294
4756	2074
4757	2731
4758	3886
4759	3658
4760	4378
4761	3512
4762	3818
4763	2783
4764	2939
4765	325
4766	380
4767	186
4768	1479
4769	1245
4770	4928
4771	1970
4772	4157
4773	4119
4774	364
4775	917
4776	1933
4777	2350
4778	2818
4779	220
4780	4264
4781	1847
4782	296
4783	4021
4784	1770
4785	4438
4786	306
4787	927
4788	375
4789	2353
4790	1694
4791	3433
4792	3242
4793	1903
4794	2410
4795	2023
4796	2857
4797	2831
4798	4601
4799	2930
4800	3705
4801	4240
4802	781
4803	1361
4804	4076
4805	237
4806	693
4807	3951
4808	840
4809	2832
4810	2057
4811	4402
4812	3745
4813	3018
4814	480
4815	4318
4816	3209
4817	1469
4818	3208
4819	4137
4820	3291
4821	4706
4822	4734
4823	2461
4824	536
4825	3771
4826	4769
4827	484
4828	3043
4829	4910
4830	2339
4831	1104
4832	2274
4833	4097
4834	667
4835	4432
4836	586
4837	2803
4838	1664
4839	2021
4840	1464
4841	329
4842	3387
4843	3036
4844	2800
4845	615
4846	4011
4847	3712
4848	687
4849	3796
4850	3289
4851	2717
4852	3349
4853	4943
4854	4115
4855	3956
4856	421
4857	2870
4858	2002
4859	1671
4860	901
4861	464
4862	3761
4863	4210
4864	468
4865	1982
4866	2976
4867	3174
4868	4581
4869	110
4870	1875
4871	3715
4872	1640
4873	231
4874	4559
4875	3612
4876	4945
4877	2207
4878	4639
4879	4550
4880	2070
4881	2765
4882	2855
4883	855
4884	479
4885	1336
4886	3675
4887	4647
4888	4140
4889	187
4890	373
4891	646
4892	4559
4893	2321
4894	754
4895	1454
4896	1633
4897	143
4898	944
4899	347
4900	2961
4901	4853
4902	3106
4903	4257
4904	4295
4905	1611
4906	611
4907	1850
4908	4380
4909	3096
4910	3092
4911	1228
4912	687
4913	3764
4914	4248
4915	64
4916	3202
4917	1215
4918	2672
4919	1721
4920	2336
4921	4922
4922	4094
4923	2386
4924	591
4925	940
4926	2588
4927	4821
4928	1125
4929	3552
4930	36
4931	2548
4932	445
4933	3255
4934	4598
4935	4532
4936	440
4937	2011
4938	710
4939	3012
4940	1645
4941	2066
4942	3414
4943	541
4944	1708
4945	4263
4946	1186
4947	193
4948	1075
4949	1457
4950	2918
4951	1429
4952	2547
4953	4250
4954	54
4955	4743
4956	2821
4957	4108
4958	3268
4959	2244
4960	486
4961	3651
4962	811
4963	1445
4964	4500
4965	1601
4966	3037
4967	1195
4968	2624
4969	3310
4970	396
4971	3674
4972	432
4973	3666
4974	574
4975	1881
4976	1010
4977	9
4978	284
4979	3389
4980	3404
4981	1332
4982	4149
4983	25
4984	4416
4985	3044
4986	3636
4987	4880
4988	2972
4989	1554
4990	1705
4991	2315
4992	4252
4993	3197
4994	483
4995	4013
4996	771
4997	806
4998	4973
4999	3490
5000	2132
5001	1078
5002	1243
5003	3050
5004	3368
5005	1845
5006	2688
5007	4187
5008	695
5009	2273
5010	695
5011	1357
5012	349
5013	1897
5014	1858
5015	3615
5016	160
5017	2955
5018	2988
5019	1991
5020	3014
5021	3778
5022	1360
5023	3776
5024	3583
5025	3146
5026	2304
5027	1324
5028	2348
5029	1077
5030	1121
5031	614
5032	4706
5033	432
5034	1531
5035	1882
5036	1880
5037	2216
5038	229
5039	1463
5040	1081
5041	2790
5042	1670
5043	259
5044	1742
5045	1513
5046	4182
5047	94
5048	3577
5049	2127
5050	67
5051	2357
5052	2091
5053	1058
5054	1655
5055	111
5056	4394
5057	841
5058	906
5059	1797
5060	1167
5061	519
5062	4758
5063	2201
5064	1067
5065	729
5066	1083
5067	3962
5068	952
5069	3607
5070	1282
5071	3726
5072	4627
5073	401
5074	2878
5075	977
5076	855
5077	730
5078	3055
5079	2755
5080	3061
5081	520
5082	1903
5083	2469
5084	861
5085	2095
5086	4784
5087	3879
5088	597
5089	141
5090	1871
5091	452
5092	2826
5093	3760
5094	775
5095	627
5096	3333
5097	1501
5098	233
5099	3696
5100	3082
5101	2479
5102	1818
5103	1390
5104	3198
5105	2722
5106	1690
5107	2755
5108	2029
5109	2064
5110	1219
5111	406
5112	3451
5113	84
5114	3567
5115	613
5116	752
5117	4962
5118	1662
5119	1060
5120	4135
5121	4570
5122	1772
5123	1361
5124	1631
5125	1054
5126	3287
5127	3159
5128	2727
5129	1269
5130	1635
5131	2384
5132	3812
5133	655
5134	3010
5135	3850
5136	88
5137	4576
5138	851
5139	661
5140	4633
5141	1999
5142	1454
5143	2330
5144	1620
5145	2131
5146	3857
5147	2210
5148	3119
5149	4238
5150	1151
5151	3756
5152	52
5153	4920
5154	4695
5155	3731
5156	3548
5157	4359
5158	2412
5159	2455
5160	2699
5161	3959
5162	1274
5163	4162
5164	1440
5165	2606
5166	2654
5167	3278
5168	1494
5169	3435
5170	1355
5171	1898
5172	973
5173	2756
5174	1060
5175	115
5176	547
5177	2578
5178	89
5179	4505
5180	1494
5181	2084
5182	424
5183	682
5184	891
5185	1246
5186	4040
5187	2038
5188	1291
5189	1996
5190	1752
5191	1472
5192	4410
5193	4005
5194	2025
5195	334
5196	4416
5197	1162
5198	3407
5199	4247
5200	3830
5201	2647
5202	4776
5203	385
5204	3029
5205	1168
5206	4756
5207	575
5208	4505
5209	2120
5210	4006
5211	4043
5212	416
5213	2978
5214	2469
5215	2526
5216	1852
5217	3319
5218	627
5219	2978
5220	3306
5221	3709
5222	2836
5223	4302
5224	2967
5225	3346
5226	1928
5227	3759
5228	4122
5229	4509
5230	554
5231	1716
5232	3528
5233	4481
5234	4726
5235	3180
5236	4433
5237	3359
5238	3338
5239	2441
5240	3229
5241	2805
5242	2687
5243	4395
5244	4379
5245	1624
5246	3434
5247	4198
5248	1134
5249	872
5250	1839
5251	964
5252	3445
5253	478
5254	1049
5255	320
5256	1877
5257	1815
5258	1602
5259	1252
5260	1320
5261	3797
5262	4549
5263	1971
5264	3368
5265	4665
5266	1520
5267	1099
5268	4034
5269	4836
5270	3419
5271	2379
5272	2418
5273	1
5274	2097
5275	89
5276	3469
5277	175
5278	4528
5279	2077
5280	2606
5281	1910
5282	4327
5283	2322
5284	2493
5285	2699
5286	426
5287	4102
5288	3456
5289	3485
5290	930
5291	4492
5292	1366
5293	1747
5294	1348
5295	2506
5296	2188
5297	2982
5298	1598
5299	2248
5300	2099
5301	1674
5302	707
5303	3376
5304	3061
5305	941
5306	4564
5307	2596
5308	1277
5309	1834
5310	527
5311	3491
5312	1466
5313	3789
5314	768
5315	410
5316	3023
5317	1600
5318	4555
5319	2036
5320	2909
5321	2816
5322	1859
5323	2162
5324	1577
5325	2240
5326	4439
5327	2452
5328	4557
5329	2423
5330	3590
5331	3988
5332	3617
5333	1978
5334	132
5335	2423
5336	2323
5337	3573
5338	1618
5339	4181
5340	706
5341	3741
5342	4081
5343	4951
5344	2757
5345	1048
5346	957
5347	628
5348	4287
5349	3730
5350	3517
5351	2258
5352	4423
5353	3095
5354	1112
5355	2416
5356	4901
5357	4018
5358	4223
5359	4539
5360	3117
5361	1377
5362	3722
5363	2905
5364	4187
5365	3627
5366	1258
5367	146
5368	2169
5369	335
5370	2456
5371	4271
5372	1533
5373	90
5374	438
5375	3731
5376	923
5377	4303
5378	3651
5379	920
5380	4310
5381	4531
5382	1561
5383	3999
5384	399
5385	581
5386	268
5387	3865
5388	1153
5389	2616
5390	4433
5391	2135
5392	1941
5393	2281
5394	1961
5395	3801
5396	3480
5397	32
5398	2522
5399	270
5400	1111
5401	2714
5402	4414
5403	1673
5404	4265
5405	1091
5406	722
5407	1955
5408	3467
5409	1233
5410	1173
5411	1337
5412	1290
5413	2122
5414	1924
5415	2004
5416	433
5417	2008
5418	473
5419	2024
5420	3717
5421	2835
5422	967
5423	1901
5424	4707
5425	2616
5426	1446
5427	2028
5428	4244
5429	2551
5430	4150
5431	2862
5432	4073
5433	760
5434	4649
5435	3120
5436	3694
5437	4368
5438	162
5439	3736
5440	556
5441	733
5442	1003
5443	4223
5444	3535
5445	268
5446	3159
5447	715
5448	615
5449	2172
5450	568
5451	1588
5452	2750
5453	2084
5454	1405
5455	2230
5456	2251
5457	4290
5458	3789
5459	496
5460	514
5461	1565
5462	1711
5463	4206
5464	1347
5465	1514
5466	3264
5467	4064
5468	1594
5469	2090
5470	2600
5471	1223
5472	1706
5473	4671
5474	648
5475	2173
5476	24
5477	2774
5478	3991
5479	4432
5480	2372
5481	2992
5482	450
5483	3261
5484	1381
5485	2819
5486	1215
5487	2705
5488	2352
5489	1434
5490	2193
5491	2627
5492	1799
5493	1761
5494	604
5495	4606
5496	1911
5497	676
5498	2185
5499	1760
5500	4259
5501	403
5502	1481
5503	4112
5504	1456
5505	2278
5506	1187
5507	4947
5508	2864
5509	1175
5510	3414
5511	2814
5512	852
5513	786
5514	2505
5515	4454
5516	1575
5517	1919
5518	2497
5519	4554
5520	911
5521	4898
5522	907
5523	4877
5524	1220
5525	3700
5526	1672
5527	1141
5528	2555
5529	1324
5530	1675
5531	4980
5532	866
5533	1580
5534	1259
5535	3957
5536	3557
5537	4351
5538	2373
5539	3317
5540	3090
5541	307
5542	2202
5543	4364
5544	2842
5545	4654
5546	3880
5547	2508
5548	7
5549	760
5550	3397
5551	3655
5552	2212
5553	4661
5554	1913
5555	3063
5556	1939
5557	305
5558	2666
5559	3364
5560	1408
5561	3075
5562	2629
5563	4992
5564	886
5565	418
5566	2660
5567	1994
5568	3018
5569	1789
5570	4828
5571	1317
5572	790
5573	142
5574	1196
5575	2451
5576	351
5577	279
5578	13
5579	572
5580	286
5581	1441
5582	3359
5583	2237
5584	3639
5585	1260
5586	193
5587	4178
5588	4503
5589	103
5590	2426
5591	1927
5592	2495
5593	2413
5594	4434
5595	3400
5596	234
5597	3539
5598	3848
5599	631
5600	2369
5601	3687
5602	521
5603	2198
5604	4401
5605	3775
5606	4405
5607	534
5608	3354
5609	1830
5610	2177
5611	1442
5612	342
5613	2282
5614	4246
5615	2168
5616	3297
5617	4718
5618	2981
5619	272
5620	3025
5621	454
5622	292
5623	781
5624	2135
5625	1805
5626	2464
5627	4786
5628	3634
5629	1699
5630	3816
5631	1156
5632	2467
5633	2696
5634	1069
5635	1693
5636	4853
5637	2585
5638	4681
5639	309
5640	2986
5641	2474
5642	3909
5643	3448
5644	3426
5645	2430
5646	291
5647	3238
5648	4297
5649	1569
5650	4159
5651	1485
5652	4407
5653	2075
5654	1224
5655	2617
5656	4158
5657	4887
5658	2238
5659	92
5660	3919
5661	2331
5662	3563
5663	2924
5664	1703
5665	809
5666	4919
5667	1753
5668	845
5669	4983
5670	4606
5671	2290
5672	3053
5673	422
5674	1168
5675	523
5676	4877
5677	1972
5678	2149
5679	4983
5680	4734
5681	4132
5682	567
5683	3616
5684	4422
5685	1914
5686	4325
5687	4139
5688	4232
5689	3135
5690	2561
5691	4510
5692	1063
5693	1345
5694	2906
5695	3941
5696	4958
5697	3928
5698	174
5699	2554
5700	1836
5701	385
5702	2634
5703	2229
5704	85
5705	561
5706	522
5707	2256
5708	717
5709	534
5710	2477
5711	987
5712	3303
5713	456
5714	865
5715	2061
5716	4266
5717	4152
5718	478
5719	1836
5720	769
5721	4095
5722	1401
5723	4780
5724	3529
5725	4144
5726	4620
5727	1787
5728	3309
5729	4272
5730	2937
5731	3274
5732	4692
5733	4093
5734	3191
5735	166
5736	4138
5737	3097
5738	4446
5739	4336
5740	3823
5741	954
5742	1179
5743	3088
5744	3436
5745	1873
5746	8
5747	2561
5748	3407
5749	2873
5750	4984
5751	2855
5752	1241
5753	4765
5754	4238
5755	1589
5756	474
5757	986
5758	4205
5759	4972
5760	4053
5761	3555
5762	1084
5763	4798
5764	3616
5765	2165
5766	2771
5767	878
5768	1425
5769	271
5770	2525
5771	1299
5772	821
5773	4183
5774	3035
5775	392
5776	3265
5777	2762
5778	2916
5779	864
5780	1026
5781	2322
5782	1498
5783	265
5784	970
5785	749
5786	1188
5787	3605
5788	2964
5789	1343
5790	4746
5791	1408
5792	1972
5793	1586
5794	1820
5795	3640
5796	4067
5797	3458
5798	4628
5799	3916
5800	2970
5801	3366
5802	4859
5803	4019
5804	1492
5805	4447
5806	2969
5807	4979
5808	900
5809	3738
5810	2058
5811	666
5812	285
5813	1248
5814	3184
5815	2500
5816	3119
5817	361
5818	109
5819	2062
5820	2720
5821	2212
5822	2538
5823	3420
5824	3144
5825	2223
5826	2290
5827	2190
5828	3212
5829	2617
5830	985
5831	1037
5832	884
5833	2100
5834	4063
5835	860
5836	278
5837	1241
5838	1969
5839	2288
5840	638
5841	2357
5842	992
5843	3375
5844	1998
5845	3321
5846	3537
5847	2492
5848	2892
5849	2218
5850	1934
5851	2153
5852	287
5853	4086
5854	3127
5855	2467
5856	1725
5857	3315
5858	4224
5859	4956
5860	4985
5861	3734
5862	805
5863	3648
5864	191
5865	3763
5866	3820
5867	2636
5868	1325
5869	6
5870	2460
5871	3962
5872	2518
5873	4590
5874	2791
5875	1209
5876	3060
5877	4669
5878	1230
5879	1264
5880	2633
5881	4453
5882	4939
5883	2858
5884	223
5885	81
5886	3998
5887	1470
5888	2107
5889	3124
5890	795
5891	502
5892	3058
5893	1872
5894	1626
5895	2675
5896	3542
5897	2741
5898	4697
5899	3657
5900	4981
5901	4200
5902	859
5903	2053
5904	901
5905	3534
5906	4161
5907	595
5908	2562
5909	82
5910	3380
5911	3596
5912	1366
5913	2397
5914	4737
5915	3837
5916	810
5917	383
5918	3913
5919	1583
5920	389
5921	3692
5922	1265
5923	2240
5924	2276
5925	1966
5926	282
5927	717
5928	3968
5929	2594
5930	1293
5931	2940
5932	148
5933	4817
5934	3373
5935	2172
5936	4525
5937	4825
5938	1543
5939	4113
5940	1327
5941	2901
5942	936
5943	1333
5944	2453
5945	3855
5946	1593
5947	2912
5948	4847
5949	3512
5950	1749
5951	131
5952	256
5953	3178
5954	4274
5955	1512
5956	4770
5957	1128
5958	1459
5959	3348
5960	2343
5961	2735
5962	3397
5963	2819
5964	4657
5965	3728
5966	580
5967	1512
5968	2007
5969	3131
5970	3733
5971	4397
5972	866
5973	1487
5974	737
5975	764
5976	4269
5977	3096
5978	80
5979	2789
5980	520
5981	2893
5982	327
5983	2502
5984	2745
5985	2647
5986	20
5987	4673
5988	4391
5989	1701
5990	2534
5991	1948
5992	3501
5993	472
5994	85
5995	2738
5996	2548
5997	3167
5998	4884
5999	2958
6000	4163
6001	2497
6002	3568
6003	935
6004	341
6005	2354
6006	2311
6007	1202
6008	494
6009	59
6010	464
6011	1876
6012	1672
6013	3516
6014	4470
6015	2989
6016	3193
6017	3859
6018	4648
6019	1189
6020	3522
6021	4171
6022	2023
6023	2069
6024	4540
6025	3625
6026	4373
6027	1768
6028	4250
6029	4594
6030	4814
6031	4603
6032	4149
6033	1435
6034	4228
6035	4347
6036	127
6037	470
6038	4916
6039	4520
6040	1063
6041	4233
6042	379
6043	686
6044	379
6045	3362
6046	3791
6047	3194
6048	770
6049	1719
6050	4080
6051	3149
6052	2382
6053	3235
6054	4425
6055	3600
6056	19
6057	431
6058	2024
6059	4013
6060	4613
6061	4793
6062	1181
6063	3766
6064	423
6065	341
6066	960
6067	867
6068	4037
6069	3652
6070	3493
6071	374
6072	1912
6073	4128
6074	1421
6075	2817
6076	3967
6077	4753
6078	349
6079	4374
6080	300
6081	643
6082	453
6083	4938
6084	571
6085	336
6086	4298
6087	4735
6088	4424
6089	4644
6090	3176
6091	3367
6092	882
6093	4240
6094	3080
6095	3237
6096	3597
6097	2432
6098	950
6099	1716
6100	1009
6101	2762
6102	1328
6103	3163
6104	1095
6105	2589
6106	3546
6107	2224
6108	2441
6109	4435
6110	491
6111	4029
6112	1192
6113	4782
6114	197
6115	4617
6116	4709
6117	2361
6118	2957
6119	1953
6120	3588
6121	1404
6122	2404
6123	2125
6124	4446
6125	1866
6126	3074
6127	1544
6128	2765
6129	1768
6130	2296
6131	2420
6132	2578
6133	2783
6134	3176
6135	4370
6136	4949
6137	2869
6138	3747
6139	2324
6140	2619
6141	3905
6142	4300
6143	2439
6144	570
6145	4721
6146	2609
6147	906
6148	3339
6149	1496
6150	3808
6151	3026
6152	1325
6153	4462
6154	1249
6155	358
6156	2238
6157	2740
6158	2443
6159	3786
6160	4664
6161	4302
6162	1594
6163	996
6164	2737
6165	798
6166	4135
6167	3672
6168	4508
6169	82
6170	163
6171	3549
6172	2642
6173	2828
6174	4935
6175	1039
6176	4351
6177	3726
6178	2438
6179	3760
6180	1214
6181	2475
6182	1328
6183	3887
6184	597
6185	962
6186	2780
6187	2300
6188	1170
6189	3954
6190	2125
6191	1731
6192	1377
6193	3065
6194	3230
6195	3345
6196	139
6197	4140
6198	1781
6199	4393
6200	3608
6201	2512
6202	4603
6203	947
6204	2111
6205	1725
6206	1758
6207	3516
6208	2301
6209	302
6210	1698
6211	4934
6212	514
6213	2427
6214	1312
6215	79
6216	476
6217	4443
6218	3778
6219	1610
6220	4636
6221	3527
6222	3371
6223	3769
6224	3460
6225	1146
6226	1721
6227	1074
6228	1115
6229	2575
6230	70
6231	3154
6232	3974
6233	3873
6234	1623
6235	4523
6236	4336
6237	3020
6238	2796
6239	1010
6240	4678
6241	4780
6242	4086
6243	4210
6244	4218
6245	4691
6246	1660
6247	861
6248	3784
6249	2515
6250	3443
6251	708
6252	2753
6253	679
6254	3072
6255	2203
6256	1159
6257	3108
6258	3502
6259	3353
6260	4977
6261	1183
6262	4750
6263	3011
6264	3735
6265	3547
6266	3127
6267	4258
6268	1505
6269	4226
6270	1547
6271	1510
6272	449
6273	4679
6274	2844
6275	3573
6276	927
6277	3377
6278	2307
6279	1773
6280	3177
6281	782
6282	3456
6283	2156
6284	1249
6285	4333
6286	3132
6287	3543
6288	2126
6289	2008
6290	3395
6291	2213
6292	2088
6293	876
6294	1541
6295	4247
6296	396
6297	3970
6298	1501
6299	598
6300	4439
6301	1706
6302	1785
6303	508
6304	2130
6305	2174
6306	3238
6307	3579
6308	2917
6309	809
6310	221
6311	2811
6312	511
6313	3432
6314	3491
6315	4319
6316	1031
6317	3155
6318	4884
6319	2984
6320	2480
6321	4998
6322	1450
6323	236
6324	1666
6325	1710
6326	1912
6327	4360
6328	3860
6329	677
6330	1052
6331	1538
6332	4602
6333	2303
6334	2364
6335	3450
6336	1261
6337	3931
6338	200
6339	1404
6340	1289
6341	161
6342	1886
6343	148
6344	4809
6345	4464
6346	231
6347	3106
6348	178
6349	4409
6350	4546
6351	565
6352	2137
6353	4157
6354	3810
6355	725
6356	1624
6357	1416
6358	353
6359	43
6360	1627
6361	1354
6362	950
6363	2722
6364	3027
6365	1999
6366	3750
6367	2160
6368	4168
6369	654
6370	532
6371	2113
6372	4881
6373	3958
6374	469
6375	710
6376	2139
6377	3345
6378	2217
6379	121
6380	3
6381	197
6382	504
6383	566
6384	4437
6385	4948
6386	2241
6387	524
6388	2970
6389	1247
6390	466
6391	2428
6392	3630
6393	4449
6394	2957
6395	4316
6396	4879
6397	3696
6398	2422
6399	4097
6400	3576
6401	1011
6402	936
6403	1447
6404	4507
6405	3495
6406	4738
6407	1471
6408	3114
6409	2274
6410	4377
6411	185
6412	1047
6413	4010
6414	2337
6415	154
6416	4708
6417	2620
6418	3940
6419	2612
6420	3038
6421	1024
6422	4714
6423	4499
6424	1930
6425	1031
6426	207
6427	3898
6428	1212
6429	2277
6430	4633
6431	1732
6432	4230
6433	2049
6434	3450
6435	263
6436	780
6437	4441
6438	1586
6439	3684
6440	1839
6441	3707
6442	4204
6443	4762
6444	1048
6445	5000
6446	156
6447	2776
6448	4298
6449	2047
6450	1092
6451	4762
6452	4990
6453	3560
6454	1922
6455	4472
6456	1445
6457	4345
6458	795
6459	2200
6460	1234
6461	1259
6462	3415
6463	3093
6464	511
6465	4569
6466	340
6467	675
6468	3832
6469	4491
6470	1677
6471	4749
6472	1428
6473	1934
6474	4087
6475	653
6476	3914
6477	345
6478	1174
6479	1495
6480	4131
6481	37
6482	1352
6483	2198
6484	987
6485	2489
6486	3372
6487	4194
6488	3008
6489	131
6490	1345
6491	3779
6492	1431
6493	4659
6494	4767
6495	1843
6496	1733
6497	1998
6498	714
6499	17
6500	4064
6501	4779
6502	4701
6503	2162
6504	4052
6505	4494
6506	2059
6507	1935
6508	312
6509	358
6510	169
6511	1490
6512	1296
6513	3341
6514	65
6515	640
6516	1143
6517	1253
6518	698
6519	61
6520	4887
6521	133
6522	2444
6523	4804
6524	750
6525	213
6526	3878
6527	873
6528	1727
6529	828
6530	2055
6531	2422
6532	3964
6533	800
6534	4562
6535	1568
6536	395
6537	1202
6538	874
6539	3575
6540	357
6541	825
6542	2525
6543	835
6544	4530
6545	4372
6546	2285
6547	2506
6548	2633
6549	53
6550	1076
6551	3418
6552	2767
6553	895
6554	3980
6555	4755
6556	2044
6557	4957
6558	4684
6559	3213
6560	2795
6561	2319
6562	4782
6563	4169
6564	4183
6565	2652
6566	1654
6567	1990
6568	3466
6569	2556
6570	4569
6571	3599
6572	3321
6573	4156
6574	4916
6575	4398
6576	1317
6577	796
6578	3099
6579	1613
6580	624
6581	2425
6582	2769
6583	495
6584	1275
6585	4050
6586	1367
6587	2584
6588	4201
6589	2195
6590	3978
6591	194
6592	2511
6593	2706
6594	1385
6595	1533
6596	2128
6597	2272
6598	2415
6599	3343
6600	4889
6601	1127
6602	2995
6603	475
6604	3090
6605	633
6606	3024
6607	4494
6608	914
6609	1418
6610	2650
6611	38
6612	3161
6613	4281
6614	2894
6615	844
6616	1662
6617	2491
6618	4267
6619	3462
6620	1087
6621	869
6622	2004
6623	3956
6624	2998
6625	1417
6626	1647
6627	3707
6628	460
6629	4904
6630	2494
6631	4216
6632	2885
6633	4328
6634	2317
6635	247
6636	832
6637	569
6638	1195
6639	4733
6640	3222
6641	1729
6642	683
6643	1904
6644	736
6645	4848
6646	4258
6647	3470
6648	1335
6649	3267
6650	2843
6651	962
6652	33
6653	3417
6654	3643
6655	1807
6656	4902
6657	519
6658	1862
6659	4407
6660	2301
6661	3123
6662	1025
6663	4402
6664	238
6665	2950
6666	945
6667	4590
6668	2014
6669	2133
6670	1131
6671	44
6672	4090
6673	3888
6674	280
6675	2414
6676	905
6677	4484
6678	3859
6679	3351
6680	3320
6681	1814
6682	3298
6683	4772
6684	1510
6685	4485
6686	2532
6687	361
6688	3203
6689	3066
6690	3385
6691	4942
6692	1849
6693	1760
6694	569
6695	3542
6696	1719
6697	276
6698	4840
6699	1173
6700	1911
6701	4172
6702	3903
6703	350
6704	2947
6705	807
6706	218
6707	2822
6708	3104
6709	1420
6710	2271
6711	3315
6712	2314
6713	4905
6714	2465
6715	4978
6716	2947
6717	3985
6718	1179
6719	4685
6720	1800
6721	538
6722	3152
6723	2287
6724	223
6725	2715
6726	3632
6727	4761
6728	2093
6729	4918
6730	393
6731	387
6732	1769
6733	3325
6734	2849
6735	3582
6736	2833
6737	3365
6738	77
6739	456
6740	1224
6741	4640
6742	1749
6743	1700
6744	2103
6745	2379
6746	3902
6747	3017
6748	1987
6749	1673
6750	276
6751	2408
6752	2093
6753	740
6754	589
6755	3617
6756	4089
6757	1777
6758	2199
6759	1582
6760	3270
6761	4844
6762	4867
6763	2595
6764	2207
6765	2704
6766	3249
6767	142
6768	1169
6769	2080
6770	3638
6771	3792
6772	3308
6773	669
6774	459
6775	4220
6776	724
6777	1142
6778	398
6779	4915
6780	835
6781	244
6782	2543
6783	2058
6784	2294
6785	4978
6786	246
6787	3098
6788	4668
6789	1713
6790	3413
6791	506
6792	4412
6793	2307
6794	3055
6795	3200
6796	2709
6797	2009
6798	1197
6799	1683
6800	2680
6801	2656
6802	3743
6803	504
6804	1056
6805	4591
6806	3564
6807	817
6808	2380
6809	3803
6810	2708
6811	2899
6812	2064
6813	3222
6814	4772
6815	1958
6816	567
6817	4166
6818	1186
6819	1587
6820	359
6821	3081
6822	975
6823	2744
6824	3725
6825	1304
6826	4346
6827	96
6828	4354
6829	3664
6830	1806
6831	1964
6832	359
6833	3388
6834	321
6835	2428
6836	3668
6837	108
6838	1250
6839	2291
6840	3624
6841	965
6842	2139
6843	937
6844	1401
6845	4401
6846	501
6847	2612
6848	4551
6849	1353
6850	3743
6851	1461
6852	4207
6853	4700
6854	3435
6855	4611
6856	656
6857	2961
6858	3568
6859	4328
6860	4276
6861	4035
6862	3890
6863	4736
6864	4675
6865	1612
6866	959
6867	2720
6868	315
6869	4169
6870	4037
6871	2046
6872	3665
6873	4102
6874	1452
6875	1413
6876	4855
6877	1210
6878	2994
6879	2118
6880	1451
6881	1969
6882	1599
6883	289
6884	382
6885	201
6886	4715
6887	4864
6888	1159
6889	4428
6890	1389
6891	2594
6892	3795
6893	1370
6894	152
6895	1226
6896	4343
6897	2175
6898	3395
6899	1225
6900	2118
6901	3903
6902	4142
6903	1690
6904	611
6905	2770
6906	1663
6907	4243
6908	3510
6909	846
6910	3223
6911	1126
6912	1601
6913	543
6914	603
6915	2798
6916	1664
6917	3381
6918	2674
6919	2880
6920	2261
6921	991
6922	3686
6923	4340
6924	1963
6925	26
6926	93
6927	3620
6928	741
6929	4609
6930	326
6931	4270
6932	3670
6933	3847
6934	1633
6935	2186
6936	1435
6937	1231
6938	2743
6939	3478
6940	2712
6941	3966
6942	4458
6943	3152
6944	2021
6945	3250
6946	2956
6947	14
6948	2918
6949	259
6950	2782
6951	1231
6952	4216
6953	4892
6954	3276
6955	2033
6956	4667
6957	1545
6958	4418
6959	3679
6960	4546
6961	1770
6962	1496
6963	1659
6964	2731
6965	4095
6966	445
6967	2877
6968	3511
6969	334
6970	651
6971	384
6972	3864
6973	1028
6974	909
6975	4487
6976	1562
6977	814
6978	3151
6979	4924
6980	4178
6981	3016
6982	4103
6983	1227
6984	471
6985	3771
6986	1350
6987	3469
6988	932
6989	1255
6990	3403
6991	3806
6992	4744
6993	1014
6994	620
6995	3626
6996	1466
6997	1904
6998	158
6999	1596
7000	2800
7001	4952
7002	4005
7003	2704
7004	4904
7005	4478
7006	1201
7007	235
7008	4943
7009	2329
7010	1881
7011	196
7012	4858
7013	3377
7014	3440
7015	1371
7016	4315
7017	1681
7018	1561
7019	221
7020	4555
7021	2701
7022	923
7023	2498
7024	3895
7025	3892
7026	3083
7027	3221
7028	4039
7029	4077
7030	3585
7031	1470
7032	604
7033	2366
7034	1275
7035	3099
7036	281
7037	3747
7038	10
7039	848
7040	4657
7041	3966
7042	3843
7043	4265
7044	921
7045	1920
7046	988
7047	4534
7048	1620
7049	1702
7050	4939
7051	3644
7052	2956
7053	933
7054	3843
7055	2740
7056	2165
7057	1088
7058	1074
7059	4413
7060	763
7061	902
7062	4666
7063	3612
7064	939
7065	4383
7066	2608
7067	3305
7068	3874
7069	3974
7070	3460
7071	860
7072	1172
7073	346
7074	4942
7075	254
7076	2342
7077	4580
7078	1900
7079	590
7080	1843
7081	425
7082	1422
7083	4768
7084	2210
7085	155
7086	4500
7087	3331
7088	2070
7089	2935
7090	548
7091	4119
7092	2864
7093	4038
7094	3384
7095	3979
7096	1038
7097	107
7098	1008
7099	2321
7100	4552
7101	2925
7102	2953
7103	2831
7104	1966
7105	535
7106	908
7107	2852
7108	4547
7109	2099
7110	140
7111	1197
7112	2056
7113	1952
7114	2000
7115	2808
7116	3578
7117	3253
7118	4105
7119	4716
7120	2336
7121	1853
7122	3391
7123	4909
7124	2898
7125	3046
7126	3706
7127	1210
7128	2943
7129	1553
7130	736
7131	1012
7132	4524
7133	357
7134	4339
7135	1508
7136	3624
7137	2788
7138	261
7139	1498
7140	346
7141	4307
7142	3215
7143	2683
7144	2693
7145	1225
7146	2504
7147	1993
7148	4010
7149	2974
7150	1879
7151	1459
7152	1432
7153	1595
7154	4668
7155	3264
7156	4452
7157	3203
7158	4962
7159	4143
7160	454
7161	1991
7162	1508
7163	2025
7164	1896
7165	302
7166	2751
7167	2637
7168	2621
7169	1888
7170	3105
7171	4618
7172	3543
7173	3978
7174	3557
7175	2530
7176	602
7177	4678
7178	2793
7179	4428
7180	2015
7181	4490
7182	4632
7183	2358
7184	1988
7185	475
7186	1145
7187	58
7188	1432
7189	3408
7190	1207
7191	4337
7192	1367
7193	2514
7194	2686
7195	2302
7196	4208
7197	1960
7198	1040
7199	3679
7200	2845
7201	4753
7202	3681
7203	240
7204	8
7205	171
7206	4687
7207	594
7208	3148
7209	3995
7210	398
7211	4251
7212	16
7213	2214
7214	330
7215	922
7216	1190
7217	897
7218	4200
7219	1240
7220	1876
7221	2229
7222	1222
7223	3532
7224	2427
7225	4227
7226	3669
7227	1635
7228	2889
7229	4635
7230	976
7231	2220
7232	600
7233	4793
7234	4026
7235	4727
7236	3116
7237	2191
7238	1893
7239	726
7240	3140
7241	836
7242	2801
7243	1900
7244	4822
7245	3304
7246	638
7247	1291
7248	1413
7249	487
7250	1822
7251	1364
7252	2834
7253	4173
7254	3902
7255	4742
7256	3210
7257	2472
7258	3588
7259	946
7260	3758
7261	1918
7262	2180
7263	442
7264	1398
7265	4960
7266	297
7267	1842
7268	1808
7269	649
7270	1097
7271	3015
7272	2769
7273	2670
7274	2111
7275	21
7276	2575
7277	2372
7278	1142
7279	1018
7280	4990
7281	3194
7282	2294
7283	4455
7284	2673
7285	4121
7286	1420
7287	3504
7288	4503
7289	2948
7290	4923
7291	1570
7292	4531
7293	2211
7294	174
7295	4766
7296	1072
7297	1152
7298	4941
7299	2736
7300	1279
7301	4120
7302	1917
7303	1894
7304	4253
7305	2796
7306	2981
7307	4868
7308	1280
7309	653
7310	4000
7311	3274
7312	2495
7313	2684
7314	496
7315	1979
7316	3792
7317	472
7318	841
7319	3008
7320	2445
7321	2721
7322	2794
7323	1868
7324	1844
7325	551
7326	2303
7327	517
7328	4892
7329	2874
7330	2809
7331	4048
7332	2907
7333	4236
7334	2544
7335	3546
7336	1339
7337	1860
7338	261
7339	71
7340	920
7341	4758
7342	1464
7343	2247
7344	2164
7345	4804
7346	290
7347	4269
7348	2140
7349	672
7350	4545
7351	786
7352	2391
7353	3037
7354	3906
7355	1803
7356	1918
7357	4600
7358	1682
7359	3916
7360	2982
7361	961
7362	4094
7363	4381
7364	1180
7365	254
7366	43
7367	4479
7368	4512
7369	4818
7370	4769
7371	2857
7372	3454
7373	1953
7374	1949
7375	3021
7376	2640
7377	4580
7378	4491
7379	2447
7380	4103
7381	3132
7382	4863
7383	4440
7384	173
7385	414
7386	3129
7387	4747
7388	734
7389	1358
7390	4629
7391	2600
7392	964
7393	3325
7394	3154
7395	2834
7396	2218
7397	1779
7398	639
7399	2182
7400	1935
7401	1190
7402	3925
7403	1500
7404	437
7405	3602
7406	1147
7407	3488
7408	4975
7409	4133
7410	1606
7411	845
7412	4971
7413	4422
7414	3976
7415	3519
7416	1641
7417	3295
7418	3483
7419	3177
7420	4744
7421	2987
7422	2845
7423	1106
7424	3349
7425	2182
7426	2931
7427	3922
7428	3782
7429	3668
7430	2570
7431	64
7432	303
7433	4437
7434	3045
7435	2258
7436	4107
7437	1260
7438	1615
7439	3782
7440	1239
7441	3343
7442	412
7443	97
7444	3148
7445	999
7446	4034
7447	1402
7448	2962
7449	4699
7450	4452
7451	2572
7452	433
7453	3363
7454	2397
7455	4421
7456	4841
7457	3562
7458	2291
7459	4151
7460	60
7461	3523
7462	3981
7463	1077
7464	4440
7465	3728
7466	3964
7467	73
7468	1643
7469	2513
7470	3806
7471	2925
7472	4023
7473	1273
7474	63
7475	4376
7476	1253
7477	1796
7478	1385
7479	4553
7480	1169
7481	2935
7482	1857
7483	4577
7484	1968
7485	4062
7486	1829
7487	2702
7488	4577
7489	2685
7490	2726
7491	250
7492	479
7493	4607
7494	1730
7495	3258
7496	2270
7497	620
7498	1609
7499	3706
7500	4841
7501	3756
7502	4136
7503	1005
7504	232
7505	400
7506	4199
7507	2159
7508	2995
7509	4098
7510	4671
7511	2305
7512	249
7513	4465
7514	1474
7515	3853
7516	2721
7517	1008
7518	3170
7519	2040
7520	3329
7521	2963
7522	999
7523	3428
7524	3042
7525	4997
7526	4883
7527	3130
7528	4641
7529	3808
7530	3196
7531	4177
7532	4335
7533	664
7534	3848
7535	2191
7536	4861
7537	1800
7538	590
7539	1357
7540	4619
7541	1314
7542	4736
7543	741
7544	147
7545	1303
7546	2315
7547	2316
7548	2887
7549	969
7550	4558
7551	275
7552	2991
7553	2302
7554	882
7555	1984
7556	76
7557	196
7558	3381
7559	3412
7560	3896
7561	917
7562	1002
7563	3205
7564	3645
7565	929
7566	1491
7567	1150
7568	1669
7569	3785
7570	3187
7571	1081
7572	3824
7573	2068
7574	3879
7575	3458
7576	1529
7577	703
7578	4669
7579	4600
7580	4752
7581	4109
7582	1436
7583	4353
7584	1130
7585	4785
7586	1364
7587	3911
7588	4587
7589	3896
7590	618
7591	2347
7592	4472
7593	2663
7594	4279
7595	2083
7596	690
7597	1751
7598	4584
7599	4372
7600	3721
7601	898
7602	3628
7603	528
7604	4313
7605	2503
7606	3369
7607	4355
7608	3267
7609	2689
7610	2478
7611	2892
7612	2270
7613	505
7614	4327
7615	4824
7616	311
7617	2949
7618	3087
7619	691
7620	2335
7621	942
7622	3171
7623	4046
7624	4994
7625	2358
7626	1199
7627	3256
7628	1665
7629	2176
7630	2533
7631	3842
7632	1967
7633	175
7634	4321
7635	4844
7636	1511
7637	877
7638	3015
7639	4394
7640	3819
7641	3040
7642	123
7643	3424
7644	3069
7645	2797
7646	751
7647	2117
7648	481
7649	2326
7650	1227
7651	2193
7652	3180
7653	4090
7654	1540
7655	228
7656	178
7657	905
7658	2403
7659	3475
7660	61
7661	1677
7662	3053
7663	2482
7664	4227
7665	4285
7666	388
7667	1886
7668	117
7669	281
7670	1676
7671	4154
7672	3798
7673	4572
7674	3976
7675	4863
7676	928
7677	220
7678	925
7679	1431
7680	1861
7681	4482
7682	2367
7683	4449
7684	188
7685	2904
7686	2494
7687	1301
7688	2013
7689	4703
7690	2055
7691	1255
7692	1396
7693	4794
7694	3073
7695	3637
7696	1025
7697	2065
7698	2275
7699	743
7700	4404
7701	3322
7702	1205
7703	4445
7704	3423
7705	607
7706	4385
7707	1421
7708	2757
7709	1622
7710	2610
7711	1950
7712	2298
7713	3990
7714	2944
7715	4476
7716	756
7717	3073
7718	4493
7719	4373
7720	1851
7721	1114
7722	1914
7723	3340
7724	1124
7725	986
7726	2340
7727	68
7728	3705
7729	3881
7730	1356
7731	4032
7732	1380
7733	1120
7734	4634
7735	1793
7736	4121
7737	2927
7738	1391
7739	4012
7740	3654
7741	718
7742	2661
7743	1534
7744	657
7745	909
7746	1409
7747	2241
7748	4424
7749	3441
7750	1410
7751	4421
7752	3809
7753	1242
7754	4326
7755	1529
7756	2482
7757	1535
7758	1695
7759	179
7760	4256
7761	1172
7762	368
7763	21
7764	526
7765	167
7766	4954
7767	658
7768	4883
7769	1492
7770	2505
7771	1076
7772	4595
7773	4702
7774	4878
7775	3799
7776	4563
7777	4166
7778	4215
7779	3708
7780	2382
7781	1268
7782	1336
7783	3591
7784	4927
7785	4096
7786	4716
7787	3066
7788	1156
7789	2362
7790	2514
7791	3285
7792	3265
7793	4536
7794	570
7795	2378
7796	3654
7797	225
7798	2613
7799	1020
7800	4814
7801	2227
7802	4352
7803	4189
7804	4426
7805	2123
7806	664
7807	4799
7808	2199
7809	3463
7810	1263
7811	360
7812	793
7813	40
7814	2318
7815	1798
7816	4000
7817	989
7818	946
7819	995
7820	4873
7821	4243
7822	372
7823	1066
7824	4913
7825	1386
7826	2396
7827	1240
7828	980
7829	847
7830	2723
7831	1087
7832	3874
7833	1703
7834	2622
7835	603
7836	953
7837	1006
7838	2264
7839	2
7840	3761
7841	2412
7842	2938
7843	1098
7844	2109
7845	1266
7846	4348
7847	4732
7848	274
7849	37
7850	1451
7851	3632
7852	2973
7853	3429
7854	1109
7855	1735
7856	3689
7857	3765
7858	3441
7859	821
7860	2096
7861	3846
7862	3162
7863	344
7864	4543
7865	499
7866	3363
7867	4221
7868	415
7869	2278
7870	4700
7871	558
7872	4177
7873	842
7874	515
7875	3135
7876	1936
7877	4403
7878	4024
7879	4927
7880	3984
7881	4653
7882	4850
7883	4022
7884	1471
7885	3926
7886	4136
7887	1152
7888	3864
7889	4296
7890	4870
7891	4837
7892	1891
7893	3961
7894	2811
7895	3752
7896	1205
7897	3143
7898	2214
7899	1776
7900	3941
7901	2208
7902	4938
7903	1535
7904	2798
7905	4471
7906	3244
7907	612
7908	678
7909	1130
7910	958
7911	3161
7912	151
7913	2581
7914	2060
7915	4159
7916	2895
7917	3369
7918	2065
7919	1717
7920	322
7921	830
7922	1402
7923	893
7924	833
7925	3069
7926	3417
7927	4497
7928	4249
7929	3166
7930	3412
7931	2579
7932	4917
7933	899
7934	588
7935	1554
7936	1089
7937	3481
7938	3710
7939	2335
7940	2233
7941	32
7942	224
7943	4463
7944	3187
7945	4224
7946	3659
7947	57
7948	4376
7949	1092
7950	4792
7951	1516
7952	766
7953	2917
7954	2926
7955	3020
7956	1983
7957	4898
7958	2596
7959	2216
7960	2546
7961	10
7962	943
7963	3572
7964	1856
7965	371
7966	859
7967	1890
7968	3793
7969	711
7970	1194
7971	737
7972	4745
7973	4900
7974	23
7975	2902
7976	4293
7977	4315
7978	902
7979	1181
7980	3340
7981	621
7982	3086
7983	4017
7984	1623
7985	374
7986	4842
7987	4824
7988	3948
7989	3483
7990	4723
7991	4917
7992	446
7993	1213
7994	4821
7995	539
7996	1745
7997	4973
7998	2312
7999	291
8000	2787
8001	4330
8002	617
8003	1735
8004	2147
8005	3347
8006	1261
8007	4533
8008	49
8009	4035
8010	225
8011	925
8012	1437
8013	1792
8014	3032
8015	715
8016	1143
8017	4659
8018	417
8019	2044
8020	2266
8021	1567
8022	4300
8023	312
8024	2138
8025	4239
8026	3541
8027	1448
8028	1410
8029	4689
8030	45
8031	372
8032	3162
8033	535
8034	4271
8035	267
8036	470
8037	3117
8038	574
8039	3170
8040	3068
8041	2440
8042	2365
8043	4731
8044	1761
8045	2520
8046	105
8047	4636
8048	1236
8049	1877
8050	1468
8051	3965
8052	4492
8053	3678
8054	4588
8055	4239
8056	4057
8057	301
8058	3453
8059	820
8060	3427
8061	2662
8062	529
8063	1571
8064	4476
8065	2208
8066	1163
8067	3247
8068	4211
8069	877
8070	1460
8071	4249
8072	918
8073	608
8074	3566
8075	3842
8076	1981
8077	2679
8078	539
8079	3958
8080	547
8081	4740
8082	1430
8083	299
8084	4651
8085	264
8086	2440
8087	3296
8088	4499
8089	3609
8090	4953
8091	2541
8092	848
8093	1974
8094	553
8095	4461
8096	2761
8097	2187
8098	2123
8099	4285
8100	1147
8101	2284
8102	2387
8103	3582
8104	4344
8105	54
8106	1027
8107	4639
8108	3006
8109	2155
8110	581
8111	3999
8112	4528
8113	366
8114	4901
8115	144
8116	315
8117	645
8118	3210
8119	337
8120	1689
8121	3418
8122	3081
8123	4658
8124	1832
8125	1854
8126	4651
8127	79
8128	3247
8129	3104
8130	4091
8131	3087
8132	2483
8133	763
8134	4723
8135	1730
8136	1812
8137	4128
8138	4630
8139	3849
8140	331
8141	1446
8142	3615
8143	2159
8144	2695
8145	4389
8146	1810
8147	4587
8148	3876
8149	1830
8150	2141
8151	2492
8152	1309
8153	4148
8154	636
8155	3455
8156	2155
8157	1792
8158	1414
8159	2115
8160	3149
8161	473
8162	1150
8163	4043
8164	3453
8165	2556
8166	4334
8167	3393
8168	4417
8169	4079
8170	1123
8171	3033
8172	4396
8173	1832
8174	889
8175	2007
8176	3606
8177	4755
8178	275
8179	1578
8180	2523
8181	600
8182	509
8183	3067
8184	2695
8185	1641
8186	3244
8187	541
8188	2975
8189	2332
8190	4970
8191	2034
8192	4717
8193	3253
8194	336
8195	395
8196	28
8197	2741
8198	2018
8199	2043
8200	1089
8201	2268
8202	4805
8203	2063
8204	1268
8205	2941
8206	3298
8207	705
8208	3862
8209	3422
8210	971
8211	4181
8212	338
8213	2540
8214	895
8215	838
8216	2960
8217	2558
8218	3775
8219	2340
8220	4395
8221	1786
8222	1614
8223	466
8224	4462
8225	4317
8226	298
8227	2359
8228	2638
8229	2075
8230	3948
8231	599
8232	1717
8233	3029
8234	3346
8235	2026
8236	2222
8237	1612
8238	1441
8239	4044
8240	527
8241	1571
8242	797
8243	1374
8244	3870
8245	3699
8246	3638
8247	770
8248	1462
8249	2868
8250	4710
8251	3275
8252	1960
8253	3618
8254	2847
8255	1414
8256	2496
8257	2279
8258	3522
8259	2938
8260	3938
8261	4148
8262	2332
8263	673
8264	4106
8265	4730
8266	1356
8267	3318
8268	1853
8269	4027
8270	3294
8271	673
8272	705
8273	4100
8274	2778
8275	3924
8276	2477
8277	2827
8278	4134
8279	3594
8280	34
8281	4621
8282	443
8283	2116
8284	2681
8285	3353
8286	3737
8287	1532
8288	65
8289	4693
8290	2129
8291	1656
8292	2679
8293	1750
8294	2833
8295	3301
8296	4496
8297	81
8298	3794
8299	4878
8300	610
8301	1095
8302	421
8303	3124
8304	1032
8305	113
8306	4847
8307	4808
8308	1198
8309	2215
8310	104
8311	1203
8312	3794
8313	2645
8314	3625
8315	4473
8316	1541
8317	3428
8318	1455
8319	4474
8320	897
8321	1947
8322	1713
8323	4162
8324	3424
8325	4068
8326	1320
8327	4966
8328	3085
8329	262
8330	2465
8331	3579
8332	3759
8333	4118
8334	2784
8335	157
8336	2356
8337	965
8338	3983
8339	1939
8340	3402
8341	4348
8342	654
8343	2878
8344	1281
8345	1382
8346	448
8347	4028
8348	636
8349	4808
8350	4454
8351	4575
8352	4875
8353	440
8354	4933
8355	4036
8356	2544
8357	1423
8358	2640
8359	1852
8360	501
8361	2516
8362	2678
8363	1412
8364	2106
8365	4754
8366	3919
8367	1121
8368	3013
8369	294
8370	711
8371	1986
8372	3918
8373	4966
8374	3282
8375	2417
8376	4145
8377	3216
8378	1540
8379	4575
8380	678
8381	16
8382	4065
8383	3258
8384	111
8385	1096
8386	4872
8387	1678
8388	4419
8389	3191
8390	3113
8391	3166
8392	2330
8393	4561
8394	3080
8395	3867
8396	703
8397	1015
8398	1702
8399	4305
8400	2041
8401	921
8402	1557
8403	1093
8404	1207
8405	2858
8406	2588
8407	2145
8408	4952
8409	498
8410	280
8411	813
8412	176
8413	2145
8414	3240
8415	4371
8416	404
8417	1889
8418	2489
8419	2085
8420	3403
8421	713
8422	885
8423	1185
8424	3857
8425	857
8426	3361
8427	3605
8428	3252
8429	582
8430	4167
8431	1874
8432	2060
8433	39
8434	3698
8435	774
8436	3957
8437	3621
8438	1395
8439	707
8440	96
8441	4971
8442	2098
8443	1874
8444	3901
8445	1499
8446	2911
8447	2360
8448	3009
8449	2463
8450	73
8451	1038
8452	4998
8453	565
8454	3195
8455	1321
8456	3479
8457	3965
8458	230
8459	596
8460	1033
8461	2888
8462	4203
8463	4565
8464	833
8465	4096
8466	1422
8467	4548
8468	3503
8469	4448
8470	3841
8471	1034
8472	3832
8473	1044
8474	1450
8475	2349
8476	1093
8477	3983
8478	2873
8479	2266
8480	2524
8481	526
8482	2723
8483	3271
8484	739
8485	3862
8486	1369
8487	1105
8488	1864
8489	4984
8490	2887
8491	2759
8492	2573
8493	188
8494	4002
8495	2197
8496	4504
8497	970
8498	4220
8499	3163
8500	2297
8501	1415
8502	2724
8503	1790
8504	4163
8505	4864
8506	2244
8507	2914
8508	2739
8509	4337
8510	2771
8511	1166
8512	704
8513	1189
8514	1245
8515	1739
8516	1608
8517	3877
8518	2326
8519	4232
8520	3489
8521	2486
8522	2825
8523	2169
8524	4908
8525	3445
8526	2688
8527	3216
8528	3297
8529	4014
8530	2272
8531	4139
8532	2898
8533	3218
8534	305
8535	3611
8536	1177
8537	1917
8538	730
8539	1741
8540	124
8541	1977
8542	3721
8543	4849
8544	4568
8545	2763
8546	351
8547	3361
8548	1519
8549	3945
8550	3331
8551	4417
8552	557
8553	2571
8554	4988
8555	1553
8556	4062
8557	2619
8558	3439
8559	1126
8560	4794
8561	3787
8562	3509
8563	1053
8564	2359
8565	2715
8566	3752
8567	4624
8568	3392
8569	2115
8570	2265
8571	2194
8572	2365
8573	728
8574	740
8575	4570
8576	3000
8577	512
8578	3449
8579	117
8580	1931
8581	4826
8582	2911
8583	4885
8584	756
8585	392
8586	4760
8587	3223
8588	1129
8589	4976
8590	386
8591	1203
8592	1116
8593	4597
8594	2454
8595	2373
8596	2827
8597	4071
8598	4687
8599	2083
8600	650
8601	3488
8602	356
8603	4143
8604	4474
8605	3378
8606	3071
8607	3009
8608	1050
8609	2005
8610	4526
8611	4026
8612	1741
8613	947
8614	1644
8615	1731
8616	2880
8617	3868
8618	4390
8619	1964
8620	3141
8621	1625
8622	3285
8623	3280
8624	136
8625	120
8626	4367
8627	2512
8628	2107
8629	4822
8630	2478
8631	686
8632	894
8633	3282
8634	2821
8635	3602
8636	599
8637	313
8638	913
8639	2068
8640	1163
8641	3795
8642	1609
8643	1778
8644	4688
8645	222
8646	2793
8647	4370
8648	601
8649	2631
8650	3328
8651	1321
8652	4127
8653	3263
8654	3550
8655	2186
8656	3492
8657	387
8658	4282
8659	2758
8660	2511
8661	3971
8662	4752
8663	371
8664	3545
8665	1391
8666	3140
8667	4032
8668	1032
8669	2096
8670	2201
8671	887
8672	1375
8673	4002
8674	2053
8675	2861
8676	4572
8677	253
8678	601
8679	2289
8680	3153
8681	3729
8682	2174
8683	4245
8684	3928
8685	3751
8686	2334
8687	2646
8688	2645
8689	1216
8690	2463
8691	3327
8692	2599
8693	4852
8694	2945
8695	129
8696	3693
8697	2105
8698	3329
8699	2134
8700	4574
8701	2374
8702	3680
8703	1096
8704	4574
8705	1946
8706	3259
8707	4798
8708	388
8709	631
8710	3611
8711	344
8712	2923
8713	1943
8714	2316
8715	512
8716	1738
8717	3600
8718	3068
8719	994
8720	4242
8721	842
8722	3077
8723	2109
8724	1595
8725	2150
8726	1119
8727	2439
8728	4313
8729	2625
8730	1110
8731	1427
8732	3239
8733	1308
8734	298
8735	1909
8736	4450
8737	2360
8738	2387
8739	528
8740	3373
8741	4309
8742	3354
8743	1632
8744	3810
8745	3912
8746	3768
8747	1116
8748	1151
8749	3224
8750	128
8751	2689
8752	1795
8753	2707
8754	2608
8755	4874
8756	2250
8757	579
8758	4
8759	2020
8760	4775
8761	340
8762	1460
8763	2391
8764	3189
8765	4477
8766	4071
8767	657
8768	1146
8769	4215
8770	3538
8771	3699
8772	1639
8773	3330
8774	3758
8775	3650
8776	1759
8777	1448
8778	1931
8779	127
8780	1528
8781	1129
8782	1157
8783	3088
8784	1073
8785	4392
8786	1233
8787	3667
8788	4707
8789	2181
8790	4622
8791	982
8792	2363
8793	894
8794	3079
8795	4911
8796	2349
8797	3873
8798	2963
8799	4801
8800	2781
8801	4319
8802	1910
8803	1393
8804	4728
8805	2776
8806	3335
8807	360
8808	1019
8809	4517
8810	2653
8811	365
8812	2993
8813	2936
8814	1375
8815	3048
8816	3498
8817	2042
8818	2924
8819	2020
8820	2105
8821	3048
8822	4715
8823	2942
8824	4689
8825	602
8826	3933
8827	2560
8828	1782
8829	1848
8830	476
8831	1465
8832	1065
8833	1295
8834	4806
8835	2166
8836	323
8837	1419
8838	1759
8839	747
8840	916
8841	1158
8842	3201
8843	2178
8844	685
8845	1161
8846	2717
8847	992
8848	2686
8849	1869
8850	4544
8851	2921
8852	1828
8853	3591
8854	529
8855	2408
8856	2538
8857	2703
8858	4036
8859	4251
8860	3757
8861	2472
8862	2559
8863	246
8864	1437
8865	524
8866	3777
8867	3932
8868	1310
8869	4165
8870	1340
8871	3239
8872	2312
8873	4274
8874	2320
8875	3033
8876	771
8877	2629
8878	2542
8879	2595
8880	4419
8881	1548
8882	3386
8883	34
8884	1174
8885	3826
8886	4248
8887	1257
8888	3333
8889	1676
8890	3116
8891	393
8892	3062
8893	1217
8894	1378
8895	3649
8896	2897
8897	1828
8898	3322
8899	718
8900	2558
8901	2668
8902	122
8903	3318
8904	960
8905	1527
8906	2513
8907	2564
8908	2138
8909	3762
8910	1820
8911	4469
8912	568
8913	3375
8914	128
8915	4682
8916	4879
8917	4104
8918	2039
8919	3255
8920	4352
8921	1610
8922	1344
8923	3155
8924	1281
8925	1516
8926	2582
8927	1157
8928	2405
8929	1990
8930	4291
8931	2583
8932	1779
8933	1865
8934	3992
8935	1822
8936	2354
8937	29
8938	1560
8939	4188
8940	3076
8941	1112
8942	2591
8943	4558
8944	3727
8945	4145
8946	4054
8947	3121
8948	430
8949	2426
8950	3797
8951	2847
8952	4461
8953	3005
8954	3427
8955	3594
8956	3571
8957	2447
8958	2246
8959	907
8960	1617
8961	4551
8962	3128
8963	779
8964	3347
8965	3167
8966	2133
8967	1888
8968	2681
8969	1374
8970	2865
8971	1985
8972	323
8973	3091
8974	2268
8975	898
8976	2532
8977	3901
8978	1842
8979	1943
8980	4293
8981	4280
8982	4456
8983	441
8984	1639
8985	3241
8986	1257
8987	1829
8988	2791
8989	1327
8990	1700
8991	1563
8992	1222
8993	2130
8994	2471
8995	1678
8996	988
8997	1022
8998	1457
8999	3455
9000	3613
9001	2374
9002	1158
9003	4582
9004	382
9005	4391
9006	3046
9007	544
9008	3102
9009	747
9010	4866
9011	4654
9012	4340
9013	4833
9014	4260
9015	4807
9016	2459
9017	3945
9018	3570
9019	2921
9020	4493
9021	991
9022	2684
9023	1560
9024	375
9025	2650
9026	1378
9027	4080
9028	910
9029	3431
9030	605
9031	1300
9032	2334
9033	1206
9034	4048
9035	2003
9036	3226
9037	1787
9038	3071
9039	4211
9040	889
9041	808
9042	3165
9043	538
9044	2267
9045	3415
9046	2152
9047	2459
9048	2779
9049	3689
9050	256
9051	4745
9052	1135
9053	4004
9054	313
9055	723
9056	4107
9057	420
9058	2712
9059	3409
9060	4278
9061	3540
9062	3712
9063	3739
9064	2852
9065	3685
9066	2599
9067	4591
9068	4456
9069	1530
9070	949
9071	459
9072	144
9073	215
9074	3673
9075	3317
9076	2071
9077	3932
9078	3985
9079	1632
9080	115
9081	1455
9082	26
9083	3947
9084	1362
9085	1132
9086	1661
9087	1631
9088	554
9089	4567
9090	1283
9091	3028
9092	3474
9093	4842
9094	2590
9095	4816
9096	890
9097	1667
9098	1313
9099	3802
9100	4743
9101	814
9102	3657
9103	4467
9104	2289
9105	3619
9106	2457
9107	3221
9108	2045
9109	4061
9110	3479
9111	1958
9112	1526
9113	878
9114	1316
9115	3847
9116	1528
9117	3188
9118	4390
9119	3183
9120	208
9121	3236
9122	3777
9123	450
9124	2040
9125	3431
9126	4323
9127	4443
9128	1118
9129	3109
9130	612
9131	3076
9132	1473
9133	3231
9134	3572
9135	2693
9136	1695
9137	3131
9138	3487
9139	3107
9140	893
9141	245
9142	4055
9143	2434
9144	3495
9145	1200
9146	1276
9147	4748
9148	4004
9149	1194
9150	4529
9151	2706
9152	3138
9153	2535
9154	2772
9155	1733
9156	1813
9157	46
9158	642
9159	277
9160	1697
9161	824
9162	1567
9163	4550
9164	1868
9165	3288
9166	3840
9167	3949
9168	1419
9169	2170
9170	1791
9171	2592
9172	596
9173	2613
9174	3474
9175	2580
9176	4556
9177	4410
9178	3193
9179	3892
9180	2072
9181	3102
9182	2895
9183	3205
9184	292
9185	370
9186	80
9187	1656
9188	4517
9189	2117
9190	2045
9191	4616
9192	1661
9193	4459
9194	4524
9195	2283
9196	2486
9197	2809
9198	3165
9199	4704
9200	342
9201	394
9202	742
9203	4146
9204	699
9205	3278
9206	502
9207	1319
9208	3459
9209	1669
9210	1773
9211	4640
9212	2006
9213	2851
9214	2384
9215	594
9216	152
9217	3319
9218	1213
9219	1797
9220	3691
9221	3130
9222	1956
9223	2799
9224	1657
9225	1722
9226	2590
9227	4571
9228	1051
9229	843
9230	1582
9231	4908
9232	910
9233	3031
9234	228
9235	3401
9236	4191
9237	4873
9238	2807
9239	3470
9240	789
9241	1280
9242	3680
9243	1975
9244	4681
9245	3967
9246	1433
9247	2923
9248	1827
9249	1439
9250	3559
9251	2286
9252	1793
9253	3898
9254	639
9255	3867
9256	145
9257	4167
9258	3378
9259	2265
9260	2668
9261	2149
9262	4323
9263	262
9264	4541
9265	868
9266	2394
9267	2239
9268	1279
9269	3327
9270	2366
9271	2411
9272	1986
9273	3401
9274	4674
9275	4112
9276	1084
9277	3173
9278	3462
9279	3000
9280	3536
9281	4730
9282	264
9283	1100
9284	1794
9285	1974
9286	2320
9287	2420
9288	685
9289	3252
9290	3409
9291	797
9292	4225
9293	610
9294	4693
9295	2498
9296	641
9297	3307
9298	4310
9299	914
9300	4185
9301	1767
9302	3802
9303	4624
9304	3566
9305	338
9306	1831
9307	1794
9308	1388
9309	3023
9310	4599
9311	1767
9312	694
9313	412
9314	2642
9315	641
9316	1764
9317	1606
9318	2726
9319	1841
9320	2644
9321	1947
9322	2652
9323	1712
9324	4586
9325	1127
9326	3868
9327	1412
9328	4041
9329	125
9330	1359
9331	820
9332	471
9333	3004
9334	290
9335	701
9336	4133
9337	4192
9338	1769
9339	1786
9340	4045
9341	4796
9342	2232
9343	1309
9344	1469
9345	2799
9346	205
9347	2881
9348	3737
9349	1247
9350	789
9351	4819
9352	1283
9353	2248
9354	3604
9355	3085
9356	4656
9357	3571
9358	4676
9359	1015
9360	3207
9361	467
9362	4074
9363	1154
9364	1319
9365	4807
9366	1550
9367	1114
9368	2097
9369	4305
9370	353
9371	2189
9372	1573
9373	746
9374	3112
9375	3742
9376	3685
9377	3024
9378	474
9379	1827
9380	4553
9381	3201
9382	1083
9383	3310
9384	959
9385	2553
9386	3398
9387	2549
9388	1803
9389	3195
9390	4813
9391	4406
9392	4099
9393	5000
9394	871
9395	1556
9396	2730
9397	4861
9398	1218
9399	1322
9400	4469
9401	1447
9402	3587
9403	2932
9404	1266
9405	4709
9406	2405
9407	3575
9408	4242
9409	975
9410	558
9411	3190
9412	2344
9413	3564
9414	4703
9415	1110
9416	2103
9417	4711
9418	394
9419	4785
9420	4747
9421	3593
9422	589
9423	4512
9424	645
9425	3144
9426	3882
9427	3593
9428	2782
9429	2317
9430	1417
9431	4389
9432	3585
9433	1295
9434	679
9435	1101
9436	723
9437	363
9438	1054
9439	2250
9440	1766
9441	141
9442	251
9443	1310
9444	3545
9445	719
9446	1555
9447	1519
9448	1555
9449	71
9450	4061
9451	4670
9452	2224
9453	2086
9454	578
9455	114
9456	3526
9457	366
9458	1314
9459	1444
9460	3930
9461	1813
9462	2931
9463	3963
9464	1933
9465	3519
9466	4099
9467	4754
9468	4299
9469	3271
9470	777
9471	4281
9472	3800
9473	510
9474	1298
9475	3337
9476	4360
9477	4147
9478	4630
9479	4067
9480	2896
9481	532
9482	1521
9483	935
9484	616
9485	956
9486	370
9487	2444
9488	1427
9489	1500
9490	3690
9491	2792
9492	1407
9493	3393
9494	4460
9495	616
9496	3487
9497	1118
9498	477
9499	4225
9500	424
9501	4088
9502	4045
9503	2170
9504	4276
9505	3006
9506	2933
9507	4396
9508	40
9509	4049
9510	2184
9511	420
9512	3196
9513	3912
9514	1521
9515	3307
9516	4882
9517	362
9518	27
9519	751
9520	145
9521	810
9522	2859
9523	979
9524	2122
9525	2134
9526	4704
9527	807
9528	776
9529	4206
9530	3824
9531	365
9532	446
9533	3449
9534	2048
9535	4519
9536	4482
9537	4556
9538	1608
9539	788
9540	2154
9541	2222
9542	4701
9543	1738
9544	1973
9545	3833
9546	4781
9547	808
9548	3248
9549	3031
9550	4676
9551	3742
9552	2239
9553	3281
9554	3809
9555	2054
9556	1563
9557	1628
9558	4783
9559	2859
9560	2253
9561	2319
9562	1180
9563	4212
9564	2087
9565	4085
9566	1393
9567	3811
9568	4299
9569	235
9570	2983
9571	1848
9572	3062
9573	4222
9574	4222
9575	2048
9576	2964
9577	187
9578	1902
9579	4324
9580	3293
9581	4870
9582	1864
9583	4255
9584	42
9585	1022
9586	3888
9587	2983
9588	2542
9589	3861
9590	210
9591	3198
9592	3604
9593	3719
9594	4075
9595	113
9596	2394
9597	587
9598	4882
9599	3091
9600	3923
9601	356
9602	1304
9603	4621
9604	749
9605	2351
9606	2936
9607	4322
9608	1869
9609	2705
9610	97
9611	735
9612	4400
9613	4418
9614	4357
9615	3540
9616	3188
9617	515
9618	701
9619	1248
9620	46
9621	2825
9622	2194
9623	844
9624	1667
9625	4787
9626	4312
9627	1051
9628	4672
9629	4322
9630	3492
9631	3045
9632	1005
9633	222
9634	2702
9635	407
9636	4170
9637	3915
9638	1072
9639	4692
9640	2991
9641	4255
9642	1710
9643	2899
9644	4946
9645	2094
9646	3923
9647	4116
9648	1764
9649	362
9650	2173
9651	3005
9652	4141
9653	4612
9654	3703
9655	668
9656	1256
9657	1766
9658	1791
9659	1221
9660	4970
9661	1590
9662	1819
9663	1065
9664	4988
9665	4787
9666	505
9667	4357
9668	2504
9669	173
9670	333
9671	328
9672	2526
9673	4674
9674	2631
9675	1218
9676	1550
9677	3459
9678	1312
9679	1100
9680	4052
9681	1607
9682	3981
9683	1292
9684	1515
9685	4254
9686	954
9687	642
9688	3207
9689	4049
9690	60
9691	3606
9692	3058
9693	1983
9694	1777
9695	4869
9696	4171
9697	3762
9698	3719
9699	4791
9700	4740
9701	3293
9702	4075
9703	4384
9704	1665
9705	2474
9706	3621
9707	735
9708	1851
9709	4608
9710	217
9711	4273
9712	4170
9713	3269
9714	2541
9715	1819
9716	2152
9717	3500
9718	2996
9719	1603
9720	595
9721	3597
9722	1722
9723	3083
9724	2753
9725	4896
9726	4404
9727	2462
9728	1614
9729	1854
9730	1482
9731	4757
9732	2896
9733	1727
9734	1955
9735	452
9736	2249
9737	1475
9738	408
9739	4481
9740	3570
9741	1736
9742	4519
9743	1979
9744	3110
9745	746
9746	618
9747	788
9748	4682
9749	4212
9750	2778
9751	4720
9752	4583
9753	4073
9754	4834
9755	1263
9756	215
9757	943
9758	3913
9759	66
9760	1052
9761	1388
9762	692
9763	668
9764	1750
9765	1637
9766	2189
9767	2434
9768	3503
9769	485
9770	3986
9771	1908
9772	4324
9773	2567
9774	1666
9775	3930
9776	4946
9777	4290
9778	2897
9779	772
9780	3704
9781	3878
9782	299
9783	419
9784	411
9785	3276
9786	995
9787	4530
9788	544
9789	2462
9790	1177
9791	3744
9792	295
9793	2888
9794	3947
9795	1607
9796	1748
9797	4085
9798	2749
9799	57
9800	3218
9801	2933
9802	4409
9803	3587
9804	4138
9805	1193
9806	20
9807	1013
9808	4066
9809	3955
9810	2730
9811	4039
9812	3269
9813	3226
9814	560
9815	4899
9816	3110
9817	2789
9818	4098
9819	2863
9820	2622
9821	4027
9822	4718
9823	3101
9824	560
9825	1883
9826	3904
9827	3004
9828	1251
9829	1018
9830	1973
9831	2580
9832	4116
9833	381
9834	2592
9835	230
9836	634
9837	563
9838	279
9839	4929
9840	4147
9841	4306
9842	1908
9843	1050
9844	2965
9845	1530
9846	4612
9847	2017
9848	2417
9849	3075
9850	2823
9851	2667
9852	1782
9853	3982
9854	3882
9855	3092
9856	2034
9857	4199
9858	4219
9859	776
9860	4579
9861	4781
9862	1433
9863	1365
9864	1276
9865	4174
9866	4959
9867	1068
9868	2288
9869	3301
9870	267
9871	2909
9872	2402
9873	4253
9874	18
9875	2794
9876	2566
9877	4074
9878	2220
9879	3173
9880	3107
9881	3950
9882	2663
9883	4993
9884	862
9885	3684
9886	578
9887	2537
9888	168
9889	609
9890	404
9891	1637
9892	1485
9893	4219
9894	3738
9895	2003
9896	1193
9897	1166
9898	2402
9899	4460
9900	4579
9901	2965
9902	419
9903	4959
9904	1928
9905	3838
9906	4384
9907	1739
9908	1106
9909	4895
9910	699
9911	2973
9912	2086
9913	3128
9914	4176
9915	1653
9916	563
9917	2537
9918	462
9919	4483
9920	3391
9921	1865
9922	3811
9923	2711
9924	4599
9925	4543
9926	1646
9927	4766
9928	3929
9929	4254
9930	1628
9931	1736
9932	3078
9933	3134
9934	1778
9935	871
9936	3328
9937	4289
9938	3955
9939	4987
9940	4979
9941	2091
9942	4204
9943	2352
9944	462
9945	2625
9946	1505
9947	3674
9948	3504
9949	4371
9950	1308
9951	4906
9952	2780
9953	1365
9954	295
9955	3164
9956	4191
9957	2553
9958	3447
9959	3746
9960	2471
9961	2473
9962	1178
9963	3134
9964	4825
9965	4816
9966	2966
9967	3447
9968	634
9969	3386
9970	4803
9971	3125
9972	234
9973	1536
9974	1573
9975	1883
9976	4993
9977	3869
9978	1184
9979	2473
9980	1068
9981	3649
9982	1482
9983	4987
9984	1407
9985	1235
9986	2667
9987	3231
9988	1178
9989	3971
9990	1251
9991	4803
9992	1292
9993	2724
9994	4995
9995	1653
9996	2691
9997	4485
9998	3125
9999	3869
10000	1936
