Class Times	100
Rooms	100
1	241
2	301
3	203
4	427
5	442
6	949
7	279
8	966
9	613
10	689
11	171
12	359
13	932
14	387
15	867
16	566
17	262
18	203
19	797
20	74
21	581
22	11
23	663
24	643
25	627
26	731
27	720
28	40
29	717
30	309
31	596
32	283
33	273
34	649
35	357
36	798
37	507
38	475
39	802
40	16
41	945
42	35
43	439
44	221
45	977
46	119
47	239
48	268
49	350
50	542
51	755
52	346
53	778
54	292
55	864
56	41
57	472
58	887
59	856
60	941
61	750
62	563
63	998
64	817
65	839
66	539
67	203
68	278
69	802
70	73
71	960
72	736
73	27
74	420
75	444
76	24
77	300
78	603
79	508
80	622
81	828
82	660
83	639
84	81
85	258
86	600
87	460
88	753
89	855
90	919
91	611
92	175
93	446
94	381
95	406
96	901
97	532
98	775
99	147
100	96
Classes	8000
Teachers	4000
1	489
2	2017
3	2904
4	1178
5	126
6	3057
7	2075
8	2987
9	3461
10	852
11	3830
12	547
13	3342
14	525
15	2335
16	648
17	1645
18	3086
19	569
20	1409
21	1870
22	3785
23	2474
24	3356
25	3847
26	1769
27	3794
28	1186
29	1661
30	1435
31	1665
32	247
33	2579
34	537
35	1157
36	1116
37	2946
38	3724
39	1340
40	192
41	636
42	631
43	2084
44	3483
45	113
46	2357
47	1655
48	3856
49	3025
50	2184
51	2787
52	593
53	3614
54	2158
55	1897
56	1407
57	3168
58	1032
59	3687
60	815
61	46
62	2463
63	2701
64	2415
65	184
66	772
67	2396
68	1991
69	3787
70	3656
71	641
72	2952
73	3583
74	1472
75	922
76	3489
77	370
78	961
79	1133
80	3535
81	848
82	3134
83	1972
84	1380
85	2274
86	3417
87	1596
88	2220
89	2138
90	1946
91	1995
92	479
93	3840
94	913
95	1401
96	64
97	2768
98	318
99	2063
100	2413
101	1786
102	213
103	2393
104	3091
105	2108
106	1845
107	3724
108	2398
109	1077
110	2099
111	1634
112	2043
113	3209
114	3601
115	3628
116	1104
117	897
118	85
119	2498
120	2374
121	2736
122	2535
123	47
124	3710
125	30
126	2578
127	1371
128	2330
129	1654
130	245
131	326
132	239
133	3179
134	2938
135	924
136	416
137	3679
138	1035
139	2854
140	3216
141	1578
142	1593
143	1330
144	3137
145	605
146	3925
147	309
148	933
149	2701
150	1154
151	3746
152	3646
153	3408
154	2151
155	760
156	2814
157	2976
158	1442
159	2010
160	3763
161	1440
162	3688
163	1599
164	3848
165	2095
166	389
167	2756
168	3808
169	3001
170	1489
171	2360
172	1551
173	3851
174	2974
175	975
176	2782
177	1269
178	349
179	2129
180	1590
181	408
182	1675
183	3583
184	3669
185	3805
186	710
187	3572
188	2998
189	2450
190	2341
191	1637
192	952
193	1755
194	213
195	2525
196	801
197	921
198	982
199	2597
200	3945
201	402
202	1435
203	3631
204	2935
205	2836
206	1644
207	3376
208	104
209	1840
210	1009
211	711
212	1457
213	2155
214	3365
215	945
216	3228
217	3338
218	1186
219	3319
220	1391
221	2753
222	3131
223	3815
224	2297
225	3339
226	1935
227	2405
228	1895
229	258
230	1857
231	1028
232	3672
233	3067
234	3755
235	4
236	37
237	838
238	1556
239	1082
240	2476
241	3352
242	2693
243	600
244	3075
245	3982
246	226
247	3756
248	200
249	3568
250	1378
251	3072
252	2951
253	2910
254	2378
255	889
256	922
257	446
258	1417
259	2087
260	2605
261	445
262	3755
263	1906
264	9
265	3082
266	3136
267	2324
268	3771
269	13
270	2407
271	2259
272	2751
273	2560
274	2372
275	123
276	2032
277	2895
278	3179
279	1921
280	127
281	423
282	933
283	2923
284	3260
285	3941
286	2558
287	715
288	722
289	1586
290	1325
291	1301
292	3921
293	662
294	1912
295	3456
296	3797
297	2321
298	1480
299	1461
300	2283
301	2929
302	3348
303	782
304	2632
305	586
306	1480
307	3708
308	241
309	514
310	1719
311	3028
312	1441
313	242
314	1645
315	2730
316	221
317	1218
318	2773
319	2603
320	1553
321	584
322	1850
323	454
324	2568
325	1615
326	2966
327	1073
328	2989
329	2150
330	1581
331	1774
332	1842
333	3208
334	1211
335	524
336	184
337	2902
338	980
339	3644
340	1616
341	3292
342	581
343	752
344	1319
345	1649
346	3012
347	804
348	632
349	3886
350	2988
351	455
352	1573
353	3978
354	3897
355	871
356	627
357	1801
358	1885
359	3830
360	3582
361	3969
362	1067
363	3536
364	3613
365	243
366	1250
367	3847
368	3489
369	633
370	1178
371	1310
372	123
373	1319
374	1419
375	1957
376	1251
377	3062
378	2562
379	3659
380	3377
381	1779
382	3110
383	2702
384	731
385	2038
386	1496
387	537
388	1340
389	906
390	2681
391	2181
392	2571
393	607
394	301
395	2323
396	3994
397	2398
398	2299
399	433
400	3190
401	312
402	1848
403	2241
404	3696
405	3509
406	2512
407	2850
408	1170
409	2443
410	1126
411	3198
412	994
413	1599
414	1894
415	1247
416	290
417	1236
418	2042
419	3492
420	3398
421	492
422	378
423	217
424	2336
425	387
426	1239
427	818
428	3864
429	3039
430	3512
431	2648
432	239
433	1908
434	286
435	1798
436	497
437	1463
438	1795
439	2295
440	396
441	1782
442	3875
443	3125
444	571
445	3553
446	3366
447	1649
448	951
449	3327
450	2595
451	1232
452	3182
453	303
454	1077
455	1795
456	2259
457	2848
458	409
459	2509
460	3652
461	1297
462	308
463	1578
464	2982
465	893
466	1125
467	1205
468	1299
469	1954
470	1915
471	91
472	3979
473	2306
474	2951
475	3442
476	221
477	1701
478	1277
479	3380
480	2575
481	1270
482	1670
483	3214
484	2512
485	182
486	1661
487	1187
488	3788
489	3691
490	2997
491	3716
492	582
493	3837
494	3997
495	2699
496	2784
497	2483
498	1369
499	1078
500	296
501	1467
502	1629
503	1464
504	35
505	3727
506	3722
507	3308
508	1152
509	2866
510	1723
511	2980
512	1611
513	3168
514	2725
515	3975
516	3162
517	2759
518	1965
519	3512
520	1151
521	2496
522	3887
523	2413
524	1191
525	3894
526	3876
527	1118
528	3831
529	3010
530	257
531	1994
532	3055
533	2961
534	2993
535	2592
536	1399
537	1190
538	2964
539	3566
540	1963
541	3504
542	1227
543	2465
544	46
545	3120
546	1146
547	2654
548	2482
549	1467
550	1775
551	659
552	1525
553	2854
554	3725
555	626
556	3584
557	3023
558	3854
559	836
560	441
561	975
562	202
563	1475
564	2120
565	530
566	2963
567	2257
568	739
569	2360
570	2545
571	3633
572	2838
573	3694
574	1462
575	3184
576	3401
577	3536
578	688
579	1436
580	2620
581	3778
582	749
583	1433
584	2983
585	3558
586	1196
587	1691
588	3294
589	38
590	2897
591	777
592	3351
593	513
594	3795
595	1247
596	3199
597	3576
598	339
599	2715
600	2904
601	559
602	3788
603	1550
604	2631
605	2397
606	1038
607	1474
608	2519
609	3846
610	1747
611	3899
612	347
613	2706
614	3564
615	2176
616	3631
617	1685
618	3427
619	2408
620	1511
621	3335
622	1569
623	3697
624	1078
625	2042
626	2524
627	2667
628	1780
629	694
630	398
631	1055
632	3748
633	3706
634	630
635	2670
636	1650
637	727
638	1924
639	3047
640	3545
641	3434
642	724
643	2778
644	125
645	1134
646	1358
647	3844
648	898
649	501
650	3329
651	1724
652	3378
653	3645
654	3525
655	331
656	3453
657	2056
658	1950
659	1116
660	1263
661	995
662	1924
663	37
664	2540
665	688
666	1713
667	756
668	1973
669	2439
670	2294
671	338
672	3977
673	2014
674	2003
675	3508
676	2302
677	1946
678	2390
679	866
680	1399
681	3134
682	2258
683	3614
684	1218
685	1957
686	3488
687	1855
688	209
689	743
690	2074
691	3589
692	1465
693	3508
694	929
695	797
696	3639
697	55
698	274
699	1975
700	135
701	1285
702	3076
703	666
704	914
705	2324
706	1604
707	3040
708	1279
709	1674
710	832
711	2252
712	1830
713	3473
714	3227
715	3692
716	364
717	839
718	790
719	3305
720	1291
721	3979
722	3741
723	172
724	1343
725	2720
726	1338
727	2493
728	2097
729	2410
730	2709
731	3813
732	1100
733	2631
734	3895
735	1929
736	509
737	819
738	1092
739	2622
740	1094
741	107
742	145
743	451
744	1164
745	3125
746	21
747	1523
748	1044
749	3594
750	883
751	2921
752	173
753	2495
754	3098
755	2699
756	3953
757	860
758	2242
759	1742
760	705
761	3192
762	3061
763	684
764	3487
765	716
766	1396
767	2462
768	120
769	3673
770	3867
771	325
772	3273
773	264
774	397
775	1355
776	1380
777	3598
778	1304
779	3785
780	3662
781	3959
782	3027
783	2618
784	2502
785	593
786	2672
787	2315
788	1231
789	834
790	2415
791	1737
792	3916
793	818
794	674
795	849
796	3786
797	2823
798	3901
799	3868
800	3603
801	2717
802	3106
803	1753
804	163
805	524
806	2852
807	506
808	1986
809	672
810	3579
811	3774
812	2186
813	606
814	3515
815	3395
816	1
817	3665
818	1233
819	3158
820	3684
821	16
822	1644
823	120
824	3851
825	3858
826	553
827	2718
828	796
829	91
830	1547
831	2124
832	2517
833	2787
834	1926
835	1669
836	2057
837	237
838	107
839	216
840	571
841	819
842	850
843	3197
844	2121
845	295
846	3033
847	3909
848	3146
849	81
850	2872
851	545
852	1356
853	148
854	2064
855	512
856	1050
857	1581
858	243
859	2399
860	1202
861	3547
862	2003
863	1517
864	3231
865	2430
866	686
867	2790
868	1235
869	2802
870	1318
871	1201
872	83
873	1905
874	1954
875	2353
876	731
877	2172
878	1608
879	3436
880	3551
881	505
882	3283
883	255
884	2270
885	2000
886	3223
887	1520
888	1490
889	153
890	1121
891	2984
892	1939
893	2450
894	2797
895	1759
896	3615
897	1409
898	2914
899	2495
900	3108
901	2543
902	1539
903	3084
904	3244
905	878
906	2088
907	1575
908	658
909	1930
910	3348
911	2454
912	1624
913	2582
914	231
915	1814
916	1339
917	3277
918	1861
919	3719
920	272
921	3263
922	3413
923	1146
924	2325
925	3428
926	651
927	3711
928	78
929	3063
930	496
931	1439
932	902
933	1255
934	2168
935	683
936	1523
937	3129
938	2881
939	1995
940	2409
941	3238
942	3160
943	3402
944	32
945	3853
946	1985
947	2375
948	2836
949	1990
950	3212
951	3191
952	2791
953	730
954	188
955	1360
956	3337
957	1160
958	3655
959	1908
960	3895
961	2053
962	3083
963	602
964	796
965	3331
966	1843
967	3013
968	1848
969	1227
970	1456
971	1296
972	1694
973	2386
974	1498
975	807
976	3603
977	1282
978	1675
979	2139
980	2137
981	2296
982	373
983	2765
984	2641
985	2865
986	507
987	1393
988	3873
989	3344
990	1631
991	2403
992	529
993	3094
994	3416
995	3640
996	3626
997	2984
998	395
999	2492
1000	449
1001	545
1002	3259
1003	2095
1004	3574
1005	3739
1006	250
1007	2846
1008	1477
1009	2888
1010	2805
1011	3899
1012	3922
1013	1348
1014	388
1015	480
1016	2262
1017	1366
1018	1624
1019	2078
1020	406
1021	281
1022	2503
1023	3044
1024	1336
1025	2547
1026	1966
1027	285
1028	47
1029	1192
1030	751
1031	3820
1032	2545
1033	795
1034	681
1035	3978
1036	2197
1037	746
1038	3774
1039	2391
1040	3616
1041	2002
1042	930
1043	2194
1044	2637
1045	1016
1046	921
1047	2080
1048	832
1049	1887
1050	2659
1051	3121
1052	1300
1053	1656
1054	1615
1055	1079
1056	1038
1057	760
1058	2336
1059	2920
1060	1465
1061	2170
1062	258
1063	3
1064	696
1065	3060
1066	2111
1067	2039
1068	2624
1069	1985
1070	28
1071	64
1072	1899
1073	942
1074	3184
1075	2033
1076	2972
1077	189
1078	3799
1079	333
1080	3925
1081	1666
1082	2507
1083	519
1084	2638
1085	477
1086	1063
1087	739
1088	614
1089	2837
1090	3076
1091	1392
1092	2364
1093	2329
1094	3927
1095	1032
1096	3453
1097	707
1098	139
1099	3424
1100	725
1101	403
1102	3957
1103	1825
1104	2570
1105	1422
1106	1890
1107	3507
1108	1240
1109	2208
1110	2793
1111	698
1112	3871
1113	2124
1114	1325
1115	887
1116	1393
1117	340
1118	860
1119	3674
1120	2284
1121	305
1122	3282
1123	3086
1124	3204
1125	2895
1126	3037
1127	1277
1128	1774
1129	105
1130	112
1131	160
1132	385
1133	919
1134	381
1135	586
1136	2716
1137	2128
1138	1334
1139	1788
1140	2351
1141	3698
1142	3849
1143	2024
1144	2889
1145	2793
1146	3023
1147	3137
1148	3108
1149	3155
1150	9
1151	851
1152	363
1153	1442
1154	2932
1155	584
1156	3020
1157	3009
1158	3306
1159	3273
1160	188
1161	2146
1162	506
1163	3437
1164	3937
1165	1089
1166	256
1167	1100
1168	3696
1169	2063
1170	478
1171	3647
1172	2276
1173	766
1174	333
1175	2744
1176	1678
1177	1379
1178	1813
1179	1020
1180	670
1181	3523
1182	3881
1183	2195
1184	2077
1185	3950
1186	909
1187	2407
1188	3064
1189	2272
1190	516
1191	3209
1192	3451
1193	238
1194	3543
1195	1308
1196	3517
1197	1959
1198	3283
1199	3827
1200	2845
1201	698
1202	990
1203	867
1204	2481
1205	1974
1206	2549
1207	2018
1208	3217
1209	830
1210	3180
1211	912
1212	350
1213	1293
1214	3716
1215	493
1216	1976
1217	2447
1218	952
1219	909
1220	2746
1221	156
1222	200
1223	1544
1224	206
1225	2082
1226	2077
1227	754
1228	3121
1229	2800
1230	2768
1231	630
1232	1347
1233	970
1234	1668
1235	68
1236	943
1237	3486
1238	1154
1239	2403
1240	2378
1241	166
1242	3020
1243	2591
1244	3620
1245	2273
1246	1922
1247	3929
1248	1030
1249	2745
1250	2831
1251	2017
1252	2002
1253	1504
1254	1522
1255	3902
1256	2482
1257	1973
1258	2218
1259	2301
1260	2235
1261	1389
1262	156
1263	2697
1264	3284
1265	3295
1266	1372
1267	3278
1268	1716
1269	2235
1270	3329
1271	3831
1272	2043
1273	2409
1274	2876
1275	2217
1276	2650
1277	1890
1278	1407
1279	3948
1280	1824
1281	3487
1282	2514
1283	3602
1284	2331
1285	2320
1286	3118
1287	1602
1288	1143
1289	3999
1290	1579
1291	2225
1292	362
1293	3658
1294	384
1295	862
1296	3496
1297	2090
1298	2363
1299	877
1300	59
1301	2794
1302	1055
1303	1128
1304	1312
1305	655
1306	2786
1307	3541
1308	1857
1309	2230
1310	2704
1311	2052
1312	2430
1313	2723
1314	1132
1315	2160
1316	1270
1317	821
1318	2605
1319	1732
1320	1212
1321	469
1322	2121
1323	257
1324	1411
1325	215
1326	161
1327	2497
1328	3891
1329	1452
1330	1180
1331	1143
1332	1842
1333	2920
1334	1255
1335	880
1336	301
1337	735
1338	1691
1339	2961
1340	3341
1341	3775
1342	3083
1343	925
1344	318
1345	1734
1346	3657
1347	2206
1348	765
1349	2830
1350	3191
1351	3264
1352	1126
1353	2381
1354	3767
1355	2269
1356	1722
1357	2490
1358	3132
1359	2351
1360	2392
1361	1960
1362	3958
1363	226
1364	147
1365	3164
1366	979
1367	2370
1368	384
1369	589
1370	2439
1371	1729
1372	1887
1373	3671
1374	2801
1375	2502
1376	430
1377	2550
1378	2943
1379	2434
1380	774
1381	3791
1382	549
1383	3154
1384	2614
1385	2655
1386	3891
1387	623
1388	2283
1389	50
1390	3290
1391	2256
1392	3355
1393	3156
1394	1496
1395	3535
1396	2228
1397	2292
1398	2875
1399	445
1400	3469
1401	322
1402	3063
1403	3234
1404	1049
1405	2231
1406	1195
1407	803
1408	1243
1409	573
1410	678
1411	1064
1412	591
1413	3240
1414	644
1415	837
1416	2781
1417	3907
1418	1132
1419	1443
1420	1344
1421	3826
1422	3824
1423	2423
1424	901
1425	1819
1426	2255
1427	660
1428	3057
1429	3793
1430	843
1431	3715
1432	2422
1433	702
1434	3180
1435	1724
1436	1821
1437	3884
1438	3111
1439	1102
1440	2427
1441	3796
1442	1282
1443	2741
1444	3741
1445	3518
1446	2841
1447	3428
1448	2711
1449	1859
1450	2852
1451	3521
1452	2180
1453	3218
1454	1602
1455	1049
1456	454
1457	198
1458	3770
1459	2713
1460	1579
1461	2609
1462	1374
1463	2969
1464	2092
1465	2251
1466	1184
1467	383
1468	2365
1469	2677
1470	1785
1471	1637
1472	1909
1473	3751
1474	1531
1475	335
1476	1342
1477	240
1478	439
1479	3617
1480	2449
1481	59
1482	1257
1483	2856
1484	3467
1485	3766
1486	3049
1487	3297
1488	2057
1489	152
1490	3324
1491	2024
1492	662
1493	3710
1494	1084
1495	2612
1496	1005
1497	561
1498	2428
1499	2408
1500	1537
1501	563
1502	3722
1503	1777
1504	2989
1505	960
1506	3803
1507	2405
1508	165
1509	522
1510	903
1511	1262
1512	235
1513	2676
1514	1932
1515	1365
1516	2618
1517	1429
1518	2264
1519	3776
1520	2393
1521	2298
1522	240
1523	2064
1524	3097
1525	3997
1526	1984
1527	1221
1528	2079
1529	3360
1530	1587
1531	2923
1532	3482
1533	2084
1534	1099
1535	3374
1536	703
1537	3848
1538	2212
1539	36
1540	590
1541	1009
1542	255
1543	3010
1544	1197
1545	3681
1546	410
1547	2372
1548	871
1549	2065
1550	1428
1551	3507
1552	1763
1553	1123
1554	1511
1555	352
1556	3319
1557	3951
1558	111
1559	3826
1560	2744
1561	1530
1562	1040
1563	1658
1564	1145
1565	1329
1566	2008
1567	2530
1568	368
1569	3192
1570	653
1571	3864
1572	2912
1573	3764
1574	2848
1575	1538
1576	433
1577	3043
1578	1506
1579	872
1580	888
1581	720
1582	2921
1583	1689
1584	105
1585	1016
1586	3553
1587	1292
1588	2304
1589	3433
1590	118
1591	567
1592	886
1593	1508
1594	1086
1595	57
1596	2039
1597	615
1598	1835
1599	295
1600	1134
1601	664
1602	1801
1603	491
1604	3893
1605	862
1606	2888
1607	3215
1608	749
1609	2872
1610	157
1611	2323
1612	232
1613	2389
1614	329
1615	2966
1616	1400
1617	3673
1618	2438
1619	487
1620	2190
1621	1727
1622	2072
1623	1010
1624	901
1625	805
1626	3645
1627	999
1628	1636
1629	3465
1630	2448
1631	893
1632	3779
1633	403
1634	2759
1635	885
1636	446
1637	1365
1638	2986
1639	547
1640	3156
1641	2902
1642	621
1643	2816
1644	2591
1645	3679
1646	1781
1647	194
1648	1046
1649	3400
1650	2568
1651	2589
1652	1638
1653	1162
1654	55
1655	3215
1656	532
1657	2349
1658	679
1659	3909
1660	1108
1661	2696
1662	382
1663	3181
1664	3194
1665	487
1666	1865
1667	2558
1668	2906
1669	2292
1670	3140
1671	1367
1672	583
1673	2018
1674	2876
1675	1739
1676	717
1677	2622
1678	3206
1679	1211
1680	128
1681	912
1682	2471
1683	412
1684	655
1685	1233
1686	2050
1687	1065
1688	3758
1689	2247
1690	3708
1691	279
1692	762
1693	73
1694	259
1695	1889
1696	2022
1697	1000
1698	573
1699	817
1700	3704
1701	544
1702	1572
1703	3648
1704	3423
1705	977
1706	3449
1707	61
1708	3703
1709	357
1710	3942
1711	974
1712	3992
1713	970
1714	3115
1715	2005
1716	3817
1717	609
1718	531
1719	3119
1720	2535
1721	2777
1722	3612
1723	1626
1724	1229
1725	2708
1726	3639
1727	2012
1728	772
1729	2061
1730	1699
1731	3556
1732	2597
1733	3999
1734	2893
1735	887
1736	1933
1737	1167
1738	117
1739	2170
1740	1534
1741	595
1742	3008
1743	1350
1744	2814
1745	611
1746	3996
1747	3855
1748	867
1749	3195
1750	3202
1751	2291
1752	103
1753	1619
1754	2575
1755	2654
1756	172
1757	1754
1758	3148
1759	2942
1760	419
1761	1241
1762	511
1763	2363
1764	2674
1765	1155
1766	2457
1767	626
1768	3117
1769	1862
1770	1472
1771	2991
1772	3202
1773	1880
1774	3241
1775	2438
1776	2894
1777	3771
1778	2040
1779	2284
1780	3575
1781	2897
1782	147
1783	455
1784	3036
1785	1185
1786	3582
1787	2425
1788	1402
1789	1350
1790	3712
1791	3372
1792	1516
1793	1938
1794	2638
1795	957
1796	217
1797	625
1798	2740
1799	2251
1800	299
1801	77
1802	715
1803	273
1804	1784
1805	3700
1806	530
1807	514
1808	273
1809	2735
1810	2369
1811	2113
1812	2914
1813	1731
1814	863
1815	2241
1816	2748
1817	2215
1818	645
1819	3185
1820	3411
1821	332
1822	2016
1823	3044
1824	168
1825	3
1826	3186
1827	3434
1828	1175
1829	1004
1830	2589
1831	2112
1832	3471
1833	1107
1834	977
1835	3784
1836	3230
1837	495
1838	1144
1839	2486
1840	551
1841	1320
1842	2028
1843	451
1844	2267
1845	3277
1846	2466
1847	3602
1848	3758
1849	2171
1850	997
1851	3096
1852	3170
1853	2570
1854	579
1855	2441
1856	220
1857	1945
1858	2440
1859	2599
1860	2161
1861	3031
1862	2645
1863	3566
1864	763
1865	569
1866	2426
1867	1311
1868	1925
1869	270
1870	2757
1871	591
1872	679
1873	1331
1874	3720
1875	526
1876	579
1877	3581
1878	544
1879	2581
1880	3259
1881	1011
1882	2181
1883	2501
1884	3430
1885	2061
1886	2369
1887	153
1888	3661
1889	1314
1890	859
1891	3877
1892	2492
1893	967
1894	2915
1895	3619
1896	211
1897	390
1898	48
1899	1786
1900	1112
1901	2031
1902	3921
1903	3404
1904	1592
1905	3874
1906	2748
1907	2561
1908	2476
1909	1614
1910	2011
1911	161
1912	542
1913	3807
1914	3569
1915	1823
1916	1999
1917	903
1918	1708
1919	951
1920	3929
1921	564
1922	3418
1923	2448
1924	347
1925	1053
1926	2842
1927	106
1928	2841
1929	511
1930	3910
1931	2649
1932	2256
1933	908
1934	289
1935	1416
1936	1307
1937	957
1938	1347
1939	3555
1940	2680
1941	2433
1942	3897
1943	1440
1944	3569
1945	2536
1946	3254
1947	1561
1948	3757
1949	2038
1950	2011
1951	495
1952	1614
1953	372
1954	1075
1955	1414
1956	581
1957	3026
1958	169
1959	113
1960	1463
1961	174
1962	1305
1963	615
1964	2940
1965	2713
1966	3130
1967	470
1968	2556
1969	906
1970	2022
1971	3276
1972	1583
1973	3370
1974	2710
1975	218
1976	2021
1977	1605
1978	3549
1979	3220
1980	2975
1981	2520
1982	3354
1983	940
1984	1915
1985	452
1986	3409
1987	1767
1988	1829
1989	3735
1990	2313
1991	3817
1992	426
1993	340
1994	741
1995	1518
1996	536
1997	2716
1998	3033
1999	3198
2000	3967
2001	856
2002	3483
2003	1910
2004	2925
2005	3457
2006	1271
2007	2427
2008	2001
2009	402
2010	129
2011	304
2012	2425
2013	2762
2014	2754
2015	2519
2016	932
2017	1931
2018	720
2019	2297
2020	1952
2021	2817
2022	1136
2023	3906
2024	1395
2025	1276
2026	994
2027	2487
2028	3479
2029	3784
2030	3241
2031	1216
2032	2771
2033	3919
2034	3550
2035	3919
2036	2790
2037	2536
2038	196
2039	1145
2040	727
2041	1987
2042	1341
2043	1955
2044	3499
2045	425
2046	1437
2047	761
2048	1148
2049	687
2050	842
2051	979
2052	3478
2053	3018
2054	2676
2055	3415
2056	3017
2057	2186
2058	2670
2059	3454
2060	2245
2061	851
2062	2275
2063	3955
2064	1575
2065	3442
2066	3961
2067	3229
2068	2543
2069	3106
2070	3251
2071	3854
2072	1944
2073	535
2074	2868
2075	1026
2076	691
2077	1702
2078	2452
2079	2445
2080	3257
2081	1127
2082	1815
2083	2717
2084	2192
2085	3317
2086	2569
2087	178
2088	1964
2089	1113
2090	607
2091	3347
2092	2404
2093	1056
2094	2550
2095	1773
2096	79
2097	1823
2098	931
2099	660
2100	1412
2101	3149
2102	1765
2103	3983
2104	3154
2105	3381
2106	3500
2107	90
2108	252
2109	2419
2110	2320
2111	2838
2112	3551
2113	2681
2114	1997
2115	1385
2116	2250
2117	1366
2118	2778
2119	149
2120	1920
2121	2661
2122	396
2123	2314
2124	3681
2125	138
2126	614
2127	982
2128	2451
2129	1068
2130	1175
2131	696
2132	618
2133	1836
2134	2743
2135	1832
2136	2866
2137	3763
2138	3872
2139	684
2140	1241
2141	2741
2142	1898
2143	1081
2144	315
2145	2301
2146	2542
2147	1535
2148	2200
2149	2205
2150	112
2151	3697
2152	2566
2153	3391
2154	2189
2155	2609
2156	529
2157	3547
2158	1378
2159	7
2160	2230
2161	2317
2162	3436
2163	889
2164	2906
2165	2229
2166	2165
2167	3395
2168	286
2169	2596
2170	3060
2171	2394
2172	3596
2173	2289
2174	341
2175	3655
2176	3365
2177	3333
2178	1462
2179	2980
2180	2342
2181	1629
2182	3850
2183	1733
2184	1841
2185	2278
2186	1097
2187	1267
2188	100
2189	444
2190	3570
2191	358
2192	3363
2193	3927
2194	3530
2195	2193
2196	1124
2197	152
2198	3299
2199	1841
2200	2644
2201	3852
2202	54
2203	2119
2204	651
2205	3309
2206	3837
2207	1536
2208	82
2209	2544
2210	1706
2211	829
2212	1554
2213	3409
2214	1028
2215	674
2216	251
2217	2045
2218	709
2219	3096
2220	589
2221	3965
2222	1535
2223	2680
2224	3263
2225	381
2226	621
2227	1773
2228	2237
2229	3330
2230	1318
2231	3124
2232	3541
2233	2286
2234	274
2235	309
2236	3597
2237	2228
2238	1965
2239	1226
2240	2128
2241	20
2242	1596
2243	3138
2244	3007
2245	3624
2246	296
2247	2623
2248	327
2249	2014
2250	2715
2251	1219
2252	1283
2253	3099
2254	424
2255	2539
2256	2086
2257	1454
2258	3282
2259	2419
2260	3353
2261	2115
2262	2671
2263	154
2264	1815
2265	3858
2266	801
2267	3593
2268	2719
2269	3484
2270	2927
2271	3640
2272	2811
2273	3748
2274	3488
2275	67
2276	2418
2277	885
2278	1558
2279	1589
2280	367
2281	1674
2282	3861
2283	2174
2284	3377
2285	2397
2286	3611
2287	388
2288	2457
2289	1422
2290	1746
2291	2484
2292	2166
2293	3742
2294	3090
2295	2742
2296	3700
2297	23
2298	1445
2299	3286
2300	3249
2301	654
2302	712
2303	2868
2304	3065
2305	2645
2306	2883
2307	3460
2308	2486
2309	174
2310	3163
2311	2606
2312	3459
2313	60
2314	3938
2315	2653
2316	3843
2317	1165
2318	3496
2319	1331
2320	3649
2321	2383
2322	2903
2323	2143
2324	2892
2325	2045
2326	2639
2327	3069
2328	3234
2329	2027
2330	3131
2331	2019
2332	2420
2333	380
2334	2065
2335	415
2336	886
2337	3042
2338	1046
2339	1963
2340	1616
2341	1592
2342	441
2343	2019
2344	2458
2345	2666
2346	1443
2347	3292
2348	3930
2349	517
2350	1996
2351	1852
2352	3733
2353	700
2354	1765
2355	292
2356	3695
2357	173
2358	874
2359	368
2360	1491
2361	1557
2362	3197
2363	1708
2364	1268
2365	1097
2366	2460
2367	3133
2368	1591
2369	3422
2370	1287
2371	622
2372	1698
2373	2746
2374	1921
2375	879
2376	1750
2377	1818
2378	1200
2379	3095
2380	616
2381	3860
2382	741
2383	3962
2384	2053
2385	92
2386	3659
2387	3016
2388	68
2389	1001
2390	3656
2391	1627
2392	1321
2393	3430
2394	2135
2395	2288
2396	142
2397	2078
2398	3069
2399	1733
2400	3689
2401	1881
2402	3253
2403	714
2404	121
2405	1858
2406	2704
2407	2795
2408	2918
2409	128
2410	2827
2411	2332
2412	1913
2413	331
2414	1362
2415	950
2416	118
2417	1588
2418	2595
2419	2218
2420	43
2421	3773
2422	312
2423	3571
2424	3059
2425	1213
2426	3572
2427	3533
2428	521
2429	3775
2430	2215
2431	3227
2432	424
2433	3450
2434	1434
2435	2731
2436	2572
2437	2327
2438	1272
2439	1063
2440	2070
2441	1805
2442	3943
2443	3904
2444	911
2445	1125
2446	35
2447	313
2448	3806
2449	3222
2450	2344
2451	1235
2452	3567
2453	2291
2454	69
2455	2290
2456	1806
2457	2626
2458	1788
2459	2634
2460	225
2461	2560
2462	3651
2463	1593
2464	3248
2465	2661
2466	526
2467	3363
2468	1427
2469	1709
2470	1757
2471	3732
2472	1516
2473	2222
2474	2220
2475	1566
2476	2169
2477	2112
2478	2467
2479	1238
2480	2487
2481	3665
2482	3730
2483	930
2484	2616
2485	3481
2486	1572
2487	2732
2488	650
2489	2608
2490	2391
2491	3486
2492	1553
2493	2812
2494	2886
2495	843
2496	3359
2497	1809
2498	1161
2499	1903
2500	2295
2501	199
2502	2126
2503	820
2504	1208
2505	2824
2506	1158
2507	3642
2508	40
2509	1836
2510	1897
2511	3706
2512	2751
2513	3327
2514	216
2515	2278
2516	1475
2517	3973
2518	2662
2519	2823
2520	2302
2521	2255
2522	967
2523	1829
2524	3091
2525	1665
2526	314
2527	375
2528	2054
2529	3529
2530	206
2531	1144
2532	823
2533	3024
2534	332
2535	308
2536	285
2537	974
2538	58
2539	2703
2540	3018
2541	2822
2542	121
2543	2357
2544	904
2545	3565
2546	3127
2547	397
2548	315
2549	3760
2550	1971
2551	466
2552	753
2553	1164
2554	3688
2555	512
2556	976
2557	3798
2558	1010
2559	811
2560	1492
2561	1481
2562	1748
2563	2785
2564	378
2565	39
2566	3544
2567	2846
2568	2373
2569	3942
2570	204
2571	2931
2572	1604
2573	1967
2574	2229
2575	1289
2576	3815
2577	3404
2578	3801
2579	848
2580	3092
2581	3229
2582	563
2583	327
2584	2528
2585	3070
2586	2753
2587	2887
2588	2311
2589	691
2590	1814
2591	1195
2592	2280
2593	3910
2594	3074
2595	1348
2596	2122
2597	1415
2598	2802
2599	1278
2600	1418
2601	2245
2602	1400
2603	1226
2604	1455
2605	1947
2606	2835
2607	1970
2608	2941
2609	3515
2610	2258
2611	737
2612	999
2613	1043
2614	1386
2615	294
2616	88
2617	246
2618	1053
2619	2825
2620	824
2621	1292
2622	3744
2623	3615
2624	399
2625	2860
2626	1275
2627	740
2628	905
2629	3359
2630	2935
2631	1739
2632	3339
2633	1679
2634	102
2635	185
2636	358
2637	509
2638	1864
2639	3151
2640	1483
2641	2500
2642	294
2643	773
2644	869
2645	1389
2646	2775
2647	1701
2648	1549
2649	3625
2650	896
2651	3600
2652	2379
2653	3772
2654	62
2655	2125
2656	423
2657	259
2658	3619
2659	1138
2660	3964
2661	2569
2662	1874
2663	171
2664	3730
2665	3668
2666	3973
2667	408
2668	928
2669	1025
2670	1721
2671	3605
2672	132
2673	714
2674	1212
2675	1185
2676	2400
2677	3002
2678	3172
2679	869
2680	567
2681	1893
2682	717
2683	2381
2684	3287
2685	2263
2686	1425
2687	339
2688	634
2689	1264
2690	3415
2691	1568
2692	998
2693	2889
2694	1662
2695	1027
2696	550
2697	1133
2698	1003
2699	1375
2700	1657
2701	3916
2702	3971
2703	2197
2704	23
2705	90
2706	3533
2707	3577
2708	3071
2709	3935
2710	111
2711	1098
2712	1697
2713	2379
2714	3120
2715	1187
2716	3038
2717	620
2718	895
2719	782
2720	1777
2721	517
2722	2115
2723	1382
2724	2025
2725	1507
2726	528
2727	879
2728	2675
2729	3195
2730	1752
2731	1695
2732	460
2733	1152
2734	1412
2735	3511
2736	1149
2737	1968
2738	3608
2739	1807
2740	1885
2741	3099
2742	3954
2743	45
2744	937
2745	2027
2746	2073
2747	3676
2748	346
2749	2049
2750	3379
2751	938
2752	3228
2753	103
2754	1121
2755	1238
2756	11
2757	3807
2758	391
2759	1603
2760	3254
2761	1560
2762	2636
2763	2524
2764	1797
2765	353
2766	753
2767	2707
2768	6
2769	2733
2770	3255
2771	36
2772	3335
2773	3728
2774	1832
2775	1229
2776	634
2777	17
2778	2133
2779	45
2780	2737
2781	518
2782	1529
2783	3072
2784	2109
2785	706
2786	1558
2787	205
2788	2179
2789	880
2790	2743
2791	3034
2792	592
2793	2785
2794	2213
2795	1726
2796	3306
2797	3883
2798	2327
2799	3266
2800	1160
2801	3540
2802	2109
2803	2611
2804	3002
2805	2200
2806	768
2807	3550
2808	2232
2809	1898
2810	3641
2811	858
2812	776
2813	1224
2814	3012
2815	650
2816	1415
2817	2300
2818	2217
2819	2389
2820	1130
2821	3261
2822	2153
2823	1328
2824	1008
2825	2146
2826	955
2827	3110
2828	2567
2829	2948
2830	2547
2831	1783
2832	3704
2833	3378
2834	2454
2835	3836
2836	2165
2837	3526
2838	313
2839	236
2840	3249
2841	1029
2842	1129
2843	1189
2844	1118
2845	3549
2846	1606
2847	1571
2848	1258
2849	2385
2850	1471
2851	3939
2852	764
2853	3662
2854	163
2855	2611
2856	2310
2857	2537
2858	1468
2859	1986
2860	3820
2861	353
2862	3432
2863	3752
2864	2469
2865	2167
2866	1504
2867	2742
2868	3371
2869	1312
2870	416
2871	247
2872	131
2873	3520
2874	2826
2875	1217
2876	2203
2877	2309
2878	980
2879	189
2880	2237
2881	2085
2882	244
2883	992
2884	338
2885	1180
2886	3824
2887	2556
2888	2399
2889	483
2890	444
2891	1199
2892	932
2893	3144
2894	2046
2895	265
2896	2968
2897	3187
2898	1244
2899	97
2900	590
2901	1054
2902	2318
2903	405
2904	3591
2905	3751
2906	612
2907	3253
2908	1018
2909	2000
2910	3523
2911	2896
2912	2763
2913	611
2914	3291
2915	3427
2916	3799
2917	1329
2918	3539
2919	486
2920	916
2921	3058
2922	3058
2923	1945
2924	2366
2925	3345
2926	2091
2927	2799
2928	182
2929	2318
2930	2652
2931	2264
2932	3128
2933	3261
2934	3439
2935	2060
2936	566
2937	2624
2938	2447
2939	1738
2940	2539
2941	892
2942	212
2943	888
2944	2659
2945	3046
2946	2529
2947	713
2948	2826
2949	1880
2950	1457
2951	1287
2952	2216
2953	2635
2954	2662
2955	3387
2956	480
2957	1966
2958	2473
2959	1330
2960	2313
2961	1279
2962	2462
2963	3049
2964	3623
2965	1069
2966	1827
2967	2307
2968	3064
2969	370
2970	838
2971	1068
2972	3941
2973	985
2974	2411
2975	3648
2976	3828
2977	2877
2978	1951
2979	759
2980	1444
2981	3299
2982	2985
2983	3994
2984	3152
2985	1305
2986	1098
2987	3274
2988	3747
2989	183
2990	482
2991	2754
2992	1213
2993	2564
2994	2497
2995	1941
2996	72
2997	3084
2998	1349
2999	2774
3000	3905
3001	1617
3002	3516
3003	1482
3004	2341
3005	3268
3006	2797
3007	405
3008	1020
3009	1167
3010	2069
3011	3946
3012	965
3013	2270
3014	1181
3015	2763
3016	2358
3017	489
3018	3691
3019	1868
3020	2266
3021	1165
3022	3116
3023	1573
3024	2191
3025	3170
3026	2311
3027	1899
3028	3271
3029	2685
3030	875
3031	2282
3032	1174
3033	3074
3034	30
3035	321
3036	133
3037	84
3038	1210
3039	2952
3040	1972
3041	463
3042	3718
3043	2108
3044	3164
3045	1382
3046	3766
3047	426
3048	3636
3049	1495
3050	2964
3051	2402
3052	695
3053	1989
3054	1404
3055	3725
3056	1764
3057	1713
3058	201
3059	2347
3060	3398
3061	300
3062	622
3063	3967
3064	3324
3065	2738
3066	685
3067	65
3068	1955
3069	1927
3070	63
3071	2892
3072	143
3073	3256
3074	1987
3075	1868
3076	1093
3077	778
3078	799
3079	502
3080	1805
3081	2080
3082	2365
3083	2982
3084	1552
3085	3545
3086	1742
3087	289
3088	899
3089	2747
3090	699
3091	2992
3092	3986
3093	1497
3094	3380
3095	1334
3096	1369
3097	758
3098	2880
3099	1324
3100	2833
3101	910
3102	1873
3103	3625
3104	244
3105	3452
3106	1471
3107	3846
3108	1681
3109	3055
3110	2375
3111	404
3112	3576
3113	2368
3114	694
3115	1531
3116	8
3117	3379
3118	3251
3119	10
3120	902
3121	473
3122	3579
3123	3814
3124	2849
3125	973
3126	2346
3127	1193
3128	2072
3129	1414
3130	3840
3131	3199
3132	1172
3133	1117
3134	356
3135	412
3136	3705
3137	1653
3138	428
3139	3400
3140	3019
3141	1852
3142	939
3143	1324
3144	2067
3145	2975
3146	2679
3147	1271
3148	623
3149	953
3150	3501
3151	3311
3152	1970
3153	2054
3154	1313
3155	1528
3156	2813
3157	2761
3158	220
3159	781
3160	1284
3161	2412
3162	1736
3163	3103
3164	995
3165	209
3166	13
3167	1567
3168	515
3169	1824
3170	2777
3171	2187
3172	1464
3173	771
3174	2995
3175	2726
3176	1563
3177	392
3178	2801
3179	3974
3180	3530
3181	432
3182	1120
3183	1204
3184	2159
3185	2304
3186	367
3187	2586
3188	1240
3189	2472
3190	783
3191	1517
3192	3518
3193	3419
3194	2049
3195	95
3196	2066
3197	3416
3198	3808
3199	799
3200	1490
3201	1283
3202	1690
3203	831
3204	3189
3205	1050
3206	2991
3207	1628
3208	2214
3209	2574
3210	2867
3211	2967
3212	2265
3213	3888
3214	3038
3215	2107
3216	2437
3217	500
3218	2050
3219	3866
3220	63
3221	2310
3222	2821
3223	3351
3224	2047
3225	2834
3226	2832
3227	3965
3228	1569
3229	141
3230	137
3231	3497
3232	1528
3233	3811
3234	126
3235	2521
3236	1085
3237	74
3238	2047
3239	3823
3240	3392
3241	3825
3242	3318
3243	3695
3244	2934
3245	2578
3246	2747
3247	3077
3248	3431
3249	3160
3250	1530
3251	3454
3252	131
3253	3982
3254	3274
3255	483
3256	3770
3257	2221
3258	3124
3259	865
3260	2465
3261	39
3262	1254
3263	2333
3264	2149
3265	971
3266	2962
3267	1141
3268	2553
3269	711
3270	2628
3271	3589
3272	2062
3273	2097
3274	2711
3275	2736
3276	2107
3277	1404
3278	3321
3279	52
3280	2932
3281	1115
3282	857
3283	2740
3284	1702
3285	1653
3286	3715
3287	373
3288	242
3289	3632
3290	321
3291	3825
3292	548
3293	3931
3294	997
3295	336
3296	585
3297	1808
3298	1321
3299	1013
3300	2260
3301	1928
3302	212
3303	430
3304	3089
3305	2377
3306	2041
3307	1209
3308	1047
3309	2154
3310	3832
3311	504
3312	2188
3313	861
3314	652
3315	3100
3316	1351
3317	1482
3318	3961
3319	2085
3320	3908
3321	1718
3322	2839
3323	1136
3324	3803
3325	3090
3326	3560
3327	3097
3328	3371
3329	82
3330	604
3331	2603
3332	1904
3333	14
3334	1714
3335	1286
3336	414
3337	2737
3338	3745
3339	233
3340	1259
3341	3843
3342	2091
3343	254
3344	1916
3345	3580
3346	149
3347	1069
3348	3119
3349	2033
3350	923
3351	890
3352	3882
3353	51
3354	3022
3355	935
3356	555
3357	3538
3358	95
3359	275
3360	1096
3361	3903
3362	364
3363	669
3364	3906
3365	2268
3366	2013
3367	1950
3368	3528
3369	3040
3370	1000
3371	2202
3372	2686
3373	1811
3374	268
3375	2926
3376	1917
3377	409
3378	1520
3379	664
3380	795
3381	1549
3382	1310
3383	2639
3384	1693
3385	1234
3386	2856
3387	2081
3388	1566
3389	2714
3390	3109
3391	618
3392	2279
3393	3734
3394	3256
3395	2696
3396	3458
3397	154
3398	3438
3399	2796
3400	3972
3401	2786
3402	3242
3403	2326
3404	781
3405	2530
3406	2503
3407	1272
3408	984
3409	1906
3410	193
3411	3211
3412	1041
3413	2840
3414	3747
3415	3571
3416	2111
3417	2668
3418	3051
3419	3338
3420	3791
3421	1951
3422	3270
3423	3043
3424	3595
3425	505
3426	394
3427	3270
3428	3260
3429	617
3430	1583
3431	3568
3432	2285
3433	2299
3434	1222
3435	1621
3436	135
3437	81
3438	2532
3439	48
3440	3608
3441	435
3442	1522
3443	868
3444	3214
3445	1766
3446	234
3447	1633
3448	223
3449	742
3450	1075
3451	1892
3452	3564
3453	814
3454	1364
3455	3810
3456	758
3457	3426
3458	2294
3459	2167
3460	3399
3461	1699
3462	1138
3463	3426
3464	3624
3465	2516
3466	2117
3467	2094
3468	640
3469	685
3470	85
3471	366
3472	976
3473	3616
3474	2451
3475	3678
3476	1538
3477	3205
3478	486
3479	3456
3480	2518
3481	3510
3482	3196
3483	1276
3484	1367
3485	2156
3486	1827
3487	148
3488	2937
3489	2293
3490	1157
3491	1763
3492	1627
3493	2196
3494	1327
3495	2484
3496	1064
3497	525
3498	3401
3499	2532
3500	2629
3501	1489
3502	3257
3503	3559
3504	1320
3505	3658
3506	2222
3507	2840
3508	643
3509	1196
3510	2244
3511	522
3512	2873
3513	3302
3514	767
3515	2844
3516	3532
3517	2686
3518	1059
3519	2113
3520	1268
3521	303
3522	1395
3523	1828
3524	2695
3525	3059
3526	3144
3527	323
3528	3493
3529	2635
3530	577
3531	170
3532	2444
3533	1677
3534	750
3535	853
3536	2208
3537	2700
3538	3001
3539	3337
3540	868
3541	305
3542	3793
3543	2036
3544	2581
3545	3201
3546	3677
3547	3425
3548	985
3549	1487
3550	345
3551	2758
3552	700
3553	2971
3554	3993
3555	256
3556	38
3557	3029
3558	138
3559	1800
3560	1700
3561	2673
3562	3358
3563	3872
3564	2016
3565	406
3566	439
3567	3485
3568	1022
3569	1726
3570	2347
3571	3935
3572	2005
3573	1959
3574	3740
3575	594
3576	1988
3577	323
3578	554
3579	3143
3580	1830
3581	435
3582	2020
3583	3972
3584	1821
3585	2418
3586	1119
3587	2821
3588	502
3589	203
3590	1808
3591	656
3592	3116
3593	2317
3594	2214
3595	2452
3596	661
3597	3208
3598	3787
3599	246
3600	3777
3601	2147
3602	1636
3603	2461
3604	1719
3605	2647
3606	1037
3607	1127
3608	447
3609	232
3610	61
3611	2202
3612	2710
3613	878
3614	2169
3615	1303
3616	3051
3617	390
3618	1353
3619	542
3620	1244
3621	2931
3622	1901
3623	1501
3624	1518
3625	2857
3626	2650
3627	2600
3628	764
3629	549
3630	1169
3631	2970
3632	1734
3633	2526
3634	1051
3635	1545
3636	2225
3637	1589
3638	2099
3639	836
3640	2474
3641	1022
3642	1584
3643	1113
3644	1881
3645	1137
3646	167
3647	354
3648	2477
3649	3537
3650	2955
3651	3039
3652	76
3653	1103
3654	1484
3655	1446
3656	3397
3657	166
3658	3723
3659	633
3660	1731
3661	1104
3662	1989
3663	965
3664	656
3665	394
3666	3016
3667	2334
3668	3957
3669	3459
3670	1799
3671	2528
3672	1682
3673	1048
3674	3387
3675	2601
3676	3111
3677	2129
3678	3373
3679	1424
3680	3062
3681	2385
3682	3271
3683	230
3684	1299
3685	2727
3686	322
3687	3294
3688	890
3689	1401
3690	1030
3691	1799
3692	3838
3693	2513
3694	3375
3695	3403
3696	1796
3697	1711
3698	918
3699	2340
3700	3171
3701	2551
3702	2068
3703	2913
3704	2106
3705	2861
3706	2651
3707	1671
3708	1044
3709	2437
3710	3286
3711	387
3712	1866
3713	1692
3714	3303
3715	383
3716	3250
3717	3839
3718	2873
3719	1221
3720	937
3721	3104
3722	2494
3723	1722
3724	1546
3725	3911
3726	1070
3727	2191
3728	1263
3729	2309
3730	1916
3731	88
3732	1099
3733	89
3734	550
3735	598
3736	3628
3737	2927
3738	1839
3739	3609
3740	3539
3741	669
3742	2977
3743	1499
3744	2695
3745	1501
3746	3842
3747	1109
3748	1510
3749	432
3750	1258
3751	2231
3752	3196
3753	3078
3754	3276
3755	1252
3756	2905
3757	846
3758	2199
3759	1894
3760	2380
3761	2349
3762	2060
3763	76
3764	3054
3765	534
3766	1608
3767	3369
3768	2131
3769	3735
3770	3629
3771	2690
3772	2028
3773	2990
3774	1872
3775	927
3776	1654
3777	266
3778	812
3779	1371
3780	2366
3781	3439
3782	3950
3783	1771
3784	810
3785	1248
3786	2132
3787	1905
3788	2956
3789	115
3790	541
3791	3768
3792	1607
3793	2026
3794	1855
3795	2985
3796	1115
3797	3529
3798	3411
3799	2394
3800	3173
3801	2265
3802	389
3803	2150
3804	1290
3805	372
3806	3880
3807	1893
3808	3396
3809	565
3810	1680
3811	3786
3812	546
3813	964
3814	2651
3815	1159
3816	3248
3817	3834
3818	896
3819	597
3820	1119
3821	1967
3822	2110
3823	3653
3824	2035
3825	275
3826	504
3827	2628
3828	3800
3829	806
3830	3838
3831	1122
3832	224
3833	5
3834	2177
3835	2918
3836	1811
3837	3521
3838	2035
3839	1753
3840	546
3841	648
3842	812
3843	3930
3844	755
3845	2348
3846	2254
3847	1344
3848	3723
3849	399
3850	3510
3851	83
3852	3865
3853	3435
3854	785
3855	864
3856	1785
3857	3632
3858	1359
3859	92
3860	1408
3861	3178
3862	1306
3863	2303
3864	2886
3865	1845
3866	915
3867	2254
3868	2525
3869	1234
3870	635
3871	392
3872	1992
3873	1172
3874	1998
3875	1834
3876	2553
3877	3205
3878	3275
3879	1208
3880	2930
3881	2977
3882	178
3883	2782
3884	2441
3885	1563
3886	1284
3887	1667
3888	1968
3889	2986
3890	1023
3891	2987
3892	1402
3893	3875
3894	2869
3895	3471
3896	2182
3897	2612
3898	192
3899	3948
3900	2133
3901	639
3902	3867
3903	1302
3904	3776
3905	2805
3906	816
3907	2280
3908	784
3909	583
3910	3341
3911	3611
3912	564
3913	600
3914	3873
3915	1669
3916	934
3917	1169
3918	2261
3919	2949
3920	3236
3921	3130
3922	3298
3923	1772
3924	908
3925	2432
3926	3224
3927	316
3928	3369
3929	2478
3930	993
3931	2596
3932	2074
3933	3403
3934	686
3935	2473
3936	692
3937	453
3938	1910
3939	1932
3940	996
3941	157
3942	1514
3943	939
3944	3230
3945	100
3946	3650
3947	2563
3948	1750
3949	3773
3950	3554
3951	1978
3952	2223
3953	944
3954	1714
3955	233
3956	779
3957	2950
3958	3720
3959	1849
3960	3245
3961	3952
3962	3976
3963	7
3964	3185
3965	2221
3966	3173
3967	854
3968	320
3969	3936
3970	1296
3971	1831
3972	3346
3973	3804
3974	3034
3975	3812
3976	3361
3977	3737
3978	2632
3979	125
3980	783
3981	2411
3982	291
3983	2406
3984	3098
3985	1683
3986	830
3987	86
3988	3811
3989	2523
3990	1372
3991	1800
3992	3943
3993	2076
3994	1246
3995	3915
3996	1988
3997	911
3998	1991
3999	3818
4000	2093
4001	640
4002	3424
4003	2663
4004	1359
4005	2734
4006	3499
4007	1168
4008	3606
4009	1512
4010	2271
4011	1259
4012	2386
4013	3100
4014	1493
4015	2174
4016	919
4017	1790
4018	1052
4019	420
4020	1381
4021	2226
4022	2694
4023	1769
4024	1574
4025	3818
4026	2343
4027	1387
4028	1142
4029	2250
4030	1309
4031	1353
4032	704
4033	1697
4034	3410
4035	1278
4036	2657
4037	1449
4038	3975
4039	3364
4040	2041
4041	2433
4042	905
4043	2735
4044	1406
4045	2811
4046	2092
4047	3514
4048	1107
4049	747
4050	3609
4051	560
4052	1509
4053	3666
4054	191
4055	467
4056	3733
4057	124
4058	3113
4059	2871
4060	1209
4061	3397
4062	1559
4063	2205
4064	3357
4065	357
4066	3876
4067	1302
4068	1204
4069	2750
4070	2756
4071	2601
4072	3954
4073	2566
4074	1930
4075	671
4076	3726
4077	3334
4078	73
4079	632
4080	699
4081	692
4082	2526
4083	541
4084	3694
4085	3709
4086	2723
4087	1843
4088	936
4089	1149
4090	2541
4091	3221
4092	3713
4093	1584
4094	2149
4095	1598
4096	196
4097	953
4098	150
4099	3105
4100	2075
4101	330
4102	3739
4103	2073
4104	2587
4105	2767
4106	2175
4107	10
4108	1952
4109	60
4110	1505
4111	1639
4112	3468
4113	828
4114	2352
4115	637
4116	3907
4117	337
4118	2956
4119	1874
4120	2731
4121	3868
4122	193
4123	3481
4124	2682
4125	265
4126	1420
4127	2343
4128	924
4129	3672
4130	93
4131	3176
4132	639
4133	2088
4134	984
4135	1043
4136	1625
4137	948
4138	2668
4139	1609
4140	2641
4141	3383
4142	1870
4143	2969
4144	1875
4145	2192
4146	672
4147	1056
4148	3127
4149	1809
4150	3045
4151	74
4152	3905
4153	1757
4154	1822
4155	1008
4156	3374
4157	183
4158	3281
4159	2116
4160	3923
4161	377
4162	1858
4163	907
4164	1571
4165	1473
4166	1103
4167	1709
4168	3255
4169	2563
4170	1590
4171	2296
4172	1502
4173	3392
4174	1527
4175	3680
4176	1657
4177	2316
4178	1447
4179	2096
4180	3491
4181	1500
4182	2377
4183	751
4184	3007
4185	1337
4186	3207
4187	2720
4188	2285
4189	58
4190	1322
4191	3013
4192	3685
4193	2086
4194	837
4195	3643
4196	463
4197	3698
4198	1741
4199	443
4200	2199
4201	1431
4202	306
4203	3284
4204	2571
4205	1586
4206	936
4207	2783
4208	950
4209	516
4210	947
4211	3981
4212	3036
4213	3881
4214	2863
4215	2260
4216	2248
4217	2766
4218	2990
4219	3402
4220	3330
4221	401
4222	1492
4223	1094
4224	900
4225	629
4226	1474
4227	3985
4228	507
4229	2877
4230	1854
4231	1524
4232	1411
4233	2355
4234	992
4235	3317
4236	2688
4237	821
4238	3309
4239	1342
4240	3991
4241	1565
4242	3480
4243	2417
4244	3606
4245	983
4246	2308
4247	1831
4248	2151
4249	1267
4250	3684
4251	724
4252	71
4253	1694
4254	2056
4255	3484
4256	2177
4257	2300
4258	3977
4259	2026
4260	1479
4261	3017
4262	1953
4263	2132
4264	730
4265	3911
4266	771
4267	317
4268	3823
4269	165
4270	1431
4271	3618
4272	1974
4273	2533
4274	2948
4275	2994
4276	2640
4277	3963
4278	1073
4279	1156
4280	1203
4281	1338
4282	442
4283	2653
4284	3240
4285	1601
4286	1927
4287	770
4288	2883
4289	2139
4290	1017
4291	610
4292	2865
4293	3394
4294	2496
4295	1061
4296	1232
4297	1179
4298	559
4299	594
4300	219
4301	3923
4302	3429
4303	2046
4304	2122
4305	1500
4306	2712
4307	757
4308	3675
4309	540
4310	828
4311	3474
4312	248
4313	986
4314	2937
4315	2879
4316	1546
4317	963
4318	1223
4319	2515
4320	238
4321	574
4322	1026
4323	3132
4324	2175
4325	689
4326	574
4327	3713
4328	175
4329	2928
4330	1072
4331	1806
4332	1678
4333	2781
4334	3244
4335	1547
4336	66
4337	2957
4338	853
4339	393
4340	2752
4341	2829
4342	3105
4343	1027
4344	245
4345	3900
4346	375
4347	2516
4348	2458
4349	733
4350	2515
4351	187
4352	2858
4353	606
4354	191
4355	270
4356	973
4357	3128
4358	2703
4359	2193
4360	411
4361	3761
4362	2776
4363	3210
4364	3605
4365	1609
4366	635
4367	2831
4368	102
4369	1838
4370	1491
4371	1872
4372	616
4373	2697
4374	3149
4375	3334
4376	3777
4377	1635
4378	2615
4379	3689
4380	1225
4381	1642
4382	283
4383	2732
4384	1112
4385	2345
4386	2172
4387	628
4388	2807
4389	2479
4390	3301
4391	1029
4392	2614
4393	2585
4394	3855
4395	3871
4396	3832
4397	3693
4398	1914
4399	2674
4400	1066
4401	682
4402	3048
4403	1396
4404	2303
4405	2799
4406	1802
4407	2893
4408	1591
4409	1984
4410	735
4411	3835
4412	343
4413	1297
4414	3102
4415	592
4416	106
4417	1386
4418	695
4419	3266
4420	1408
4421	3056
4422	582
4423	3752
4424	2489
4425	84
4426	3884
4427	2850
4428	2950
4429	687
4430	2422
4431	1198
4432	3203
4433	3702
4434	3290
4435	3325
4436	139
4437	2114
4438	311
4439	708
4440	1222
4441	360
4442	3238
4443	1717
4444	3636
4445	2166
4446	2152
4447	3780
4448	2246
4449	1124
4450	1746
4451	3318
4452	2236
4453	3790
4454	3599
4455	3443
4456	2523
4457	1706
4458	1478
4459	827
4460	3857
4461	1488
4462	3768
4463	3068
4464	1269
4465	2594
4466	2994
4467	2572
4468	3368
4469	1804
4470	2346
4471	3239
4472	3109
4473	3540
4474	385
4475	3618
4476	2461
4477	1429
4478	3633
4479	3924
4480	3554
4481	1935
4482	3089
4483	3654
4484	2103
4485	925
4486	2067
4487	1838
4488	351
4489	18
4490	3463
4491	262
4492	1735
4493	2267
4494	1171
4495	1189
4496	3995
4497	2239
4498	2679
4499	1252
4500	334
4501	532
4502	1004
4503	2621
4504	1427
4505	3344
4506	2646
4507	3393
4508	1288
4509	1023
4510	842
4511	958
4512	2880
4513	1660
4514	1392
4515	1383
4516	350
4517	3591
4518	1671
4519	947
4520	3557
4521	2585
4522	1130
4523	725
4524	2119
4525	804
4526	2013
4527	3176
4528	3607
4529	2734
4530	1327
4531	3269
4532	2992
4533	1695
4534	3596
4535	3429
4536	2993
4537	3738
4538	2593
4539	2134
4540	3258
4541	317
4542	2207
4543	458
4544	3301
4545	108
4546	1949
4547	1656
4548	807
4549	1123
4550	2511
4551	2853
4552	2538
4553	2029
4554	1913
4555	1797
4556	1333
4557	1664
4558	260
4559	269
4560	3231
4561	2752
4562	2470
4563	1990
4564	926
4565	1031
4566	34
4567	1999
4568	827
4569	3166
4570	1198
4571	1720
4572	671
4573	3385
4574	1743
4575	2429
4576	620
4577	3781
4578	3600
4579	462
4580	3464
4581	3141
4582	3469
4583	133
4584	376
4585	176
4586	949
4587	1058
4588	1622
4589	3360
4590	57
4591	1961
4592	2910
4593	1162
4594	3809
4595	3750
4596	2874
4597	3406
4598	1006
4599	2627
4600	3750
4601	766
4602	2314
4603	1943
4604	2051
4605	775
4606	1275
4607	3145
4608	2498
4609	197
4610	773
4611	3527
4612	1580
4613	354
4614	2082
4615	2586
4616	3455
4617	3391
4618	3272
4619	1793
4620	1481
4621	2944
4622	817
4623	1418
4624	3364
4625	3232
4626	2029
4627	1397
4628	665
4629	443
4630	3113
4631	1179
4632	3021
4633	143
4634	2052
4635	1433
4636	2593
4637	3914
4638	3887
4639	2788
4640	2069
4641	144
4642	413
4643	3594
4644	415
4645	1300
4646	2161
4647	3399
4648	3651
4649	1925
4650	3844
4651	2675
4652	551
4653	3139
4654	3690
4655	1725
4656	1285
4657	1585
4658	2406
4659	2025
4660	3476
4661	473
4662	2118
4663	1421
4664	1082
4665	3894
4666	427
4667	2118
4668	918
4669	2253
4670	3592
4671	946
4672	3522
4673	1996
4674	413
4675	2329
4676	1174
4677	261
4678	729
4679	1290
4680	3860
4681	1039
4682	3951
4683	2390
4684	2036
4685	1655
4686	2981
4687	40
4688	535
4689	3933
4690	329
4691	1994
4692	2794
4693	2148
4694	683
4695	709
4696	1820
4697	3410
4698	2858
4699	1439
4700	1080
4701	26
4702	3620
4703	645
4704	1937
4705	3816
4706	1190
4707	3037
4708	72
4709	2374
4710	2574
4711	3744
4712	3866
4713	1105
4714	224
4715	2504
4716	2015
4717	1074
4718	1676
4719	1449
4720	784
4721	3581
4722	1035
4723	411
4724	2598
4725	746
4726	197
4727	158
4728	3066
4729	1450
4730	2642
4731	2655
4732	528
4733	2195
4734	981
4735	2180
4736	702
4737	3806
4738	2305
4739	2884
4740	2564
4741	3265
4742	3721
4743	847
4744	19
4745	3940
4746	2621
4747	1102
4748	2055
4749	3685
4750	3175
4751	1556
4752	1638
4753	2780
4754	3115
4755	2722
4756	861
4757	3146
4758	361
4759	341
4760	2534
4761	281
4762	1861
4763	108
4764	2803
4765	1631
4766	2087
4767	2030
4768	2891
4769	3188
4770	3859
4771	1248
4772	1976
4773	2445
4774	3480
4775	3617
4776	3243
4777	481
4778	2463
4779	2289
4780	1961
4781	565
4782	2395
4783	351
4784	677
4785	2140
4786	2587
4787	3642
4788	916
4789	761
4790	3356
4791	3352
4792	3390
4793	2832
4794	2356
4795	3322
4796	2796
4797	675
4798	1076
4799	457
4800	2040
4801	420
4802	786
4803	1006
4804	2426
4805	2658
4806	1620
4807	3862
4808	3765
4809	160
4810	3342
4811	596
4812	3032
4813	1335
4814	2870
4815	282
4816	1826
4817	2268
4818	2489
4819	136
4820	676
4821	1789
4822	1745
4823	203
4824	3621
4825	3030
4826	1109
4827	1936
4828	3779
4829	1207
4830	155
4831	374
4832	959
4833	1550
4834	3372
4835	3813
4836	3953
4837	915
4838	474
4839	2071
4840	3246
4841	820
4842	798
4843	1515
4844	2216
4845	856
4846	2308
4847	1058
4848	2171
4849	1002
4850	2979
4851	1771
4852	2829
4853	1781
4854	461
4855	3224
4856	3969
4857	382
4858	2468
4859	407
4860	733
4861	3504
4862	1488
4863	3998
4864	464
4865	1015
4866	1680
4867	1816
4868	1243
4869	99
4870	1864
4871	1230
4872	822
4873	1379
4874	3082
4875	2839
4876	1666
4877	2355
4878	1856
4879	101
4880	2657
4881	499
4882	2780
4883	3683
4884	3939
4885	2577
4886	3375
4887	1469
4888	2881
4889	876
4890	2469
4891	2238
4892	28
4893	1611
4894	1182
4895	2919
4896	2246
4897	2953
4898	1151
4899	162
4900	3014
4901	3048
4902	3188
4903	2478
4904	3300
4905	2120
4906	2867
4907	3219
4908	3021
4909	2640
4910	963
4911	1670
4912	291
4913	1403
4914	2288
4915	476
4916	1441
4917	18
4918	1476
4919	874
4920	2158
4921	892
4922	1912
4923	744
4924	3962
4925	2929
4926	1129
4927	2963
4928	3101
4929	3565
4930	2968
4931	595
4932	2812
4933	2979
4934	3278
4935	2204
4936	2970
4937	292
4938	3041
4939	876
4940	2938
4941	2206
4942	1738
4943	881
4944	2493
4945	3467
4946	1576
4947	3598
4948	2815
4949	1597
4950	942
4951	3561
4952	3570
4953	2721
4954	1215
4955	2459
4956	857
4957	282
4958	1942
4959	689
4960	1715
4961	298
4962	2185
4963	2203
4964	3288
4965	3940
4966	307
4967	617
4968	1911
4969	2634
4970	3071
4971	2103
4972	3561
4973	1466
4974	293
4975	3373
4976	1741
4977	492
4978	1039
4979	1597
4980	3671
4981	3201
4982	3346
4983	450
4984	400
4985	1012
4986	1969
4987	2455
4988	900
4989	1242
4990	2947
4991	3966
4992	800
4993	989
4994	1794
4995	3850
4996	3443
4997	2402
4998	834
4999	627
5000	1042
5001	3590
5002	3532
5003	875
5004	3200
5005	3528
5006	2162
5007	1487
5008	2185
5009	2012
5010	1826
5011	3960
5012	3302
5013	3032
5014	3177
5015	1425
5016	1356
5017	2456
5018	3382
5019	642
5020	3526
5021	858
5022	1960
5023	763
5024	3218
5025	493
5026	1525
5027	824
5028	747
5029	1041
5030	1931
5031	2833
5032	2594
5033	531
5034	3239
5035	2068
5036	2828
5037	2196
5038	3155
5039	3543
5040	140
5041	1756
5042	369
5043	3814
5044	978
5045	3792
5046	3075
5047	3422
5048	2728
5049	1978
5050	3842
5051	1264
5052	2345
5053	972
5054	237
5055	2825
5056	345
5057	503
5058	2505
5059	3809
5060	3996
5061	3607
5062	3952
5063	3769
5064	2293
5065	864
5066	1289
5067	759
5068	1092
5069	3912
5070	1159
5071	2909
5072	1322
5073	1969
5074	808
5075	1938
5076	1682
5077	1194
5078	2534
5079	854
5080	2164
5081	3314
5082	789
5083	129
5084	4000
5085	572
5086	304
5087	2007
5088	1239
5089	1768
5090	3219
5091	1070
5092	65
5093	267
5094	2162
5095	1018
5096	603
5097	1526
5098	884
5099	478
5100	210
5101	2678
5102	610
5103	2359
5104	628
5105	847
5106	1879
5107	2444
5108	3664
5109	927
5110	2721
5111	2684
5112	3610
5113	1914
5114	1084
5115	777
5116	2233
5117	2130
5118	267
5119	3519
5120	2882
5121	1436
5122	168
5123	833
5124	998
5125	2276
5126	540
5127	2266
5128	3646
5129	2863
5130	815
5131	576
5132	2034
5133	2226
5134	283
5135	3311
5136	2779
5137	3856
5138	1561
5139	1619
5140	3900
5141	3918
5142	1111
5143	1421
5144	3382
5145	3310
5146	2882
5147	1059
5148	810
5149	3781
5150	2909
5151	2940
5152	1131
5153	1105
5154	1256
5155	1311
5156	320
5157	1679
5158	1110
5159	2008
5160	3143
5161	3558
5162	326
5163	3524
5164	923
5165	3601
5166	3433
5167	3167
5168	2117
5169	2001
5170	2691
5171	3557
5172	3588
5173	1601
5174	2188
5175	2816
5176	3475
5177	3946
5178	1692
5179	3437
5180	2094
5181	2210
5182	1437
5183	1580
5184	1194
5185	823
5186	2147
5187	2298
5188	793
5189	520
5190	1551
5191	78
5192	429
5193	2098
5194	466
5195	1700
5196	1677
5197	3675
5198	1450
5199	470
5200	3186
5201	2772
5202	77
5203	599
5204	450
5205	1941
5206	1060
5207	109
5208	2163
5209	3712
5210	1370
5211	14
5212	162
5213	1307
5214	482
5215	1031
5216	2874
5217	3210
5218	2362
5219	2370
5220	2090
5221	2325
5222	3135
5223	2642
5224	1508
5225	1633
5226	1291
5227	3264
5228	1101
5229	2093
5230	3187
5231	1982
5232	2764
5233	1856
5234	588
5235	2058
5236	1532
5237	673
5238	3204
5239	3325
5240	986
5241	1309
5242	625
5243	3705
5244	3956
5245	816
5246	21
5247	3805
5248	132
5249	1200
5250	2279
5251	2020
5252	629
5253	3604
5254	659
5255	748
5256	2207
5257	1456
5258	1791
5259	1141
5260	3307
5261	1257
5262	3304
5263	2059
5264	3663
5265	1732
5266	1192
5267	2656
5268	1228
5269	3094
5270	1749
5271	2395
5272	850
5273	1761
5274	262
5275	3590
5276	3133
5277	3738
5278	3514
5279	2652
5280	3956
5281	3203
5282	1153
5283	1685
5284	3657
5285	3745
5286	195
5287	3246
5288	440
5289	2988
5290	3584
5291	1922
5292	3613
5293	926
5294	2599
5295	2239
5296	2837
5297	1825
5298	825
5299	1948
5300	2729
5301	2864
5302	2322
5303	987
5304	3546
5305	116
5306	515
5307	2682
5308	1155
5309	3394
5310	1303
5311	3544
5312	1936
5313	710
5314	1219
5315	959
5316	3247
5317	3126
5318	1876
5319	2514
5320	1470
5321	2684
5322	835
5323	1150
5324	2728
5325	3626
5326	2031
5327	1780
5328	2178
5329	2160
5330	1850
5331	1514
5332	1448
5333	3737
5334	2809
5335	2102
5336	379
5337	1730
5338	2557
5339	437
5340	348
5341	775
5342	3065
5343	3964
5344	3333
5345	1554
5346	609
5347	798
5348	1956
5349	2183
5350	3262
5351	3898
5352	187
5353	2637
5354	1001
5355	2273
5356	1428
5357	3444
5358	1630
5359	2384
5360	2690
5361	2960
5362	2855
5363	1017
5364	3627
5365	31
5366	1181
5367	2772
5368	743
5369	570
5370	1646
5371	3622
5372	1529
5373	3664
5374	1478
5375	523
5376	223
5377	1865
5378	948
5379	2691
5380	171
5381	155
5382	1446
5383	3475
5384	2791
5385	587
5386	3800
5387	3485
5388	1745
5389	3836
5390	534
5391	2698
5392	883
5393	1355
5394	2145
5395	3548
5396	1306
5397	793
5398	2143
5399	1177
5400	3857
5401	2428
5402	654
5403	2995
5404	1740
5405	558
5406	2870
5407	1507
5408	1577
5409	42
5410	3509
5411	1942
5412	380
5413	2144
5414	3559
5415	3783
5416	3992
5417	2798
5418	3296
5419	3029
5420	1752
5421	1526
5422	2531
5423	2915
5424	1727
5425	2997
5426	497
5427	3678
5428	3026
5429	1758
5430	1761
5431	2114
5432	552
5433	1281
5434	2212
5435	2835
5436	1878
5437	2851
5438	588
5439	2885
5440	366
5441	1368
5442	1869
5443	230
5444	2643
5445	190
5446	2387
5447	3885
5448	2290
5449	27
5450	1066
5451	1317
5452	2627
5453	136
5454	2824
5455	2130
5456	657
5457	316
5458	159
5459	3141
5460	2382
5461	2339
5462	1803
5463	2248
5464	1417
5465	1929
5466	3122
5467	2392
5468	681
5469	2552
5470	3232
5471	1370
5472	575
5473	269
5474	2557
5475	2712
5476	993
5477	3898
5478	1368
5479	3316
5480	2102
5481	1237
5482	2490
5483	653
5484	127
5485	1818
5486	2967
5487	3726
5488	1228
5489	2898
5490	2562
5491	1923
5492	1438
5493	643
5494	1754
5495	349
5496	895
5497	228
5498	3859
5499	2232
5500	2468
5501	1074
5502	728
5503	2135
5504	1176
5505	190
5506	3759
5507	4
5508	3585
5509	2243
5510	491
5511	1314
5512	1642
5513	2141
5514	728
5515	3714
5516	476
5517	3272
5518	2089
5519	3650
5520	1851
5521	1839
5522	2517
5523	448
5524	3194
5525	2942
5526	637
5527	1246
5528	1273
5529	675
5530	66
5531	3761
5532	1971
5533	585
5534	2240
5535	1810
5536	3587
5537	661
5538	1892
5539	3692
5540	3693
5541	2544
5542	481
5543	1406
5544	3555
5545	261
5546	3358
5547	3622
5548	151
5549	3300
5550	2137
5551	3298
5552	3525
5553	3267
5554	3448
5555	968
5556	1582
5557	288
5558	3332
5559	277
5560	3984
5561	808
5562	2567
5563	2885
5564	2845
5565	1762
5566	2862
5567	3307
5568	440
5569	2243
5570	2663
5571	3798
5572	2928
5573	471
5574	981
5575	2610
5576	229
5577	417
5578	790
5579	2770
5580	1652
5581	1293
5582	1759
5583	1790
5584	145
5585	1622
5586	3054
5587	104
5588	3936
5589	1062
5590	3321
5591	3148
5592	1150
5593	3987
5594	3494
5595	1230
5596	3638
5597	1524
5598	54
5599	3754
5600	1901
5601	3310
5602	3070
5603	1294
5604	355
5605	3490
5606	2808
5607	2582
5608	3944
5609	553
5610	1715
5611	3035
5612	3355
5613	3169
5614	1623
5615	1363
5616	1326
5617	1859
5618	1560
5619	1577
5620	2647
5621	2693
5622	3630
5623	2307
5624	768
5625	3493
5626	2142
5627	2501
5628	3447
5629	3991
5630	1188
5631	3707
5632	1139
5633	2724
5634	2608
5635	2750
5636	202
5637	3638
5638	1079
5639	3461
5640	1034
5641	3293
5642	3498
5643	1503
5644	1265
5645	3280
5646	2306
5647	2878
5648	1051
5649	3482
5650	1114
5651	1944
5652	1513
5653	1202
5654	401
5655	913
5656	1869
5657	499
5658	1532
5659	1997
5660	2924
5661	2555
5662	1804
5663	3944
5664	352
5665	1453
5666	1923
5667	3862
5668	3556
5669	835
5670	115
5671	1207
5672	1503
5673	3753
5674	1110
5675	3093
5676	3167
5677	3938
5678	598
5679	604
5680	657
5681	3045
5682	3668
5683	833
5684	2364
5685	2706
5686	3308
5687	2767
5688	1089
5689	201
5690	1473
5691	2947
5692	2998
5693	2504
5694	3896
5695	2960
5696	3396
5697	3159
5698	94
5699	958
5700	1358
5701	2896
5702	1626
5703	3178
5704	2499
5705	3701
5706	910
5707	2900
5708	841
5709	3269
5710	3441
5711	2423
5712	1956
5713	1274
5714	2576
5715	3406
5716	3147
5717	3285
5718	752
5719	716
5720	1779
5721	3008
5722	3250
5723	3425
5724	1917
5725	3095
5726	2849
5727	693
5728	2338
5729	3236
5730	2513
5731	2573
5732	2464
5733	1751
5734	1567
5735	3431
5736	1261
5737	1613
5738	2442
5739	3465
5740	3376
5741	119
5742	3988
5743	3827
5744	1394
5745	996
5746	3172
5747	1594
5748	3699
5749	417
5750	1037
5751	137
5752	2319
5753	3976
5754	1595
5755	2164
5756	806
5757	1445
5758	719
5759	2981
5760	3226
5761	2810
5762	1515
5763	2671
5764	1458
5765	324
5766	723
5767	2911
5768	636
5769	159
5770	3955
5771	1933
5772	1071
5773	1798
5774	1140
5775	1521
5776	949
5777	1796
5778	3918
5779	3117
5780	3245
5781	3381
5782	2649
5783	1253
5784	1651
5785	1108
5786	2592
5787	1762
5788	960
5789	2477
5790	3265
5791	2253
5792	1940
5793	3833
5794	459
5795	3212
5796	3147
5797	665
5798	2455
5799	3031
5800	802
5801	1352
5802	1527
5803	1057
5804	3466
5805	3573
5806	1142
5807	2338
5808	1476
5809	1214
5810	914
5811	917
5812	813
5813	3503
5814	1005
5815	410
5816	3473
5817	421
5818	3126
5819	2032
5820	3175
5821	2242
5822	1052
5823	769
5824	513
5825	652
5826	3597
5827	3759
5828	1513
5829	2583
5830	2387
5831	2617
5832	3901
5833	2163
5834	3418
5835	2648
5836	2089
5837	2549
5838	2173
5839	3542
5840	3743
5841	177
5842	140
5843	1315
5844	978
5845	12
5846	2878
5847	3795
5848	3575
5849	1610
5850	3577
5851	2271
5852	3527
5853	3548
5854	3303
5855	2542
5856	3922
5857	1817
5858	151
5859	3893
5860	3314
5861	3460
5862	3790
5863	2607
5864	279
5865	3498
5866	1288
5867	1265
5868	1953
5869	2800
5870	1740
5871	3494
5872	214
5873	557
5874	3221
5875	3491
5876	2442
5877	3666
5878	1007
5879	3386
5880	1479
5881	1787
5882	3445
5883	1837
5884	3924
5885	1643
5886	1521
5887	1703
5888	1080
5889	3988
5890	3435
5891	356
5892	863
5893	2911
5894	3703
5895	2999
5896	181
5897	1498
5898	1610
5899	2044
5900	3067
5901	1536
5902	2219
5903	1301
5904	2382
5905	536
5906	1600
5907	343
5908	690
5909	1689
5910	2996
5911	521
5912	3828
5913	2901
5914	207
5915	3970
5916	2815
5917	907
5918	944
5919	931
5920	1459
5921	3247
5922	1313
5923	67
5924	2373
5925	3519
5926	1432
5927	1983
5928	1140
5929	1477
5930	1193
5931	422
5932	1171
5933	1021
5934	803
5935	3669
5936	1816
5937	2764
5938	2939
5939	330
5940	1486
5941	249
5942	3913
5943	2371
5944	2184
5945	3841
5946	431
5947	71
5948	3714
5949	555
5950	2141
5951	2155
5952	1245
5953	1461
5954	1712
5955	2913
5956	3305
5957	431
5958	3169
5959	398
5960	2479
5961	619
5962	3200
5963	452
5964	1837
5965	1323
5966	3349
5967	580
5968	2533
5969	34
5970	1483
5971	428
5972	1424
5973	2488
5974	3052
5975	2758
5976	3772
5977	1676
5978	2494
5979	3193
5980	2106
5981	2944
5982	3022
5983	3182
5984	1224
5985	3165
5986	2342
5987	1432
5988	1161
5989	277
5990	1060
5991	407
5992	1067
5993	169
5994	682
5995	3522
5996	990
5997	3047
5998	1361
5999	3458
6000	1767
6001	786
6002	787
6003	1717
6004	215
6005	826
6006	2421
6007	2521
6008	1096
6009	2522
6010	1980
6011	2330
6012	1357
6013	2004
6014	130
6015	3421
6016	3574
6017	668
6018	1993
6019	2126
6020	1419
6021	2110
6022	222
6023	2957
6024	2
6025	572
6026	785
6027	1505
6028	2098
6029	3353
6030	3296
6031	2941
6032	2384
6033	1867
6034	1072
6035	2548
6036	3769
6037	146
6038	3357
6039	2959
6040	1470
6041	186
6042	3926
6043	1613
6044	3464
6045	2694
6046	1720
6047	2449
6048	467
6049	1688
6050	2100
6051	395
6052	3258
6053	1948
6054	814
6055	1423
6056	70
6057	1087
6058	400
6059	2412
6060	1557
6061	1466
6062	1281
6063	1363
6064	1225
6065	2673
6066	1114
6067	2646
6068	708
6069	1559
6070	3077
6071	2551
6072	873
6073	2827
6074	2700
6075	988
6076	1883
6077	1537
6078	3865
6079	116
6080	176
6081	3035
6082	2818
6083	2687
6084	1260
6085	2722
6086	438
6087	605
6088	1242
6089	3474
6090	2529
6091	1926
6092	1458
6093	2879
6094	205
6095	3262
6096	2460
6097	941
6098	756
6099	3810
6100	2626
6101	2861
6102	3066
6103	703
6104	2358
6105	1866
6106	2198
6107	778
6108	1756
6109	1977
6110	1298
6111	2769
6112	1647
6113	2806
6114	2770
6115	3087
6116	1086
6117	360
6118	1375
6119	3336
6120	3157
6121	3896
6122	1794
6123	3915
6124	377
6125	2890
6126	2755
6127	2719
6128	3370
6129	3604
6130	2105
6131	1603
6132	3760
6133	3025
6134	1540
6135	561
6136	3448
6137	12
6138	809
6139	560
6140	3009
6141	2157
6142	1698
6143	2459
6144	2483
6145	1768
6146	427
6147	1909
6148	3313
6149	214
6150	3014
6151	181
6152	3682
6153	1387
6154	1362
6155	2917
6156	2272
6157	3643
6158	26
6159	462
6160	1895
6161	3682
6162	580
6163	3479
6164	1455
6165	1453
6166	3492
6167	3024
6168	2096
6169	3937
6170	3332
6171	2810
6172	1042
6173	3796
6174	1326
6175	11
6176	2004
6177	983
6178	3226
6179	1606
6180	3683
6181	2573
6182	3531
6183	1640
6184	2807
6185	1787
6186	1565
6187	1250
6188	3912
6189	3112
6190	3466
6191	3511
6192	2401
6193	3114
6194	3816
6195	254
6196	98
6197	1346
6198	3362
6199	2672
6200	3331
6201	3888
6202	2828
6203	917
6204	2435
6205	1672
6206	2765
6207	1168
6208	788
6209	2030
6210	3275
6211	690
6212	2683
6213	1585
6214	2959
6215	180
6216	1851
6217	1594
6218	225
6219	732
6220	2023
6221	3833
6222	1617
6223	1993
6224	2919
6225	734
6226	2616
6227	1012
6228	2664
6229	2340
6230	2583
6231	3135
6232	3647
6233	704
6234	1294
6235	2757
6236	1812
6237	2939
6238	1673
6239	935
6240	3959
6241	3757
6242	845
6243	779
6244	865
6245	3902
6246	3449
6247	1681
6248	680
6249	2334
6250	3804
6251	1203
6252	2361
6253	2762
6254	2282
6255	1076
6256	802
6257	1635
6258	1545
6259	1889
6260	2190
6261	144
6262	2749
6263	3050
6264	2548
6265	62
6266	2356
6267	3990
6268	3578
6269	278
6270	2725
6271	2755
6272	3150
6273	1588
6274	87
6275	1021
6276	1860
6277	2901
6278	2541
6279	576
6280	1430
6281	2189
6282	738
6283	117
6284	2660
6285	2076
6286	3237
6287	56
6288	1336
6289	2234
6290	1509
6291	1345
6292	288
6293	2157
6294	2034
6295	2783
6296	362
6297	2617
6298	1817
6299	2819
6300	119
6301	3123
6302	2687
6303	2565
6304	1775
6305	300
6306	1298
6307	337
6308	523
6309	3030
6310	3667
6311	2522
6312	32
6313	94
6314	2262
6315	578
6316	765
6317	1459
6318	1640
6319	1710
6320	251
6321	562
6322	425
6323	596
6324	175
6325	1964
6326	1071
6327	3123
6328	2211
6329	732
6330	2383
6331	3990
6332	3641
6333	3393
6334	1710
6335	2955
6336	734
6337	2006
6338	1374
6339	3849
6340	393
6341	2475
6342	754
6343	1736
6344	328
6345	2803
6346	2714
6347	1494
6348	130
6349	2779
6350	2148
6351	3389
6352	253
6353	597
6354	464
6355	3243
6356	2081
6357	2134
6358	1444
6359	211
6360	2729
6361	1543
6362	1902
6363	3709
6364	1416
6365	2328
6366	2776
6367	825
6368	471
6369	2598
6370	881
6371	3476
6372	2860
6373	1770
6374	2131
6375	3841
6376	719
6377	3320
6378	3408
6379	1791
6380	3677
6381	2249
6382	3966
6383	3987
6384	3644
6385	2508
6386	2664
6387	3984
6388	2416
6389	2305
6390	1210
6391	3926
6392	1156
6393	3470
6394	3107
6395	608
6396	1541
6397	1349
6398	3963
6399	325
6400	1120
6401	3150
6402	1438
6403	3112
6404	2917
6405	2643
6406	1683
6407	2806
6408	2319
6409	3122
6410	3718
6411	456
6412	179
6413	1975
6414	3414
6415	1962
6416	3562
6417	755
6418	3440
6419	738
6420	2531
6421	3637
6422	3505
6423	3280
6424	1410
6425	2414
6426	1502
6427	2943
6428	1460
6429	2636
6430	2058
6431	1011
6432	1878
6433	774
6434	263
6435	1376
6436	3740
6437	306
6438	3104
6439	2842
6440	456
6441	558
6442	1886
6443	164
6444	2698
6445	167
6446	3447
6447	1587
6448	3165
6449	3707
6450	1460
6451	469
6452	51
6453	2456
6454	3998
6455	673
6456	2176
6457	3728
6458	501
6459	2173
6460	1712
6461	898
6462	235
6463	3207
6464	2475
6465	877
6466	1721
6467	1770
6468	1541
6469	1983
6470	3701
6471	2339
6472	3420
6473	1658
6474	8
6475	3304
6476	1158
6477	1888
6478	2152
6479	3917
6480	2440
6481	2414
6482	3595
6483	500
6484	1625
6485	2269
6486	2144
6487	3118
6488	1784
6489	207
6490	16
6491	465
6492	1117
6493	42
6494	1646
6495	599
6496	1704
6497	1139
6498	1048
6499	3281
6500	884
6501	1128
6502	3004
6503	1131
6504	3080
6505	1214
6506	1357
6507	2688
6508	6
6509	365
6510	2683
6511	1884
6512	3490
6513	612
6514	991
6515	3727
6516	792
6517	448
6518	3328
6519	1003
6520	1673
6521	1630
6522	3516
6523	3004
6524	311
6525	1947
6526	2559
6527	3653
6528	3042
6529	1749
6530	1237
6531	1260
6532	938
6533	845
6534	3390
6535	3354
6536	1188
6537	543
6538	577
6539	3505
6540	3749
6541	3506
6542	2116
6543	3610
6544	122
6545	437
6546	841
6547	146
6548	644
6549	3767
6550	1735
6551	956
6552	1206
6553	234
6554	1690
6555	414
6556	1166
6557	3216
6558	552
6559	1253
6560	3674
6561	1383
6562	359
6563	811
6564	3928
6565	1650
6566	855
6567	2604
6568	1093
6569	2702
6570	1454
6571	3452
6572	3546
6573	1949
6574	2537
6575	3731
6576	3315
6577	2933
6578	170
6579	2249
6580	1934
6581	280
6582	2555
6583	1854
6584	794
6585	314
6586	195
6587	2337
6588	1875
6589	1744
6590	3462
6591	2178
6592	2145
6593	1061
6594	791
6595	2153
6596	1600
6597	2333
6598	79
6599	1582
6600	1783
6601	624
6602	2656
6603	955
6604	3958
6605	1684
6606	3220
6607	3985
6608	2331
6609	1262
6610	2227
6611	1766
6612	3140
6613	3368
6614	3159
6615	2789
6616	1014
6617	3061
6618	3157
6619	2579
6620	1176
6621	647
6622	1641
6623	49
6624	3630
6625	1776
6626	250
6627	508
6628	3463
6629	3478
6630	3190
6631	991
6632	1040
6633	3145
6634	1352
6635	490
6636	1493
6637	1245
6638	1273
6639	1304
6640	2576
6641	438
6642	562
6643	2930
6644	222
6645	1106
6646	2368
6647	1315
6648	1748
6649	1034
6650	527
6651	334
6652	619
6653	2401
6654	2692
6655	3041
6656	968
6657	1758
6658	2633
6659	1772
6660	1231
6661	1510
6662	1860
6663	299
6664	3567
6665	404
6666	2213
6667	2907
6668	1205
6669	1810
6670	2771
6671	2600
6672	1448
6673	1819
6674	1519
6675	3778
6676	3593
6677	236
6678	1778
6679	3676
6680	3349
6681	3914
6682	3742
6683	2808
6684	1660
6685	852
6686	1087
6687	642
6688	1451
6689	1934
6690	649
6691	2830
6692	1216
6693	3506
6694	219
6695	3477
6696	3366
6697	1197
6698	2257
6699	2620
6700	3003
6701	2380
6702	3621
6703	3667
6704	1494
6705	1405
6706	3468
6707	809
6708	2565
6709	134
6710	2491
6711	929
6712	721
6713	302
6714	2554
6715	2083
6716	3753
6717	3502
6718	2410
6719	2857
6720	2552
6721	3287
6722	1081
6723	3316
6724	3367
6725	25
6726	1101
6727	472
6728	109
6729	2855
6730	2730
6731	3931
6732	789
6733	1468
6734	4000
6735	494
6736	3970
6737	1879
6738	1867
6739	1499
6740	757
6741	290
6742	1254
6743	1345
6744	114
6745	972
6746	2182
6747	1871
6748	1434
6749	49
6750	2924
6751	1047
6752	3350
6753	3340
6754	3520
6755	575
6756	2348
6757	839
6758	2179
6759	2869
6760	1612
6761	1737
6762	3222
6763	1744
6764	3852
6765	3027
6766	346
6767	3174
6768	601
6769	3291
6770	479
6771	3502
6772	3531
6773	1090
6774	2972
6775	1341
6776	3780
6777	1295
6778	3513
6779	2798
6780	2420
6781	1394
6782	1686
6783	436
6784	2233
6785	319
6786	956
6787	1251
6788	348
6789	1360
6790	2922
6791	2431
6792	158
6793	2507
6794	943
6795	2851
6796	3870
6797	2819
6798	3217
6799	43
6800	2480
6801	882
6802	2140
6803	966
6804	276
6805	2371
6806	459
6807	1792
6808	2337
6809	319
6810	2667
6811	2974
6812	1166
6813	2554
6814	2685
6815	989
6816	1696
6817	2887
6818	676
6819	1707
6820	2210
6821	1962
6822	1652
6823	2615
6824	866
6825	3056
6826	1007
6827	1835
6828	3107
6829	2332
6830	1506
6831	1539
6832	969
6833	458
6834	3388
6835	1977
6836	2891
6837	3174
6838	231
6839	518
6840	3995
6841	3660
6842	722
6843	2630
6844	1776
6845	1
6846	1703
6847	2396
6848	3181
6849	3652
6850	1217
6851	86
6852	1834
6853	3285
6854	2577
6855	2434
6856	3384
6857	180
6858	1928
6859	31
6860	859
6861	110
6862	1574
6863	3542
6864	3765
6865	241
6866	2404
6867	2843
6868	1388
6869	872
6870	302
6871	24
6872	3420
6873	1177
6874	2820
6875	2809
6876	474
6877	543
6878	324
6879	3297
6880	2466
6881	608
6882	601
6883	2168
6884	2247
6885	721
6886	3580
6887	3000
6888	460
6889	142
6890	2062
6891	3863
6892	822
6893	707
6894	1540
6895	3006
6896	3661
6897	826
6898	3206
6899	3389
6900	2708
6901	680
6902	3524
6903	1364
6904	3711
6905	2862
6906	3845
6907	3166
6908	1659
6909	1183
6910	3983
6911	2976
6912	1405
6913	1065
6914	2678
6915	3932
6916	3834
6917	2908
6918	2925
6919	1316
6920	1920
6921	114
6922	2443
6923	3534
6924	3242
6925	1607
6926	3612
6927	69
6928	519
6929	93
6930	1612
6931	1623
6932	2138
6933	2774
6934	3686
6935	41
6936	2156
6937	3729
6938	484
6939	1802
6940	2905
6941	2500
6942	1812
6943	570
6944	670
6945	1876
6946	3211
6947	496
6948	3457
6949	1397
6950	276
6951	24
6952	52
6953	1191
6954	2559
6955	1792
6956	1148
6957	3890
6958	3470
6959	701
6960	1274
6961	2328
6962	1388
6963	718
6964	2142
6965	1286
6966	1206
6967	2416
6968	1346
6969	3046
6970	2505
6971	2287
6972	3006
6973	2123
6974	1261
6975	3151
6976	750
6977	1122
6978	376
6979	2908
6980	3440
6981	3513
6982	3414
6983	2760
6984	2669
6985	2922
6986	70
6987	3078
6988	2286
6989	1667
6990	3279
6991	2718
6992	3163
6993	1853
6994	3933
6995	3578
6996	3011
6997	2006
6998	2154
6999	2604
7000	3654
7001	2689
7002	533
7003	2236
7004	2813
7005	3289
7006	2464
7007	2079
7008	2847
7009	3313
7010	3161
7011	19
7012	3161
7013	1201
7014	3573
7015	436
7016	988
7017	379
7018	3932
7019	2590
7020	468
7021	1095
7022	3874
7023	3386
7024	2705
7025	1789
7026	2619
7027	510
7028	3152
7029	179
7030	1173
7031	472
7032	2705
7033	1153
7034	3053
7035	3015
7036	2227
7037	3295
7038	1628
7039	1711
7040	2209
7041	762
7042	1111
7043	928
7044	1426
7045	185
7046	2252
7047	2619
7048	873
7049	3686
7050	494
7051	1813
7052	2183
7053	3635
7054	75
7055	293
7056	897
7057	2211
7058	2354
7059	3019
7060	1385
7061	849
7062	961
7063	3719
7064	2431
7065	587
7066	3627
7067	2749
7068	3052
7069	2446
7070	2864
7071	2745
7072	3142
7073	3438
7074	2580
7075	941
7076	1199
7077	3736
7078	2973
7079	1323
7080	3699
7081	3592
7082	603
7083	2287
7084	210
7085	2361
7086	3407
7087	1469
7088	1704
7089	1403
7090	3495
7091	468
7092	20
7093	1137
7094	268
7095	3754
7096	1413
7097	1822
7098	3138
7099	3081
7100	1091
7101	2613
7102	2224
7103	2775
7104	1562
7105	3764
7106	1062
7107	2023
7108	2949
7109	3746
7110	2275
7111	2446
7112	3367
7113	1420
7114	2912
7115	2100
7116	1025
7117	56
7118	1998
7119	2315
7120	253
7121	1423
7122	3882
7123	2859
7124	3870
7125	1452
7126	2709
7127	3886
7128	3794
7129	1033
7130	1803
7131	3088
7132	3088
7133	485
7134	3237
7135	1354
7136	3102
7137	3822
7138	3189
7139	1847
7140	2070
7141	2954
7142	556
7143	2261
7144	355
7145	3087
7146	2350
7147	3885
7148	287
7149	1184
7150	41
7151	3869
7152	3736
7153	2784
7154	3028
7155	2136
7156	1045
7157	1981
7158	186
7159	264
7160	1576
7161	2316
7162	1019
7163	3497
7164	3879
7165	3845
7166	1903
7167	3343
7168	1316
7169	3162
7170	1447
7171	1170
7172	3883
7173	1980
7174	2400
7175	2884
7176	434
7177	2907
7178	3432
7179	1002
7180	2633
7181	3085
7182	2853
7183	2726
7184	1888
7185	3423
7186	602
7187	678
7188	2051
7189	2834
7190	2738
7191	2788
7192	1085
7193	2590
7194	2761
7195	855
7196	3085
7197	2136
7198	2312
7199	484
7200	2421
7201	2238
7202	1943
7203	1696
7204	3960
7205	2083
7206	2201
7207	2584
7208	1844
7209	3890
7210	3171
7211	1410
7212	1328
7213	2508
7214	840
7215	3889
7216	365
7217	882
7218	1883
7219	3421
7220	1688
7221	2629
7222	1663
7223	2953
7224	1882
7225	336
7226	2471
7227	1091
7228	2769
7229	3477
7230	3450
7231	3312
7232	920
7233	2623
7234	3462
7235	2660
7236	447
7237	359
7238	1376
7239	3451
7240	554
7241	1693
7242	3797
7243	2760
7244	3822
7245	737
7246	745
7247	3233
7248	498
7249	1391
7250	3183
7251	2485
7252	150
7253	2244
7254	1564
7255	3050
7256	2435
7257	27
7258	1236
7259	3361
7260	3721
7261	3534
7262	3537
7263	1840
7264	2926
7265	1343
7266	2818
7267	693
7268	1335
7269	1940
7270	2509
7271	3869
7272	641
7273	794
7274	2724
7275	227
7276	1863
7277	1992
7278	2127
7279	2983
7280	2472
7281	2223
7282	2344
7283	3863
7284	1373
7285	3829
7286	3839
7287	701
7288	2059
7289	1778
7290	1054
7291	475
7292	846
7293	3879
7294	1793
7295	667
7296	2224
7297	2890
7298	578
7299	1634
7300	3974
7301	421
7302	3934
7303	2844
7304	2945
7305	307
7306	194
7307	2321
7308	3289
7309	3407
7310	3821
7311	449
7312	649
7313	969
7314	490
7315	3517
7316	3731
7317	3235
7318	298
7319	3500
7320	964
7321	1384
7322	2903
7323	2971
7324	2613
7325	945
7326	342
7327	2669
7328	2335
7329	3853
7330	1182
7331	3649
7332	3629
7333	934
7334	1147
7335	1339
7336	297
7337	894
7338	729
7339	2015
7340	97
7341	1764
7342	3749
7343	2055
7344	1730
7345	3362
7346	3762
7347	249
7348	374
7349	3267
7350	2610
7351	2125
7352	3005
7353	3472
7354	1618
7355	280
7356	3388
7357	2936
7358	677
7359	1543
7360	391
7361	1220
7362	465
7363	3782
7364	96
7365	3783
7366	971
7367	2007
7368	1083
7369	638
7370	2766
7371	2453
7372	3446
7373	697
7374	218
7375	899
7376	2432
7377	1820
7378	787
7379	3920
7380	1904
7381	3495
7382	844
7383	2795
7384	310
7385	2538
7386	2429
7387	1014
7388	767
7389	1512
7390	791
7391	1684
7392	503
7393	429
7394	1718
7395	1183
7396	33
7397	1548
7398	2999
7399	2010
7400	2367
7401	3762
7402	1552
7403	829
7404	1877
7405	297
7406	2350
7407	3413
7408	2048
7409	342
7410	461
7411	1618
7412	1747
7413	894
7414	3142
7415	792
7416	891
7417	3663
7418	1095
7419	1381
7420	718
7421	1373
7422	2354
7423	1639
7424	1088
7425	53
7426	3599
7427	631
7428	697
7429	3213
7430	475
7431	1361
7432	2
7433	422
7434	2561
7435	3328
7436	2630
7437	1555
7438	538
7439	3183
7440	2958
7441	1013
7442	2424
7443	2822
7444	3792
7445	2933
7446	287
7447	442
7448	2677
7449	29
7450	3821
7451	2480
7452	3585
7453	2101
7454	3560
7455	2359
7456	966
7457	1716
7458	1088
7459	3177
7460	1534
7461	1548
7462	1036
7463	520
7464	1308
7465	1555
7466	3312
7467	3903
7468	1377
7469	813
7470	1664
7471	3345
7472	1598
7473	2527
7474	3153
7475	3223
7476	1256
7477	3986
7478	3586
7479	1354
7480	2123
7481	2234
7482	940
7483	3235
7484	2037
7485	1220
7486	2540
7487	1686
7488	3136
7489	2194
7490	1705
7491	1728
7492	3383
7493	310
7494	962
7495	3293
7496	1090
7497	3080
7498	1605
7499	613
7500	723
7501	2367
7502	3347
7503	260
7504	3789
7505	1632
7506	248
7507	488
7508	2240
7509	2312
7510	3444
7511	3934
7512	3003
7513	25
7514	2899
7515	177
7516	2048
7517	706
7518	3945
7519	740
7520	3702
7521	527
7522	3340
7523	3320
7524	1570
7525	3068
7526	3412
7527	53
7528	1620
7529	2843
7530	498
7531	566
7532	1215
7533	229
7534	2362
7535	278
7536	1725
7537	1542
7538	954
7539	1884
7540	1651
7541	3904
7542	2773
7543	1015
7544	1621
7545	227
7546	2322
7547	3949
7548	369
7549	3690
7550	33
7551	1662
7552	3139
7553	2859
7554	1333
7555	272
7556	744
7557	2733
7558	736
7559	1847
7560	2376
7561	252
7562	361
7563	840
7564	2353
7565	3637
7566	2470
7567	2467
7568	284
7569	2804
7570	713
7571	2658
7572	712
7573	2978
7574	1317
7575	1249
7576	2510
7577	3801
7578	3000
7579	3323
7580	1057
7581	3405
7582	2707
7583	797
7584	1390
7585	1173
7586	485
7587	1751
7588	3343
7589	800
7590	2789
7591	646
7592	3538
7593	987
7594	3819
7595	556
7596	2847
7597	80
7598	1723
7599	831
7600	3213
7601	2546
7602	3782
7603	110
7604	3279
7605	2009
7606	2453
7607	1019
7608	2606
7609	2274
7610	891
7611	2204
7612	1939
7613	2518
7614	1045
7615	1672
7616	3419
7617	1882
7618	638
7619	199
7620	3623
7621	3445
7622	3015
7623	3880
7624	1707
7625	2159
7626	3079
7627	1958
7628	75
7629	2436
7630	29
7631	3920
7632	736
7633	1979
7634	844
7635	1413
7636	1106
7637	2376
7638	2520
7639	2875
7640	745
7641	3981
7642	1544
7643	2946
7644	3350
7645	954
7646	3501
7647	557
7648	2958
7649	3587
7650	2511
7651	3129
7652	1873
7653	96
7654	3455
7655	1223
7656	1782
7657	3670
7658	386
7659	1486
7660	658
7661	1249
7662	920
7663	1647
7664	2804
7665	3812
7666	3322
7667	1542
7668	50
7669	1135
7670	3417
7671	1877
7672	548
7673	2973
7674	3011
7675	2665
7676	1484
7677	3323
7678	2263
7679	2417
7680	3193
7681	539
7682	2898
7683	2954
7684	3326
7685	1426
7686	1024
7687	539
7688	1430
7689	1833
7690	870
7691	434
7692	568
7693	870
7694	2900
7695	3586
7696	2071
7697	1135
7698	705
7699	1687
7700	3687
7701	1907
7702	2945
7703	2506
7704	98
7705	3917
7706	3503
7707	3233
7708	3103
7709	1451
7710	89
7711	2127
7712	208
7713	3732
7714	1033
7715	1705
7716	510
7717	2388
7718	1846
7719	3472
7720	1982
7721	2488
7722	1760
7723	2499
7724	3562
7725	3315
7726	418
7727	2481
7728	122
7729	1871
7730	208
7731	3802
7732	3101
7733	3861
7734	2962
7735	457
7736	2727
7737	1519
7738	1024
7739	1918
7740	1564
7741	2817
7742	1863
7743	3734
7744	335
7745	3336
7746	770
7747	3743
7748	788
7749	2510
7750	2692
7751	3079
7752	453
7753	371
7754	3756
7755	3005
7756	1568
7757	3288
7758	3878
7759	3878
7760	2871
7761	2899
7762	668
7763	666
7764	17
7765	2527
7766	2101
7767	1937
7768	1728
7769	2219
7770	2580
7771	2584
7772	748
7773	1351
7774	3892
7775	769
7776	164
7777	228
7778	271
7779	2485
7780	1295
7781	15
7782	3889
7783	477
7784	1163
7785	904
7786	1390
7787	533
7788	3405
7789	1687
7790	124
7791	3385
7792	3949
7793	2894
7794	667
7795	1911
7796	371
7797	1907
7798	1900
7799	3053
7800	3563
7801	141
7802	3819
7803	3729
7804	1891
7805	1497
7806	538
7807	3588
7808	3446
7809	344
7810	1958
7811	1668
7812	344
7813	1337
7814	2491
7815	1384
7816	1280
7817	1844
7818	726
7819	2424
7820	1643
7821	1632
7822	2326
7823	266
7824	2739
7825	2644
7826	2009
7827	3835
7828	1398
7829	1595
7830	663
7831	3252
7832	3153
7833	3971
7834	5
7835	3326
7836	1729
7837	1833
7838	2281
7839	1743
7840	1981
7841	1332
7842	271
7843	1979
7844	1398
7845	386
7846	328
7847	363
7848	80
7849	87
7850	3989
7851	1900
7852	488
7853	3660
7854	2198
7855	2665
7856	3670
7857	624
7858	1919
7859	2436
7860	613
7861	1760
7862	1377
7863	134
7864	3092
7865	1663
7866	3829
7867	1659
7868	1896
7869	2602
7870	1485
7871	3225
7872	2187
7873	3252
7874	3913
7875	2936
7876	1919
7877	2506
7878	1896
7879	3114
7880	3268
7881	2105
7882	2209
7883	3993
7884	805
7885	2037
7886	647
7887	3384
7888	2978
7889	198
7890	2352
7891	1849
7892	3441
7893	3552
7894	3563
7895	2996
7896	1902
7897	3928
7898	946
7899	1862
7900	1280
7901	1562
7902	1641
7903	508
7904	1036
7905	1846
7906	3717
7907	2021
7908	2739
7909	1918
7910	2066
7911	663
7912	1266
7913	3947
7914	3947
7915	3968
7916	22
7917	726
7918	3225
7919	3980
7920	1485
7921	1332
7922	3634
7923	646
7924	263
7925	418
7926	3634
7927	2965
7928	2625
7929	44
7930	1163
7931	2044
7932	3789
7933	2792
7934	3968
7935	1755
7936	1570
7937	2281
7938	1648
7939	3552
7940	22
7941	2277
7942	2607
7943	2546
7944	3877
7945	1495
7946	101
7947	2965
7948	1648
7949	1891
7950	2689
7951	3073
7952	2916
7953	3892
7954	2666
7955	1807
7956	3081
7957	3680
7958	3158
7959	2792
7960	2602
7961	284
7962	2934
7963	1828
7964	44
7965	1083
7966	2916
7967	3093
7968	3412
7969	3802
7970	3635
7971	2201
7972	2625
7973	742
7974	3073
7975	1886
7976	204
7977	962
7978	3980
7979	3717
7980	776
7981	3908
7982	568
7983	780
7984	3989
7985	780
7986	1266
7987	1533
7988	99
7989	2588
7990	1147
7991	2388
7992	2820
7993	1853
7994	419
7995	2588
7996	15
7997	2104
7998	2104
7999	2277
8000	1533
