Students	1000
1	4773 2277 1119 234
2	1593 78 539 6081
3	4284 467 7617 2474
4	2219 1380 1303 7379
5	1063 5167 7268 6019
6	583 3013 4138 41
7	6691 1321 5120 7364
8	1187 5387 1600 4558
9	6359 5160 7603 3360
10	3783 1837 1027 3933
11	7719 5958 7710 190
12	6304 7232 1588 4301
13	5866 3225 4113 2990
14	1234 243 7876 3069
15	774 7178 5942 6723
16	2342 3938 6191 4203
17	1565 4578 5071 6020
18	7417 1795 3357 488
19	5285 548 1093 6994
20	2523 4814 6899 3054
21	6391 1723 4760 5637
22	4479 6327 1646 3102
23	945 7113 3540 7182
24	656 217 7277 7786
25	538 289 4023 6947
26	6885 7643 88 1322
27	1293 6047 6266 3424
28	5142 5011 2199 3908
29	6781 6428 2775 1013
30	2875 3796 6675 6689
31	4519 1004 5663 6579
32	3236 4982 1490 2966
33	3737 576 1635 7095
34	2139 1224 3006 6041
35	1396 5971 7790 2963
36	1995 4519 6611 2541
37	5962 4336 3847 3148
38	5130 4027 4373 4738
39	6268 2389 238 113
40	6301 7811 3065 349
41	1789 5287 2628 6592
42	7404 5672 4636 5499
43	6976 1336 7756 4571
44	4368 7868 1158 5938
45	1825 2479 5114 1393
46	2398 2393 3547 3358
47	3640 2536 7803 4767
48	1148 3633 7789 3538
49	4997 5411 2051 1483
50	4060 1584 4164 7287
51	4202 3995 4170 1990
52	6033 3469 5914 5585
53	3067 5263 2394 6552
54	728 452 6033 5004
55	6636 2033 6840 6506
56	3262 7301 4349 2456
57	2512 3175 5965 246
58	1668 220 5771 5509
59	7731 3494 4235 5839
60	7445 1703 6560 7936
61	4685 6336 5325 6791
62	3676 3162 2726 7879
63	349 1919 10 2256
64	4594 4193 5098 1961
65	7152 686 6030 95
66	3155 5738 1363 2835
67	3074 7466 4545 2481
68	5092 3038 6346 6160
69	3126 6992 404 5332
70	5067 3132 4020 3640
71	148 6342 1302 4669
72	4984 837 4214 1733
73	5885 1095 8 7064
74	6165 6455 5718 837
75	7611 7556 6186 5677
76	6005 4168 7460 1181
77	7100 1100 1944 7922
78	3920 3900 4650 1368
79	3532 746 4086 5661
80	6755 3579 3274 3449
81	3963 2293 6163 7868
82	4548 7142 4031 2607
83	6269 2878 4738 5022
84	7418 6201 5801 3980
85	36 2567 2925 4090
86	5523 6241 6947 1830
87	2627 5596 6069 6744
88	445 1276 4233 1235
89	6714 3140 3571 1546
90	2023 2353 7869 7659
91	5853 4998 7188 7155
92	1587 4861 3162 7198
93	2212 7335 5761 2184
94	4666 1514 2492 6015
95	5350 1627 7160 126
96	1710 4016 5807 7401
97	6993 2226 2338 6891
98	1988 6783 7533 3102
99	4033 4453 7747 5762
100	1769 6730 815 2004
101	4524 5903 968 2181
102	3032 33 4183 5958
103	5222 2629 242 599
104	7378 5883 7260 5455
105	6284 1163 7720 1658
106	1486 2654 823 3107
107	4987 6803 6576 4347
108	5353 3522 2508 4260
109	1921 2388 1737 6293
110	744 2470 4702 1838
111	7842 7762 6846 4207
112	2658 3733 7608 2404
113	1462 406 2154 5545
114	1330 134 6209 4647
115	5702 6205 3413 7795
116	2146 4383 6859 5948
117	2495 4109 2421 7342
118	6064 6293 1395 1366
119	6011 5401 1739 5700
120	7506 4023 4214 329
121	5211 7607 5190 6974
122	4387 6796 418 7522
123	4931 4533 2110 2713
124	7821 2228 1167 7900
125	228 1709 916 6918
126	3256 3234 3550 5445
127	3523 511 2408 6757
128	6148 5655 2801 3245
129	97 6500 7334 1630
130	6008 6092 411 6663
131	6804 13 6079 2546
132	6516 6104 623 1790
133	3390 7806 962 3327
134	2599 3784 2087 116
135	3600 5562 7462 3004
136	3760 2859 2870 7245
137	6295 2319 5795 2804
138	4628 4871 5780 716
139	7097 5402 635 1484
140	6590 7590 926 1418
141	2599 6173 6339 1308
142	556 4723 1656 6787
143	5992 6962 3927 1805
144	6302 4104 2513 1916
145	2982 3743 2139 3500
146	4511 1924 5544 4914
147	6158 3690 6257 1147
148	5540 5219 309 7276
149	2532 7453 2974 7541
150	6106 7685 7136 2740
151	728 7031 7460 2836
152	7511 7044 2650 3050
153	3370 1375 5848 6331
154	6657 1561 5355 224
155	4489 5340 6746 2044
156	4066 2946 6973 4386
157	1303 7400 4958 7930
158	1224 4745 540 3919
159	2527 1504 3460 1441
160	3045 5490 6658 622
161	7412 2754 7784 5196
162	7863 4217 7105 6774
163	981 3054 4292 3827
164	1300 2629 3919 5432
165	1480 3659 458 2671
166	7520 7044 333 2004
167	1864 560 1092 2772
168	3793 419 3411 2060
169	4154 7895 7567 2738
170	3942 2092 950 5567
171	5809 4071 5452 2311
172	7187 2558 3195 7161
173	775 3070 1551 7099
174	7040 446 7150 7759
175	4690 1394 4210 2701
176	4329 3008 1730 6790
177	3745 1361 2849 3580
178	1095 7819 5723 475
179	7984 7998 6025 3291
180	4025 6004 1543 71
181	6379 7510 1948 6318
182	1214 219 7923 4666
183	4813 4307 7193 3526
184	6532 1707 231 4066
185	7106 4868 498 3346
186	7447 170 1772 509
187	5554 6175 2843 1123
188	5155 3806 1458 3386
189	4960 6254 6637 3611
190	3967 757 2412 841
191	4929 4333 3685 4445
192	6360 1334 590 6077
193	5251 2418 5694 1463
194	726 6784 194 6375
195	6475 6562 4458 6103
196	6817 6983 5648 1298
197	4314 2886 1424 6633
198	4982 324 144 7229
199	2315 2404 4237 2826
200	3773 2209 4203 341
201	4270 5970 922 1744
202	4113 7935 4470 5311
203	4121 167 4748 4617
204	5156 5385 4903 505
205	6671 724 2387 3380
206	3122 837 7759 2079
207	7177 31 2864 2243
208	7826 3316 4259 1376
209	7963 1629 6877 4746
210	2237 1322 4524 2206
211	3464 1001 3417 72
212	2381 367 3370 5020
213	5660 6784 5228 3947
214	2009 2675 2762 5703
215	1649 5531 500 7304
216	904 1498 1220 5651
217	2133 4384 5273 3923
218	5331 7900 7169 2995
219	5905 3561 5406 2616
220	6090 3499 5232 267
221	2932 2277 6540 63
222	3755 6521 1678 5517
223	3456 7777 1363 1257
224	2124 6678 5702 5825
225	534 1363 7562 5545
226	1547 6738 2970 2340
227	4760 5854 3216 3629
228	1744 5310 6799 6454
229	433 3634 4975 6406
230	4854 2235 2617 7361
231	6229 1483 2226 6374
232	1885 5117 767 4259
233	4475 3624 1551 4408
234	1419 2902 1511 3595
235	3405 5942 2125 3007
236	6299 6056 5998 5232
237	4339 2060 2318 3701
238	6225 4761 6243 1097
239	477 4015 2596 7124
240	3582 2704 3620 5815
241	82 2480 3936 7326
242	2492 382 3071 3042
243	4075 21 4324 5215
244	6992 523 1272 7632
245	4643 1624 471 3600
246	1420 5060 7154 4497
247	7214 3742 7791 4116
248	472 271 6708 1935
249	5217 2350 6734 4393
250	6098 4040 6697 6420
251	3322 2036 3948 4130
252	5289 863 7891 3283
253	6404 7881 6338 7343
254	2976 77 7660 5406
255	244 3909 4939 2838
256	3692 944 2236 5998
257	2046 6147 5625 4041
258	2299 6594 2696 1728
259	6126 824 5025 661
260	1986 5461 7659 2914
261	4645 3017 623 6200
262	6935 1742 1972 6186
263	1101 6047 3865 5161
264	5446 5525 6076 7964
265	7277 5191 2197 7869
266	6973 4629 1522 4310
267	6663 2784 2317 1154
268	7462 5826 4033 2132
269	2912 7537 2527 3690
270	3514 4997 6799 6443
271	6650 914 2899 7636
272	1332 7902 5091 4294
273	4037 1660 103 1257
274	3066 7645 7077 2226
275	3734 4086 1084 572
276	1096 3525 2652 6490
277	7489 473 2357 7590
278	5930 6858 6351 37
279	1333 2964 3579 2569
280	3839 2497 7863 3154
281	3420 3565 7120 3762
282	6001 4136 2414 5894
283	6841 406 7737 2465
284	3837 1138 1262 1827
285	1269 6132 6037 3717
286	5386 506 7741 6369
287	2085 4349 6270 1875
288	2992 7735 2825 899
289	7685 4264 7112 7292
290	1235 689 7851 6030
291	4928 6194 3411 7710
292	3926 3251 1057 1894
293	5276 7369 3528 3497
294	209 4411 2803 3955
295	3897 4456 6684 7716
296	6159 5556 3805 5841
297	7108 6501 1906 6064
298	5977 2133 7479 3848
299	5775 7475 439 46
300	3781 7478 3422 1260
301	7854 1396 1155 1312
302	7151 2488 310 2273
303	6036 6966 5305 5920
304	1007 947 2969 1293
305	6497 6976 7070 2344
306	3068 702 4098 5561
307	6046 4177 1727 4377
308	37 5512 4081 5504
309	5503 2118 1837 5628
310	2833 7280 4602 7899
311	2927 4455 1723 2177
312	5620 5515 3177 3900
313	5355 1455 5596 7965
314	7005 2240 6533 1150
315	7996 1990 3046 5863
316	4734 6209 4655 6677
317	7373 1006 1224 3907
318	7362 2176 616 922
319	7684 2518 1875 1024
320	1775 5084 5738 5247
321	7706 6400 7492 5628
322	2130 5431 1380 3423
323	6836 5767 2222 5794
324	7677 4706 5621 4058
325	7420 2492 3745 1298
326	2091 6661 5328 5637
327	305 7430 2188 3605
328	3364 3328 5579 752
329	1575 5137 3279 1985
330	4974 2067 1143 7344
331	746 2439 3236 2241
332	3935 5567 685 2183
333	208 1908 6552 1111
334	5540 4593 5594 3523
335	4512 5332 2634 4213
336	7988 1430 5813 5834
337	122 6551 7396 504
338	6756 2339 4782 1660
339	3557 1478 3227 3490
340	2508 7959 553 6156
341	4380 5941 3384 3068
342	7478 3515 2404 4503
343	1262 958 4687 5618
344	3691 5782 7723 7370
345	4435 4322 3509 2110
346	39 1165 2670 4791
347	78 877 6406 6257
348	4148 4863 2113 2250
349	1771 3634 4326 7343
350	5151 4997 5541 481
351	2902 7880 6186 1168
352	2862 3703 4137 6431
353	3981 676 3725 5615
354	5537 1549 5948 1017
355	84 2672 4872 6682
356	331 313 3022 7772
357	4189 3910 3477 4374
358	1676 2011 6638 5162
359	3983 2297 5107 7679
360	3285 7199 4226 4292
361	2708 2681 1718 3922
362	7092 2967 301 4932
363	2960 1989 2337 112
364	5391 672 1701 2227
365	3850 7627 2528 2465
366	2583 7332 6656 155
367	4737 4346 243 1104
368	354 748 5697 7733
369	2804 3070 7755 4016
370	6790 6789 4122 2193
371	5004 1628 4753 5655
372	5811 7928 2731 7756
373	3461 6166 6244 1162
374	6522 4977 5756 7357
375	7202 2952 781 6980
376	6438 5123 6397 1620
377	6121 5592 1632 2733
378	4244 2733 3096 2542
379	5377 169 5855 7523
380	6662 3034 7663 2848
381	1970 2555 1850 2414
382	2120 4668 7581 3617
383	4007 200 796 5660
384	1399 5235 3320 4757
385	5241 2901 7512 2310
386	35 4341 5186 1106
387	6722 5617 3596 1150
388	3208 3271 3228 1349
389	3965 3113 6324 7517
390	6994 3335 1947 1678
391	3811 3247 2647 325
392	2280 2022 7025 5036
393	211 6967 6680 5718
394	3299 1499 4021 3990
395	6429 6580 3500 4098
396	1662 5645 6955 4736
397	734 7638 1604 3835
398	924 1645 1937 5409
399	1404 7764 5276 3777
400	130 353 3457 1851
401	4926 29 4187 3776
402	7478 1981 6700 2142
403	6561 969 4917 3742
404	5100 4316 6198 7685
405	6979 2114 1684 1303
406	5179 7558 3401 3311
407	456 899 1417 4012
408	4 979 3173 7807
409	7173 2068 5416 6047
410	2228 6021 1989 1499
411	6437 6235 6185 5727
412	527 6056 2563 4913
413	5185 5963 7639 2715
414	4 6925 6865 4303
415	4929 3787 3714 579
416	106 504 5976 5702
417	6329 2824 2546 7508
418	1479 5927 940 1420
419	5865 7141 695 3226
420	7109 7739 5750 3303
421	1644 1812 6534 7788
422	4256 1107 1844 7799
423	7142 5580 7738 3716
424	2094 3391 4959 792
425	4714 2329 6924 7017
426	3651 6717 1901 5396
427	7041 5058 7865 6957
428	5550 3864 4792 3311
429	6147 7808 2257 7013
430	1202 3632 5563 54
431	491 1013 7914 264
432	540 2001 1947 4341
433	4606 3989 3347 1543
434	33 7787 3941 4045
435	3096 4795 7025 4000
436	632 4109 707 1652
437	3311 450 2243 1282
438	2470 7879 83 4802
439	4830 7497 6357 2372
440	3547 660 6352 449
441	6903 4178 6241 189
442	3309 5617 680 6380
443	5303 6961 2197 1380
444	4910 912 555 3273
445	7585 3960 4121 3298
446	6159 1798 3830 165
447	4506 1750 2609 6976
448	523 7761 5433 4158
449	7451 6379 5756 5994
450	4247 5499 6528 3370
451	941 1860 5791 6445
452	3563 3089 896 6599
453	5895 6188 2251 768
454	5106 1654 1540 1852
455	3046 3954 286 6059
456	1106 7893 5959 6846
457	3021 7852 7764 1514
458	4543 6305 7318 3772
459	5811 910 1205 4013
460	398 3480 4664 6067
461	7953 1037 2176 5376
462	1301 4809 599 4636
463	6506 1444 2628 3696
464	5254 6004 7281 4900
465	2948 2823 3757 6187
466	1816 2279 7363 2250
467	7413 5606 326 6310
468	5020 4628 3435 7938
469	225 1430 6983 7535
470	6471 1536 1795 2111
471	3475 3929 963 3880
472	4483 3594 5812 3667
473	2418 6224 2666 1474
474	2769 5866 906 3776
475	2776 5999 7946 3682
476	5144 2484 1115 7391
477	7546 2805 3558 925
478	810 1852 477 731
479	1734 2245 63 5123
480	2264 6942 2908 688
481	1423 5942 568 7789
482	4497 7567 7980 4304
483	6947 4717 1076 4094
484	76 4155 3021 2899
485	2400 5139 764 809
486	5868 1403 6121 131
487	5568 2638 4421 5848
488	1583 7360 4160 217
489	1359 7619 4314 5206
490	3957 4831 2679 3736
491	4134 6515 7172 5406
492	3342 3668 6380 3882
493	1851 1504 3510 4130
494	3601 2358 4291 7729
495	1746 4580 1426 554
496	3643 1480 6090 7018
497	7294 7969 1054 5945
498	7590 7972 1826 7166
499	5508 1355 5264 431
500	2480 7778 4225 3651
501	4134 1158 6735 7390
502	1570 5351 1027 3608
503	6140 6112 1446 2766
504	5737 7576 6256 3437
505	7879 4636 5677 2643
506	5105 3122 6056 2397
507	1654 1015 5994 2777
508	7979 3802 6699 1622
509	900 3163 5297 6313
510	302 446 1617 3684
511	7016 724 2820 2768
512	2266 1909 756 1772
513	924 6573 6144 4406
514	7411 4215 5298 5751
515	5690 5236 2557 1467
516	3386 1479 3773 6816
517	5114 4533 7763 5282
518	2801 1136 7794 1145
519	973 1761 5749 113
520	923 3112 5148 7905
521	4631 966 2744 4641
522	715 5997 4672 4156
523	7031 5392 4550 344
524	559 876 1360 2646
525	2618 6922 2116 567
526	6225 5373 5326 6184
527	5537 2367 7101 2913
528	2023 4601 6769 4228
529	2473 676 1241 4667
530	4769 2077 2783 5508
531	7817 5698 6727 2251
532	4082 2306 6842 4972
533	7344 1831 5357 5325
534	3708 7625 2018 4004
535	4418 2949 4120 5922
536	996 7018 4465 3845
537	1742 218 3937 1113
538	7275 7997 6426 1327
539	1992 1945 661 5998
540	832 6295 7998 1453
541	181 2355 1017 388
542	348 1975 121 3107
543	5418 6187 3039 7382
544	2039 2706 3723 4061
545	1746 4273 2639 5095
546	2446 5344 5698 5678
547	5045 1769 1314 4110
548	2710 7569 5345 164
549	3505 5460 582 6829
550	7343 4236 3143 1868
551	6996 7561 4601 4668
552	6913 4217 3211 3139
553	3662 4730 1526 1166
554	1727 2888 1514 6393
555	2399 2451 4505 1352
556	2518 3076 5879 7510
557	7362 786 811 4309
558	2290 1114 5074 5381
559	5491 1421 2486 4700
560	6908 845 726 4357
561	2050 6255 1936 2065
562	4668 2752 1528 553
563	4465 2244 7295 2038
564	6999 2040 6223 3409
565	7302 5990 974 3207
566	3635 6386 6007 598
567	6999 6577 6645 5148
568	5958 7201 6547 3330
569	2016 399 1041 3228
570	5952 3611 4468 6269
571	4346 1237 7272 2123
572	7035 2042 1187 5762
573	5883 4611 3986 2532
574	7284 4124 2171 5739
575	7910 3432 7539 6407
576	6914 7807 4193 2620
577	2040 4229 448 1094
578	2586 4930 866 6733
579	2202 3747 743 6074
580	991 7141 5728 4205
581	5814 6474 5452 5610
582	5367 6937 2374 5989
583	4094 2638 5283 2365
584	4973 1731 6587 1632
585	2454 7496 4687 7184
586	5240 223 2200 6556
587	4265 2244 7834 520
588	3227 4016 6319 7138
589	6770 2620 6621 1562
590	3159 1256 2843 3478
591	753 1283 3702 1939
592	261 7245 3633 5777
593	3577 333 5623 5968
594	1751 3350 6449 4385
595	518 2807 494 689
596	1761 4147 5722 6040
597	1850 2769 7236 4554
598	6156 7639 4479 1532
599	2921 6618 5285 5408
600	1579 6524 5185 2937
601	5507 5485 4759 4507
602	4772 7844 37 5801
603	5024 107 1408 5621
604	5088 4020 5171 5062
605	1703 7315 6302 2837
606	5312 4120 4511 7218
607	6624 3304 3053 3511
608	1297 2367 7439 7188
609	5572 7066 5456 1881
610	3590 3267 201 499
611	2914 1927 5810 2165
612	6153 3374 7957 7900
613	2298 5853 6754 5558
614	4426 4577 6564 164
615	2696 4198 5326 3339
616	5409 6955 6720 5824
617	5432 3850 3055 2394
618	91 4602 5758 3752
619	32 3214 2216 5758
620	3489 5466 424 5957
621	4363 6233 4032 7364
622	5689 137 5125 7659
623	5253 4665 1405 5001
624	2742 6638 677 5652
625	7843 7098 902 4565
626	4885 2670 4273 6148
627	3232 1655 44 5981
628	3499 3380 2368 3774
629	474 2149 2563 2775
630	5386 7615 4419 2036
631	4815 4429 151 5073
632	5327 2751 4890 6567
633	7070 2908 290 1896
634	5584 7581 7641 3619
635	7337 2788 4156 4902
636	7906 4356 6840 5755
637	5793 3261 150 6349
638	3757 4977 3697 339
639	2099 4945 1475 6832
640	3915 4469 874 2417
641	966 3099 291 7423
642	7245 5221 75 7743
643	752 2649 4300 194
644	6350 158 5362 163
645	480 3842 262 2624
646	1007 5843 919 2263
647	6452 2310 737 1263
648	2662 1683 3500 5140
649	4695 4631 3511 2051
650	4955 6761 2494 331
651	1730 7945 7460 5041
652	2146 7471 6543 404
653	3741 5963 240 5835
654	7483 5011 2849 2389
655	2953 3703 6042 2856
656	960 1917 3809 188
657	6124 5552 7740 2662
658	4587 3206 1323 4295
659	1301 1757 5106 4821
660	3199 6329 4106 3590
661	3549 5203 7400 1425
662	7996 7022 5562 684
663	4162 7353 457 179
664	6429 7267 7249 5228
665	2862 1472 3511 6017
666	7702 4969 1697 2793
667	847 2777 7361 6568
668	6073 4574 2316 6378
669	2014 6896 7048 5326
670	4310 5750 5344 7296
671	6534 6045 5115 1234
672	3070 7378 3300 4131
673	4961 6579 5570 4426
674	4611 2478 1073 6667
675	4348 6078 4067 1224
676	1213 344 6818 2104
677	4403 4906 6399 5029
678	3777 7027 4013 5621
679	7482 2153 7246 1594
680	6559 452 6522 234
681	7266 7176 2242 5208
682	3595 3818 7243 2144
683	1268 1412 757 2660
684	3333 6598 883 3181
685	3832 6932 6398 2429
686	6136 2296 4631 5657
687	7099 6202 5095 7322
688	2718 6282 4995 886
689	7432 3758 2717 1928
690	4276 1400 763 6837
691	110 1038 5537 7492
692	6952 5670 7054 4793
693	5598 6349 1460 2454
694	464 1296 1638 7636
695	6535 6964 5764 4668
696	5124 3322 4176 1284
697	1587 1610 2229 5419
698	7151 7660 5775 6014
699	4621 1089 2873 7664
700	7086 5848 6204 5858
701	7178 577 3101 7480
702	285 7783 1379 7938
703	7036 5091 3942 552
704	3883 1789 2158 3572
705	1657 1945 5150 2583
706	7276 3795 1249 5155
707	652 459 6282 3824
708	1103 3995 5998 3285
709	1880 3977 3485 5515
710	837 6272 5047 3288
711	5628 2264 1560 1826
712	1562 789 4333 3240
713	6345 5574 5985 6970
714	112 5524 4622 2785
715	5682 1230 1929 7476
716	7726 2191 6760 3501
717	2149 3292 2873 4180
718	6490 3824 6022 5232
719	7471 5892 335 1315
720	4272 1485 1463 2792
721	1768 1094 4280 5143
722	3520 1887 3848 7596
723	987 2627 3139 3911
724	3201 2415 4749 7263
725	6534 3600 982 2458
726	4324 2851 5628 4894
727	2856 5326 3235 6645
728	3908 286 3163 703
729	3749 5628 1427 2827
730	3920 3067 5847 7844
731	6476 505 3800 7926
732	2612 7252 4842 3757
733	2307 815 4246 230
734	7864 4959 3290 4017
735	869 3616 4839 3845
736	3551 6076 2778 7649
737	1765 2076 7380 6827
738	6603 1250 5373 1026
739	6178 4365 2687 319
740	2359 6635 6617 1967
741	7739 4711 4987 1594
742	6970 1824 5094 4282
743	3703 4791 6610 3737
744	2017 5466 5679 6025
745	552 912 5283 2744
746	2196 514 6276 7846
747	383 3907 6681 5163
748	3792 2615 7846 7337
749	6033 4478 486 7959
750	3880 5094 6758 6912
751	5633 676 5069 7101
752	5571 85 4957 744
753	3366 6501 5993 4455
754	5289 7750 3176 2453
755	4444 1104 905 7871
756	1994 4163 5400 3705
757	6914 811 7973 4928
758	3419 7325 3012 2553
759	4643 1235 4884 4627
760	6792 7895 4525 5312
761	4900 3961 4517 3391
762	1214 4609 7544 2967
763	6234 7820 1754 6033
764	7732 4008 5552 524
765	7875 4530 7505 2957
766	1348 5951 3376 3437
767	6709 454 4853 7647
768	6593 545 5629 7190
769	5859 2538 2351 5580
770	4981 492 2184 6286
771	6255 4950 4842 5034
772	2552 5501 7687 5361
773	3076 5728 768 7796
774	6889 6278 2351 1834
775	2742 1742 803 1642
776	3407 4748 762 4436
777	5185 3530 3731 488
778	4376 2556 4130 3166
779	414 3091 7848 2465
780	7040 7510 5423 5678
781	3905 5456 5773 4713
782	7388 7515 4013 2770
783	2183 2877 1394 2540
784	1516 3696 2985 5621
785	5951 732 5784 1623
786	7204 2766 7940 5595
787	5438 755 274 5297
788	2235 7348 1136 3899
789	3188 1935 7465 498
790	7148 7837 1016 7043
791	7259 472 4822 3789
792	2542 2503 2658 5040
793	6895 1415 2589 2938
794	4696 1966 5400 2439
795	2966 4098 4105 3853
796	4195 1736 5887 5747
797	7064 7298 4235 7245
798	409 473 7996 4505
799	3888 1982 4440 2211
800	101 5680 7569 1193
801	7624 7832 7141 7003
802	7075 2990 5638 7370
803	6277 192 1375 2554
804	7728 5790 4767 5876
805	2508 2871 2339 3925
806	2491 4834 1389 5640
807	5250 1234 3271 2641
808	5600 6640 2480 6550
809	7465 3268 7226 961
810	3269 801 3640 3080
811	5691 7822 645 7441
812	3271 6041 3631 6773
813	518 4974 2224 7728
814	7087 665 1647 3410
815	2 1491 1442 5345
816	5202 1237 68 4600
817	1982 2604 3197 4271
818	786 5659 5170 1773
819	4614 1819 6377 6490
820	6928 3494 1254 2948
821	6948 5264 4760 3198
822	1717 1228 5867 5389
823	1164 2053 514 4218
824	3939 5332 3281 2177
825	5134 3424 3662 223
826	5749 7323 103 1936
827	6248 2917 7228 2700
828	3666 6707 2885 6401
829	5009 5601 1377 5137
830	5338 5526 6823 4182
831	7649 378 4722 7767
832	988 398 3097 5073
833	5106 1652 7072 3244
834	3076 4286 157 5400
835	2952 1152 3235 7963
836	7665 2909 7209 5374
837	1418 7450 108 3300
838	4106 1544 6402 2113
839	2453 5744 7120 6870
840	4097 3143 7688 928
841	1788 3716 5219 1974
842	4829 6035 1040 2669
843	4260 4780 3920 1718
844	3826 7145 2716 4384
845	4205 7812 3543 869
846	5298 534 3454 6210
847	7504 4439 4634 5323
848	7173 7182 2992 1398
849	1905 7245 4642 6135
850	2709 4349 993 2542
851	3556 2737 1292 2384
852	6434 1457 1474 5531
853	181 5690 6684 6705
854	5391 2322 40 5454
855	7164 479 6021 5161
856	7021 722 692 3614
857	7818 2298 5933 1175
858	4714 5627 7746 6008
859	7409 4622 1756 7577
860	6975 88 2314 7096
861	53 7079 2706 1384
862	4296 7653 6087 6329
863	391 7865 4732 6765
864	7242 293 1599 2914
865	3966 5127 956 6691
866	7950 240 5881 433
867	3554 2218 939 7103
868	7118 4729 7411 7414
869	3206 495 629 1014
870	5743 1561 6458 2630
871	1549 6360 682 3750
872	5288 499 6439 4858
873	971 465 7967 2638
874	7599 924 595 2012
875	7544 538 1404 739
876	4839 5785 283 2034
877	6130 3031 2892 6833
878	7834 7778 6416 3578
879	1887 810 2929 632
880	6673 3811 6058 527
881	5405 4348 4645 7318
882	6044 2202 5876 6519
883	40 2407 5286 790
884	1717 1682 1187 2151
885	2516 4944 2833 4588
886	3740 2165 7506 4193
887	7662 3986 1258 1277
888	6338 6380 3016 5101
889	7199 3472 3027 7151
890	2147 830 5079 4325
891	6778 6574 1828 7429
892	3372 198 3927 6331
893	2995 777 6084 1694
894	4563 1183 5832 5962
895	6924 2964 6667 4132
896	5172 7891 4600 3717
897	4723 7075 6344 6221
898	4690 1283 7918 7708
899	5173 7356 1821 819
900	1072 5831 6067 1506
901	6542 7005 7854 2179
902	347 1389 747 3785
903	4959 1028 4764 239
904	1695 1442 7240 611
905	7511 7355 3776 7616
906	1963 2271 7850 6434
907	5593 7806 2956 2016
908	2485 5196 545 5260
909	7538 6224 2140 3402
910	7255 5966 1951 7202
911	4385 3119 2073 2027
912	2891 3458 329 7542
913	4651 4418 7098 2533
914	3517 277 3878 7630
915	7280 2427 2075 6650
916	3595 2450 4701 1388
917	2475 5856 2827 2563
918	4892 6283 6989 3899
919	5905 4795 1237 2883
920	2199 7630 1451 7493
921	6826 3754 5246 3181
922	6069 6143 2755 3929
923	938 5400 2338 3395
924	1771 4753 2711 4743
925	336 7398 704 983
926	7788 2490 1162 5500
927	1715 4744 5134 7514
928	661 2899 7016 1653
929	6009 6250 781 3450
930	7564 6670 5592 1898
931	5961 361 3286 1211
932	5991 1759 5416 3359
933	615 2200 4381 2175
934	3042 3137 7834 3635
935	5571 4807 5899 1080
936	3227 3450 6298 7690
937	824 2729 4257 7372
938	1389 3259 6879 2756
939	2334 7690 1817 5374
940	230 7139 7572 5859
941	7002 5766 1119 7689
942	6115 7833 1161 293
943	3513 1551 2850 5111
944	2214 6762 6884 5293
945	3551 1024 6507 1360
946	2752 3583 1902 3360
947	1182 1350 65 2284
948	7990 6128 6499 6143
949	724 6596 1555 6740
950	6781 928 5209 4457
951	5238 5362 5322 211
952	7924 3666 3527 1000
953	798 1582 4823 2226
954	7213 2288 6581 5482
955	1974 7244 188 5053
956	6001 5118 6133 5354
957	5536 1553 4345 3625
958	1242 232 7492 7013
959	140 3070 405 7534
960	2414 4451 6401 312
961	7820 5597 7049 982
962	5366 2723 5695 5362
963	387 3107 6058 3883
964	3069 3266 2492 7131
965	378 1767 4707 6906
966	2386 4763 2908 1953
967	5997 4111 1593 5050
968	4427 4994 4772 3077
969	4504 3679 1575 6423
970	1686 3707 1535 7546
971	2824 7935 3862 1209
972	83 2146 2544 6143
973	3678 5064 2869 389
974	210 5528 4086 1844
975	6320 6215 6330 2585
976	1479 919 6066 2170
977	4999 5048 1246 491
978	1526 3322 6942 3003
979	3590 4935 5608 7641
980	3179 1421 480 5894
981	5320 2931 431 3875
982	4401 7328 6133 3592
983	4353 4626 2476 7648
984	1094 5797 2345 5441
985	1014 7266 5167 1420
986	2275 7742 2769 3521
987	724 6014 7535 2676
988	6062 559 3395 5824
989	6260 2006 4622 3699
990	5064 1610 5798 4477
991	5736 857 3664 6034
992	5209 5365 4198 4950
993	6762 6498 2423 6659
994	668 1087 7737 392
995	6484 5797 3427 192
996	1476 2569 6376 1683
997	1806 113 4473 5042
998	7617 6330 7030 479
999	5821 6969 5578 1214
1000	7726 3785 2024 1486
Students	1000
1	4382 562 3714 2894
2	4745 7360 5804 392
3	5338 3206 1757 1027
4	121 2929 1956 6039
5	3513 1121 6433 671
6	912 2281 1379 7294
7	4807 227 6300 6027
8	1147 3134 1014 7226
9	5654 6063 564 718
10	1465 6335 6520 3337
11	3434 6945 3513 7893
12	6221 3360 7499 948
13	6780 5174 5926 3648
14	4742 3294 1152 4251
15	6711 6643 4222 350
16	557 2042 119 1028
17	7839 1317 1167 1090
18	4784 6257 457 6336
19	3360 2386 3278 2435
20	4507 7424 2157 6979
21	331 497 1654 5790
22	5843 5796 7287 393
23	6708 7349 4759 114
24	6553 1330 5807 608
25	6925 1985 1759 4367
26	6418 3513 290 2224
27	2239 1532 1354 3027
28	3229 3928 6227 2896
29	7897 7667 5584 4133
30	4141 667 6292 5610
31	1114 7022 4937 745
32	6267 2130 2885 6052
33	2174 7758 4147 3391
34	2753 5524 3471 5681
35	1428 3958 3375 4946
36	7243 2306 3685 5662
37	5752 6052 7072 4600
38	4486 5090 3837 2566
39	4998 3349 598 5933
40	4005 5954 5444 7834
41	290 5855 6794 7834
42	5109 883 1569 1251
43	7446 2910 2961 1875
44	3162 4983 6218 238
45	6642 7762 3338 3924
46	2929 2396 3728 1540
47	1379 2072 934 5208
48	2916 7271 3033 5957
49	4118 429 3677 4697
50	3033 1909 1882 6016
51	2427 6308 5146 4568
52	2529 1150 2536 5052
53	2253 7506 7719 5723
54	35 4314 1168 3935
55	5940 953 5815 6691
56	6680 1478 2109 6742
57	5869 7875 2939 2963
58	4630 3595 1336 2927
59	106 4658 6600 4671
60	3030 1946 4966 5119
61	201 4357 7705 2737
62	5223 7631 2291 6437
63	3286 2637 5896 985
64	5236 4289 6775 1280
65	4883 6046 5310 6412
66	5916 6972 4671 4794
67	7340 1871 621 7696
68	7733 1045 5328 4815
69	7560 3418 4756 1215
70	4141 1252 1991 1826
71	6724 4419 1502 4231
72	4536 6526 6795 1530
73	5920 1377 2315 6585
74	5210 6877 2894 4925
75	7152 986 2916 3152
76	2360 651 4091 4315
77	4919 1398 3897 3461
78	5070 3674 4017 4454
79	5580 925 4297 318
80	334 4309 889 2087
81	1982 1910 6262 7915
82	2550 4123 4029 2431
83	7319 4800 6156 3839
84	6589 2892 4809 7676
85	2967 95 5101 541
86	361 6859 7356 367
87	4042 3695 1733 2251
88	4004 4666 3314 7596
89	1665 4235 4017 1000
90	4152 6079 134 2181
91	6474 3403 3318 6286
92	3390 2633 1844 2585
93	1618 3786 448 3133
94	6898 6519 2904 2095
95	3539 1669 279 4672
96	4392 2538 5723 1827
97	1048 6323 6547 43
98	3885 3658 2610 1412
99	1756 625 3808 4353
100	6391 1684 5363 3763
101	7657 4514 5066 2552
102	5601 2802 402 4089
103	4652 2588 7439 7539
104	5691 5197 2305 6401
105	105 2279 6258 4447
106	1788 706 5788 7002
107	1983 3378 6358 3993
108	5269 420 3621 4019
109	2922 7296 5853 1914
110	7954 7390 1671 2820
111	547 7292 4537 2962
112	1362 4064 2209 1182
113	3655 2997 6107 562
114	7616 3802 2793 7389
115	2354 1919 4719 3159
116	1187 2803 2522 4966
117	3020 3227 7985 1464
118	5564 4997 4117 5531
119	5953 929 2299 1195
120	68 1939 1244 6313
121	2842 6712 4494 7590
122	1415 462 1693 7161
123	4688 1006 6117 4879
124	246 6818 2465 3393
125	2570 6491 7197 6065
126	6755 1279 6517 7646
127	5661 5071 7203 3781
128	3659 3636 4867 1919
129	5141 3474 3944 3647
130	7131 1748 5933 284
131	7193 1966 2503 3476
132	978 305 4468 1286
133	2978 7283 3852 2831
134	4192 1149 5096 6837
135	2556 2733 6618 7859
136	5169 6021 2446 1460
137	4903 1518 7558 7984
138	3247 1287 3042 6003
139	7761 3671 2584 3957
140	3869 6204 1576 3518
141	6745 4632 6788 928
142	5532 1490 7875 1747
143	1184 4301 725 5623
144	2859 7459 812 2742
145	2425 7539 7257 3357
146	2456 6693 5627 3390
147	804 2417 624 6544
148	6909 5208 7546 7183
149	6302 3136 6949 1523
150	3115 2291 7302 3364
151	2849 2365 5212 6938
152	2284 669 1079 4585
153	3554 4882 7797 6561
154	358 3396 4646 546
155	3611 2711 6043 375
156	7180 3814 6820 2594
157	3385 1596 4793 5896
158	6674 171 3171 7059
159	235 3458 4757 1113
160	2392 980 2764 5144
161	3826 5629 2572 3113
162	5197 6880 6965 2471
163	4241 2962 1781 2352
164	4468 3786 5770 5933
165	6931 1563 7484 1703
166	7092 324 7817 1277
167	7572 4704 5289 5830
168	1657 1999 7169 1893
169	1127 4600 1199 6098
170	624 7319 1192 1579
171	2951 82 3454 1145
172	2911 5028 5235 7561
173	5512 7788 7867 3395
174	3174 2859 5587 879
175	2319 7366 5032 7230
176	4239 6680 57 5257
177	890 7253 875 3170
178	5491 2633 7793 2870
179	7146 989 7290 2363
180	6678 5852 2330 7977
181	6298 578 5219 6802
182	7462 7554 6605 5152
183	6387 7308 331 3153
184	6180 1803 5606 5905
185	1832 7497 1529 3702
186	2677 3938 1497 7768
187	7870 5020 6837 2866
188	5677 4665 1540 1447
189	548 4058 7787 5859
190	3074 1014 6809 4465
191	6895 6358 6254 1538
192	5626 7858 7642 3703
193	6203 7405 4744 6103
194	4946 1404 5968 602
195	5823 1249 2467 2245
196	3295 7052 7098 7273
197	3642 6342 5104 3500
198	7582 2233 2270 7583
199	446 577 7982 1972
200	1087 337 6156 6311
201	2586 2837 465 1280
202	5839 6529 4771 5754
203	2906 709 7651 7453
204	2173 2270 640 727
205	5633 7609 2086 4704
206	7911 2564 5795 5642
207	4950 5440 6975 4409
208	5721 2427 5100 1449
209	5215 2973 1485 272
210	3589 6803 614 3460
211	3307 3523 14 2591
212	3 1150 4142 3645
213	4336 82 6912 3695
214	2280 4097 5811 4776
215	2963 1917 5925 1025
216	1653 1115 7466 2815
217	1830 7740 1722 2019
218	6077 4798 2871 4259
219	4110 941 5181 7860
220	7368 3400 140 2666
221	4950 3919 685 1307
222	1163 439 7526 3400
223	4568 7460 481 3251
224	6327 2696 5646 5656
225	6060 3160 6261 1307
226	4812 1643 3386 6117
227	3437 281 5395 7651
228	3606 2320 1228 3139
229	6204 3003 4870 488
230	7293 7906 380 6154
231	1783 3903 5767 3946
232	6884 7691 3071 7998
233	2345 2594 1193 859
234	1944 923 560 6183
235	6123 4782 4920 7813
236	2704 6919 844 6677
237	1044 647 2525 7983
238	2691 7112 7767 6498
239	2500 6264 1672 6735
240	6578 5165 7138 5531
241	3376 1895 3226 7583
242	6313 4976 3720 7226
243	6922 352 224 2056
244	1228 5436 1330 4373
245	3841 7199 5293 6153
246	2720 6980 7043 5962
247	3955 4448 924 6497
248	3217 6456 5406 4156
249	79 4470 1080 976
250	2523 7592 5765 6708
251	3242 1237 2949 3530
252	4285 2280 3273 5670
253	4141 3555 6201 2961
254	5188 3139 3821 2061
255	5733 5867 3947 5019
256	7638 2310 1087 6178
257	124 246 661 5692
258	1049 3133 98 4524
259	1413 6582 7649 1544
260	5506 4357 137 2887
261	2934 4575 6215 4115
262	6461 2744 535 4860
263	2299 6959 4498 1793
264	2214 7419 7809 6163
265	6964 6538 2022 253
266	5376 41 5835 1397
267	4490 7911 4324 7452
268	5078 821 6164 3402
269	7467 2414 6595 7360
270	624 7694 7294 6190
271	7063 1614 2086 3980
272	3391 4373 7662 450
273	7410 6834 101 1926
274	4172 2765 1300 7929
275	1576 3503 7728 1689
276	5786 4218 1563 5494
277	4580 1751 3023 6931
278	5663 260 3017 1533
279	7977 6509 1168 3526
280	256 7004 4531 6317
281	3736 7476 5236 3756
282	486 6092 1798 4301
283	2690 7679 3456 1967
284	7106 5048 6981 1833
285	4574 6926 1508 4164
286	687 7115 2846 4553
287	2663 3345 1134 5434
288	5137 7153 699 6803
289	6308 251 7472 7749
290	1983 5879 5667 6645
291	3158 2994 6820 626
292	1316 3721 3252 6636
293	7613 4985 4088 4260
294	2171 5773 3838 2288
295	5067 1995 5065 7193
296	4237 831 4744 1191
297	6756 2890 641 6216
298	205 6198 4619 4055
299	1534 7340 6495 7138
300	7644 3930 4426 6473
301	655 4632 293 3204
302	3236 5437 4950 6996
303	3655 4557 3281 5365
304	4292 1793 2708 5142
305	7671 5469 6225 3275
306	6871 2879 6354 2265
307	3059 3947 4961 7776
308	4445 3422 87 6732
309	4915 7082 403 845
310	3964 2245 1288 659
311	3128 2307 7660 1325
312	3267 6513 549 4488
313	832 2723 4999 501
314	7197 3473 1459 1981
315	4649 2293 7712 6429
316	3412 2182 2942 1737
317	1864 829 2486 4127
318	738 4933 4653 139
319	1679 1571 4747 2156
320	1079 2570 5881 2679
321	1964 4258 4462 6745
322	2261 7604 6591 3868
323	5406 1928 5253 6578
324	5815 18 5699 528
325	5745 309 1210 485
326	2611 6895 6358 7002
327	3774 2489 7643 4709
328	6356 439 983 5889
329	2035 2674 6041 4094
330	385 7740 3932 4192
331	6674 7192 7880 2431
332	4774 3558 3222 293
333	6640 4482 2444 1381
334	6718 4654 6332 5979
335	465 6695 2667 6808
336	3223 4684 7102 5779
337	7074 7596 4078 2003
338	1559 6367 4939 1124
339	5616 847 1240 7208
340	5559 6643 3972 7454
341	4052 7309 7635 15
342	707 2739 500 105
343	1242 1901 2810 1619
344	2119 564 4027 3908
345	2525 5607 4604 7569
346	2894 5565 2361 7691
347	2326 614 2664 2589
348	3930 4140 2720 6416
349	7027 142 3972 7182
350	4205 967 2451 6493
351	1401 7386 3966 7172
352	2649 44 4951 1815
353	6134 2088 3886 3973
354	5099 4996 6550 3394
355	472 2614 6296 5311
356	6495 3149 6554 7969
357	4802 2017 4322 1283
358	1322 130 7380 783
359	963 390 7943 7040
360	465 7204 2613 740
361	5365 4968 2763 5069
362	8000 4296 2040 4473
363	5471 7721 4994 6930
364	1113 3625 6154 5342
365	7990 1855 4958 4500
366	175 6094 6319 6235
367	7105 7419 4253 6174
368	2177 3065 6717 7018
369	7346 2375 4755 6136
370	7084 5871 4422 833
371	193 6812 5008 6728
372	1320 400 362 1920
373	4292 570 1062 1122
374	7450 4296 6640 3482
375	136 4448 2692 5895
376	4296 1816 635 7115
377	5348 2199 1962 2781
378	3073 6104 5487 3627
379	6196 929 5454 5787
380	786 2616 6018 2614
381	740 5080 9 6028
382	1997 4653 6849 943
383	2995 6044 692 6041
384	4214 6447 5398 4331
385	1796 1554 739 2004
386	4536 2963 2659 7490
387	2500 4352 2555 6216
388	1809 2560 1092 4886
389	4474 2227 4433 7331
390	7448 877 1653 5884
391	2290 3377 1461 6271
392	7202 3792 6953 1150
393	3810 2152 3151 5412
394	3522 21 4706 7437
395	1877 2565 6666 3528
396	1833 1909 5087 1435
397	2051 4601 1078 3165
398	3877 194 5314 4141
399	4858 3156 6896 2527
400	1454 2972 6717 3256
401	3278 3584 4213 599
402	237 2875 1729 2410
403	691 5144 4092 183
404	6005 3381 4726 6535
405	5278 4275 7424 650
406	2483 7469 1283 500
407	1864 3456 5288 6648
408	1152 1251 7402 1197
409	1458 2501 912 4670
410	741 3979 7442 5486
411	6251 5536 3667 4281
412	5757 3785 925 6026
413	7584 6441 4101 4987
414	7307 7740 6109 3732
415	4424 6459 5801 5143
416	1569 1290 2125 5709
417	2114 1708 1003 3931
418	7680 7878 1719 738
419	1709 3757 4135 1410
420	7421 492 5039 2972
421	6923 2953 5075 2736
422	3981 7156 3642 281
423	2769 101 3730 5121
424	2197 3820 2801 4699
425	1184 1160 3598 1733
426	53 4850 1439 2754
427	4484 7991 6296 7659
428	2876 7296 4396 2966
429	3203 1779 5628 7227
430	3507 324 1502 611
431	4930 624 552 3378
432	5909 3706 7812 5874
433	974 6864 3523 2470
434	2007 954 7596 6815
435	6214 3088 1944 7777
436	6228 3692 5109 7094
437	6249 4357 4105 2142
438	1069 4057 5846 2212
439	6964 33 2744 2633
440	6157 1431 960 1039
441	4890 5692 7465 7733
442	4659 4485 701 1721
443	6246 1985 7577 6492
444	516 5556 4169 555
445	2299 6859 5456 3248
446	5872 1534 6398 1257
447	2699 6460 3389 6931
448	6192 1973 1708 46
449	4695 6096 1901 4626
450	960 4833 4462 1284
451	6651 18 2901 4991
452	6457 5233 6821 4939
453	3028 5359 2548 2289
454	2019 860 7776 919
455	5024 5438 6569 195
456	2323 5105 2688 2393
457	4304 4729 4802 6229
458	1580 3751 5745 2469
459	4776 4147 2099 2548
460	5210 1029 5223 6158
461	5107 909 3264 5027
462	4415 4043 7093 4341
463	2700 6075 2525 7935
464	7203 7080 6502 6491
465	4102 2974 5120 4225
466	3826 7029 6816 2193
467	3322 5085 5898 3314
468	7189 112 2379 2038
469	289 520 3384 7448
470	5699 2362 1835 4267
471	709 136 1612 6117
472	5149 1743 5800 4579
473	5803 5380 2063 5682
474	5601 4572 5864 4784
475	1956 337 6402 262
476	6888 6819 5362 5560
477	30 2051 5243 2121
478	2215 2155 33 5325
479	4128 6039 3030 1184
480	3489 1037 6639 7296
481	1830 4002 4143 5986
482	4378 6885 5807 91
483	6454 140 717 4287
484	3754 364 7811 7767
485	6638 7004 6173 2712
486	7011 5007 4703 2965
487	5539 1741 6330 5233
488	7946 6916 3125 5912
489	1234 649 7 5936
490	1221 5968 7378 4256
491	3378 4315 1356 2462
492	5078 1959 5717 316
493	6956 1219 728 2654
494	5863 2343 574 3062
495	3968 6550 5715 6356
496	6051 2671 3334 4215
497	141 7038 1053 4994
498	5825 609 6493 7135
499	275 2018 7416 1456
500	6925 3341 2480 5699
501	575 3490 686 7976
502	4342 4429 3098 6163
503	3357 3825 3109 2127
504	2583 7652 6516 4052
505	4732 2850 7823 6690
506	6596 2093 7899 6381
507	7419 6404 4550 96
508	5095 699 7256 7105
509	2580 2070 4835 4286
510	1902 3784 5736 401
511	2567 4598 4016 4249
512	7046 7409 7578 4527
513	6749 7702 179 183
514	5755 312 3103 4186
515	5076 196 5707 7102
516	112 2013 6585 5954
517	821 7092 2540 5910
518	1007 4987 5533 7058
519	4908 86 153 2360
520	1175 3226 854 2858
521	3541 7015 3264 1978
522	3481 6277 4585 2665
523	4306 4156 666 3959
524	244 3796 1292 3076
525	7724 6898 7091 7192
526	7279 4903 6963 6788
527	3207 7127 6873 2995
528	2474 1072 3146 886
529	2634 7795 1235 1806
530	7079 7048 4289 1916
531	5289 464 2342 965
532	2559 5248 679 3552
533	2629 265 2830 7940
534	693 7306 72 6493
535	402 2508 7360 3699
536	3783 7949 4059 5241
537	6836 4315 6785 645
538	5181 5059 4398 4721
539	1190 3010 1872 6418
540	4008 7804 1990 1208
541	657 4550 2066 5040
542	1786 3911 4881 2862
543	5670 6203 7615 2299
544	880 7658 7605 1170
545	7870 1710 2447 916
546	6981 1855 4388 7909
547	7552 6581 4495 971
548	6540 4104 7167 2766
549	4114 3727 7761 2219
550	4909 5815 2091 6558
551	2086 5526 6212 5338
552	109 7958 1098 11
553	542 5471 5671 820
554	6495 2233 4363 375
555	1216 2963 6196 1139
556	4248 358 875 7654
557	417 341 6008 1967
558	6506 1341 2054 3065
559	1813 4174 2846 7655
560	2047 3138 7321 4335
561	5438 4850 5692 4840
562	3859 2791 4676 3756
563	4782 3945 3145 7959
564	4551 4121 5820 3468
565	2566 7366 281 7610
566	4426 4288 34 6194
567	819 192 1652 3130
568	5191 1 7988 6732
569	152 2169 170 6397
570	7655 883 5825 7764
571	591 3230 5912 4815
572	7397 5472 3339 5095
573	128 7965 3474 7553
574	4260 4590 5744 239
575	5136 834 5319 6579
576	1689 7241 6468 2266
577	3050 4036 7624 2659
578	6270 3976 4631 4167
579	6246 1255 6460 408
580	2509 3605 3280 5487
581	774 7159 7715 1658
582	4723 1380 7170 6794
583	4636 6337 3969 2811
584	1094 235 1810 2573
585	1553 2470 3629 5511
586	282 3422 6705 3440
587	3658 910 5926 892
588	4654 2820 3152 2095
589	6324 3408 7965 1801
590	6051 2457 668 226
591	2353 6593 2830 2834
592	6151 1242 6035 7628
593	970 5925 813 4679
594	3881 4627 3184 6062
595	5628 2175 3178 3162
596	2946 5921 570 6957
597	7345 4085 3398 2567
598	5438 2168 3353 3803
599	7322 2736 4682 3227
600	614 7003 4714 3158
601	5841 4230 4623 7011
602	3322 5633 3762 4472
603	7960 7649 4154 5295
604	4182 1028 6966 4447
605	266 868 4557 6112
606	7508 5683 3756 2475
607	2963 1632 7091 4656
608	1100 7754 833 3718
609	1832 7425 875 3913
610	4406 102 1985 3682
611	7102 2999 7988 6156
612	6204 1781 2598 4670
613	7027 5036 2304 1178
614	5806 7691 6776 4319
615	6982 3272 2420 5560
616	965 5634 1926 1420
617	6144 2512 3090 6942
618	4996 707 4848 545
619	7320 4304 5908 6153
620	1300 964 4825 4527
621	5264 2664 6534 4262
622	3334 1489 906 6636
623	2818 1076 620 6981
624	2222 4516 2505 318
625	6463 107 3604 3555
626	559 6935 2653 5682
627	5402 314 4920 5148
628	5628 1529 5671 4426
629	5023 1735 6685 6945
630	4108 6488 3736 6699
631	2609 7099 6807 557
632	3480 7225 5758 4451
633	440 6998 465 5015
634	2745 1283 3166 62
635	4900 1608 275 1529
636	6680 1026 6671 4649
637	3999 7150 2020 1376
638	3751 6115 5748 5169
639	5696 2150 5618 7671
640	3920 182 534 3543
641	3699 617 106 6455
642	2993 1877 6039 6240
643	7892 664 4717 4437
644	768 5440 2995 1385
645	1318 7649 1698 7911
646	7117 135 383 6156
647	657 6808 4345 5753
648	3302 1434 1612 354
649	6381 5406 7808 7090
650	5173 7485 1529 6249
651	4282 6832 2507 7144
652	4545 4432 855 2408
653	1839 2634 6616 4910
654	4943 7361 395 1943
655	6870 5351 2857 1742
656	2002 109 5247 3695
657	2212 3097 1932 6599
658	3251 6937 5482 6153
659	2635 214 230 5597
660	4565 7996 190 2420
661	6996 903 1042 4687
662	1539 6788 4483 2362
663	7610 6590 6296 699
664	5082 7265 7994 7093
665	6110 900 7943 5649
666	3995 962 6615 3252
667	2531 452 2394 2106
668	860 4507 2641 2043
669	4163 3286 6025 7622
670	1502 5122 6205 833
671	2678 5606 4560 1587
672	2386 6149 4825 5116
673	322 5591 4210 6585
674	2706 415 6065 3943
675	465 6417 3791 6200
676	4557 4187 794 2469
677	6561 5192 6588 6423
678	7465 2719 1176 1049
679	554 2398 2564 191
680	675 5863 2515 3349
681	5083 3510 7587 2272
682	3981 4928 1229 241
683	1268 2811 2656 4632
684	1527 3973 716 3776
685	3681 7055 4695 4551
686	877 5932 4540 4329
687	2094 1437 1283 3208
688	7788 2435 4314 2036
689	5824 6465 6778 5096
690	3511 5948 5878 4954
691	7059 5673 6599 544
692	6063 5792 1769 2883
693	2257 4697 2013 4793
694	5811 1858 2732 1614
695	3744 4117 5578 1491
696	4833 3298 1903 5366
697	4890 7541 3482 117
698	6902 2201 6557 5512
699	3739 6785 3320 5781
700	586 4241 1700 3176
701	1752 3584 4442 3996
702	7812 3499 3517 6133
703	298 6127 6800 2439
704	6418 7171 2628 4427
705	1807 2817 5318 2382
706	1541 7545 3269 457
707	5002 4996 4106 6376
708	5388 3673 7016 7781
709	4390 5001 4434 5962
710	3765 1327 4310 2714
711	7178 3720 178 5560
712	4901 7354 12 1806
713	2071 2988 6532 6393
714	5475 7241 2427 2586
715	5888 443 4106 1175
716	2404 4694 4647 500
717	7707 122 1090 487
718	2801 1248 2775 1760
719	2248 4885 986 5173
720	2680 6421 3558 1854
721	2471 6893 487 7731
722	5339 2626 6108 4751
723	1862 3680 7394 5626
724	5013 4060 2875 6398
725	7644 7997 6038 570
726	6233 985 5713 1875
727	7163 1439 7493 280
728	512 6323 3823 2600
729	4942 4952 3932 4838
730	3305 4190 1564 314
731	5425 7716 807 727
732	5873 3983 1560 4051
733	165 1438 7098 5766
734	2523 4855 224 1145
735	245 2007 2696 7587
736	1862 1899 4782 1327
737	6951 504 1051 950
738	1064 1063 3040 6263
739	259 6957 564 7124
740	6790 2843 7636 5443
741	1407 4810 5718 7705
742	5282 963 3152 5087
743	890 1925 6827 1683
744	5284 5789 7462 1799
745	4413 5055 3301 2196
746	4839 6909 5850 4976
747	4897 3057 7674 370
748	6608 3309 3895 3528
749	2361 7738 4200 1762
750	2295 791 811 3237
751	1510 6040 652 2373
752	4835 4757 4870 3150
753	3136 3433 5019 7840
754	7432 2219 748 651
755	1934 1669 4114 7335
756	7142 1861 3048 7442
757	6088 2705 2702 882
758	3588 1205 6996 6411
759	7002 4415 3541 1175
760	2515 3419 197 6425
761	2806 4847 6819 4692
762	7300 1020 4578 2384
763	758 4110 1798 3781
764	1137 3720 7070 1376
765	7459 6575 2029 7568
766	515 858 3270 4607
767	1751 948 6325 2961
768	4747 7375 4296 2778
769	5489 7854 6770 1670
770	4664 5984 7204 1907
771	5822 5926 4322 1081
772	2254 3189 3824 7098
773	7436 6003 190 4016
774	7882 3007 5536 1576
775	164 2892 2935 2767
776	6876 5752 454 3325
777	4679 3230 3353 4512
778	2643 7944 6717 5982
779	6440 6367 5493 6108
780	1098 5392 4972 6141
781	1874 6767 2757 4416
782	1104 729 4887 2043
783	734 7278 4817 5747
784	1716 5149 438 2661
785	6867 2748 6195 6658
786	1431 1818 933 7454
787	120 770 4634 2268
788	3267 5428 1154 5636
789	4863 6995 2984 5401
790	390 4554 2740 3584
791	7634 4254 2133 6295
792	109 6989 3822 20
793	1645 1865 2596 274
794	5492 6939 3162 2950
795	5422 7840 2679 3698
796	1438 924 6465 3816
797	6596 2308 7725 6657
798	1958 4488 251 5160
799	3850 1319 3742 2316
800	3531 4281 597 2104
801	4342 310 3822 3445
802	7798 7789 6267 5251
803	4357 7845 7041 2614
804	5480 1996 4204 3158
805	5766 2857 1121 1687
806	285 6461 2011 4310
807	7833 474 7962 654
808	4719 1780 5060 3558
809	7190 4587 7196 3511
810	3090 3141 2998 6302
811	2303 3717 1265 5821
812	6604 2623 5900 3199
813	505 2283 2076 6734
814	1386 3166 6019 2995
815	1692 4269 4113 1677
816	4340 7566 4992 5111
817	3022 371 5953 4572
818	2173 7609 2607 6895
819	1467 1054 3463 4374
820	7538 5414 3633 994
821	5841 6563 3509 3855
822	7126 3313 7945 2103
823	6915 6765 840 7019
824	7675 15 6105 1364
825	5499 2822 2892 7142
826	3243 1600 7752 4992
827	3868 7033 1530 399
828	2739 7796 3620 3239
829	5695 6783 5388 2160
830	6562 3285 7667 4609
831	7620 5398 5222 6479
832	5352 2186 7780 6242
833	5870 4804 7795 3958
834	4246 1676 3674 2720
835	7856 4228 1135 7068
836	632 1597 1096 6051
837	3409 3799 1553 5195
838	2311 1202 6091 7389
839	5339 5748 4654 4073
840	6098 3612 2081 95
841	6268 3000 6642 3952
842	4266 7322 3657 4011
843	2162 7331 6507 1732
844	3881 6040 4467 2393
845	6795 818 4306 494
846	3964 1391 4253 1693
847	1333 7215 3522 7246
848	5528 5493 55 2461
849	5525 1947 2594 372
850	5942 4115 2774 6902
851	1476 6787 1987 4207
852	7692 2142 751 5170
853	7734 7877 6795 7280
854	514 5265 704 2272
855	6437 5608 6646 7235
856	6963 1305 1306 2485
857	5533 7967 4762 7067
858	6925 3308 3906 2492
859	7561 3325 2369 4223
860	4151 4525 2294 1972
861	285 6232 7175 2320
862	3826 600 7171 5165
863	2439 628 1513 2598
864	2280 802 6860 6990
865	2122 1009 765 6916
866	358 1812 50 556
867	3892 1406 25 6019
868	4584 2619 2771 5473
869	1344 4651 2544 7946
870	7135 1229 6506 6135
871	2985 4267 7293 5887
872	4791 5436 7300 2206
873	4483 400 5054 431
874	4389 2591 4907 5811
875	3837 5567 4804 2106
876	3957 7290 6469 3495
877	5819 7615 4674 2221
878	6576 5131 911 3773
879	2025 6110 2623 5483
880	2160 3177 6193 1158
881	7112 4490 3030 6497
882	4717 3457 7745 4842
883	4354 7678 4719 176
884	3304 6857 6848 4716
885	350 3427 1509 7268
886	1745 2941 2445 7242
887	5776 3542 192 6595
888	1342 2741 2792 4710
889	6288 222 2939 3283
890	6168 6276 550 7686
891	1234 1107 3408 3173
892	6183 4528 6385 43
893	7547 220 4450 7754
894	3289 848 1816 4697
895	229 4863 89 3397
896	1562 7225 2018 257
897	1083 6590 7546 5303
898	5305 2580 1456 4065
899	5866 1780 2383 2520
900	1172 5235 1701 3640
901	4770 1882 1428 7532
902	3531 5915 7450 341
903	2184 1310 1944 6343
904	3317 3143 7730 2087
905	6909 4017 5594 633
906	63 3580 6456 6282
907	3536 161 4058 4499
908	6386 3877 1966 1607
909	1433 7875 3745 4432
910	2125 1798 6842 4152
911	5809 7983 7844 617
912	1416 880 3268 1388
913	5581 1628 3040 285
914	422 6594 1393 6774
915	1258 132 7556 5791
916	4032 2971 4588 4323
917	6843 974 6708 7219
918	2741 6868 6191 2261
919	4742 1676 4033 7756
920	6047 2536 3286 5915
921	3929 6441 2079 3739
922	4109 5871 6237 6311
923	1136 4775 1301 2170
924	993 7707 4178 6440
925	4573 6898 4036 2696
926	780 2751 312 7985
927	5713 7621 5394 6421
928	7879 5194 4856 5315
929	4928 2452 3942 4627
930	5327 3830 3637 4867
931	7256 1068 4388 2353
932	3443 2412 6807 2534
933	1356 5859 4054 4974
934	6127 1258 4835 5519
935	5707 3130 6711 4326
936	3191 3578 1865 2109
937	7367 7637 7477 582
938	522 2703 3757 7132
939	6110 3484 736 3009
940	5495 413 5532 6412
941	2522 4010 3663 6892
942	928 5738 2676 6282
943	650 2150 4709 1322
944	3036 4127 2683 320
945	6045 4855 7516 3228
946	3179 4579 1397 6692
947	4551 495 2022 920
948	3875 3320 1210 6078
949	5959 4803 4099 5590
950	4397 6825 804 5920
951	5632 4719 6882 7640
952	6431 6477 7115 3776
953	4500 6653 5017 4345
954	7645 7863 5387 857
955	1282 7983 3395 6302
956	2640 1699 595 2355
957	2608 4250 464 2249
958	666 594 1269 5966
959	2659 7331 7097 1287
960	5589 4336 2643 4048
961	4269 1989 994 6174
962	1988 4130 270 148
963	7871 1560 3974 5281
964	3906 5164 3708 7156
965	3489 6096 5043 3977
966	5653 1128 2534 155
967	3937 6205 3982 4604
968	3168 1783 7932 2065
969	6681 4850 2219 7889
970	1888 3401 4263 4446
971	3300 3786 125 3526
972	4633 1870 499 5422
973	1256 4890 4406 7856
974	4965 3488 3069 1399
975	2683 5469 2093 3971
976	5561 960 7635 3364
977	7177 780 2712 218
978	5554 3809 3497 5786
979	2049 2309 3519 3032
980	3416 3409 4779 4709
981	6288 4969 6281 3145
982	6839 5087 3234 1409
983	7477 2232 7865 4676
984	4216 5177 6466 7018
985	2165 3319 1014 4228
986	1680 5678 6544 5816
987	7703 6893 7975 4072
988	5328 3120 1445 434
989	1306 7346 4220 3637
990	6106 1472 1451 2986
991	4134 586 339 937
992	4982 1417 6566 201
993	4405 339 1235 6255
994	2420 2016 7220 3910
995	97 1361 5076 4295
996	4781 3801 2975 4775
997	2525 504 37 2177
998	7189 518 4641 956
999	1115 2489 681 1082
1000	5497 6256 136 2424
