Class Times	200
Rooms	100
1	593
2	555
3	611
4	717
5	299
6	403
7	354
8	199
9	165
10	748
11	530
12	110
13	875
14	829
15	351
16	67
17	429
18	251
19	751
20	526
21	454
22	516
23	344
24	636
25	234
26	192
27	340
28	996
29	300
30	599
31	675
32	586
33	940
34	54
35	773
36	229
37	59
38	578
39	838
40	849
41	693
42	827
43	988
44	600
45	659
46	699
47	308
48	625
49	688
50	352
51	73
52	420
53	426
54	171
55	483
56	69
57	719
58	616
59	435
60	179
61	506
62	856
63	255
64	776
65	970
66	958
67	996
68	637
69	108
70	567
71	396
72	11
73	658
74	686
75	943
76	590
77	725
78	767
79	237
80	236
81	830
82	207
83	880
84	908
85	757
86	761
87	20
88	985
89	33
90	288
91	713
92	977
93	399
94	594
95	816
96	436
97	924
98	881
99	816
100	218
Classes	8000
Teachers	4000
1	3010
2	2348
3	1369
4	1449
5	1542
6	403
7	299
8	3702
9	2199
10	1776
11	1938
12	1155
13	2350
14	1375
15	3585
16	2424
17	1282
18	3087
19	1748
20	868
21	3612
22	1475
23	2400
24	367
25	2269
26	2886
27	145
28	3647
29	1666
30	3835
31	1852
32	648
33	2346
34	3248
35	465
36	1852
37	2561
38	716
39	1045
40	1953
41	3882
42	1417
43	3773
44	572
45	378
46	2995
47	1470
48	3781
49	3805
50	3790
51	803
52	2777
53	3573
54	3517
55	1362
56	3349
57	3234
58	1406
59	2331
60	1558
61	1495
62	180
63	1847
64	2664
65	2201
66	2700
67	3081
68	1716
69	457
70	2150
71	3472
72	2827
73	3787
74	891
75	1881
76	2008
77	1554
78	1347
79	3048
80	3151
81	3134
82	2142
83	889
84	2507
85	884
86	3105
87	2744
88	1447
89	3592
90	496
91	3588
92	2834
93	2908
94	2898
95	3977
96	676
97	632
98	595
99	594
100	2412
101	1396
102	2044
103	1870
104	2098
105	185
106	3336
107	2450
108	3432
109	3742
110	2547
111	1932
112	2213
113	3705
114	2853
115	1192
116	2902
117	1368
118	1491
119	1096
120	1941
121	1538
122	3596
123	1803
124	1893
125	1542
126	2885
127	2345
128	1893
129	1050
130	1795
131	602
132	2060
133	2141
134	3423
135	1935
136	1021
137	509
138	2205
139	154
140	1488
141	2690
142	275
143	541
144	1548
145	3853
146	2804
147	3452
148	143
149	2520
150	1895
151	680
152	2806
153	3234
154	976
155	3953
156	3428
157	3912
158	733
159	2347
160	440
161	3644
162	2729
163	2456
164	2799
165	2846
166	1825
167	1061
168	3427
169	2928
170	3614
171	849
172	2919
173	278
174	1417
175	3372
176	3448
177	3153
178	281
179	2463
180	3465
181	2841
182	3102
183	361
184	3376
185	3544
186	971
187	1034
188	2532
189	3441
190	1382
191	3796
192	1980
193	3132
194	3754
195	1231
196	3454
197	3429
198	2146
199	327
200	443
201	2737
202	2956
203	3233
204	1894
205	2847
206	2230
207	481
208	2861
209	1081
210	2962
211	2034
212	1260
213	3744
214	58
215	3197
216	3634
217	594
218	472
219	2940
220	3723
221	3583
222	296
223	3253
224	1488
225	2843
226	1280
227	2162
228	3581
229	1516
230	3508
231	2186
232	863
233	1582
234	1784
235	1451
236	1221
237	3605
238	1022
239	3160
240	486
241	1014
242	682
243	2394
244	3582
245	2047
246	1496
247	732
248	2156
249	2160
250	697
251	3300
252	842
253	2015
254	3144
255	1557
256	161
257	3123
258	1663
259	3530
260	919
261	1974
262	2131
263	3864
264	1157
265	1518
266	2952
267	2656
268	3447
269	3111
270	1345
271	1824
272	3998
273	1544
274	950
275	1053
276	3030
277	3033
278	2567
279	1992
280	2685
281	1886
282	2210
283	267
284	3861
285	1910
286	1007
287	2563
288	3468
289	2070
290	2862
291	1999
292	217
293	10
294	2231
295	459
296	1115
297	1881
298	2030
299	1528
300	1857
301	1836
302	3707
303	93
304	3426
305	1135
306	1247
307	1121
308	30
309	99
310	2497
311	1187
312	3349
313	3325
314	1223
315	3255
316	2569
317	291
318	3094
319	1075
320	2342
321	2601
322	1859
323	2410
324	3465
325	3859
326	928
327	3736
328	3139
329	1005
330	980
331	1734
332	1357
333	2803
334	3795
335	3087
336	2659
337	2098
338	76
339	1072
340	2506
341	2977
342	1250
343	2111
344	2527
345	1816
346	1153
347	3635
348	1149
349	3456
350	976
351	1991
352	3512
353	3841
354	2021
355	3504
356	3042
357	1170
358	2640
359	1174
360	751
361	2097
362	2355
363	3248
364	2307
365	3218
366	1912
367	1102
368	3897
369	787
370	3970
371	1937
372	532
373	1211
374	1253
375	3341
376	2180
377	1445
378	3383
379	1655
380	3490
381	2333
382	648
383	2974
384	2845
385	1209
386	3210
387	3035
388	209
389	2674
390	3496
391	1277
392	3878
393	219
394	3254
395	3893
396	2712
397	2765
398	363
399	3467
400	3785
401	2162
402	138
403	3814
404	145
405	3889
406	3598
407	2801
408	2254
409	1665
410	3678
411	2369
412	1846
413	223
414	2366
415	608
416	2184
417	624
418	1015
419	554
420	884
421	3926
422	3826
423	2234
424	3200
425	3411
426	1275
427	1322
428	175
429	1820
430	3708
431	2765
432	1769
433	1289
434	2475
435	1664
436	3623
437	1149
438	3589
439	245
440	2859
441	3459
442	1055
443	2014
444	3858
445	3202
446	1931
447	2638
448	1405
449	781
450	442
451	808
452	3939
453	2458
454	1375
455	1773
456	2648
457	2191
458	3444
459	1338
460	2427
461	2348
462	1096
463	2881
464	2078
465	108
466	2344
467	3946
468	319
469	136
470	2474
471	3916
472	170
473	1926
474	1102
475	1257
476	903
477	1901
478	988
479	3264
480	126
481	132
482	3538
483	3822
484	1665
485	1846
486	2147
487	2414
488	934
489	1590
490	854
491	2888
492	2544
493	5
494	2430
495	1838
496	1348
497	1280
498	3549
499	1962
500	1190
501	2934
502	1380
503	3597
504	730
505	3006
506	2554
507	3435
508	1287
509	1056
510	2392
511	1067
512	241
513	3566
514	313
515	708
516	574
517	90
518	1162
519	2706
520	458
521	3410
522	590
523	131
524	2910
525	2351
526	397
527	2947
528	3274
529	1984
530	1940
531	495
532	1522
533	2691
534	3032
535	811
536	3758
537	39
538	2903
539	529
540	3464
541	497
542	2041
543	70
544	1378
545	524
546	2577
547	2884
548	3157
549	1015
550	3345
551	1188
552	3407
553	494
554	2454
555	3108
556	2158
557	2069
558	2401
559	3405
560	3829
561	1491
562	2403
563	2446
564	646
565	1578
566	2043
567	245
568	748
569	1580
570	1484
571	582
572	1693
573	1718
574	1323
575	3903
576	2682
577	3029
578	3844
579	3557
580	1411
581	288
582	3498
583	460
584	377
585	1166
586	1726
587	2270
588	3324
589	1534
590	3880
591	2321
592	2247
593	1095
594	1473
595	3730
596	161
597	1018
598	1030
599	110
600	361
601	2300
602	526
603	2191
604	2846
605	3982
606	1209
607	3316
608	3286
609	523
610	3114
611	3342
612	3738
613	3608
614	3973
615	1049
616	2205
617	1871
618	3650
619	1942
620	2992
621	2679
622	2477
623	3582
624	3342
625	1751
626	1840
627	1591
628	3450
629	1384
630	1296
631	1678
632	3074
633	3022
634	2036
635	2768
636	2531
637	3332
638	3501
639	250
640	2006
641	1671
642	3648
643	3845
644	3382
645	3336
646	3204
647	1497
648	2862
649	2328
650	1182
651	3468
652	3872
653	2104
654	3964
655	2439
656	2185
657	138
658	1994
659	1516
660	728
661	3204
662	631
663	3684
664	3750
665	885
666	1782
667	2032
668	1662
669	2180
670	1855
671	3453
672	628
673	3404
674	2611
675	1481
676	2910
677	68
678	2717
679	360
680	390
681	26
682	1886
683	2762
684	2187
685	1373
686	3315
687	572
688	2585
689	1361
690	98
691	3783
692	86
693	153
694	2546
695	1485
696	2050
697	2103
698	3661
699	2689
700	1598
701	2406
702	1103
703	1252
704	3954
705	661
706	2218
707	2304
708	3818
709	1535
710	853
711	1652
712	3621
713	2221
714	2342
715	1279
716	273
717	2920
718	40
719	2226
720	1427
721	3463
722	1896
723	3943
724	1021
725	2396
726	1637
727	2400
728	2315
729	1241
730	219
731	3470
732	2514
733	3848
734	1159
735	3731
736	914
737	1213
738	3390
739	2193
740	2216
741	1140
742	413
743	492
744	753
745	1787
746	1016
747	785
748	27
749	1237
750	871
751	3457
752	3752
753	1657
754	1303
755	2496
756	1814
757	669
758	773
759	3064
760	1926
761	1818
762	2587
763	3760
764	3697
765	2345
766	1529
767	55
768	3173
769	126
770	2209
771	1186
772	2286
773	1663
774	2250
775	3045
776	2467
777	573
778	3524
779	2902
780	1957
781	257
782	1273
783	2542
784	1447
785	3428
786	1496
787	2292
788	3668
789	2752
790	2861
791	298
792	3846
793	668
794	1340
795	645
796	3888
797	3961
798	810
799	3882
800	3208
801	2845
802	2482
803	634
804	374
805	290
806	1670
807	1524
808	3534
809	2117
810	1957
811	1768
812	1605
813	3385
814	947
815	202
816	1383
817	2006
818	3002
819	3295
820	3333
821	2848
822	1919
823	823
824	1428
825	105
826	3579
827	509
828	937
829	124
830	3053
831	2147
832	712
833	3541
834	259
835	2832
836	1763
837	1325
838	3591
839	2121
840	3684
841	3668
842	2302
843	2673
844	826
845	1481
846	1033
847	2477
848	2530
849	306
850	732
851	2787
852	1980
853	619
854	3051
855	3697
856	3436
857	2764
858	1824
859	2677
860	1060
861	3043
862	1798
863	2899
864	3076
865	963
866	1659
867	3591
868	1553
869	1342
870	617
871	697
872	1002
873	3156
874	276
875	743
876	2950
877	3889
878	1838
879	766
880	521
881	1070
882	2417
883	2606
884	3244
885	985
886	3652
887	3642
888	3275
889	2993
890	2493
891	1907
892	303
893	1970
894	2152
895	901
896	3801
897	1134
898	3091
899	2204
900	909
901	1741
902	3957
903	3011
904	3923
905	3044
906	226
907	3865
908	898
909	3348
910	825
911	2182
912	3458
913	862
914	3853
915	864
916	2564
917	3549
918	2519
919	3711
920	1834
921	374
922	124
923	2506
924	3021
925	804
926	3641
927	635
928	1895
929	2627
930	2334
931	2980
932	1316
933	1921
934	2261
935	797
936	753
937	3362
938	676
939	3238
940	3353
941	2604
942	743
943	1014
944	3706
945	926
946	3287
947	3284
948	2808
949	2828
950	2792
951	663
952	1628
953	562
954	890
955	579
956	2698
957	870
958	2828
959	3457
960	435
961	3250
962	2212
963	3565
964	2609
965	316
966	1207
967	403
968	3935
969	3278
970	3053
971	1020
972	533
973	1979
974	3619
975	2646
976	3891
977	191
978	102
979	1252
980	3484
981	100
982	2832
983	1122
984	3987
985	2769
986	52
987	3128
988	521
989	2531
990	1947
991	307
992	1778
993	2437
994	2408
995	3622
996	1238
997	3768
998	3136
999	2659
1000	1971
1001	3313
1002	3477
1003	1719
1004	230
1005	2133
1006	2777
1007	2618
1008	829
1009	1294
1010	307
1011	892
1012	1337
1013	184
1014	488
1015	493
1016	2664
1017	3963
1018	230
1019	1376
1020	3329
1021	1784
1022	3125
1023	1070
1024	546
1025	173
1026	1938
1027	3653
1028	3680
1029	3883
1030	3908
1031	3936
1032	2762
1033	2061
1034	1226
1035	2700
1036	314
1037	1670
1038	1563
1039	2269
1040	3115
1041	398
1042	2350
1043	3417
1044	3902
1045	1008
1046	2465
1047	1044
1048	3513
1049	1003
1050	2808
1051	2185
1052	432
1053	724
1054	1302
1055	2967
1056	1238
1057	1503
1058	899
1059	1586
1060	1221
1061	520
1062	1052
1063	2263
1064	1935
1065	2042
1066	238
1067	766
1068	511
1069	882
1070	360
1071	288
1072	49
1073	1691
1074	2934
1075	2944
1076	2599
1077	3159
1078	784
1079	3695
1080	1476
1081	1841
1082	1328
1083	2655
1084	2172
1085	2688
1086	2573
1087	585
1088	319
1089	3742
1090	2953
1091	3799
1092	1946
1093	1302
1094	2292
1095	2097
1096	2387
1097	3636
1098	1929
1099	3528
1100	800
1101	1058
1102	1186
1103	1666
1104	2407
1105	2460
1106	1233
1107	695
1108	1410
1109	2987
1110	1472
1111	269
1112	3848
1113	2979
1114	1880
1115	2012
1116	2666
1117	84
1118	1631
1119	2134
1120	1029
1121	3797
1122	3861
1123	604
1124	2567
1125	3339
1126	2989
1127	540
1128	1445
1129	1636
1130	3778
1131	3246
1132	1140
1133	2527
1134	3809
1135	3069
1136	1322
1137	756
1138	3584
1139	2022
1140	1704
1141	2720
1142	1635
1143	3881
1144	947
1145	3350
1146	3906
1147	284
1148	1994
1149	3328
1150	3080
1151	356
1152	3819
1153	2734
1154	92
1155	2569
1156	3984
1157	3928
1158	2434
1159	2122
1160	3156
1161	590
1162	3931
1163	3539
1164	2663
1165	408
1166	530
1167	2284
1168	2964
1169	123
1170	3911
1171	2737
1172	160
1173	2337
1174	838
1175	841
1176	1066
1177	2069
1178	2374
1179	102
1180	1414
1181	654
1182	1241
1183	1794
1184	1246
1185	545
1186	1518
1187	3442
1188	1947
1189	1230
1190	3373
1191	1455
1192	1552
1193	3727
1194	2767
1195	809
1196	1081
1197	3298
1198	1861
1199	3620
1200	2549
1201	1381
1202	1125
1203	3315
1204	1444
1205	1974
1206	3357
1207	1232
1208	3076
1209	2032
1210	4000
1211	2394
1212	3785
1213	3485
1214	832
1215	1718
1216	1106
1217	215
1218	3967
1219	3155
1220	1003
1221	3069
1222	3615
1223	3115
1224	1999
1225	2747
1226	647
1227	2978
1228	855
1229	284
1230	2807
1231	3966
1232	1677
1233	605
1234	1159
1235	1363
1236	999
1237	2864
1238	1483
1239	2267
1240	1525
1241	3762
1242	1467
1243	3975
1244	256
1245	1773
1246	1799
1247	1339
1248	987
1249	3456
1250	2671
1251	2799
1252	1613
1253	3705
1254	3252
1255	1585
1256	2908
1257	867
1258	715
1259	221
1260	1271
1261	1751
1262	2798
1263	3765
1264	2417
1265	1709
1266	892
1267	180
1268	1848
1269	1133
1270	406
1271	3679
1272	658
1273	2520
1274	1776
1275	2850
1276	1551
1277	2421
1278	3203
1279	1761
1280	2636
1281	1269
1282	3278
1283	1396
1284	3737
1285	2468
1286	471
1287	176
1288	3241
1289	2833
1290	2187
1291	2447
1292	2602
1293	3049
1294	3085
1295	3041
1296	2182
1297	2113
1298	2357
1299	1572
1300	946
1301	2695
1302	3014
1303	2441
1304	1018
1305	1483
1306	325
1307	471
1308	1616
1309	2923
1310	1415
1311	3434
1312	2234
1313	711
1314	1114
1315	1986
1316	275
1317	3229
1318	3143
1319	2597
1320	735
1321	3271
1322	193
1323	2609
1324	2830
1325	975
1326	1664
1327	2706
1328	2422
1329	2710
1330	1590
1331	562
1332	1558
1333	203
1334	3991
1335	3268
1336	2673
1337	3153
1338	833
1339	194
1340	1692
1341	1615
1342	2158
1343	99
1344	1613
1345	741
1346	116
1347	3118
1348	2298
1349	3569
1350	2843
1351	3159
1352	829
1353	2451
1354	3721
1355	3218
1356	1419
1357	2709
1358	371
1359	1453
1360	1381
1361	3519
1362	1721
1363	1057
1364	2072
1365	1225
1366	84
1367	1678
1368	1626
1369	2555
1370	896
1371	187
1372	2793
1373	3079
1374	2282
1375	80
1376	3540
1377	1392
1378	2716
1379	3792
1380	2452
1381	2029
1382	3489
1383	1497
1384	596
1385	3935
1386	367
1387	3391
1388	320
1389	2814
1390	45
1391	3240
1392	2465
1393	2502
1394	1080
1395	3631
1396	2495
1397	3508
1398	1928
1399	3572
1400	3469
1401	3844
1402	1834
1403	3051
1404	3299
1405	809
1406	3695
1407	1977
1408	3881
1409	3249
1410	672
1411	3360
1412	1556
1413	3314
1414	1237
1415	3704
1416	2649
1417	2467
1418	3841
1419	2017
1420	3801
1421	1097
1422	2903
1423	1848
1424	2564
1425	1708
1426	888
1427	2397
1428	194
1429	2596
1430	3870
1431	1224
1432	3370
1433	790
1434	1843
1435	3274
1436	3974
1437	3581
1438	2018
1439	2865
1440	3030
1441	3000
1442	2781
1443	585
1444	825
1445	1295
1446	314
1447	1187
1448	734
1449	867
1450	3879
1451	1434
1452	3242
1453	3060
1454	1515
1455	125
1456	2879
1457	3014
1458	3256
1459	3167
1460	1121
1461	3352
1462	536
1463	1041
1464	1799
1465	1042
1466	2611
1467	1554
1468	1690
1469	2709
1470	1355
1471	638
1472	2805
1473	788
1474	411
1475	2385
1476	3503
1477	2757
1478	418
1479	2711
1480	1385
1481	1428
1482	438
1483	3543
1484	3639
1485	358
1486	205
1487	96
1488	3550
1489	1161
1490	139
1491	464
1492	127
1493	3377
1494	3033
1495	2457
1496	1263
1497	717
1498	3723
1499	2395
1500	1868
1501	1066
1502	3256
1503	4
1504	3991
1505	3535
1506	1761
1507	1308
1508	1036
1509	2259
1510	990
1511	2516
1512	470
1513	3779
1514	1202
1515	3022
1516	2548
1517	1206
1518	2050
1519	3420
1520	2583
1521	71
1522	1955
1523	2714
1524	589
1525	3486
1526	3362
1527	1782
1528	3056
1529	3382
1530	2645
1531	3201
1532	3001
1533	239
1534	3044
1535	3302
1536	2044
1537	1131
1538	2678
1539	3334
1540	2838
1541	2302
1542	2810
1543	3252
1544	1046
1545	2676
1546	3486
1547	3755
1548	2855
1549	1619
1550	3888
1551	2192
1552	3768
1553	3819
1554	3148
1555	534
1556	956
1557	3280
1558	3198
1559	1667
1560	2164
1561	763
1562	3449
1563	1411
1564	2387
1565	2961
1566	2299
1567	3483
1568	849
1569	2806
1570	664
1571	3100
1572	2052
1573	3222
1574	1871
1575	1885
1576	2960
1577	3364
1578	3661
1579	443
1580	1988
1581	2419
1582	613
1583	2078
1584	1924
1585	900
1586	1382
1587	782
1588	1896
1589	2340
1590	2732
1591	1588
1592	1647
1593	357
1594	3787
1595	78
1596	2431
1597	1253
1598	3711
1599	2194
1600	2015
1601	992
1602	857
1603	330
1604	2282
1605	2985
1606	496
1607	2588
1608	445
1609	1948
1610	558
1611	1841
1612	3638
1613	1806
1614	578
1615	3868
1616	2674
1617	663
1618	1832
1619	553
1620	2106
1621	3936
1622	3462
1623	680
1624	1878
1625	3045
1626	3595
1627	3667
1628	791
1629	237
1630	163
1631	3191
1632	1182
1633	3365
1634	26
1635	1810
1636	2373
1637	3174
1638	3866
1639	734
1640	3951
1641	2915
1642	2851
1643	2203
1644	2911
1645	2876
1646	3231
1647	2542
1648	3607
1649	873
1650	2536
1651	3086
1652	2953
1653	2081
1654	2505
1655	2942
1656	2947
1657	1103
1658	877
1659	713
1660	614
1661	287
1662	417
1663	2096
1664	681
1665	388
1666	2030
1667	1667
1668	1809
1669	1793
1670	3231
1671	3752
1672	3202
1673	1389
1674	2720
1675	3608
1676	3664
1677	111
1678	3071
1679	3401
1680	3647
1681	2139
1682	2381
1683	2140
1684	2810
1685	2707
1686	1877
1687	2740
1688	1177
1689	1437
1690	137
1691	856
1692	3830
1693	3422
1694	2999
1695	3588
1696	3763
1697	1802
1698	1586
1699	3524
1700	2757
1701	1432
1702	864
1703	3687
1704	773
1705	2167
1706	1128
1707	2357
1708	1242
1709	3066
1710	1933
1711	3578
1712	1766
1713	1168
1714	2891
1715	2815
1716	3264
1717	13
1718	3808
1719	3149
1720	3515
1721	89
1722	183
1723	1900
1724	1369
1725	2210
1726	214
1727	658
1728	3313
1729	3292
1730	2755
1731	3763
1732	311
1733	3446
1734	299
1735	622
1736	1009
1737	2
1738	315
1739	2085
1740	682
1741	1731
1742	945
1743	1283
1744	591
1745	3343
1746	1227
1747	2800
1748	1487
1749	1137
1750	115
1751	3946
1752	1288
1753	2771
1754	2954
1755	387
1756	3518
1757	1643
1758	2135
1759	2585
1760	246
1761	3378
1762	1456
1763	2756
1764	994
1765	1970
1766	2906
1767	869
1768	66
1769	856
1770	1612
1771	1699
1772	2804
1773	2401
1774	2415
1775	388
1776	1807
1777	3488
1778	667
1779	595
1780	2101
1781	1758
1782	168
1783	273
1784	2767
1785	1452
1786	796
1787	2952
1788	2933
1789	137
1790	2591
1791	3105
1792	1403
1793	2375
1794	1192
1795	1223
1796	974
1797	1661
1798	3360
1799	1796
1800	3384
1801	952
1802	1511
1803	2671
1804	2612
1805	3903
1806	2094
1807	1732
1808	244
1809	1640
1810	1708
1811	2498
1812	787
1813	2749
1814	3777
1815	1851
1816	3849
1817	3895
1818	2406
1819	3690
1820	121
1821	463
1822	246
1823	406
1824	1633
1825	1092
1826	2811
1827	1
1828	1316
1829	130
1830	3709
1831	2311
1832	2193
1833	1024
1834	2049
1835	3067
1836	1546
1837	2488
1838	2447
1839	62
1840	3568
1841	3626
1842	2768
1843	2308
1844	1446
1845	331
1846	1413
1847	3298
1848	2951
1849	1687
1850	3907
1851	1581
1852	2129
1853	1508
1854	1191
1855	2019
1856	1287
1857	1225
1858	1950
1859	720
1860	3148
1861	2105
1862	205
1863	2748
1864	79
1865	3607
1866	2146
1867	3420
1868	141
1869	66
1870	3344
1871	2212
1872	3896
1873	1298
1874	3049
1875	154
1876	244
1877	736
1878	1365
1879	1075
1880	2653
1881	3846
1882	1540
1883	3019
1884	3560
1885	3192
1886	261
1887	2488
1888	2448
1889	1160
1890	1211
1891	3477
1892	3856
1893	3043
1894	709
1895	705
1896	1201
1897	1097
1898	2900
1899	2652
1900	3404
1901	3622
1902	2134
1903	364
1904	1910
1905	2499
1906	1054
1907	2907
1908	1836
1909	2522
1910	200
1911	1111
1912	2612
1913	1195
1914	3641
1915	943
1916	37
1917	2661
1918	3338
1919	332
1920	508
1921	645
1922	2143
1923	1747
1924	540
1925	3215
1926	3479
1927	2196
1928	3028
1929	2358
1930	3280
1931	318
1932	1007
1933	2278
1934	1990
1935	3707
1936	3732
1937	2123
1938	2039
1939	1823
1940	2685
1941	1261
1942	1155
1943	1906
1944	575
1945	2319
1946	2364
1947	3838
1948	2858
1949	506
1950	3355
1951	1179
1952	440
1953	1642
1954	2836
1955	2927
1956	3133
1957	1046
1958	3623
1959	289
1960	3703
1961	2676
1962	3522
1963	537
1964	821
1965	2787
1966	2273
1967	850
1968	3024
1969	2219
1970	3455
1971	3748
1972	755
1973	2650
1974	2796
1975	1595
1976	1427
1977	268
1978	1335
1979	2349
1980	3930
1981	1301
1982	1320
1983	1775
1984	385
1985	700
1986	2221
1987	3839
1988	785
1989	1001
1990	1391
1991	513
1992	655
1993	2504
1994	304
1995	915
1996	2541
1997	2284
1998	1152
1999	2104
2000	1028
2001	3599
2002	1227
2003	2285
2004	1185
2005	1181
2006	1080
2007	3400
2008	3206
2009	3212
2010	3205
2011	656
2012	2755
2013	1118
2014	2877
2015	1167
2016	3010
2017	3834
2018	2851
2019	3877
2020	2186
2021	2643
2022	3973
2023	2805
2024	600
2025	2937
2026	2462
2027	803
2028	2551
2029	2707
2030	3253
2031	600
2032	2468
2033	2414
2034	2052
2035	535
2036	1913
2037	3808
2038	2483
2039	1222
2040	1790
2041	2954
2042	3614
2043	2237
2044	2989
2045	2021
2046	21
2047	2253
2048	3849
2049	2682
2050	1882
2051	1633
2052	3783
2053	1742
2054	2209
2055	1475
2056	2167
2057	1337
2058	3877
2059	2878
2060	1865
2061	945
2062	458
2063	1503
2064	379
2065	1378
2066	1470
2067	6
2068	455
2069	714
2070	2964
2071	301
2072	3219
2073	3798
2074	741
2075	1737
2076	972
2077	2123
2078	2535
2079	382
2080	1118
2081	1596
2082	2174
2083	287
2084	1129
2085	1832
2086	3616
2087	2665
2088	1730
2089	3571
2090	2734
2091	908
2092	114
2093	2679
2094	3731
2095	3492
2096	3931
2097	1673
2098	214
2099	1106
2100	2901
2101	1049
2102	3472
2103	3195
2104	2530
2105	2602
2106	2344
2107	2658
2108	3352
2109	2574
2110	1504
2111	2452
2112	3371
2113	199
2114	518
2115	3550
2116	2733
2117	538
2118	1726
2119	1581
2120	3557
2121	2118
2122	1505
2123	2557
2124	2332
2125	1555
2126	1133
2127	835
2128	165
2129	2815
2130	2080
2131	1618
2132	1696
2133	132
2134	491
2135	2589
2136	3120
2137	1317
2138	730
2139	1872
2140	2766
2141	2495
2142	1326
2143	558
2144	2650
2145	197
2146	390
2147	1704
2148	861
2149	486
2150	503
2151	885
2152	714
2153	3435
2154	3448
2155	3656
2156	1519
2157	2324
2158	668
2159	2283
2160	2550
2161	567
2162	3643
2163	1249
2164	1902
2165	3127
2166	1282
2167	1700
2168	1993
2169	2018
2170	1524
2171	567
2172	3526
2173	12
2174	190
2175	3970
2176	3197
2177	3031
2178	258
2179	3736
2180	175
2181	3443
2182	2868
2183	186
2184	1292
2185	1163
2186	3586
2187	1136
2188	843
2189	412
2190	1661
2191	3735
2192	1489
2193	916
2194	377
2195	3006
2196	2305
2197	3182
2198	1958
2199	3792
2200	2634
2201	3499
2202	3075
2203	808
2204	2907
2205	3634
2206	3584
2207	2714
2208	416
2209	2096
2210	2296
2211	311
2212	3309
2213	1914
2214	3425
2215	1808
2216	3266
2217	860
2218	3748
2219	67
2220	1962
2221	1345
2222	2463
2223	3266
2224	599
2225	2037
2226	3678
2227	2353
2228	192
2229	1146
2230	2658
2231	1157
2232	3220
2233	1880
2234	3573
2235	2996
2236	804
2237	859
2238	911
2239	1485
2240	2626
2241	482
2242	484
2243	786
2244	2354
2245	1712
2246	2296
2247	318
2248	2771
2249	1212
2250	291
2251	2766
2252	3615
2253	2850
2254	1946
2255	1306
2256	3985
2257	1723
2258	2326
2259	73
2260	2353
2261	17
2262	41
2263	1837
2264	2764
2265	1801
2266	546
2267	2130
2268	3262
2269	439
2270	2918
2271	343
2272	1563
2273	1890
2274	961
2275	1629
2276	699
2277	2373
2278	3966
2279	1925
2280	2696
2281	41
2282	3413
2283	2483
2284	678
2285	476
2286	1172
2287	2083
2288	672
2289	177
2290	2494
2291	1001
2292	1709
2293	3222
2294	1263
2295	2343
2296	1132
2297	770
2298	2971
2299	3978
2300	681
2301	985
2302	1356
2303	69
2304	68
2305	1829
2306	456
2307	2752
2308	1777
2309	2308
2310	3984
2311	3824
2312	3144
2313	378
2314	64
2315	1356
2316	3371
2317	115
2318	1713
2319	644
2320	1933
2321	3656
2322	1520
2323	526
2324	2376
2325	2469
2326	3809
2327	700
2328	86
2329	3837
2330	2975
2331	2800
2332	3102
2333	3384
2334	547
2335	965
2336	191
2337	3821
2338	1693
2339	3956
2340	3940
2341	153
2342	2624
2343	1478
2344	568
2345	1607
2346	1261
2347	1869
2348	3612
2349	2932
2350	1837
2351	3811
2352	770
2353	340
2354	1498
2355	2227
2356	3009
2357	3834
2358	3120
2359	2958
2360	1029
2361	2582
2362	1737
2363	1466
2364	3129
2365	3130
2366	3316
2367	1867
2368	2381
2369	2325
2370	744
2371	3166
2372	3012
2373	2314
2374	2270
2375	3103
2376	1702
2377	188
2378	3980
2379	731
2380	3879
2381	501
2382	1151
2383	3237
2384	1326
2385	3294
2386	966
2387	11
2388	2963
2389	2923
2390	203
2391	1535
2392	342
2393	320
2394	1490
2395	2475
2396	1325
2397	418
2398	1226
2399	3513
2400	3552
2401	2718
2402	3042
2403	779
2404	1
2405	1906
2406	3375
2407	887
2408	2152
2409	2326
2410	3928
2411	2046
2412	3223
2413	2412
2414	2535
2415	571
2416	2913
2417	1717
2418	1243
2419	966
2420	519
2421	1306
2422	2972
2423	1347
2424	2211
2425	963
2426	1352
2427	1785
2428	1044
2429	1250
2430	3269
2431	280
2432	1714
2433	1267
2434	2880
2435	1298
2436	3975
2437	1839
2438	484
2439	1863
2440	928
2441	1150
2442	1772
2443	315
2444	198
2445	2968
2446	3333
2447	3143
2448	2872
2449	1119
2450	2086
2451	3805
2452	1556
2453	1876
2454	3790
2455	532
2456	2408
2457	2900
2458	2393
2459	711
2460	1290
2461	3365
2462	2996
2463	3182
2464	1000
2465	435
2466	3238
2467	2967
2468	1128
2469	3799
2470	2076
2471	3571
2472	3860
2473	782
2474	1766
2475	1450
2476	3392
2477	1961
2478	1561
2479	1866
2480	379
2481	3653
2482	427
2483	3205
2484	2741
2485	3001
2486	557
2487	1643
2488	1175
2489	3141
2490	163
2491	1660
2492	2524
2493	1038
2494	1170
2495	2297
2496	87
2497	2756
2498	3242
2499	2958
2500	1803
2501	399
2502	3296
2503	1005
2504	1914
2505	581
2506	1200
2507	1549
2508	2129
2509	1315
2510	1389
2511	1463
2512	414
2513	1383
2514	917
2515	588
2516	1285
2517	2699
2518	3249
2519	3005
2520	2628
2521	1742
2522	337
2523	2250
2524	644
2525	626
2526	444
2527	638
2528	3020
2529	1160
2530	2241
2531	1989
2532	926
2533	2115
2534	2792
2535	597
2536	1150
2537	1924
2538	1845
2539	2392
2540	3037
2541	765
2542	2890
2543	1292
2544	3804
2545	3157
2546	1435
2547	2271
2548	3892
2549	368
2550	3430
2551	3258
2552	2145
2553	1492
2554	2453
2555	3028
2556	2746
2557	3304
2558	295
2559	971
2560	48
2561	2427
2562	3883
2563	1551
2564	347
2565	3112
2566	3400
2567	3595
2568	3138
2569	2581
2570	87
2571	3470
2572	2593
2573	1973
2574	2928
2575	2956
2576	1515
2577	3649
2578	25
2579	3331
2580	3815
2581	3669
2582	2125
2583	2213
2584	2735
2585	815
2586	2521
2587	2675
2588	767
2589	3892
2590	1309
2591	3642
2592	3213
2593	2230
2594	3378
2595	964
2596	2340
2597	1934
2598	1649
2599	626
2600	774
2601	1434
2602	2782
2603	1546
2604	3272
2605	1507
2606	1813
2607	420
2608	3232
2609	815
2610	171
2611	2927
2612	1486
2613	653
2614	560
2615	3343
2616	1696
2617	2095
2618	771
2619	136
2620	1151
2621	621
2622	2579
2623	263
2624	2288
2625	1925
2626	18
2627	3677
2628	1466
2629	1495
2630	512
2631	2117
2632	1772
2633	188
2634	37
2635	917
2636	952
2637	1114
2638	3943
2639	2058
2640	3749
2641	596
2642	3806
2643	91
2644	1839
2645	366
2646	738
2647	1952
2648	1550
2649	225
2650	110
2651	2141
2652	2487
2653	505
2654	3149
2655	2305
2656	1887
2657	3633
2658	3869
2659	2419
2660	871
2661	774
2662	2886
2663	2655
2664	790
2665	2166
2666	3566
2667	2043
2668	3979
2669	2459
2670	1285
2671	2327
2672	1315
2673	1509
2674	141
2675	751
2676	2482
2677	1402
2678	3682
2679	1719
2680	3597
2681	3177
2682	1627
2683	2499
2684	1790
2685	508
2686	1800
2687	2586
2688	430
2689	3398
2690	226
2691	3747
2692	2544
2693	3562
2694	3137
2695	3811
2696	1258
2697	605
2698	2242
2699	2817
2700	3011
2701	1582
2702	1905
2703	2216
2704	2877
2705	159
2706	861
2707	702
2708	3740
2709	364
2710	537
2711	524
2712	506
2713	2859
2714	3161
2715	1132
2716	2684
2717	2991
2718	1258
2719	3533
2720	2937
2721	1478
2722	3192
2723	2321
2724	2289
2725	280
2726	3774
2727	762
2728	2608
2729	3682
2730	2781
2731	3516
2732	3413
2733	1206
2734	2288
2735	3635
2736	1344
2737	164
2738	1907
2739	1679
2740	116
2741	2657
2742	1671
2743	3427
2744	715
2745	2809
2746	308
2747	3579
2748	3098
2749	977
2750	2644
2751	2666
2752	3093
2753	3097
2754	3999
2755	1415
2756	2573
2757	3086
2758	2243
2759	1288
2760	3246
2761	3441
2762	3631
2763	159
2764	2360
2765	3432
2766	2247
2767	2294
2768	1452
2769	2164
2770	2509
2771	2493
2772	881
2773	1469
2774	2702
2775	2232
2776	3337
2777	210
2778	1519
2779	686
2780	430
2781	343
2782	2510
2783	2855
2784	134
2785	3901
2786	3075
2787	755
2788	336
2789	555
2790	772
2791	415
2792	495
2793	2199
2794	1453
2795	1511
2796	2638
2797	3719
2798	2217
2799	3074
2800	3175
2801	97
2802	617
2803	3480
2804	3817
2805	3655
2806	2294
2807	2080
2808	946
2809	1701
2810	3164
2811	76
2812	589
2813	330
2814	3681
2815	2163
2816	2678
2817	3980
2818	841
2819	3915
2820	3379
2821	765
2822	3387
2823	2583
2824	2750
2825	3328
2826	2190
2827	57
2828	1281
2829	649
2830	2470
2831	1055
2832	135
2833	2596
2834	368
2835	2339
2836	3121
2837	289
2838	2724
2839	3734
2840	2317
2841	304
2842	1069
2843	893
2844	362
2845	2106
2846	2984
2847	2220
2848	3576
2849	955
2850	2528
2851	3487
2852	1864
2853	2945
2854	578
2855	1294
2856	257
2857	691
2858	3263
2859	478
2860	513
2861	807
2862	2972
2863	3164
2864	3183
2865	1892
2866	3628
2867	875
2868	3532
2869	2576
2870	487
2871	3442
2872	1977
2873	623
2874	2526
2875	1435
2876	3323
2877	444
2878	2677
2879	1486
2880	1889
2881	3644
2882	1073
2883	983
2884	3740
2885	2082
2886	2598
2887	507
2888	2951
2889	399
2890	650
2891	3897
2892	3880
2893	3624
2894	2299
2895	1952
2896	3008
2897	2759
2898	1650
2899	642
2900	1876
2901	3671
2902	2718
2903	1387
2904	1517
2905	3135
2906	2403
2907	834
2908	1038
2909	1786
2910	49
2911	3679
2912	2586
2913	655
2914	2274
2915	2410
2916	2774
2917	1611
2918	3753
2919	498
2920	3913
2921	1236
2922	3619
2923	2228
2924	2233
2925	3394
2926	3523
2927	1505
2928	3208
2929	3664
2930	1074
2931	1956
2932	1053
2933	189
2934	1245
2935	2558
2936	2643
2937	3306
2938	3194
2939	1720
2940	1650
2941	1040
2942	1544
2943	2169
2944	3840
2945	3824
2946	879
2947	1031
2948	2831
2949	2588
2950	232
2951	3422
2952	3351
2953	2747
2954	1073
2955	1175
2956	2985
2957	2635
2958	170
2959	2502
2960	1030
2961	1599
2962	3554
2963	960
2964	2484
2965	813
2966	242
2967	3823
2968	525
2969	2439
2970	1162
2971	1986
2972	1013
2973	3093
2974	2795
2975	498
2976	3833
2977	2385
2978	190
2979	265
2980	2715
2981	61
2982	877
2983	812
2984	1673
2985	2811
2986	2539
2987	3145
2988	1124
2989	1349
2990	2464
2991	3399
2992	3449
2993	3870
2994	2957
2995	2256
2996	1649
2997	3718
2998	2794
2999	2856
3000	3396
3001	38
3002	2064
3003	3671
3004	875
3005	2860
3006	2478
3007	3856
3008	454
3009	2613
3010	3018
3011	543
3012	127
3013	2360
3014	3300
3015	1765
3016	2279
3017	3354
3018	497
3019	2060
3020	1844
3021	2025
3022	538
3023	1054
3024	339
3025	3401
3026	2889
3027	3885
3028	2536
3029	1443
3030	1607
3031	3902
3032	1905
3033	3945
3034	1967
3035	160
3036	2259
3037	2835
3038	1357
3039	610
3040	1161
3041	3860
3042	1276
3043	2091
3044	1504
3045	1348
3046	1473
3047	3041
3048	3569
3049	559
3050	3083
3051	2086
3052	2713
3053	267
3054	1034
3055	3512
3056	467
3057	2300
3058	670
3059	3674
3060	104
3061	3758
3062	776
3063	42
3064	2214
3065	3551
3066	1501
3067	1864
3068	998
3069	1714
3070	1692
3071	1072
3072	382
3073	2153
3074	51
3075	3295
3076	1752
3077	3318
3078	623
3079	3913
3080	2705
3081	3097
3082	684
3083	2337
3084	3191
3085	2397
3086	3871
3087	353
3088	591
3089	1459
3090	3269
3091	2919
3092	1552
3093	2448
3094	459
3095	1299
3096	3210
3097	457
3098	2521
3099	448
3100	1596
3101	3080
3102	2884
3103	944
3104	1969
3105	1816
3106	485
3107	146
3108	2657
3109	295
3110	2854
3111	1713
3112	3131
3113	3373
3114	2297
3115	726
3116	1642
3117	1888
3118	345
3119	1047
3120	951
3121	1915
3122	3839
3123	1683
3124	964
3125	2601
3126	3780
3127	2411
3128	534
3129	3098
3130	791
3131	2732
3132	2386
3133	2265
3134	1331
3135	1095
3136	3670
3137	1109
3138	143
3139	3318
3140	3119
3141	1691
3142	512
3143	3762
3144	1541
3145	81
3146	1370
3147	3381
3148	2793
3149	98
3150	2717
3151	1012
3152	943
3153	1185
3154	3710
3155	1589
3156	460
3157	2857
3158	1413
3159	2040
3160	3655
3161	3843
3162	2291
3163	3867
3164	3380
3165	2894
3166	1598
3167	1539
3168	3662
3169	2023
3170	2550
3171	1950
3172	1184
3173	196
3174	23
3175	853
3176	412
3177	152
3178	2646
3179	2415
3180	1522
3181	1954
3182	601
3183	1092
3184	1406
3185	1283
3186	931
3187	2155
3188	696
3189	631
3190	3211
3191	786
3192	3638
3193	882
3194	1900
3195	3585
3196	1531
3197	3211
3198	46
3199	642
3200	3663
3201	1419
3202	870
3203	2139
3204	3064
3205	27
3206	3611
3207	179
3208	3725
3209	1171
3210	3721
3211	2696
3212	472
3213	1571
3214	171
3215	2546
3216	2290
3217	2022
3218	1710
3219	1219
3220	1988
3221	1246
3222	1366
3223	2652
3224	2478
3225	1972
3226	536
3227	613
3228	2760
3229	18
3230	3561
3231	1399
3232	3810
3233	240
3234	2575
3235	1448
3236	704
3237	3915
3238	3492
3239	2037
3240	3340
3241	22
3242	2333
3243	396
3244	2605
3245	2038
3246	1872
3247	547
3248	1183
3249	3505
3250	869
3251	3147
3252	193
3253	2999
3254	1584
3255	3178
3256	3469
3257	2759
3258	3774
3259	1060
3260	162
3261	937
3262	3237
3263	2313
3264	3459
3265	3225
3266	3367
3267	576
3268	944
3269	1575
3270	3307
3271	1022
3272	1892
3273	2291
3274	2885
3275	270
3276	1601
3277	433
3278	3996
3279	3268
3280	2004
3281	1340
3282	1885
3283	25
3284	34
3285	1416
3286	3178
3287	1748
3288	3710
3289	3092
3290	656
3291	511
3292	3807
3293	929
3294	121
3295	1284
3296	3562
3297	2327
3298	2971
3299	2841
3300	2438
3301	1429
3302	2356
3303	2763
3304	1313
3305	3751
3306	1740
3307	3652
3308	597
3309	3961
3310	548
3311	3452
3312	687
3313	1158
3314	15
3315	2324
3316	3466
3317	334
3318	2033
3319	1089
3320	505
3321	507
3322	2036
3323	2149
3324	3948
3325	733
3326	3108
3327	1461
3328	1815
3329	1148
3330	2200
3331	1032
3332	179
3333	1065
3334	1276
3335	1845
3336	1887
3337	348
3338	3165
3339	3878
3340	1260
3341	2970
3342	2913
3343	3687
3344	3837
3345	2491
3346	1204
3347	1936
3348	523
3349	2733
3350	1056
3351	220
3352	2271
3353	1200
3354	2710
3355	531
3356	3866
3357	1722
3358	1016
3359	3932
3360	2940
3361	1898
3362	2461
3363	2607
3364	3779
3365	3095
3366	542
3367	3220
3368	1870
3369	3816
3370	1833
3371	3618
3372	1561
3373	1093
3374	2028
3375	510
3376	112
3377	2105
3378	2226
3379	3967
3380	2130
3381	2076
3382	3140
3383	3250
3384	2087
3385	2142
3386	2889
3387	1526
3388	83
3389	1391
3390	1196
3391	2893
3392	2391
3393	1911
3394	3167
3395	1549
3396	1343
3397	868
3398	1639
3399	2366
3400	1067
3401	3945
3402	649
3403	301
3404	3676
3405	2107
3406	2645
3407	2960
3408	794
3409	1176
3410	2922
3411	948
3412	1641
3413	2986
3414	1579
3415	1458
3416	3038
3417	3490
3418	839
3419	843
3420	285
3421	372
3422	416
3423	446
3424	695
3425	1262
3426	1341
3427	2924
3428	1865
3429	588
3430	1827
3431	3224
3432	3791
3433	3176
3434	3714
3435	1682
3436	2969
3437	1301
3438	2593
3439	2382
3440	2634
3441	1444
3442	3699
3443	3402
3444	3815
3445	2125
3446	3015
3447	2741
3448	1402
3449	835
3450	3999
3451	2377
3452	1154
3453	2319
3454	3951
3455	2137
3456	215
3457	147
3458	2484
3459	2306
3460	984
3461	2398
3462	1484
3463	142
3464	3868
3465	3923
3466	1877
3467	824
3468	2534
3469	1353
3470	3660
3471	3817
3472	954
3473	628
3474	120
3475	3713
3476	2100
3477	1826
3478	1247
3479	172
3480	2549
3481	3534
3482	1875
3483	3681
3484	3625
3485	3920
3486	724
3487	1412
3488	3018
3489	3411
3490	2200
3491	238
3492	1526
3493	3320
3494	927
3495	2824
3496	197
3497	1867
3498	2558
3499	822
3500	728
3501	2298
3502	820
3503	2456
3504	994
3505	2575
3506	3357
3507	3747
3508	3718
3509	854
3510	1440
3511	1425
3512	71
3513	1235
3514	1199
3515	2826
3516	1011
3517	1131
3518	2728
3519	1449
3520	2512
3521	394
3522	3780
3523	610
3524	1591
3525	2082
3526	103
3527	2561
3528	1731
3529	1489
3530	1229
3531	630
3532	1721
3533	2580
3534	3140
3535	916
3536	2938
3537	2188
3538	545
3539	2584
3540	1569
3541	3107
3542	894
3543	2978
3544	3390
3545	859
3546	1248
3547	74
3548	3029
3549	2034
3550	1823
3551	1166
3552	2445
3553	3260
3554	2029
3555	2904
3556	2290
3557	1810
3558	3361
3559	3348
3560	685
3561	353
3562	3788
3563	500
3564	953
3565	832
3566	806
3567	434
3568	1480
3569	3745
3570	405
3571	1376
3572	442
3573	3262
3574	2686
3575	719
3576	1583
3577	2990
3578	1076
3579	3708
3580	2274
3581	3024
3582	2769
3583	376
3584	2494
3585	2031
3586	1529
3587	1371
3588	876
3589	3396
3590	3633
3591	362
3592	1100
3593	542
3594	1119
3595	370
3596	3765
3597	3901
3598	2153
3599	886
3600	2024
3601	242
3602	3890
3603	3094
3604	1676
3605	1063
3606	991
3607	60
3608	883
3609	3576
3610	830
3611	781
3612	1981
3613	2055
3614	2963
3615	1061
3616	2233
3617	2621
3618	601
3619	515
3620	3738
3621	2442
3622	1822
3623	983
3624	3800
3625	527
3626	3789
3627	3399
3628	2754
3629	1576
3630	3101
3631	3345
3632	2939
3633	3611
3634	3277
3635	3177
3636	2459
3637	3500
3638	3004
3639	1860
3640	3291
3641	3610
3642	3235
3643	2863
3644	3660
3645	3412
3646	839
3647	1330
3648	3301
3649	934
3650	2780
3651	3939
3652	2681
3653	3139
3654	1125
3655	2834
3656	1455
3657	3125
3658	577
3659	1756
3660	1352
3661	3036
3662	12
3663	502
3664	2610
3665	3072
3666	3418
3667	1074
3668	100
3669	1134
3670	60
3671	3172
3672	1915
3673	2522
3674	285
3675	1818
3676	1232
3677	317
3678	2926
3679	3578
3680	1033
3681	2277
3682	1931
3683	28
3684	2145
3685	2698
3686	3694
3687	1173
3688	3324
3689	3425
3690	1051
3691	3137
3692	3672
3693	641
3694	2836
3695	2680
3696	2675
3697	3101
3698	2921
3699	2740
3700	65
3701	824
3702	1826
3703	1083
3704	350
3705	2909
3706	456
3707	703
3708	1729
3709	3388
3710	1601
3711	2519
3712	3437
3713	2405
3714	93
3715	857
3716	349
3717	1789
3718	1180
3719	2197
3720	229
3721	1233
3722	240
3723	1154
3724	29
3725	396
3726	3482
3727	1387
3728	1762
3729	3519
3730	1578
3731	2610
3732	1274
3733	1655
3734	32
3735	3437
3736	603
3737	3196
3738	3686
3739	2970
3740	2533
3741	2245
3742	2496
3743	211
3744	202
3745	227
3746	2119
3747	3179
3748	2997
3749	425
3750	2100
3751	2039
3752	1416
3753	1555
3754	748
3755	2981
3756	3397
3757	2225
3758	1112
3759	2597
3760	1173
3761	3048
3762	31
3763	65
3764	91
3765	2961
3766	1583
3767	778
3768	1047
3769	1702
3770	1635
3771	195
3772	78
3773	627
3774	3270
3775	3130
3776	130
3777	1699
3778	2479
3779	3078
3780	227
3781	2346
3782	1194
3783	1901
3784	729
3785	1031
3786	598
3787	255
3788	1040
3789	2027
3790	1032
3791	2194
3792	1972
3793	3759
3794	1968
3795	1618
3796	252
3797	3714
3798	2457
3799	234
3800	359
3801	298
3802	1377
3803	1982
3804	541
3805	260
3806	3035
3807	2486
3808	2040
3809	478
3810	2330
3811	2816
3812	140
3813	3886
3814	3640
3815	931
3816	1676
3817	3553
3818	75
3819	1688
3820	1592
3821	3552
3822	1093
3823	3820
3824	2880
3825	3871
3826	2835
3827	3464
3828	710
3829	2724
3830	935
3831	1153
3832	2028
3833	2177
3834	1065
3835	1856
3836	2254
3837	43
3838	186
3839	96
3840	2225
3841	1917
3842	165
3843	1548
3844	3600
3845	1284
3846	2866
3847	878
3848	401
3849	2377
3850	1379
3851	1811
3852	1736
3853	490
3854	3948
3855	740
3856	1622
3857	2238
3858	1890
3859	1588
3860	2275
3861	3482
3862	3854
3863	232
3864	1462
3865	1609
3866	3867
3867	3072
3868	873
3869	2848
3870	2692
3871	2188
3872	3433
3873	1385
3874	445
3875	3013
3876	1808
3877	552
3878	1705
3879	109
3880	608
3881	1707
3882	1981
3883	1662
3884	1083
3885	677
3886	898
3887	3009
3888	3070
3889	504
3890	1210
3891	3385
3892	3163
3893	397
3894	134
3895	3900
3896	855
3897	1794
3898	3933
3899	3309
3900	919
3901	2466
3902	2516
3903	2301
3904	3544
3905	1573
3906	3162
3907	1951
3908	2713
3909	231
3910	957
3911	1623
3912	1479
3913	2932
3914	3027
3915	3874
3916	3680
3917	3474
3918	950
3919	2603
3920	2065
3921	1827
3922	323
3923	1353
3924	221
3925	441
3926	3703
3927	3451
3928	763
3929	1745
3930	2669
3931	3760
3932	2335
3933	651
3934	2957
3935	2722
3936	3179
3937	1758
3938	1142
3939	3514
3940	3497
3941	1392
3942	2418
3943	3078
3944	335
3945	1399
3946	1625
3947	3794
3948	235
3949	1849
3950	1265
3951	1165
3952	1165
3953	1550
3954	432
3955	3858
3956	881
3957	3271
3958	3223
3959	1656
3960	77
3961	1743
3962	3864
3963	1051
3964	1469
3965	198
3966	752
3967	1088
3968	2651
3969	752
3970	3106
3971	1248
3972	2335
3973	3921
3974	3667
3975	3367
3976	1685
3977	2118
3978	9
3979	1141
3980	2694
3981	2694
3982	3744
3983	1457
3984	3510
3985	2736
3986	89
3987	1013
3988	701
3989	913
3990	1424
3991	530
3992	704
3993	2016
3994	3922
3995	2161
3996	2986
3997	2984
3998	1255
3999	1371
4000	2892
4001	1178
4002	1213
4003	543
4004	2687
4005	2396
4006	2887
4007	1220
4008	2577
4009	915
4010	417
4011	1538
4012	3497
4013	1811
4014	2644
4015	3299
4016	150
4017	1129
4018	504
4019	1995
4020	1736
4021	2264
4022	3377
4023	986
4024	2009
4025	1152
4026	923
4027	2174
4028	2830
4029	2532
4030	274
4031	2
4032	3121
4033	236
4034	990
4035	212
4036	1423
4037	634
4038	3446
4039	2807
4040	3055
4041	461
4042	2498
4043	991
4044	3568
4045	262
4046	729
4047	3625
4048	1042
4049	1779
4050	333
4051	750
4052	1088
4053	660
4054	1860
4055	2802
4056	482
4057	719
4058	3386
4059	618
4060	427
4061	2010
4062	207
4063	3983
4064	2539
4065	3259
4066	2207
4067	365
4068	1136
4069	3004
4070	2354
4071	1501
4072	1111
4073	3526
4074	2976
4075	79
4076	335
4077	3330
4078	3570
4079	2716
4080	1990
4081	83
4082	3798
4083	3791
4084	375
4085	2388
4086	3548
4087	3319
4088	702
4089	3089
4090	3038
4091	1730
4092	3985
4093	344
4094	993
4095	665
4096	1918
4097	229
4098	3924
4099	2896
4100	2993
4101	3247
4102	1366
4103	949
4104	3832
4105	3201
4106	222
4107	806
4108	3555
4109	2568
4110	3843
4111	1163
4112	2608
4113	696
4114	470
4115	2987
4116	13
4117	531
4118	2067
4119	2665
4120	233
4121	972
4122	1694
4123	2378
4124	3244
4125	2111
4126	2035
4127	3852
4128	3567
4129	1431
4130	1820
4131	690
4132	1807
4133	619
4134	2328
4135	1086
4136	2065
4137	1502
4138	500
4139	519
4140	936
4141	1891
4142	216
4143	2301
4144	3225
4145	622
4146	3730
4147	3558
4148	671
4149	3026
4150	3039
4151	1750
4152	19
4153	2725
4154	708
4155	235
4156	1918
4157	2371
4158	2432
4159	292
4160	450
4161	2975
4162	3077
4163	1311
4164	2165
4165	2779
4166	346
4167	2976
4168	527
4169	16
4170	1964
4171	2697
4172	3822
4173	3701
4174	2874
4175	712
4176	29
4177	951
4178	1987
4179	995
4180	2931
4181	1230
4182	2723
4183	1533
4184	720
4185	2912
4186	2796
4187	1324
4188	2435
4189	3643
4190	3320
4191	1414
4192	1989
4193	1424
4194	2938
4195	493
4196	1373
4197	3165
4198	3203
4199	1158
4200	1534
4201	3289
4202	1584
4203	492
4204	366
4205	164
4206	1327
4207	1286
4208	1297
4209	3918
4210	1912
4211	1436
4212	3233
4213	436
4214	125
4215	2864
4216	650
4217	3058
4218	727
4219	3257
4220	1454
4221	830
4222	2854
4223	3994
4224	82
4225	3540
4226	3412
4227	2393
4228	174
4229	3189
4230	933
4231	251
4232	1500
4233	758
4234	980
4235	2252
4236	3587
4237	2420
4238	754
4239	114
4240	967
4241	3405
4242	1768
4243	1310
4244	953
4245	1360
4246	1463
4247	1145
4248	1842
4249	2318
4250	3729
4251	2389
4252	128
4253	2445
4254	2991
4255	3381
4256	3957
4257	395
4258	2157
4259	584
4260	958
4261	209
4262	3909
4263	1785
4264	3292
4265	420
4266	1112
4267	3015
4268	1500
4269	3340
4270	1592
4271	3715
4272	337
4273	3605
4274	3907
4275	957
4276	3176
4277	82
4278	831
4279	2374
4280	123
4281	662
4282	2311
4283	2589
4284	2293
4285	2912
4286	2526
4287	1898
4288	3476
4289	3816
4290	1245
4291	1251
4292	3475
4293	2691
4294	858
4295	3323
4296	1659
4297	1458
4298	463
4299	3666
4300	3136
4301	3583
4302	2168
4303	2312
4304	1000
4305	2242
4306	2451
4307	1932
4308	1944
4309	1833
4310	274
4311	384
4312	2924
4313	196
4314	890
4315	2112
4316	909
4317	936
4318	2389
4319	1300
4320	3467
4321	75
4322	2071
4323	1716
4324	1793
4325	1783
4326	3950
4327	192
4328	234
4329	2217
4330	3854
4331	3919
4332	106
4333	3065
4334	3874
4335	3914
4336	2450
4337	2640
4338	2004
4339	707
4340	796
4341	3982
4342	2581
4343	1547
4344	400
4345	2617
4346	3471
4347	357
4348	1167
4349	3113
4350	1791
4351	927
4352	762
4353	978
4354	933
4355	3206
4356	3670
4357	2442
4358	2525
4359	144
4360	2873
4361	3185
4362	2607
4363	3523
4364	1647
4365	922
4366	3077
4367	2068
4368	156
4369	2113
4370	3307
4371	520
4372	3630
4373	878
4374	2653
4375	908
4376	3855
4377	3308
4378	1919
4379	987
4380	220
4381	929
4382	2011
4383	1993
4384	1204
4385	3060
4386	3055
4387	3332
4388	3281
4389	3185
4390	3651
4391	706
4392	1802
4393	965
4394	1135
4395	3090
4396	3353
4397	3503
4398	2136
4399	2432
4400	2746
4401	2480
4402	446
4403	3221
4404	1600
4405	721
4406	3609
4407	2819
4408	3964
4409	2079
4410	2501
4411	2722
4412	2355
4413	2316
4414	1006
4415	3911
4416	535
4417	1214
4418	1188
4419	2446
4420	997
4421	3257
4422	1008
4423	3672
4424	97
4425	2220
4426	3190
4427	690
4428	3394
4429	2926
4430	865
4431	930
4432	816
4433	2090
4434	3520
4435	548
4436	3183
4437	3826
4438	2829
4439	736
4440	1580
4441	1680
4442	2286
4443	579
4444	3998
4445	584
4446	1039
4447	3224
4448	807
4449	3962
4450	2003
4451	46
4452	1109
4453	174
4454	1953
4455	3190
4456	3715
4457	3462
4458	1126
4459	2962
4460	1082
4461	1291
4462	473
4463	2116
4464	3455
4465	2554
4466	3174
4467	2307
4468	3729
4469	896
4470	3636
4471	2059
4472	3741
4473	148
4474	3063
4475	3782
4476	2121
4477	2515
4478	561
4479	3199
4480	1843
4481	2896
4482	3842
4483	2026
4484	3358
4485	2444
4486	3376
4487	167
4488	3794
4489	2434
4490	2557
4491	2148
4492	3994
4493	3426
4494	3601
4495	2137
4496	544
4497	252
4498	3616
4499	2081
4500	2822
4501	3478
4502	863
4503	2578
4504	413
4505	3170
4506	3743
4507	429
4508	3294
4509	8
4510	1570
4511	2487
4512	1050
4513	2343
4514	3960
4515	2424
4516	2492
4517	2943
4518	237
4519	1733
4520	3916
4521	253
4522	3812
4523	602
4524	2176
4525	1036
4526	3739
4527	2865
4528	211
4529	1610
4530	476
4531	1199
4532	2099
4533	3952
4534	85
4535	557
4536	2267
4537	1681
4538	162
4539	2591
4540	373
4541	1791
4542	1255
4543	2977
4544	3493
4545	566
4546	1884
4547	2798
4548	1091
4549	2556
4550	3606
4551	1567
4552	2727
4553	1244
4554	2116
4555	555
4556	474
4557	3663
4558	119
4559	2206
4560	2708
4561	1604
4562	352
4563	1197
4564	1533
4565	1967
4566	2206
4567	2560
4568	2046
4569	3356
4570	1474
4571	2833
4572	3247
4573	2909
4574	3518
4575	1853
4576	464
4577	3875
4578	3046
4579	2455
4580	3771
4581	1927
4582	1408
4583	3228
4584	356
4585	3654
4586	1019
4587	999
4588	2048
4589	2979
4590	3040
4591	271
4592	3114
4593	2604
4594	1851
4595	3814
4596	1262
4597	2754
4598	3062
4599	3859
4600	967
4601	2563
4602	2719
4603	1461
4604	924
4605	2376
4606	2592
4607	1394
4608	1862
4609	2264
4610	1940
4611	1744
4612	2656
4613	3438
4614	3239
4615	3827
4616	2474
4617	45
4618	1271
4619	3379
4620	1747
4621	612
4622	1789
4623	3134
4624	2753
4625	228
4626	3533
4627	2176
4628	705
4629	641
4630	222
4631	3704
4632	24
4633	1813
4634	1579
4635	2995
4636	352
4637	1236
4638	745
4639	2731
4640	1468
4641	1471
4642	3297
4643	1264
4644	1765
4645	1407
4646	1608
4647	657
4648	2875
4649	1404
4650	2649
4651	166
4652	3649
4653	2222
4654	1992
4655	351
4656	2272
4657	2702
4658	1498
4659	2641
4660	845
4661	1951
4662	2260
4663	2175
4664	3525
4665	85
4666	2239
4667	2453
4668	3938
4669	3662
4670	1477
4671	3914
4672	3311
4673	793
4674	277
4675	3485
4676	1724
4677	1648
4678	2973
4679	3289
4680	2088
4681	3499
4682	2660
4683	249
4684	1064
4685	178
4686	1341
4687	2489
4688	2363
4689	3113
4690	3272
4691	3474
4692	1448
4693	1629
4694	54
4695	133
4696	3461
4697	1960
4698	1530
4699	525
4700	872
4701	3023
4702	2898
4703	637
4704	494
4705	2266
4706	2866
4707	2391
4708	1108
4709	3169
4710	894
4711	1795
4712	2101
4713	776
4714	3000
4715	148
4716	1617
4717	1277
4718	3364
4719	90
4720	2120
4721	80
4722	3025
4723	3685
4724	30
4725	2159
4726	1338
4727	2670
4728	2662
4729	3701
4730	1365
4731	2087
4732	1087
4733	3722
4734	332
4735	1847
4736	750
4737	718
4738	151
4739	2362
4740	3580
4741	2458
4742	989
4743	3301
4744	2313
4745	3181
4746	3050
4747	3230
4748	2248
4749	2252
4750	2813
4751	1502
4752	3716
4753	2455
4754	1267
4755	905
4756	2444
4757	1638
4758	1778
4759	1409
4760	1256
4761	2240
4762	689
4763	2533
4764	3386
4765	3832
4766	3088
4767	3842
4768	3050
4769	2379
4770	2157
4771	2669
4772	3199
4773	866
4774	3514
4775	1394
4776	1628
4777	2135
4778	3277
4779	1861
4780	805
4781	2375
4782	1830
4783	851
4784	199
4785	722
4786	3955
4787	2686
4788	3767
4789	393
4790	3938
4791	1437
4792	666
4793	1297
4794	3270
4795	151
4796	1623
4797	241
4798	1198
4799	1927
4800	3020
4801	2831
4802	1625
4803	920
4804	2825
4805	2721
4806	2507
4807	3876
4808	609
4809	266
4810	3845
4811	3293
4812	3329
4813	2010
4814	422
4815	2114
4816	424
4817	3445
4818	2407
4819	2829
4820	865
4821	2476
4822	517
4823	3788
4824	2285
4825	135
4826	2128
4827	3195
4828	1002
4829	3658
4830	1101
4831	2041
4832	1220
4833	2150
4834	3775
4835	3012
4836	3934
4837	3500
4838	721
4839	2075
4840	3992
4841	118
4842	2011
4843	2572
4844	1705
4845	1995
4846	2358
4847	1320
4848	1082
4849	662
4850	3719
4851	3338
4852	2627
4853	340
4854	665
4855	278
4856	1370
4857	2560
4858	1099
4859	2380
4860	2703
4861	1681
4862	2735
4863	157
4864	698
4865	1639
4866	812
4867	433
4868	742
4869	2892
4870	2323
4871	324
4872	43
4873	2109
4874	1272
4875	3283
4876	2492
4877	2959
4878	1304
4879	1289
4880	236
4881	1835
4882	3104
4883	1973
4884	639
4885	3775
4886	3691
4887	375
4888	2178
4889	876
4890	3589
4891	636
4892	2025
4893	3908
4894	1798
4895	3862
4896	2275
4897	7
4898	2331
4899	1527
4900	2160
4901	2070
4902	1094
4903	1569
4904	488
4905	2336
4906	2525
4907	3504
4908	1746
4909	1602
4910	1711
4911	820
4912	376
4913	1817
4914	176
4915	1459
4916	1966
4917	3200
4918	2249
4919	2352
4920	566
4921	2917
4922	941
4923	419
4924	1202
4925	3932
4926	3875
4927	1239
4928	2723
4929	1997
4930	1273
4931	1333
4932	833
4933	3847
4934	1689
4935	3461
4936	101
4937	3992
4938	3686
4939	3509
4940	3438
4941	1156
4942	1117
4943	900
4944	1697
4945	2289
4946	1654
4947	3577
4948	3529
4949	2155
4950	2262
4951	2824
4952	2241
4953	1363
4954	1603
4955	3969
4956	3505
4957	3007
4958	993
4959	2402
4960	2074
4961	2616
4962	3221
4963	322
4964	2370
4965	3810
4966	3170
4967	3910
4968	1831
4969	3258
4970	2929
4971	2528
4972	2382
4973	683
4974	424
4975	1711
4976	1760
4977	7
4978	3529
4979	653
4980	2692
4981	2245
4982	1614
4983	2968
4984	3493
4985	64
4986	2094
4987	1564
4988	2592
4989	799
4990	448
4991	3542
4992	813
4993	2054
4994	3443
4995	2017
4996	17
4997	2027
4998	998
4999	2780
5000	3807
5001	3953
5002	2063
5003	3068
5004	358
5005	1944
5006	3100
5007	2948
5008	2462
5009	3282
5010	2266
5011	2238
5012	2628
5013	3243
5014	1442
5015	3804
5016	262
5017	3862
5018	1564
5019	1313
5020	1137
5021	2790
5022	2437
5023	3314
5024	1198
5025	1374
5026	1105
5027	258
5028	3988
5029	788
5030	254
5031	1400
5032	3255
5033	1210
5034	2016
5035	1710
5036	2235
5037	3692
5038	1559
5039	3506
5040	1400
5041	2112
5042	1169
5043	3145
5044	1076
5045	451
5046	2933
5047	3073
5048	3840
5049	818
5050	95
5051	3358
5052	3273
5053	3989
5054	1562
5055	1004
5056	2619
5057	1171
5058	1212
5059	3107
5060	2067
5061	3460
5062	3890
5063	2092
5064	1978
5065	1079
5066	1372
5067	1477
5068	3745
5069	233
5070	270
5071	292
5072	2222
5073	2822
5074	3473
5075	2895
5076	1432
5077	1939
5078	2304
5079	177
5080	1084
5081	3778
5082	15
5083	3972
5084	1690
5085	263
5086	3886
5087	2565
5088	2515
5089	3542
5090	689
5091	1991
5092	415
5093	3796
5094	954
5095	2049
5096	3572
5097	414
5098	195
5099	1856
5100	2258
5101	3419
5102	1164
5103	3095
5104	346
5105	3160
5106	2547
5107	1377
5108	2899
5109	3781
5110	1113
5111	1917
5112	1531
5113	2788
5114	3620
5115	58
5116	3063
5117	204
5118	1492
5119	611
5120	3940
5121	2690
5122	1108
5123	3624
5124	1987
5125	1116
5126	3450
5127	2721
5128	1510
5129	1269
5130	3230
5131	1037
5132	254
5133	1553
5134	1146
5135	2053
5136	718
5137	2642
5138	2124
5139	2631
5140	3893
5141	1020
5142	2619
5143	281
5144	452
5145	2651
5146	651
5147	2384
5148	2071
5149	1207
5150	3677
5151	1638
5152	149
5153	1193
5154	515
5155	2471
5156	2364
5157	3981
5158	2323
5159	2599
5160	67
5161	104
5162	2500
5163	1830
5164	570
5165	122
5166	3475
5167	2020
5168	1240
5169	111
5170	925
5171	2778
5172	3369
5173	1964
5174	522
5175	2368
5176	1687
5177	3899
5178	3370
5179	3417
5180	603
5181	1983
5182	312
5183	2795
5184	2119
5185	120
5186	1783
5187	3546
5188	19
5189	3600
5190	747
5191	436
5192	447
5193	1439
5194	1330
5195	3857
5196	3119
5197	349
5198	2218
5199	1819
5200	3002
5201	3896
5202	3873
5203	383
5204	1333
5205	2363
5206	569
5207	586
5208	1862
5209	1756
5210	2074
5211	3084
5212	2005
5213	725
5214	2743
5215	2748
5216	1270
5217	2471
5218	1840
5219	2794
5220	3732
5221	1068
5222	2616
5223	3564
5224	2277
5225	2042
5226	2056
5227	2871
5228	1800
5229	780
5230	912
5231	3767
5232	3983
5233	3496
5234	1101
5235	2365
5236	1487
5237	3918
5238	1572
5239	2404
5240	1191
5241	1536
5242	61
5243	1268
5244	139
5245	1677
5246	1142
5247	2251
5248	3891
5249	1875
5250	2469
5251	2839
5252	1979
5253	3212
5254	1788
5255	2639
5256	2849
5257	984
5258	2485
5259	323
5260	2470
5261	577
5262	405
5263	3031
5264	277
5265	1361
5266	2728
5267	268
5268	2904
5269	3927
5270	3393
5271	2085
5272	2485
5273	410
5274	1433
5275	1868
5276	1494
5277	1732
5278	38
5279	2868
5280	2026
5281	2803
5282	3054
5283	888
5284	2946
5285	3733
5286	1090
5287	848
5288	411
5289	1169
5290	3927
5291	1079
5292	3963
5293	3293
5294	2551
5295	3480
5296	3350
5297	1307
5298	2648
5299	1205
5300	3821
5301	851
5302	325
5303	3759
5304	1062
5305	276
5306	1634
5307	977
5308	3769
5309	1310
5310	1697
5311	3789
5312	3560
5313	2879
5314	3419
5315	2839
5316	1407
5317	3431
5318	51
5319	69
5320	922
5321	685
5322	635
5323	2479
5324	3803
5325	3458
5326	2255
5327	1490
5328	2198
5329	3561
5330	2922
5331	1388
5332	1594
5333	3243
5334	2566
5335	1404
5336	131
5337	2261
5338	3692
5339	2562
5340	1379
5341	3532
5342	290
5343	3283
5344	905
5345	1368
5346	372
5347	3306
5348	2073
5349	3187
5350	3547
5351	3056
5352	2680
5353	3019
5354	924
5355	437
5356	2584
5357	2148
5358	2491
5359	391
5360	21
5361	2131
5362	2320
5363	1963
5364	2237
5365	1617
5366	216
5367	3037
5368	3906
5369	2587
5370	3132
5371	2518
5372	2891
5373	3987
5374	385
5375	2235
5376	1266
5377	2594
5378	59
5379	3749
5380	2293
5381	347
5382	3650
5383	393
5384	2574
5385	2847
5386	166
5387	986
5388	331
5389	3919
5390	556
5391	1656
5392	1621
5393	106
5394	1897
5395	3925
5396	837
5397	2088
5398	2838
5399	3857
5400	474
5401	341
5402	1196
5403	2251
5404	380
5405	883
5406	468
5407	3317
5408	1801
5409	1181
5410	1300
5411	373
5412	778
5413	1143
5414	2349
5415	2075
5416	2548
5417	3103
5418	3818
5419	2103
5420	2632
5421	1945
5422	1866
5423	2701
5424	1965
5425	264
5426	3803
5427	218
5428	910
5429	339
5430	3517
5431	2169
5432	1869
5433	1148
5434	2572
5435	811
5436	1115
5437	823
5438	1451
5439	3713
5440	2202
5441	2236
5442	1048
5443	2124
5444	2982
5445	149
5446	3138
5447	3226
5448	286
5449	974
5450	2620
5451	283
5452	3724
5453	2751
5454	2223
5455	1147
5456	1863
5457	688
5458	1395
5459	321
5460	146
5461	1328
5462	2203
5463	2440
5464	363
5465	1565
5466	925
5467	3476
5468	2325
5469	2430
5470	1228
5471	1631
5472	722
5473	2568
5474	3380
5475	2399
5476	1619
5477	2802
5478	1024
5479	169
5480	3528
5481	1913
5482	1324
5483	1757
5484	3171
5485	1143
5486	2336
5487	59
5488	1062
5489	387
5490	380
5491	2144
5492	3876
5493	447
5494	1113
5495	1293
5496	261
5497	3665
5498	2622
5499	1425
5500	802
5501	1680
5502	550
5503	2881
5504	2857
5505	1882
5506	3976
5507	47
5508	789
5509	2825
5510	1265
5511	461
5512	1351
5513	95
5514	1311
5515	1565
5516	157
5517	2371
5518	2867
5519	2122
5520	1183
5521	3904
5522	1457
5523	739
5524	3525
5525	717
5526	1675
5527	3575
5528	2624
5529	182
5530	2514
5531	3639
5532	2007
5533	1523
5534	2048
5535	2480
5536	1087
5537	2566
5538	1975
5539	122
5540	1530
5541	1203
5542	1314
5543	1595
5544	1585
5545	2856
5546	3733
5547	561
5548	1433
5549	1608
5550	1567
5551	74
5552	3510
5553	2128
5554	3347
5555	469
5556	272
5557	1446
5558	1879
5559	1107
5560	997
5561	2959
5562	3034
5563	3947
5564	3885
5565	2177
5566	2895
5567	2529
5568	1510
5569	3501
5570	3751
5571	1023
5572	3276
5573	827
5574	723
5575	1027
5576	3471
5577	94
5578	2338
5579	2929
5580	2433
5581	1069
5582	272
5583	569
5584	1815
5585	1822
5586	3374
5587	2126
5588	2490
5589	3414
5590	2617
5591	3124
5592	3363
5593	3594
5594	1422
5595	3
5596	2622
5597	2545
5598	354
5599	941
5600	3158
5601	657
5602	265
5603	1514
5604	2817
5605	2214
5606	2943
5607	880
5608	1672
5609	3898
5610	2273
5611	758
5612	2454
5613	3196
5614	1982
5615	2023
5616	1358
5617	3955
5618	866
5619	271
5620	746
5621	3700
5622	410
5623	294
5624	2580
5625	2175
5626	1769
5627	891
5628	3694
5629	3389
5630	1739
5631	2921
5632	3286
5633	1189
5634	3988
5635	694
5636	2681
5637	1523
5638	283
5639	799
5640	1640
5641	1222
5642	4
5643	1983
5644	3545
5645	3359
5646	2936
5647	3784
5648	479
5649	2064
5650	2224
5651	2513
5652	1821
5653	1064
5654	381
5655	2662
5656	3058
5657	3502
5658	3265
5659	438
5660	2008
5661	248
5662	2197
5663	22
5664	1296
5665	2693
5666	1894
5667	3389
5668	2660
5669	487
5670	1270
5671	3331
5672	1291
5673	2246
5674	56
5675	3062
5676	912
5677	3251
5678	3296
5679	1653
5680	2276
5681	1278
5682	2897
5683	1682
5684	2779
5685	2992
5686	1672
5687	2606
5688	3439
5689	1725
5690	437
5691	3155
5692	3421
5693	117
5694	208
5695	570
5696	150
5697	2518
5698	2466
5699	223
5700	1228
5701	1576
5702	992
5703	1189
5704	431
5705	3627
5706	2510
5707	1011
5708	2715
5709	1012
5710	2047
5711	3543
5712	1788
5713	3161
5714	3488
5715	3757
5716	3005
5717	1004
5718	606
5719	1985
5720	1767
5721	3460
5722	611
5723	2973
5724	133
5725	3117
5726	2368
5727	185
5728	2603
5729	3520
5730	959
5731	3215
5732	2120
5733	1104
5734	2312
5735	1698
5736	2553
5737	779
5738	1423
5739	3536
5740	1259
5741	2276
5742	1107
5743	370
5744	2257
5745	3317
5746	2309
5747	428
5748	2108
5749	3627
5750	3850
5751	3142
5752	3163
5753	2545
5754	3728
5755	3003
5756	2553
5757	2869
5758	2061
5759	3141
5760	1043
5761	3564
5762	887
5763	1612
5764	218
5765	2248
5766	2552
5767	2361
5768	3052
5769	2579
5770	679
5771	2950
5772	3116
5773	3541
5774	431
5775	1975
5776	480
5777	491
5778	3305
5779	3057
5780	3110
5781	3303
5782	3995
5783	1312
5784	620
5785	342
5786	1774
5787	1985
5788	848
5789	3008
5790	3546
5791	1272
5792	2966
5793	70
5794	47
5795	2359
5796	3368
5797	3657
5798	2013
5799	3974
5800	3374
5801	1703
5802	3099
5803	2436
5804	3393
5805	633
5806	2751
5807	2056
5808	36
5809	1319
5810	549
5811	3291
5812	3275
5813	1792
5814	760
5815	1275
5816	2590
5817	296
5818	1144
5819	2699
5820	3354
5821	2443
5822	1575
5823	1512
5824	1963
5825	636
5826	618
5827	398
5828	20
5829	1645
5830	2632
5831	828
5832	889
5833	1180
5834	1797
5835	620
5836	428
5837	156
5838	1147
5839	3873
5840	1722
5841	2411
5842	1855
5843	2813
5844	1602
5845	3986
5846	761
5847	800
5848	2570
5849	2283
5850	959
5851	3067
5852	761
5853	3071
5854	2166
5855	580
5856	3829
5857	1429
5858	2738
5859	247
5860	1116
5861	2778
5862	1197
5863	2758
5864	1254
5865	3104
5866	2195
5867	1854
5868	3347
5869	840
5870	3786
5871	3288
5872	3522
5873	1293
5874	794
5875	3968
5876	473
5877	168
5878	3771
5879	3912
5880	3484
5881	1286
5882	1942
5883	3722
5884	3812
5885	3850
5886	2316
5887	1071
5888	3079
5889	3795
5890	1454
5891	2920
5892	3118
5893	968
5894	2066
5895	1450
5896	483
5897	3802
5898	738
5899	1923
5900	208
5901	1821
5902	1899
5903	1476
5904	2481
5905	2402
5906	3610
5907	2633
5908	2072
5909	3366
5910	1779
5911	3727
5912	1669
5913	3227
5914	3154
5915	1759
5916	3232
5917	3962
5918	3388
5919	3920
5920	2339
5921	826
5922	1674
5923	3604
5924	1966
5925	2916
5926	1954
5927	2126
5928	2697
5929	3054
5930	73
5931	3216
5932	3734
5933	2320
5934	1653
5935	213
5936	559
5937	8
5938	1873
5939	1891
5940	3341
5941	2265
5942	533
5943	3830
5944	2775
5945	1482
5946	2719
5947	1509
5948	574
5949	354
5950	3481
5951	1436
5952	1806
5953	2436
5954	2489
5955	1857
5956	3629
5957	2789
5958	2295
5959	3013
5960	328
5961	3447
5962	282
5963	1945
5964	3073
5965	1796
5966	940
5967	2729
5968	16
5969	11
5970	1278
5971	1190
5972	1009
5973	673
5974	1525
5975	3276
5976	183
5977	2731
5978	1028
5979	3884
5980	958
5981	2823
5982	341
5983	2590
5984	1615
5985	1939
5986	852
5987	652
5988	3003
5989	2538
5990	2661
5991	1281
5992	3391
5993	516
5994	3601
5995	2420
5996	3990
5997	1057
5998	3806
5999	886
6000	1420
6001	1829
6002	1725
6003	2782
6004	1689
6005	400
6006	2708
6007	923
6008	392
6009	3700
6010	266
6011	3869
6012	1331
6013	3285
6014	481
6015	612
6016	1224
6017	3676
6018	1930
6019	1728
6020	321
6021	3917
6022	1124
6023	1409
6024	1520
6025	639
6026	2378
6027	819
6028	294
6029	2758
6030	2789
6031	3166
6032	684
6033	3941
6034	1307
6035	1658
6036	3017
6037	1712
6038	1332
6039	204
6040	3112
6041	2837
6042	308
6043	3645
6044	1367
6045	2594
6046	2853
6047	1819
6048	989
6049	2840
6050	1844
6051	24
6052	348
6053	767
6054	1733
6055	913
6056	2701
6057	3548
6058	1589
6059	2229
6060	3415
6061	2223
6062	50
6063	2982
6064	3899
6065	2077
6066	2642
6067	754
6068	1610
6069	2637
6070	3577
6071	1256
6072	2631
6073	996
6074	1100
6075	795
6076	282
6077	1059
6078	2404
6079	2556
6080	2255
6081	568
6082	2108
6083	2882
6084	1193
6085	1698
6086	2253
6087	940
6088	1903
6089	3180
6090	2246
6091	231
6092	3444
6093	3091
6094	598
6095	2812
6096	3750
6097	1797
6098	450
6099	3632
6100	1059
6101	2931
6102	1762
6103	169
6104	1386
6105	789
6106	795
6107	3909
6108	3669
6109	1996
6110	586
6111	2045
6112	3068
6113	3023
6114	1694
6115	158
6116	3592
6117	2422
6118	2784
6119	1539
6120	109
6121	2840
6122	1743
6123	28
6124	2980
6125	167
6126	1290
6127	3158
6128	2783
6129	2441
6130	1332
6131	1559
6132	3424
6133	671
6134	1996
6135	3154
6136	3099
6137	2189
6138	1817
6139	1878
6140	2007
6141	2163
6142	3355
6143	81
6144	2192
6145	404
6146	2623
6147	670
6148	3363
6149	253
6150	1472
6151	3596
6152	2201
6153	1063
6154	3344
6155	3699
6156	142
6157	2168
6158	1831
6159	821
6160	3559
6161	735
6162	565
6163	1508
6164	3092
6165	2395
6166	1850
6167	899
6168	3403
6169	3863
6170	72
6171	3603
6172	2663
6173	3261
6174	1759
6175	2240
6176	1850
6177	2170
6178	979
6179	3894
6180	1184
6181	2196
6182	831
6183	3904
6184	872
6185	2512
6186	3618
6187	3193
6188	2761
6189	2897
6190	1767
6191	2730
6192	691
6193	2347
6194	453
6195	2712
6196	1570
6197	759
6198	822
6199	3741
6200	336
6201	3359
6202	2317
6203	2600
6204	552
6205	3251
6206	615
6207	550
6208	1410
6209	1257
6210	2132
6211	703
6212	3273
6213	3116
6214	2341
6215	1738
6216	1127
6217	1888
6218	675
6219	3802
6220	3083
6221	3410
6222	3847
6223	1195
6224	3756
6225	1321
6226	902
6227	52
6228	2204
6229	2687
6230	3925
6231	554
6232	1594
6233	1052
6234	2819
6235	2057
6236	914
6237	1923
6238	2053
6239	3281
6240	181
6241	3282
6242	3312
6243	2827
6244	1254
6245	1620
6246	3285
6247	147
6248	3175
6249	189
6250	3311
6251	2380
6252	834
6253	1949
6254	2775
6255	31
6256	2727
6257	2367
6258	2763
6259	63
6260	3335
6261	3351
6262	573
6263	2784
6264	1403
6265	3894
6266	2399
6267	3761
6268	510
6269	725
6270	564
6271	1078
6272	158
6273	2365
6274	2095
6275	1312
6276	1344
6277	1739
6278	249
6279	3898
6280	955
6281	1688
6282	2753
6283	2888
6284	3777
6285	239
6286	3800
6287	3702
6288	1517
6289	2742
6290	3593
6291	2688
6292	2383
6293	2068
6294	3172
6295	1274
6296	3773
6297	723
6298	3725
6299	850
6300	679
6301	3039
6302	409
6303	1853
6304	1614
6305	3016
6306	469
6307	181
6308	2867
6309	792
6310	583
6311	949
6312	36
6313	1842
6314	698
6315	629
6316	1934
6317	2228
6318	633
6319	345
6320	1094
6321	1319
6322	316
6323	683
6324	2425
6325	3782
6326	1521
6327	3629
6328	1513
6329	3487
6330	1251
6331	3290
6332	3494
6333	55
6334	1194
6335	2429
6336	3261
6337	2725
6338	333
6339	2878
6340	576
6341	317
6342	3181
6343	2711
6344	3169
6345	3757
6346	1560
6347	3335
6348	1654
6349	1329
6350	3081
6351	1854
6352	3085
6353	2621
6354	3958
6355	2914
6356	2946
6357	2873
6358	3226
6359	259
6360	3833
6361	1707
6362	2894
6363	3117
6364	1215
6365	549
6366	2872
6367	1317
6368	155
6369	2099
6370	39
6371	514
6372	742
6373	329
6374	1528
6375	968
6376	3944
6377	3265
6378	1560
6379	2517
6380	771
6381	117
6382	1443
6383	1123
6384	256
6385	2837
6386	956
6387	2541
6388	1949
6389	3820
6390	2014
6391	1480
6392	2538
6393	2966
6394	1956
6395	2570
6396	1346
6397	3755
6398	499
6399	452
6400	3451
6401	2114
6402	1308
6403	906
6404	2555
6405	155
6406	3017
6407	2905
6408	3421
6409	2988
6410	3617
6411	2369
6412	2156
6413	580
6414	1941
6415	1479
6416	2472
6417	1771
6418	2341
6419	688
6420	2955
6421	910
6422	1350
6423	3151
6424	514
6425	119
6426	1641
6427	2875
6428	1388
6429	1527
6430	2329
6431	2529
6432	1168
6433	893
6434	1304
6435	1349
6436	757
6437	2272
6438	1729
6439	780
6440	1929
6441	3969
6442	749
6443	351
6444	660
6445	1646
6446	759
6447	72
6448	713
6449	1809
6450	1978
6451	112
6452	3737
6453	3339
6454	1144
6455	1408
6456	1045
6457	746
6458	1683
6459	1086
6460	243
6461	2600
6462	3216
6463	1091
6464	895
6465	3981
6466	1023
6467	2501
6468	3958
6469	3229
6470	3553
6471	2351
6472	1920
6473	2917
6474	2576
6475	1431
6476	2704
6477	3337
6478	2132
6479	1948
6480	1916
6481	3990
6482	1465
6483	2133
6484	3034
6485	421
6486	359
6487	1138
6488	2413
6489	2935
6490	3135
6491	449
6492	1968
6493	269
6494	2429
6495	1621
6496	3312
6497	3431
6498	3996
6499	1309
6500	1493
6501	255
6502	3823
6503	975
6504	1587
6505	1835
6506	740
6507	3439
6508	1805
6509	1439
6510	1323
6511	3111
6512	1122
6513	3127
6514	1984
6515	3052
6516	1303
6517	860
6518	63
6519	2386
6520	652
6521	1179
6522	2231
6523	2009
6524	2370
6525	2582
6526	1904
6527	3284
6528	1314
6529	2356
6530	3739
6531	995
6532	1327
6533	2318
6534	1025
6535	1346
6536	2505
6537	2379
6538	3194
6539	3473
6540	686
6541	212
6542	1902
6543	2398
6544	441
6545	2260
6546	3772
6547	3408
6548	2905
6549	3126
6550	350
6551	2641
6552	3688
6553	1266
6554	2077
6555	1467
6556	2988
6557	593
6558	1679
6559	1010
6560	2024
6561	2844
6562	1468
6563	3065
6564	2224
6565	2189
6566	3124
6567	1771
6568	455
6569	2144
6570	1215
6571	564
6572	3495
6573	2684
6574	2552
6575	710
6576	2562
6577	1922
6578	1318
6579	1744
6580	1474
6581	3395
6582	2508
6583	381
6584	1350
6585	409
6586	3555
6587	1777
6588	1543
6589	217
6590	3187
6591	2939
6592	3547
6593	1405
6594	1960
6595	1216
6596	2449
6597	3831
6598	2202
6599	816
6600	2486
6601	810
6602	1084
6603	3106
6604	1139
6605	355
6606	764
6607	3658
6608	982
6609	3478
6610	3926
6611	2190
6612	3228
6613	483
6614	32
6615	394
6616	479
6617	2229
6618	225
6619	324
6620	3040
6621	3356
6622	1077
6623	327
6624	2066
6625	1521
6626	2165
6627	1597
6628	1611
6629	454
6630	3531
6631	2236
6632	3088
6633	2930
6634	3440
6635	1243
6636	302
6637	2745
6638	1239
6639	1420
6640	1201
6641	2742
6642	3776
6643	3786
6644	3070
6645	3965
6646	932
6647	2776
6648	2790
6649	3511
6650	2263
6651	3133
6652	1715
6653	1620
6654	3530
6655	1669
6656	3368
6657	3109
6658	1390
6659	1787
6660	2431
6661	2472
6662	3949
6663	404
6664	2268
6665	1494
6666	1203
6667	1335
6668	434
6669	2110
6670	251
6671	1104
6672	2620
6673	3831
6674	3007
6675	3535
6676	3142
6677	3606
6678	3952
6679	3724
6680	1899
6681	407
6682	624
6683	3430
6684	614
6685	1098
6686	1259
6687	1626
6688	2127
6689	3184
6690	3776
6691	1240
6692	1017
6693	3872
6694	408
6695	365
6696	1686
6697	3128
6698	664
6699	582
6700	2605
6701	2409
6702	2814
6703	1786
6704	1566
6705	20
6706	2208
6707	3321
6708	775
6709	1624
6710	1971
6711	2268
6712	2093
6713	847
6714	3025
6715	3978
6716	2183
6717	3865
6718	3764
6719	744
6720	3290
6721	2322
6722	3617
6723	2826
6724	2994
6725	2184
6726	1464
6727	1229
6728	2916
6729	3813
6730	2315
6731	2860
6732	140
6733	2797
6734	1884
6735	2770
6736	1755
6737	2083
6738	2571
6739	3944
6740	1138
6741	3706
6742	3666
6743	792
6744	2997
6745	1700
6746	1178
6747	2683
6748	3565
6749	3507
6750	2635
6751	1675
6752	3319
6753	329
6754	1321
6755	3728
6756	2543
6757	3131
6758	879
6759	369
6760	108
6761	2281
6762	529
6763	2405
6764	3921
6765	480
6766	3769
6767	421
6768	1922
6769	737
6770	1043
6771	3580
6772	3434
6773	996
6774	1879
6775	2595
6776	938
6777	264
6778	3761
6779	465
6780	2352
6781	637
6782	2981
6783	322
6784	969
6785	2031
6786	2059
6787	1464
6788	338
6789	2911
6790	2513
6791	1755
6792	2102
6793	3835
6794	2704
6795	3372
6796	706
6797	3621
6798	1724
6799	2257
6800	395
6801	1110
6802	369
6803	731
6804	2614
6805	1603
6806	1717
6807	33
6808	1071
6809	571
6810	2944
6811	10
6812	3770
6813	2633
6814	1622
6815	3032
6816	3387
6817	2383
6818	973
6819	3186
6820	2869
6821	477
6822	1911
6823	3402
6824	2435
6825	1037
6826	935
6827	2388
6828	3863
6829	1048
6830	3602
6831	3539
6832	2359
6833	1493
6834	2207
6835	1632
6836	609
6837	716
6838	449
6839	1959
6840	3979
6841	3772
6842	1482
6843	1329
6844	1812
6845	407
6846	3310
6847	1362
6848	1123
6849	1089
6850	1242
6851	1959
6852	2092
6853	297
6854	2626
6855	1637
6856	50
6857	310
6858	2511
6859	1279
6860	1536
6861	2801
6862	6
6863	1090
6864	1606
6865	2918
6866	384
6867	1734
6868	1164
6869	1909
6870	3515
6871	1130
6872	1749
6873	979
6874	1395
6875	326
6876	1085
6877	1587
6878	3511
6879	1358
6880	94
6881	2338
6882	3570
6883	556
6884	3717
6885	2614
6886	56
6887	2033
6888	2844
6889	228
6890	2871
6891	1438
6892	1217
6893	2613
6894	3110
6895	2063
6896	852
6897	3288
6898	1745
6899	902
6900	3995
6901	3551
6902	2818
6903	2195
6904	1026
6905	3654
6906	2882
6907	1897
6908	1506
6909	2705
6910	300
6911	970
6912	1657
6913	1600
6914	54
6915	3423
6916	3408
6917	1295
6918	604
6919	3304
6920	920
6921	673
6922	1754
6923	3665
6924	2000
6925	1812
6926	3930
6927	3366
6928	709
6929	3162
6930	2057
6931	3599
6932	2730
6933	3424
6934	3440
6935	2362
6936	2329
6937	5
6938	1627
6939	1562
6940	1249
6941	1380
6942	1105
6943	3825
6944	3922
6945	1120
6946	737
6947	678
6948	640
6949	911
6950	1127
6951	3327
6952	1398
6953	3813
6954	103
6955	2930
6956	897
6957	2367
6958	838
6959	3403
6960	3770
6961	3047
6962	2948
6963	921
6964	845
6965	599
6966	1342
6967	2876
6968	2000
6969	1441
6970	1814
6971	1231
6972	128
6973	419
6974	1750
6975	948
6976	874
6977	1426
6978	930
6979	3397
6980	2149
6981	1741
6982	960
6983	1026
6984	988
6985	3976
6986	522
6987	2945
6988	2181
6989	2503
6990	3254
6991	1398
6992	1920
6993	113
6994	1085
6995	847
6996	338
6997	3279
6998	1513
6999	1998
7000	2281
7001	3673
7002	2760
7003	2816
7004	2508
7005	837
7006	1465
7007	14
7008	1873
7009	3587
7010	2571
7011	3325
7012	2232
7013	2310
7014	1532
7015	3613
7016	1936
7017	3491
7018	516
7019	1374
7020	279
7021	2504
7022	1825
7023	3613
7024	2942
7025	2390
7026	551
7027	3575
7028	1703
7029	2227
7030	2936
7031	1645
7032	3720
7033	592
7034	302
7035	3509
7036	1828
7037	40
7038	3361
7039	2578
7040	3602
7041	173
7042	2045
7043	1354
7044	1512
7045	772
7046	3334
7047	2280
7048	3693
7049	1355
7050	2849
7051	306
7052	1541
7053	2914
7054	918
7055	2280
7056	3531
7057	693
7058	293
7059	2770
7060	2906
7061	1130
7062	3594
7063	1438
7064	2870
7065	1606
7066	207
7067	3929
7068	3997
7069	938
7070	3900
7071	3082
7072	2330
7073	2623
7074	1684
7075	3021
7076	3489
7077	392
7078	3245
7079	1386
7080	1354
7081	2670
7082	2858
7083	2534
7084	677
7085	14
7086	1537
7087	3698
7088	904
7089	1646
7090	3150
7091	3598
7092	2287
7093	3929
7094	152
7095	553
7096	3646
7097	3586
7098	1268
7099	297
7100	2102
7101	53
7102	2625
7103	2038
7104	1027
7105	3126
7106	1068
7107	1426
7108	694
7109	1720
7110	593
7111	3538
7112	2084
7113	2449
7114	880
7115	551
7116	1244
7117	1740
7118	3506
7119	3241
7120	1418
7121	3481
7122	1775
7123	3545
7124	3603
7125	3463
7126	3214
7127	3937
7128	1577
7129	3152
7130	1752
7131	627
7132	2310
7133	3556
7134	1568
7135	1573
7136	1364
7137	817
7138	466
7139	1701
7140	3327
7141	2062
7142	647
7143	62
7144	247
7145	921
7146	1172
7147	844
7148	1749
7149	1651
7150	2372
7151	2054
7152	42
7153	3924
7154	3838
7155	2309
7156	1460
7157	699
7158	3632
7159	3895
7160	775
7161	2654
7162	2332
7163	777
7164	3626
7165	2464
7166	386
7167	1859
7168	3059
7169	23
7170	3949
7171	1177
7172	749
7173	2974
7174	2797
7175	726
7176	2372
7177	260
7178	3527
7179	1216
7180	1651
7181	1025
7182	3445
7183	1393
7184	1903
7185	3109
7186	2295
7187	3259
7188	802
7189	629
7190	2425
7191	3887
7192	2159
7193	528
7194	539
7195	1499
7196	1360
7197	3675
7198	2208
7199	2523
7200	2744
7201	2738
7202	1937
7203	818
7204	1658
7205	3036
7206	3287
7207	1958
7208	1421
7209	903
7210	1774
7211	2013
7212	2256
7213	2785
7214	1921
7215	1757
7216	3375
7217	1117
7218	2243
7219	1634
7220	970
7221	1217
7222	1928
7223	630
7224	1961
7225	3527
7226	1916
7227	224
7228	2279
7229	2511
7230	3279
7231	3989
7232	326
7233	2409
7234	1685
7235	666
7236	3960
7237	3066
7238	3851
7239	2703
7240	3646
7241	2161
7242	828
7243	858
7244	1735
7245	3171
7246	250
7247	2303
7248	3753
7249	3180
7250	210
7251	391
7252	1110
7253	2786
7254	3746
7255	2788
7256	3537
7257	3977
7258	1010
7259	2791
7260	501
7261	3392
7262	2915
7263	144
7264	2012
7265	3972
7266	1760
7267	206
7268	1235
7269	3235
7270	187
7271	48
7272	1139
7273	1828
7274	312
7275	2667
7276	3825
7277	2020
7278	805
7279	3084
7280	113
7281	777
7282	1792
7283	429
7284	499
7285	643
7286	3407
7287	3186
7288	201
7289	1593
7290	2654
7291	3516
7292	1780
7293	3673
7294	1997
7295	2595
7296	3954
7297	3993
7298	2303
7299	3556
7300	961
7301	3764
7302	3016
7303	2736
7304	1006
7305	1943
7306	1318
7307	932
7308	606
7309	3453
7310	2749
7311	2079
7312	3
7313	3090
7314	784
7315	2481
7316	3310
7317	3346
7318	2239
7319	981
7320	2384
7321	3213
7322	2636
7323	3559
7324	2559
7325	895
7326	3698
7327	477
7328	1537
7329	1397
7330	2287
7331	1499
7332	1904
7333	3369
7334	587
7335	2109
7336	1367
7337	2852
7338	760
7339	1078
7340	462
7341	3046
7342	1770
7343	1017
7344	2107
7345	2019
7346	3726
7347	2322
7348	2739
7349	3609
7350	224
7351	3027
7352	3851
7353	3956
7354	1652
7355	3089
7356	3398
7357	901
7358	3696
7359	3059
7360	2870
7361	1955
7362	3260
7363	3683
7364	3383
7365	3322
7366	200
7367	3240
7368	2500
7369	243
7370	3993
7371	2667
7372	1706
7373	3302
7374	401
7375	485
7376	3146
7377	1805
7378	1780
7379	3933
7380	1264
7381	2887
7382	2093
7383	2639
7384	3152
7385	3756
7386	846
7387	3454
7388	2426
7389	355
7390	840
7391	389
7392	2743
7393	2154
7394	3959
7395	2776
7396	1593
7397	451
7398	2823
7399	906
7400	2461
7401	3674
7402	2127
7403	643
7404	3726
7405	1430
7406	1506
7407	1418
7408	2058
7409	313
7410	77
7411	3683
7412	44
7413	3905
7414	842
7415	3491
7416	3395
7417	1442
7418	1965
7419	640
7420	646
7421	1735
7422	2565
7423	3997
7424	2809
7425	3567
7426	344
7427	793
7428	978
7429	3189
7430	1883
7431	1723
7432	846
7433	814
7434	3691
7435	453
7436	2745
7437	3267
7438	467
7439	844
7440	3746
7441	3057
7442	1456
7443	3828
7444	2418
7445	1359
7446	1412
7447	1630
7448	466
7449	674
7450	107
7451	528
7452	798
7453	739
7454	2090
7455	1397
7456	1441
7457	1571
7458	3322
7459	1145
7460	2115
7461	2772
7462	2138
7463	1471
7464	2983
7465	3207
7466	2110
7467	279
7468	2772
7469	1339
7470	687
7471	1421
7472	814
7473	3146
7474	422
7475	1597
7476	3219
7477	1804
7478	2852
7479	2791
7480	3630
7481	1384
7482	3330
7483	3852
7484	328
7485	503
7486	2172
7487	3406
7488	34
7489	1849
7490	2540
7491	502
7492	3968
7493	616
7494	3657
7495	489
7496	1976
7497	1372
7498	3855
7499	2361
7500	3416
7501	2890
7502	1574
7503	1156
7504	2497
7505	1305
7506	942
7507	1764
7508	3239
7509	3061
7510	2091
7511	1532
7512	659
7513	1684
7514	2423
7515	3414
7516	3415
7517	3227
7518	2994
7519	2171
7520	3965
7521	797
7522	1351
7523	3720
7524	3536
7525	1605
7526	2517
7527	2672
7528	1334
7529	565
7530	2509
7531	3828
7532	1208
7533	105
7534	3604
7535	3498
7536	575
7537	757
7538	2629
7539	1077
7540	3321
7541	3716
7542	2051
7543	3884
7544	2820
7545	2413
7546	836
7547	539
7548	981
7549	2524
7550	675
7551	1141
7552	182
7553	783
7554	2761
7555	107
7556	1858
7557	1727
7558	897
7559	2820
7560	3910
7561	3436
7562	560
7563	2183
7564	1695
7565	2543
7566	669
7567	1218
7568	1440
7569	3263
7570	607
7571	2774
7572	707
7573	764
7574	2598
7575	3188
7576	3214
7577	874
7578	2334
7579	1219
7580	1727
7581	1674
7582	4000
7583	2438
7584	2983
7585	309
7586	982
7587	1098
7588	2055
7589	2179
7590	2683
7591	426
7592	2783
7593	3308
7594	1343
7595	1557
7596	2812
7597	1019
7598	3245
7599	3502
7600	3574
7601	206
7602	2998
7603	621
7604	2423
7605	587
7606	383
7607	2390
7608	2893
7609	1648
7610	305
7611	701
7612	2051
7613	3735
7614	659
7615	33
7616	1632
7617	3305
7618	2750
7619	3797
7620	2084
7621	1174
7622	2440
7623	2170
7624	2672
7625	1214
7626	2211
7627	3690
7628	1514
7629	92
7630	2421
7631	2559
7632	1035
7633	1609
7634	118
7635	801
7636	2138
7637	3433
7638	2179
7639	1908
7640	3521
7641	3303
7642	2818
7643	2062
7644	2949
7645	1545
7646	1781
7647	3416
7648	607
7649	1234
7650	334
7651	2001
7652	544
7653	1507
7654	1566
7655	2925
7656	1039
7657	654
7658	3836
7659	3712
7660	1176
7661	1545
7662	1695
7663	3267
7664	2630
7665	615
7666	2181
7667	1630
7668	2935
7669	1574
7670	918
7671	2689
7672	2503
7673	3521
7674	2262
7675	1460
7676	1422
7677	1930
7678	293
7679	1401
7680	2219
7681	3418
7682	3150
7683	747
7684	1334
7685	827
7686	2955
7687	2314
7688	3129
7689	1299
7690	309
7691	2460
7692	3637
7693	1604
7694	674
7695	3173
7696	1058
7697	2198
7698	490
7699	3346
7700	616
7701	3409
7702	2002
7703	1738
7704	475
7705	2003
7706	3507
7707	3147
7708	1568
7709	2965
7710	3766
7711	768
7712	2215
7713	489
7714	2140
7715	3495
7716	836
7717	1943
7718	625
7719	1909
7720	3096
7721	2143
7722	2426
7723	389
7724	402
7725	2001
7726	1205
7727	3696
7728	625
7729	3689
7730	3659
7731	667
7732	3947
7733	3406
7734	2258
7735	425
7736	1874
7737	2990
7738	3563
7739	2215
7740	2178
7741	2244
7742	286
7743	592
7744	1746
7745	3971
7746	1889
7747	3409
7748	2173
7749	1754
7750	3193
7751	2901
7752	2998
7753	3836
7754	3689
7755	518
7756	1858
7757	2002
7758	3941
7759	2540
7760	1120
7761	462
7762	3971
7763	53
7764	1874
7765	1636
7766	769
7767	3937
7768	3209
7769	768
7770	201
7771	2035
7772	2249
7773	2490
7774	862
7775	2668
7776	3986
7777	2739
7778	2154
7779	3479
7780	3934
7781	3198
7782	1728
7783	1543
7784	1706
7785	1763
7786	1715
7787	2136
7788	1644
7789	3743
7790	581
7791	101
7792	3709
7793	1462
7794	3537
7795	692
7796	3558
7797	57
7798	2941
7799	3590
7800	2476
7801	2969
7802	3123
7803	1547
7804	3593
7805	3207
7806	2443
7807	3574
7808	3122
7809	3712
7810	2089
7811	3061
7812	1998
7813	1401
7814	1616
7815	1753
7816	2695
7817	939
7818	2433
7819	3645
7820	1305
7821	172
7822	2629
7823	583
7824	3082
7825	2151
7826	1908
7827	3217
7828	1764
7829	475
7830	3640
7831	2668
7832	3959
7833	3637
7834	907
7835	3648
7836	1041
7837	2785
7838	1234
7839	817
7840	3950
7841	1364
7842	2874
7843	3766
7844	1540
7845	2726
7846	3297
7847	1883
7848	2089
7849	402
7850	2726
7851	727
7852	35
7853	3429
7854	423
7855	386
7856	426
7857	563
7858	248
7859	1359
7860	1686
7861	468
7862	2278
7863	300
7864	3942
7865	517
7866	2073
7867	303
7868	2173
7869	1430
7870	1390
7871	3168
7872	3590
7873	3628
7874	1770
7875	44
7876	1644
7877	1208
7878	2821
7879	3693
7880	3942
7881	9
7882	1599
7883	1668
7884	973
7885	2005
7886	632
7887	1624
7888	1218
7889	2693
7890	3026
7891	2773
7892	3122
7893	2637
7894	371
7895	3685
7896	3827
7897	563
7898	213
7899	693
7900	423
7901	2618
7902	2473
7903	35
7904	1660
7905	3483
7906	1126
7907	1393
7908	942
7909	3917
7910	3326
7911	2647
7912	2244
7913	3096
7914	3466
7915	2773
7916	2537
7917	692
7918	3659
7919	3047
7920	3184
7921	1804
7922	962
7923	783
7924	178
7925	962
7926	904
7927	3188
7928	3651
7929	2428
7930	3168
7931	2925
7932	3887
7933	2416
7934	2416
7935	661
7936	939
7937	2842
7938	3326
7939	2941
7940	769
7941	2949
7942	907
7943	1976
7944	3688
7945	1969
7946	3717
7947	2647
7948	2171
7949	2842
7950	2537
7951	3793
7952	3784
7953	2786
7954	1668
7955	2630
7956	129
7957	2428
7958	1753
7959	3554
7960	184
7961	3494
7962	2306
7963	88
7964	2615
7965	2883
7966	88
7967	3675
7968	1336
7969	1781
7970	439
7971	2473
7972	3217
7973	2863
7974	2523
7975	969
7976	305
7977	1577
7978	310
7979	3754
7980	2151
7981	2625
7982	1336
7983	3236
7984	819
7985	1035
7986	2821
7987	129
7988	756
7989	3793
7990	798
7991	3563
7992	3905
7993	2615
7994	2883
7995	745
7996	1099
7997	3209
7998	2965
7999	801
8000	3236
