Students	1000
1	497 474 242 417
2	198 621 196 191
3	253 238 542 167
4	681 264 172 133
5	402 434 115 151
6	535 455 768 627
7	54 635 354 738
8	586 470 141 499
9	588 258 132 171
10	617 464 699 701
11	102 427 668 111
12	333 470 695 751
13	761 189 324 280
14	2 138 11 711
15	328 4 415 137
16	748 76 376 747
17	52 758 574 599
18	38 79 514 75
19	275 258 653 346
20	131 141 282 146
21	652 138 636 360
22	304 241 375 344
23	153 644 752 712
24	129 360 367 753
25	553 228 312 1
26	356 713 245 438
27	68 226 727 647
28	315 105 620 418
29	186 436 413 64
30	219 495 235 26
31	314 796 418 630
32	209 237 495 151
33	743 751 507 200
34	474 275 786 34
35	221 142 63 269
36	487 14 544 706
37	174 675 72 186
38	570 248 708 620
39	451 539 543 395
40	109 222 30 277
41	254 796 279 256
42	610 199 257 357
43	230 147 247 205
44	719 668 477 370
45	702 375 609 648
46	47 476 506 606
47	406 785 51 640
48	248 349 533 707
49	551 534 725 470
50	529 298 81 8
51	231 175 136 614
52	265 36 500 192
53	761 416 620 191
54	343 392 134 253
55	741 114 562 93
56	619 796 703 430
57	650 298 237 257
58	84 432 600 490
59	650 669 106 227
60	702 182 467 412
61	155 234 11 537
62	203 262 628 320
63	418 266 89 531
64	486 16 657 48
65	102 607 705 700
66	71 572 230 324
67	14 149 97 537
68	273 697 159 789
69	67 768 399 232
70	390 423 430 492
71	41 692 724 698
72	685 362 58 593
73	46 139 214 184
74	609 470 163 290
75	130 438 640 761
76	658 626 682 691
77	289 758 203 171
78	769 103 407 334
79	678 150 311 413
80	154 28 81 192
81	323 49 629 307
82	628 131 600 206
83	634 738 79 785
84	154 513 299 413
85	724 392 25 395
86	303 445 611 784
87	226 160 517 50
88	664 481 16 141
89	257 657 76 65
90	471 686 136 426
91	96 155 385 481
92	69 129 310 124
93	349 717 321 568
94	366 137 377 165
95	566 306 486 601
96	183 206 120 16
97	305 472 304 324
98	18 479 275 471
99	98 286 357 610
100	738 325 568 40
101	446 797 569 536
102	572 37 562 328
103	263 198 490 707
104	40 745 702 617
105	166 379 548 562
106	725 338 293 787
107	679 252 618 94
108	350 566 237 626
109	495 218 318 559
110	323 412 329 130
111	447 485 767 681
112	712 647 250 729
113	161 577 676 292
114	769 69 437 30
115	337 586 797 478
116	189 590 192 29
117	739 158 131 22
118	62 771 65 625
119	248 114 748 299
120	226 116 201 680
121	272 429 763 525
122	138 268 282 206
123	377 502 356 698
124	152 255 334 610
125	203 428 626 256
126	306 443 799 607
127	657 680 372 375
128	766 753 349 88
129	516 749 141 341
130	167 542 591 792
131	62 490 189 749
132	480 478 650 618
133	116 201 61 80
134	132 427 224 42
135	474 438 498 355
136	75 110 651 300
137	209 405 165 644
138	224 234 42 480
139	676 421 286 539
140	635 461 630 113
141	564 38 543 232
142	540 212 243 388
143	742 720 590 607
144	145 779 380 425
145	44 299 683 749
146	523 300 357 202
147	752 2 383 491
148	371 315 407 108
149	789 226 649 38
150	710 81 502 532
151	647 181 485 763
152	93 535 470 418
153	671 67 794 724
154	182 419 271 75
155	728 378 578 295
156	463 572 367 45
157	750 411 608 774
158	288 724 539 138
159	711 536 371 594
160	689 314 79 391
161	301 785 39 254
162	730 185 290 607
163	260 462 540 682
164	167 762 776 380
165	103 185 359 562
166	304 119 668 290
167	788 191 528 634
168	556 745 744 343
169	356 354 135 203
170	588 194 361 680
171	413 43 732 386
172	316 90 354 51
173	298 509 387 242
174	161 473 664 534
175	32 83 688 37
176	178 563 457 96
177	633 442 44 159
178	407 228 88 532
179	290 33 62 549
180	281 765 567 528
181	403 164 636 40
182	305 656 213 199
183	691 566 469 389
184	749 549 105 275
185	496 88 280 160
186	747 600 66 787
187	676 535 266 472
188	743 564 64 373
189	78 781 362 428
190	748 157 476 49
191	240 62 236 374
192	60 301 290 608
193	467 737 554 760
194	87 67 116 202
195	324 447 701 183
196	316 648 548 190
197	727 397 401 447
198	752 176 289 221
199	155 17 379 146
200	577 333 148 478
201	716 69 290 376
202	518 459 547 546
203	166 475 329 87
204	86 646 725 768
205	268 385 443 179
206	236 292 212 554
207	69 73 498 750
208	141 242 126 758
209	220 533 752 174
210	166 675 288 474
211	312 565 605 649
212	577 399 8 313
213	788 104 499 554
214	117 684 432 502
215	101 662 491 573
216	104 538 307 135
217	199 205 366 103
218	747 444 268 387
219	612 151 61 123
220	352 780 368 768
221	666 460 586 99
222	372 728 119 645
223	568 603 744 444
224	87 544 299 733
225	235 759 450 63
226	242 649 442 285
227	413 15 203 317
228	632 769 347 431
229	380 785 602 231
230	233 757 232 584
231	270 530 224 173
232	570 754 260 215
233	268 155 148 211
234	708 620 483 612
235	282 568 703 3
236	353 3 14 453
237	791 633 12 283
238	108 182 585 32
239	160 522 76 524
240	106 468 292 390
241	65 37 161 18
242	413 790 519 88
243	512 140 298 364
244	442 784 483 37
245	706 491 134 278
246	35 384 358 293
247	785 357 323 640
248	368 680 183 694
249	577 257 490 457
250	299 723 721 537
251	2 93 591 485
252	128 359 780 720
253	519 200 627 641
254	655 770 71 132
255	309 380 469 98
256	221 641 694 176
257	362 103 571 137
258	378 94 151 699
259	726 343 359 79
260	79 258 460 148
261	325 301 187 52
262	721 396 598 33
263	715 184 407 412
264	22 484 413 367
265	299 251 625 174
266	48 651 60 237
267	564 104 754 264
268	769 306 385 545
269	124 291 240 634
270	331 749 447 57
271	182 309 424 771
272	549 714 552 640
273	166 229 603 604
274	341 731 37 734
275	526 239 220 367
276	463 98 450 267
277	86 593 43 95
278	694 506 484 476
279	42 155 715 424
280	158 564 501 66
281	311 597 337 740
282	507 346 217 80
283	343 437 303 780
284	449 331 261 52
285	513 647 384 796
286	16 246 517 10
287	312 515 2 98
288	170 420 534 553
289	790 644 492 664
290	508 436 332 651
291	444 397 371 250
292	277 418 768 356
293	265 713 291 167
294	321 741 126 51
295	215 715 47 464
296	482 707 69 480
297	788 800 727 264
298	260 681 27 475
299	307 634 32 16
300	246 754 54 581
301	468 590 737 465
302	798 797 155 74
303	62 379 477 436
304	210 42 681 22
305	315 562 251 208
306	789 290 21 594
307	789 94 57 776
308	300 450 472 598
309	306 452 550 668
310	476 678 447 642
311	125 604 308 522
312	558 252 668 164
313	585 337 388 462
314	521 544 523 212
315	435 592 608 108
316	569 541 337 151
317	482 198 135 513
318	227 280 640 2
319	85 153 174 401
320	715 262 769 607
321	270 400 743 747
322	699 709 506 33
323	561 58 367 319
324	728 248 173 564
325	361 118 584 274
326	497 480 412 672
327	257 662 57 751
328	781 44 635 162
329	30 570 571 137
330	331 521 623 599
331	325 607 167 744
332	185 316 713 328
333	395 77 201 677
334	765 49 382 13
335	193 461 120 118
336	123 632 59 39
337	527 201 148 195
338	260 24 589 3
339	561 617 330 483
340	302 207 245 183
341	622 8 25 162
342	332 529 60 399
343	663 619 248 17
344	353 602 550 22
345	711 480 152 56
346	766 386 207 209
347	10 27 107 772
348	241 769 523 491
349	439 531 358 281
350	36 275 456 176
351	616 391 284 280
352	543 625 464 736
353	787 658 235 643
354	298 471 451 749
355	308 48 414 208
356	437 764 24 102
357	65 79 692 439
358	494 465 537 206
359	719 97 575 250
360	260 474 92 408
361	662 580 409 31
362	530 783 201 220
363	172 93 685 1
364	497 466 555 300
365	70 140 249 773
366	477 274 738 10
367	268 598 21 433
368	103 296 115 667
369	339 30 344 549
370	773 233 367 750
371	321 614 474 740
372	717 424 657 187
373	623 309 773 609
374	16 329 693 689
375	607 19 603 47
376	397 699 322 155
377	644 385 199 564
378	311 460 355 155
379	594 11 404 544
380	259 149 760 207
381	128 759 447 791
382	647 232 669 6
383	198 321 55 269
384	772 230 315 788
385	304 85 286 355
386	127 424 41 777
387	252 352 401 342
388	527 337 241 142
389	740 27 420 566
390	37 492 568 291
391	546 788 606 394
392	460 421 119 486
393	25 458 95 38
394	12 248 623 174
395	708 441 327 433
396	700 103 689 75
397	136 433 578 394
398	11 3 137 498
399	269 649 563 427
400	643 657 510 68
401	130 549 574 368
402	789 36 691 337
403	47 167 758 225
404	234 446 263 83
405	208 139 52 272
406	545 485 336 660
407	795 465 316 291
408	663 180 720 562
409	583 516 338 561
410	51 524 62 536
411	54 772 87 704
412	445 182 584 638
413	599 97 545 68
414	740 712 617 284
415	344 792 412 58
416	693 43 625 403
417	538 238 209 450
418	458 590 609 546
419	449 414 464 139
420	765 26 724 695
421	758 7 591 397
422	553 601 597 107
423	118 352 671 16
424	76 624 633 94
425	201 720 506 172
426	607 17 480 246
427	738 639 580 205
428	467 27 286 240
429	512 475 365 413
430	495 345 124 440
431	714 503 731 159
432	526 686 454 363
433	608 703 267 173
434	62 699 505 3
435	488 154 492 538
436	644 357 774 539
437	346 573 630 132
438	503 603 529 487
439	354 414 49 308
440	201 790 367 580
441	115 77 416 350
442	553 316 798 626
443	2 305 483 523
444	469 255 51 43
445	208 9 219 493
446	761 146 275 641
447	122 144 132 455
448	632 271 575 273
449	9 98 74 318
450	542 446 744 104
451	228 253 773 701
452	103 325 287 788
453	425 686 468 732
454	106 150 587 161
455	624 23 616 144
456	530 154 649 97
457	430 8 2 408
458	346 745 386 323
459	669 660 59 210
460	289 576 209 63
461	331 82 181 695
462	382 349 682 224
463	62 735 775 471
464	47 431 267 306
465	615 55 792 583
466	639 369 390 153
467	515 273 502 256
468	591 234 22 562
469	618 16 739 472
470	374 233 588 758
471	521 505 485 316
472	708 92 39 286
473	647 120 196 98
474	308 652 211 126
475	192 213 358 404
476	714 490 238 212
477	201 33 149 169
478	496 110 744 251
479	476 192 214 8
480	612 301 426 372
481	333 747 393 674
482	480 643 445 678
483	522 368 239 109
484	483 211 388 474
485	792 576 436 196
486	255 7 407 539
487	311 681 465 5
488	490 736 749 744
489	385 572 3 9
490	714 285 174 779
491	704 286 225 260
492	489 201 425 734
493	398 379 772 90
494	72 39 35 173
495	453 178 253 620
496	237 673 284 201
497	724 163 36 12
498	559 460 97 540
499	302 178 213 369
500	596 413 418 760
501	129 443 745 267
502	672 220 68 761
503	528 613 620 758
504	704 431 257 10
505	301 649 185 569
506	475 277 655 193
507	61 12 703 573
508	726 121 536 444
509	725 634 577 699
510	442 133 498 294
511	724 342 800 91
512	758 360 721 436
513	424 773 254 34
514	125 15 350 654
515	329 324 430 74
516	292 635 126 421
517	398 473 271 121
518	751 450 31 241
519	176 750 217 261
520	409 193 726 752
521	15 726 735 448
522	25 526 249 460
523	695 324 34 403
524	715 579 278 765
525	787 530 504 162
526	438 307 36 432
527	763 767 324 706
528	798 745 584 721
529	769 402 522 290
530	567 282 678 692
531	450 104 171 315
532	192 114 682 562
533	631 25 66 413
534	662 531 89 514
535	723 472 286 719
536	656 365 217 760
537	234 443 161 753
538	404 80 114 665
539	256 156 66 305
540	337 124 772 368
541	758 632 629 14
542	526 324 704 385
543	83 614 503 132
544	25 144 403 385
545	414 96 647 347
546	200 601 657 6
547	634 185 101 364
548	285 741 771 731
549	790 80 64 573
550	654 592 56 5
551	701 31 769 630
552	448 673 108 129
553	271 269 559 634
554	146 418 506 302
555	65 32 54 150
556	267 437 613 410
557	760 764 296 414
558	745 733 298 592
559	532 166 681 91
560	418 360 709 137
561	561 192 738 288
562	447 461 211 335
563	314 697 569 398
564	640 63 366 253
565	48 157 501 552
566	287 481 661 385
567	100 301 278 359
568	101 487 710 650
569	570 77 98 284
570	363 131 727 484
571	157 264 269 352
572	792 237 139 371
573	431 222 43 395
574	437 794 151 598
575	794 673 526 37
576	520 640 547 749
577	778 589 615 228
578	674 52 720 340
579	331 114 427 712
580	494 688 573 52
581	235 351 376 268
582	205 636 337 171
583	318 45 716 4
584	73 283 597 628
585	311 93 137 427
586	202 59 560 133
587	144 195 97 17
588	583 299 494 298
589	600 536 712 583
590	616 319 114 685
591	396 474 630 304
592	635 196 345 622
593	418 59 745 143
594	768 720 618 324
595	431 570 217 458
596	319 377 590 403
597	475 752 694 490
598	556 410 720 220
599	630 78 133 377
600	452 652 119 319
601	153 288 272 262
602	695 513 523 204
603	541 140 564 276
604	788 116 421 154
605	3 92 498 743
606	283 576 287 49
607	450 793 214 629
608	354 81 692 663
609	308 448 118 457
610	560 230 16 188
611	489 367 217 41
612	104 659 201 726
613	335 634 333 659
614	745 399 330 204
615	433 316 34 260
616	225 423 615 699
617	736 11 422 29
618	165 430 40 295
619	633 355 341 121
620	757 435 24 271
621	413 511 185 792
622	4 356 260 452
623	31 291 503 320
624	694 85 506 60
625	478 291 85 344
626	705 542 314 239
627	37 287 546 500
628	307 32 542 292
629	551 446 340 238
630	298 665 335 524
631	380 18 140 800
632	5 764 507 322
633	671 123 780 65
634	299 9 218 8
635	434 717 634 519
636	195 494 543 799
637	511 184 23 382
638	785 119 314 764
639	72 799 141 331
640	309 38 211 513
641	469 43 581 468
642	25 378 287 353
643	716 220 85 252
644	414 583 143 560
645	306 60 783 780
646	175 490 72 41
647	330 429 577 103
648	215 436 533 644
649	796 422 213 188
650	748 76 671 445
651	333 570 636 687
652	82 271 325 552
653	439 479 754 666
654	191 195 331 137
655	188 385 228 16
656	98 171 322 15
657	322 273 717 464
658	578 246 135 451
659	470 510 5 553
660	762 60 12 785
661	633 561 156 196
662	520 609 17 337
663	496 783 304 156
664	95 708 155 769
665	486 384 238 149
666	133 322 757 533
667	499 11 8 194
668	740 288 419 536
669	788 163 379 89
670	453 755 97 82
671	574 388 644 497
672	483 694 96 304
673	71 713 733 375
674	33 215 301 677
675	724 713 749 625
676	741 97 379 400
677	209 208 323 766
678	628 283 236 508
679	284 494 772 457
680	587 142 415 672
681	739 530 126 258
682	586 706 375 751
683	454 264 772 283
684	483 180 172 124
685	789 31 777 455
686	737 681 13 785
687	581 6 264 713
688	664 525 785 780
689	414 54 220 699
690	135 642 243 793
691	589 644 442 314
692	21 163 420 126
693	652 694 2 539
694	789 494 82 185
695	522 187 381 273
696	712 135 744 687
697	170 669 342 558
698	713 5 498 515
699	419 309 648 787
700	746 27 47 691
701	207 399 281 755
702	457 101 100 128
703	699 129 722 487
704	184 799 502 371
705	94 342 234 687
706	439 784 73 9
707	236 585 56 795
708	396 171 406 256
709	247 490 454 170
710	232 395 104 461
711	742 571 774 526
712	8 601 90 21
713	119 696 333 348
714	739 365 83 494
715	617 614 649 623
716	193 484 747 217
717	411 98 443 330
718	799 568 128 757
719	84 476 345 745
720	131 197 450 668
721	618 538 644 800
722	772 214 513 678
723	377 456 361 798
724	492 419 628 667
725	13 643 569 597
726	225 201 57 654
727	792 362 91 719
728	172 751 461 729
729	760 238 201 477
730	283 665 543 359
731	778 749 397 17
732	535 473 62 262
733	31 593 62 456
734	563 448 127 408
735	64 780 138 362
736	390 255 710 91
737	641 556 722 532
738	57 613 515 444
739	414 109 446 352
740	342 661 206 615
741	270 71 755 402
742	272 738 58 487
743	794 348 384 521
744	177 664 3 118
745	376 337 448 364
746	404 110 343 607
747	353 300 586 136
748	296 407 194 418
749	85 516 377 211
750	55 163 438 582
751	596 145 505 248
752	57 634 213 785
753	552 639 182 326
754	452 661 360 566
755	749 341 678 525
756	458 225 109 491
757	672 601 631 576
758	107 785 337 57
759	503 442 36 754
760	403 654 676 145
761	454 532 312 5
762	251 426 209 590
763	522 777 51 534
764	791 10 91 161
765	521 799 60 538
766	387 434 369 219
767	124 605 561 437
768	471 193 121 520
769	54 141 426 487
770	504 728 170 42
771	496 98 275 163
772	301 733 791 568
773	442 203 116 679
774	295 219 394 18
775	469 138 775 586
776	551 40 141 220
777	563 142 316 592
778	306 256 532 737
779	9 514 232 786
780	296 333 768 100
781	148 403 3 508
782	576 731 252 779
783	443 482 52 574
784	430 655 208 795
785	753 514 379 295
786	496 576 204 339
787	189 281 668 29
788	156 221 17 754
789	409 13 724 8
790	629 162 751 353
791	198 771 492 515
792	173 116 629 607
793	643 545 201 521
794	235 150 568 182
795	687 182 243 724
796	423 377 446 229
797	771 251 312 182
798	440 313 488 311
799	558 739 667 608
800	418 77 236 737
801	145 486 537 517
802	789 447 567 716
803	691 557 268 737
804	4 258 492 542
805	440 374 654 557
806	326 120 109 148
807	507 774 655 759
808	189 121 427 421
809	288 464 275 409
810	136 566 244 189
811	589 495 136 81
812	690 309 273 776
813	330 164 700 478
814	496 271 12 534
815	343 339 360 74
816	623 122 736 4
817	195 243 3 524
818	378 760 311 150
819	709 364 636 97
820	193 469 88 758
821	279 266 478 579
822	28 133 695 773
823	492 732 330 643
824	613 607 753 635
825	633 244 550 307
826	385 60 565 581
827	720 115 369 725
828	496 87 653 56
829	631 786 275 28
830	460 178 537 511
831	401 606 661 786
832	765 725 783 281
833	128 213 133 399
834	434 407 742 263
835	99 117 44 245
836	716 446 678 718
837	580 134 237 354
838	797 717 224 453
839	282 641 792 590
840	75 612 39 741
841	83 310 84 82
842	213 360 66 162
843	673 299 492 674
844	183 522 84 122
845	734 248 339 531
846	616 124 528 173
847	595 121 115 566
848	782 586 610 46
849	373 55 52 45
850	120 445 180 214
851	47 590 676 277
852	360 372 142 123
853	733 149 113 610
854	49 245 800 567
855	746 307 342 624
856	404 424 376 798
857	521 577 511 370
858	352 137 405 117
859	714 460 154 660
860	371 611 236 668
861	152 197 134 593
862	288 550 767 549
863	398 511 117 137
864	641 768 138 199
865	703 145 202 791
866	565 383 241 249
867	242 545 365 460
868	288 261 544 112
869	213 781 72 313
870	712 617 525 697
871	539 373 644 155
872	739 222 710 527
873	239 734 763 145
874	36 756 117 334
875	168 113 356 280
876	174 401 508 741
877	577 442 537 341
878	140 273 669 636
879	733 16 211 551
880	406 420 515 280
881	777 672 719 764
882	386 654 11 445
883	70 334 425 502
884	63 582 742 71
885	381 583 239 106
886	619 454 3 181
887	30 192 310 381
888	266 788 797 682
889	299 7 306 608
890	521 192 743 577
891	56 544 38 320
892	260 329 415 616
893	721 624 10 157
894	87 371 454 717
895	189 674 516 365
896	316 762 604 274
897	428 421 352 68
898	310 582 697 645
899	409 664 450 753
900	546 501 651 331
901	160 767 656 619
902	460 456 696 759
903	768 107 154 595
904	412 723 510 109
905	86 729 222 705
906	621 44 559 223
907	613 106 321 643
908	494 670 450 234
909	204 560 735 573
910	713 617 568 8
911	203 597 199 781
912	246 654 432 515
913	655 520 356 402
914	282 690 717 382
915	225 443 587 736
916	117 35 304 140
917	768 555 228 496
918	289 638 81 452
919	515 736 484 654
920	575 79 486 330
921	624 176 332 264
922	355 716 587 392
923	274 745 420 7
924	400 184 624 138
925	362 490 199 529
926	334 658 772 756
927	705 155 99 713
928	778 157 294 332
929	610 108 236 364
930	31 455 500 705
931	745 635 575 519
932	376 636 426 65
933	457 82 366 590
934	761 502 217 350
935	24 778 598 511
936	331 356 343 53
937	765 410 132 724
938	561 297 133 639
939	135 254 153 437
940	717 334 668 572
941	23 441 574 327
942	741 691 88 799
943	320 407 414 478
944	629 482 201 394
945	551 531 432 735
946	8 477 303 743
947	692 753 761 367
948	663 715 636 576
949	650 91 168 114
950	622 706 175 70
951	665 608 65 488
952	316 476 382 419
953	503 153 376 630
954	36 725 507 659
955	531 87 80 248
956	675 335 593 308
957	242 417 470 282
958	78 525 349 85
959	658 523 175 369
960	555 781 264 752
961	761 97 609 578
962	316 187 617 70
963	226 535 25 776
964	14 673 674 744
965	498 123 364 597
966	81 224 489 770
967	8 195 691 346
968	626 467 466 349
969	785 433 667 238
970	169 404 732 745
971	282 331 324 174
972	50 285 429 637
973	560 699 575 376
974	311 441 357 189
975	397 205 109 236
976	246 730 470 680
977	652 218 558 741
978	633 561 374 469
979	284 212 290 300
980	104 138 237 329
981	447 120 261 439
982	384 108 622 370
983	416 431 695 169
984	223 549 703 82
985	322 34 454 718
986	161 606 650 64
987	125 481 394 97
988	609 499 151 762
989	267 741 702 113
990	511 650 645 27
991	780 713 115 66
992	232 114 668 318
993	489 561 484 366
994	340 625 154 705
995	513 184 50 780
996	405 199 612 473
997	401 623 490 62
998	392 245 613 163
999	228 647 271 642
1000	529 419 730 118
