Class Times	5
Rooms	10
1	58	A	0
2	93	A	1
3	78	A	1
4	66	C	0
5	31	B	1
6	48	C	0
7	86	A	0
8	33	C	0
9	19	C	1
10	36	B	1
Classes	50
Teachers	25
1	12	2	B	1
2	20	3	C	1
3	18	1	A	1
4	17	2	B	0
5	6	3	C	0
6	1	2	B	0
7	18	1	A	0
8	23	2	B	0
9	23	3	C	0
10	4	1	A	0
11	19	1	A	0
12	8	1	A	0
13	24	3	C	0
14	15	1	A	0
15	22	1	A	0
16	3	3	C	0
17	8	4	C	0
18	6	4	C	0
19	10	1	A	0
20	11	1	A	0
21	21	1	A	0
22	9	4	C	0
23	5	3	C	0
24	13	2	B	0
25	5	1	A	0
26	20	3	C	0
27	21	3	C	0
28	9	2	B	0
29	22	4	C	0
30	19	2	B	0
31	15	1	A	0
32	2	2	B	0
33	14	2	B	0
34	24	4	C	0
35	4	3	C	0
36	10	1	A	0
37	12	4	C	0
38	11	2	B	0
39	13	1	A	0
40	16	2	B	0
41	25	1	A	0
42	2	1	A	0
43	14	4	C	0
44	25	4	C	0
45	16	3	C	0
46	7	2	B	0
47	7	1	A	0
48	3	4	C	0
49	17	2	B	0
50	1	3	C	0
