Class Times	5
Rooms	10
1	53	A	1
2	36	B	1
3	40	B	1
4	87	B	1
5	73	A	1
6	16	C	0
7	72	B	1
8	57	B	0
9	35	B	1
10	35	A	1
Classes	50
Teachers	25
1	11	1	A	1
2	13	2	B	1
3	5	4	C	1
4	17	1	A	0
5	9	2	B	0
6	25	1	A	0
7	9	3	C	0
8	3	3	C	0
9	16	4	C	0
10	11	1	A	0
11	14	1	A	0
12	7	4	C	0
13	12	4	C	0
14	8	2	B	0
15	25	3	C	0
16	12	3	C	0
17	15	4	C	0
18	3	2	B	0
19	21	3	C	0
20	16	1	A	0
21	18	2	B	0
22	21	1	A	0
23	19	1	A	0
24	23	3	C	0
25	13	3	C	0
26	17	4	C	0
27	20	4	C	0
28	20	2	B	0
29	6	4	C	0
30	19	1	A	0
31	18	2	B	0
32	2	4	C	0
33	7	2	B	0
34	4	1	A	0
35	14	2	B	0
36	1	4	C	0
37	2	4	C	0
38	23	1	A	0
39	4	4	C	0
40	8	3	C	0
41	6	1	A	0
42	1	1	A	0
43	5	2	B	0
44	22	1	A	0
45	24	1	A	0
46	10	2	B	0
47	10	2	B	0
48	24	3	C	0
49	22	4	C	0
50	15	3	C	0
