Class Times	5
Rooms	10
1	92	B	1
2	71	C	1
3	29	C	1
4	29	C	0
5	71	C	0
6	99	B	0
7	65	C	0
8	43	A	1
9	31	A	0
10	53	A	0
Classes	50
Teachers	25
1	4	3	C	1
2	6	4	C	1
3	1	3	C	1
4	3	4	C	0
5	7	4	C	0
6	3	4	C	0
7	24	4	C	0
8	17	2	B	0
9	23	3	C	0
10	12	2	B	0
11	1	1	A	0
12	18	2	B	0
13	25	4	C	0
14	13	1	A	0
15	4	4	C	0
16	12	4	C	0
17	9	4	C	0
18	21	2	B	0
19	7	4	C	0
20	16	3	C	0
21	23	4	C	0
22	18	2	B	0
23	21	2	B	0
24	8	3	C	0
25	22	2	B	0
26	14	2	B	0
27	17	4	C	0
28	11	2	B	0
29	20	2	B	0
30	5	1	A	0
31	13	4	C	0
32	22	1	A	0
33	20	2	B	0
34	15	1	A	0
35	14	3	C	0
36	15	4	C	0
37	10	2	B	0
38	16	1	A	0
39	9	2	B	0
40	2	1	A	0
41	6	1	A	0
42	25	2	B	0
43	11	1	A	0
44	24	1	A	0
45	8	3	C	0
46	2	4	C	0
47	10	3	C	0
48	5	2	B	0
49	19	1	A	0
50	19	3	C	0
