Class Times	5
Rooms	10
1	20	A	0
2	62	C	0
3	17	B	1
4	79	C	1
5	71	B	1
6	62	A	0
7	50	A	0
8	25	A	0
9	67	A	0
10	11	B	0
Classes	50
Teachers	25
1	9	1	A	1
2	18	4	C	1
3	24	4	C	1
4	25	3	C	0
5	3	1	A	0
6	22	3	C	0
7	8	1	A	0
8	12	4	C	0
9	24	3	C	0
10	10	3	C	0
11	5	4	C	0
12	16	3	C	0
13	14	1	A	0
14	18	1	A	0
15	19	4	C	0
16	8	1	A	0
17	20	3	C	0
18	14	2	B	0
19	11	3	C	0
20	25	1	A	0
21	11	4	C	0
22	7	2	B	0
23	4	3	C	0
24	7	4	C	0
25	3	4	C	0
26	2	2	B	0
27	6	1	A	0
28	21	3	C	0
29	9	1	A	0
30	16	3	C	0
31	19	3	C	0
32	6	4	C	0
33	10	3	C	0
34	2	2	B	0
35	17	3	C	0
36	17	3	C	0
37	15	1	A	0
38	1	3	C	0
39	23	2	B	0
40	21	1	A	0
41	5	4	C	0
42	23	2	B	0
43	1	3	C	0
44	13	1	A	0
45	13	2	B	0
46	4	1	A	0
47	22	4	C	0
48	12	2	B	0
49	20	2	B	0
50	15	2	B	0
