Class Times	5
Rooms	10
1	67	A	1
2	43	B	1
3	97	B	1
4	81	A	0
5	62	A	0
6	19	C	1
7	88	B	1
8	53	C	0
9	87	C	1
10	72	C	1
Classes	50
Teachers	25
1	13	3	C	1
2	25	4	C	1
3	19	1	A	1
4	4	3	C	0
5	1	3	C	0
6	19	2	B	0
7	14	1	A	0
8	15	3	C	0
9	22	3	C	0
10	25	3	C	0
11	15	2	B	0
12	24	1	A	0
13	2	3	C	0
14	1	2	B	0
15	3	4	C	0
16	4	3	C	0
17	23	3	C	0
18	5	3	C	0
19	6	1	A	0
20	7	4	C	0
21	7	1	A	0
22	14	1	A	0
23	24	4	C	0
24	9	3	C	0
25	20	2	B	0
26	9	4	C	0
27	22	2	B	0
28	17	4	C	0
29	11	1	A	0
30	21	1	A	0
31	18	2	B	0
32	11	3	C	0
33	16	3	C	0
34	5	1	A	0
35	13	1	A	0
36	21	4	C	0
37	2	2	B	0
38	23	2	B	0
39	3	4	C	0
40	16	3	C	0
41	18	1	A	0
42	8	2	B	0
43	10	1	A	0
44	12	2	B	0
45	10	1	A	0
46	6	4	C	0
47	12	4	C	0
48	17	2	B	0
49	8	4	C	0
50	20	3	C	0
