Class Times	5
Rooms	20
1	63	A	1
2	20	B	0
3	25	B	0
4	81	B	1
5	52	B	0
6	25	C	1
7	54	B	0
8	89	B	1
9	30	A	0
10	91	C	1
11	26	B	1
12	57	B	0
13	33	B	0
14	19	C	0
15	83	C	1
16	37	B	1
17	15	C	1
18	38	B	1
19	64	B	0
20	21	C	1
Classes	100
Teachers	50
1	34	1	A	1
2	10	1	A	1
3	10	3	C	1
4	17	4	C	1
5	23	1	A	1
6	2	3	C	0
7	26	4	C	0
8	18	3	C	0
9	35	3	C	0
10	8	3	C	0
11	36	4	C	0
12	44	3	C	0
13	12	4	C	0
14	49	3	C	0
15	48	1	A	0
16	26	1	A	0
17	40	4	C	0
18	46	1	A	0
19	14	2	B	0
20	11	4	C	0
21	4	2	B	0
22	13	4	C	0
23	8	2	B	0
24	14	3	C	0
25	40	2	B	0
26	17	2	B	0
27	38	1	A	0
28	46	1	A	0
29	42	3	C	0
30	7	1	A	0
31	33	1	A	0
32	21	2	B	0
33	43	4	C	0
34	36	2	B	0
35	27	2	B	0
36	4	2	B	0
37	33	2	B	0
38	13	1	A	0
39	42	3	C	0
40	27	1	A	0
41	29	2	B	0
42	41	2	B	0
43	25	2	B	0
44	47	1	A	0
45	34	4	C	0
46	9	4	C	0
47	25	4	C	0
48	38	1	A	0
49	23	4	C	0
50	22	3	C	0
51	41	1	A	0
52	21	3	C	0
53	2	4	C	0
54	11	3	C	0
55	18	3	C	0
56	43	1	A	0
57	50	2	B	0
58	30	3	C	0
59	44	3	C	0
60	24	1	A	0
61	47	2	B	0
62	49	3	C	0
63	29	4	C	0
64	32	1	A	0
65	1	2	B	0
66	6	2	B	0
67	32	3	C	0
68	22	3	C	0
69	50	1	A	0
70	39	2	B	0
71	45	2	B	0
72	37	3	C	0
73	30	2	B	0
74	45	4	C	0
75	9	4	C	0
76	15	1	A	0
77	3	3	C	0
78	12	2	B	0
79	20	4	C	0
80	19	2	B	0
81	39	3	C	0
82	15	1	A	0
83	35	1	A	0
84	1	3	C	0
85	7	1	A	0
86	37	1	A	0
87	19	3	C	0
88	16	4	C	0
89	24	3	C	0
90	16	2	B	0
91	31	1	A	0
92	3	2	B	0
93	6	3	C	0
94	31	3	C	0
95	20	3	C	0
96	5	4	C	0
97	5	1	A	0
98	28	3	C	0
99	48	2	B	0
100	28	1	A	0
