Class Times	5
Rooms	20
1	65	A	1
2	54	A	0
3	62	A	0
4	73	A	0
5	76	A	0
6	11	B	0
7	46	A	0
8	36	B	1
9	96	A	1
10	69	B	0
11	32	A	0
12	59	B	0
13	18	A	1
14	61	B	1
15	76	A	1
16	21	A	0
17	74	A	0
18	75	B	1
19	43	C	0
20	55	A	0
Classes	100
Teachers	50
1	22	4	C	1
2	33	1	A	1
3	33	2	B	1
4	44	4	C	1
5	12	4	C	1
6	40	4	C	0
7	15	2	B	0
8	49	4	C	0
9	12	1	A	0
10	7	3	C	0
11	35	3	C	0
12	42	1	A	0
13	3	2	B	0
14	18	3	C	0
15	17	2	B	0
16	45	3	C	0
17	49	2	B	0
18	50	3	C	0
19	41	1	A	0
20	8	1	A	0
21	14	1	A	0
22	20	3	C	0
23	44	2	B	0
24	27	1	A	0
25	23	3	C	0
26	36	4	C	0
27	6	1	A	0
28	41	1	A	0
29	35	2	B	0
30	25	3	C	0
31	34	1	A	0
32	2	4	C	0
33	22	3	C	0
34	11	2	B	0
35	48	3	C	0
36	28	3	C	0
37	5	2	B	0
38	29	4	C	0
39	32	3	C	0
40	28	4	C	0
41	4	1	A	0
42	50	1	A	0
43	48	4	C	0
44	36	3	C	0
45	5	4	C	0
46	45	3	C	0
47	21	2	B	0
48	30	2	B	0
49	10	4	C	0
50	17	3	C	0
51	34	4	C	0
52	27	2	B	0
53	43	3	C	0
54	13	4	C	0
55	42	1	A	0
56	26	3	C	0
57	26	3	C	0
58	9	3	C	0
59	25	4	C	0
60	13	4	C	0
61	10	3	C	0
62	20	4	C	0
63	46	1	A	0
64	43	1	A	0
65	30	1	A	0
66	6	1	A	0
67	7	3	C	0
68	23	1	A	0
69	2	3	C	0
70	11	1	A	0
71	14	1	A	0
72	21	4	C	0
73	40	3	C	0
74	19	3	C	0
75	16	2	B	0
76	1	1	A	0
77	37	4	C	0
78	46	2	B	0
79	47	2	B	0
80	1	2	B	0
81	8	2	B	0
82	9	3	C	0
83	18	2	B	0
84	31	4	C	0
85	19	3	C	0
86	4	2	B	0
87	32	4	C	0
88	31	2	B	0
89	29	2	B	0
90	3	4	C	0
91	15	2	B	0
92	37	4	C	0
93	16	1	A	0
94	39	1	A	0
95	24	4	C	0
96	24	4	C	0
97	39	1	A	0
98	47	4	C	0
99	38	1	A	0
100	38	4	C	0
