Class Times	5
Rooms	20
1	87	B	0
2	71	C	0
3	90	A	1
4	91	C	1
5	77	B	0
6	31	A	0
7	37	C	0
8	31	A	0
9	48	A	1
10	91	A	0
11	68	C	1
12	13	C	0
13	87	B	0
14	94	A	0
15	50	C	0
16	30	B	1
17	98	B	1
18	32	A	1
19	67	B	0
20	32	B	0
Classes	100
Teachers	50
1	28	1	A	1
2	15	4	C	1
3	30	2	B	1
4	32	2	B	1
5	41	4	C	1
6	34	2	B	0
7	17	2	B	0
8	13	3	C	0
9	45	2	B	0
10	40	3	C	0
11	40	2	B	0
12	38	1	A	0
13	22	4	C	0
14	32	3	C	0
15	9	4	C	0
16	3	4	C	0
17	15	3	C	0
18	24	1	A	0
19	21	1	A	0
20	20	3	C	0
21	1	4	C	0
22	31	4	C	0
23	14	3	C	0
24	11	1	A	0
25	31	2	B	0
26	17	2	B	0
27	13	2	B	0
28	1	4	C	0
29	44	3	C	0
30	4	3	C	0
31	33	3	C	0
32	26	4	C	0
33	18	2	B	0
34	25	2	B	0
35	20	1	A	0
36	7	2	B	0
37	26	2	B	0
38	34	2	B	0
39	6	4	C	0
40	25	2	B	0
41	29	2	B	0
42	37	4	C	0
43	44	3	C	0
44	2	1	A	0
45	10	1	A	0
46	16	2	B	0
47	46	2	B	0
48	45	2	B	0
49	43	3	C	0
50	8	4	C	0
51	18	4	C	0
52	9	2	B	0
53	14	3	C	0
54	7	3	C	0
55	29	3	C	0
56	24	2	B	0
57	39	4	C	0
58	11	1	A	0
59	37	3	C	0
60	2	4	C	0
61	39	3	C	0
62	41	4	C	0
63	28	2	B	0
64	49	3	C	0
65	23	1	A	0
66	49	2	B	0
67	48	4	C	0
68	5	2	B	0
69	12	1	A	0
70	48	1	A	0
71	43	1	A	0
72	8	1	A	0
73	19	1	A	0
74	10	3	C	0
75	5	3	C	0
76	33	2	B	0
77	30	4	C	0
78	22	1	A	0
79	6	4	C	0
80	23	1	A	0
81	36	2	B	0
82	38	4	C	0
83	47	4	C	0
84	3	2	B	0
85	36	3	C	0
86	4	4	C	0
87	35	1	A	0
88	50	4	C	0
89	35	3	C	0
90	21	4	C	0
91	42	1	A	0
92	50	1	A	0
93	12	4	C	0
94	42	1	A	0
95	27	4	C	0
96	47	2	B	0
97	19	2	B	0
98	16	1	A	0
99	46	4	C	0
100	27	4	C	0
