Class Times	5
Rooms	20
1	18	C	0
2	24	C	1
3	72	C	1
4	70	C	1
5	33	A	0
6	21	A	1
7	43	B	1
8	67	B	0
9	20	B	1
10	49	C	0
11	35	C	1
12	82	A	0
13	94	C	1
14	24	C	0
15	47	C	1
16	71	A	1
17	99	C	0
18	71	B	0
19	97	A	0
20	57	A	1
Classes	100
Teachers	50
1	8	2	B	1
2	47	1	A	1
3	46	4	C	1
4	50	4	C	1
5	5	3	C	1
6	49	4	C	0
7	47	2	B	0
8	37	4	C	0
9	17	2	B	0
10	18	1	A	0
11	28	1	A	0
12	45	1	A	0
13	42	2	B	0
14	42	4	C	0
15	8	2	B	0
16	43	4	C	0
17	28	1	A	0
18	36	3	C	0
19	20	2	B	0
20	22	4	C	0
21	33	2	B	0
22	49	4	C	0
23	5	1	A	0
24	32	3	C	0
25	43	3	C	0
26	50	3	C	0
27	11	3	C	0
28	25	2	B	0
29	22	3	C	0
30	40	2	B	0
31	46	2	B	0
32	36	1	A	0
33	40	4	C	0
34	23	3	C	0
35	7	2	B	0
36	11	2	B	0
37	2	1	A	0
38	31	3	C	0
39	24	3	C	0
40	34	4	C	0
41	18	1	A	0
42	45	4	C	0
43	32	1	A	0
44	13	1	A	0
45	27	4	C	0
46	39	3	C	0
47	37	2	B	0
48	7	2	B	0
49	27	1	A	0
50	26	2	B	0
51	9	4	C	0
52	17	4	C	0
53	1	2	B	0
54	3	4	C	0
55	24	2	B	0
56	34	3	C	0
57	2	2	B	0
58	21	1	A	0
59	19	1	A	0
60	41	2	B	0
61	44	4	C	0
62	30	1	A	0
63	10	3	C	0
64	13	4	C	0
65	31	1	A	0
66	12	1	A	0
67	44	1	A	0
68	41	3	C	0
69	1	1	A	0
70	6	2	B	0
71	20	1	A	0
72	12	1	A	0
73	21	1	A	0
74	14	4	C	0
75	26	3	C	0
76	33	1	A	0
77	9	2	B	0
78	16	2	B	0
79	15	4	C	0
80	29	2	B	0
81	30	4	C	0
82	16	3	C	0
83	25	4	C	0
84	15	4	C	0
85	3	4	C	0
86	48	4	C	0
87	29	4	C	0
88	35	4	C	0
89	4	2	B	0
90	23	4	C	0
91	38	4	C	0
92	19	4	C	0
93	39	1	A	0
94	6	3	C	0
95	10	4	C	0
96	38	4	C	0
97	14	1	A	0
98	35	1	A	0
99	4	1	A	0
100	48	2	B	0
