Class Times	5
Rooms	20
1	31	C	0
2	33	A	0
3	12	B	1
4	78	A	0
5	98	B	1
6	77	B	1
7	58	B	1
8	64	A	0
9	81	B	1
10	80	B	0
11	60	C	0
12	31	A	0
13	76	C	0
14	47	C	0
15	25	C	1
16	76	A	1
17	34	C	1
18	79	B	1
19	62	B	0
20	75	C	1
Classes	100
Teachers	50
1	8	3	C	1
2	28	4	C	1
3	15	2	B	1
4	30	1	A	1
5	8	2	B	1
6	47	2	B	0
7	23	2	B	0
8	40	1	A	0
9	38	2	B	0
10	18	3	C	0
11	25	1	A	0
12	25	2	B	0
13	15	1	A	0
14	49	1	A	0
15	18	2	B	0
16	17	1	A	0
17	43	1	A	0
18	30	2	B	0
19	44	1	A	0
20	21	1	A	0
21	35	1	A	0
22	33	3	C	0
23	37	1	A	0
24	10	2	B	0
25	24	2	B	0
26	3	1	A	0
27	27	3	C	0
28	3	1	A	0
29	48	3	C	0
30	22	3	C	0
31	38	2	B	0
32	29	4	C	0
33	28	3	C	0
34	40	3	C	0
35	6	4	C	0
36	7	3	C	0
37	14	1	A	0
38	2	2	B	0
39	29	2	B	0
40	43	4	C	0
41	14	4	C	0
42	7	3	C	0
43	17	1	A	0
44	32	4	C	0
45	33	3	C	0
46	42	2	B	0
47	10	4	C	0
48	1	3	C	0
49	11	4	C	0
50	42	2	B	0
51	12	1	A	0
52	26	2	B	0
53	45	3	C	0
54	6	1	A	0
55	24	2	B	0
56	27	3	C	0
57	34	2	B	0
58	26	3	C	0
59	44	4	C	0
60	1	4	C	0
61	21	1	A	0
62	36	3	C	0
63	48	2	B	0
64	16	1	A	0
65	9	4	C	0
66	20	4	C	0
67	35	3	C	0
68	34	4	C	0
69	5	3	C	0
70	22	4	C	0
71	36	4	C	0
72	50	4	C	0
73	46	2	B	0
74	45	4	C	0
75	47	1	A	0
76	20	2	B	0
77	50	4	C	0
78	39	2	B	0
79	4	1	A	0
80	16	3	C	0
81	2	1	A	0
82	23	3	C	0
83	49	4	C	0
84	31	1	A	0
85	5	2	B	0
86	19	2	B	0
87	12	3	C	0
88	39	3	C	0
89	4	3	C	0
90	32	4	C	0
91	37	2	B	0
92	11	4	C	0
93	13	4	C	0
94	31	4	C	0
95	19	2	B	0
96	41	1	A	0
97	13	4	C	0
98	46	1	A	0
99	41	2	B	0
100	9	4	C	0
