Class Times	5
Rooms	20
1	42	C	1
2	10	A	1
3	48	B	1
4	10	C	1
5	74	C	1
6	95	B	0
7	87	B	0
8	70	A	1
9	50	C	1
10	59	A	1
11	30	A	0
12	98	C	0
13	97	C	0
14	78	A	1
15	41	B	1
16	26	B	0
17	23	C	0
18	84	C	1
19	28	B	1
20	28	B	0
Classes	100
Teachers	50
1	11	2	B	1
2	23	4	C	1
3	31	2	B	1
4	36	1	A	1
5	8	3	C	1
6	23	3	C	0
7	19	4	C	0
8	26	2	B	0
9	44	1	A	0
10	24	3	C	0
11	5	4	C	0
12	42	2	B	0
13	5	3	C	0
14	8	2	B	0
15	45	2	B	0
16	13	3	C	0
17	20	1	A	0
18	31	3	C	0
19	1	3	C	0
20	9	2	B	0
21	4	1	A	0
22	36	4	C	0
23	26	2	B	0
24	39	2	B	0
25	33	2	B	0
26	11	4	C	0
27	35	2	B	0
28	27	1	A	0
29	4	4	C	0
30	46	2	B	0
31	32	2	B	0
32	7	4	C	0
33	15	2	B	0
34	17	3	C	0
35	44	3	C	0
36	33	2	B	0
37	46	3	C	0
38	15	2	B	0
39	28	1	A	0
40	6	4	C	0
41	20	1	A	0
42	14	3	C	0
43	7	4	C	0
44	21	3	C	0
45	28	3	C	0
46	47	1	A	0
47	38	2	B	0
48	21	3	C	0
49	41	4	C	0
50	47	2	B	0
51	30	4	C	0
52	34	2	B	0
53	12	4	C	0
54	12	3	C	0
55	48	4	C	0
56	39	4	C	0
57	18	3	C	0
58	27	2	B	0
59	6	1	A	0
60	48	2	B	0
61	14	1	A	0
62	43	2	B	0
63	17	1	A	0
64	19	3	C	0
65	22	4	C	0
66	42	4	C	0
67	43	4	C	0
68	22	1	A	0
69	40	3	C	0
70	29	2	B	0
71	34	2	B	0
72	38	4	C	0
73	45	4	C	0
74	35	1	A	0
75	1	4	C	0
76	2	3	C	0
77	29	4	C	0
78	13	3	C	0
79	30	3	C	0
80	10	2	B	0
81	3	1	A	0
82	2	1	A	0
83	40	3	C	0
84	9	3	C	0
85	50	1	A	0
86	37	4	C	0
87	18	1	A	0
88	3	2	B	0
89	24	3	C	0
90	10	1	A	0
91	32	4	C	0
92	41	4	C	0
93	50	4	C	0
94	25	1	A	0
95	37	1	A	0
96	16	2	B	0
97	25	4	C	0
98	49	2	B	0
99	49	2	B	0
100	16	3	C	0
