Class Times	5
Rooms	20
1	38	B	1
2	90	B	0
3	42	B	1
4	12	C	0
5	32	C	1
6	11	B	0
7	62	A	1
8	79	C	0
9	74	C	0
10	23	B	1
11	24	A	0
12	68	A	1
13	31	A	0
14	81	B	0
15	46	C	1
16	17	C	0
17	86	C	0
18	65	C	0
19	26	B	0
20	43	C	0
Classes	100
Teachers	50
1	17	3	C	1
2	43	3	C	1
3	35	1	A	1
4	15	3	C	1
5	23	3	C	1
6	32	4	C	0
7	30	3	C	0
8	1	2	B	0
9	25	3	C	0
10	42	3	C	0
11	27	4	C	0
12	41	1	A	0
13	41	3	C	0
14	49	1	A	0
15	7	3	C	0
16	39	1	A	0
17	37	2	B	0
18	25	2	B	0
19	14	1	A	0
20	38	1	A	0
21	30	2	B	0
22	2	2	B	0
23	2	3	C	0
24	48	3	C	0
25	27	1	A	0
26	23	2	B	0
27	11	3	C	0
28	32	2	B	0
29	10	4	C	0
30	24	4	C	0
31	49	1	A	0
32	10	2	B	0
33	44	3	C	0
34	33	2	B	0
35	24	1	A	0
36	20	1	A	0
37	47	2	B	0
38	36	4	C	0
39	21	1	A	0
40	34	2	B	0
41	17	3	C	0
42	34	3	C	0
43	40	1	A	0
44	1	1	A	0
45	48	2	B	0
46	7	3	C	0
47	45	4	C	0
48	40	2	B	0
49	44	2	B	0
50	8	2	B	0
51	14	3	C	0
52	12	3	C	0
53	36	3	C	0
54	42	3	C	0
55	15	3	C	0
56	37	2	B	0
57	47	1	A	0
58	11	1	A	0
59	33	4	C	0
60	20	2	B	0
61	39	4	C	0
62	6	4	C	0
63	38	2	B	0
64	35	2	B	0
65	13	2	B	0
66	45	3	C	0
67	29	3	C	0
68	8	3	C	0
69	31	2	B	0
70	31	1	A	0
71	6	2	B	0
72	16	2	B	0
73	22	4	C	0
74	29	4	C	0
75	16	2	B	0
76	9	1	A	0
77	46	1	A	0
78	19	3	C	0
79	13	4	C	0
80	26	2	B	0
81	18	3	C	0
82	12	2	B	0
83	9	1	A	0
84	22	3	C	0
85	46	1	A	0
86	26	1	A	0
87	43	3	C	0
88	3	3	C	0
89	5	3	C	0
90	3	3	C	0
91	4	3	C	0
92	18	2	B	0
93	21	1	A	0
94	5	3	C	0
95	28	3	C	0
96	50	1	A	0
97	50	1	A	0
98	4	3	C	0
99	28	3	C	0
100	19	4	C	0
