Students	50
1	69 29 75 81	2	-1	0
2	43 54 86 80	4	1	0
3	85 84 89 95	2	-1	0
4	75 88 15 21	4	1	0
5	60 8 39 67	2	-1	0
6	2 87 57 16	1	-1	0
7	8 36 89 74	2	-1	0
8	31 28 100 33	3	4	0
9	3 52 60 35	1	-1	0
10	60 86 79 28	3	4	0
11	1 31 63 73	1	-1	0
12	23 40 79 56	3	1	0
13	15 61 88 25	3	1	0
14	64 21 28 69	4	2	0
15	53 49 59 15	4	4	0
16	30 25 55 18	4	3	0
17	88 16 86 61	4	1	0
18	43 15 89 6	3	1	0
19	10 82 28 48	2	-1	0
20	64 7 13 65	4	2	0
21	2 98 30 70	1	-1	0
22	10 38 9 21	3	4	0
23	64 9 24 62	3	2	0
24	70 30 52 6	2	-1	0
25	97 13 41 42	4	4	0
26	32 33 49 59	4	2	0
27	70 58 17 48	4	4	0
28	88 68 17 40	2	-1	0
29	50 96 47 49	3	1	0
30	40 23 10 91	2	-1	0
31	50 8 28 95	4	1	0
32	13 60 72 45	2	-1	0
33	100 32 6 81	2	-1	0
34	67 92 78 40	4	3	0
35	12 40 49 52	4	2	0
36	42 25 67 57	3	1	0
37	98 62 66 90	3	3	0
38	27 48 40 100	4	1	0
39	46 65 62 31	3	1	0
40	1 47 37 84	1	-1	0
41	1 26 33 59	1	-1	0
42	97 34 24 82	2	-1	0
43	57 70 11 81	3	1	0
44	1 37 71 92	1	-1	0
45	12 83 73 27	4	1	0
46	33 72 46 6	4	3	0
47	1 58 64 36	1	-1	0
48	69 48 72 93	3	4	0
49	1 44 93 23	1	-1	0
50	3 18 50 17	1	-1	0
