Students	50
1	1 78 89 36	1	-1	0
2	5 20 75 85	1	-1	1
3	99 85 40 41	4	2	0
4	1 49 95 53	1	-1	0
5	37 90 57 36	4	3	0
6	13 74 53 59	3	1	0
7	51 65 42 85	4	1	0
8	43 14 13 10	4	1	0
9	100 48 97 16	3	1	0
10	31 9 66 99	4	3	0
11	4 25 68 55	1	-1	0
12	12 35 70 41	2	-1	0
13	58 17 95 20	4	1	0
14	23 51 80 44	3	2	0
15	53 89 32 34	2	-1	0
16	93 88 50 69	4	3	0
17	95 40 87 16	2	-1	0
18	91 33 70 17	4	2	0
19	3 94 70 47	1	-1	0
20	41 37 31 94	3	4	0
21	12 91 50 39	3	2	0
22	35 19 49 36	4	4	1
23	81 47 11 72	3	4	0
24	37 74 76 32	3	4	0
25	92 83 12 94	3	2	0
26	3 34 97 17	1	-1	0
27	14 66 6 72	4	4	0
28	73 16 96 28	2	-1	0
29	14 46 67 21	3	3	0
30	61 11 10 27	4	4	0
31	85 74 7 42	4	1	0
32	37 85 28 20	3	3	0
33	36 42 74 38	3	2	0
34	4 52 17 94	1	-1	0
35	3 56 62 41	1	-1	0
36	19 15 94 75	3	4	0
37	76 6 80 82	4	2	0
38	64 100 37 24	2	-1	0
39	56 27 88 11	2	-1	0
40	46 59 94 29	4	2	0
41	54 93 53 60	2	-1	0
42	3 59 34 79	1	-1	0
43	66 94 63 27	3	1	0
44	3 84 100 38	1	-1	0
45	76 77 82 66	2	-1	0
46	2 41 80 89	1	-1	0
47	41 60 100 84	4	2	0
48	51 18 47 40	4	2	0
49	13 70 95 25	2	-1	0
50	11 55 37 71	4	1	0
