Students	50
1	17 51 58 74	3	4	0
2	63 16 50 26	4	1	0
3	31 49 24 99	4	1	0
4	84 94 74 97	2	-1	0
5	26 70 58 12	4	4	0
6	76 11 15 49	2	-1	0
7	68 75 97 10	2	-1	0
8	77 50 49 70	4	2	0
9	2 10 86 68	1	-1	1
10	42 16 21 64	3	2	0
11	79 99 68 54	3	3	0
12	5 15 78 89	1	-1	0
13	20 83 90 73	3	4	0
14	69 23 26 54	4	1	0
15	3 87 31 17	1	-1	0
16	2 84 27 89	1	-1	0
17	3 48 63 20	1	-1	0
18	3 40 19 49	1	-1	0
19	4 35 95 18	1	-1	0
20	90 94 37 77	3	2	0
21	5 7 41 94	1	-1	0
22	51 10 87 54	4	1	0
23	3 30 52 41	1	-1	0
24	25 49 29 36	4	1	0
25	17 98 94 100	4	3	0
26	25 16 93 14	4	4	0
27	57 58 96 48	4	4	0
28	63 99 47 28	4	2	0
29	65 86 57 76	3	4	0
30	40 27 31 93	4	1	0
31	37 16 61 58	4	3	0
32	3 47 9 58	1	-1	0
33	15 28 77 73	2	-1	0
34	14 82 62 79	2	-1	0
35	14 12 15 52	4	4	0
36	21 73 91 14	3	2	0
37	43 50 73 53	4	4	0
38	28 70 40 33	3	1	0
39	74 43 39 56	2	-1	0
40	52 33 35 46	4	1	0
41	89 42 10 54	4	3	0
42	7 29 18 95	2	-1	0
43	61 37 34 53	4	3	0
44	71 24 44 53	2	-1	0
45	39 87 75 42	2	-1	0
46	2 87 48 79	1	-1	0
47	84 23 97 99	2	-1	0
48	94 88 95 27	4	1	0
49	39 97 84 90	4	2	0
50	3 35 93 45	1	-1	0
