Students	50
1	54 41 53 81	2	-1	0
2	1 53 94 67	1	-1	0
3	47 55 69 90	3	4	0
4	8 27 45 59	4	2	0
5	18 79 37 33	2	-1	0
6	66 58 38 79	4	2	0
7	43 19 7 97	3	4	0
8	37 22 86 85	4	4	0
9	63 66 30 52	4	4	0
10	5 21 62 46	1	-1	0
11	25 68 95 37	2	-1	0
12	77 39 71 51	4	3	0
13	66 85 100 86	2	-1	0
14	19 97 45 41	3	3	0
15	89 85 65 46	3	3	0
16	23 65 25 10	2	-1	0
17	59 76 92 77	3	2	0
18	44 70 37 53	3	1	0
19	75 8 74 80	4	2	0
20	44 30 76 20	2	-1	0
21	61 95 21 93	3	4	0
22	97 54 82 6	2	-1	0
23	89 23 17 37	2	-1	0
24	1 95 75 91	1	-1	0
25	76 79 50 63	2	-1	0
26	5 32 91 83	1	-1	0
27	18 54 63 46	3	3	0
28	3 51 91 86	1	-1	0
29	61 76 53 11	4	2	0
30	74 8 91 78	2	-1	0
31	59 96 38 90	3	4	1
32	7 54 21 37	2	-1	0
33	24 43 44 20	3	2	0
34	4 28 65 68	1	-1	0
35	39 76 97 26	4	2	0
36	44 60 80 94	2	-1	0
37	5 12 15 49	1	-1	0
38	59 20 33 54	3	3	0
39	88 13 23 49	4	4	0
40	69 95 48 28	3	4	1
41	92 44 26 91	3	2	0
42	74 97 23 40	2	-1	0
43	3 69 67 17	1	-1	0
44	49 81 68 30	4	2	0
45	66 70 82 42	2	-1	0
46	38 80 82 46	4	1	0
47	4 53 29 14	1	-1	0
48	57 82 60 15	2	-1	0
49	5 37 54 75	1	-1	0
50	33 45 39 53	2	-1	0
