Students	50
1	98 22 18 97	4	4	0
2	61 97 98 31	3	1	0
3	35 83 20 12	2	-1	0
4	72 25 66 49	2	-1	0
5	87 81 37 48	2	-1	0
6	1 31 85 51	1	-1	0
7	94 83 71 19	4	3	0
8	4 9 70 59	1	-1	0
9	2 73 34 62	1	-1	0
10	24 58 15 84	2	-1	0
11	76 61 24 73	4	4	0
12	86 75 23 10	4	3	0
13	3 6 18 84	1	-1	0
14	79 30 59 40	4	2	0
15	45 35 56 92	2	-1	0
16	4 82 61 96	1	-1	0
17	3 41 73 31	1	-1	0
18	71 90 62 55	4	4	0
19	12 50 83 80	2	-1	0
20	35 46 9 22	2	-1	0
21	71 82 34 62	2	-1	0
22	86 39 43 95	3	4	0
23	55 44 92 65	3	4	0
24	3 39 91 56	1	-1	0
25	83 54 39 44	3	3	0
26	35 48 70 60	4	3	0
27	65 76 20 78	3	4	0
28	7 73 20 66	4	1	0
29	10 39 82 54	4	2	0
30	4 33 32 93	1	-1	0
31	1 100 39 78	1	-1	0
32	56 35 52 20	4	1	0
33	99 95 37 83	2	-1	0
34	13 32 95 80	4	4	0
35	89 96 97 72	2	-1	0
36	96 30 13 25	4	3	0
37	53 40 72 49	3	2	0
38	60 49 92 90	3	2	0
39	1 53 94 92	1	-1	0
40	4 49 10 30	1	-1	0
41	80 11 8 68	4	1	0
42	26 97 62 23	3	4	0
43	53 48 43 42	3	2	0
44	43 96 46 51	3	1	0
45	66 64 37 12	4	3	0
46	59 25 43 31	4	2	0
47	61 58 37 52	4	3	0
48	98 80 89 82	3	1	0
49	21 9 52 18	4	4	0
50	72 11 83 87	2	-1	0
