Students	1167
0163913	007877 
0496952	006023 
0692830	011321 
0742992	008763 
0854238	003572 
0892947	007372 008500 
0951759	001836 002151 006846 
0997873	003572 006519 
1058218	003277 011962 
1069904	001836 002160 006846 
1073211	004304 006029 
1075130	001547 
1078911	008500 
1095145	002874 003572 011943 
1124340	001213 001248 012666 012891 
1138637	008824 
1155748	001862 006538 006555 
1156319	003027 006029 
1157995	001836 002160 006846 
1162423	005181 005247 009304 011844 
1162443	003441 003485 003572 
3061917	008479 008485 012895 
3062898	002992 009263 
3062958	005724 012891 
3063119	002562 004355 004660 007920 
3068251	008479 009270 012770 
3068444	005181 005247 005286 009304 
3078987	001444 004048 005742 
3079120	003277 003572 007381 007397 
3079887	006538 007380 
3081179	004274 004288 004888 008769 
3082058	003277 007026 009304 
3082370	001473 002876 009386 012757 
3082852	001895 004379 
3084075	003572 004011 004827 006026 
3084353	001213 001248 008763 011844 012891 
3085846	007375 012227 
3086938	002855 004009 011321 
3086995	004014 005193 006519 006565 
3087141	001836 011321 
3087948	006846 012730 
3088147	001752 002472 007904 011237 
3089542	001844 001845 004274 011844 
3090058	002413 002465 002472 
3090312	007026 009266 012724 
3091169	004048 005742 
3091747	001161 001763 
3091892	007372 
3092091	001839 001844 001890 
3092196	006537 
3092411	002175 009263 
3092577	003572 004827 005742 011960 
3092604	004389 006042 
3092781	001862 002874 012763 
3093208	002166 002175 011826 
3094263	001752 004379 006500 006863 
3094527	005190 007372 012891 
3094556	006042 006044 
3094700	001473 006519 012757 
3094744	004279 004280 006042 
3095391	002414 004065 009304 
3095396	003435 004389 012325 012770 
3095417	003500 003514 003572 004888 
3095612	005179 005724 006029 007372 
3095765	006863 006865 007372 
3095908	006044 006846 012763 
3096489	002635 
3097009	003270 007372 007380 010961 
3097082	004735 012837 
3097592	009266 011528 
3097709	010961 012763 
3098317	001839 001895 
3098380	002175 007904 011826 
3099184	001747 006044 009263 012763 
3099423	006863 011035 
3100468	007375 010961 012895 
3101150	001766 003541 003572 
3101907	003416 004379 005190 005222 
3103166	006042 
3103203	006023 007920 
3103910	007125 007127 012819 
3104014	003572 006519 
3104716	003514 003572 
3104777	001473 009386 012737 
3104870	002394 002472 002635 
3105219	007125 007127 
3105292	003034 007125 
3105382	005181 005210 005257 006502 
3105866	002413 002472 006042 
3106403	001839 001844 011204 
3106446	003031 
3107224	005257 006565 007125 007127 
3107592	002992 007127 
3108487	003007 007049 007127 
3108691	012442 
3108814	002572 007900 011965 
3108886	003007 003009 011063 011321 
3109227	004048 006042 
3109335	003478 
3110627	006044 006050 
3110756	007894 007909 009296 
3111037	006538 012738 
3111582	001185 008769 009270 009386 
3112040	002874 008479 009270 012724 
3112329	001763 003416 005193 
3113753	001161 001213 008484 
3114139	004021 005724 
3114251	007375 007381 012895 
3114269	007381 012099 
3114701	002568 002572 006846 
3114776	004827 005190 006519 012731 
3114853	002162 002166 011826 011964 
3114872	005742 
3115257	002637 006050 
3115992	001839 006846 011963 012760 
3116564	005865 006042 006050 
3118027	007127 011321 012299 
3118090	001161 001247 001844 
3119048	007397 
3119630	001766 003572 
3119909	002175 
3120610	007397 007406 008457 012895 
3120788	001473 004874 004888 006023 
3121199	006525 006538 006565 011838 
3121582	002562 002635 007909 007920 
3121782	004827 004888 011063 
3121966	005181 007127 011237 012727 
3122181	001757 003435 003514 
3122857	001248 003007 012770 
3123316	001213 001433 001473 012757 
3125127	006846 
3125322	001213 001473 011204 011844 012757 
3125450	003416 003478 003572 011943 011960 
3125808	002430 002472 011844 012884 
3125856	006044 006050 
3125873	001767 003572 
3126433	006042 010961 
3126602	001248 005272 006508 
3126639	003478 005286 009304 011943 
3126731	001547 006042 008773 012353 012763 
3126772	009304 011063 012325 
3126883	003572 011844 011943 
3126930	007375 012895 
3127044	002876 005154 009304 
3135241	001185 001248 004666 012837 
3136630	004048 006023 
3138631	002465 
3142378	001839 011964 012895 
3145520	001845 011204 
3145694	002562 005735 
3149019	003572 006044 011943 
3150160	002175 009386 
3150738	007397 008479 
3150843	003031 003478 004389 
3151195	002465 002472 
3151640	003007 004065 011204 
3152434	003416 003572 009263 009270 
3152571	006519 006538 006555 007381 
3152572	006044 006501 007008 012724 
3152623	001151 001213 001248 009263 012891 
3152667	002876 003500 012763 
3152743	005845 
3152788	003277 003572 011943 
3153306	003572 004665 008457 011838 
3153473	005154 005210 005272 009304 
3153576	003485 008479 008484 012770 
3153713	001433 001473 002151 004827 
3154498	001161 001844 001897 003034 
3155033	002674 007125 007127 
3155060	001213 001473 001845 011844 012757 
3155201	003435 003514 003572 011035 011943 
3155346	004048 012763 
3155348	003270 
3155695	005845 009304 
3158474	001862 001895 002160 
3160008	001248 
3160933	006537 006555 006557 008484 
3161390	005742 008810 008824 011960 
3163183	008479 008484 008500 
3165225	001763 003572 011943 
3165880	002413 002465 002472 004355 
3166656	001213 002433 002472 
3169335	004839 
3169644	002433 004827 004888 
3170878	004827 004888 
3171506	004036 005257 009304 
3173096	002166 008485 008500 
3173283	001895 008773 012849 012923 
3175356	003572 011943 
3175457	002635 008769 
3177063	002413 006023 009266 
3177165	009266 
3177284	003441 003572 
3177388	008485 012895 
3177873	001862 006846 012291 
3178019	006555 007406 012895 
3179026	001767 003572 012724 
3179110	007010 
3180821	010961 
3181938	003034 007125 007127 
3183942	001895 002162 011826 
3185122	002562 003007 006044 012763 
3185376	001895 006846 011204 
3185620	004827 012737 
3188399	006044 006050 006860 
3188793	001213 001248 003009 
3188879	001767 001838 
3188882	002562 008763 
3188887	004359 
3189051	001839 001895 002162 
3189715	002472 004827 004832 
3190134	004874 004888 012729 
3190685	002992 004389 006863 007904 
3190778	003478 
3190802	005181 007127 008769 011321 
3191191	002876 005865 
3191198	007125 007127 008824 
3191210	002465 002472 011321 012819 
3191285	006042 006044 006848 008778 
3191340	004274 005845 006865 012099 
3191428	004888 011962 
3191823	003572 012727 
3191834	001752 001757 006042 006044 
3191876	008479 008500 
3192054	004874 004888 005193 011849 
3192055	006042 006044 012770 
3192437	001838 002562 012443 
3192657	006042 008824 011317 012763 
3193161	007125 007127 
3193288	006042 008800 011317 012763 
3193672	001433 001473 012757 
3193776	002162 007904 011826 012763 
3193987	006848 011321 
3193996	007127 011321 012819 
3194322	007127 008457 012325 
3194428	001161 001890 001897 002669 
3194474	001767 003441 003478 003572 
3194683	005181 006026 008484 
3194873	003277 003572 012727 
3194888	001766 003572 004827 012737 
3196059	004666 007125 007127 
3197905	001836 003441 005181 009304 
3203791	007125 007127 
3203991	004355 006042 
3204153	007380 007406 007900 
3204243	002465 002472 003001 
3204248	007125 007127 008800 
3204279	001845 007125 007127 012819 
3204306	003001 003027 
3204495	002562 003416 006863 007904 
3204517	002876 
3204619	001838 002465 002472 
3204644	002175 006026 
3204688	002151 004279 004280 012666 
3204830	001839 002160 008479 008500 
3204893	003027 
3204905	004013 006026 006029 
3205138	002676 005179 011943 
3205208	003441 003572 006537 
3205324	006042 007043 008773 012763 
3205329	007397 008485 
3205337	006042 006044 012763 
3205450	002855 008774 012227 012724 
3205454	002175 
3205491	002465 002472 012770 
3208714	008485 008500 012770 
3209232	001213 001248 008763 
3209294	001213 001248 002671 011844 
3209843	004065 008763 
3209872	007034 007375 007380 007381 
3209873	001161 001213 001444 009386 
3209936	004065 004874 004888 
3209949	003435 003454 003572 011943 
3210027	002433 003435 003572 011943 
3210074	001862 
3210876	002562 006044 008479 
3211006	006846 007380 011963 
3211081	001844 001890 004274 012770 
3211128	003572 011063 012729 
3211155	005247 011321 
3211335	004827 007080 007127 012737 
3211360	001213 002175 
3211384	007397 
3211393	003277 006023 009304 
3211396	002465 002472 005181 012325 
3211473	001151 001839 001890 001897 
3211478	003541 003572 012727 
3211542	002876 003454 
3211593	007381 012895 
3211643	002472 004065 012885 
3211727	004666 006042 006044 011035 012483 
3212008	008479 008485 
3212165	004827 004888 008810 008824 
3212293	002367 004665 008810 008824 
3212349	002562 002855 002992 003407 005210 
3212784	003572 011943 
3212787	001248 012666 
3213217	003007 007125 007127 011204 
3213402	008500 012483 012819 
3213412	002175 003009 
3213840	005247 009304 012325 
3213909	008479 008500 011321 
3213921	001433 001444 009296 009386 
3213968	004389 004852 012729 
3214138	006050 
3214147	002166 006863 006865 011826 
3214299	007406 008769 
3214704	006565 007080 007125 007127 011063 
3214899	009263 012658 
3215081	008810 008824 
3215249	006557 007026 
3215601	001185 001213 001423 012757 
3215666	001839 001890 001897 
3215759	003007 003027 
3215784	003554 003572 006042 006044 
3215876	001151 003416 003485 012317 
3215879	006044 008774 012763 
3215889	001161 004279 004288 006023 006846 
3216013	004011 007372 009304 
3216244	008479 008500 010961 012325 
3216420	009270 
3216554	002663 004065 004389 
3216580	006044 006050 006500 012763 
3216609	001213 001844 001845 012299 
3216633	006044 008479 008485 012763 
3216649	004739 
3216840	001766 003478 003572 
3216871	001767 004379 007010 011943 
3216898	004065 
3216906	006038 008484 008500 012763 
3216914	012442 012891 
3217195	003277 007397 
3217313	002635 006044 012763 
3217346	002151 011963 
3217371	006038 009266 012763 
3217372	005742 007364 
3217408	004832 012727 
3217413	003007 007125 
3217415	008800 008824 010961 011317 
3217434	005272 008500 011838 
3217439	004048 005272 008500 
3217444	004827 004874 004888 012737 
3217540	001838 004827 
3217543	002414 
3217604	001433 001473 005141 005286 
3217615	002669 003478 003500 012483 
3217667	003027 006044 012763 
3217724	002992 012730 
3217778	001213 001248 001562 004011 012354 012355 
3217785	001845 007125 007127 
3217793	005154 008773 009304 012325 
3218034	008500 
3218135	003500 003572 
3218679	002562 006502 007380 007381 
3218908	003416 004279 004288 
3219029	001433 012757 
3219367	001747 011035 012317 
3219436	003009 004660 006500 012227 
3219633	002568 002572 007372 011965 
3219639	001839 002160 006044 011963 
3219685	002394 002413 008773 011204 
3219719	001844 004827 004874 012731 
3219783	002876 005193 005222 
3219920	003441 003541 
3220091	004739 005193 
3220189	002674 003441 003478 003485 003572 
3220304	003001 003027 006042 006044 
3220537	002643 003007 009263 
3220923	003007 003009 003027 006029 
3221081	002669 007043 012819 
3221143	001213 002992 011204 012760 
3221557	003027 008773 
3221785	004827 012731 
3221922	001839 001862 008769 012721 
3222944	001839 012288 
3223001	003441 005190 008773 009304 
3223593	003001 003007 003027 011321 
3223740	004379 004389 004888 
3224239	003454 003478 003485 007364 
3225263	002637 
3227175	002175 006500 
3227208	002162 002166 006042 011826 
3228759	001213 006044 
3228778	001763 002876 011986 
3228861	007909 
3231826	007043 011960 
3232225	004832 007406 012895 
3232625	007406 
3232650	001862 006555 006846 
3232822	006846 008769 
3233348	005286 
3233697	002413 003270 005247 011838 
3233850	002465 012770 
3236537	001838 007375 
3238414	002394 007372 
3239030	006038 006042 007372 
3239494	001213 009386 011204 
3241045	002466 003009 003416 012770 
3241545	003441 004009 007381 
3241876	001151 007881 011035 
3242147	001836 009263 011838 
3242496	001433 002876 004011 004274 004827 
3242506	001444 004011 004660 
3242553	001156 004014 004804 
3242649	002162 002166 006846 011826 
3242666	002562 
3242817	001444 004355 011960 
3242920	002992 012727 
3242936	001767 003454 012325 
3243105	001839 002160 006029 006848 
3243225	004660 007026 011063 011960 
3244179	001429 004009 004280 012757 
3244203	005181 005190 007372 007881 
3244790	004359 005141 
3244921	001423 002992 005141 011064 
3245522	001185 002160 006029 006846 
3246661	007372 007381 
3246830	003006 005161 005845 006500 
3247055	001839 001844 002160 002674 012737 
3247156	001838 002876 005141 
3247887	001429 004280 004660 005190 012757 
3248149	002635 007375 007380 
3248177	007372 007380 
3248179	006538 
3248182	001862 002876 012291 
3248326	003441 004021 004036 007010 
3248716	006044 
3249531	001836 007380 012354 012895 
3249841	002162 002166 006042 011826 012763 
3249965	007375 007380 008769 
3250904	002162 002166 006846 011826 
3250907	001845 012288 
3251946	003001 003007 004011 006042 
3251957	001423 001444 012757 
3252374	005141 005247 011064 011960 
3252673	001844 002992 004279 006848 
3252851	004827 004832 006023 007034 012731 
3254053	002394 
3254195	005141 005181 005247 005257 
3254237	001444 002394 002413 005290 012884 
3254879	001766 004827 011943 012727 
3256154	006508 008773 011321 011844 
3256706	008457 008769 011321 
3256812	007125 012442 
3256961	011237 
3257376	003435 004011 006508 006525 
3258543	001151 004036 009386 012760 
3259090	006863 006865 007010 
3260264	002162 002166 004014 006846 011826 
3260308	006555 012819 
3260419	002674 003514 004827 012731 
3261697	001757 011528 
3261754	003001 003027 
3261847	001151 002160 006042 006044 
3262172	004288 011063 
3262890	001839 002160 006023 012288 
3264020	001161 006029 007372 007381 
3265154	001213 004036 011204 011528 
3265450	008467 008479 008484 011204 
3266721	001161 001845 002151 005722 
3268127	001151 001161 003416 011844 
3268686	004065 004827 012731 
3275971	003454 007381 011063 011237 
3276024	008479 008484 012325 
3280006	001433 004355 004827 012731 
3282664	012325 
3283446	001839 001844 004036 012288 
3284809	001767 004379 007026 
3288377	002162 002166 004827 011826 
3292462	001757 004036 006044 007364 
3293645	007381 011963 
3295766	003435 003441 003447 004874 
3299552	001836 004036 007380 007397 
3302457	006537 007034 011237 
3303921	007372 
3303949	001836 006044 008800 012763 
3304008	001151 001213 006846 011204 
3304197	002876 003416 004021 
3304324	002671 004013 007381 
3304359	003006 003454 
3304723	003006 003009 003027 004827 
3304941	004827 006508 006565 
3305199	001767 003454 
3305222	004665 
3305828	003485 011943 
3306482	002162 006044 011826 012763 
3306692	003006 007375 011063 
3306703	004666 006023 
3306761	002433 004827 012731 012737 
3306835	001839 002162 004389 007381 011826 
3306968	006042 006044 011962 
3306992	001161 003270 003447 012770 
3307321	001444 002874 004036 
3307400	006038 006042 006860 006865 
3307517	001839 001862 006846 
3307952	002876 006023 008774 
3308669	002367 002394 002414 004288 
3308695	001839 006846 012288 
3309042	007026 
3309190	001839 001862 003001 006846 
3309285	004827 006846 008769 012731 
3309375	002992 006863 006865 
3310852	006846 007375 007380 007381 
3311410	002160 012443 
3311445	001185 001213 001862 012895 
3311452	001838 004827 004832 011960 
3312024	002152 002567 007380 007381 
3312113	001766 008484 
3312114	003441 003478 003500 008457 
3312285	002876 003416 011531 
3314945	001839 001844 002160 012288 
3315059	001895 012704 
3315308	002151 002855 006023 008763 
3315613	001151 001845 004274 
3315676	002413 
3315776	001213 005210 005222 012325 
3315789	004832 008778 008800 012731 
3315961	002162 002166 002643 005272 011826 
3316273	001844 008484 008500 011321 
3316281	001185 001213 002160 011204 
3316614	001836 002175 006044 006863 011826 
3316653	002162 002166 011204 011826 
3316693	001836 002160 006042 012763 
3316782	001757 001766 004011 
3316819	003027 004666 006042 006044 
3316906	007397 008467 
3317266	001151 001836 001845 012891 012895 
3319378	008479 008485 008773 
3321377	007381 011838 
3321787	006863 006865 007010 
3321831	003447 005724 008467 
3321871	004806 007125 012819 
3322084	003001 003006 006846 
3322141	003006 003027 006042 006044 
3322204	002637 003007 008479 008484 
3322236	003435 003514 009270 
3322663	002414 002465 008457 012724 
3322686	001151 003478 005181 005190 007010 
3322722	004279 006023 008763 
3322740	012727 012891 
3322752	002413 011838 
3322777	001836 004013 004804 
3322939	003478 006519 008800 011317 
3322942	002414 002465 006026 008773 
3322949	001766 003514 008774 
3323189	001151 001213 012666 
3323328	002151 002637 002992 006026 
3323493	003007 003447 008763 011838 
3323539	008763 
3323601	002855 004013 006500 009270 
3323602	001151 002151 002855 008769 
3323608	001838 004014 007010 011317 
3323644	004279 004280 012770 012895 
3323692	001862 011204 
3323699	001839 001862 006500 006508 
3324108	001151 001836 002160 006029 
3326451	002992 004832 006042 008769 
3329172	007406 
3329187	001766 005190 008778 
3329459	003454 007364 
3329656	005724 006023 008800 012443 
3329668	002160 004036 009386 011204 
3329671	007406 
3329744	005735 011063 011321 
3329756	007375 007381 008769 012724 
3329757	002663 002674 
3329812	004804 006846 
3329836	001213 002876 011844 012760 
3329885	001838 008763 011838 
3329964	001766 001767 006026 
3330095	007375 012895 
3330203	001151 007372 007381 008769 
3330273	002160 005272 007375 012895 
3330334	001151 004274 005272 006044 
3330372	002162 002166 004014 011826 
3330377	004660 005247 011064 
3330431	004279 004297 006863 006865 
3330439	002162 006042 006044 011826 
3330597	001747 001757 004827 
3330627	003007 004065 012884 
3330630	001845 006500 008769 012723 
3330820	002367 002472 012299 
3330926	003485 005181 005247 
3330986	003006 006042 012763 
3331090	004009 007043 012227 
3331184	001151 001161 001838 002367 
3331451	001838 004021 
3331473	001845 006023 006846 007397 
3331474	007397 007406 
3331483	002992 003447 007010 011064 
3331496	001151 007380 007381 011960 
3331578	001839 002160 007381 011963 
3331582	002992 006042 006044 012763 
3331618	005272 008769 011963 012291 
3331638	003006 003454 006023 
3331737	001151 002855 008763 009270 
3331776	006860 006865 
3331989	001844 002160 003441 003485 
3332236	001151 002855 002874 007380 
3332249	005141 005257 011064 012739 
3332252	006500 007372 007380 007381 
3332409	011063 012227 
3332410	007006 007008 012724 
3332411	006038 006042 008778 
3332421	004036 005141 012819 012891 
3332425	007008 008778 
3332518	008467 008479 
3332580	001844 004279 006023 
3332654	001423 004827 006865 
3332714	001547 001836 001845 003447 
3332738	004274 005724 007010 009270 
3332746	002855 006023 
3332761	001423 001444 012757 
3332871	005847 006860 
3332955	004011 006538 007375 
3332978	001156 001845 002162 002166 011826 
3333105	003441 006023 
3333138	002367 004280 005181 007881 
3333260	001151 001836 008778 012760 
3333301	001844 002151 007381 
3333459	004665 008479 008484 011838 
3333501	001845 002151 006848 
3333635	005247 007026 
3333780	004011 007375 007380 
3334056	005724 006029 012724 
3334296	005190 
3335184	001767 005181 007372 
3335236	003478 005141 005257 007026 
3335255	003001 003027 007375 008769 
3335391	006029 
3335406	002674 002992 
3335589	004036 004065 008774 012227 
3335809	004013 008484 008763 
3335999	002876 004274 004735 
3336037	003447 007381 008763 009270 
3336573	003435 007008 007375 011838 
3336640	004359 007900 012724 
3336686	003478 004274 004827 
3337363	009386 012757 
3340189	008467 
3340395	003447 007375 
3342720	002151 005154 005210 008769 
3343092	004036 004660 007010 007043 
3343234	005181 008467 
3343996	004014 007372 009386 
3344231	001151 002674 008763 009386 012355 
3344317	001747 003270 007010 
3344462	001766 005724 012325 012770 
3344476	002674 004013 004274 
3344691	001838 004827 006023 008763 
3345082	005181 008769 012724 
3345326	002367 004011 004827 006519 
3345567	001838 004013 012727 
3345933	005847 011838 
3346867	001151 
3346922	006501 006525 011063 
3347031	003478 004009 005179 007006 
3347834	001151 005190 
3348796	002635 006023 
3349789	002674 005724 007372 008467 
3349875	002992 004011 007010 
3350650	003435 003485 012737 
3350761	004280 005190 009386 012757 
3350767	001158 001161 003447 004014 
3350800	003441 004013 004804 005179 
3351178	006042 007364 008800 012763 
3351190	002876 004735 005865 
3351382	002367 002413 002414 011844 
3351448	002855 002992 006023 008763 
3351610	002160 006029 006848 
3352018	001158 002151 006029 006848 
3352587	001151 001844 002151 011035 
3354864	001763 005141 005181 012299 012354 
3356346	001836 002160 003270 007881 
3356399	002992 003485 004013 
3356546	004827 005724 009296 
3357061	001151 004660 004665 012891 
3357413	001836 007381 012770 
3357841	001161 004011 006029 008457 
3358246	001836 001845 002151 007881 
3358560	001752 002413 011844 
3358729	002855 004021 005722 
3359167	001444 004355 006042 011035 012763 
3359529	002414 004274 005141 008769 
3362013	004359 006042 007008 012299 012354 
3362124	002855 003447 004014 006024 
3364522	006508 007010 007380 
3364694	003478 006846 
3366462	002855 008773 
3366616	001423 002855 011986 
3366892	001838 002855 008773 009270 
3366901	002855 002992 008763 012227 
3366991	002367 002855 003485 008763 
3367542	002151 002855 008769 012724 
3367811	001151 001836 002855 004014 
3367832	001423 002855 002876 004355 
3367966	001836 002855 006023 008763 
3368051	001547 002855 004013 012770 
3368107	002855 004359 006024 012227 
3370273	001747 002562 002855 008769 
3371271	002160 002855 006023 012724 
3372208	001836 002562 002855 004011 
3372887	001838 004660 
3373119	001836 002674 002992 009263 
3373472	002160 006029 006846 
3373846	007372 007380 007381 009270 
3373902	001845 006029 007381 012288 
3374246	004011 007381 012760 
3374627	002160 006029 006846 009263 
3374832	003270 006023 
3375084	001836 002160 002992 004660 
3376542	006500 006502 007010 012760 
3380907	003006 007372 
3381343	001836 001839 002637 006846 
3381444	002992 
3381996	001185 006029 007375 007381 
3382096	006026 009263 012658 
3382098	001836 002160 012658 
3382524	002992 003447 008769 012658 
3382642	006525 008479 008769 012891 
3385569	003270 006026 011204 012891 
3387721	001836 002992 007375 
3388003	001836 002160 002635 
3388046	004274 005141 005181 005222 
3388359	002367 008457 008467 012317 
3388364	005190 
3388458	003454 003485 005722 
3388628	003478 005119 
3388630	003009 006023 008769 011063 
3388648	004014 006508 006555 007043 
3388714	002160 006846 
3388734	001836 002160 008774 
3388735	002562 008773 011844 
3388799	001836 002855 006023 008763 
3388844	001151 007006 007372 012891 
3388882	001151 001836 006029 008769 
3388883	001836 001844 004036 004665 
3388914	002413 008467 012770 
3389259	005724 007375 011838 012325 
3389314	004839 011844 
3389434	004274 004389 
3389464	005735 006026 009296 
3389488	001156 005181 008773 011844 
3389664	003027 
3389687	001836 002992 004036 006029 007364 
3389756	005847 006038 011838 
3389864	003001 004013 006029 007364 
3389987	002151 007364 011844 
3390008	001429 001433 005847 
3390020	005724 012724 
3390131	001836 002160 006029 008769 
3390193	004011 004827 011064 
3390229	004011 008467 008484 011528 
3390278	009296 
3390414	002413 005141 005181 
3390492	003001 003007 006023 007010 
3390539	001151 001444 007375 008769 
3392028	004827 
3393733	004013 004827 008763 
3394688	003270 005181 006029 008773 
3394978	004832 005724 009386 012724 
3395005	003485 006501 007881 007904 
3395143	004665 004827 005222 005724 
3395332	002992 007010 012658 
3396570	001836 006538 007381 
3396601	003435 004014 006029 006848 
3396618	002855 004009 006023 007008 
3396626	002562 003441 003454 008773 
3396665	012317 012729 012737 
3396701	002855 006023 007881 007900 
3396763	001547 003441 003447 005724 012354 
3396786	001767 003441 004827 
3396808	005141 005181 
3396895	007010 007364 008769 
3396956	001747 002855 006023 008769 
3397064	004011 004827 004839 
3397115	002151 002855 004806 006023 
3397154	003270 008457 012325 
3397250	002160 004013 006029 006846 
3397398	003270 
3397566	007008 007372 012483 
3397567	001161 001845 002151 003447 
3397573	001547 002151 005724 012354 012771 
3397575	001836 002160 006029 008769 
3397670	007375 008773 
3397815	004806 007375 008769 
3397844	002152 002855 006029 008769 
3398026	002674 007010 007364 012737 
3398041	002635 002855 006023 007364 
3398117	004011 004355 011849 012837 
3398166	002151 004827 006848 009296 
3398251	008769 011838 012442 
3398464	004036 004355 011531 
3398495	004014 011064 
3398618	004274 005181 008769 
3398717	004048 006500 006502 
3398828	001838 002562 002855 008769 
3401632	005181 007372 008467 012352 
3403427	002367 004014 009263 
3403440	007364 007375 
3403481	001151 002855 005722 006500 
3403530	002562 006863 006865 
3403558	001767 003001 007026 008457 
3403576	002160 006846 012658 
3403580	002855 007364 008773 
3403581	001836 002160 004011 007372 
3403676	007372 007375 007381 008774 
3403680	001836 002160 007375 009263 
3403953	001836 002160 006029 008769 
3403968	002413 002414 003006 006023 
3404051	002992 006023 008769 
3404068	002152 002567 002568 006026 
3404308	004874 005181 012731 012737 
3404522	005141 005724 006029 
3404683	004359 004827 006023 007375 
3404803	002855 004274 008769 
3404942	001151 006023 
3404945	001151 001752 002562 003447 
3404971	002855 005722 006023 
3404979	006501 
3405066	002855 002992 006024 008769 
3405092	001836 002151 002674 003447 
3405177	001845 002674 003416 008479 008484 
3405247	002151 002855 006023 008769 
3405257	001156 007043 012724 
3405286	002160 006029 006860 
3405288	005141 005181 008484 
3405296	002663 005722 006525 007904 
3405419	001838 008769 
3405436	001836 002160 012658 
3405444	002413 002855 006026 
3405568	002567 003270 011838 012317 
3405615	003001 003027 006029 
3405677	001444 002855 002876 003407 
3405705	001151 001423 002855 005847 
3405778	002367 002635 002855 006026 
3405863	003009 004036 006023 
3405873	001844 001845 002151 008800 
3405943	002151 002992 008769 012288 
3405996	001838 002876 005161 005845 
3406004	002160 006029 006846 008769 
3406020	001151 006029 007375 008769 
3406150	002151 006029 012227 
3406193	002855 005193 005724 
3406196	002855 003478 007026 011960 
3406345	002855 002992 006023 008773 
3406402	002855 003478 
3406438	003001 003027 006029 008774 
3406490	003009 005724 007375 012325 
3406546	002413 002465 007008 012770 
3406623	008769 011063 
3406660	002674 002855 004011 006023 
3406695	002160 002855 002992 004009 
3406700	006860 
3406720	004359 012724 012759 
3406817	004014 007372 012727 
3406889	001763 003006 003416 006029 
3407079	003478 003485 
3407233	001836 011844 012891 
3407265	001836 002160 006029 008769 
3407466	002160 006848 008769 
3407547	002367 002855 004009 006848 
3407566	002367 006029 008763 012770 
3407597	001845 004660 007034 
3407639	002992 007364 011204 012483 
3407829	002151 002855 005190 008773 
3407911	001151 001836 002992 007006 
3408037	002160 005210 006029 006848 
3408041	002151 007364 
3408049	003006 012837 
3408188	002562 002855 005845 006500 
3408191	002413 003009 004011 012770 
3408223	002855 002876 004355 007364 
3408249	006042 006865 008769 012353 
3408271	002151 002855 006023 008769 
3408274	002160 005847 006029 006846 
3408280	002562 007006 
3408292	001151 002855 004011 006024 
3408495	003454 003485 007364 012227 
3408625	001836 002160 006029 
3408654	002151 002855 005722 006023 
3408708	002855 003270 004011 006026 
3408776	006042 007006 
3408796	002855 003416 012299 
3408797	001429 004355 
3408820	002160 002562 006848 
3408846	002855 004013 005141 006029 
3408958	002152 002855 002992 003407 006023 
3409020	001836 002855 002876 006023 008769 
3409062	002562 002855 004014 007008 
3409080	003006 003009 006029 011063 
3409172	008773 012325 
3409318	002855 004011 009270 012227 
3409419	001836 002635 007364 
3409420	001547 006023 008800 012299 
3409422	002992 003441 007010 007375 
3409423	002367 002414 012658 
3409424	001151 001763 008763 011838 
3409425	007006 007372 008778 012227 
3409464	001763 004013 007364 
3409477	003001 003027 006029 008769 
3409495	001158 004009 004827 009386 
3409497	002367 004827 006848 008774 
3409510	003270 004009 004274 
3409519	003416 004827 005724 006023 
3409557	003006 004666 006029 
3409588	002855 004806 005722 006023 
3409594	002151 002855 005722 006024 012355 
3409695	001838 003478 007010 008778 
3409706	001757 001763 
3409721	003006 003009 012760 
3409736	005141 005181 006023 
3409758	004379 011317 
3409760	002992 003478 003485 004011 
3409777	001151 004013 006023 
3409781	002669 004014 006500 
3409792	002160 006029 006848 008769 
3409934	003001 003007 005119 006029 
3409975	001444 004011 
3410139	003001 003027 007364 008769 
3410213	001763 008763 012227 
3410355	002674 006555 007372 008769 
3410480	004009 006525 007008 007900 
3410501	002643 006042 006044 006848 
3410516	002367 006029 006508 
3410528	002855 006024 007364 008769 
3410539	002855 008457 008769 012724 
3410542	002151 002855 006023 008769 
3410567	002562 002855 008763 009270 
3410638	002562 003447 004014 012849 
3410686	002855 006501 012849 
3410863	002855 004274 004804 005722 
3410901	007008 007026 008769 
3410921	002151 002855 007010 008769 
3411329	002855 005722 006500 011962 
3411330	002635 002855 002992 006023 
3411892	002151 002855 005141 
3411992	002855 004009 006501 
3412447	002562 002855 004014 012227 
3412459	002855 005722 006500 009270 
3412802	002367 002855 004009 006026 
3412856	002855 006023 007364 008763 
3412859	002151 002855 006023 008769 
3413259	001747 002855 005722 006023 
3413306	002855 005845 006023 
3413362	001151 002367 002855 005722 
3413466	001836 002855 008769 012724 
3413575	002562 002855 007364 008769 
3414026	002855 008773 011838 012727 
3414122	002151 002855 006023 007877 
3414175	002855 004011 006023 
3414192	001423 002855 005179 005722 
3414568	002855 002876 004359 
3414711	001836 002855 005141 008763 
3414836	001156 001767 002855 007034 
3415386	002855 002992 007006 008763 
3416098	002855 006029 012317 
3416145	002855 002992 004011 012770 
3416251	002568 002572 008769 011965 
3416392	001767 002855 005722 012737 
3416740	002562 002855 008763 009296 
3416785	002855 007006 008769 
3416942	001838 002367 002855 
3417016	001838 002855 012849 
3417517	001423 002855 004009 
3417536	001151 002855 006500 008773 
3417572	002855 004359 006023 007364 
3417641	001151 002855 007900 008769 
3417778	001151 001423 002855 004804 
3417786	002855 006029 006860 
3417823	002855 003416 005154 005722 
3417859	002160 002855 002876 006024 
3418000	002151 002855 002992 007043 
3418177	002855 004009 006029 006860 
3418442	002855 004013 006024 
3418591	001838 002562 002855 007877 
3418635	002855 007364 008763 012227 
3418666	002855 003441 004011 
3418978	002855 004013 006500 012227 
3419060	002855 005722 007381 
3419071	002367 002855 002992 
3419076	001838 002367 002855 002992 
3419080	002855 002876 012838 
3419088	002855 004274 004832 008800 
3419139	002855 004011 012724 
3419140	002855 004011 007894 
3419141	002855 004274 004379 007372 
3419157	001836 002855 004011 004804 
3421242	002151 002855 004009 
3421266	002855 004359 005141 
3421946	002562 002855 003485 008769 
3421954	001151 001423 002855 004359 
3421988	002855 002876 005181 
3422024	002855 005847 006023 012849 
3422128	002855 005141 005161 005722 
3422154	001747 002674 002855 005722 
3422155	002855 007364 008778 012724 
3422232	001836 002151 002855 006023 
3422254	002855 003478 005161 
3422256	001423 002855 005722 012353 012724 
3422316	002562 002635 002855 
3422564	001151 002855 003485 008769 
3422574	002855 005845 006024 006500 
3422618	002151 002855 006024 008769 
3422720	002855 007006 008769 012227 
3422805	002151 002855 006024 008769 
3422823	002151 002855 006023 008763 
3422949	003270 
3423128	002855 002992 006023 007364 
3423208	002151 002855 005722 006023 
3423366	001151 002855 004665 008763 
3423375	002855 006026 012483 012849 
3423400	001151 002855 004009 006024 
3423482	002855 003407 008763 
3423500	002855 002992 004009 007364 
3423502	002855 006029 006848 008769 
3423555	001151 002855 008769 
3423577	001151 002151 002855 008763 
3423580	001423 002855 005722 009270 
3423648	002855 005845 007034 
3423682	002855 003447 012770 
3423716	002151 002855 006501 
3423725	002413 002855 004013 012724 
3423867	001151 001836 002855 008763 
3423870	002562 002855 004665 008763 
3423871	002160 002562 002855 006024 
3423957	001151 002635 002855 009270 
3424051	002152 002855 004009 006024 
3424073	002367 002855 002992 004009 
3424094	002151 002855 004014 006023 
3424162	001838 002855 008763 
3424172	002855 008763 
3424250	002855 004011 007008 009270 
3424361	002855 007372 011532 
3424449	001151 001836 002855 005722 
3424462	001151 002855 002992 008763 
3424499	001151 002855 007381 008769 
3424660	001156 002151 002855 008763 
3424665	002855 002992 005190 006026 
3424681	002855 005722 006029 006848 012355 
3424723	002151 002855 006023 
3424766	002152 002855 006029 006848 008763 
3424806	002152 002855 004274 005845 
3424820	001423 002855 004011 012849 
3424869	002367 002855 004014 006026 
3425017	001836 002152 002855 005722 
3425044	002855 008769 
3425181	002855 002874 011986 
3425204	001838 002855 006500 007877 
3425218	002367 002413 002855 004013 
3425673	002855 002992 004806 012317 
3425923	002413 002414 002855 006023 
3425961	002663 002855 003500 005722 
3426085	002160 002855 006023 009270 
3426182	002152 002855 002992 006024 008763 
3426210	002855 002876 006501 007364 
3426251	001836 002855 002992 006029 
3426271	002855 002992 005722 006023 
3426351	002855 004665 008769 012483 
3426367	002855 002992 006024 012317 
3426383	002152 002635 002855 006024 
3426501	002855 006024 012849 
3426546	001838 002855 003478 004009 
3426552	002151 002855 004011 006023 
3426632	001747 002855 004274 009270 
3426850	001423 002855 002992 006500 
3426890	001151 001836 002855 012317 
3426961	002855 003485 004009 
3427461	002151 002855 005722 006500 
3427492	001836 002855 006023 012317 
3427583	001151 002855 008763 
3427605	002855 003416 004021 007364 
3427670	001151 002160 002855 003407 
3427735	002151 002855 006024 008769 
3427788	002367 002855 005847 007364 
3427802	002367 002855 003447 004011 
3427806	002151 002855 006024 
3427819	002855 003416 004013 006023 
3428049	002855 008769 
3428050	002855 003416 007006 008769 
3428114	002151 002855 004009 006023 
3428144	002855 002992 005722 007006 
3428156	002855 002992 004009 004665 
3428193	001836 002855 006023 008763 
3428344	002855 008457 
3428353	002562 002635 002855 003478 
3428541	001836 002855 006023 008769 
3428580	002855 004013 007894 
3428628	001423 002855 002874 005845 
3428634	001763 001838 002855 004013 
3428638	001423 002855 004013 005845 
3428649	002855 004009 012770 
3428682	002562 002855 003407 004009 
3428733	002151 002855 004009 006023 
3428936	001750 002855 006023 009296 
3429105	001838 002855 004014 012770 
3429352	002151 002855 008769 012227 
3429511	002855 002992 007010 007034 
3429563	002151 002635 002855 006026 
3429568	002855 002992 003407 006029 
3429674	002562 002855 003270 003447 
3429717	002855 002992 003006 004011 
3429751	002855 004009 006026 007006 
3429787	001151 002152 002855 006024 
3429801	002151 002855 004011 006029 
3429933	002855 006023 008769 011838 
3430011	002855 003478 004009 009270 
3430013	002855 006026 006500 008763 
3430123	003270 003435 005141 008769 
3430178	002855 007006 007364 012317 
3430200	002855 002992 006029 008763 
3430203	002855 004009 011532 011838 
3430249	002855 002992 003407 004011 006023 
3430400	002855 005193 
3430442	002855 006023 012227 
3430455	002151 002855 004665 008769 
3430490	002855 004011 004274 
3430506	002855 002992 004666 
3430522	002855 004274 004806 008769 
3430709	002151 002855 005845 006500 
3430796	002151 002635 002855 006023 
3430863	002855 006023 007008 008763 
3430864	002855 004009 006026 007006 
3430865	002855 006023 008457 008763 
3430887	002855 008769 012227 
3430893	002855 003416 005845 006026 
3430894	002855 006026 007364 008763 
3430895	002855 002992 007008 008763 
3430972	002855 006024 007008 008774 
3431011	002855 002992 007034 
3431074	002855 004665 
3431091	002151 006029 006846 007381 
3431580	002855 006023 006500 007881 
3431702	002367 002855 006023 007364 
3431705	001156 002855 007364 008763 
3431750	002160 002855 007381 
3431778	002855 004009 006024 
3431786	002855 004013 005179 
3431809	002855 002992 012227 012849 
3431824	002855 004011 004827 
3431859	002152 002855 004009 006024 
3431897	002855 004827 012099 
3431902	002855 006500 
3431933	002855 004355 005141 005179 
3431950	002855 002992 006024 007010 
3431980	002160 002855 006023 008769 
3431986	002855 002992 004011 004665 
3432046	002855 004009 006848 012227 
3432058	002855 004355 007006 
3432092	002151 002855 004011 006023 
3432123	002855 002992 004806 006500 
3432240	002855 006023 006500 
3432242	001151 001423 002855 008763 
3432321	001151 002151 002855 
3432445	002855 004735 006501 
3432446	002855 005141 006023 008763 
3432458	002160 002855 006023 012849 
3432497	002151 002562 002855 002992 
3432538	006502 007364 008769 
3432597	002151 002855 004011 006023 
3432831	002562 002855 002992 006023 
3432930	001423 002855 002876 008769 
3433028	001151 001844 002855 
3441685	003441 003485 
3450544	002367 005181 006500 008763 
3451063	007877 
3451166	012299 
