Students	1098
0032177	001838 
0032765	006023 
0534728	008479 008500 
0603589	003464 
0672478	004833 009304 
0710449	007007 
0731629	003270 006518 007372 007375 
0746210	004014 
0746213	008479 
0747519	004274 005869 
0748765	001213 001248 001897 009232 
0751788	005724 008479 008485 008488 
0754161	006865 006867 
0755872	004833 004888 
0757188	005154 006026 
0757321	001841 001843 002160 002992 
0769851	001766 009295 010728 
0770854	003026 004072 006042 
0773014	001183 001248 004014 
0773276	005847 007034 
0773385	001164 001839 001862 
0774062	003277 003514 
0774831	002866 007070 007127 
0779081	001180 001433 001455 005154 
0779276	007070 007127 
0780450	002866 007375 
0781472	001576 002394 
0786916	001864 003514 006846 
0789284	001213 001248 001566 001568 004301 
0799016	001892 
0803579	008500 
0807750	005157 009299 
0807767	001164 007372 007377 
0808392	007087 007127 008765 
0812300	002175 006044 
0812824	006042 006044 
0818674	003026 004021 005730 
0818892	001763 
0819118	001183 001213 001248 001839 
0819263	005210 009304 
0819450	002413 002472 003006 
0819816	001856 001897 004301 
0820055	001843 001845 007364 
0822518	003463 007375 007395 
0822717	006044 006867 
0822753	005248 006033 006044 006059 
0823997	006040 006042 009270 009304 
0824299	001423 
0824978	004377 007125 007127 009231 
0825616	002413 002472 007125 
0827772	005248 005274 006023 009304 
0827963	008420 008423 008492 
0828017	001839 002160 
0828036	004806 006033 006042 006059 
0828394	001561 007375 007380 007387 
0828596	001248 
0829808	007364 
0830197	001248 001843 002562 
0830280	001841 001864 001894 
0830862	005154 006040 006867 
0832137	007387 
0832608	009295 010728 
0832653	001748 004013 
0833188	004072 007127 010728 
0834138	003275 006058 
0845664	001843 002472 004355 
0847304	001838 010728 
0847790	002856 003003 003006 004359 
0847932	001764 002175 
0848150	001897 009231 009232 
0848355	003275 003464 
0848492	001213 001864 001892 008763 
0848680	001164 007395 009270 
0848719	003026 006029 007377 
0848773	001748 001751 
0849245	005271 007372 007395 
0849379	007125 
0849809	001569 001576 001841 
0850327	006042 006044 009212 009299 
0850382	003275 004377 010722 
0850607	001547 001576 007127 009231 
0850690	006023 007127 
0851111	005854 009259 
0851112	005854 009259 
0851310	002394 005722 006042 006044 
0851403	001566 001568 002175 
0851545	001448 001748 001751 001763 006023 
0851684	001455 001561 002872 010722 
0852109	006564 009322 009358 
0852192	003499 
0852945	002469 002472 009232 
0853970	003026 006042 
0853988	003270 003447 003464 
0855859	001766 002472 
0856128	007364 
0856959	004888 009299 010722 
0858034	001183 002472 009231 009232 
0858114	001164 004065 
0858181	001751 005157 006518 006564 
0858527	001164 001455 004274 
0858752	001213 001248 001569 004036 
0858850	006033 006059 
0858864	005274 008500 010722 
0858872	001862 001892 005123 
0858924	003454 009270 
0859066	002469 002472 009231 
0859186	002472 004839 005210 
0859231	006023 007124 007127 008767 
0859310	004888 009299 
0859564	003514 007372 
0859719	003463 004274 008500 
0860204	007125 007127 009231 
0860257	007364 007900 010725 
0860265	001576 
0860298	003003 003007 004725 
0860497	003447 
0860532	008485 008488 008500 
0860659	004009 006867 
0860663	002637 007364 009262 
0861180	007375 007377 
0861391	001843 001892 
0861504	001838 004013 005248 006023 009304 
0861648	004735 005869 008500 
0861690	002175 006042 
0861730	006033 006040 006059 007375 
0861815	001164 001894 010727 
0862049	001864 006044 006059 
0862152	001864 008485 008488 008500 
0862176	001841 008492 009259 
0864043	004072 
0865276	002175 004666 006026 
0865582	005271 
0865618	005248 006519 009304 
0865645	004072 005854 
0865667	003006 003007 006562 
0865750	006042 006044 006059 007395 
0865894	001841 001843 006026 
0866299	002162 003270 007364 
0867153	007364 
0867165	007124 007127 010727 
0867494	004072 007127 010728 
0867801	003440 003499 003514 
0868309	003026 003039 007070 
0868382	002164 002175 006044 
0868541	001841 004359 007364 
0869484	001433 001456 
0869575	002712 003514 
0869670	006023 007010 009304 
0870197	006519 
0870907	003026 003039 007070 
0871255	001213 001248 001838 004355 
0871309	004888 005157 005297 010728 
0871681	001164 001180 001456 004274 
0871788	008492 008500 
0872721	003026 006029 009358 
0873190	001766 003514 009270 
0873557	001566 001568 
0874063	004072 
0875055	003003 003007 006026 006059 
0876307	001456 
0879882	002866 003440 003464 009259 
0880639	003270 006033 
0881793	001213 001248 001843 
0882323	001894 
0882728	002469 002472 003464 
0883015	005248 005290 009304 
0883488	006519 006564 007007 
0884876	001836 002175 008467 
0885444	001164 006024 
0885910	001164 
0886011	006867 007900 
0886763	002175 
0887130	007070 007124 007127 008492 
0887308	001856 001892 003463 005154 
0887398	002366 005248 
0887467	001180 002472 
0887478	006500 
0887586	003275 007375 007377 
0887647	003003 003007 007125 007127 
0887877	004666 007896 009358 
0888075	006044 009322 
0888222	005869 009259 
0888735	001576 003463 
0889210	004065 006867 
0889384	003447 003464 009212 009274 
0889700	004735 
0889839	003447 003514 
0889858	006058 006059 009259 
0890043	001747 001751 001757 006029 006042 006044 
0890199	001164 002175 
0890665	006042 006044 006059 
0890945	003026 003270 009304 
0892206	001864 007380 
0892236	001839 001894 004666 
0892333	005210 006040 006059 
0892458	001569 001841 006058 006059 
0892568	003275 
0894845	002472 004274 009231 
0896036	001448 004666 007375 
0896287	006058 006059 006502 007070 
0896476	007381 007395 
0896487	005271 008479 009304 
0896929	002562 002866 003026 006044 
0896979	001763 003514 009274 
0897091	002416 002472 004355 004833 
0897101	002562 
0897310	002175 006040 006059 006865 
0897911	003464 006026 010728 
0897931	002413 002872 009259 
0898741	005123 007070 007127 007877 
0898872	009270 
0899135	004882 004888 006026 007381 
0899241	003007 
0899292	004833 004888 009299 
0899316	006059 006519 006865 
0899419	003007 006044 006059 
0899440	004021 004072 
0899481	004072 006059 006846 
0899636	001862 005248 005290 008492 
0899767	001566 001568 002394 006042 006059 
0900371	007380 007395 
0900409	001151 001213 001248 008485 008488 
0900429	001864 
0900525	004359 008423 
0900541	007372 007395 
0901262	001151 005154 009262 
0901409	007381 007395 
0901481	004355 004833 004888 007010 
0901539	001897 003464 004280 004290 
0901688	001841 001864 003007 006846 
0901703	004009 008763 
0901732	001433 
0901868	002635 003532 009274 
0901946	002175 003270 007372 007375 009259 
0901961	006033 006058 006059 009270 
0902118	007007 008811 
0902217	003440 003499 007375 
0902226	005290 008485 008488 008492 
0902371	001164 001839 001862 
0902541	007125 
0903035	001763 004065 
0903064	003464 003499 005730 
0903191	002366 002472 
0903222	002992 008500 008763 
0903229	003006 007125 007127 010728 
0903278	001862 001892 
0903338	001753 007380 007395 
0903436	003007 010728 
0903449	001566 001568 004027 004041 007381 
0903600	001894 004839 
0903633	001559 001843 010728 
0903917	001185 001213 005191 006846 
0904301	004041 
0904506	002162 002164 003006 
0904516	001841 001843 002160 010727 
0904540	001180 001183 001213 001248 
0904680	001151 001836 002160 006026 
0904719	002413 005722 006518 
0904752	001772 009270 009274 
0904918	003447 005727 009270 
0905351	007124 007125 007127 010728 
0905453	002872 003006 
0905540	001841 001864 001894 
0905954	007124 007127 008492 
0906035	003440 003463 003514 009274 
0906085	008420 008427 008479 008765 
0906206	002472 007125 009232 
0906362	006519 007395 
0906447	003447 004011 007010 
0906618	001838 002856 008420 008447 
0906635	007380 007395 009270 
0906738	001576 004011 007087 007125 007127 
0906963	001151 001841 002160 002856 
0907063	003003 003007 
0907150	002366 002469 003454 004725 
0907151	002637 
0907155	003026 003039 007364 
0907172	001576 
0907218	001764 
0907248	009270 
0907462	001183 
0907493	007127 
0907596	008420 008479 008492 
0907665	003499 007127 010728 
0907897	001569 001839 008492 
0907914	006042 006059 
0908002	002472 006026 010728 
0908164	001843 001892 005845 
0908375	003277 006026 007372 008811 
0908461	001843 005854 007900 009259 
0908862	001561 006033 006059 010722 
0908998	001569 001845 001862 008763 
0909216	005205 005210 007364 
0909240	006029 006040 008773 
0909560	002381 002394 002469 004807 
0909585	006867 
0909662	001566 001568 004280 004290 
0909675	001213 001248 
0909692	001841 001864 001894 
0909693	007125 
0909837	001897 004301 
0909942	007364 008420 008427 008470 
0910056	002635 003003 004065 
0910421	003006 006042 006044 
0910436	003026 006042 006044 
0910725	003514 
0910834	001547 001561 001562 001751 001757 010722 
0910884	005274 006033 006059 006500 006502 
0911218	007900 007905 009358 
0911347	004817 004888 009299 
0911361	003270 
0911598	002394 002469 006059 006865 
0911706	001213 001248 
0911775	003003 006500 007010 
0911856	001183 
0911936	001839 002160 008765 009322 
0911941	002175 003270 
0912081	006059 008763 
0912333	001843 003277 003464 009274 010725 
0912695	001838 007380 009322 
0912699	001569 003514 004807 006026 
0912781	001839 001864 008779 
0913115	007087 010728 
0913466	002635 003026 003039 
0913946	002992 004833 007034 
0913989	008479 008485 008488 008779 
0914076	003270 005727 007372 007375 
0914260	001213 001248 005271 
0914509	003464 005248 007127 010728 
0914599	004355 004833 004888 009299 
0914916	006044 007125 007127 
0915006	003514 008811 
0915226	003275 003277 
0915543	006059 
0915622	001747 006033 006044 007364 
0915648	002151 005141 005154 005157 
0915652	001164 001213 001248 009212 
0915885	001164 001839 002160 
0916427	003499 
0916595	001547 001757 001838 
0917040	005724 006023 007364 
0917165	009262 009270 
0917334	002162 002164 006846 
0917702	001183 001213 001248 002381 
0917883	001151 005123 
0918009	001547 002162 002164 008800 
0918064	001164 001183 004041 
0918074	003007 007010 009270 
0918118	001569 001892 009322 
0918153	002472 002866 009259 
0918195	001772 003440 
0918277	005210 009270 009304 010722 
0918519	007070 
0918549	001836 002855 006024 008765 
0918775	001838 003454 008763 009274 
0919283	002162 002164 007007 
0919825	002472 
0920095	001151 001839 006846 008779 
0920237	001838 004027 
0920261	006024 006500 006518 
0920400	004725 007010 007364 
0945034	003499 008779 
0945449	003275 006042 008467 010727 
0945584	009231 009232 
0945635	008420 008479 008779 008800 
0945809	001843 004021 004036 
0945959	006033 006042 006044 008763 
0946010	001839 002162 002164 008763 
0948095	002992 006042 006044 008779 
0950504	001180 001448 001456 005191 
0950811	007381 009299 
0950942	002367 009232 
0951991	001164 004041 
0952008	001763 002688 003532 
0952211	001164 003454 003532 009270 
0952594	003275 006042 007372 007375 
0952783	002162 002164 004014 
0953178	001766 003447 005248 009270 
0954240	001763 001839 001862 004036 
0954641	001839 002162 002164 
0954830	001164 001180 006044 
0954917	008773 
0957333	004355 005210 006865 006867 
0958186	006508 006865 006867 009262 
0958492	007364 
0958879	006042 006044 
0958897	001164 002413 007372 007377 
0958984	001164 001845 001862 
0959092	002151 002637 
0959189	002162 002164 
0959200	001839 006846 007381 008763 
0959337	006033 007010 008800 010722 
0960037	002162 002164 007010 008800 
0960068	001839 001862 007007 007034 
0960084	002162 002164 
0960497	003275 007375 007381 
0963528	001838 005248 008779 
0964596	001547 001561 006033 006044 007010 
0965925	003454 004359 009259 010725 
0965927	004072 008763 
0966077	001213 004725 006846 010727 
0966094	001569 002162 002164 006846 
0966125	001566 001568 004833 007381 
0966299	001164 001178 001213 001839 006846 
0966414	002872 
0967042	003464 006023 008800 
0967411	001766 003447 
0967532	004833 006026 
0967793	007070 007124 007377 
0967988	003007 003026 006033 
0968216	003447 003532 006023 009270 
0970262	001843 005191 006023 010727 
0971073	001772 005248 008779 009270 
0972633	008479 008485 008488 
0972660	002162 002164 006846 
0972861	002162 004361 006029 006846 
0976318	001838 005121 008420 008492 
0980544	001151 001766 003532 007034 
0980693	001843 002367 009231 
0982172	004036 007125 
0984724	002992 008767 009322 
0985094	001838 005205 006508 006562 
0985440	001183 002866 006564 009322 
0986262	003026 006029 006500 
0986367	007375 009262 
0986807	001164 001213 006023 009259 
0987243	002992 007381 
0987347	001836 002855 006024 008765 
0987600	002856 003003 006029 007010 
0987613	001763 006044 
0987861	007364 008765 
0987937	001164 002149 006023 008447 
0988100	003464 007375 007387 
0988245	007007 007372 008467 
0988263	001151 001845 002160 006023 
0988271	001164 003454 003499 006846 
0988355	001766 004021 004041 009299 
0988544	001764 002866 008420 008492 
0988603	006029 006860 
0988620	001183 004355 006023 
0988625	002162 002164 004013 009259 
0988631	001576 004807 006500 
0988657	003447 003499 005724 
0988826	001151 002367 002855 008763 
0988990	002856 005157 006500 
0989395	006500 007372 007375 008420 
0989401	001838 004817 004833 009299 
0989432	006865 006867 
0989520	001164 001845 001856 009259 
0989590	001839 001843 002160 008427 
0990668	003454 003514 
0991120	002856 008423 008467 
0991213	002856 003447 003454 009259 
0991756	003454 003532 
0991763	001164 001213 001838 004013 
0991769	006042 006044 006865 006867 
0992186	004011 005157 007007 007364 
0992189	001151 001213 006026 010722 
0992223	002637 006023 007125 
0992577	003270 007375 007377 
0992616	001213 001839 004666 
0992744	007364 
0992796	001836 002160 002856 004013 
0993169	002394 002413 002469 006042 
0993268	008811 
0993506	001839 001862 003447 003463 006846 
0993517	002637 007375 007377 007381 
0993532	001448 001456 005157 
0993551	001180 001213 001862 
0993566	003447 003454 008779 
0993790	001845 007008 007034 008773 
0993929	001845 007364 009322 
0995269	001772 003440 003454 004274 
0998351	002366 002367 002413 004013 
0998799	002866 004666 006518 006564 
0998815	003454 008763 009270 
0998885	001748 001751 002413 003454 003532 
0999715	006042 006846 009322 
0999733	001164 002637 003007 003275 
0999833	001843 002366 002562 004725 005154 
0999896	002469 009231 
1000355	003003 
1000750	001838 002564 006038 008420 
1000895	003007 003026 006040 008800 
1000939	002688 003463 004036 
1000990	007125 
1001039	003463 006033 006042 007372 
1001351	002413 008427 
1001394	002637 005724 006026 007007 007364 
1001613	001569 001841 002149 008765 
1001806	002367 002413 
1001894	002856 007364 008765 
1001905	004021 007010 007364 007881 
1002036	007380 007381 008763 
1002045	001839 002162 002164 
1002047	006846 007380 007381 008765 
1002241	002866 003003 003006 007881 007900 
1002248	002992 006033 
1002364	001864 006846 
1002405	006033 
1002606	002992 007387 009322 
1002729	002151 003026 
1002767	002162 002164 004666 
1003020	007364 
1003100	001763 003499 007375 007377 
1003128	003275 007380 007381 008765 
1003389	001838 002856 003454 004011 005210 
1003476	004833 004882 004888 
1003539	008492 008500 
1003644	001151 001836 002160 005724 
1004225	001764 001836 002160 002367 
1004324	002856 003275 007375 008467 
1004733	001841 001862 008800 
1004968	006508 006518 006562 
1004997	003006 003464 007364 007896 
1005059	002151 006042 006044 006865 006867 
1005068	004666 007070 007125 010728 
1005082	004009 005205 006029 
1005102	002367 002413 002992 003275 
1005112	002992 003275 006042 010727 
1005199	002637 
1005315	002413 003454 004359 007364 
1005412	002856 004014 005141 005210 
1005427	006023 008420 009270 
1005451	003440 003499 
1006105	007364 008779 
1006405	003275 004011 008420 008427 
1006438	002149 006029 006519 
1006444	002160 006029 
1006744	001569 001836 002160 002367 
1006899	003464 008800 
1007134	007010 007070 008767 009322 
1007196	001455 002866 004355 006044 
1007348	001766 004839 008763 
1007458	008811 
1007554	001164 001178 001213 
1007779	001772 007377 
1007842	001180 001213 
1007952	002855 004013 004274 006500 
1008282	003003 004009 007034 
1008387	003003 005197 006865 
1008925	002162 002164 006029 009322 
1008967	001843 002855 002992 004011 
1009104	001151 002856 006500 008427 
1009559	001836 002160 002367 006023 
1009729	002160 006848 
1010175	003454 003464 
1010643	001164 001845 002151 004036 
1010741	001423 004009 005157 005159 
1010750	005157 005210 009301 
1011104	001151 001180 006026 008765 
1013071	001845 002992 007007 007010 
1013197	002856 006042 006044 006860 
1015256	008800 
1015275	001764 003270 003463 007372 
1015706	002164 002175 
1016434	006033 006040 006044 
1016462	001213 001248 001839 001897 
1016793	001841 001845 
1017339	002635 007007 
1017412	002635 002856 002866 004274 
1017444	001151 001836 002160 002992 
1017492	002151 002855 004014 005722 
1017760	003499 003514 008427 008479 
1017832	001845 002152 004027 005157 
1017840	001151 001455 005159 006026 
1018174	003454 004011 008420 
1018183	002855 003447 005141 005722 
1018252	008773 
1018271	002992 004833 006023 008765 
1018301	001561 003006 003007 007007 008779 
1018817	001151 001178 002856 009259 
1018857	007010 008800 
1018936	004013 006044 
1019006	001183 002635 004021 010725 
1019025	002413 002992 
1019212	002562 005210 008767 
1019674	006023 
1019827	002413 002856 
1019940	002992 007010 
1020083	001164 007364 009262 
1020150	001836 002160 008763 
1020370	002856 006023 010727 
1020478	007364 008765 009262 009270 
1020520	001151 006029 007364 008773 
1020695	006023 007007 007010 008765 
1020727	002992 004817 004833 008765 
1021017	002856 002992 006508 
1021751	003017 007007 007034 007877 
1021867	001836 004666 
1023494	002367 002381 002394 002413 
1023923	003003 004014 006023 
1024213	006026 008763 
1024283	002856 006029 006038 006500 006860 
1024315	001843 007007 007010 008800 
1025035	001753 001838 004009 006026 
1025379	003454 006026 009212 
1025460	001836 002160 006042 010727 
1025508	001151 007364 009212 
1025522	002856 003007 006029 006519 
1025533	002160 002856 007377 007381 
1025569	001164 001183 001836 002856 
1025623	007007 007010 007364 008763 
1025629	002160 006029 
1025644	003017 006029 006848 008800 
1025845	001151 001448 004355 008773 
1026650	002635 002855 002992 004013 
1027597	007007 007364 008765 
1028249	005724 005845 007364 009259 
1029210	001456 002366 004839 
1029566	001836 002160 002856 006029 
1029737	001843 002151 002856 005724 
1029787	001839 002160 002992 006502 
1030369	001764 002151 006023 008765 
1030683	003454 004274 006508 009322 
1030693	001836 004009 006500 007007 
1032432	005157 006023 007881 007900 
1032769	001764 003270 008765 
1032929	001836 002160 008420 009322 
1034405	001836 003003 007008 007877 
1034578	001838 002856 005724 
1035148	001766 001836 002160 002367 
1036027	006029 006848 
1036225	001164 001836 002162 006029 006846 
1036442	002160 006029 
1037291	001753 002416 008763 
1037338	001838 002872 004027 008420 
1037413	003447 
1037541	001766 003454 006029 008765 
1037745	001151 001164 007364 
1038303	002992 007008 009270 
1038420	002160 002413 008447 008765 
1038671	001836 002160 002856 008765 
1039679	001185 002856 003447 008773 
1039831	004036 005722 005854 006023 007372 
1039868	003454 004725 005847 006026 
1039943	001763 002856 004274 007881 
1040045	002856 007881 007900 
1040618	003440 007881 007896 008427 
1040818	002856 004027 006029 006044 007008 
1040868	003447 003454 006026 
1040874	002160 006024 
1041140	003447 
1041559	001836 005121 006026 008427 
1041981	002856 004014 004833 006023 
1042335	001764 007364 
1044157	001151 002866 006026 
1044561	003454 004274 007007 007008 
1044791	003454 004274 005724 008420 
1045379	001151 002151 002856 006846 
1046086	002856 009262 
1046439	007364 007881 007900 
1047318	003003 007881 007896 008800 
1047339	004274 004278 004359 006023 
1049050	004807 005724 
1049299	002160 002856 007364 007381 
1049929	005205 006029 007364 008767 
1050781	001836 008420 008767 
1053105	002856 004807 008420 008765 
1053370	001156 003499 005724 007364 
1054176	002856 004359 005141 005205 
1055078	001151 002151 002856 006029 
1055290	001836 004013 007364 
1055348	002152 002855 004359 004725 006024 
1055441	002160 007375 007380 
1055590	006860 006865 008765 
1055640	002367 003007 005210 007364 
1056012	003463 004274 009295 
1056096	001164 004278 004280 006023 
1056203	005724 007034 007070 010728 
1056217	002688 007364 008765 
1056270	002366 002367 002413 008773 
1056281	001845 002856 006026 007364 
1056320	001753 004011 007364 007372 
1056600	001164 002856 004359 007364 
1056688	001836 002856 008420 
1056722	003003 004009 005154 006029 006033 
1056738	001836 002151 004013 008427 
1056857	002855 003447 005141 005722 
1056963	001836 002856 002992 004014 
1056970	002855 006023 008765 
1056980	001845 002151 006846 
1057004	001838 002856 005205 008773 
1057261	002856 004011 009212 009259 
1057520	001164 001838 007007 
1057535	006860 
1057592	001151 001185 005157 005197 
1057610	002855 002992 007007 008765 
1057779	001448 002856 005847 006023 006026 
1058048	002856 003003 007364 007881 
1058058	002413 003275 005205 008765 
1058180	001772 002856 004013 006023 
1058223	002992 003270 006029 
1058242	002856 003006 004839 005724 007007 
1058421	004014 004725 004807 008423 
1058893	002635 002855 004733 009262 
1059469	001423 002152 002855 004011 
1059572	002151 002855 006023 008763 
1059654	002855 005847 006024 
1059677	002855 002992 004014 006023 
1060299	002855 005722 006500 007364 
1062675	002635 002855 004359 
1063875	002855 004833 006500 007364 
1064045	001164 001836 
1064148	002856 005724 007008 
1064270	004725 006518 008423 008447 
1064385	005724 006026 008420 009270 
1064605	001839 002151 005724 006023 
1064752	002149 002635 002855 006023 
1064780	002562 003003 006029 006848 
1064790	002856 004013 004274 007381 
1065142	001836 002992 006846 007008 
1065148	002151 002855 006023 008773 
1065183	004072 004666 006042 008767 
1065196	004274 006026 
1065238	003270 003454 005727 007372 
1065271	002856 004027 004041 007364 
1065646	002855 004009 008800 
1065654	002367 002856 003007 
1065732	002855 008773 009259 
1065781	001151 001838 002367 002992 
1065796	003270 
1065945	002366 002367 002413 005724 006023 
1066007	002367 002856 004011 009270 
1066308	004361 005154 006023 007010 
1066309	001843 001845 002152 004280 
1066335	003270 006518 007364 007372 
1066431	002855 004009 006023 007007 
1066679	006525 007010 009270 
1066683	002635 002855 006024 
1066778	001151 001836 003454 003464 
1066915	002160 006029 006848 
1066924	002856 004014 008467 008470 
1067182	004735 006023 006846 
1067241	002855 004011 004274 005141 
1067251	002366 006500 009322 
1067297	003454 006500 006508 009322 
1067334	002856 004013 006029 
1067377	007377 007381 008765 
1067382	002855 004355 007008 008420 
1067460	001836 002160 005157 008763 
1067483	008427 008765 
1067502	003275 007372 
1067724	002856 003006 004013 006023 
1067726	002366 002562 004041 004839 
1067748	004274 
1067862	002992 003007 006500 007010 
1067933	001836 002160 
1068052	006029 006033 007070 007125 
1068109	001838 004359 
1068371	001836 002160 002856 008765 
1068383	002856 002992 007364 
1068526	006033 009270 
1068549	002855 004009 006023 007364 
1073544	005205 006525 007877 008420 
1076009	001836 002160 006029 
1076085	007887 007900 
1076234	002413 002855 004355 006024 
1076238	001764 002855 005141 008767 
1076246	002160 009231 
1076274	003447 007008 007364 008779 
1076299	002856 004274 006518 007034 
1076437	003454 
1076776	003003 006023 007125 
1076783	004009 004355 005205 
1076854	002367 005724 006026 008800 
1076877	002855 004733 006024 006502 
1076922	001838 
1076923	002992 004041 006023 007010 
1076989	001836 002992 006029 008779 
1077003	007364 008427 008479 009270 
1077065	001151 002855 006026 
1077161	001151 002149 006029 008765 
1077257	004833 005847 006519 007034 
1077294	003003 007034 007364 009270 
1077380	001151 001766 006026 
1077413	001836 006023 007380 007381 
1077416	003447 004361 007034 007364 
1077417	001151 001838 004014 
1077482	001838 004361 006029 
1077815	001433 001764 006026 
1077874	001151 002855 005722 008420 
1077963	001838 
1078390	001836 002855 006023 008420 
1078413	002856 003454 004274 
1078508	004274 008420 008779 009270 
1078646	002855 002866 004009 005847 
1078648	002992 007010 008763 
1078655	002855 004009 006029 006860 
1078680	001164 002160 005724 
1078819	001448 001838 003003 008447 
1078896	002855 002992 004014 007008 
1078921	001836 002160 004666 007010 
1079085	001151 002855 008765 
1079268	001569 007377 007381 008763 
1079363	001836 002855 006023 
1079366	001838 002151 003003 006023 
1079384	004274 008765 
1079444	004011 007381 008427 010725 
1079564	002855 004014 006023 
1079614	002856 007070 007364 008423 009212 
1079771	001841 002151 002564 006023 
1079993	001180 001836 004280 
1080149	002856 007008 008492 008779 
1080272	002855 004009 007877 
1080303	001151 002149 002855 005847 
1080398	003447 007364 008427 
1080648	002162 002164 002856 006846 
1080653	002562 002855 005119 006023 
1080757	001423 002855 003447 004011 
1080792	002367 003007 006023 008447 
1080894	001151 001838 002855 009270 
1081006	001747 002856 004274 007007 008773 
1081101	001151 002149 002855 006023 
1081249	002855 002992 004013 006024 
1081250	002855 004011 007007 007364 
1081917	001836 003003 006029 
1081939	002856 004021 004036 
1081952	001836 002856 003270 004013 
1082150	001836 002151 002856 008765 
1082315	002151 002855 006023 008767 
1082799	004011 006029 007007 
1082842	002855 003440 004011 006023 006848 
1082905	002367 002381 
1082907	002151 002856 007364 008765 
1082919	001433 001455 004806 006026 
1083080	007372 009270 
1083430	002366 002413 005722 007364 
1083431	006519 007364 009212 
1083594	001836 001843 002856 006024 
1083626	002856 004013 007010 007364 
1083627	001433 006023 006846 008767 
1083812	004274 005722 007010 
1084017	002160 004839 005157 
1084057	002152 002855 004009 005141 006023 
1084185	007007 008763 
1084187	002856 002992 006029 010727 
1084321	008763 
1084334	002856 004359 007364 
1084363	002855 003447 006026 008765 
1084462	002366 006023 007364 008447 
1084909	001839 003017 004011 004290 
1085061	002856 003440 004013 008427 
1085106	002152 002855 004013 006024 
1085324	002366 002413 002856 009299 
1085631	003454 003514 003532 008765 
1086329	004011 004274 007380 007395 
1086447	001838 002855 005141 
1086489	003275 
1086710	001423 002855 006500 007364 
1086802	002855 006500 008773 
1086867	002855 002992 004274 004355 
1086916	003007 006033 006042 007010 
1086927	002152 002855 004733 005141 006023 
1087081	001151 002855 007364 008773 
1087782	002855 004274 006023 008420 
1087938	001836 002855 006023 008763 
1087960	002855 002992 004355 008765 
1088173	002855 005119 005205 008779 
1088180	001164 001839 001862 002866 
1088192	005724 008420 008467 
1088365	001836 002855 006024 008763 
1088384	002413 002855 005119 006029 
1088558	002151 002855 006024 
1088636	001151 001836 002855 008765 
1088690	002855 002992 006023 
1088785	001836 002151 002855 008420 
1088882	001151 002855 008765 
1088972	002855 004014 007364 009270 
1089147	002855 005845 006023 007364 
1090564	002855 002872 006500 
1090933	002149 002855 006023 008765 
1092116	001423 002855 007364 
1092187	002855 005141 006026 008765 
1092999	001748 002855 004011 006024 
1093044	002855 002992 008420 008763 
1093549	001747 002855 004009 007010 
1094134	002635 002855 007010 009262 
1094520	002855 004733 006024 
1094929	001151 002855 002992 007008 
1095157	001151 002855 006500 008767 
1095349	002855 002992 007364 008423 
1095596	001151 002562 002855 
1095717	002855 004014 006024 
1095814	002855 006500 007364 008765 
1096113	001423 002855 002872 005724 
1096152	002855 005727 006023 007877 
1096470	002855 006023 006500 008765 
1096822	002855 004009 005157 006023 
1097648	002151 002855 002992 004011 
1098099	001836 002367 002855 008763 
1098210	001423 002855 004009 007008 
1099059	002152 002855 002872 004013 
1099662	002855 006024 006500 
1100129	002855 005847 006024 006848 
1100338	002855 005141 
1100536	001151 002855 006023 008763 
1100537	001151 002855 006023 008763 
1100899	002855 004361 006023 
1101031	002855 005722 007008 007364 
1101336	002855 006023 007008 008763 
1101406	002151 002855 004807 006500 
1102030	001423 002855 007364 008765 
1102530	002855 004011 008767 
1102723	001763 001836 002855 
1103391	001747 002855 004009 006023 
1104151	001560 001561 002855 008763 
1104216	002151 002855 005722 006023 
1104356	002367 002855 004359 
1104498	002855 004011 006024 
1104669	002855 004013 006029 006848 
1105086	002855 004274 007007 008773 
1105842	001836 002855 004355 006023 
1111549	002149 002855 005119 006023 
1111901	002855 002866 
1115477	001151 002855 006026 008765 
1116377	002855 004807 005722 006023 
1116854	002151 002855 004359 006023 
1117142	002855 004359 006029 006848 
1117264	001423 002367 002855 008767 
1117320	002151 002367 002855 
1119989	002152 002855 005845 006024 
1121871	001838 002855 003447 008765 
1122784	001423 002855 007364 008763 
1122905	001151 002855 004009 
1126492	001845 002635 002855 008765 
1126639	002635 002855 006023 
1128560	001838 002855 005157 008773 
1129708	002855 003447 006024 008763 
1129814	001836 002855 004009 006023 
1131189	002151 002855 004009 009270 
1131602	002855 006024 007008 008765 
1131918	001838 002855 005119 006500 
1133174	002151 002855 006500 008773 
1134015	001151 002855 006024 008765 
1134358	002152 002855 006023 
1136830	002855 002992 004009 009259 
1137955	001151 001423 002855 005159 
1139392	002855 002992 004009 006023 
1139478	002151 002367 002855 004359 
1140609	001423 002855 005845 006023 
1141220	002855 004013 004274 005141 
1141729	002855 003440 004806 005722 
1142212	001836 002855 009262 
1142227	002635 002855 002992 006024 
1142309	002855 005141 006024 008765 
1142418	002149 002855 004355 
1143228	002855 005154 006848 
1143265	002635 002855 006500 007364 
1143290	002149 002855 006024 
1143639	002151 002855 004014 006023 
1143717	001836 002855 004011 006023 
1143723	002151 002367 002855 008765 
1144234	002151 002855 004011 006023 
1145146	002635 002855 006023 007007 
1145578	001836 002855 004011 008420 
1146215	002635 002855 006023 008773 
1146370	001151 002855 007007 007877 
1146782	002855 002992 
1149270	002855 008420 008765 
1149344	002855 006026 007364 008765 
1149565	002855 004355 005210 007008 
1149616	002855 004009 
1150699	001151 002151 002855 006023 
1150720	002855 002992 006023 008765 
1150758	002855 002992 005722 006500 
1150965	002152 002855 006024 008765 
1157047	002151 002855 005722 009259 
1157506	002855 004011 004274 
1157688	002855 008420 
1158007	001843 002152 002855 006024 006500 
1158026	001423 002855 007877 
1158362	002635 002855 004013 006023 
1159063	002855 004009 006024 006848 
1160158	002151 002855 008767 
1160614	002855 005141 006023 008763 
1160658	002151 002855 006024 
1160885	002855 006023 006848 008765 
1161132	002855 002992 006024 008779 
1169109	002855 004014 007364 
1169257	001836 002855 005119 006023 
1169331	001151 002635 002855 006026 
1169341	002855 002866 006024 
1169360	002855 003447 004011 006023 
1169369	001151 002855 003440 006500 
1169382	001151 001838 002855 008763 
1169402	002855 004014 005141 006024 
1169962	002151 002367 002855 004011 
1169968	001423 002855 002992 005730 
1170033	001753 002855 004011 007364 
1170071	001151 001836 002855 007364 
1170303	002151 002855 006023 008420 
1170370	002367 002855 004011 004817 
1170470	001836 002855 003464 008765 
1170479	001151 002855 003407 004021 
1170567	002855 002992 007008 008765 
1170703	002149 002855 004011 006023 
1170757	002855 004009 006023 008420 
1170823	002855 004011 006023 009262 
1170848	001838 002635 002855 002992 
1170860	002856 003463 006026 006502 
1171002	002855 002992 009262 
1171297	002562 002855 003407 006029 006848 
1171414	002151 002855 004011 006023 
1171461	002855 004009 006024 007007 
1172030	002992 005248 005290 008765 
1172355	001433 002855 
1172397	001839 001843 006846 008800 
3064940	002151 002855 004359 006024 
3064977	002855 005141 008765 
3065039	001836 002635 002855 009270 
3067556	002855 003407 004013 007008 
3068353	002855 004807 005730 008420 
3068369	001748 002855 003463 008763 
3068712	002152 002855 005722 006024 
3068772	002855 006023 007008 008767 
3069038	001547 002855 006023 
3069264	002855 006024 007008 008767 
3069337	002855 004733 004807 008427 
3069991	002855 006500 
3070090	002367 002855 006023 008423 
3070344	001836 002366 002855 008763 
3070374	001561 002855 004013 006023 007364 
3070406	002160 002855 002866 006024 
3070438	001836 002855 006023 008765 
3070440	002855 002992 007007 008763 
3070648	002855 004355 009270 
3071015	002855 005722 006024 009270 
3071094	001764 001836 002855 006024 
3071151	001566 001568 002855 004009 006029 
3071313	002855 008763 
3071734	002855 006026 008420 008773 
3072063	002562 002855 
3072208	002855 002992 004013 006024 
3072293	001423 002855 005845 
3072447	002855 003447 007364 008763 
3072477	001151 002855 002992 006024 
3072484	001836 002855 
3072594	002855 006024 008765 
3072867	001423 002855 005722 007364 
3072910	002992 004009 006023 007377 
3073004	002855 002992 005210 007364 
3073066	002855 002992 006023 008763 
3073138	002855 003407 004274 007008 
3073143	002855 002992 007010 008423 
3073169	002855 002992 004009 006029 
3073300	001151 002855 007364 008765 
3073357	001423 001836 002855 006023 
3073384	002855 002992 006023 007364 
3073507	001151 002855 006023 008767 
3073666	002367 002855 007364 008763 
3073692	002149 002855 006023 008763 
3073702	002855 008767 
3074001	002855 004009 007007 
3074023	002635 002855 006029 006860 
3074167	002562 002855 004011 006023 
3074551	001423 002855 004733 
3074570	002367 002855 002992 009270 
3074734	001764 002152 002855 005722 
3074930	002855 002992 003407 008763 
3074936	002855 002992 005722 
3075188	002855 003407 006024 006848 
3075745	001547 002855 002992 006023 
3076190	002149 002855 006023 008763 
3076211	001423 002855 005845 006023 
3076576	002855 005191 008420 008763 
3076618	002855 002992 004011 005205 
3076896	002855 003407 004013 007008 
3076930	001836 002855 006029 009270 
3077064	002367 002855 006023 008763 
3077163	001151 002855 010725 
3077336	001838 002855 006023 008763 
3077471	001423 002855 003007 006029 
3077472	002855 002992 003407 004011 007008 
3077809	002855 005722 009262 
3078073	002151 002855 004359 006024 
3078408	001764 002855 004014 008773 
3078465	001838 002855 004009 004833 
3078500	001753 002855 004013 007877 
3079272	002855 006846 
3079376	002855 002992 008763 
3080198	002855 004361 004377 
3080333	006023 
3080592	002855 003407 004807 006023 
3080595	001836 002151 002855 006023 
3080937	005847 006518 007375 007381 
3081061	001838 002855 005722 007007 
3082398	001566 002855 005722 
3084099	005119 
3085403	002855 002992 007010 
3085504	002367 002855 005722 006023 
3085509	002149 002855 006023 008763 
3085513	002855 002992 007007 
3085521	001151 002149 002367 002855 
3085644	006024 
3086238	003270 005722 007372 008467 
3089651	002855 004011 006023 007364 
3095924	003499 006026 007364 
