Students	1475
1088365	002394 002428 012731 013157 
3375323	004292 011865 
3375410	003572 011528 001769 
3412725	001769 
3417108	001845 001847 002166 
3417908	003277 004082 
3418606	001248 
3421500	001898 012288 
3423839	002874 
3425347	012895 014231 014534 
3425437	001764 006050 006042 
3425679	006023 012845 007127 
3427674	014534 
3428608	001894 012288 012845 
3429199	002568 013658 
3429761	006050 011044 007381 
3430697	008769 011321 006559 
3432223	001248 012288 014545 013192 013192 003469 
3432357	001546 001547 004011 014138 012354 
3433881	007381 012107 012895 014534 
3435187	001213 001248 001195 001843 
3436588	007127 008485 008488 012845 
3437962	004082 009283 012845 
3438068	004082 005738 012317 
3438102	002456 005263 014572 014573 006846 006846 
3438113	001898 004839 014534 013192 013192 
3438206	001546 007899 012733 012355 
3438232	002162 004827 011826 014381 
3438254	004279 006042 006044 006036 
3438455	007900 008824 012733 014566 
3439147	003469 006863 
3439409	006521 006542 006587 
3439588	008479 008500 008484 
3439912	001213 001248 003275 
3439917	007127 014542 011321 014627 
3440454	004827 014534 007391 
3440958	004383 008824 011528 012311 
3441004	006050 006059 006521 
3441226	006863 006042 006038 
3441413	005196 007127 014755 
3442641	008824 
3443421	001847 001898 006029 013192 013192 
3443522	003460 003447 014553 
3443731	003454 007374 012895 014553 
3444811	003429 005263 010968 
3446832	001898 012288 014563 
3447681	012895 013712 011076 
3448314	001423 001453 006042 006044 
3448679	006846 006846 012288 
3448868	001774 
3449400	014534 007397 003469 
3450068	005196 014534 011861 
3450490	004283 005154 007900 
3450546	001758 006553 002869 011198 
3451551	003560 003572 
3451724	004279 004292 002675 
3452561	005263 005310 001151 005211 
3453445	001894 003433 013192 013192 
3453467	004065 003572 003533 005211 
3453472	004839 007127 007031 
3454100	012731 004874 001845 009299 
3454439	007127 014627 014629 007113 
3455148	004739 013059 006042 
3455297	007127 008824 008800 011321 
3455341	004839 006044 006059 
3455519	003572 003560 
3455562	004383 004391 014567 014567 014569 014569 
3455719	006846 006846 002166 
3455908	004036 005263 013185 014558 008420 
3456016	001769 004827 004383 009299 
3456053	005263 005310 013620 004355 
3456089	001161 004279 004280 004292 
3456313	002568 010724 002572 
3456645	001844 007127 012845 
3456653	003017 003033 004274 006029 004274 
3456677	012288 001839 
3456722	002166 014534 014652 
3456820	002472 011533 014572 014573 
3457393	003572 012895 003469 012107 
3457808	003572 003533 
3457873	005196 005263 014567 014567 002160 002160 014569 014569 
3458121	003572 005845 004051 
3458250	003031 006044 
3458295	001839 012288 
3458441	012731 004874 004274 004274 
3458932	008824 008782 
3458934	001758 003560 011198 
3458972	001898 012288 013192 013192 
3459032	014383 014534 012107 
3459523	001839 001844 001894 012288 
3459647	008500 011044 011322 014542 
3459897	006036 006059 
3460235	001839 001847 001894 014563 
3460488	003433 006050 006059 013192 013192 
3460569	007372 007374 011076 014180 
3460770	002394 002472 004082 009283 
3460867	006044 002166 001847 001894 
3461020	004739 013059 
3461469	007026 007127 014629 
3461936	001195 004082 006044 
3461962	007372 007397 
3462228	004274 006050 004274 
3462242	010968 003033 013614 
3462270	001839 002166 011035 014555 014652 
3462293	003429 003572 006508 014545 
3462297	001248 013650 002160 002160 
3462356	006036 001546 006044 003008 
3462414	001546 008479 008500 014558 
3462416	013650 
3462417	001248 001473 010872 014556 001433 
3462512	010724 013658 006044 002572 
3462516	003275 
3462517	011045 014542 
3462565	006029 006038 008769 001185 
3462606	003572 014572 014573 003533 
3462639	006038 006044 001843 008769 
3462817	003485 005847 006846 013192 013192 006846 014547 
3462849	001213 014542 001248 014755 
3462872	007127 012107 014572 
3462955	001769 
3463011	006863 006038 
3463143	005196 007127 011321 007113 
3463226	006026 011533 
3463525	002413 002472 005724 
3463602	011076 012895 014534 
3463675	002182 014555 
3463708	007127 006559 014627 007113 
3463745	002182 006587 005271 
3463936	007397 012895 014534 
3464279	001839 002153 002153 004359 012354 
3464666	001764 003460 004359 004809 
3464855	005121 011076 007113 014627 
3465036	012731 001839 009299 
3465181	002686 004809 006553 
3466014	004279 004280 012770 003469 
3466364	002162 002166 011826 013621 013621 
3466962	013185 014573 008484 004274 004274 
3468749	004274 004274 012731 013782 
3469520	004279 004280 004292 013621 013621 
3471450	006029 002160 002160 013621 013621 
3474140	002151 002151 001845 004279 004274 004274 
3474409	004827 002675 
3475298	002428 004359 006846 006846 
3475941	001151 008800 012770 011045 
3475950	001195 007008 
3476418	003433 003460 007372 
3476797	001839 006023 006846 006846 001847 
3476930	008420 008479 003277 014558 
3478102	010968 003433 
3478356	002992 006029 006846 006846 014113 
3478691	007125 014629 014559 012845 
3478747	001213 014568 002992 
3479945	007127 014627 004274 004274 011198 
3480067	013185 008420 014559 003017 
3480217	001839 004666 006029 012288 
3480668	002162 002166 011826 013621 013621 
3480714	004279 004280 004292 006029 
3480728	004011 008420 007368 
3480868	004013 014567 014567 002653 006504 014569 014569 
3480937	002562 004274 004274 002653 007031 002863 
3481202	006865 007900 006863 007887 
3481203	006846 006846 001843 014547 
3481221	012731 004874 005196 
3481419	002162 011826 012771 
3481520	001767 003533 003454 014534 
3481557	008479 008773 013185 014572 
3481562	001204 007043 011321 004383 
3481607	007031 007113 007125 
3481702	001562 014180 002160 002160 006846 006846 
3481798	001213 008763 012771 014542 
3481813	006846 006846 014545 002160 002160 007391 
3482288	006029 006854 
3482989	005263 007372 007008 005196 
3483036	001768 003460 003485 004011 
3483084	014542 007010 005211 011818 
3483298	001839 001844 001847 
3483306	001423 001433 011986 
3483511	001151 001843 002151 002151 008769 
3483929	006863 006865 006038 
3483965	004739 014113 
3484763	001195 001213 001232 001161 
3485228	006042 006044 013184 
3485290	002162 002166 006029 011826 
3485548	001839 014099 013192 013192 011035 
3485628	005211 005724 011528 007008 
3485642	006525 012730 
3485727	006044 006042 
3485800	013614 001546 
3486133	003017 007374 014117 004283 007397 
3486141	002413 002456 002428 
3486311	013185 007368 011044 008420 
3486379	001843 003485 006846 006846 001839 
3486389	007372 007031 014542 
3486609	011862 013614 013620 
3486617	001839 001847 001843 007381 003008 
3486844	002367 003275 006559 002992 
3486852	001839 012288 013621 013621 006029 
3486858	008479 014558 013185 001844 
3487055	001839 006846 006846 012107 002160 002160 
3487090	001195 005724 001161 
3487321	001213 012317 001161 014568 
3487640	002384 002413 002472 
3503587	011818 006029 007381 006038 
3506324	004011 006029 007010 013184 
3510665	006026 012107 006504 014383 
3514835	002562 
3518231	011818 007043 001747 001204 
3519499	003454 008782 
3520100	005724 005263 014572 008420 
3521265	004013 006029 002160 002160 013621 013621 
3521272	001151 002564 013212 002567 
3521461	005724 011076 014567 014567 002160 002160 014569 014569 
3524066	007887 007899 
3524963	004827 008773 007368 
3525604	007368 014554 007374 
3529298	014567 014567 014569 014569 002160 002160 004013 001843 
3531305	004011 007377 001747 
3538202	006023 007374 002151 002151 007381 
3538928	014113 
3540428	002562 008420 013157 004011 
3540662	001446 010872 007008 004009 
3547282	003485 001747 
3557244	001151 004274 004274 008764 006023 
3558739	002151 002151 014567 014567 014569 014569 002653 012770 
3559149	006029 002160 002160 006846 006846 
3559225	004809 008769 011076 011035 
3559302	006038 002160 002160 
3559476	008769 003460 007008 007031 
3559843	001161 007377 008484 
3559870	002151 002151 006846 006846 006023 
3559900	001769 003560 007368 003447 
3559963	001151 014113 014567 014567 014569 014569 002160 002160 
3559970	007043 011343 014113 002992 002413 
3560167	001763 008769 001845 002151 002151 
3560373	002564 002567 014113 010724 002572 
3560770	006042 013614 006038 
3561001	004827 014553 003454 
3561074	006029 002160 002160 001546 006846 006846 
3561318	005121 013154 001767 014138 003447 
3561516	006026 013212 014568 
3561772	001151 014559 004359 005196 
3564528	006029 006854 008774 014138 
3568950	001843 007010 007026 
3574543	001839 002162 014113 002166 011826 
3575309	013212 007374 001423 
3575735	001195 001204 006023 
3575898	006029 007010 001151 008764 
3575916	002564 002567 002568 006029 
3576013	004279 004292 003017 011862 
3576126	004011 001151 007008 004666 
3576212	002151 006854 002151 006044 007881 
3576260	002151 006023 002151 005743 001843 
3576620	002712 002659 004391 
3576792	002367 014113 002567 002572 002413 
3577167	004011 005263 008420 014572 
3577485	013614 014113 001423 001546 
3578804	002992 006029 008773 011076 
3578842	007374 011076 014113 001764 004009 
3578861	002151 005121 011076 012107 002151 
3578963	004011 014543 014544 001204 001195 
3579099	005738 007374 011076 005121 
3579291	006854 002992 006029 
3579723	006029 004013 002160 002160 006846 006846 
3579949	002394 002367 006038 002413 006029 
3580139	013157 014381 004827 006023 
3580217	002151 004279 006023 002151 
3580326	006504 014567 014567 014569 002562 014569 
3580955	006863 006865 002567 
3580991	001185 001433 007374 014559 
3581031	007125 007127 014629 008764 
3581098	005724 007008 
3581171	001151 002567 003454 
3581232	002151 006846 002151 006846 
3581605	006029 012770 002160 002160 013621 013621 
3581609	001747 014567 006846 007381 014567 014569 014569 006846 
3581830	004809 001151 007372 001161 
3581846	003447 007010 008769 013614 
3581870	005724 003460 004839 001768 
3581918	006023 004274 004274 012317 011035 
3581952	006029 006038 013621 013621 002562 
3581962	002151 002151 004279 012845 
3581999	008769 002992 011322 012107 
3582040	001839 002162 002166 011826 
3650578	006029 002160 002160 014567 014567 014569 014569 004666 
3651077	001195 014567 014567 014569 014569 
3690482	007372 007374 011076 010724 
3405451	001204 001839 001894 
3412881	012730 003572 014180 
3416891	004082 004065 002413 
3430131	007372 014534 003572 003533 
3438342	007127 007125 014627 005263 
3441166	006044 008485 008488 006059 
3441306	006038 006036 006059 
3441894	012895 001764 
3443207	003454 
3448687	004065 004082 006846 006846 009283 
3451168	001839 001844 008782 012845 
3451331	001195 001213 004359 012770 
3453856	007113 007127 013615 003469 
3454494	003460 013782 
3455625	001473 010872 001446 
3455631	006846 006846 013192 013192 
3455808	001769 012730 003533 003572 
3455915	001847 013192 013192 001763 
3457039	009262 
3457459	007374 008769 007377 011035 
3457777	002562 004013 009299 004816 
3457932	003572 003469 005154 003560 
3458049	002456 002472 002433 007031 
3458136	004036 006863 008773 
3458339	002428 002472 003275 
3459823	004839 005154 
3459972	001161 004279 014563 011865 
3460737	001546 001547 008484 008500 001562 001562 
3461057	014572 002992 008500 
3461063	003008 006846 006846 002166 
3462116	006587 010724 007026 007368 011035 
3463188	004051 013192 013192 014099 006508 
3463879	003572 014563 014553 
3467093	007374 011076 014099 014534 
3479054	011818 014563 001161 005154 
3482263	006024 007125 
3484887	002413 006044 006036 006042 014120 
3484894	002568 006504 013658 
3485970	004874 009299 014627 004839 014231 
3486782	006846 009299 014099 006846 
3487041	001839 012288 001843 003433 
3539996	003429 011076 005847 014180 
3540124	007368 001151 001158 003433 
3540714	008763 003533 007381 
3544254	003454 003429 001763 
3544945	001845 002151 005847 001843 002151 
3558543	013157 006029 006865 
3559218	005271 005310 006525 
3559624	001156 002564 004383 007010 
3559657	002869 004036 007374 007377 
3560649	007881 007010 014138 005154 
3575483	002160 002160 012354 001562 004383 
3576248	004036 006029 013614 
3577109	006038 001156 006029 011076 
3578707	007010 014138 005154 013183 
3579592	006846 004011 006023 006846 007368 
3580261	004013 005165 
3581077	002564 006042 
3581192	006029 006854 008484 
3437341	001562 003031 008800 014231 
3439206	004022 
3442335	003572 003469 014534 003533 
3451664	001758 
3452964	001213 001248 014542 
3453262	014534 011076 
3454476	003572 003560 003533 007113 
3455291	001248 007372 008824 012311 
3456290	008484 001843 008500 
3458176	004292 011865 013621 013621 
3459613	006029 007127 
3460359	006042 006044 006038 001546 
3461826	006038 013192 013192 012354 
3461975	003447 002653 
3463776	001248 006846 006846 014563 006026 
3464985	014534 
3467452	007374 008479 012107 012895 
3468504	001473 014559 010724 
3474620	006846 006846 004827 014099 013192 013192 
3477824	002162 002166 011826 004839 
3479838	001769 
3483638	002160 002160 006038 014567 014567 014569 014569 
3485636	011076 014534 001769 
3492392	002151 002151 014227 002659 
3549272	002151 004011 007374 007381 002151 
3551641	004735 004280 014180 
3555254	004280 004279 008769 
3559537	012107 014383 003429 008420 
3561402	004013 007010 013614 012845 
3574047	004359 
3577682	001547 005724 014383 003275 001562 012354 
3581081	007881 013154 013621 013621 002151 002151 
3581135	006029 008769 012770 013621 013621 
3581220	004274 004274 004288 014559 
3581920	007381 003429 014567 014567 006846 006846 014569 014569 
3692269	001839 006846 006846 008763 001847 
3438119	001752 002869 004807 014573 
3438294	004014 002712 002686 
3441273	010968 
3443092	001774 003572 004383 
3443453	007127 006521 
3453218	005310 001204 
3458949	007127 007125 
3459111	011533 013712 007372 
3459508	011531 012729 
3460073	003572 011321 002413 
3460134	007381 003008 014573 
3463022	004279 013782 005196 
3464306	008420 008479 013185 002659 
3464327	001839 006029 006846 006846 014547 
3468070	004279 004280 011865 
3469615	006029 006038 013621 013621 
3476860	003460 004359 014553 003447 
3481102	001774 003533 004011 007381 
3481894	002151 002151 007374 012317 007381 
3483278	001763 003454 014553 003533 
3483467	011826 008484 002162 006521 
3503630	001843 008773 011035 011533 
3524341	001763 003454 006026 006504 
3549052	004359 001151 005161 001763 
3556169	004355 005196 014138 005154 
3559462	011862 014138 005165 
3559534	008420 012107 003275 
3559804	002433 002413 002992 
3560687	001763 007368 003454 004009 
3570123	004274 004274 007031 008769 011861 
3576011	005847 008420 006504 007368 
3579028	004013 007368 003017 013614 
3581227	002564 007026 002572 006038 
3419002	012771 014558 003007 008500 
3425239	006587 011818 
3427633	003572 007125 014553 003533 
3438842	004874 008484 
3444491	001774 
3446353	001161 001453 014559 001151 
3455046	003007 006059 005196 
3456103	011531 012729 003433 009299 
3458469	007125 007127 012845 011321 
3459645	001248 012845 013212 014563 
3462019	001769 012730 004274 004274 
3462290	001204 004022 007125 007127 
3463071	001898 006846 006846 013192 013192 014099 001204 
3463327	014558 001768 
3463587	012731 006044 006036 
3464398	002367 002456 008782 
3478343	001195 003017 008800 014542 
3480150	002686 
3481075	006026 004735 
3481967	008479 013185 014558 
3482739	010724 001843 002562 013192 013192 
3483042	004274 004274 014575 
3483954	004827 008769 014627 004274 004274 
3486382	007368 003560 
3569865	002151 006029 014113 002151 
3575769	001774 004011 003485 
3575908	004013 004827 004383 014543 
3578921	005263 
3650636	006557 013184 003008 
3433275	005263 014572 
3456660	003008 
3463729	002472 002428 014572 002992 012355 
3471447	002160 002160 013621 013621 001845 001839 
3480810	006557 004274 004274 007034 
3481532	002151 006846 014099 005189 002151 006846 
3481690	002160 002160 006846 006846 012288 001845 
3485169	003469 006846 006846 013192 013192 014099 
3486571	001774 003454 014113 014553 
3576230	012107 014554 001195 001768 
3581249	007887 007026 002562 011301 
3581827	004011 006026 014138 001767 
3438878	002472 
3440687	001774 012107 003469 003454 
3454433	007125 007127 014556 014559 
3462851	002394 002472 002456 
3462882	002472 012770 001844 
3462964	001213 001248 001843 014563 
3463453	002874 002413 
3467781	006038 006044 008769 006042 
3478964	003560 001546 001764 006521 012353 
3479355	011343 
3480423	005738 008484 013185 
3480836	007368 013614 014117 003007 014568 
3484361	004839 012731 014542 001204 
3485288	002162 006044 006042 014383 
3486182	002472 012770 002384 002456 
3487035	002472 
3487093	001844 002367 002413 014113 
3513947	006846 002160 002160 006029 006038 006846 
3538688	004274 004274 011861 001151 
3552259	003460 007374 009283 
3558800	009283 012317 002367 
3561280	013614 006029 006042 
3575971	006023 014559 002653 012107 
3578781	007034 008420 008764 004807 
3581907	004827 002562 014383 006504 
3581913	006023 011076 
3650596	013614 002567 003008 006029 
1160238	001204 001213 014559 
3417819	012895 013712 
3430196	008824 014567 014567 014569 014569 
3441900	006036 014555 011826 
3443283	001248 007125 005738 001204 006026 
3452529	002413 002472 014563 
3452988	012845 007008 014629 007010 
3454210	003572 003560 011528 014544 
3454497	002456 002472 002433 
3458087	006863 007010 004279 002151 002151 
3459522	002182 002162 
3460369	002456 002472 014572 014573 
3460718	004011 007010 002637 005189 
3461498	001161 001213 001248 001204 001843 
3461937	004065 013614 012771 003008 
3462237	002686 002698 
3462458	007008 007113 001195 
3463524	006559 001473 006587 007368 
3463560	001433 001446 002562 004355 
3464193	001204 001768 001839 
3467384	004807 007374 011076 011533 
3475198	001151 001248 001843 014099 
3478297	004014 004274 004274 
3479534	002367 002413 004013 012770 
3480382	012731 004827 004874 005263 001751 
3480791	004809 004279 011035 
3481943	001839 001847 006504 008484 
3481944	002869 004827 009299 004816 
3482264	010872 011321 007043 
3483546	003454 012770 
3483587	001847 002160 002160 007397 
3485550	002160 002160 013185 005271 008420 
3486250	003017 
3514095	002160 002160 004014 006846 006846 008420 
3555932	006029 013621 006036 013157 013621 
3560858	001204 006023 013621 013621 001185 
3561229	006023 008769 004279 004280 
3574639	007881 001151 001204 
3577187	002160 002160 006846 006023 006846 
3579116	006026 012107 006542 004355 
3580341	012107 001213 014542 
3580389	002413 011533 011035 003008 
3581903	001433 014559 001151 004009 
3650277	002564 004013 001847 
3405427	002456 002472 
3416640	004359 007391 008763 011035 
3428042	005738 005743 
3433686	001839 002160 002160 006846 013614 006846 
3454115	007372 006508 012895 
3455049	003008 013615 
3455227	002420 002472 008769 002433 
3457184	001758 011198 
3457935	005263 011035 
3460820	001204 007391 
3461933	001248 008485 008488 014563 005271 
3462990	006559 006587 014578 
3463389	003017 006044 
3463439	002568 010724 
3470797	002367 014113 014567 014567 014569 014569 006504 
3471745	001769 007125 
3474374	001546 003469 006504 
3477576	004280 013621 013621 004279 001843 
3480264	002413 003275 007372 012895 
3482018	007887 007899 002675 011301 
3484746	001767 004359 007368 003485 
3485756	001161 001195 001844 004036 
3537536	005154 006023 014563 003008 
3540705	006023 002394 002413 
3574866	007374 014563 002992 
3575928	001843 014548 
3575969	004827 008769 013782 
3576879	006042 007034 006854 006865 
3578177	001763 005724 003485 007381 
3578910	008774 014567 014567 008484 014569 014569 
3580248	006023 002160 002160 006846 006846 
3581080	003454 005724 006023 
3581980	008769 013614 003017 006038 006044 
3431257	001774 003572 
3441310	006854 008769 006865 006029 
3442991	003572 005738 004827 
3444537	003485 003572 003533 003469 
3446653	007127 012845 007125 014629 
3453352	002182 014555 
3455058	001248 014672 
3455220	002712 012311 008824 
3455419	001473 
3455981	005196 002420 
3456228	002162 011826 
3457979	001763 008484 008500 
3458533	004739 013059 
3459584	003572 006559 014553 
3459980	001248 014556 014568 
3460338	006854 006865 005196 002160 002160 
3460371	004283 007900 
3460399	006038 005722 
3465442	003469 004065 011035 
3465591	001768 004013 003560 011321 
3475573	006846 006846 005196 012288 
3479085	002394 002428 004827 012922 
3479718	002413 006036 006038 006044 
3480867	002564 014113 002567 
3480999	007026 007374 007381 014567 014567 014569 014569 
3482019	003433 006044 003460 001747 
3483003	002394 005189 002456 
3484272	004014 004874 012731 
3485537	006521 011533 014542 014545 
3485912	001213 006846 006846 001195 
3486050	003454 008769 014180 
3486632	001213 004359 014120 
3505185	014573 002637 011343 013650 
3514964	001843 005211 008773 002151 002151 
3540190	001151 002874 003460 012317 
3544262	004279 006023 003485 014548 
3559815	005722 
3574137	002151 002151 007368 
3574563	013157 
3574967	001433 010872 004827 
3576037	002420 008484 002992 011035 
3577054	005196 003447 004274 004274 011531 
3578811	002160 002160 006038 002992 014567 014567 014569 014569 
3581085	002160 002160 013212 001845 004666 
3581786	001546 001562 012354 004011 001562 
3581995	001843 007010 010968 014113 
3437534	013192 001847 001898 013192 014547 
3437574	014567 014567 006846 002151 002151 014569 014569 006846 
3439636	001764 004359 007372 
3442432	002472 004082 002428 
3445738	006559 006587 004666 
3450069	001758 003572 014545 
3451557	001768 004279 001844 011865 
3452874	002653 002712 014113 002659 002675 
3454059	002567 006863 006042 
3454226	004274 004274 006038 006044 003031 
3455690	004292 011865 004839 
3457327	013782 014381 002659 
3457988	002160 002160 001845 011035 
3460757	001433 
3462647	001839 014563 005271 001195 001248 
3463126	001213 001248 001844 005196 
3463526	001213 001839 
3463589	011076 012895 011035 
3463882	012895 
3463939	006525 005211 005310 
3463993	001843 001161 001898 001847 
3464100	003033 007125 
3464848	012731 
3465244	005263 013620 
3468281	002869 013620 011986 
3470393	001843 002151 002151 001847 005724 
3476864	002367 003008 007368 008769 
3477014	003485 012770 003454 
3477580	002420 002428 
3478951	007125 011321 002562 
3480710	001423 002162 011826 014555 
3481031	002562 012845 
3484816	012731 009299 004874 
3485416	002564 006042 
3502893	014572 014573 012317 
3505157	006846 006846 006029 
3512896	014113 002367 011343 002413 
3538400	001204 002367 004274 004274 
3546417	001844 002367 002992 002413 
3556970	006029 011076 
3558528	002869 008769 014567 007381 014569 014569 
3559591	001161 002564 011035 006038 
3559857	002160 002160 004013 014567 014567 014569 014569 005271 
3560487	007377 007381 014567 014567 002562 014569 014569 
3560860	007010 013212 
3574483	001185 008769 001151 011532 
3576231	002367 008420 014563 014381 013620 
3576753	004827 005196 008770 
3578036	008420 001151 
3580159	005738 007026 007381 
3580251	002160 002160 006846 006846 001151 006029 
3581250	007374 008782 014099 
3581375	002160 006029 006038 002160 
3581455	006559 008770 013614 003007 007010 
3581456	002160 002160 006504 
3581469	004014 008420 011533 
3436710	004735 002874 
3440419	002162 014534 
3441838	011194 014553 009299 
3442237	005263 005310 008763 012355 
3445081	007900 006044 001161 012288 
3446645	003485 011528 007026 005845 
3446670	014573 014572 013712 
3451663	001248 001195 005271 
3458037	002874 
3458452	002456 006508 002472 003008 
3458957	001547 005310 005196 014559 
3461556	002428 
3462115	002992 008500 
3462298	004036 012731 001546 
3463199	007887 004391 006553 011301 
3463883	002472 013650 001546 003008 
3464272	001547 010968 012354 012355 
3465332	004022 006865 002992 
3467983	001204 001213 
3477004	003533 005263 004051 
3477425	001546 002160 002160 006029 
3479311	002151 002151 006846 006846 007381 014113 
3479350	001151 001195 002659 001161 
3480571	002151 006846 006846 012317 002151 003017 
3483640	006023 002151 002151 011076 012317 
3484898	001161 012729 001204 
3484990	006044 012311 
3485170	012770 002992 001768 
3485305	007127 008484 014629 
3485774	003433 006023 008420 008769 
3487087	001839 002162 002166 011826 
3487623	001767 004274 004274 005724 
3503382	006029 006036 006038 002572 
3508682	004011 014567 014567 009299 014569 014569 
3510878	001767 007010 012845 
3510971	004036 002992 
3516634	006029 002160 002160 006846 006846 011044 
3530220	007887 
3533093	004011 004827 004839 007368 
3533264	013782 001151 003460 011528 
3543742	001843 014567 014567 014569 014569 
3556594	008484 012845 
3556617	004359 005189 
3558838	004809 007374 014383 011076 
3559872	002874 005845 014567 014567 014569 014569 
3560199	007010 002151 002151 002992 006504 014544 
3568636	007877 014381 014563 
3574558	002160 002160 006029 006846 008485 008488 006846 
3576763	004011 011818 014567 014567 014569 014569 
3577146	003485 004274 004274 007887 
3577795	002992 012845 
3578488	003533 013154 004839 004391 
3579143	002151 002151 012317 006846 006846 011076 
3579414	006508 006525 
3579579	003429 005196 
3580269	006029 002160 002160 006846 006504 006846 
3580340	003485 004735 001158 004827 
3580407	003433 014572 014573 008769 
3581038	014627 002151 006846 006846 002151 002367 
3581207	001767 006029 014113 002151 002151 
3581228	014554 
3581247	014543 013620 014381 014544 
3581596	005724 003433 003485 001747 
3581967	002160 002160 004011 014567 014569 014569 006846 014567 006846 
3581996	002160 002160 005724 006846 006846 006029 
3689348	010724 
3487621	007391 014534 014563 002413 
3560193	004359 014567 014567 012770 014569 014569 002367 
1057610	006036 006038 006044 006042 
3426858	003572 003433 004013 
3441406	004065 004082 012733 007900 
3453663	002564 002568 010724 
3470846	003460 006029 001845 002160 002160 
3480069	001204 007381 003008 
3557478	004274 004274 007010 014672 014559 
3561511	002151 004009 004827 014567 014567 002151 014569 014569 
3579687	001423 001433 004011 011986 
3580259	006026 014567 001156 014567 001204 014569 014569 
3482101	001845 008773 014381 001156 
0468326	005738 
3445343	006044 006042 
3464850	006042 
3465103	006042 006044 010724 
3482198	006042 006559 011035 004827 
3483651	006042 006044 001747 
3581127	006042 006044 013614 
3456066	006036 007127 013614 006553 
3574542	004274 004274 007887 013614 003008 011301 
3255755	002160 002160 006846 006846 001836 
3303699	001836 002151 002151 006846 006846 
3330330	001836 002160 002160 006846 006846 
3471190	004009 005126 014569 014569 001747 014567 014567 
3430527	002855 
3455037	002855 004009 002653 006504 
3460343	002855 002153 002153 006024 008764 
3480592	002855 004274 004274 005845 011035 
3481664	002855 014567 014567 014569 014569 002869 005722 
3483059	002855 008769 
3483977	002855 006024 014651 014652 
3485848	002855 006024 011035 
3488858	002855 001747 007377 008770 
3489089	002855 008770 002367 006023 
3491953	002855 001423 004274 004274 011035 
3492361	002855 002151 002151 004355 006024 
3492423	002855 002992 006023 007877 
3493704	002855 006029 006854 
3493748	002855 002153 002153 002992 006029 
3493764	002855 005196 005722 006023 
3493931	002855 004011 014567 014569 014569 005196 
3496439	002855 002151 002151 008769 
3496673	002855 002367 004355 002151 002151 
3497993	002855 007381 014567 014567 014569 014569 002992 
3498772	002855 005196 007900 008770 
3498974	002855 005196 006023 014567 014567 014569 014569 
3501476	002855 007377 008770 002151 002151 
3557742	002855 003485 005845 012922 
3558796	002855 005845 006504 014567 014567 014569 014569 
3559172	002855 002992 008770 011035 
3559319	002855 011035 008769 
3559464	002855 006023 008763 014567 014567 014569 014569 
3559903	002855 006525 008769 014569 014569 
3560234	002855 007368 014543 008770 
3560256	002855 001151 004807 014567 014569 014569 
3561026	002855 002367 002562 004355 
3572330	002855 001195 014227 014381 
3574349	002855 007368 008420 
3574519	002855 007368 008770 006023 
3575071	002855 004274 004274 008763 012770 014543 014544 
3575259	002855 008769 006026 012770 
3576002	002855 008763 014567 014569 014569 002992 
3576020	002855 011035 014544 
3577703	002855 002992 
3577984	002855 014548 014568 
3578191	002855 003460 007368 008764 
3578240	002855 002367 003429 006023 
3578252	002855 006024 013621 013621 011035 
3578392	002855 002992 006024 007877 
3578714	002855 008764 007368 
3579094	002855 002153 002153 006024 005722 
3579361	002855 004009 004807 006023 
3579864	002855 006023 007368 008764 
3580211	002855 014567 014567 014569 014569 008763 006023 
3580346	002855 004355 006024 011035 
3580671	002855 013620 014651 014652 
3581274	002855 001151 001763 011528 
3581282	002855 004359 006024 006521 
3581315	002855 004274 004274 
3581389	002855 004011 011035 
3581497	002855 008420 
3581663	002855 004009 014575 009262 
3582182	002855 001423 004014 
3591211	002855 001151 006023 002151 002151 
3591436	002855 002367 003469 
3591591	002855 002151 002151 006024 
3591774	002855 002151 002151 
3592208	002855 006504 008420 008770 
3592325	002855 004274 004274 013154 004014 
3592680	002855 004013 004809 007368 
3595071	002855 006023 008769 012771 
3595163	002855 006023 014120 011528 
3595641	002855 006023 014548 
3596492	002855 001747 008764 
3596713	002855 001156 007008 006023 
3597215	002855 006023 007368 004009 
3597302	002855 004274 004274 004809 006023 
3597365	002855 002992 004013 001423 
3598090	002855 004013 006026 007010 
3599090	002855 001151 002869 
3599536	002855 002367 004355 006023 
3600785	002855 003433 004009 007368 
3601391	002855 007008 007368 008769 
3602435	002855 006024 008764 001764 
3602816	002855 002367 003429 006023 
3606148	002855 007034 
3606293	002855 004274 004274 008769 001151 
3606350	002855 006024 007368 008769 
3606418	002855 001747 002992 005845 
3608097	002855 004009 006023 
3608602	002855 001151 006023 014227 
3616872	002855 004355 011035 
3616918	002855 006024 002151 002151 
3619255	002855 004809 014543 014544 006029 
3619323	002855 003460 007368 006024 
3619718	002855 011531 003447 
3620017	002855 008420 008763 001151 
3620520	002855 006023 014567 014567 014569 014569 
3621523	002855 004383 006026 014567 014567 014569 014569 
3628726	002855 006029 007368 004011 
3629467	002855 004013 006024 014567 014567 014569 
3629518	002855 001763 006024 008770 
3629951	002855 006023 007008 003008 
3629970	002855 001764 006023 012317 
3630915	002855 002992 008769 
3631042	002855 002367 006023 008764 
3631101	002855 001151 007008 007368 
3631215	002855 002151 002151 006023 008763 
3632103	002855 006023 008420 008764 
3632720	002855 002151 002151 004011 006023 
3632881	002855 002992 006023 008769 
3634695	002855 005722 007368 001151 
3635012	002855 006026 007008 008763 
3638301	002855 002151 002151 004355 014567 014569 014569 014567 
3638594	002855 001764 002992 
3638956	002855 004355 004807 011035 
3639603	002855 001151 005847 014543 014544 
3639772	002855 008770 012771 006029 
3642204	002855 006024 007368 004009 
3642332	002855 004807 004009 014652 
3645471	002855 002992 003407 006024 006038 
3645720	002855 007368 014381 014138 
3648550	002855 002153 002153 006504 
3648970	002855 011035 
3649568	002855 006024 001151 
3649880	002855 006023 007368 008769 014548 
3650228	002855 005165 014544 
3650256	002855 001423 005722 006023 
3650736	002855 002869 006023 011986 
3650874	002855 003429 005722 012770 
3650997	002855 006504 011986 
3651017	002855 007008 014567 014567 014569 014569 002562 
3651033	002855 006023 007368 005722 
3651243	002855 006024 007877 014548 
3651293	002855 001151 
3651365	002855 002151 002151 006023 008763 
3651412	002855 004009 001195 
3651439	002855 014652 014651 014543 
3651487	002855 005845 014567 014569 014569 006023 
3651499	002855 002562 002992 
3651573	002855 007368 008770 006023 
3651605	002855 002992 014567 014567 014569 014569 006023 
3651750	002855 004014 007368 
3651816	002855 007368 008763 014567 014567 014569 014569 
3652177	002855 005847 006026 
3652273	002855 008769 014567 014569 014569 
3652276	002855 008773 014567 014569 014569 004809 
3652339	002855 011532 014651 008764 014652 
3652373	002855 004014 007377 014567 014569 
3652396	002855 007368 007008 008764 
3652473	002855 006023 007877 008770 
3652569	002855 006504 007026 004013 
3653119	002855 002562 003433 
3655749	002855 012770 004807 014567 014567 014569 014569 
3656490	002855 002153 002153 005845 006023 
3661465	002855 004355 007377 
3663306	002855 001747 008763 011035 
3665045	002855 014138 001151 
3666175	002855 006026 012922 
3666207	002855 006024 002367 011035 
3666570	002855 007010 013620 014567 014567 014569 014569 
3666801	002855 004011 011035 014548 
3667273	002855 006024 002562 008764 
3667311	002855 003433 006504 007368 
3667381	002855 006023 005845 
3667385	002855 005845 006504 
3667404	002855 003460 001769 
3667503	002855 002153 002153 006029 014651 014652 
3667608	002855 004355 005211 006023 
3667674	002855 006023 013621 013621 
3667676	002855 004666 007381 014567 014567 014569 014569 
3667677	002855 003433 004009 005154 
3667749	002855 006026 012922 004807 
3667821	002855 004809 008420 014383 
3668130	002855 004014 006023 011035 
3668195	002855 007368 008764 
3668196	002855 014569 014569 014567 014567 007368 004009 
3668366	002855 008764 012771 
3668386	002855 004274 004274 008769 014543 014544 
3668420	002855 002151 002151 005196 005722 
3668538	002855 002992 005161 006026 
3668623	002855 002367 004274 004274 008782 
3669280	002855 006023 
3671851	002855 005722 011532 014567 014567 014569 014569 
3689329	002855 001151 008763 
3689375	002855 002151 002151 005196 
3689402	002855 006023 007010 008764 
3689500	002855 006024 008420 013621 013621 
3689845	002855 002992 006024 014543 
3689893	002855 004355 011035 002151 002151 
3689919	002855 004274 004274 008763 012770 
3689920	002855 007368 014548 
3689991	002855 009262 
3690020	002855 003485 006026 007008 
3690043	002855 002153 002153 006029 008764 
3690204	002855 001151 008769 014569 014569 014567 
3690346	002855 002992 004011 004274 004274 
3690361	002855 006023 011035 
3690516	002855 004011 014138 014651 014652 
3690652	002855 011035 007900 
3690719	002855 013621 013621 006029 004011 
3690733	002855 006023 007377 012317 
3690789	002855 004274 014227 004274 004809 
3690800	002855 001156 006023 008763 
3690806	002855 002562 005722 006023 
3691140	002855 001747 007008 008764 
3691241	002855 006029 
3691361	002855 004011 007381 011321 
3691416	002855 008764 006024 002992 
3691514	002855 002367 007368 008763 003407 
3691575	002855 006023 007368 008763 
3691694	002855 004807 011035 007368 
3691748	002855 002992 006023 
3691834	002855 002992 008763 007368 006026 
3691925	002855 008764 014652 014651 
3691962	002855 001151 007368 
3691981	002855 005722 006024 007368 014548 
3691983	002855 008763 014567 014567 014569 014569 006504 
3692098	002855 
3692187	002855 004011 004274 004274 011035 
3692285	002855 003433 014543 014544 005196 
3692294	002855 001151 005845 014120 
3692316	002855 004009 006023 014567 014567 
3692380	002855 005722 008420 
3692440	002855 004014 007368 014567 014567 014569 014569 
3692514	002855 006023 007368 004009 
3692519	002855 006026 003460 008764 
3692536	002855 001423 004013 014120 
3692609	002855 007034 008800 
3692628	002855 007381 014548 
3692756	002855 005722 006026 005196 
3692761	002855 002992 012771 
3692766	002855 001768 003460 008769 
3692771	002855 006024 012922 013621 013621 
3692786	002855 007368 008773 011035 
3692796	002855 006029 014567 014567 014569 014569 
3692807	002855 002869 006024 
3692849	002855 002562 007008 004009 
3692915	002855 014567 014567 014569 014569 008763 
3693084	002855 001423 001747 007377 
3693092	002855 007368 014138 006023 
3693219	002855 001151 012771 006023 
3693224	002855 002367 014567 014569 014569 014567 006504 
3693230	002855 005722 006023 014567 014567 014569 014569 
3693241	002855 001156 006504 007368 
3693253	002855 002367 006504 014567 014567 014569 014569 
3693280	002855 008774 012771 006023 
3693286	002855 014227 014548 006023 
3693368	002855 004809 004013 
3693433	002855 007368 004011 
3693473	002855 004011 006521 001151 
3693501	002855 003407 005722 
3693557	002855 004274 004274 011861 
3693612	002855 003460 006024 013621 013621 
3693789	002855 006038 008770 014567 014569 014569 
3693813	002855 008769 014567 014567 014548 014569 014569 006023 
3693840	002855 002151 006023 002992 002151 
3693856	002855 006024 007368 003460 
3693902	002855 006023 002367 
3693921	002855 006024 013621 013621 
3694012	002855 005722 008420 014567 014567 014569 014569 
3694039	002855 003485 004274 004274 005845 
3694073	002855 002992 003407 004009 002153 002153 
3694101	002855 003433 004011 014652 012353 
3694236	002855 002992 003407 004355 006023 
3694289	002855 003407 006023 007368 008763 
3694318	002855 004355 013184 007008 
3694384	002855 002562 007008 008764 
3694415	002855 002992 006023 006521 
3694417	002855 002992 003407 007368 006023 
3694426	002855 006029 002992 007377 
3694428	002855 002992 014569 014569 014567 014567 
3694431	002855 002992 004274 004274 007368 
3694432	002855 006024 014567 014567 014569 014569 002992 
3694433	002855 004009 006029 002992 
3694434	002855 006026 007368 004009 
3694481	002855 006026 007368 
3694738	002855 006023 003407 004009 
3694741	002855 002992 008420 
3694754	002855 007381 008769 001151 
3694780	002855 
3694791	002855 006023 011035 014568 
3694797	002855 002160 002160 006504 006029 
3694798	002855 001151 004009 005196 012354 
3694810	002855 002367 002637 011861 
3694813	002855 008420 008763 014568 
3694828	002855 001764 008763 
3694903	002855 002153 002153 003407 013621 013621 002992 
3694980	002855 004009 001747 
3695022	002855 005722 007026 007368 
3695024	002855 002992 006023 002562 
3695027	002855 004009 006023 013621 013621 
3695201	002855 004807 005196 
3695282	002855 002367 003407 004009 
3695285	002855 002992 014567 014567 008764 014569 014569 
3695292	002855 004011 007368 001764 
3695345	002855 006023 003407 008763 005196 
3695368	002855 006024 014569 014569 014548 014567 
3695373	002855 014567 014569 006029 
3695434	002855 002992 004009 011035 
3695510	002855 002992 007368 
3695529	002855 007008 002992 004009 
3695539	002855 001151 004807 002992 
3695542	002855 002367 006023 008763 
3695543	002855 012771 014567 014567 014569 014569 006029 
3695554	002855 002992 004009 006024 003407 
3695643	002855 002367 005722 006023 
3374040	003277 007372 
0032055	014227 
3577806	007368 013157 006023 
3426943	005126 008763 007381 014548 
3560511	007010 006504 001747 
3591844	002151 002151 006024 002855 
3618222	014568 002855 
3655393	002151 002151 005845 006023 002855 
3666520	013620 002855 003447 
3667319	007374 007887 011076 001839 
3690778	002992 004009 006026 002855 
3693276	008763 014652 002855 
3694006	002855 002992 006024 
3226303	008763 
3239415	007125 007127 013183 
3250683	002182 
3311775	009239 
3337463	007125 009283 013650 001767 
3411186	008500 011322 008420 
3436212	003485 005165 
3437011	014558 
3438652	008500 013782 014558 008484 
3441016	005310 
3451496	001195 001248 001546 012354 014542 001562 
3451553	006044 010724 
3455043	006050 006059 007381 
3455120	004065 013212 
3455294	006525 014180 
3457692	006587 
3461197	008769 014543 014544 
3462262	011321 014542 
3463768	001844 001845 011035 007008 
3463859	005196 005263 
3464027	008764 014555 
3464379	002160 002160 003429 
3465327	007113 007125 014627 012845 
3467040	001844 004283 006854 006865 
3469560	007113 
3473086	003433 004011 011528 014569 014569 014567 014567 
3478419	008800 013183 
3481391	014113 010968 
3483996	006553 003454 
3484314	004391 005738 
3486569	006029 
3486623	005196 014120 005161 013620 011532 
3486777	008774 
3486834	003007 006504 007368 011528 
3487040	009283 013183 
3503865	011045 
3519078	011044 
3542887	004009 006557 008763 
3546891	001151 014120 001204 
3559645	007026 011321 
3561660	014559 008769 
3561704	013782 
3574475	013157 002675 
3574873	006508 006029 013614 
3577022	003007 003008 
3577590	013782 008420 004011 
3577741	005722 006024 001752 
3580095	002394 009283 002413 
3580397	006038 006042 013614 008769 
3580584	005196 006024 011861 014383 
3580586	007008 011532 001151 001195 
3580714	001195 002151 
3689931	002855 006521 008764 
3768686	001156 007031 013183 
3439280	002472 
3454625	001845 005211 005310 011531 
3457195	002572 013658 
3459635	013183 
3461882	008484 
3462514	001847 005196 008764 011044 
3486187	007377 014672 
3561084	007034 013614 006042 
3574546	006023 
3579181	001185 001156 002151 002151 
3580256	013782 001151 014563 
3581149	004827 007368 013782 008773 
3442188	007381 
3459888	008484 
3462956	007125 007127 008824 012845 
3463593	004022 006036 006044 
3464638	014383 
3481518	008800 002413 
3487266	014563 002160 002160 
3487316	007372 006559 007381 
3560308	002992 012845 007008 
3578747	014567 014569 
3580798	013614 003008 
3462292	001898 006846 013192 013192 006846 
3467932	011194 004274 004274 
3485931	008484 
3580912	002151 002151 004666 011076 003407 
3459109	003277 
3486321	011076 
3559612	014113 004274 004274 
3578443	007008 011198 
3462246	004827 004839 
3254734	003433 
3456210	005738 
3462720	003008 
3463851	004839 014573 
3581851	002659 008763 004809 
0172459	004011 
0750570	014558 
3455151	009299 
3445607	008485 008488 014627 
3457917	006559 
3458061	004274 004274 
3458744	002433 014545 
3474395	001204 
3481862	001847 002637 012895 
3482382	008420 014568 
3482396	004051 
3482445	002456 002472 007026 
3482591	002637 010968 
3482592	001845 004827 007374 
3483171	007010 011045 
3485027	002162 
3485092	007374 007381 014534 
3485816	002413 002420 002456 006026 
3502364	014651 014652 
3514920	003469 013620 014383 
3517604	006026 
3520880	004014 
3525384	007381 007887 007899 
3559731	012355 014138 
3561098	002367 002394 002413 004022 
3575581	004827 011035 
3576299	007374 007381 011076 
3576301	014555 
3576302	004274 007374 014534 
3576303	013620 
3576305	004065 007372 009283 
3576307	004022 
3576308	001843 005724 007026 
3576310	004283 
3576312	004065 
3576318	007374 
3576319	001433 
3576320	006521 011076 
3576321	007026 
3576324	001185 005211 009262 
3576325	002428 002433 007381 
3576326	001845 
3576327	005196 
3576328	004807 
3576329	005196 014117 
3576330	007113 007372 007381 
3576332	003008 007372 
3576334	009262 012107 012729 
3576337	002869 
3576339	007026 
3576340	007372 
3576341	001204 
3576343	002420 
3576346	006863 
3576347	002637 003007 009262 
3576356	002637 
3576358	003560 
3576364	002413 002456 002567 
3576365	004279 004279 004280 006024 
3576373	004283 
3576375	001213 013615 
3576376	003017 010724 
3576377	003275 
3576383	012895 
3576384	013183 
3576386	003429 006026 
3576389	002456 
3576390	002384 003008 
3576391	001213 
3576392	011531 014117 
3576393	007372 
3576394	007026 
3576398	005196 
3576399	001232 001843 
3576401	014558 
3576406	001423 007381 
3576408	006504 
3576409	003460 
3576411	001839 014563 
3576412	003485 004827 
3576417	001156 007008 
3576428	002162 
3576436	002367 
3576439	003469 007374 014534 
3576442	002162 002413 
3576444	004279 004279 004292 
3576448	004827 
3576458	001844 
3576459	006863 
3576461	007374 007381 
3576462	007381 
3576465	004839 004874 007026 012731 
3576466	003460 
3576468	013658 
3576470	008774 011862 
3576472	006846 006846 
3576473	014554 
3576474	014231 
3576475	014567 014567 014569 014569 
3576482	001546 
3576498	004391 
3576500	001844 
3576502	001839 
3576506	002420 
3576512	002166 
3576513	001767 006026 
3576515	007125 013183 
3576516	004065 
3576519	001774 
3576521	001156 
3576523	008485 008488 014567 014569 
3576524	007377 
3576525	014180 
3576531	014099 
3576534	007026 014117 
3576540	003008 007026 
3576544	003008 
3576546	001423 001433 006863 
3576555	001423 002992 004279 004279 004280 
3576564	002869 
3576565	001769 007381 014567 
3576570	001845 006846 014099 
3576571	004022 012730 
3576574	002564 
3576581	001195 
3576583	011076 014099 
3576627	008420 008479 013185 
3576629	001768 
3576631	007372 
3576632	011076 014117 
3580383	004011 004807 004827 
3599497	001151 004022 014567 014567 014569 
3603544	002653 011818 014381 
3633806	004274 014651 014652 
3668748	006042 
3668752	007887 007899 
3668753	003008 004666 
3668754	003017 005161 
3668758	002160 002160 006029 
3668760	002992 
3668761	007374 014534 
3668765	001546 001547 005189 012353 012354 
3668767	004274 004274 
3668770	004807 004827 
3668771	007010 
3668772	001758 
3668777	001423 014567 014567 014569 
3668778	007381 014113 
3668780	011035 
3668782	003007 003017 006029 
3668783	002863 004735 006026 
3668785	007381 
3668787	006038 
3668788	013183 
3668789	004666 007381 
3668791	007374 
3668794	006521 
3668796	002367 
3668797	007381 012895 
3668798	007381 
3668800	002394 008773 
3668801	001768 005121 
3668805	004809 006026 006521 
3668806	003008 006521 
3668808	002992 
3668816	004014 006026 
3668818	004807 007374 
3668820	002413 002992 
3668821	004827 007374 
3668822	014113 
3668824	002413 
3668825	007034 
3668826	002367 003469 004022 012770 
3668827	002413 
3668830	010724 
3668831	002367 003008 009262 
3668832	004809 
3668834	007377 007381 
3668839	002869 
3668842	007008 
3668843	009262 
3668844	002869 007381 
3668846	011076 
3668849	002394 012353 012354 
3668850	014120 
3668851	003485 005189 
3668852	004827 013154 
3668858	002567 010724 
3668861	007381 
3668862	004666 
3668867	002992 
3668868	002992 
3668870	002992 012771 
3668871	011045 
3668873	007372 
3668878	005196 013184 
3668881	002413 002992 
3668884	007374 
3668887	007374 007381 
3668890	006029 
3668891	003017 004274 004274 012770 
3668893	005121 
3668895	001546 001547 012353 014231 
3668900	001764 005154 
3668904	006846 006846 007381 
3668905	006504 
3668906	007381 
3668909	007374 
3668911	001843 007043 
3668916	007381 
3668917	001768 007381 007887 
3668918	003460 
3668919	006525 014113 
3668920	004013 
3668923	002367 014567 014569 
3668924	003469 007374 008774 
3668926	007381 014113 
3668930	004735 005845 
3668932	004807 
3668934	007381 
3668935	013212 014674 
3668937	001204 
3668941	003017 005196 
3668943	001767 007374 014567 014567 014569 014569 
3668946	004735 
3668947	006026 014113 014543 
3668950	003008 
3668951	006026 
3668956	004807 013782 
3668958	004051 
3668964	001767 
3668965	004735 
3668966	014567 014569 014569 006846 
3668967	012771 
3668968	006029 011035 013614 
3668970	003275 
3668972	001156 
3668974	001767 
3668975	002863 
3668976	007010 
3668979	007381 
3668984	007372 007374 
3668985	006023 009262 
3668987	004735 
3668996	013212 
3668998	002637 009262 
3669001	013212 
3669003	004011 
3669004	002653 002659 005724 
3669006	014113 
3669007	007381 
3669008	002367 003008 009262 
3669011	007026 
3669016	013157 
3669018	001546 
3669019	014554 
3669024	006023 014567 014567 014569 014569 
3669027	009262 
3669030	003460 
3669032	014113 
3669033	006023 
3669036	006023 
3669038	006024 014113 
3669039	012770 
3669041	007381 
3669045	001769 011531 
3669048	006557 
3669050	001195 
3669051	012845 
3692917	003017 003275 012845 
3693581	002869 
3695271	002367 
3695281	011035 
3797631	007881 
3797644	002367 
3797645	002367 
3797651	002992 
3797653	005724 
3797662	004816 
3797665	004666 004807 
3797676	012770 
3797679	007877 
3797683	001156 007010 
3797692	014381 014651 014652 
3797702	009262 
3797709	006038 
3797710	014651 014652 
3797713	003469 
3797720	011035 
3797724	002869 
3797728	004274 004274 
3797740	006029 
3797764	007877 
3797765	002992 
3797770	007877 011035 
3797772	002992 006038 
3797787	002869 
3797790	007877 
3797793	004666 
3797805	002653 
3797806	006521 013184 
3797816	004735 
3797819	001156 006024 
3797823	004022 
3797824	001562 012355 
3797827	014651 014652 
3797831	013154 
3797833	007877 
3797849	002367 
3797855	012354 012355 
3797856	014651 014652 
3797859	012354 001562 
3797881	007381 
3797882	007381 
3576410	006846 006846 
