Students	1148
0172459	008469 
0686967	013169 
0700408	012295 
0750570	008769 
1086489	012771 
1089147	004355 
1170820	003572 013169 013216 013217 
3069495	007380 007381 008500 012771 
3073525	001836 002160 006846 
3075829	001547 008500 
3090066	007127 011045 013155 013343 
3093818	001763 
3094516	004379 007372 
3094719	005263 013194 
3099325	001247 
3099420	002992 007008 
3102134	010942 
3102974	004369 005263 008500 009845 
3103190	005141 005271 011063 
3103343	006026 006867 013191 
3112960	005196 009304 013171 
3113981	001237 001843 
3116269	007125 007127 
3118476	004355 
3118615	006573 
3119160	001213 001248 007006 013155 
3119618	008447 008500 011204 012771 
3119907	002869 002878 013164 013299 
3121331	001213 001248 011294 012770 
3121717	001766 003572 004017 013169 
3121847	004873 007380 007395 
3122279	006042 006044 006502 
3122354	004009 004815 006023 009299 
3122431	002173 007380 011035 
3122450	005739 
3123570	001843 013192 
3125756	001559 007068 009304 
3146209	001844 002464 008485 008488 011962 
3161154	001844 008420 008500 012338 
3195977	003009 010942 
3196460	003572 006023 008769 013289 
3198863	001547 006033 006059 010942 013188 
3198918	001843 007026 007068 
3199633	006042 010942 012353 
3201565	005271 007127 013337 
3202052	001838 006023 
3212089	001185 004065 004082 004355 
3212095	013192 
3212266	004301 012299 
3212483	004017 004036 006035 
3213028	002367 007010 012326 
3217410	001151 001213 001248 001843 
3217450	007026 007395 012895 
3217451	001204 001237 001248 011844 
3217598	005141 005196 012819 
3218585	001551 004022 005196 012355 
3218733	003277 009304 011063 013337 
3219120	003572 004725 
3219586	003480 003572 008420 008500 
3219927	005141 011063 012483 013212 
3221487	007127 
3221499	001473 004882 011204 
3221725	002176 
3221877	001843 004666 007380 
3222195	007381 
3222677	002367 002472 
3223179	001248 001766 001836 004666 
3223213	004873 007375 008763 
3223337	002412 003026 008824 013166 
3223347	001151 001213 001248 001843 
3223454	003500 013287 013289 
3223457	006033 006042 008821 010942 
3223467	001844 004304 012770 
3224132	002712 004065 006550 007068 
3224158	006054 
3224179	007068 007127 012819 013337 
3224187	001248 001847 001898 013187 
3224211	006042 008420 008500 013186 
3224449	001766 003572 
3224924	001843 002160 006026 013192 
3225193	003572 004873 005739 
3225245	006042 
3225913	005743 012731 
3226486	001857 004301 013217 
3226607	001473 002635 007909 009263 
3226945	002869 008773 013188 
3227014	004009 004274 005222 013212 
3227211	011230 012295 
3227217	006042 006846 013192 
3227263	001766 002469 002472 006846 
3227297	001551 004869 005263 013287 
3227361	002562 005854 007010 009304 
3227364	002166 011826 
3227498	001237 003572 013340 
3227669	004815 005263 005290 013158 013194 
3227882	002562 004009 006033 010942 
3228115	013166 
3228501	003031 
3228510	001151 004301 004838 006846 
3228659	001204 002712 007008 013205 
3228721	001248 
3229135	004009 008821 013188 
3229190	002671 
3229363	004869 004882 
3229500	001847 006033 013288 
3230522	001847 006042 006846 013192 
3231046	002635 006500 006550 
3231171	003004 003026 
3231817	002992 003572 013187 
3233965	007372 007381 007395 009342 
3234723	001767 003572 013168 
3234786	002176 002182 
3235332	005729 005743 009304 013156 
3236006	003572 005729 005739 013171 
3236337	001248 006035 007364 
3236356	002878 005863 
3236439	009359 
3239404	002712 007127 013194 
3239415	002992 005179 007026 012339 
3239492	001213 001248 011294 013194 
3239803	002992 007380 007395 
3239900	007375 007381 
3240228	009342 
3240400	001847 
3240926	005141 009304 
3241275	002412 002464 002472 
3241428	001844 002472 012338 
3244115	002869 007395 008763 012895 
3245617	001204 007010 
3245992	007381 
3246608	002992 006044 007381 010942 
3247072	001248 013187 
3248623	002464 009299 
3250074	001425 002412 004288 013160 013299 
3250131	001185 001836 002160 
3250227	001836 002173 002182 
3250244	007374 007380 
3250498	001753 001764 003454 
3250514	001766 003572 007375 008774 
3250683	002162 002166 002635 011826 
3251757	004011 011844 012292 013160 
3251781	005141 005263 013191 
3252368	003454 013168 
3252499	001843 005257 009304 012770 
3253100	002162 002166 007010 011826 
3254408	002869 005211 
3254633	001857 002992 008769 013192 
3254734	001838 013216 
3255465	001425 011844 012292 013160 
3255755	001753 007375 007381 
3255760	001898 007374 
3255904	002712 004065 007877 
3256056	004082 004872 012731 
3256294	004082 006054 
3257109	001547 001551 007372 007374 012354 
3257419	002176 006035 006054 
3257543	007381 009342 013287 
3258482	002182 008821 
3258485	001857 
3259524	006059 010942 012326 
3259535	001425 001473 012292 
3259890	003277 004065 004082 006023 
3259952	005257 005743 009304 
3260251	004301 004304 006029 
3260429	004869 007125 007127 
3261773	009304 013156 013171 
3262457	001767 003572 013158 013169 
3263080	002992 003572 004873 
3263732	007068 007127 011045 012819 
3264284	007127 012339 
3264390	008821 
3264954	006506 006550 007010 011028 
3266121	001213 001248 011294 
3266668	006867 008769 012352 
3267842	002173 002182 
3267886	007127 012299 012339 
3267997	003500 004869 013216 013289 
3269263	007127 007909 013337 
3269275	002869 003528 003572 
3269332	011204 
3269425	001847 002166 006033 010942 
3269750	007125 007127 
3270468	004815 006846 011204 013192 
3270555	001843 003572 013169 013289 
3271598	004839 012895 
3272732	004065 
3273028	005196 008500 011035 
3274299	001844 013157 
3275705	001185 001213 001248 003500 
3276264	004082 005845 009299 
3278685	007068 007127 012819 
3283549	007127 012819 013212 
3283602	001843 008420 008500 
3287584	001473 004359 004869 011986 
3289325	002166 002173 004301 
3291024	001845 006846 007374 
3292387	002869 003572 004379 
3295955	001844 002176 
3300040	006033 006042 010942 
3301223	001845 008485 008488 
3303344	003572 013168 013171 
3303699	004379 004389 004815 007380 
3304568	004839 004882 009299 012731 
3304629	003277 004379 004882 012731 
3304946	001473 004807 006846 009299 
3307130	007372 007395 011035 
3309945	002464 002472 012227 
3310035	001204 007127 012819 013155 
3311499	007395 009342 013340 
3311527	006042 010942 013192 
3311583	006500 006846 013192 
3311586	001204 001237 001248 007364 
3311902	007375 007395 
3311935	004872 005739 008821 008824 013204 
3311937	003026 003500 
3312301	003026 003031 007125 007127 
3312519	005196 006506 011028 
3312800	003572 
3313406	001764 003572 011028 013169 
3314060	002176 006054 
3314270	004379 007395 009342 012895 
3314281	001213 001248 008485 008488 
3314339	002469 004815 013165 013287 
3314364	005271 
3314413	002176 009845 
3314546	001547 003277 006059 007372 
3314570	003463 004725 013171 013191 
3314580	003001 003009 004082 
3314899	002878 004274 005863 
3314978	002992 006033 010942 
3315095	001847 001898 002413 
3316247	002464 002472 005196 013288 
3316273	007395 012895 013192 
3316456	002637 003026 013166 
3316620	013215 
3316768	001843 003004 
3316863	004869 
3316953	002567 006867 011230 
3318430	007395 012895 
3318988	007125 007877 008824 
3319023	001248 001843 010942 011294 
3319030	004082 004882 005743 012731 
3319128	002712 003480 004082 013187 
3319386	004869 012731 013171 
3319602	002160 011230 012295 
3319691	003528 003572 011529 013171 
3319692	003572 007380 013216 013289 
3319863	003009 004013 009299 012731 
3322523	001845 001890 006846 009342 
3322549	003572 004838 005179 013169 
3322585	002367 002412 002992 004013 
3322886	001836 006846 012317 
3323191	001843 001844 006846 
3323210	006044 006059 
3323254	002469 
3323345	002472 
3323354	001248 002992 011204 012326 
3323367	008821 008824 013188 
3323512	001151 001890 001897 006500 
3323535	002413 012353 
3323539	002176 002182 008485 008488 
3323859	001248 006846 012293 
3324231	002176 002182 006026 
3324271	002567 006026 006044 006848 
3324289	002464 002472 
3324360	001761 003572 
3324397	003009 003031 010942 
3324484	002869 
3324812	004379 004389 007381 
3324844	001213 001248 011294 012293 
3326954	002469 002472 004725 011204 
3326956	003480 008500 012331 
3328955	007375 007395 008447 
3329365	004011 006026 006867 
3329409	001763 007026 008447 012326 
3329662	005222 012819 
3329685	002464 002472 
3329686	001473 002869 012320 013163 
3329719	003009 006033 010942 
3329727	001213 001248 001845 006846 
3329729	008479 008500 
3329782	002643 008500 012771 
3329814	004852 005196 013287 013289 
3329885	007125 007127 007909 
3330241	002413 002469 002472 005263 
3330264	005141 005263 005286 012339 
3330293	004288 005729 005743 013182 
3330298	002367 002412 
3330300	002151 004280 004301 008769 012293 
3330318	001763 
3330330	002472 
3330517	002712 008821 008824 013169 
3330520	002472 008821 
3330527	003572 008778 008821 
3330767	001151 001237 001248 
3331032	007125 007127 
3331071	003463 006029 006035 008769 010942 
3331179	004725 005196 008420 012326 
3331180	001836 002160 
3331186	004017 004022 008821 
3331222	004301 006029 013182 
3331270	001213 001248 006846 
3331277	006518 006550 006573 007034 
3331686	002162 002166 004838 006846 011826 
3334029	004807 006044 008769 
3336750	003480 007127 009335 
3336765	002680 002712 008821 
3336991	001767 009304 
3337037	013168 013216 
3337234	003463 008821 008824 013188 
3337246	001836 004017 004022 006846 
3337249	007380 007381 
3337334	001836 006846 008485 008488 
3337335	002680 002712 008821 013194 
3337390	002367 002394 002413 
3337414	001248 012293 012320 013203 
3337673	007372 007395 008447 
3337781	002151 006846 007375 012895 
3337851	006846 007395 013192 
3337912	002992 004301 006042 
3337915	004082 007127 012819 
3337950	002173 002176 007010 
3337955	007127 012819 
3338009	002151 006867 
3338017	002176 006035 006059 
3338205	004082 005724 
3338504	005263 009304 013191 
3338564	006044 006059 
3338668	004011 004666 007127 012819 
3339029	003001 
3339061	001204 009335 013287 
3339074	005729 005739 012895 
3339156	006846 011204 013192 
3339160	002562 006059 010942 
3339196	001845 001847 001898 
3339315	001204 008769 011044 012770 
3339354	001562 006867 012354 
3339567	001766 001843 006846 013169 
3339780	003026 008763 010942 
3339814	002869 005141 005196 007372 
3339827	001838 005286 009304 011204 
3339830	004009 005196 009342 
3339987	001237 006848 007127 
3339989	006044 008824 010942 013188 
3339999	007127 013337 
3340003	008821 013188 
3340096	001547 008500 013186 
3340110	002413 002878 004838 013160 013203 
3340232	003026 006054 
3340287	001151 002653 004359 011529 
3340292	001765 001844 001847 013194 
3340324	001151 012317 013187 
3340339	001473 001843 013160 013163 
3340449	006865 
3340556	002176 002182 
3340558	008821 011529 013171 
3340585	006550 007026 007127 013165 
3340672	004036 005196 005263 009304 
3340716	001763 003528 013169 013216 
3340797	008420 008469 008769 
3340838	001204 006029 011204 
3340959	005141 007125 007127 
3341037	003572 008500 012771 
3341079	001847 002160 
3341213	013171 
3341253	007125 
3341358	007395 013191 
3342762	005196 005263 013191 
3342833	003004 007374 009342 
3342969	007372 007375 
3343167	001151 004017 004065 008821 
3343615	001838 007375 007395 008769 
3344151	007372 007380 008447 011044 
3344264	001766 004807 004882 012731 
3344941	006026 012292 
3347767	008479 008485 008488 013185 
3347973	005722 013187 
3350298	001151 005196 005211 005286 
3351574	001213 004036 011962 
3351809	001213 008769 
3352054	001547 012355 013158 013169 013216 
3352269	007364 007372 007381 008769 
3352660	008469 008479 013185 
3352904	006550 009299 012731 013187 
3354445	001185 001213 011035 011844 
3354609	004013 005257 013215 013216 
3357453	003009 
3358228	001766 005196 005739 013169 
3358339	001204 004355 012292 013217 
3358378	005196 013168 013182 013216 
3358960	002469 011063 011343 
3359026	006029 008769 012339 
3359188	001836 006042 010942 
3359596	001213 006029 006854 006865 
3360165	001845 001847 006846 007381 
3363735	003019 004011 006023 
3363924	002162 002166 006846 007887 011826 
3364124	001753 004869 012731 
3364639	001213 012331 013212 
3364991	002567 006042 011230 012295 
3365419	004725 007374 007375 007381 
3365824	001847 002160 013190 013287 
3366138	002394 002464 002469 008778 
3366307	002855 002992 005141 
3366745	004359 006035 012292 013160 
3369591	004274 004279 006044 012355 
3369702	004022 005196 013287 
3372100	006500 006848 011028 012326 
3372272	001764 
3374040	005854 011986 
3374194	004355 006024 012292 013160 
3374470	003454 007008 013188 013216 
3374479	007026 012339 
3374569	001766 002464 003454 003480 008769 
3375120	002160 003463 007381 013182 
3375323	001151 002855 004274 013203 
3375389	001844 002151 006026 008763 
3375410	004274 005845 009299 013290 
3375544	001847 002151 008769 013287 
3375629	001844 002367 002413 
3375685	006029 007364 011529 013179 
3377851	003004 003019 006518 007008 
3378849	001836 005271 006846 008469 
3379786	001843 002160 005222 012295 
3380465	001151 004288 013212 
3380697	001845 001857 002637 006026 009262 
3381424	001767 003463 012895 
3381480	001847 001898 006042 013203 
3381824	003004 009342 012895 
3382205	001151 002162 002166 011826 
3382662	003026 005211 006029 013212 
3388921	001847 007381 012895 013192 
3389022	003001 003019 
3389574	007395 013190 013203 
3390220	008420 008773 012326 013185 
3393147	001213 008773 011294 011962 
3395299	007380 007381 013165 
3395581	001845 001857 006846 
3395624	005179 005257 011530 012820 
3395937	008420 008479 013185 
3396036	004725 008447 013168 013194 
3396206	004725 013171 
3396208	003001 004274 007010 012819 
3396226	004839 009335 
3396292	002162 002166 005196 011826 
3396312	001843 006846 008773 013192 
3396313	001213 008447 008778 012295 
3396377	001843 002151 008769 
3396422	001213 011204 
3396460	001845 001847 006846 011844 
3396461	001845 002151 004065 006846 
3396837	007008 008420 008469 008479 
3397012	005263 008447 011529 013194 
3397042	007381 
3397242	003031 004082 013166 
3397265	001847 004017 005722 007381 
3397442	003480 004017 
3397709	001847 007364 013190 
3397771	004815 004872 011530 
3397807	001151 004725 008479 013185 
3397856	001764 004013 011529 013289 
3397992	005179 005263 011035 011529 
3398070	002413 002464 
3398117	004806 004815 011844 
3401311	004022 004036 004869 012731 
3402266	005141 005179 005263 013191 
3402556	004279 004815 004869 012731 
3402583	003454 005196 013216 013217 
3402721	013187 
3402910	004014 012339 013187 
3404179	004017 006038 006044 011063 
3404196	002992 004011 006525 007026 
3404204	005141 008778 013168 013188 
3404279	001765 007364 007887 011044 
3404341	001551 001559 003454 009262 012353 013171 
3404364	001764 003454 011063 013216 
3404386	003500 005196 006026 
3404473	007068 013337 
3404534	006029 009262 010942 
3404642	002992 004014 004869 012731 
3404693	001836 002160 006029 007010 
3404828	001847 004725 013192 
3404976	003454 003463 006023 008769 
3405144	008479 008485 008488 011045 
3405145	001151 001844 012770 013204 
3405151	001843 002160 007381 009262 012353 
3405153	001151 001213 002162 002166 006846 
3405248	002992 009342 012895 013182 
3405393	002992 007395 
3405422	002160 006846 007008 010942 
3405427	002367 002855 004013 011063 
3405451	001151 001836 002855 008769 
3405604	001847 006846 007008 011063 012819 
3405619	001836 011844 013187 
3405695	005271 007006 011063 013337 
3405829	001843 002464 012332 
3406042	004065 004359 004869 012731 
3406073	004036 007008 009335 
3406196	004279 012483 
3406295	004017 004065 006509 006518 
3406406	003447 008773 013179 013182 
3409210	001836 005724 007381 
3411005	004036 005141 005196 005257 
3411018	004725 007381 007395 
3411059	001836 002151 005724 006023 
3411136	003004 013337 
3411154	001836 002162 002166 011826 
3411158	002992 007374 007375 
3411159	006846 007381 012895 
3411186	002855 002992 004011 007364 
3411258	007374 007380 007381 007395 
3411531	002162 002166 006846 011826 012483 
3411629	003001 003026 008447 011044 
3411646	006029 006042 011230 
3412100	006044 010942 013156 013190 
3412261	001551 009845 012731 
3412381	001845 005141 005222 005290 
3412520	003001 003026 008447 011045 
3412523	001213 003463 011045 
3412549	003009 005724 008420 
3412644	003004 006029 010942 
3412670	001843 001898 002160 013192 
3412725	001151 002855 008769 
3412755	001843 008447 012326 013185 
3412825	002160 006029 013299 
3412835	004839 005211 012819 
3412864	002562 006865 007010 008773 
3412866	001843 004355 
3412874	008821 013157 013168 013188 
3412881	002855 004009 004807 009262 
3413014	006846 007372 
3413022	001838 002637 008763 013287 
3413146	003463 011962 013179 
3413255	001204 001213 008763 012227 
3413283	005196 006023 011986 012292 
3413356	002394 002413 002469 008763 
3413441	007008 012339 012819 
3413451	001857 006029 012299 
3413521	001845 002160 006026 006501 
3413574	002869 005847 007026 013182 
3413582	001836 002162 002166 011826 
3413598	004806 006042 006044 
3413728	001845 006846 012483 
3413771	007364 011962 
3413774	002992 005729 005739 006023 
3413923	003001 004274 006029 010942 
3413980	001151 004274 
3414016	002367 002413 
3414068	003001 007380 
3414124	001843 001844 005196 007010 
3414238	002657 004014 013158 013182 013190 
3414273	002166 004013 006029 006846 
3414278	006865 006867 011035 
3414298	008469 008479 011044 
3414395	001767 003454 004017 013169 
3414467	003447 006042 006044 013168 
3414811	001213 002367 003004 013287 
3414843	002162 002166 006846 007010 011826 
3415044	002162 002166 011826 
3415125	002413 003001 004013 012770 
3415144	002394 002464 008769 013289 
3415217	001213 005222 007372 011294 
3415407	001156 003463 011044 013188 
3415489	003001 003026 005196 007010 
3415615	001836 002162 002166 011826 
3415619	002160 006846 007381 
3415627	004355 004869 012731 
3415766	002869 003454 005847 011529 
3415769	002367 003001 013287 
3415801	002562 004359 013182 013216 
3415849	001151 001845 002160 013217 
3415852	001551 001836 002162 002166 011826 
3415858	009262 
3415870	002367 002413 002992 012770 
3416073	003463 003480 011529 013179 
3416203	001151 001843 006846 
3416232	001836 004274 005724 006029 
3416286	004274 005196 007026 
3416354	002176 004274 006044 012299 
3416374	001763 001844 007881 013217 
3416375	001151 
3416398	002162 002166 006029 006038 011826 
3416424	003270 005196 007010 
3416536	002160 005179 006029 
3416598	001844 004274 004279 006029 008773 
3416640	002992 005141 005179 005722 
3416658	003001 006042 012819 
3416891	002855 004009 006023 012771 
3416896	001767 004807 007364 
3416997	007372 007375 012320 
3416998	005722 008773 008778 008821 
3417000	003001 003026 007372 011844 
3417001	002637 002992 011343 012320 
3417002	003463 008479 008769 013185 
3417003	003463 008778 009342 
3417055	002562 003009 008773 010942 
3417073	001213 004013 011844 012293 
3417075	002394 002412 002413 013161 
3417097	004869 006024 007008 012731 
3417108	002855 006023 006500 008763 
3417166	002863 004815 005724 007364 
3417172	002160 005724 006029 006846 012353 
3417273	001843 013171 
3417284	001761 001765 013217 
3417299	001761 003001 
3417314	004009 005263 
3417338	003001 003026 013169 
3417355	011204 011844 012293 
3417359	002657 003463 004017 006509 
3417370	002162 002166 011826 012770 
3417553	003001 003009 003026 013163 
3417717	003009 006029 006518 007010 
3417791	006026 008763 012339 
3417819	004666 007364 007374 
3417908	002855 005722 006023 
3418058	004011 004815 009299 012731 
3418094	002394 002412 
3418106	006029 006044 007374 007381 
3418117	002562 008447 008469 013186 
3418120	001151 001836 007375 007381 008774 
3418145	001838 008769 013191 
3418216	001767 007364 013205 
3418264	002653 013203 013212 
3418441	001156 001845 013157 013169 
3418479	006525 007127 013337 
3418499	001838 008774 
3418606	002855 004009 011035 013203 
3418907	007364 007372 007375 013157 
3418908	003004 006029 010942 
3419002	002855 006024 007364 
3419470	001836 001843 002160 002869 
3419570	004013 007068 
3420025	001836 007375 008420 
3420037	003480 003500 006023 013157 
3420380	002413 012332 012770 
3420434	002562 003270 006038 008769 
3420437	002160 006029 
3420837	001761 004274 005724 008420 
3420884	003463 006500 006846 
3420940	002413 005724 012770 
3421044	001843 001844 002151 012770 
3421153	003447 007375 007381 
3421500	001836 002855 005722 006023 
3421604	001765 001843 008447 013188 
3421700	001836 002160 006029 007881 
3421753	003004 005196 006029 007026 
3421770	005141 005724 012293 013299 
3422146	002657 006023 007008 013265 
3422289	001151 008769 012771 013187 
3422414	004011 006023 009335 013194 
3423676	001747 006042 006044 012299 
3423723	003001 004014 006023 008821 012294 
3423829	006026 006518 
3423839	001151 002855 004807 013194 
3423970	005724 011063 012339 
3424318	001764 003454 004288 008769 
3424363	003270 005141 007372 
3424520	001151 002151 012294 
3424594	002367 002412 004806 008774 
3425095	001425 004379 006026 012292 
3425114	004274 006023 013179 
3425150	003009 
3425219	004815 004872 009263 013218 
3425239	002855 006500 007008 
3425347	002855 004009 007364 013204 
3425356	005179 011844 012293 013160 
3425364	002412 006035 006865 
3425401	004806 005724 013217 
3425437	002855 006029 006846 
3425578	002160 007008 009335 
3425679	002855 005222 012483 013212 
3425755	004013 006035 006501 006865 
3426020	004036 007375 
3426169	007887 013203 
3426213	005196 007380 007381 008769 
3426244	002992 006026 007381 
3426556	001156 007010 011064 
3426638	005724 007375 008447 013194 
3426649	003001 003009 003026 006029 
3426654	002562 007034 013194 
3426658	001765 005141 005290 
3426666	004838 004869 007006 
3426717	001763 005196 011294 
3426718	001766 005196 007364 013171 
3426719	003004 003019 006029 012770 
3426735	001847 002151 004872 013216 
3426858	002855 002869 003447 
3427633	002855 006023 012227 012317 
3427674	001151 002855 012317 
3428042	002855 005722 006024 013160 
3428608	001836 002855 005196 005722 
3428820	003004 004011 006023 007026 
3428844	004815 005845 006023 
3429199	002151 002855 006024 008763 
3429524	004725 005196 008447 013194 
3429532	005222 012292 012922 
3429566	005722 011063 013299 
3429602	011063 012299 012770 013203 
3429706	002869 005196 005845 
3429732	005724 007364 013216 013217 
3429733	007372 008469 008485 008488 
3429761	002855 004011 006029 007364 
3429810	001843 002160 002992 006846 
3429832	004009 007375 013158 
3429834	002367 002413 012770 013157 
3429894	007372 007374 
3430131	002855 003447 006023 008769 
3430142	001185 003447 004807 007375 
3430152	001836 002151 005847 006029 
3430196	002160 006846 008420 008774 
3430298	001836 002151 003447 011063 
3430383	001836 002160 002869 006029 
3430401	002160 006029 012317 
3430706	003001 003019 006029 006035 
3430786	001836 005271 005729 007381 
3430944	004725 006518 007364 012317 
3430953	001204 004288 007125 013212 
3430978	004013 005196 006029 006854 
3431060	007381 
3431078	003004 003026 006029 006525 
3431080	001547 001551 002992 006042 006044 012353 
3431133	002562 008773 
3431155	003270 008420 008469 008769 
3431158	001151 001204 012292 013299 
3431226	001156 005847 007026 
3431257	001747 002855 003447 008769 
3431260	005196 007006 007372 008763 
3431294	001836 002160 006029 
3431303	012331 
3431445	001847 002151 006023 008769 
3431448	002992 007010 008447 008769 
3431449	002166 005845 006029 006846 
3431535	002367 002413 006023 
3431629	002992 003447 006029 
3431651	002412 003004 003019 006023 
3431672	001836 002160 003004 004017 
3431740	001151 008769 
3431828	005196 006026 012326 
3431939	008420 008763 012331 
3432027	002151 005724 007381 013214 
3432040	003463 004807 008769 
3432077	005196 008420 
3432223	001836 002855 004009 006023 
3432238	001836 003463 008769 012227 
3432243	007010 007364 013190 
3432259	005724 006854 006865 
3432301	006029 006038 011230 
3432344	002160 006854 008420 008769 
3432384	001764 001845 002160 005847 
3432398	001151 005222 012292 013212 
3432447	002562 002680 012331 
3432595	001843 001845 002160 005729 
3432622	001767 002562 003463 
3432759	005141 005196 005854 006023 
3432782	001767 007887 012339 
3432796	002376 002394 002464 
3432798	002855 003004 006023 006848 
3433251	004815 008773 013190 013287 
3433275	001764 002855 003447 005845 
3433501	001753 002367 002394 006848 
3433539	002413 003528 013157 013204 
3433663	002162 002166 006029 011826 
3433760	001845 002160 006029 008769 
3433788	007374 007375 
3433829	003026 006035 007364 009263 
3433849	001836 003004 005724 006029 
3433881	002855 006518 007364 008763 
3433929	007380 008447 013165 
3433945	003019 006029 
3433961	002932 003001 003019 
3434079	001151 011064 013182 
3434124	001764 004013 007010 011063 
3434130	002160 006029 013190 
3434210	001753 001761 003447 005196 
3434428	001151 001204 004017 013203 
3434468	001551 006026 011529 013187 
3434539	004013 007372 007375 007381 012353 
3435039	001836 002160 006029 
3435070	001847 002151 008447 008773 
3435161	004274 008769 012293 013203 
3435183	003447 004022 013217 
3435187	002855 007006 007364 
3435248	001843 006846 012299 013192 
3435313	001843 002160 006029 006848 
3435366	002413 002464 002992 
3435380	002412 003454 004274 005722 
3435384	001836 002869 003447 
3435397	003447 003454 005722 013217 
3435627	004725 007877 
3435628	001838 007010 007034 012326 
3435692	001551 001836 004011 004280 
3435722	002367 003004 003009 005196 
3435771	001843 002151 005196 008769 
3435922	004355 008469 008485 008488 
3435931	007375 012295 013165 
3436119	001845 002160 006846 011529 
3436158	001765 002562 004036 013194 
3436206	005847 011986 012922 013160 
3436212	001151 001765 002635 012320 013158 
3436216	004274 006023 012294 013182 
3436227	002413 004013 004806 
3436260	002567 004666 006029 006848 011230 
3436311	001836 006029 
3436514	004873 007374 
3436588	001836 002855 007008 008769 
3436683	002367 002413 004036 
3436710	001836 002855 004011 013216 
3436930	002160 002992 005179 
3437011	002855 005141 
3437089	003001 003009 006023 
3437141	003463 006023 
3437146	003004 007364 013287 
3437240	001836 002855 004009 006023 
3437252	001763 003454 007372 013168 
3437295	001767 003001 003026 007010 
3437329	004011 006500 006509 007026 
3437341	002855 002992 006023 008774 
3437365	003004 005196 006029 007026 008763 
3437379	004838 006033 010942 
3437511	001838 003447 003463 006029 006035 
3437534	002151 002855 005845 006023 
3437574	002855 006501 007877 012227 
3437589	004013 005141 011530 013299 
3437591	007008 007026 008769 012326 
3437756	005196 007372 007375 011962 
3437778	003001 003026 004666 010942 
3437781	008420 008479 012331 
3437827	002680 004014 007010 012326 
3437962	002855 004014 006023 007008 
3437978	004815 006846 012317 013203 
3438020	001156 003270 013179 
3438033	004274 004279 006023 012331 
3438068	001547 004014 004873 005722 
3438084	002367 003004 008763 
3438100	002367 006023 012770 
3438102	002367 002855 002992 005722 
3438113	001836 002855 006023 
3438119	002855 004852 005722 012299 
3438206	002151 002855 007877 
3438232	002855 004009 004807 013299 
3438254	002855 006023 013203 
3438287	001156 005847 006518 012227 
3438342	002855 005119 007364 012483 
3438374	001836 001845 
3438441	001838 002367 003447 008769 
3438442	001151 001838 008821 
3438443	001765 007372 008769 
3438455	001836 002855 003447 008774 
3438465	003463 004725 
3438471	001836 005196 005847 007026 
3438472	001151 001838 003463 008769 
3438473	001838 003004 006023 007010 008769 
3438550	005196 006029 007026 013188 
3438589	008763 012819 
3438652	001156 003463 008485 008488 
3438669	001551 002160 007380 007395 
3438842	002367 002855 006501 012299 
3438878	001156 002855 004011 006501 
3439147	002855 004014 006024 007372 
3439158	007364 007887 
3439206	002855 005722 
3439280	001151 011044 
3439283	003447 007374 007375 008769 
3439328	002166 006029 006846 008769 
3439356	002367 002932 
3439364	001764 002653 006023 
3439387	001838 004355 008469 013182 
3439402	001767 004852 012299 
3439409	002855 004359 005722 006500 
3439437	001764 002160 004011 006029 
3439475	001151 001838 002992 013299 
3439511	002367 004359 
3439528	003001 003026 004815 004838 
3439558	001151 001843 006846 013192 
3439564	003004 008420 
3439588	002855 006023 012227 012317 
3439624	004013 004815 
3439636	001765 004359 007374 007375 
3439670	002160 006029 
3439701	004815 013162 
3439818	006029 006509 006573 
3439820	001213 002151 008769 012293 
3439899	001551 001836 006848 
3439912	001156 002855 008769 011532 
3440024	001836 005196 007010 008769 
3440036	002162 002166 006029 006846 
3440075	002567 003001 003026 006029 
3440116	007375 007381 008774 
3440175	001547 001562 002992 006029 008420 
3440409	002367 003004 006501 
3440419	002855 004009 006024 007364 
3440454	001747 002855 005845 
3440508	002671 004815 006023 012292 
3440606	001213 008763 012770 
3440958	002855 004011 006024 
3441016	002855 006023 006848 008769 
3441166	002855 004359 006024 012227 
3441177	001764 002367 002855 005141 
3441273	002855 002932 004274 
3441306	002562 002855 004355 006023 
3441310	002635 002855 013211 
3441406	001156 002855 004014 007364 
3441413	002855 005722 012770 
3441838	002855 004815 005854 011986 
3441894	002855 003270 012317 013158 
3441900	002151 002855 006029 
3442188	002855 005854 011986 013161 
3442237	002855 004013 012299 013190 
3442335	002855 004011 006023 007364 
3442432	002367 002855 004013 012227 
3442641	002855 012227 012317 
3442991	002855 005722 006023 013217 
3443092	002855 004359 006023 013217 
3443207	001747 002855 012317 
3443283	001151 002855 005722 006023 
3443421	001836 001843 002855 005845 
3443453	002562 002855 
3443516	002367 002855 004011 
3444491	002855 006023 008778 011035 
3444537	002855 002869 004011 006023 
3444811	002855 004274 012320 
3445081	001836 002151 002855 007881 
3445343	002855 007364 008774 
3446645	002855 002992 005722 006026 
3446653	002562 002855 007008 012317 
3446670	002855 004807 007364 008769 
3446832	001151 002151 002855 005722 
3447681	002151 002855 006023 008763 
3448679	001836 002855 004011 006024 
3448687	002151 002855 004013 006024 
3448868	002413 002855 005722 013216 
3449263	003270 007372 013191 
3449400	002855 004011 007364 013216 
3450068	002855 004009 006024 006501 
3450069	001755 002855 006509 008774 013158 013194 
3450490	002855 004274 006024 
3450546	001747 002855 002992 006023 
3451496	002855 006023 007364 
3451551	002855 002863 007364 008769 
3451553	002160 002855 006029 
3451663	001836 002855 008763 
3451664	001753 002367 002855 004011 
3452183	002855 003407 011532 
3452529	002855 002992 006848 012770 
3452561	001836 002855 002869 
3452964	002160 002855 004355 006023 
3453218	001151 002855 008774 013299 
3453262	002562 002855 013216 
3453352	002160 002855 005196 008769 
3453445	001836 002855 004013 006024 
3453467	002855 004014 007034 
3453472	002855 002869 004009 004274 
3453663	002855 
3453856	002855 002992 
3454059	002855 006024 006848 
3454100	001764 002855 004011 004806 
3454115	002855 006026 008763 
3454210	002855 007364 
3454226	001151 002855 002992 013162 
3454433	002855 002992 004274 004355 
3454439	002855 004014 006023 012227 
3454494	002367 002855 004011 
3454497	002412 002855 006023 008769 
3454625	002855 002992 005141 013299 
3455043	001151 002855 006024 007364 
3455046	002855 004011 006029 013190 
3455049	002562 002855 007364 
3455058	001151 002855 008763 
3455093	002367 002855 007375 008763 
3455120	002855 002863 004011 005724 
3455148	002855 002869 006024 
3455151	002855 004815 005722 012922 
3455220	002855 006024 006501 012317 
3455227	002855 006026 012770 013299 
3455291	001151 002855 007364 008773 
3455294	002855 004011 012483 
3455297	002367 002855 006026 012227 
3455341	002855 002992 006023 008763 
3455419	002855 006026 013203 
3455519	002855 003463 004011 013182 
3455562	002562 002855 004359 006500 
3455625	001836 002855 006023 
3455631	001836 002855 002869 011986 
3455690	001151 002855 004274 005119 
3455719	002151 002855 002869 012317 
3455808	002855 004011 013216 
3455915	001836 002855 006024 008769 
3455981	002855 004011 008420 
3456016	002855 004009 004852 006023 
3456053	002855 002863 005211 
3456066	002855 
3456103	001838 002855 004009 004806 
3456210	001547 002855 005722 007364 
3456228	002855 013211 013216 
3456290	002855 004036 004807 006501 
3456313	001151 002855 004009 006500 
3456645	002855 007372 012227 012483 
3456677	002151 002855 004011 006023 
3456820	001766 002855 007364 008763 
3456994	002855 008420 008469 
3457039	002151 002643 002855 012320 
3457184	001747 002855 005141 007877 
3457195	002562 002855 005724 006029 
3457231	002855 003447 004274 006023 
3457327	002855 004009 006023 013203 
3457393	002855 004009 004852 007364 
3457459	002855 004274 006501 007364 
3457692	002855 006500 007008 007877 
3457808	002855 003447 005845 013299 
3457932	002855 004013 004815 006023 
3457935	002855 003270 006023 013194 
3457979	002855 004014 004274 008420 
3458037	001838 002855 008774 
3458049	002855 
3458121	002855 003447 004274 008774 
3458122	002413 002464 008769 013288 
3458136	002855 004011 006023 006848 
3458176	001151 002855 008763 012771 
3458250	002367 002855 002992 003407 006023 
3458295	002151 002855 004009 006023 
3458339	002855 004839 006500 008769 
3458451	001836 002151 002855 003407 012353 
3458452	002367 002855 002992 012317 
3458469	002151 002855 004013 006023 
3458533	002367 002855 011986 
3458641	007881 
3458932	002855 006023 006518 013182 
3458934	001747 002855 004009 
3458949	002855 004014 007008 008763 
3458957	001151 002855 003447 008763 
3458972	001836 002855 004013 006023 
3459032	002855 004011 006023 007364 
3459109	003454 012299 
3459111	002855 004011 006500 007364 
3459505	002160 002855 006029 
3459508	002855 004011 004806 004852 
3459522	001836 002855 004011 013211 
3459523	001151 002855 004274 005722 
3459584	001838 002855 006518 008769 
3459613	002855 007008 007364 008763 
3459635	002855 003019 004009 
3459645	001204 002855 007364 
3459647	002855 004011 006026 007006 
3459823	002855 004852 005722 007364 
3459888	002562 002855 002992 006044 
3459897	002855 002992 004011 006029 
3459972	002855 006024 012770 
3459980	001151 002635 002855 012299 
3460073	002855 005847 006023 013217 
3460134	002855 004009 006026 
3460235	001151 002855 002992 005722 
3460359	002855 004009 006023 006848 
3460369	001836 002855 008763 
3460371	002855 006502 011035 
3460399	002855 004014 006023 
3460488	001836 002855 004014 006024 
3460701	002855 006029 006500 006854 
3460737	001836 002855 008763 013190 
3460757	002855 006024 011986 013203 
3460766	004274 005196 013182 013194 
3460770	002367 002855 004011 005211 
3460867	002151 002855 003407 006029 011035 
3461057	002855 004009 006026 007364 
3461063	002151 002635 002855 006024 
3461469	002855 002992 004011 006029 
3461498	001151 002562 002855 013203 
3461556	002855 004806 006024 
3461826	001836 002855 006024 008773 
3461882	002855 003463 006023 008769 012355 
3461933	001151 001838 002855 004014 
3461936	002855 004014 006023 013190 
3461962	001836 002855 005722 006026 
3462115	001838 002855 006024 
3462116	002855 006500 006501 012299 
3462242	002635 002855 002992 003407 006023 
3462246	002855 006023 007877 013216 
3462262	002855 006023 012770 
3462270	002151 002855 006029 008763 
3462290	002855 004009 006023 007008 
3462292	002855 004014 006026 013211 
3462293	001151 001838 002855 004009 
3462297	001838 002855 006023 008769 
3462298	002855 004009 011532 013287 
3462356	001836 002855 006024 008769 
3462414	002855 006023 008420 012227 
3462416	001838 002855 006518 
3462417	001151 002855 005845 013203 
3462512	002367 002855 002869 
3462514	001836 002855 006023 008420 
3462516	001836 002855 006023 008769 
3462517	002855 006023 012320 
3462554	002855 005196 008763 011532 
3462606	002855 002992 005845 
3462639	002151 002855 005847 006024 
3462647	001838 002855 006023 012227 
3462720	002855 002992 006024 
3462849	001151 002855 012227 
3462851	002855 004013 006023 013190 
3462872	002855 002869 006023 008773 
3462882	002855 006023 008769 013203 
3462896	001847 002855 006024 
3462936	002855 005141 008769 
3462955	002855 013203 013287 
3462956	002855 008420 008769 
3462964	001836 002855 004009 012770 
3462990	002855 002992 004009 006023 
3463011	002855 003407 006023 008420 013211 
3463022	002151 002855 012770 
3463071	002855 004011 006023 007364 
3463126	002367 002855 004011 012770 
3463143	002855 002992 004011 006024 
3463188	002151 002855 004011 006501 
3463226	001836 002855 006023 
3463327	002855 006023 013299 
3463353	002855 002992 004014 007008 
3463389	002855 002992 003407 006023 006848 
3463453	002855 005847 006023 013216 
3463524	002855 011035 011986 013203 
3463525	002855 004011 006024 
3463526	001151 002151 002855 006023 
3463587	002855 004009 006029 011035 
3463589	002151 002855 006024 008769 
3463593	002855 004013 006024 011035 
3463602	001836 002855 008763 013182 
3463675	001836 002855 004009 006024 013211 
3463729	002855 004274 004806 012317 
3463745	002855 006024 007381 008763 013211 
3463768	002151 002855 005847 006024 
3463776	002855 004011 006023 013203 
3463851	002562 002855 006023 
3463859	002562 002855 007364 013182 
3463879	002855 003447 008774 012770 
3463882	002855 003500 004011 007364 
3463883	001836 002855 005722 006023 
3463919	002855 002992 007008 012317 
3463936	001836 002635 002855 006023 
3463939	002855 006023 008774 
3463993	002855 012227 012299 
3464027	002855 006029 007034 013211 
3464100	001836 002855 004009 006024 
3464193	002151 002855 006023 
3464263	002855 003500 004009 
3464272	002855 006026 007008 
3464379	002855 005179 006026 008769 
3474216	004011 007364 
3475445	004274 011529 013168 
3482396	001151 
3482591	002635 
