Students	1644
3417643	004355 015865 005258 
3464954	005847 007010 013613 009322 
3480592	007380 014534 
3481664	001844 001894 013918 
3483042	001753 
3483059	001767 008770 015246 014219 
3483977	002472 014969 015501 
3489089	002160 008427 008500 002160 008468 
3491953	001473 002160 002160 011865 
3493764	005310 
3496673	004279 002182 013620 
3497993	001899 015830 010314 010314 
3521001	001839 002160 002160 006846 006846 008778 
3544262	003469 003474 003572 013214 014785 
3557742	002878 003572 014125 001753 
3558796	001248 014785 015837 015840 
3559225	008824 
3559319	008812 015246 
3560256	001248 001899 013192 015837 
3572330	004355 006573 004874 006587 
3574519	006042 011310 
3575259	008479 008500 
3578240	003275 006044 006059 010844 
3579092	007377 008420 008479 008441 
3580211	001847 001894 006846 004725 006846 
3580671	005310 005845 013164 014119 
3580796	013635 012320 014548 
3580798	002367 002472 
3581265	001151 001151 015865 
3581282	006059 
3581497	008500 011294 015115 
3582182	001473 004355 
3591436	002472 015845 
3591774	002166 002686 
3595071	002472 015501 
3601391	007125 007127 014551 015420 
3602816	003275 010844 011838 008500 006042 
3606148	004065 007127 004082 
3606293	002472 002388 
3606536	001839 002182 011826 012895 
3608097	001839 001899 002160 002160 
3610120	002160 002160 006044 006867 006036 
3610287	015115 014980 014981 014986 
3611135	001839 001840 013192 007081 
3619255	002151 002151 004888 
3619718	004888 015881 
3621523	012895 
3629467	004082 012895 014534 013192 
3629951	015841 006042 
3629970	001768 003533 003572 
3630526	004725 014542 015840 
3632103	007026 011035 
3632881	006042 006508 006553 011310 
3638301	012291 002160 002160 008427 
3638956	004888 011531 012729 004874 
3648550	002182 006036 
3649568	002951 
3649880	006042 012665 015891 
3650256	001473 012034 015876 012757 
3650997	002878 004739 015877 
3651293	013636 015854 002375 001248 
3651365	011865 011865 
3651439	006026 011865 011865 
3651465	001151 001151 002562 006042 010851 
3651487	001847 001894 006042 
3651499	006042 012295 
3651750	012895 007381 003447 
3651816	015851 
3652273	007127 015829 015830 
3652353	001839 006846 013192 006846 007381 
3652396	015422 015512 015859 003447 008500 
3652473	003572 015512 015867 003427 012733 
3656490	002162 002182 011826 014125 002878 
3666175	001473 012034 004274 012757 
3666520	007125 007127 
3666570	001839 001847 005215 
3667273	011310 010731 006042 
3667311	002878 003454 012886 014125 
3667381	005215 005310 013620 005295 
3667404	003572 011861 003554 012320 
3667453	004036 011528 015246 007381 
3667608	005258 007060 007127 005295 
3667676	004013 004840 015851 015882 
3667677	005310 003447 003554 005190 
3668195	006587 002379 
3668196	012895 013192 011219 
3668365	001151 001151 014542 015512 006026 
3668366	008479 015422 003447 008500 
3668538	005310 013620 013635 014784 
3668623	002415 002472 
3671851	012895 011219 
3675467	004279 004280 011865 
3680751	001839 001840 001847 010844 
3690020	003427 003554 008479 003572 
3690799	007026 013214 013620 011310 
3691748	013616 006042 007368 
3691981	006042 011310 008824 012303 
3692098	006042 011310 006036 
3692164	006026 003447 014551 013718 
3692285	006573 006587 015888 
3692514	006587 006559 015512 003412 
3692519	003572 004283 013171 012320 
3692756	001248 012730 015512 015840 
3692766	003533 008812 003572 003554 
3692849	004082 007125 007127 003001 
3692862	006042 006044 012034 015913 
3693084	002160 012895 015115 002160 
3693219	007381 015859 012895 014551 
3693224	015865 012895 015421 015829 
3693253	008500 015865 015422 
3693473	001248 004285 015510 
3693501	007006 015853 006038 007060 
3693891	003554 001547 012354 
3694236	006059 010851 011310 
3694318	007060 007127 006542 
3694415	012665 013616 015444 013918 
3694417	006038 006059 
3694432	001839 001899 006042 006059 006044 
3694434	015115 
3694481	002472 007081 002456 007127 
3694712	001839 002160 002160 007377 007381 
3694741	001767 004888 006023 015881 
3694791	011305 014785 
3694828	001768 
3694980	003572 007125 015853 
3695027	013616 015246 
3695145	001839 002160 012034 011035 002160 
3695201	004809 004888 002562 
3695368	006042 011310 
3695529	004082 007125 007127 016440 
3695543	006059 011310 015113 002562 010731 
3695643	004888 015881 004011 004011 
3695784	012895 015865 011237 
3699561	003445 003469 011305 015867 
3708949	001839 005247 011035 
3709927	008420 008479 013185 
3710991	002166 006846 006846 011826 006029 
3712905	014113 
3712913	012895 007381 007391 015869 
3715444	006846 006846 015888 001847 006508 
3716140	006042 002160 015652 014567 014567 002160 012355 
3717137	002160 002160 007391 015246 
3721962	002162 002166 011826 014567 014567 
3722992	007381 007391 015246 015851 
3728679	007377 013645 015115 
3730202	003014 012034 
3759024	001844 004355 015849 
3759552	003454 007372 013171 011035 
3764613	003454 004359 006023 014115 
3768197	002162 002166 006029 011826 
3768588	009386 012034 
3768625	001844 004065 012034 
3781152	015849 006026 008420 001769 
3785953	001839 009322 008420 
3788743	007381 011076 015246 002992 
3788990	006044 008784 012303 010851 
3789507	003474 011305 
3789529	001156 001839 002160 002160 015888 
3789806	003001 006846 006846 003014 
3796007	001151 001151 012895 007391 
3796723	012895 015851 
3796732	003412 012034 013718 013201 
3797206	006524 006023 005180 
3797324	001151 001151 003469 012730 
3797564	003554 006026 007372 014550 003427 
3814239	004274 007010 
3815949	006026 007081 011321 
3816180	004803 005247 015841 009322 
3816203	006026 004009 002375 003412 
3816336	015115 011861 012291 
3816483	006042 006846 006846 003447 
3816554	002162 002166 011826 014125 
3816722	002415 003412 014990 004036 
3816924	007391 011321 013620 015869 
3816960	004036 004021 
3816992	005847 007391 013164 
3817260	015115 
3817507	004014 006044 006029 011035 
3817637	006042 013203 013616 010851 
3817668	001847 001899 013192 
3817682	007372 007391 015421 015865 
3817981	003447 014980 014981 014986 
3818029	004021 004036 
3818480	006044 010844 007372 010851 
3818746	007381 014534 015865 007391 
3819177	003001 013613 015113 004036 
3819628	003454 006026 012730 013171 
3820405	003014 013616 015853 015859 
3820588	002166 003014 013613 013620 
3820729	002567 007381 015851 007391 
3820732	001839 013192 015510 
3821006	014969 015882 
3821044	003033 006038 006042 006504 
3821048	002456 008773 013185 008479 
3821069	002162 002166 006026 011826 
3821077	006042 010851 006044 
3821162	002394 015887 015505 
3821166	002162 002166 006846 006846 011826 
3821179	006042 
3821231	002160 002160 004359 007391 009322 006846 006846 
3821359	013616 003036 004011 004011 
3821687	007006 007010 002992 013635 
3821729	003572 013171 014567 014567 
3821958	002564 006029 006038 
3822122	007127 013620 
3822778	014548 009386 001840 007381 
3823092	002562 008763 
3823130	001847 001898 004283 008778 
3824188	006042 006865 009262 
3827187	001151 001151 003412 015877 006036 
3829442	004803 014119 007368 
3832060	004009 006023 013214 014119 
3843290	002160 001839 002160 016440 008427 
3846717	004359 013192 006846 006846 009322 
3846920	002415 006854 006865 014990 
3848104	002567 006504 011035 
3848415	002567 003008 012295 006518 
3850568	006029 006854 009262 
3851345	014567 014567 004013 007368 002151 002151 
3852217	001749 001769 003427 014441 
3852520	007010 012303 002415 002379 
3852791	011305 014567 014567 002160 
3854723	001839 002151 002151 011076 
3858042	007881 001844 002151 002151 011834 
3858715	002567 011861 002151 002151 002564 
3860357	001840 002151 002151 006846 006846 015246 
3900952	001151 001151 001547 008770 
3901484	001749 003447 006023 
3901691	002160 002160 008784 006023 007372 
3902439	001847 002151 002151 003275 008764 
3902759	006026 007368 007010 
3902905	002151 002151 014567 014567 015246 014126 
3903896	001753 006029 006044 
3903909	001151 001151 006026 012034 
3904411	015246 003447 003454 003445 
3904965	007381 008773 
3905822	002367 002414 002992 014113 
3906818	001847 006024 006846 011861 006846 
3910179	006504 006518 007010 007026 
3913210	004013 007010 016440 011861 
3913396	004009 001151 001151 007381 
3913786	007887 013635 011837 
3914166	004065 005724 012729 
3914344	002160 002160 004355 014567 015512 014567 
3914515	002160 002160 014567 014567 013203 007377 
3914745	015853 006023 
3914754	003014 006029 002562 013203 
3914813	013613 002414 013204 
3914820	012320 006029 009262 
3914928	002992 006023 015889 013718 
3914968	003469 001151 001151 004283 009386 
3915040	001847 002151 002151 015512 014784 
3915044	005724 006023 008468 008427 
3915054	002166 014567 014567 
3915267	006042 013613 007026 010314 010314 
3915332	001151 014990 011035 001151 
3929165	015837 003427 015510 
3929167	008420 008479 015859 
3929241	002414 004359 015501 004274 
3929800	002367 002394 002415 014990 
3929812	002160 004279 002160 006029 015246 015652 
3929815	002160 002160 010314 010314 006029 004355 
3929979	007368 006042 
3930047	002564 002567 005845 012295 015113 
3930118	002414 002379 002384 013204 
3930162	001763 004809 015512 003407 
3930303	006036 006044 010314 010314 003445 015113 
3930547	001840 001839 015246 001151 001151 002160 002160 
3930608	002160 002160 006846 008770 001151 001151 006846 
3930683	006036 008763 004285 002562 
3930721	001151 001151 008420 008479 008763 
3931474	015501 014969 007368 
3931929	004011 004011 015865 
3931962	010844 007381 001840 
3953805	001878 001894 012034 014542 
3475959	005215 006059 011310 
3493931	004274 007127 006543 006587 
3574349	006042 006059 010851 
3575071	002414 002472 015889 
3576002	005724 006042 011310 007381 
3592325	003533 003572 007127 007125 
3596492	007381 
3597302	004888 012729 015113 
3597365	004888 014441 002414 002415 
3609553	005247 007125 008763 011237 
3616206	005247 011294 
3631042	002151 002151 004280 011865 
3635008	014550 
3651243	006042 012733 011630 011310 
3666801	004065 004082 006846 006846 
3667749	003014 004888 014551 004874 
3668386	001473 012886 013163 013718 
3668420	001894 015829 015830 
3672031	001151 001151 006026 
3691228	003454 003554 003445 
3691925	015853 011035 
3692440	001899 006846 006846 
3692786	008500 008812 008824 014550 
3693557	004279 011865 
3693712	001839 001840 002160 002160 
3693789	002166 006042 011310 010731 
3705083	015851 015829 015830 
3716638	002162 002166 011826 014115 
3758045	013212 007026 010314 010314 006023 
3764208	001839 001840 002160 002160 006846 006846 
3771823	001847 002151 002151 001562 012354 
3788897	001844 002151 002151 012291 
3789288	015883 
3816860	015882 012354 012355 015877 015881 005126 
3817962	002162 002166 006029 011826 
3818025	001839 002160 002160 011630 
3818122	008420 009322 013185 002151 002151 
3819230	003001 003533 006023 012886 
3819367	006026 013718 013163 012757 001151 001151 
3819598	003014 015113 007377 
3820395	005215 009322 006543 005180 
3820958	011834 015877 011630 015882 
3820965	006042 006867 006044 014115 
3821097	001839 001847 006846 006846 011630 
3821440	002162 002166 011826 014567 014567 
3823387	008420 013212 006865 008441 
3823405	008770 015246 002992 
3847728	011035 002567 
3861339	002162 002166 013203 010314 010314 
3904101	001763 006026 007368 014126 
3904320	007026 007380 007381 008763 
3904645	005119 006029 005190 013203 002562 
3913185	004013 014119 007877 
3913606	006026 007006 008420 002992 012355 
3913863	001844 002151 002151 014990 002415 
3914696	001840 002151 002151 008763 012353 006026 
3914875	007368 011035 002653 008770 
3915036	007377 007381 004011 004011 
3915088	002151 002151 006846 006846 008773 
3930034	001767 013613 003001 006029 
3930102	007368 013203 013635 015854 
3930705	012895 007381 007372 013164 008763 
3931158	003447 003533 004014 006026 
3931688	006524 015841 
3931971	015840 004874 004009 
4091039	007377 007391 008764 013163 015113 
3561430	007368 008812 006023 
3576020	015848 
3579645	004279 006023 013636 011865 
3579864	006044 015829 006059 
3581274	011305 003474 011341 
3581389	003474 003572 
3606290	007127 013212 
3616918	006044 006059 
3629518	006059 008786 010851 011310 
3651412	015512 003427 014550 
3690733	003533 003572 012895 014784 015113 
3690800	006543 006587 007127 
3691575	011230 002567 011310 
3694738	006879 003001 006867 015891 
3774116	011035 014534 
3796148	011305 015246 011076 
3797168	007372 011076 
3814776	005190 015512 015841 006518 
3820378	002567 006543 011630 
3823391	002151 002151 004279 014784 004283 014231 015652 
3856450	011305 014115 003454 
3901254	006029 003412 010844 007368 
3901669	003493 011322 014551 015865 
3908117	007010 014551 002562 
3910870	004279 005190 005722 010314 010314 
3912597	007010 014567 014567 003412 002151 002151 
3928911	004013 
3930070	008773 008774 011341 001844 
3930137	002414 002394 002456 008769 
3930301	006023 004021 003001 
3930674	002151 002151 006508 001840 006846 006846 
3930678	002160 006029 006846 006846 002160 004666 
3930864	001847 004011 004011 006846 006846 013192 
3931323	003275 007372 007381 007391 
3931959	007372 015246 014551 
3995730	002160 002160 006023 011341 014542 
3577703	003014 004274 007043 
3578714	008468 013171 
3581375	006042 006059 011310 014551 
3595641	006059 010851 
3599090	001248 001748 015510 003427 
3634695	003572 013171 001764 
3652276	001899 006023 012291 
3655393	011321 016440 015853 
3689375	001899 006026 
3689893	011305 001840 
3690043	002173 002182 
3692628	002992 012353 
3694428	001899 006036 002160 006044 002160 
3699567	011294 006846 006846 001151 001151 
3715155	010844 011310 009262 014542 
3762625	001151 001151 003469 004021 003447 
3768555	001769 003572 003533 
3774021	006042 007372 015865 
3788919	004809 001769 
3792350	004036 006872 002182 002567 
3799474	002160 002160 006846 006846 007368 009262 
3817969	002160 002160 007381 014567 014567 004355 
3818024	001839 002160 002160 008786 015888 
3819269	004009 006854 006029 011834 
3819353	003412 008427 001748 007006 
3820756	002394 015501 
3821047	006036 006042 006504 012320 014548 
3821197	002162 002166 006029 011826 
3821254	001839 012291 006023 015837 
3821439	006042 006504 
3854016	014567 014567 006846 006846 007381 013214 
3889653	007026 006026 
3903520	002562 
3910185	002151 002151 012034 014567 002367 014567 
3911054	002151 002151 006023 007381 008763 
3929419	007377 008420 014113 015841 
3930054	015854 015891 004011 004011 
3226303	002472 008770 
3486653	004036 004809 004888 
3560234	003572 015866 003427 
3579094	006879 006872 
3579867	004279 010314 010314 004283 008770 
3651033	005738 013918 007391 
3651585	007368 
3692294	011206 003275 
3693241	004355 
3693813	002182 015246 001839 
3694384	015115 012295 012353 
3694903	006872 006879 002182 
3710476	006042 006044 002562 011861 
3722764	002160 002160 006846 006846 007381 
3789464	012895 001768 
3796906	006042 010851 015512 
3805981	011076 014126 
3808480	002160 002160 008769 014567 014567 
3819613	007381 015246 
3820397	015510 015837 008784 006518 
3822912	006865 006867 010844 011865 
3839352	015246 012303 
3904334	008470 004274 006504 007026 
3929644	004021 015512 008427 
3930296	006036 009262 006029 014126 
3493748	001839 002173 002182 
3608602	001473 013163 009386 004874 
3642332	004888 015881 
3650736	001473 013201 013718 
3690806	002182 008770 012034 
3693280	002472 014551 015859 006026 
3695285	006044 011310 
3793612	004036 008763 005190 013212 
3845742	002151 002151 006029 006846 006846 
3846234	007010 007026 007372 012303 
3901004	003427 006023 015246 002151 
3913164	001844 002151 002151 008773 008786 
3930083	007010 015853 004013 002151 002151 
3930841	001844 002151 002151 002992 004283 
3689919	002472 
3694813	003554 003572 003427 013163 013620 
3790792	003469 007372 008812 015866 
3792406	002367 002456 002414 
3797429	014534 014551 007380 
3818762	005119 015865 011076 
3819645	012353 014784 
3833378	001839 002160 012355 002160 007368 001547 
3852207	002160 002160 006846 006846 006029 
3929635	001156 003469 004009 
3929679	006044 009262 002160 002160 006029 
3931001	007372 006026 002992 015841 
3492361	006042 006059 011230 012295 
3559903	008500 014980 014981 014986 
3576990	006023 014113 015512 015840 
3592208	007381 006559 006587 
3600785	001769 003572 007381 013171 
3639772	002472 015014 011310 
3645471	012295 
3678350	003469 007377 011838 
3689991	002951 015845 
3690516	005310 014542 
3691983	003572 015849 015246 
3694073	007125 007127 
3694289	006044 006059 003001 
3694433	006573 006553 
3695024	011230 012295 
3695510	013616 003036 
3768025	002394 015845 
3789283	002160 006042 006044 014567 014567 002160 
3797192	003447 007377 007381 015113 013214 
3816963	007368 015116 006508 007055 
3818773	006044 006865 011035 
3821643	006042 011310 002562 002992 
3822995	007372 011834 008764 
3823262	008427 008773 015421 005180 
3823307	002151 002151 014113 014567 014567 
3830308	006524 007368 015865 002562 
3910343	008778 014980 014981 014986 
3910422	002567 015932 001547 
3915029	002160 002160 002992 006029 006846 006846 
3929575	006026 011528 014441 006524 
3929810	011203 003275 008763 
3930544	006846 006846 002160 002160 011630 013203 
3930614	008786 013645 015116 008427 
3397771	004888 014784 015655 
3458065	002160 002160 006508 008770 006029 
3462565	014550 011310 014551 006059 
3598090	002472 014969 010314 010314 
3628726	002564 006038 010731 011310 
3630501	007381 015115 007377 003014 
3631101	007127 015420 015865 014551 
3667674	002951 
3678357	001769 011219 011230 012295 
3692761	003572 015246 013171 
3692796	006038 
3692852	004809 004888 006026 
3693092	001764 005215 005310 
3693612	001768 003533 011310 003572 
3694798	001768 003572 006587 
3725997	008763 015829 015830 
3797266	014115 015913 004280 008764 
3799593	001847 002151 002151 006029 008770 
3821393	014225 006508 
3851913	003001 004359 013613 014576 
3863747	011531 001847 002151 002151 005845 
3906250	004809 011035 002567 
3913671	006024 002151 002151 006846 006846 011861 
3914676	002562 005724 007055 009322 
3928890	013613 006042 
3929651	013222 014219 001151 001151 
3930168	003014 006029 006518 013613 
3930469	006026 014113 015246 009262 
3488858	008500 007081 
3492423	006042 006059 011310 
3496439	014980 014981 014986 
3581315	003533 011206 005847 
3606418	002878 014548 004739 013059 
3630915	003572 011206 013171 
3631215	015829 015830 010851 
3645720	004888 011531 014534 015881 
3651605	002166 006042 006059 011310 007381 
3667464	006042 006044 006867 011834 
3689329	008479 008500 014550 
3689920	014980 014981 014986 015115 
3690204	008812 
3694101	003469 003533 003572 004283 
3694810	004283 011865 004297 010314 010314 
3695345	007125 015444 006029 
3695539	001248 012034 007377 014784 
3704166	014980 014981 014986 013163 
3712888	014980 014981 014986 
3716057	015845 015501 
3724014	007391 008763 007377 007381 015869 
3758075	005847 006026 013163 011986 012757 
3759092	002151 002151 004280 004285 009386 
3768088	007391 003533 
3768515	015829 015830 002151 002151 
3773692	002160 003445 003533 002160 003423 
3796237	015829 015830 014785 
3796247	001839 002160 002160 005722 006504 
3807883	007377 008784 006023 015246 
3816463	008470 008479 013185 
3816486	006036 011838 006029 
3816708	006023 011321 004725 015116 
3816970	006023 007377 007391 014534 
3817379	014980 014981 014986 
3819546	014980 014981 014986 
3820974	012320 007877 001749 
3821016	015845 007372 007391 
3821059	014980 014981 014986 001151 001151 
3821088	011305 011834 014534 011630 012895 
3821116	015845 
3821632	015845 002367 007055 
3822218	004011 004011 015512 011838 
3823438	008778 011528 014550 014567 014567 
3834985	014980 014981 014986 
3851735	008763 012034 003008 
3858245	002564 009262 012320 
3871577	001768 002653 003447 004014 
3902911	001847 001840 002151 002151 011861 
3903092	003275 006026 015420 
3907037	015829 015830 002151 002151 
3908300	015845 007377 
3910656	014980 014981 014986 
3911048	004803 012034 015246 
3914354	003014 004013 003001 007377 015869 
3914502	014980 014981 014986 014567 014567 
3914724	003445 008770 013613 015113 015891 
3914814	004355 012320 002151 002151 014567 014567 
3915038	006026 007368 003427 
3929704	002160 005247 002160 001840 006023 001753 
3930676	015845 
3930817	015829 015830 002151 002151 
3930890	007368 013620 
3931889	001768 005724 007372 015113 
3498772	007125 015444 
3578191	007381 015115 012034 
3597215	008479 008500 002456 015859 
3599536	007127 013203 006508 
3616872	001768 003533 003572 004809 
3639603	001473 004285 006026 012757 
3650239	002166 009262 
3652373	003445 003474 003572 011305 004082 
3668378	014126 006044 010851 
3687862	007081 007125 008773 015853 
3689402	001769 003572 014115 
3689500	002182 002562 
3691140	004283 008479 008500 
3691783	006042 011310 010851 
3691834	006029 015848 
3691962	002660 008824 015867 
3693185	007391 007377 014534 
3693902	006042 012295 014441 
3694431	006879 006872 
3695292	003572 001749 001763 015440 
3695542	005310 015882 005215 
3722926	006029 006846 006846 002166 011826 
3768034	004036 009283 015882 
3768356	015115 015830 008774 015853 006518 
3768972	008773 013718 012757 
3769368	004666 006042 006036 004285 
3788616	002151 007377 015246 016440 014548 
3789246	003014 012034 013645 013620 
3790928	001764 015113 
3795919	001840 014567 011035 014567 
3797164	001839 008763 012034 002160 002160 
3798513	011076 014119 011834 
3813457	001844 006023 007368 011035 
3816756	003008 006518 013203 
3816993	004279 008763 011865 006524 
3817261	001763 008770 011321 
3817427	006542 007010 013203 015859 
3818675	003445 003554 008784 003469 
3818805	002394 002415 002456 002414 
3819304	001767 003554 015888 
3820885	004297 010844 011865 
3821269	004280 004283 
3821588	003033 007026 006029 
3823094	002151 002151 004279 004285 
3823192	007368 014441 001769 
3823228	001768 011294 014567 014567 014551 
3823755	004725 004803 007380 008420 
3824908	005847 007368 
3826470	008773 007055 011035 
3833424	006029 007368 008476 008774 
3844962	001769 013204 013214 004274 
3860451	002567 007026 013620 015853 
3901481	001768 004874 
3902404	006026 008427 
3902440	006846 006846 011861 006029 002160 002160 
3902667	004285 006023 
3903138	004021 015882 015932 
3903994	002160 002160 013203 014567 014567 010851 
3905715	013212 015830 006023 
3905868	008763 011076 012034 015246 
3905871	006029 006504 006854 002151 002151 
3910937	001151 001151 004725 015882 
3914251	002160 006524 010314 010314 015849 002160 
3914371	006026 006504 006518 015246 
3915026	002562 015853 
3928966	008773 014534 014567 014567 
3929222	014567 001151 005180 015841 001151 014567 
3929235	001840 007381 008763 015246 
3929237	003412 004274 004297 006865 
3929849	002160 006846 006846 011834 002160 
3930237	006023 014119 003447 
3930260	006023 007368 011035 013203 
3930891	003427 008769 015246 006023 
3930967	007010 013620 002992 005232 
3460343	014567 014567 002182 
3498974	002472 
3519726	004888 
3559172	007377 015512 015869 
3559464	001899 007381 014534 007391 
3577984	002951 
3578252	006059 006872 011310 010844 
3578392	012665 006029 006042 
3580346	007125 007127 013636 
3589576	002446 014990 008770 
3591211	001899 006846 006846 001232 
3591844	002182 015246 
3595163	007391 014534 015421 015851 
3596713	001847 001894 015501 015888 
3602435	001768 003572 004274 
3606350	007127 015865 
3618222	007127 007081 
3619323	003572 013171 015849 
3620017	007391 
3632720	010844 011826 004283 
3635012	005847 007127 015510 003412 
3642204	002992 
3650228	012320 007381 002151 002151 
3650874	003533 003572 013171 013918 
3653119	002379 002472 002375 014567 014567 
3663306	014534 
3665045	001768 013171 007368 
3666207	008479 008500 
3666995	001151 001151 013718 
3668130	004725 007006 008479 015512 
3669280	002878 014139 011528 
3689328	007381 007391 014534 015113 
3690346	002414 002472 014990 015888 
3690652	007391 
3690719	002567 006867 006879 
3690778	013616 
3691514	002472 008441 015887 
3691694	004888 015652 013495 
3692187	015869 007391 014550 
3692915	012895 011321 011294 
3693565	015865 015881 004888 
3693856	008812 008824 014551 015866 
3694012	003014 006542 015444 007368 
3694039	015501 011865 011865 
3694668	004036 012291 011294 
3694780	007391 015246 
3695022	007127 008427 007043 
3695282	004065 004082 004355 015877 
3695434	005190 015444 
3695554	002951 006059 
3708638	004803 011230 012295 011035 
3759337	001151 001151 015512 004809 002653 
3768303	003533 006042 006036 003469 
3774808	002160 002160 006846 006846 012034 015913 
3775417	002562 
3789439	004285 004279 004274 
3789493	002151 006036 006865 014125 002151 
3790492	007125 008479 008420 006023 
3790857	006029 010314 010314 002562 011630 
3792443	006026 014542 
3796974	001767 003493 013171 
3797084	007026 015116 
3797834	004874 
3801768	001839 002160 002160 004009 010314 010314 
3811941	006026 
3814296	008427 015512 015246 002388 
3815902	011035 013171 015883 
3816108	001847 008764 002151 002151 011861 
3816181	015420 007377 008441 
3816832	004355 013201 001151 001151 
3817419	008479 013185 015512 008427 
3817487	008427 015512 002160 002160 008764 
3818064	001839 001847 014113 
3818771	008479 011838 014550 008468 
3818807	001839 002160 002160 008778 015246 
3819143	011230 012295 011834 
3819393	002160 002160 006026 014567 014567 015830 
3819676	006026 006573 
3820038	002564 002567 012295 006044 
3820768	002160 002160 007899 011834 015849 
3820961	008784 008812 015116 
3821180	004036 015877 
3821886	007026 015881 004274 
3823151	003447 006023 011035 015246 
3823271	003001 013613 002379 013635 
3823402	013613 014990 015891 008427 
3834370	002992 004809 007010 
3839910	002992 005724 002367 002414 
3843810	001151 001151 003447 002562 
3851846	006518 014534 
3852806	004011 004011 004274 014115 
3861195	002160 014567 014567 015830 002160 
3901413	001769 002151 002151 014567 014567 
3901722	001151 001151 008763 014567 014567 015512 
3902614	007368 008769 011321 015849 
3903861	004355 004725 
3904251	002992 002367 
3904254	004013 007026 011035 006023 
3904620	015246 004803 001767 
3905460	005847 011035 006029 
3905885	008773 007010 
3910321	004013 007368 
3910848	007381 015246 002151 002151 
3911124	002415 015845 
3913159	001151 001151 001749 001763 007055 
3913807	001840 006518 007026 007381 
3913815	008774 002151 002151 006023 
3913862	003412 004283 007010 008778 
3914750	002367 002992 
3914906	008468 015849 013645 015866 
3915028	006508 006518 006553 007372 
3915203	008420 006023 011838 
3929102	002562 006524 007377 015853 015869 
3929586	001151 002160 006846 006846 001151 002160 009322 
3929864	002151 002151 004274 004279 004280 
3929954	015854 002160 002160 
3930026	002992 006023 007010 
3930042	003014 004013 007368 015113 
3930052	015877 
3930220	015246 006023 006846 006846 008764 
3930302	002160 002160 014534 014567 014567 006024 
3930831	007368 012354 008770 001559 002151 
3930865	006846 006846 011838 004009 011322 014567 014567 
3455037	001764 003572 004274 004285 
3692380	002414 002415 002472 006023 
3811886	007887 011035 011341 011834 
3814107	008427 011986 015883 
3903986	003275 007372 015246 006504 
3929776	014115 015891 013203 
3956133	006042 007372 010844 015865 
3227350	004355 006518 002855 
3419024	001839 015841 
3464396	005119 
3484374	006036 014550 
3502364	003275 008420 
3576460	007380 007381 011206 
3627845	010314 010314 004297 
3651606	012034 
3652350	008812 006026 
3660063	010844 012291 
3666161	002472 003001 013613 015889 
3668763	011838 014785 
3668812	006587 
3668826	002446 002472 
3668831	002472 002562 
3668845	004725 008420 008479 
3668956	015883 015849 
3669016	013918 
3684090	004297 
3689944	003014 
3693581	011206 
3700270	015849 001151 001151 
3720506	002414 
3721994	004285 
3756293	002394 002414 002415 
3763675	003014 
3790863	012895 014550 
3793534	014542 007877 
3797586	002878 012886 014139 
3797587	006846 006846 
3797588	006553 
3797590	002415 
3797602	003014 
3797605	004725 015115 015883 
3797612	007391 
3797614	014119 
3797616	008812 
3797619	007381 
3797620	002166 
3797624	013636 
3797627	002173 
3797628	006044 
3797629	004283 
3797631	004285 011630 012733 014566 
3797634	003008 003014 011305 
3797638	003033 
3797643	001763 
3797644	004888 011206 
3797645	002472 014969 002415 
3797649	013620 006044 
3797651	004739 004750 
3797653	013918 
3797658	001763 
3797662	014551 015421 003275 
3797666	003014 015444 015840 
3797667	002951 015847 013635 
3797671	015888 001898 
3797673	007127 015866 
3797674	013616 
3797676	008479 008500 
3797677	006872 
3797679	011834 
3797680	015851 
3797681	014534 
3797684	008812 003275 
3797685	005258 015882 
3797690	012729 
3797691	012291 015829 
3797692	002415 002472 006026 015501 
3797694	001748 
3797705	010844 014551 
3797707	012295 
3797708	004009 006846 006846 
3797710	011630 012733 012284 
3797712	013204 
3797713	001769 
3797714	012291 
3797718	002166 006846 014567 006846 014567 
3797719	008812 015246 003427 
3797720	008479 008500 014551 
3797722	004750 007026 
3797723	013636 
3797727	011310 
3797728	004280 004297 
3797731	005724 
3797732	015882 
3797733	003014 006024 
3797737	014125 
3797739	001878 012291 
3797740	006044 006543 011310 
3797744	002472 004011 002384 
3797745	015420 015501 
3797748	007372 014550 
3797749	003474 
3797752	004888 014969 
3797753	004725 
3797754	003008 
3797755	002878 014125 004803 
3797760	006026 
3797767	013613 013616 
3797770	012284 
3797772	014225 007081 
3797777	001769 015932 
3797781	005873 
3797784	004725 008500 
3797785	007372 013636 
3797786	012895 006846 006846 
3797790	003008 
3797792	011321 
3797793	011321 
3797794	002878 014139 
3797801	010851 
3797807	014119 
3797816	014225 
3797824	007081 010851 
3797825	001878 015888 
3797826	007377 
3797829	002394 002472 015501 
3797831	004280 004297 004285 
3797833	012733 015510 011630 
3797835	007081 
3797836	005247 
3797848	004283 
3797849	002472 014969 015888 
3797855	003427 003554 012354 015649 
3797856	002394 002472 
3797858	007877 
3797861	002951 
3797862	008812 012895 015869 
3797871	011219 006044 
3797877	003554 014550 015865 
3817001	013212 016440 
3820212	007881 
3822886	002367 002415 004274 012303 
3904102	012886 013214 
3908314	006553 
3910462	008420 008427 008468 010844 
3910463	013635 014113 007380 
3910464	014126 014534 
3910468	003014 
3910470	003008 008420 013185 011321 
3910474	014534 
3910478	004725 
3910483	008420 008470 013185 013645 
3910486	012295 
3910493	012291 
3910497	004283 004809 
3910500	004021 015865 
3910506	003275 014534 
3910507	013636 
3910510	007026 
3910511	004809 
3910514	002367 014990 
3910517	011322 
3910519	011230 015891 
3910525	015865 014550 
3910527	011230 002567 008764 012295 
3910537	007372 012291 
3910538	007381 
3910544	015888 001767 
3910548	007372 015420 
3910550	013164 
3910556	004285 013620 
3910561	007060 013613 
3910563	014969 003001 011219 
3910567	011076 015113 
3910568	004725 
3910569	006038 
3910572	015883 
3910575	006846 006846 
3910582	008427 002160 002160 
3910583	007381 014534 
3910584	004803 
3910588	013613 006846 006846 
3910589	001767 
3910595	001844 004279 011865 011865 
3910599	006553 
3910600	011076 
3910602	012303 
3910605	004280 
3910612	005215 
3910613	011294 004803 
3910617	013918 006023 014567 014567 
3910630	004840 013204 015877 007377 
3910637	002567 
3910639	010844 015421 
3910645	002415 
3910647	006846 013620 006846 
3910650	005724 
3910655	015829 
3910662	002562 
3910663	015853 
3910666	009322 006846 006846 
3910667	003014 
3910677	015851 
3910678	014119 
3910680	014534 
3910687	003469 
3910691	002394 004840 004803 002367 
3910696	001769 002686 
3910707	007372 015865 
3910711	015849 
3910712	003275 011322 012895 015841 
3910715	006038 
3910717	007125 
3910722	013636 
3910738	001847 011294 012034 
3910740	013613 
3910742	006846 006846 
3910745	013164 
3910758	002567 
3910759	010844 
3910761	008470 012354 
3910762	004283 004274 
3910769	003275 015505 013635 
3914739	006029 015891 
3929572	001156 003427 
3930190	001763 006023 
4012718	002567 
4086214	002415 004274 
4086216	004274 004279 006023 
4086222	015865 
4086223	006029 015891 
4086225	015891 009262 
4086229	008778 003445 
4086230	014113 015854 
4086233	002992 
4086236	012733 006029 
4086237	006029 
4086240	015891 
4086249	004280 004274 004279 002415 
4086252	005119 
4086253	007377 
4086255	004666 
4086260	006024 015891 
4086263	002379 
4086267	015891 
4086270	001151 004809 001151 
4086276	006024 015891 
4086280	006846 006846 
4086281	002379 
4086289	004359 
4086295	004666 013636 
4086296	001769 015853 
4086300	002160 002160 
4086301	002415 004285 015501 
4086303	014113 015891 
4086305	001844 
4086307	014534 
4086310	002653 014574 
4086314	007372 008770 014567 014567 
4086322	002564 
4086326	007377 
4086331	001768 
4086332	013212 013613 
4086333	002367 002415 004285 
4086336	014113 
4086337	014113 
4086340	004280 004666 
4086348	009386 
4086355	004666 014534 
4086357	006023 
4086358	006038 
4086362	014119 
4086365	002367 
4086370	015881 
4086374	002367 008769 011035 
4086378	006038 
4086388	002564 006038 
4086393	004021 015882 005180 015876 
4086398	003008 007377 
4086400	006038 
4086410	001768 003445 
4086411	003008 
4086413	007881 011834 
4086418	015510 
4086425	006029 
4086430	002567 
4086433	003008 015891 
4086443	005724 015841 
4086445	013620 
4086448	006038 
4086449	013620 
4086450	001749 015655 002367 
4086452	004803 
4086457	007010 006023 
4086461	005119 
4086464	002562 006524 013212 
4086471	008763 001844 
4086474	002420 015246 002375 
4086478	008812 
4086480	007377 007381 
4086482	015891 
4086484	003275 015012 011838 
4086488	004285 015882 
4086503	007026 015853 
4086506	002951 015888 
4096251	001151 001151 004355 007368 002855 
4096266	007006 002855 
4096358	008427 008763 002855 
4096769	001151 008763 014785 002855 001151 
3820491	014980 014981 014986 002653 
4174898	007026 
3910501	006846 006846 
3558739	010844 015865 
3574483	007372 014550 015865 
3580407	007372 
3671929	003001 004355 013718 014969 
3797640	006573 003572 
3910646	004809 013918 006023 015429 
4086346	006042 
4086477	014567 014567 
3576431	003275 
3797747	014225 
3797734	004874 
3560236	002855 004009 014567 014567 
3759127	002855 002992 007377 008769 
3816174	002855 004014 007377 004725 
3822148	002855 002992 005722 006024 
3822201	002855 004355 014567 014567 016440 
3823338	002855 001151 001151 004009 004809 
3823473	002855 001749 003412 
3847931	002855 014567 014567 016440 
3851827	002855 011834 
3878563	002855 002367 004014 002992 
3879197	002855 004021 004274 011035 
3879518	002855 
3880322	002855 009262 011986 006023 
3881459	002855 002151 002151 004009 002367 
3881597	002855 002562 003412 
3883637	002855 006518 007368 011341 
3883991	002855 004011 004011 005180 014567 014567 
3884178	002855 002992 006023 007877 
3885128	002855 001151 001151 004013 006023 
3886275	002855 001764 011861 
3887326	002855 004014 006029 
3887957	002855 002562 006036 
3888348	002855 003412 014990 
3890005	002855 002151 002151 006023 002992 
3893220	002855 002992 004355 007368 
3894530	002855 001151 001151 004014 006023 
3898245	002855 002992 015012 
3901577	002855 006029 010314 014113 010314 
3901731	002855 014567 014567 006023 001748 
3901936	002855 002992 008770 002367 
3902196	002855 002151 002151 005722 008420 
3904324	002855 006023 014567 014567 014990 
3904389	002855 002992 005847 006023 
3904715	002855 
3905189	002855 007368 005722 
3905830	002855 007877 014119 014567 014567 
3910427	002855 006023 010314 010314 002564 
3913138	002855 002367 008774 011341 
3913437	002855 001764 015012 015913 
3913768	002855 002151 002151 006023 
3913781	002855 007368 011838 014990 
3914449	002855 006023 
3914552	002855 002151 002151 014567 014567 008770 
3914683	002855 001151 001151 004011 004011 011035 
3915099	002855 004355 014139 014567 014567 
3915155	002855 004013 007368 011035 
3915711	002855 006023 014567 014567 
3918056	002855 005722 006024 014567 014567 
3920306	002855 006023 008764 011861 
3920668	002855 004011 004011 013203 014119 
3921208	002855 004009 007368 014567 014567 
3921659	002855 004011 004011 001749 
3922150	002855 002562 013203 
3922542	002855 006029 003412 011341 
3923376	002855 014567 014567 016440 
3927400	002855 014990 004009 004725 
3928826	002855 004355 006029 007006 
3928941	002855 001151 001151 003447 014119 
3928949	002855 004011 004011 006023 014119 
3929289	002855 004803 006023 008764 
3929739	002855 002367 014125 006518 
3930197	002855 001156 008769 005180 
3930763	002855 001753 005119 010314 010314 
3931202	002855 007368 
3931388	002855 005845 007368 
3931449	002855 002562 005119 007006 
3931451	002855 005847 006023 014139 
3931453	002855 014567 014567 005180 
3931466	002855 006024 014113 014567 014567 
3931666	002855 008420 002151 002151 006029 
3931836	002855 002562 004803 014990 
3931881	002855 002992 010314 010314 
3931910	002855 011341 
3931946	002855 014567 014567 005722 002562 
3953819	002855 003412 
3953825	002855 007006 007377 008769 
3957394	002855 011341 014567 014567 
3959570	002855 001151 001151 005119 013203 
3960504	002855 008420 008764 003412 
3961853	002855 002992 006024 008763 
3964183	002855 002992 006023 
3964186	002855 002151 002151 006024 005180 
3965315	002855 004011 004011 004725 014990 
3968696	002855 006023 011035 014567 014567 
3969012	002855 006023 008770 002151 002151 
3969108	002855 002992 011341 
3969305	002855 002367 006023 011341 
3970633	002855 006024 006504 014567 014567 
3973168	002855 005845 014139 014115 
3973885	002855 002562 006029 
3975519	002855 002367 002992 004014 
3975962	002855 002992 006024 010314 010314 
3976786	002855 002562 005845 
3984532	002855 002562 004803 008769 
3987067	002855 005722 006023 008420 
3988063	002855 002367 014990 008769 
3989696	002855 006024 014567 014567 002151 002151 
3991180	002855 006023 007368 006518 
3992528	002855 004011 004011 003412 007377 
3994652	002855 014990 001151 001151 
3994726	002855 008420 003407 006023 014567 014567 
3994733	002855 002992 006029 
3994843	002855 002562 006029 010314 010314 
3994876	002855 002160 002160 006029 007877 
3995568	002855 007368 011341 014567 014567 
3995576	002855 001151 007368 011035 001151 
3995802	002855 008769 014567 014567 015849 
3995827	002855 002367 010314 010314 001767 
3999899	002855 003412 005722 001748 
4000195	002855 006023 006518 008764 
4000249	002855 004009 004274 014119 
4000336	002855 001151 001151 004013 006504 
4000366	002855 006024 008764 010314 010314 
4000367	002855 004009 006504 004725 
4000420	002855 002992 004011 004011 011035 
4000483	002855 001156 004809 007368 
4000502	002855 015012 002562 
4000763	002855 002992 006023 012320 
4000812	002855 002367 003412 011341 
4000862	002855 005847 007006 
4000980	002855 001753 007368 
4000998	002855 002992 004011 004011 006023 
4001431	002855 007368 014990 008769 
4001588	002855 006504 008763 014567 014567 
4001654	002855 006023 010314 010314 
4001662	002855 004803 011341 013204 
4001881	002855 014119 011305 006504 
4001958	002855 002562 011035 
4001999	002855 005845 008420 014567 014567 
4002075	002855 004013 014567 014567 014534 
4002094	002855 002151 002151 004011 004011 014567 014567 
4002113	002855 002562 006029 008769 
4002166	002855 001151 001151 002367 
4002204	002855 002151 002151 005845 006023 
4002806	002855 001151 001151 
4002909	002855 005847 011035 014567 014567 
4002914	002855 002151 002151 002367 
4003045	002855 001151 001151 008763 006023 
4003130	002855 014567 014567 002367 
4003131	002855 002992 007006 008769 
4003163	002855 001749 011341 007006 
4003188	002855 002151 002151 006024 008769 
4003199	002855 002992 004809 011341 
4003415	002855 004014 007006 
4003434	002855 007877 
4003485	002855 006029 011528 002388 
4003534	002855 005847 011986 013203 
4003642	002855 004274 005722 011834 
4005905	002855 001749 008769 011035 
4007305	002855 001151 001151 005722 014119 
4010147	002855 006029 010314 010314 
4011555	002855 002992 008763 003407 006029 
4012510	002855 001151 001151 008773 
4014851	002855 002151 002151 006024 008770 
4017901	002855 002992 015113 003407 006024 
4023381	002855 004274 004809 014119 
4023438	002855 002992 007006 008769 
4023528	002855 004011 004011 002992 001749 
4024121	002855 005722 014119 
4026411	002855 004803 002367 
4031284	002855 008764 006518 
4035604	002855 002562 006023 007368 
4037411	002855 002992 001768 004809 
4037591	002855 003427 005847 006024 
4037708	002855 006029 007368 006518 
4040430	002855 008773 014567 014567 
4041708	002855 002151 004803 014113 002151 
4043326	002855 002151 002151 003469 004011 004011 
4043543	002855 003407 005190 004666 
4043549	002855 001748 006504 014567 014567 
4043840	002855 007006 008764 011035 
4044003	002855 002367 002992 004009 
4044087	002855 004014 006024 013164 
4045331	002855 007368 008774 
4050929	002855 007006 002151 002151 
4059195	002855 004014 006024 011035 
4062047	002855 004274 004355 014119 
4062513	002855 001562 
4070957	002855 015853 004013 007006 
4073784	002855 011035 
4074784	002855 008763 001151 001151 
4075429	002855 001156 014548 004013 
4076454	002855 004803 008764 
4078277	002855 005845 011035 
4079295	002855 008764 011531 
4086513	002855 001151 001151 001749 008769 
4087228	002855 006023 003407 002992 
4088956	002855 002992 007881 014567 014567 
4089004	002855 006023 010314 010314 
4090730	002855 004725 005847 008420 
4090806	002855 014126 015012 
4090814	002855 014119 
4090844	002855 015246 001156 
4090845	002855 004014 016440 004666 
4090975	002855 008764 003469 
4091072	002855 005722 006504 
4091163	002855 001151 001151 007006 008770 
4091439	002855 005722 006024 010314 010314 
4091443	002855 001748 002992 008769 
4091510	002855 010314 010314 007368 
4091672	002855 002992 008763 001151 001151 
4091718	002855 008773 013645 
4091767	002855 003447 008420 011035 
4091773	002855 001151 001151 013718 007368 
4091784	002855 006023 010314 010314 002367 
4091785	002855 002151 002151 006024 
4091805	002855 002992 014567 014567 004803 003407 
4091806	002855 006024 002992 003407 
4091877	002855 006029 011035 003407 
4091895	002855 008763 011035 015113 
4091899	002855 002367 006023 
4091936	002855 006029 003407 002992 004009 
4091996	002855 002151 002564 003407 002151 
4092004	002855 002562 011861 003407 
4092144	002855 002367 006023 008763 003407 
4092159	002855 008773 004666 
4092290	002855 006029 014567 014567 007368 003407 
4092633	002855 010314 010314 006023 
4092670	002855 004009 006029 014990 
4092675	002855 002992 011341 002367 
4092767	002855 001151 014567 014567 001151 003407 015113 
4092769	002855 006029 003407 
4092771	002855 010314 010314 005845 
4092795	002855 002562 
4092819	002855 002992 003407 
4092823	002855 004285 013203 003407 
4092833	002855 002992 006024 
4092928	002855 007368 008763 001151 001151 
4093015	002855 006023 014567 014567 014990 
4093026	002855 011341 014567 014567 002992 
4093066	002855 014567 014567 
4093119	002855 004803 005722 008468 
4093126	002855 004666 011035 001151 001151 
4093136	002855 002562 014567 014567 006504 
4093159	002855 006023 010314 010314 014990 
4093161	002855 005722 014567 014567 006023 
4093165	002855 002367 007368 
4093186	002855 005722 006504 007368 
4093255	002855 004009 009322 
4093282	002855 006023 002562 
4093293	002855 003407 006029 011341 015655 
4093315	002855 006024 008769 006846 006846 
4093324	002855 002367 013636 008774 
4093370	002855 003014 008420 
4093416	002855 006024 008763 012320 015113 
4093423	002855 002367 002992 006024 003407 
4093607	002855 002992 004009 006024 003407 
4093611	002855 002562 006023 008763 003407 
4093612	002855 014567 014567 
4093748	002855 004009 006504 014548 
4093806	002855 002367 004009 006846 006846 
4093853	002855 006024 010314 010314 005722 
4093959	002855 005722 007368 010314 010314 
4093970	002855 007006 005845 006029 
4093973	002855 002992 002151 002151 006023 003407 015113 
4093989	002855 006029 014567 014567 
4094012	002855 002367 002992 006023 003407 
4094175	002855 002367 004840 
4094613	002855 005215 006023 008763 003407 
4094640	002855 006023 007368 002151 002151 
4094796	002855 004011 004011 008420 014548 
4094813	002855 002151 006023 002151 
4094815	002855 002367 002562 008763 003407 
4094832	002855 002992 004011 003407 006504 004011 
4094965	002855 005722 011861 
4095001	002855 015877 010314 010314 008764 006023 
4095004	002855 016440 004009 001151 001151 
4095046	002855 002992 003407 006029 012320 
4095047	002855 001767 006854 006029 
4095053	002855 008769 014567 014567 006023 
4095071	002855 011035 002151 002151 
4095079	002855 006023 004009 
4095080	002855 002562 003407 
4095083	002855 002367 008763 003407 
4095086	002855 006024 003407 014567 014567 002992 
4095088	002855 002562 006023 015655 003407 
4095133	002855 007368 005722 003407 006023 
4095190	002855 009262 003407 
4095206	002855 006023 007368 003407 008764 
4095224	002855 005722 
4095234	002855 002562 006029 010314 010314 003407 
4095243	002855 002653 011341 
4095301	002855 002992 002151 002151 005845 
4095302	002855 005722 007006 002992 
4095309	002855 002562 007006 014567 014567 
4095424	002855 001151 001151 014990 
4095425	002855 006023 010314 010314 014441 003407 
4095445	002855 001764 005215 008769 
4095472	002855 008420 011341 014567 014567 
4095807	002855 002992 006024 011341 
4095876	002855 006504 008769 014567 014567 
4095897	002855 011341 014567 014567 006023 
4095930	002855 002151 002992 014567 014567 002151 
4095965	002855 001151 001151 008420 003445 
4095985	002855 002562 005215 011341 
4096914	002855 005180 001763 
4097018	002855 002992 003407 011341 002160 002160 
4170471	002855 002992 006042 006029 
4170472	002855 006543 011986 012886 
4090714	002855 002992 
4170477	002855 005722 006508 
3857764	008420 001753 007877 
3559872	005847 009386 011834 013214 
3619216	001764 011986 014534 014567 014567 
3691794	002160 002160 006023 005190 008769 
3799529	004014 006024 002855 010314 010314 
3822731	002855 006504 014990 001763 
3888468	002855 004014 005180 004803 
3891249	002855 009322 006023 005845 
3917445	002855 006029 008770 011035 
3928589	008773 014567 014567 006023 014548 002855 
3973360	004014 014125 002855 
3974846	006029 011861 002855 013212 
3988502	002855 004274 006023 008769 
3995227	001749 008764 014119 002855 
4003839	002855 003412 004359 007368 
4077315	002562 008769 014567 014567 002855 
4087169	015851 003445 
4093778	002855 007877 010314 010314 
4096631	002992 001151 001151 002686 015882 
4096913	002151 002151 011294 001847 
4174206	002855 001847 013203 
3905861	002855 004009 
4175307	005724 
4175388	004274 006023 
4175389	006023 
4175393	006023 
1084187	002388 
3454433	007127 011865 007125 
3467384	015246 015851 
3561026	002653 013171 014574 
3579592	012291 
3581247	005190 005310 016440 006023 015853 
3581981	005310 007368 015829 
3609410	015881 015883 
3620520	003427 003554 001763 015113 
3651348	013203 
3652177	002878 012886 014785 014550 
3652339	011838 003412 008420 008427 
3662757	015510 011294 006846 006846 
3667503	009322 002182 
3689845	011230 
3690789	005738 013918 014441 
3691416	011310 015891 015113 010731 
3692536	003447 004021 007368 
3693368	015882 
3693921	005724 006879 015655 
3694006	011310 010731 
3694754	011219 015851 012291 
3768620	006518 006543 007026 007010 
3789573	004285 007377 007380 
3790825	011341 015877 015882 009262 
3797331	015853 
3797626	007043 
3797656	013636 
3797665	008812 015866 
3797803	014441 007381 
3797819	002414 002472 
3797823	013636 
3797828	015866 
3797830	006059 006042 011310 
3797867	011294 015829 
3816466	002686 015830 
3816997	001748 003412 005232 006036 
3817087	015421 011838 
3819196	002992 006029 
3820380	002162 005845 011826 011986 
3820858	001840 002151 002151 011838 014551 
3820963	010851 014113 006042 003407 
3821273	002367 007368 007010 014567 014567 
3821766	004725 007377 007380 014534 
3823278	003008 015854 007377 
3851907	001753 003572 015014 003474 
3869959	006846 006846 014784 
3909951	001840 003001 003008 004013 006023 
3910347	007381 008774 002151 002151 
3910553	001840 
3910604	003554 
3910611	004803 
3913674	014551 001151 001151 008769 006038 
3914822	011838 
3915243	001748 008476 
3929883	011035 
3929894	015246 015113 
3930253	007368 014119 014567 014567 
3931064	001151 001151 011294 
4000229	004280 004283 
4043790	007877 
4086244	015932 
4086272	014534 
4086277	009262 015891 
4086284	015891 
4086330	008784 
4086391	014784 
4086483	004021 
4086496	006038 
4093815	014225 002992 
4175299	001748 
4175312	012320 015849 
4175344	006023 
4175355	005722 
4175383	007881 
4175385	014113 
4175441	004013 
4175452	006504 
4175454	005724 
4175455	015012 
4175466	014113 
4175478	014441 001749 006023 
4175489	015012 
4175491	013918 
4175528	012355 015012 012354 
4175548	015012 
4176024	007368 
4176078	012320 
4176079	002367 
4180466	011035 
3411886	004888 015883 004874 
3458988	015883 
3581967	001894 012291 013192 007381 
3633806	004297 
3668849	002472 
3693230	003423 005738 014551 
3789055	006059 010731 
3790244	015888 002160 002160 015113 
3797611	004283 015829 
3797659	011076 
3797704	015841 
3797808	011219 013203 
3797843	011321 
3820971	003033 
3821571	007055 007060 
3821589	002562 008769 011531 015829 
3823311	002653 003454 
3903833	002992 008770 013635 
3908683	006024 
3910502	007377 
3910578	003447 
3910603	007372 
3910634	008778 
3910641	005126 
3910658	007055 
3910661	013636 003014 
3910701	006867 
3910724	015882 
3915043	006846 001547 002992 002151 002151 007010 006846 
3929468	006038 006044 
3930025	002151 002151 006846 006846 008763 007010 
3930135	004013 
3930216	010314 013635 010314 011861 
4086245	002562 008786 015512 
4086312	007377 
4086359	006038 
4086385	014113 
4086502	002379 012757 
4174897	013620 
4175290	007380 
4175428	011035 
4176081	012320 
0468326	005738 
3655749	003469 004888 011531 
3667606	004666 004285 
3769494	001764 
3788983	012303 013645 015866 
3789175	011834 012730 002160 006846 002160 
3797716	002166 006026 
3819542	007368 013918 003427 007125 
3820257	011035 010851 
3910471	002564 002567 
3910579	002567 005180 011230 
3910580	003008 
3914525	003427 004285 
3930731	005295 014542 
4086313	015882 
4175502	006023 
3691241	002562 
3693433	014550 015115 
3819372	001748 003454 013171 015440 012354 
3820010	012757 002415 
3821195	014119 
3821552	015841 
3910614	006543 
3910688	015891 
3930767	016445 015891 
4092894	008778 
3692018	008812 
3580586	001248 015512 003275 
3910541	001763 
3910653	014119 
3910670	002393 
3989657	004803 
4086285	006846 006846 
3559591	011219 011230 
3768339	002367 
3910479	003001 
3910558	005215 
3910636	002394 
3910737	004274 
4093446	006029 
4175322	006023 
4175408	001749 
3453663	005247 
3578910	015113 003533 
3652569	008441 
3797610	002567 011230 
3797648	004283 
3797697	007026 
4086341	014578 
4086441	009262 
4086499	007010 014567 014567 
4175475	007877 
4175531	015652 
3250395	015887 
3797598	001767 
3797642	008812 008824 015116 
3797872	011310 
3910640	006846 006846 
4086213	002992 
4086329	015913 
4086309	004274 
4086323	004274 
3581851	015444 006553 007125 
3797762	007026 
3822914	005722 
0750570	005119 
4086505	004283 
3695373	011310 
4086504	011035 
3797806	006587 
3910718	015849 
3797711	015840 
3930485	006559 006573 
3797805	004082 
4176465	015113 
4086356	015891 
3430527	014551 
