Students	1125
0362014	007125 007127 011321 011838 
0692830	002571 
0889130	006863 
0892947	008427 010954 
0898104	001248 005263 
0901284	006044 
0903788	001213 001248 
0908849	001845 002712 
0910971	001166 001862 006559 
0940115	001183 001473 004869 004888 
0950914	006044 006059 
0979769	007396 
0981248	003572 011833 011943 
0994458	008765 
0997873	002695 010965 
1000374	004876 004888 
1000704	004011 
1001389	003037 006042 009266 010942 
1003163	001473 004013 011957 011992 
1009914	001851 006029 
1010605	003560 003572 
1012362	007125 007127 011838 
1012792	003500 
1017457	001768 003500 003560 
1017882	002182 
1019072	002637 007125 007127 
1024854	003447 007920 011834 
1029713	003424 003572 011943 
1029835	003492 
1032290	001843 003572 005263 008447 
1045484	003270 004011 010965 011528 
1047770	006059 
1048446	005156 006525 008800 010944 
1049279	001763 003560 003572 
1049332	002375 002403 006026 
1049392	007127 011838 011847 
1051315	002643 
1051891	002562 006042 006059 007049 
1051994	001836 002175 
1052076	003572 010965 
1052099	007087 007127 011847 
1052721	003275 
1056297	002470 004869 004872 004888 
1057174	001166 001862 005272 
1057570	001864 006846 007016 007026 007127 
1058068	002712 004082 011828 
1058154	007396 007397 
1058203	001213 001248 004304 008490 
1058218	003009 006059 010942 011859 
1058853	003275 007127 
1059105	002394 003528 004888 011833 
1059404	003454 003492 007372 008467 
1059663	003424 003430 003447 003572 
1059804	007127 
1060971	001166 001841 006846 
1068656	002868 003492 003572 004873 007010 
1068660	006502 007127 
1068953	004806 004827 004833 004869 004888 
1069299	004750 005864 006511 006860 
1069487	002697 004873 011774 
1070105	003447 003528 007396 011828 
1070296	001185 001248 001844 005847 
1070620	001248 004827 005724 
1070812	002160 007125 007127 011847 
1071068	002698 002712 003528 011836 
1071318	004082 007076 007087 007127 
1071507	001166 001235 007397 
1071785	007396 
1071986	004065 004082 004876 005724 
1072694	007909 011834 
1072725	001179 001248 005154 005272 010861 
1073075	003007 003424 006059 010942 
1073179	003572 007127 010965 
1073211	001185 004274 004279 006023 
1073230	001839 001843 001862 011035 
1073316	001768 003500 009242 009304 
1073428	003424 007076 007127 011847 
1073523	001185 001248 004304 
1073671	002413 003014 011836 011859 
1073672	003560 003572 004065 004082 
1074737	001841 001851 007125 007127 
1075130	001749 002413 002635 007372 
1075264	001843 006042 006059 010942 
1076479	001851 001864 006848 011834 
1076785	003270 003572 007372 011943 
1077528	001839 004082 006848 
1078869	005191 007372 008485 
1079132	002420 002472 
1079224	001179 003572 011943 
1079289	002562 004301 006846 
1079349	001473 004666 011992 
1079503	001213 001248 006026 008800 
1079538	004839 011063 011834 011848 
1079912	001768 002695 006023 008800 
1080204	001248 001560 001562 010861 
1080360	005156 007375 008774 010950 
1080542	004279 004301 006026 011865 
1080595	001767 008447 011322 
1080806	001427 004817 006044 006059 
1080980	001843 004666 006500 
1081058	001890 004301 005724 
1081112	007125 007127 
1081207	002992 006026 
1081304	001213 005197 010861 011834 
1081394	003572 007380 
1081569	004739 005864 005873 
1082986	002704 007377 007397 
1083355	003572 005845 
1084538	001179 001213 001248 
1084609	003275 003572 011943 
1085421	001248 002992 005197 010861 
1085466	003560 003572 
1085971	003572 
1086556	006042 006044 006059 006519 010942 
1086904	004355 004839 004872 004888 
1086942	002878 011848 
1087351	011857 011859 
1087579	001213 001248 001864 004274 
1087771	003492 003572 009242 
1088139	003277 004082 008467 
1088236	003027 007397 009266 
1088535	003424 003572 006023 010861 
1088574	007026 007087 011846 
1088892	003277 006059 
1089244	005263 009304 
1090070	002164 006029 006846 011826 
1090521	002562 008447 008500 
1090632	001427 001473 002367 002472 004806 
1091481	003433 004023 004082 
1091600	001151 001839 001843 001864 
1092084	004739 005864 005873 
1092551	006863 
1092760	001764 003560 003572 004872 
1092805	003433 003447 006500 007920 
1092958	001213 001235 006042 010942 
1092959	001235 007372 
1093047	004066 004082 004888 006519 
1093321	004394 
1093453	003492 007125 007127 009273 
1093758	002403 002413 002472 007026 
1093772	001248 003433 003447 008765 
1093828	002175 002182 006502 
1094452	007381 007397 
1094776	003275 003277 007397 
1094952	007008 007127 
1095145	001764 002856 003424 008765 
1095813	001248 002653 009262 010861 
1096573	001560 001562 001836 004833 004872 004888 
1096638	006059 006500 007377 
1096778	002394 002472 
1096920	006044 007380 007396 
1097091	004066 009266 
1097508	006500 007125 007127 011834 
1098264	001179 001185 001213 008765 
1103971	002868 002878 006026 
1104323	007127 011321 
1107899	001248 002712 
1108799	004888 007372 
1109276	002175 002182 
1109564	003500 006042 006059 
1109686	004279 004301 004304 006023 
1109742	004280 004289 006846 
1112411	001836 002175 002182 005197 
1114293	003275 003572 010965 
1115206	002992 007396 
1115327	003572 004833 009299 011834 
1117207	001560 003270 007372 007397 
1118914	001235 005263 006023 
1119061	003424 003560 003572 
1120982	005141 
1122130	003572 007397 010965 
1122236	001166 001183 001235 001248 
1123611	003027 007125 007127 011531 
1124024	005722 008793 010950 
1125596	006023 006508 006562 
1126437	001248 010950 
1126780	002175 005156 005243 
1129252	003492 006525 006565 009273 010944 
1130377	001248 004666 
1131814	003027 006042 006044 006059 
1131900	002470 003528 004888 
1133031	001473 004301 011957 
1133589	001838 002394 002464 008793 
1133642	005263 009304 011834 
1134151	001242 004888 
1134634	001841 003572 004285 010965 011037 
1134649	002568 011965 
1134731	003277 005197 005257 009304 
1134840	006023 
1135650	003447 003572 006026 
1135687	002643 005272 009304 011861 
1135712	001864 004011 006059 
1136139	001213 007076 007127 
1136145	007372 007377 007396 
1136656	001235 005263 008500 011322 
1137568	004009 007127 011321 
1138000	008479 008485 008500 
1138637	001183 005162 010950 
1138792	006059 007909 
1139204	007396 011847 
1141692	002413 002472 
1141766	007016 007127 007381 007396 
1141987	007016 007049 007125 007127 
1142038	003572 011828 
1143121	001845 007364 011295 
1143142	003277 
1143180	001547 008485 008500 
1143387	006044 006059 010942 
1149469	002878 006042 006059 010942 
1149928	002562 007076 008427 008763 
1150110	001768 003572 004873 011392 
1150429	001749 006042 
1150448	003447 003572 011834 
1150630	009266 
1150784	004065 004082 004285 
1151485	001851 004301 
1152580	006846 010950 011035 
1153036	001213 001248 004817 
1153307	005243 006863 
1153554	006042 006044 010942 010950 
1153904	003007 007364 
1154382	001763 004036 
1154715	001763 003447 003454 
1155110	001839 001841 004735 005852 
1155700	002992 007380 007397 
1155813	003275 006042 006044 007372 
1155839	003027 
1156277	004301 011860 
1156319	003014 007008 
1157995	001764 001768 003424 003447 
1158383	001838 003424 003454 
1158585	004013 004739 005845 006500 
1159860	004804 011834 
1160418	001839 001862 004065 006848 
1161679	001862 007026 011295 
1161753	003572 011943 
1161763	002712 008793 011943 
1161782	001179 003430 003572 
1161791	004876 004888 
1161804	006500 007364 007377 007396 
1161824	002992 007375 007397 
1162384	001166 001890 006846 
1162390	001473 004280 
1162423	001836 002856 005156 007375 
1162443	001836 003447 
1162455	011774 
1162493	001248 001768 001862 
1162725	002162 006026 006042 006044 
1162792	002992 003447 005263 009304 
1162892	003572 004666 011838 
1163125	003031 003037 007010 
1163131	004274 007016 007076 011392 
1163179	001213 001235 003572 
1163242	001752 002562 003430 003447 
1163245	001166 001843 
1163270	007049 007125 007127 008485 
1163424	004869 004888 009299 
1163719	002571 006042 006044 006050 
1163836	003014 004065 004082 
1163883	007127 011321 
1164327	001839 007381 008485 
1164777	001473 
3057362	002164 002182 011826 
3057399	001179 004827 007396 007397 
3057461	002643 004667 
3059978	003009 004082 007127 
3060775	004839 004876 004888 
3060791	003572 010950 010965 
3061134	002164 002173 008767 011826 
3061194	002413 002472 
3061460	003560 003572 011838 
3061686	006042 010942 011063 
3061759	003492 003528 003572 004888 
3061917	002151 002855 004804 008420 
3062413	004873 004888 
3062439	003433 003454 008479 008485 
3062512	002452 002472 003492 
3062766	002162 002182 011826 
3062796	004082 004827 004833 
3062828	001561 002175 006038 006044 
3062860	001839 002182 006026 006519 
3062862	007026 007127 008447 
3062898	002562 004274 011860 
3062958	001767 004036 
3063070	003528 
3063119	002160 007881 011834 011836 
3063303	003454 
3063437	004873 004888 006500 006502 
3063516	001890 011828 
3063558	002413 008774 010944 
3063573	007375 011828 
3064156	002665 002697 002712 004876 
3064485	001179 001213 
3064630	006044 006059 010942 
3064715	001248 002875 003433 010861 
3064819	003424 003572 005722 
3064869	003492 003528 003572 009273 
3064899	003027 003031 006042 006059 
3064906	001839 003560 003572 010965 
3065016	001179 006059 010942 
3065289	003433 003560 004869 004888 
3065426	003027 007125 007127 
3065488	001179 007375 007396 008447 
3065560	001179 001183 007375 007396 
3065568	001183 003014 003027 
3065591	003027 003031 006059 010942 
3065722	001747 002472 
3065779	001841 001862 007372 011834 
3065806	007125 007127 011847 
3065929	001166 001890 004285 
3065947	003454 007364 
3066088	003014 006059 010942 
3066114	002464 002472 005197 011838 
3066124	003277 007372 010950 
3066423	001838 002470 002472 009231 
3066589	002992 004066 004082 007396 
3066711	001185 003454 003560 011035 
3066736	002381 002394 002413 
3066973	002878 011295 
3066992	001179 003031 003492 
3067056	007372 011774 011838 
3067133	008467 008485 
3067156	003572 007397 
3067214	001839 001843 005201 008800 
3067313	007125 008800 
3067352	003031 003037 
3067387	004827 007008 007076 011063 
3067585	001768 003433 003454 007381 
3067610	002568 006042 011965 
3067793	005154 005156 005257 007016 
3068167	001185 010950 
3068181	001151 001839 001841 008765 
3068251	001836 001843 002151 
3068444	002856 008765 011834 
3068612	007125 007127 
3068633	002568 002571 011965 
3068878	001839 
3068911	001843 004827 004839 011321 
3068998	008485 008500 
3069040	004301 005263 009304 
3069318	002464 007127 
3069352	003492 007396 007397 009273 
3069455	002868 003454 010965 011064 
3069486	001749 003037 004667 
3069585	005272 008765 
3069758	001166 001235 009266 011859 
3069893	002568 002571 006059 010942 011965 
3069894	003014 003031 006042 
3070045	001843 007375 007380 
3070184	001166 007008 
3070231	002643 011832 
3070495	002182 
3070830	004066 004082 005739 008800 
3070887	003424 003572 011392 011943 
3070922	004817 
3071694	006500 006559 007127 011321 
3071791	002992 
3071798	003037 004009 006042 
3072620	004876 
3072895	003027 006038 006042 010942 
3073014	002464 002472 004888 
3073034	003031 007125 
3073216	003454 003560 007364 009273 
3073483	005156 007076 007127 
3074091	006863 006865 
3075104	001839 001862 
3076209	001768 002162 002164 011826 
3076521	011986 
3077926	001185 007125 007127 
3077931	003037 007372 008470 011838 
3077935	003031 
3077943	001248 001845 008800 010950 
3078066	006026 007049 007127 011321 
3078071	001547 002162 002164 011826 
3078150	007375 007396 007397 
3078232	001768 001838 002992 007087 
3078408	007016 011065 
3078437	001767 007372 009299 012051 
3078602	008427 
3078822	002162 002164 006044 011826 
3078958	002868 004852 005852 011531 
3078987	004036 005724 
3079005	007377 007380 007381 011064 
3079120	001151 002856 003430 003447 007372 
3079769	004036 004666 004667 
3079774	006042 006044 
3079816	004014 007375 007397 
3079829	003424 005263 
3079855	004023 
3079866	006042 010942 
3079871	006042 010942 
3079872	011035 
3079887	005243 006502 007381 
3079915	004274 006500 006565 008765 
3080118	004036 006519 009299 011833 
3080142	005257 007016 011857 
3080512	001747 007372 007375 
3080539	001839 002160 003424 003447 
3080546	001845 007377 007380 007381 
3080774	002697 003433 003560 004274 
3080843	003430 003454 
3080943	001747 007380 007396 
3081073	007049 008447 011037 011321 
3081074	003014 
3081179	001151 002856 004009 011833 
3081234	001836 007372 007377 007380 007396 
3081431	005263 007375 
3081503	011834 
3081698	004046 007375 007380 008427 
3081720	004827 005156 008765 
3081927	001561 003560 011528 
3081951	006029 006042 006500 
3081988	008420 008485 011838 
3082033	001213 006023 
3082058	003275 005243 007372 
3082073	007396 007397 
3082246	003433 003454 
3082370	001151 004011 004285 012051 
3082488	006026 007010 
3082688	001767 002868 010965 011322 
3082852	002151 004667 
3082941	003447 005852 011992 012051 
3083207	001166 001213 006525 006559 
3084075	001838 003433 011834 011943 
3084117	003007 006023 
3084353	001151 001423 001747 002855 
3084494	001845 001862 004013 
3084658	003454 003500 004036 
3084782	002637 005156 009262 011832 
3084853	002162 002164 007049 011037 011826 
3085126	006846 
3085302	002635 006525 
3085391	003528 
3085394	003027 006023 006500 
3085407	001764 003500 004804 004827 
3085421	001836 003433 006042 010942 
3085596	004023 006511 006846 
3085612	003014 007008 011392 
3085643	002162 002164 006038 006042 011826 
3085846	002855 003424 007034 
3086119	001151 001839 002160 004280 
3086192	002164 002182 006026 011826 011838 
3086240	001845 002856 006023 007381 
3086455	003424 003454 
3086709	002568 002571 004279 011965 
3086995	002856 004011 006500 
3087117	006519 007372 007375 
3087231	001839 001841 006846 007396 
3087328	003275 007375 008467 
3087414	006865 
3087431	005257 007016 011392 
3087527	006038 006042 006044 010942 
3087533	001844 001862 002637 006846 
3087757	007372 007375 007380 
3087948	002160 003500 
3088010	001183 001242 001843 007076 010861 
3088047	001836 004873 007049 007380 
3088071	003027 004667 004827 006029 
3088141	001151 001839 002162 011826 
3088147	002394 002413 007010 007026 
3088264	003027 006042 006044 010942 
3088350	002992 007034 
3088390	006044 
3088433	004873 004876 006044 
3088571	001836 004279 011865 
3088969	001151 002162 011826 
3089014	002856 004279 004666 011035 
3089115	003424 011392 
3089384	003014 003031 004666 006042 
3089542	001179 001836 002151 005197 
3089555	006042 008765 010942 
3089580	001839 001862 006029 007381 
3089763	004355 006044 011957 
3089884	003454 011832 
3090029	007920 
3090058	002464 006865 
3090312	003014 004011 004827 
3090316	003572 010965 011063 
3090325	001836 003433 007396 
3090714	006562 010950 011848 
3090752	006042 006846 008765 010942 
3090776	006023 007087 
3091169	001836 004023 005724 
3091176	008427 
3091218	001183 001836 002151 005156 
3091221	001836 006026 006042 006044 007375 
3091305	001767 002162 002164 005243 011826 
3091370	001839 001843 002160 007375 
3091587	002164 002173 005243 011826 
3091747	001151 002855 008763 
3091870	001836 007375 007377 007381 
3091892	004009 007380 
3092012	001768 003454 010965 011064 
3092091	001845 002151 005272 008765 
3092126	007372 008479 
3092151	001843 006519 006565 011846 
3092179	003007 003014 003027 004011 
3092244	002992 005722 007010 007016 
3092408	002162 002164 006042 011826 
3092411	002160 006029 006846 008765 
3092532	005722 006042 006044 
3092577	003433 003454 004804 004817 
3092604	003270 006023 007372 007375 
3092781	001836 002160 005852 006029 
3092830	004285 004288 006038 006042 
3093100	001183 006519 011531 011992 
3093184	004833 007010 011063 011392 
3093208	001843 002151 003007 008767 
3093246	001166 001213 006029 010861 
3093257	001839 003433 
3093298	001427 011992 012051 
3093319	001549 001560 001562 002562 
3093411	007010 007016 007396 
3094263	006029 006860 007008 
3094422	002695 003275 008773 008774 
3094479	002637 007125 
3094527	006500 007010 008765 011392 
3094556	002855 002992 006024 
3094575	007087 008490 011392 
3094700	001183 004274 005847 
3094738	001213 001235 005272 008763 
3094744	002375 002856 006029 006038 
3094802	002992 006042 006044 006846 
3095021	002164 006042 006860 006863 
3095290	001768 011321 011847 
3095337	001839 001851 002160 003407 007381 
3095391	004013 005191 007372 
3095417	003430 004013 004827 006023 
3095599	001427 004817 011992 
3095765	002855 006023 006848 008763 
3095867	001166 002413 002464 008793 
3095908	002856 006029 008765 
3096229	011321 
3096248	006500 
3096355	001764 010861 011957 011992 
3096489	002856 004280 
3096808	001183 004667 007372 007375 
3096963	005141 006042 006846 010942 
3097009	007381 008765 
3097075	003270 007372 007380 009262 
3097082	002868 003433 006023 
3097153	003031 004082 011859 
3097192	007396 011035 
3097468	002568 002571 006038 011965 
3097521	002637 006023 011832 
3097588	001851 001862 006502 
3097592	001423 003007 005724 006042 
3097709	001836 003270 006029 008767 
3097933	004014 011037 011321 
3098224	005272 007375 007381 
3098243	006026 008420 008485 
3098276	001747 001752 003031 011860 
3098284	003275 005162 
3098317	001151 001836 005156 007375 
3098380	002151 004014 005156 007909 
3098490	001838 005724 006023 010944 
3098496	001747 009304 011828 011861 
3098983	002162 002164 006026 006846 011826 
3099184	001560 001562 002151 002992 006029 
3099257	002160 006026 007364 
3099375	006519 007381 007397 
3099423	006029 006860 
3099676	003454 003492 006846 
3099745	001213 001235 006029 
3100011	001166 001213 001248 007008 
3100385	003007 003433 003572 007010 010965 
3100388	004804 004876 005722 
3100402	003014 003027 
3100468	003270 007364 007372 008765 
3100728	002162 006042 
3101150	001767 001838 002856 005121 
3101907	004817 010954 
3103166	002160 006024 006848 011861 
3103193	005257 007087 
3103203	003447 005156 007887 011836 
3103910	001764 004036 007010 011063 
3104014	002653 002856 005847 007364 
3104489	001862 008485 008765 
3104716	001838 003447 003454 
3104777	001427 004023 006026 012051 
3104870	002413 003275 009231 
3105219	004013 007008 007010 
3105292	003007 007026 007034 008765 
3105382	001843 002856 005141 005243 
3105866	002394 006029 008765 009231 
3106403	001151 
3107224	007010 008793 011392 
3107592	003433 011295 011834 
3108487	002868 007034 007377 
3108691	006029 006848 008767 
3108814	002567 002568 005121 
3108886	004023 006029 
3109227	003433 004013 006029 006848 
3110627	002151 002856 006029 008765 
3110756	004274 007016 007887 011836 
3110898	002855 004014 006024 
3111037	002855 005179 006502 007364 
3112040	002855 002868 005852 006023 
3112329	002855 002868 005852 
3113753	002855 004013 005724 006023 
3114139	002855 003430 004013 
3114251	002151 002855 005847 006029 
3114269	002855 005722 006024 007375 
3114701	002562 002855 005847 006024 
3114776	002855 002868 004355 004804 
3114853	002152 002855 006029 008767 
3114872	002160 002855 005722 006029 
3115257	002160 002635 002855 006029 
3115992	002151 002855 006024 008767 
3116564	002152 002855 
3118027	004274 005847 006023 007026 
3118090	003007 004274 007026 008767 
3118178	001547 001561 002855 005722 006023 
3119048	005724 011295 
3119630	003433 005724 005739 
3119909	002160 006029 006848 
3120137	001839 001843 002160 004359 
3120610	002992 005724 007375 
3120788	004355 004817 
3121199	003447 005263 006023 007377 
3121582	002160 002856 007877 011836 
3121782	002367 004014 004817 006023 
3121966	002562 004011 007026 
3122181	002868 003430 003447 008765 
3122857	001166 002992 006029 
3123316	001166 001423 003270 004013 
3125127	002151 002856 007877 
3125322	001427 004359 011861 012051 
3125450	001179 003433 004274 008774 
3125808	001423 002381 004023 
3125856	002856 006029 
3125873	001179 006029 008765 
3126433	002992 006029 006519 007372 
3126602	001166 001183 002367 002856 
3126731	001179 006029 008765 
3126772	004359 005179 007010 007364 
3126883	004274 005724 006026 
3126930	001836 007381 008765 009262 
3127044	001151 004359 005156 005179 
3135241	001151 001166 001844 007016 
3136630	007375 
3138631	002367 002855 
3142378	001836 007375 007377 008773 
3145520	001839 002151 004817 006023 
3145694	005243 005724 006860 
3145695	003424 
3149019	002653 004011 006029 011528 
3150160	002160 004013 006029 
3150738	004014 008427 
3150843	004377 004804 
3151195	002403 002413 002562 004046 
3151640	002992 004013 004274 006029 
3152434	003560 004827 005121 007375 
3152571	003433 006500 009299 
3152572	002992 005141 006029 006500 
3152623	006026 
3152667	001836 002160 006029 008765 
3152743	001763 003424 003447 006026 
3152788	002856 003454 007372 
3153306	003433 003454 005724 006023 
3153473	004285 005179 008765 
3153713	001151 001427 004735 011992 
3154498	003007 004274 004359 004817 
3155033	004009 008767 
3155060	001427 001838 003433 004013 
3155201	001838 003454 004852 005141 
3155346	006029 007016 
3155348	003433 007364 
3155695	004359 006029 006860 
3158474	001839 006029 006525 008763 
3160008	001183 001213 004355 
3160933	001839 004036 006026 006500 
3161390	002856 004009 005724 008800 
3163183	002367 008420 008447 008765 
3165225	003560 004013 006023 
3165880	002394 002420 004046 
3166656	001151 002367 002413 002562 004011 
3169335	004833 005156 006029 
3169644	004009 004804 004817 012051 
3170878	001767 001838 004009 004833 
3171506	004014 005162 006023 006848 
3173096	002151 006846 008447 008763 
3175356	004274 006500 
3175457	002367 004023 004046 
3177063	004011 007377 007381 
3177165	003009 003014 006029 011035 
3177284	001179 001763 004274 
3177388	001836 004013 007372 007375 
3177873	001839 002151 004036 006029 
3178019	002856 008427 
3179026	002868 005156 
3179110	001838 004013 
3180697	003275 004833 006023 
3180821	002413 002420 009231 
3181938	002992 003447 008765 011322 
3183942	001836 002164 006029 006846 
3185122	001836 002160 006029 007010 
3185376	001836 004666 008485 
3185620	001151 002151 002992 006029 
3188399	002152 002855 002992 004014 006029 
3188402	002470 002472 011857 
3188793	001166 002856 
3188879	001838 002856 008765 011392 
3188882	002855 005141 006026 008763 
3188887	004739 005162 005864 006023 
3189051	001836 002160 006029 008763 
3189715	002367 002394 002413 008793 
3190134	002856 004806 005739 008427 
3190633	004839 005257 009304 
3190685	004355 005243 006029 006860 
3190778	004013 007372 
3190802	002856 005845 
3191191	003270 004739 005864 006026 
3191198	008793 011392 
3191210	002367 002856 007016 008765 
3191340	002855 006023 006848 008763 
3191428	002413 005121 
3191823	001764 
3191834	001749 002160 006029 
3191876	007887 008420 011834 
3192054	002875 005864 007364 011986 
3192055	002151 002635 002992 004827 
3192437	002856 007010 
3192657	001562 002367 006029 008800 
3193161	002160 004036 007010 011392 
3193288	006029 007364 008773 
3193672	001423 002856 005852 012051 
3193776	002856 006029 006848 007372 
3193987	002855 007008 008763 
3193996	001836 002151 008767 
3194322	002856 003007 007010 011392 
3194428	002152 011836 
3194683	001836 002160 002992 
3194873	003270 003433 
3194888	002856 003430 
3196059	007010 
3197905	002151 007008 008765 
3203791	003014 006042 007010 007016 
3203991	006029 011035 
3204153	006023 007375 
3204243	002367 002413 002856 003007 
3204248	001836 002856 007010 008765 
3204279	001836 002160 005724 006029 
3204306	006042 006044 007034 007881 
3204495	001185 006029 006848 
3204511	001561 002855 004013 006023 
3204517	006846 
3204619	001561 002367 002413 004014 006024 
3204644	002160 004666 006029 006848 
3204688	001763 002855 005154 008767 
3204830	001845 002151 006848 008427 
3204893	006044 006500 
3205138	002653 003433 008767 
3205208	003492 004274 005724 
3205324	002856 006029 008765 011392 
3205329	002856 005724 007375 
3205337	001836 002160 002562 
3205454	002160 006846 
3205491	002367 002413 002856 009262 
3208714	001843 002151 004013 011838 
3209232	001151 001166 
3209294	001185 
3209669	007881 
3209784	002160 005197 005264 008765 009304 
3209832	002855 006500 008765 
3209843	002992 004023 007010 
3209872	001836 002855 006500 008763 
3209873	001836 002855 006023 008763 
3209936	004036 004869 005722 006023 
3209949	005724 
3210000	001836 002160 008765 
3210020	002855 004009 004274 
3210027	006525 009231 
3210074	001836 002151 004013 007372 
3210876	002992 006029 008767 
3210877	004011 004806 004827 007381 
3211006	005724 006023 007375 007381 
3211007	002855 004013 004827 006023 
3211081	001845 002151 006023 008765 
3211128	002856 
3211155	002855 005847 007364 
3211335	002856 003433 
3211360	002160 002856 006029 006848 
3211384	002562 004014 
3211393	002992 003270 004355 007372 010954 
3211396	001768 002367 005724 
3211473	001844 003009 006024 
3211478	002367 002420 008765 
3211542	001764 002855 005722 006023 
3211593	002562 002855 008447 008763 
3211643	002367 002856 004013 
3211727	001836 002562 002567 011838 
3212008	002635 002855 003430 007364 
3212165	002367 002562 004806 008793 
3212293	001838 004009 008800 
3212784	003433 006026 007377 
3212787	001183 004009 008420 
3213161	002855 002875 004274 
3213217	001836 
3213402	002856 005724 006023 008427 
3213412	002160 002564 006029 006848 
3213727	001547 002160 006029 006848 
3213840	002856 005154 005156 007364 
3213909	004274 007010 011392 
3213921	002855 006023 007008 
3213968	002695 003007 006023 011986 
3214129	002653 002855 004013 005257 
3214138	003014 004009 006029 
3214147	002152 002855 004009 006023 
3214178	002855 005722 006023 
3214617	001836 002855 002868 004011 
3214704	001763 004013 006525 
3214899	003433 004013 
3215081	001179 002562 008774 
3215099	002855 007010 
3215241	006508 006562 010944 
3215249	002151 002855 003492 006024 
3215601	001151 002855 003407 003492 
3215635	002562 002855 003500 007364 
3215666	001836 002367 002413 008773 
3215759	002855 006024 008420 008774 
3215769	001179 002653 004011 
3215784	003454 004274 006029 008765 
3215879	002151 002855 006024 008763 
3215889	002855 006026 008765 
3216013	004666 005141 005162 007375 
3216244	001838 008420 008765 011838 
3216420	003447 007377 007380 
3216554	002855 004036 004355 006024 
3216580	002152 002855 006042 008765 
3216601	001151 002855 007377 008763 
3216609	001151 002151 002855 005847 
3216633	002160 002855 006029 
3216649	002653 005852 011035 011986 
3216670	008479 008500 011322 
3216871	002855 003492 004359 007364 
3216898	003009 003014 006029 
3216906	003275 006029 006502 008420 
3216914	001151 004013 011063 
3217195	003270 005724 007372 007381 
3217313	001836 002160 006026 006029 
3217346	002635 002855 004361 011035 
3217371	003007 005724 006029 
3217372	002367 002856 005739 
3217408	001838 003275 006026 
3217413	003275 004274 006023 
3217415	002856 007372 007375 008793 
3217434	002856 008485 008765 
3217439	007364 008420 008447 
3217444	001838 003430 004806 007881 
3217540	001752 004036 006023 
3217543	002856 009262 
3217604	001427 002381 005154 008765 
3217615	002855 003447 006024 011528 
3217667	002855 002992 003407 006024 011832 
3217724	006023 007375 
3217778	001151 001166 001549 001560 006500 
3217785	002856 007010 007887 011063 
3217793	002856 004274 005156 008765 
3218034	008420 008447 011392 011838 
3218135	003454 004274 005724 
3218335	002855 003500 008765 
3218679	003007 007364 007372 009262 
3218908	002562 002855 004274 004355 
3219029	001423 002855 004280 007881 
3219428	001845 002868 004735 005852 011834 
3219639	001836 002855 006023 008765 
3219685	002855 002992 006024 008763 
3219719	002855 004009 007364 008427 
3219783	002855 005162 005845 007364 
3219786	002151 002855 005722 007377 
3219920	002855 006023 008774 
3220189	002855 006848 007008 008763 
3220304	002855 004274 004804 008765 
3220537	002855 002992 004014 
3220923	002151 002855 
3220932	001423 002562 002855 
3221081	002653 002855 007380 
3221143	002152 002635 002855 006029 
3221557	002855 007877 008765 
3221612	002152 002635 002855 004355 006024 
3221785	002151 002855 004806 008765 
3221922	002151 002855 002992 006024 
3222944	002151 002855 006023 008763 
3223001	002855 005154 007008 008763 
3223468	002855 002992 011838 
3223593	002855 006024 007008 008763 
3223740	002855 004359 004806 006024 
3224239	002635 002855 006023 011035 
3225263	002151 002635 002855 006023 
3226387	002855 004806 008420 008763 
3227145	001764 002855 004014 009262 
3227175	002160 006029 006848 008765 
3227208	002152 002635 002855 006024 
3227754	002855 005141 005722 011035 
3228428	002855 005722 006024 006500 
3228759	001151 002855 006029 
3228778	002855 005162 005845 006023 
3228861	002855 004013 007877 011035 
3231826	001836 002855 005722 006023 
3231837	002855 003407 004009 006024 
3231914	002855 006023 008765 
3232225	002855 005739 007364 008765 
3232322	002855 004014 007008 008763 
3232625	002855 007364 008765 
3232650	002855 006500 008763 
3232822	001836 002855 005845 006026 
3233348	002635 002855 005156 006024 
3233697	002855 006023 007364 008763 
3233850	002855 004355 006023 011064 
3236537	002151 002855 005847 006023 
3238039	002151 002855 006024 006500 
3238414	001151 002855 006029 006848 
3239030	002855 004011 006023 007364 
3239494	002151 002637 002855 
3248177	002855 006023 
3248179	004009 005852 006525 007026 
3248182	001764 002151 002855 005847 
3248326	002855 002992 004011 006029 
3248478	002855 004817 006026 
3248716	001151 002855 004014 006029 
3248776	002855 002992 006024 008767 
3249531	002855 004011 006023 007364 
3249841	002855 006029 007008 008763 
3249965	002855 007364 
3250904	002855 006024 007016 008767 
3250907	002151 002855 
3251946	001749 002855 006029 011035 
3251957	002855 005852 007364 011986 
3252312	001151 002855 004014 006026 
3252374	002855 005162 005722 006500 
3252673	001747 002855 005722 006023 
3252851	002855 002992 004806 007909 
3254053	002855 003500 004355 
3254195	002855 004011 005156 
3254237	002855 004011 005847 012051 
3254879	002855 003430 004013 006026 
3255502	002855 003500 005722 006500 
3256154	002855 006023 007008 008763 
3256706	001838 002855 005845 007008 
3256812	002855 005852 007026 007364 
3256961	002855 006023 007008 007877 
3257376	002855 005845 006500 010954 
3258543	002855 004014 006024 
3259090	002855 006024 006500 006848 
3260264	001151 001836 002152 002855 004009 
3260308	002855 004011 004355 004833 
3260419	002855 004013 004804 006023 
3261685	002855 007008 007877 008763 
3261697	001749 002855 004011 006023 
3261754	002855 006023 007364 008763 
3261847	001836 002855 006024 008763 
3262172	002855 005141 008765 
3262890	001836 002855 004011 006500 
3262977	002855 007364 
3264020	002855 007364 008427 008765 
3265154	001836 002855 004013 
3265450	001843 002855 004014 008763 
3268127	002151 002855 005722 006023 
3268686	002367 002855 004013 004817 
3271107	002855 004355 006848 007008 
3273481	002855 006024 
3275971	002855 006026 007034 008765 
3276024	001836 002855 006023 008765 
3280006	001423 002855 004011 004852 
3281747	002151 002855 008767 
3282664	002855 004011 006023 
3283446	002855 004014 004361 006023 
3284809	002855 002868 004011 006023 
3288377	002151 002855 006029 007381 
3292462	002855 004009 005156 006023 
3293645	001843 002855 006023 
3295766	002855 006023 006500 008773 
3296121	002855 004359 007008 007364 
3296990	002855 004355 004804 
3297051	001752 002855 004009 
3297368	001151 001423 002855 004011 
3299552	002855 004009 006500 
3302367	001838 002653 002855 004011 
3302457	002855 004013 006023 007016 
3303921	001423 002855 004011 007364 
3303949	002151 002855 006848 008763 
3304005	002151 002855 005845 006024 
3304008	002151 002855 006024 008763 
3304197	002855 004014 005847 006023 
3304324	002151 002855 004009 011035 
3304357	001151 002855 006500 008774 
3304359	001156 001836 002855 002992 
3304723	002635 002855 003407 006024 008447 
3304941	002855 004274 006500 008763 
3305222	002855 003424 004011 007364 
3305828	002855 006023 006500 
3306482	002160 002855 004013 006029 
3306653	003433 003560 004827 004888 
3306692	002855 007364 008763 
3306703	001151 002151 002855 008763 
3306761	002855 005722 006023 011834 
3306786	002151 002855 006023 008767 
3306835	002160 002855 004359 006024 
3306968	002855 006024 006848 008763 
3307002	002373 002855 004014 004274 
3307321	002855 002868 005845 006023 
3307400	002151 002855 004667 006023 
3307517	001836 002855 003407 006023 008800 
3308669	002855 004013 004806 008427 
3308695	002151 002855 006024 008774 
3308878	002855 002992 004359 006500 
3309190	001836 002855 004009 006024 
3309285	002367 002855 006023 
3309375	002855 006023 006500 006848 
3310852	002152 002855 003407 004014 006024 
3311410	002151 002855 008765 011846 
3311445	001151 002151 002855 006023 
3311452	001763 002855 004014 004806 
3311550	002562 002855 004014 
3311808	002855 004806 005722 011532 
3312113	002855 003500 006026 008763 
3312114	002855 006026 008765 
3312285	002855 006023 
3314945	002151 002855 005722 006024 
3314971	002855 003430 004009 006500 
3315059	001839 002151 002855 003407 008763 
3315084	002162 002164 002992 006029 011826 
3315613	001836 002855 004014 006023 
3315632	002151 002855 004011 006023 
3315676	002855 002992 006023 008765 
3315767	002367 002855 006023 008763 
3315776	002855 004011 005141 006500 
3315789	002855 003492 006023 008763 
3315934	001836 002855 002992 008765 
3315957	002855 004359 006029 012051 
3315961	002152 002855 003407 
3316273	002855 003270 006500 
3316281	002151 002855 003430 008763 
3316614	002160 002855 004014 006029 
3316653	002151 002855 008763 
3316693	002855 002992 006024 008765 
3316711	002151 002855 002992 005722 
3316782	002855 006508 007008 011035 
3316819	002855 002992 003407 006029 008427 
3316906	002855 004011 006023 007364 
3317234	002855 004355 007375 
3317266	002855 004013 005156 007364 
3319376	001156 002855 005141 008763 
3319378	002855 003433 006023 008420 
3321787	002855 005722 006023 006848 
3321871	002151 004036 007008 
3322084	001423 002855 007008 
3322107	002367 002855 004014 006023 
3322108	001423 002562 002855 
3322141	001151 002855 006029 006848 
3322149	001151 001836 002855 004023 
3322151	002855 003492 004274 006023 
3322187	001749 002855 
3322204	002635 002855 006023 007364 
3322236	002855 005724 005739 006023 
3322307	002855 008767 
3322663	002855 006026 007008 008763 
3322715	002855 002868 005722 008774 
3322720	002855 002868 006023 006502 
3322722	002367 002855 005722 006026 
3322740	001764 002855 006026 008763 
3322752	002855 008774 
3322939	001836 002855 006023 008774 
3322942	001836 002855 006023 008763 
3322949	002855 003500 008767 
3323189	001836 002855 004011 006023 
3323454	002855 004009 007381 
3323539	002855 004023 004359 
3323644	001151 002855 002992 004013 
3323692	001845 002855 007381 011861 
3323699	001836 002855 006023 008763 
3329172	002855 004011 004274 007008 
3329187	002855 003447 007364 008765 
3329413	002855 004274 008763 
3329656	002855 006500 008765 011838 
3329671	002855 004011 006026 
3329744	005722 006500 007008 
3329757	001561 001747 001749 002855 008763 
3329836	002151 002855 006023 
3329964	002855 006500 011986 
3330095	002855 004011 006026 007381 
3330273	001156 002855 005722 006023 
3330334	002855 004009 006023 008427 
3330337	002855 004011 007034 007364 
3330372	002152 002855 002992 004009 
3330377	001427 002855 004011 006024 
3330431	002855 006029 006848 
3330439	002160 002855 004011 006024 
3330627	002855 003433 004011 006848 
3330820	002855 005724 008420 008427 
3330926	002855 005156 006023 
3330986	002855 006024 006848 008765 
3331090	002562 002855 011986 
3331473	001749 002151 004011 007377 
3331474	001836 006500 007372 007377 
3331496	002855 002868 005722 
3331578	001547 001836 002855 006023 
3331582	002151 002855 004804 005722 
3331618	001836 002855 006026 008763 
3331638	002855 004011 005156 006500 
3331776	002151 002855 006023 008765 
3332202	002855 004014 007364 
3332249	002855 005156 006500 
3332252	002635 002855 006024 011834 
3332409	001836 002855 004009 006023 
3332410	001836 002855 006023 006500 
3332411	002855 002992 006023 008774 
3332421	002855 004011 006024 009262 
3332425	002855 006023 008427 008774 
3332518	002855 006023 008763 011035 
3332532	001151 001423 002855 005845 
3332580	002855 004274 004355 008427 
3332654	002855 002992 003407 006023 006848 
3332761	001749 002855 009262 
3332978	002152 002855 006024 008765 
3332980	002855 006023 008767 
3333007	002855 006023 007008 008763 
3333094	002855 004009 006023 007364 
3333219	002855 004009 006500 
3333381	002855 002992 
3333459	001838 002855 004009 006026 
3333635	002367 002855 007364 008763 
3333675	002855 004852 
3389664	002855 005722 
