Students	1104
0145931	001473 
0369592	004725 
0393089	001836 002160 006846 
0480377	003026 006029 008803 011331 
0501319	007010 009262 
0668952	003277 
0700408	010724 
0753686	001836 002151 006846 
0787159	001836 002151 006846 
0802127	001836 002160 006846 
0827963	007099 008479 008500 
0832653	003572 
0865750	001836 002151 006846 
0897931	002472 002876 002878 004735 009233 
0900525	005141 008420 
0901262	001430 001473 005247 009304 
0904680	001165 011044 
0905682	001213 001838 004725 008447 
0906447	003515 007127 
0906618	005247 008500 
0906963	001862 002992 004290 
0909942	002992 006042 006044 008500 
0911775	003031 007099 007127 
0916427	008801 010962 011195 
0917040	004355 005730 007125 007127 
0918549	001151 001841 006508 
0919772	004082 010953 
0920400	007099 007127 008447 010953 
0948095	002564 006044 011035 011325 
0948568	002876 003416 008763 
0950942	002464 002472 
0952443	011045 
0958492	002856 006036 006042 006508 
0987347	007370 
0987600	003031 006044 006059 
0987937	001213 001551 008500 011294 
0988263	001213 001248 001862 004011 
0988603	004666 006865 006867 
0988620	001551 008447 
0988826	003516 004804 
0988990	004355 006518 006530 009303 
0991120	008500 
0991213	003554 003572 004725 010953 
0992186	007107 009304 011063 
0992796	001862 008447 
0992801	004011 006530 
0993790	007026 007125 007127 008820 
0998351	002412 002472 011326 
0999733	001248 
1000355	003007 006059 011331 
1000750	001165 007010 007125 008500 
1001351	004888 
1001394	007125 007127 
1001613	001845 001852 004666 008774 
1001806	002469 002472 009303 
1001894	004725 004807 
1001905	004072 007125 009359 011296 
1002036	005243 007375 010724 
1002241	003451 011305 
1003389	003572 006026 009304 011305 
1003644	001841 001892 005741 011295 
1004225	001165 001864 011296 
1004324	007372 009303 
1005059	003006 006059 
1005082	002992 006044 006059 
1005199	009263 
1005315	002472 
1005412	009304 011392 
1005427	007107 008801 
1005451	003416 006500 
1006105	010953 
1006438	006044 006059 007372 
1006444	006036 006044 
1006744	006026 011295 
1008967	003006 003026 005141 006029 
1009559	001165 001862 004290 
1009729	004359 006044 006059 
1010175	011194 
1010643	001894 003500 
1010741	001196 001460 006023 011328 
1010750	009304 011194 
1011104	001165 001185 001213 001248 
1013071	007070 007099 007127 
1013197	001165 006867 
1017339	002569 
1017412	001430 
1017444	002162 002182 
1017492	001843 001862 005180 006848 
1017832	001843 006029 006848 
1017840	001430 001473 004735 
1018174	003572 010962 011303 011305 
1018183	007026 007365 011323 
1018252	007107 008820 
1018271	003451 004885 004888 011302 
1018301	005161 007107 007127 
1018817	001181 001213 001248 011035 
1018857	001181 007026 008820 011063 
1018936	006059 
1019006	001757 004065 004082 
1019025	002472 003416 005722 
1019212	003416 003515 003572 011304 
1019674	007107 007127 008447 
1019827	002464 002472 011326 
1020083	001838 011044 
1020150	001864 008485 008488 
1020370	007026 010962 
1020478	001165 003572 011343 
1020520	006036 006044 011035 
1020695	007099 007125 007127 010953 
1020727	004355 004882 004888 009303 
1021017	003515 005247 006518 011207 
1021751	006519 011331 
1021867	001852 006023 007365 007370 
1023494	002412 002469 002472 005724 
1023923	004082 007125 
1024283	006036 006867 011325 
1024315	007099 007125 007127 
1025379	002674 003572 005161 
1025460	002164 004290 010724 
1025508	001248 007375 
1025533	001841 001843 005243 
1025569	001213 001248 007026 011294 
1025623	007127 008774 
1025629	006044 
1025644	006036 006042 006044 
1025845	001460 001473 004359 
1026650	003007 007008 007010 011392 
1027597	005180 007125 007127 
1028249	002878 004733 005854 005862 
1029210	004838 004888 009299 
1029566	001841 003515 003516 
1029737	001864 001894 006846 
1029787	006026 008763 
1030369	007125 007127 
1030683	006519 011207 
1030693	001165 003515 003572 
1032769	004288 004838 
1032929	003007 007026 008500 
1034405	011035 
1034578	002464 002472 005243 
1035148	003516 003572 006044 
1036027	003006 006042 006059 
1036225	006042 006044 006059 
1036442	001845 004725 
1037291	003515 007365 008765 
1037338	001430 001455 002878 004735 
1037413	004023 
1037541	003572 006044 008774 
1037745	001165 001183 
1038303	003515 003572 
1038420	001852 001892 004838 010724 
1038671	002182 004290 
1039679	005247 008420 009304 
1039831	003277 004072 004082 005862 
1039868	003572 010953 011528 
1039943	002412 003516 003572 011326 
1040045	002160 006026 007909 011296 
1040818	004082 007127 
1040868	003572 010962 011305 
1040874	002164 007900 
1041140	001183 005180 005247 007370 
1041559	001864 
1041981	004065 004888 008763 009299 
1042335	003277 008447 011303 
1044157	001430 001473 005161 
1044561	003515 006023 007070 007127 
1045379	011295 
1046086	011326 011532 
1046439	004009 006026 007909 
1047318	004009 007909 008820 009359 
1047339	004009 004394 004885 
1049050	002878 011195 
1049299	001841 006518 008447 
1049929	006036 006044 011325 
1050781	008447 008485 008488 008500 
1053105	007372 008447 008479 008500 
1053370	001763 001765 003572 011304 
1054176	004394 009304 
1055078	001181 001196 001213 001248 011294 
1055290	001841 001852 
1055348	006042 006044 
1055441	004666 007387 007900 
1055590	006518 
1055640	002412 002464 002472 
1056012	003572 004852 011303 011305 
1056024	006500 008447 008774 
1056096	004292 004293 009263 
1056203	001838 005741 007070 007127 
1056217	004885 004888 011302 
1056270	004852 004888 009299 011326 
1056281	001165 001183 001473 004280 
1056320	003572 005247 009303 010962 
1056600	004666 007010 011300 
1056688	011295 
1056722	003007 006059 008447 
1056738	002367 007070 007099 007127 
1056815	001838 007070 007127 008763 
1056857	001765 003516 007365 
1056910	002464 008423 011326 
1056963	003026 003031 007125 
1056970	003270 007070 007372 011063 
1057004	003500 005258 011296 
1057261	001213 001248 001845 005734 007900 
1057535	006865 006867 
1057592	005258 009304 011528 
1057779	001430 001460 001473 004355 
1058048	003031 007900 
1058058	001181 002472 
1058180	001845 003515 003516 003572 
1058223	003009 005722 006042 006044 
1058242	002403 002469 002472 
1058421	004666 004872 011294 011303 
1058893	002562 002637 
1059469	002464 006044 011325 
1059572	001430 002162 002164 
1059654	001766 003454 003515 011194 
1059677	001185 006518 007070 007107 
1060299	002674 007375 
1062675	002643 
1063875	001455 004359 004394 009299 
1064035	004274 008420 008763 
1064148	007070 007099 007127 011063 
1064270	008485 008488 008500 009303 
1064385	004288 004885 004888 005741 
1064605	001862 005741 
1064752	001841 001843 002160 005189 
1064780	003006 011331 
1064790	004014 007375 
1065142	001841 002182 
1065183	004082 006044 
1065196	003572 011305 
1065238	003277 003515 
1065271	004082 007008 
1065646	001766 001838 004072 
1065654	001551 002464 008447 010962 011331 
1065732	003270 007370 007375 008801 
1065781	001181 001183 003006 004804 
1065796	006029 006042 006044 
1065945	002472 002562 011326 
1066007	002469 002472 009233 
1066308	009304 
1066309	001862 006846 011295 
1066335	003572 010962 
1066431	006026 007010 011392 
1066679	002643 007125 007127 
1066778	001763 003572 
1066924	003515 003572 
1066982	002856 003270 004807 011195 
1067182	005258 
1067241	001764 003416 003454 011304 
1067251	001763 006026 006518 011207 
1067297	001838 006026 006518 011207 
1067334	003006 003007 006044 
1067377	001836 007387 007398 
1067382	007070 
1067460	001843 006026 006518 
1067502	007370 
1067724	003026 003463 008447 
1067726	004082 008447 008763 011294 
1067748	007107 007125 007127 
1067862	004011 007125 007127 011532 
1067933	001165 001843 001892 
1068109	007125 007127 
1068371	002162 002182 
1068383	003006 007026 011063 
1068526	001165 006042 006044 006059 
1068549	001151 001843 002160 002992 
1073544	008500 011207 
1076009	002162 002182 006026 
1076234	003416 003454 011528 
1076238	001843 006500 
1076246	003270 007127 007375 
1076274	005180 008801 008803 009303 009304 
1076299	004280 004282 006500 
1076437	003572 008767 011305 
1076531	001749 
1076783	001845 005191 009304 
1076854	004009 005730 005741 008801 
1076877	004700 004739 005863 006848 
1076923	004072 004082 008763 009303 
1076989	006044 011325 
1077003	001181 004666 008447 008500 
1077065	001165 002562 003500 010975 
1077161	006026 006044 007010 
1077257	007070 007125 007127 
1077294	003026 003031 007125 007127 
1077380	001764 
1077413	001862 007398 
1077416	007107 007127 
1077417	001213 001248 004023 
1077482	004838 006042 006059 
1077683	002856 003500 005847 011305 
1077815	001165 001473 001766 004280 
1077874	001213 001841 002151 005847 
1078198	001213 005123 005722 011035 
1078390	003451 007010 007107 
1078508	003463 004292 008803 008820 
1078646	002674 003500 004023 006026 
1078648	003009 007034 007107 007127 
1078655	004666 006867 
1078680	005727 006029 
1078819	003026 003031 007125 
1078836	003007 003031 
1078896	004065 006026 007034 010936 011323 
1078921	001894 004065 005180 006026 
1079268	001547 
1079363	003026 007372 
1079366	002162 002182 
1079384	005286 006519 009303 
1079444	003572 010953 011304 
1079614	007125 008479 008500 
1079756	001156 002653 002856 003454 
1079771	001165 001894 011325 
1079993	001248 011294 
1080149	007107 007125 007127 008820 
1080272	007887 007900 
1080303	001213 001836 001843 005189 
1080398	008820 011303 
1080653	001838 006042 006044 008820 
1080654	001753 001763 003416 
1080757	003454 007099 010962 
1080789	002151 002855 004014 011035 
1080792	009233 
1080808	001151 001836 002160 
1081006	001845 007107 011063 011392 
1081101	001183 001213 004838 008765 
1081249	003006 003026 007900 011528 
1081250	003416 003454 004036 
1081917	006036 006059 011331 
1081939	002674 004082 008763 
1081952	004065 004082 008423 008763 
1082150	002394 004838 
1082315	001843 001864 
1082799	001766 001838 008485 008488 008500 
1082842	002151 006029 006044 011295 
1082905	002472 
1082907	001862 006846 007370 
1082919	001430 001460 001473 
1083430	002412 002469 002472 006026 
1083431	005258 011301 
1083594	001841 007365 008765 
1083626	007125 007127 
1083627	001460 001473 
1084017	002469 004888 008500 008765 
1084185	007099 007127 
1084187	002992 007370 007372 
1084321	004807 011063 
1084334	003572 
1084363	003515 007375 011194 011304 
1084462	004872 004885 011303 
1085061	003416 011304 
1085106	001841 001864 004065 
1086489	008420 
1086710	002412 003270 008765 011326 
1086867	004280 004282 004666 006026 
1086927	001423 002412 005724 011538 
1087116	001838 006518 008765 
1087490	001763 002674 002856 008774 
1087782	001183 001213 001551 
1087960	008773 
1088120	001151 001836 004280 006848 
1088214	001423 004013 006029 006500 
1088384	001838 005123 006042 
1088558	001841 001862 007372 
1088636	005722 009263 011295 
1088690	007008 007107 008801 
1088785	001841 001862 006502 008765 
1088882	001183 001185 001213 005154 
1088972	001764 003454 003500 011304 
1089147	002992 004735 005854 006044 
1090564	006029 006036 006038 007372 
1090933	001151 003454 003516 
1092187	001766 003454 007006 
1092999	001213 005189 008447 011294 
1093044	003451 003454 006518 
1093549	003454 
1094134	006029 006036 010724 
1094520	002876 004725 
1094929	003001 003026 004013 005191 
1095157	001165 001183 001845 011295 
1095349	003454 005724 006023 011303 
1095596	001165 006518 011207 
1095814	003001 006023 
1096113	001183 003516 005741 011304 
1096470	006042 006044 007372 
1097648	002403 007008 011326 
1098099	005180 008479 008485 008488 
1099059	001765 001862 004072 
1099178	001551 001841 002149 002992 
1099662	002876 004735 005854 005863 
1100129	001151 006865 006867 
1100338	004725 004852 006023 011305 
1100383	001838 006026 011301 
1100625	004838 004856 007365 
1100899	004394 
1101031	006023 007010 011528 
1101350	001181 001213 002876 003416 008763 
1101406	002162 002164 004666 006029 
1102030	007372 007375 011035 011294 
1102354	001151 003270 007370 008774 
1103391	001183 001213 001763 002876 
1104151	003416 004856 008767 009299 
1104216	001836 006036 006042 006044 
1104669	003001 003026 006518 
1105086	001838 003454 008774 
1111549	002874 004666 004735 
1111901	005854 
1112377	004009 007010 008801 011392 
1115477	001165 001185 001213 
1116377	001838 011300 011327 
1116854	001151 002162 002164 006029 
1117264	004278 004280 004282 006026 
1117320	004282 004292 004293 004666 
1119989	002162 002164 002367 
1122784	005189 007370 007375 007398 
1122905	003416 003454 009299 011304 
1124785	003451 005724 007375 
1126492	001165 
1126639	001765 003454 011303 
1129708	003454 007370 010962 
1129814	001165 001185 001213 002160 
1131189	001151 001749 003009 007026 
1131602	003001 003006 008803 
1133174	001836 006846 008447 011207 
1134015	001213 006026 
1134358	002162 002164 002367 
1136830	006023 006508 006518 
1137955	001181 004013 011294 
1140609	001165 001185 001455 001460 
1141167	002367 008774 011326 
1141220	004666 005154 005180 005189 
1142212	003451 003454 009263 011328 011532 
1142227	002567 002569 002637 
1142309	005189 005247 007372 009303 
1142418	005191 
1143228	002367 003516 011528 
1143265	002637 005141 005189 
1143290	001836 001845 006042 011295 
1143639	001862 004065 004082 006846 
1143717	001183 007107 011063 
1143723	001551 001864 007370 007375 
1144234	008447 008479 008485 008488 
1146215	001183 008803 008820 011304 
1146370	006042 006044 009359 
1146782	005141 007375 011063 
1149270	002464 006026 010962 
1149344	003416 007026 007375 
1149565	001838 006023 011392 
1150699	001165 001841 001843 001862 
1150720	003006 007370 
1150758	006518 008447 008479 010953 
1150965	001836 001864 004666 006042 
1157047	006036 006044 
1157688	002856 003454 004011 011303 
1158007	001862 002162 007900 
1158026	003451 003454 
1158208	003007 004013 007070 007099 
1159063	001852 002160 002367 006042 
1160158	006029 008803 008820 
1160614	001165 001185 002151 011295 
1160658	003026 008447 
1160885	001551 004274 006865 006867 
1161482	003009 006023 006846 
1161960	001183 001838 002856 003454 
1162008	001430 001843 002160 008765 
1162293	002562 003451 
1162688	001836 003416 004733 
1163278	001836 005724 007370 007375 
1163326	001165 002160 006023 007365 
1163391	003416 006029 007365 
1163417	002856 003007 006023 007010 
1163664	004013 007900 
1163855	004278 005180 
1163860	001165 001845 002160 006846 
1163897	002855 004011 006500 007365 
1164190	001838 002856 005724 006026 
1164206	001455 005724 005863 
1165573	005141 005180 
1165961	001747 003416 008767 011304 
1166163	001430 001455 001460 004009 004735 
1167438	009262 
1167714	003007 006029 007375 008765 
1167996	001836 002160 002653 
1169109	001165 001838 006530 
1169257	007010 009303 
1169331	003515 007372 008765 011304 
1169341	008801 011195 
1169360	003270 003454 006518 007375 
1169369	004807 007375 
1169382	002992 004804 007365 007375 
1169386	001838 006023 007881 007900 
1169962	001862 004282 006519 
1170001	002149 002855 004011 006023 
1170021	002149 002855 004013 006023 
1170071	001213 002160 011294 
1170303	001841 001862 002653 006029 
1170370	005154 005180 005189 005243 
1170479	001248 004082 007365 011294 
1170567	008774 008801 011035 
1170703	003007 003026 011392 
1170709	002856 007010 008767 
1170757	001151 001185 003500 
1170848	006023 007008 007107 011392 
1170860	001764 001838 003572 
1171002	004359 004807 006026 009299 
1171297	002569 
1171905	001841 002151 006029 
1172355	001460 002874 004274 
3064940	001151 001165 002162 
3064977	001165 007370 007375 
3065039	002637 006023 
3068712	001165 001845 002162 008763 
3069337	003516 004013 004885 011528 
3069991	003500 003516 011304 
3070017	003451 004013 008420 
3070090	002403 002464 004807 011326 
3070344	001551 002164 006029 006846 
3070406	001165 002162 006042 
3070438	002162 002164 006029 006846 
3070440	004274 007099 
3070476	002564 002855 
3070536	002855 004014 006023 008447 
3070648	007008 011528 
3070697	002151 002855 
3070881	001836 002856 004014 
3071094	001151 001185 001766 001841 004666 
3071136	002403 006029 008765 011343 
3071151	001764 006867 
3071734	008803 
3072063	001151 001455 004838 
3072293	001183 001185 001213 002562 
3072397	001763 004359 004394 005180 
3072447	001764 003454 003500 004838 
3072477	001749 003009 003026 006044 
3072484	001841 001864 
3072594	003001 003009 006042 006044 
3072890	002856 004274 006023 
3072910	004666 006500 007398 
3073004	003007 003026 
3073066	007370 
3073138	001151 007370 
3073143	006026 007125 007127 010953 
3073146	001151 001156 001181 003007 
3073169	003007 003026 006044 
3073300	002412 011343 
3073357	001843 002160 005243 008420 
3073384	006518 007006 011063 
3073507	001766 001845 002151 011295 
3073525	001843 002856 004011 
3073568	003006 006026 007010 008801 
3073666	003001 003007 006042 006044 
3073692	002412 002464 005191 008774 
3074001	002383 002412 002464 009233 
3074023	006867 
3074289	001151 005724 005734 011304 
3074314	002367 002856 004013 
3074551	002874 002876 
3074570	003009 003026 011528 
3074634	002856 005191 007008 
3074711	001838 007372 008447 008765 010953 
3074734	003416 003463 007375 
3074792	001845 006029 007372 008801 
3074891	002856 003009 008820 
3074930	003007 003009 006023 007375 
3074936	001757 001838 003515 006026 011198 
3074965	002856 003451 007010 
3075163	001764 003451 007372 008447 
3075188	006044 
3075371	005141 005180 007010 
3075745	001838 007010 008801 008820 
3075759	002149 002855 006023 008763 
3075829	001838 002367 006023 008447 
3076022	002855 005161 005845 006023 
3076190	003001 005189 011392 
3076211	002569 004011 006038 006044 
3076456	002160 
3076489	002856 004804 006023 007026 
3076576	001753 001843 005191 008479 
3076618	005180 006500 009303 
3076896	004065 007010 
3076930	003500 007370 007375 007398 
3077033	005141 006026 011304 
3077064	001183 001551 003006 003026 
3077336	003006 003026 004666 
3077471	002569 004011 
3077623	006023 007372 
3077762	002856 004013 
3077809	002637 006024 007370 
3078073	002162 002164 006026 
3078465	001764 003270 003454 006500 
3078500	009299 
3079272	001838 005724 006508 
3079369	003416 004011 
3079370	002367 004014 005191 
3079376	003007 003026 006044 
3079675	002562 004023 004036 008763 
3079862	006029 006860 007372 008765 
3080198	001838 004852 008765 
3080473	003009 006024 006502 
3080592	002464 002992 004014 004852 
3080595	001841 001843 001862 011035 
3080612	003001 003006 007365 
3080794	001765 006500 007881 011528 
3080937	003572 004838 
3081368	002856 004014 007008 011392 
3081669	002992 006029 006860 011305 
3082398	001151 001213 001248 003463 
3082682	001165 002160 002856 006846 
3082830	001183 001213 001423 004274 
3083787	002160 006024 006846 
3084099	005123 
3085083	001836 002151 005243 
3085504	006026 007010 008803 011392 
3085509	003001 003007 003270 005191 
3085513	003001 003009 006023 
3085521	001213 006026 008820 011315 
3085644	007026 007107 007125 007365 
3085649	001763 001836 006038 
3085728	007372 008765 011305 
3085810	002403 005724 006026 006525 
3085836	005724 006508 
3085909	004011 004804 007887 
3085986	002367 003007 005243 
3086015	001151 001423 002856 005854 007375 
3086180	001423 001838 007010 
3086238	007387 
3086400	002160 006042 006846 
3086512	003270 005727 
3086536	002856 
3086565	001838 002855 004013 
3086583	002151 005141 007372 
3086698	002855 006024 007370 009263 
3086747	001183 001185 006026 
3087347	002856 004013 006023 008763 
3087352	003007 006029 007008 007026 
3087394	001151 002856 004013 
3087407	001749 005847 010953 
3087433	002856 006023 007900 
3087444	006029 008767 
3087449	001836 003009 006029 006518 
3087450	002855 006024 008763 
3087465	001151 001753 001836 002855 
3087493	001838 003270 005722 
3087696	002856 004013 004838 
3087720	007008 007372 011392 
3087983	001151 004036 004288 011538 
3088090	004359 006500 007365 011305 
3088117	002856 003451 
3088124	001836 006023 007010 008765 
3088352	001183 002151 004355 009263 
3088421	001151 003416 006024 
3088521	001836 002856 008767 
3088651	005121 007026 007370 011063 
3088652	002856 007010 008773 011392 
3088757	001423 002855 002874 
3088812	002151 002856 007375 011035 
3088978	005741 
3088988	002856 003463 006023 
3089009	007372 
3089081	004359 006029 006860 008447 
3089276	004023 006500 
3089298	001764 004804 008763 011304 
3089341	001151 011538 
3089529	002855 003407 006024 
3089566	002856 003270 003451 007372 
3089611	002674 
3089636	001836 008803 011035 
3089824	003451 011304 
3089892	004011 004838 005141 
3089948	001423 002855 004009 004274 
3090066	001151 002855 007365 008767 
3090266	001165 002856 007365 008763 
3090362	002856 004856 007370 011302 
3090430	001836 002855 006846 011300 
3090519	001460 002856 002874 004735 006024 
3090537	001765 002856 003454 
3090785	001151 006500 008767 
3091295	001165 002856 007370 
3091573	001836 002856 006518 
3091653	002653 004009 006023 
3091695	001843 002151 002856 002992 007099 
3091931	006500 011304 
3092072	001836 001843 002160 004009 
3092236	001151 004013 011035 011528 
3092294	002674 002856 006518 
3092360	003270 007372 007375 
3092431	001843 006029 
3092580	001151 001430 004011 011538 
3092599	001165 001753 001836 004013 
3092704	002855 006024 008767 
3092880	004036 006026 006530 007365 
3092969	001838 004885 006023 008420 
3092972	001165 003001 003007 008774 
3092985	001766 003454 009299 011195 
3092999	003416 004359 006029 006846 
3093174	004700 006044 
3093190	003001 004014 004274 007010 
3093221	002160 002992 006029 006846 
3093369	001151 
3093697	002856 
3093770	002162 004666 
3093818	001836 002855 004011 005180 
3094033	001165 006023 
3094287	002564 002856 004359 006038 
3094695	003270 007026 009262 
3094719	002876 006029 006860 008773 
3094722	006026 007010 007877 
3094809	001836 002160 003416 004013 
3094908	001165 001836 002160 008774 
3094992	006029 006860 011035 
3095009	002856 005141 005180 
3095050	001151 001183 004014 007365 
3095105	001836 002160 006029 008420 
3095111	001836 002160 002856 
3095335	002856 005724 006029 007365 
3095387	001547 005724 006023 011304 
3095526	002152 002855 006024 006500 
3095588	001151 001156 001838 002653 
3095625	001843 004852 007365 008767 
3095630	002856 007365 008447 008774 
3095649	002856 003001 004274 007900 
3095719	002164 002856 004014 006029 
3095725	001747 002855 006023 008763 
3095842	003001 003007 004014 006029 
3095924	001766 010975 
3095928	008773 
3095968	001165 002856 
3096011	002856 003500 006029 
3096149	004274 004280 
3096547	002164 002856 006029 006846 
3096592	001151 001845 002160 004274 
3096693	005141 007026 
3096962	003007 003009 006029 
3097120	002855 006846 008447 008767 
3097133	001836 002160 006029 008763 
3097158	001165 002160 002856 005847 
3097341	004036 004280 006042 011538 
3097347	002394 002412 007365 
3097462	001165 002856 006500 
3097607	006044 006860 007881 
3097636	002367 002856 006029 006860 
3097890	002855 002992 004009 
3097894	003416 007008 
3097903	001757 002856 007375 
3097953	001151 002856 007372 008773 
3098292	002856 
3098330	001165 001836 006029 008763 
3098354	002151 002856 007026 
3098747	001151 002855 004014 005722 
3098754	002403 
3098796	001185 001843 004359 006023 
3098799	002160 006029 006848 008420 
3098883	002992 006029 
3098918	001764 007387 
3098948	002151 
3099165	001151 002162 006029 008765 
3099359	001845 003451 011392 
3099420	004014 007010 
3099448	001843 002160 006518 007365 
3099467	001838 002702 003463 005724 
3099468	002856 005724 006026 011392 
3099590	001764 002403 004274 007372 
3099669	001747 001836 002855 008763 
3099704	001838 003270 008420 008765 
3099729	001838 006518 
3099757	002856 003001 004009 
3099774	002856 003009 
3099822	001455 004735 006846 007008 
3099911	001836 002160 004013 006029 
3099957	001183 011295 
3099986	002160 002856 005121 006029 
3099989	001151 002152 002855 006024 008763 
3100110	001183 006029 006846 
3100155	001151 002855 003416 008765 
3100182	002855 005121 007365 
3100359	002149 002855 005847 006500 
3100408	003270 004274 006029 008765 
3100628	002367 002412 002460 005121 
3100678	001460 002876 006023 008765 
3100762	002855 004009 004807 
3100786	001836 002855 002992 008763 
3100824	001183 002856 006023 011035 
3100835	001836 001843 002151 008765 
3100876	001423 002856 002874 004274 
3100897	006508 006518 008767 
3100927	004359 007008 008420 
3100989	003001 003006 007365 007372 
3101841	002855 006023 007365 008767 
3102000	001165 002653 002855 008763 
3102057	002856 009263 
3102105	001151 002855 008763 
3102153	005191 007008 007034 008767 
3102278	001151 001423 002855 005845 
3102316	001151 006029 007900 010953 
3102322	002855 006024 006530 008765 
3102380	001836 002160 006029 
3102599	002160 005734 006029 006848 
3102832	003270 006026 007370 
3102868	002856 007008 007372 
3102884	002856 005724 007034 
3102915	001836 002160 002856 008765 
3102969	002855 004009 005141 009262 
3102974	001757 004280 008423 008447 
3102995	001747 002855 004009 
3103038	002367 002394 007881 
3103177	001455 001836 003416 005845 
3103445	001836 005180 008774 
3103486	001836 002855 006024 008763 
3103807	001838 004013 011305 
3103826	003451 005123 006026 011304 
3103933	001183 001460 002874 004013 004274 
3104067	006023 
3104386	002367 003007 006500 007370 
3104489	001165 001843 004735 005847 
3104541	001836 002160 006029 008765 
3104587	002855 005141 006500 
3104653	001151 001836 002856 007365 
3104658	002992 007008 
3104660	002855 002876 005845 007365 
3104731	003009 003026 004023 004072 
3104770	002856 005724 007365 007375 
3104899	004014 006023 
3105046	002569 006502 008765 011532 
3105099	002855 011532 
3105166	002562 
3105170	002152 002855 005722 006029 
3105287	002855 006024 008763 
3105511	002856 004013 007026 
3105612	001185 007099 007127 
3105802	002635 005191 011045 
3105818	001151 002637 002856 011045 
3105820	001838 002856 007006 008774 
3105821	003270 005191 008765 011532 
3105854	003001 003009 006029 011198 
3105862	003270 005724 007008 
3105895	002149 002855 006023 008765 
3105958	001836 002855 004011 006024 
3106068	002856 005722 006525 
3106074	005180 008767 
3106131	002856 004735 005854 007370 
3106525	006023 007070 011063 
3106561	001836 002160 004666 006029 
3106762	002855 003407 006023 008763 
3106769	004013 004274 004807 009299 
3106835	001836 001845 002856 006846 
3106953	001838 006508 007372 008765 
3107001	002855 006023 006848 
3107254	002151 003451 007365 
3107323	001183 001838 006023 
3107589	001151 001183 006023 008765 
3107658	004065 006525 007010 007900 
3107774	001423 004013 004274 
3107963	002674 011195 011304 
3107966	001836 002151 003006 
3107980	002162 003026 006846 
3107993	001838 003006 006023 011063 
3108036	005121 005154 
3108046	002855 006023 007006 008763 
3108306	008765 
3108728	002855 003463 005119 007008 
3109485	002855 004394 005845 007365 
3110744	002151 002855 004011 007006 
3110771	005180 006500 
3110781	002855 004274 007877 007903 
3111488	002653 002855 004014 007008 
3111592	002855 005845 006023 007034 
3112067	002160 006023 006846 
3112294	001764 002855 004011 006026 
3112355	001423 002855 004036 004274 
3112448	002367 002855 006023 007365 
3112797	002149 002855 004009 006500 
3112870	001749 002855 007008 007365 
3112960	001423 002855 004666 
3113444	002367 002855 006023 008763 
3113981	002151 002855 006023 008765 
3114024	002855 002992 005854 006024 
3114802	002160 002855 006024 006500 
3115170	001749 002855 005154 
3116065	002855 003416 004009 006024 
3116269	002855 006024 008763 
3116392	002562 002855 005119 
3116464	002855 004013 006024 007008 
3116805	001151 002855 004009 006024 
3118205	002855 006023 007006 008763 
3118334	001151 002855 007877 007900 
3125605	002855 002992 005845 006500 007034 
3125668	002855 002992 006023 008763 
3126626	001151 001836 002855 005722 
3127208	002855 005141 005722 006026 
3127487	002151 002855 008765 
3127715	002151 002855 004355 008420 
3128188	002855 005722 007365 
3128366	001423 002855 002874 004733 
3128777	002855 004011 005180 006500 
3129160	002151 002855 004013 006023 
3129360	002855 004011 004807 007365 
3129544	001151 002855 004009 006500 
3129759	001836 002855 006024 008763 
3130435	002855 004011 006023 
3130894	001151 002855 002876 004009 
3132705	001151 001747 001836 002855 
3132900	001423 002855 004355 006500 
3133028	002562 002855 007375 008801 
3133386	002367 002855 004013 007365 
3133434	002855 005845 006024 011195 
3133451	002855 006023 006848 008763 
3134011	002152 002855 004009 006024 
3134180	001151 002152 002855 006024 
3134217	002855 004009 005141 006023 
3134309	002855 006023 007365 008763 
3134350	002855 004355 005154 
3134461	002855 005141 005722 
3134508	002149 002855 008763 
3134622	002151 002855 005141 
3142819	001836 002855 008767 
3144208	002855 004014 007365 011035 
3149956	002855 006023 007365 008765 
3153098	001151 001836 002855 004359 
3153272	002855 005722 006029 006848 
3153273	002855 005722 006029 011035 
3156597	002855 004009 006023 007365 
3157738	002151 002855 004009 011035 
3158316	002855 002992 004013 006023 
3158421	001151 002855 006023 
3158773	002367 002855 002992 004014 
3159218	002855 004009 006023 006500 
3160012	002855 005119 007370 
3160149	001765 001838 002855 002992 004807 
3160150	002855 004011 006023 
3160201	002855 
3160245	002151 002855 006023 008763 
3160321	001151 001838 011195 
3160366	002855 004011 005180 006024 
3160884	002855 003463 005722 007008 
3161051	001151 001423 002855 008763 
3161154	002855 004009 004274 
3161291	001423 001836 002855 004733 
3162076	002855 002874 002992 004355 
3162611	002855 002992 007370 008763 
3162638	001423 002855 004009 006023 
3162779	001747 002855 
3162924	002855 004011 006024 007370 
3162926	002855 006530 011195 
3163273	002855 004355 006023 006848 
3166052	001836 002855 006023 006500 
3167586	001151 002855 004733 006024 
3168511	001836 002855 004013 
3168968	002855 005722 006024 008773 
3170761	002855 004274 007008 008763 
3172803	001151 002855 004009 006500 
3173458	002367 002855 004014 005141 007365 
3174234	001165 001423 002855 004009 
3176913	002855 006024 006848 008765 
3178456	004804 008767 
3179084	004011 005141 
3180674	001836 002855 006023 008420 
3180861	001836 002855 006023 008765 
3182934	002674 002855 006023 008765 
3183035	002855 004013 006500 006848 
3184641	002855 002992 004009 
3184743	002855 002992 006023 008765 
3184862	002562 002855 002876 004013 
3184966	002149 002855 004009 006023 
3185451	001836 002855 004011 006024 
3185597	002151 002855 008763 
3186604	002151 002855 011044 
3186688	002855 004009 006023 
3188275	002151 002855 008820 
3188399	001156 001836 002855 006023 
3189516	002855 006846 008763 
3191520	002160 002855 006024 
3192700	002151 002367 002855 006023 
3192954	002151 002855 006023 
3193198	001836 002855 004011 006023 
3195980	002412 002992 008765 011326 
3196371	001151 002151 002855 004359 
3196457	002367 002855 008763 
3196465	002152 002855 004735 005854 
3196629	002151 007026 008420 
3197293	002855 005180 006023 008767 
3197712	002367 002855 006023 
3198211	005141 005180 009303 011194 
3198263	001836 002855 005180 006024 
3198356	002855 004009 007365 011305 
3198769	002855 004735 005854 007365 
3198776	002855 004807 007008 008803 
3198788	002151 002855 006023 008763 
3198863	001836 002855 006023 008765 
3199006	002855 005119 006023 008420 
3199401	001838 002855 006023 006500 
3199412	002152 002855 004666 006023 
3199454	001838 002855 007881 008447 
3199632	002855 004013 006530 
3199633	002855 
3200015	001181 002855 002992 004011 
3200235	002151 002855 006023 008773 
3200739	002855 002992 004013 006023 
3200866	002855 002992 006023 008765 
3201250	001151 002855 002876 005854 
3201354	002160 002855 004355 006023 
3201574	002855 006023 006848 008763 
3201900	001838 002855 006023 008765 
3202006	001836 002855 005141 008767 
3202052	001423 001764 002855 005722 
3202261	001151 002151 002855 005845 
3202451	002855 006023 007006 007365 
3202466	002855 006024 007365 008420 
3203637	002635 002855 007365 
3205483	002855 005180 006023 008763 
3211369	002855 002992 006029 
3211569	001151 002149 002635 002855 
3211731	002855 004018 007365 
3211821	002855 002992 005724 006023 
3211826	002151 008763 
3211857	002149 002855 005722 006023 
3211884	001753 002152 002855 006029 007877 
3212073	002151 002635 002855 005243 
3212095	002152 002855 005845 006023 
3212222	002152 002855 003407 004359 006024 
3212408	001836 002855 006024 008420 
3212471	002855 002992 003407 006029 006846 
3212716	001747 002562 002855 008763 
3212786	001151 002855 005722 006500 
3212902	001151 002855 006023 008763 
3212907	002855 
3212915	002152 002855 006029 006846 
3213032	002855 006023 
3213069	002855 004838 005722 007365 
3216292	001836 002855 004009 006023 
3216810	001836 002855 006023 
3216872	001151 002855 
3217247	007877 
3217362	005141 
3217421	001836 002855 004014 005180 
3217514	002855 004013 004838 
3217527	002855 005722 006026 011528 
3217578	002151 002855 006023 008763 
3217605	002367 002635 002855 006023 
3217652	002403 002855 004009 006023 
3218454	001836 002855 003407 006024 008763 
3218455	004009 004852 007365 009299 
3218584	002562 002855 005722 007365 
3218659	001836 002855 008763 
3218706	002367 002562 002855 
3218913	002855 007006 
3218938	001151 002151 002855 005724 
3218962	002855 002876 004011 011035 
3218971	002855 006530 
3218974	002149 002855 004804 005722 
3219051	001836 002855 002992 004359 
3219056	001836 002855 002992 008763 
3219221	001196 001749 002855 004009 
3219305	002855 006023 
3219743	002855 004807 007365 008773 
3219871	001151 002855 006026 008773 
3220362	001766 002855 005847 007365 
3220365	001151 002855 005845 006530 
3220795	002855 006023 007365 
3220980	002855 004011 005722 011528 
3220990	002151 002855 005847 006023 
3221305	002151 002562 002855 006023 
3221418	002855 006023 006500 008765 
3221487	002855 006500 008423 
3221546	002855 002992 
3221716	002151 002855 002992 003407 006023 
3222282	002149 002855 004009 
3222477	002855 004009 006500 
3222659	002855 005154 007365 008773 
3222819	004733 006023 006500 006518 006530 
3223244	002152 002855 006023 008767 
3223347	002855 004009 006023 007008 
3223362	002152 002855 006024 006500 008763 
3223591	001423 002855 007008 007365 
3223822	002367 006023 008763 
3223998	001151 001749 004009 
3224227	002855 005243 005847 
3224248	002856 003407 008420 011044 
3224418	002855 006023 007365 008763 
3224476	002855 004014 006024 007008 
3224484	002855 002992 006023 007365 
3224492	002855 004009 004274 
3224773	002855 004274 005722 006500 
3224891	002149 002855 004011 006023 
3224949	001838 002855 005722 006024 
3224950	002855 002874 005727 006500 
3224986	002367 007365 011532 
3224991	002855 006500 007006 008763 
3224993	002855 006026 007365 008774 
3225012	002855 006026 008420 008763 
3225017	002149 003407 006023 008763 
3225022	002855 006026 007006 007877 
3225118	002855 004014 004355 007008 
3225121	002635 002855 006024 006848 
3225182	001423 002855 005845 007365 
3225302	001836 002855 
3225356	002562 002855 004009 
3225363	002855 003407 007006 007877 
3225371	001747 002855 004733 006500 
3225612	002855 007365 008767 
3225713	002855 005722 011528 
3226257	001836 002643 002855 003407 006023 
3227006	001423 004733 005847 007365 
3234753	002152 002855 006024 008763 
3314231	002149 004807 006023 009299 
