Students	1352
0310347	001213 001248 
0750570	012317 
1005720	003277 007372 
1057610	014112 
1086489	005282 008769 
1160238	001161 002855 004274 004274 
3196460	003500 003572 008769 
3198263	003277 007372 010844 
3213028	007125 007127 
3217247	007887 
3219927	005271 005310 007107 013205 
3221418	005310 
3226303	002367 002855 004009 
3250131	001161 001894 013192 
3250227	001839 001898 006559 
3250683	002164 011826 
3254734	002878 012886 
3264539	001836 002151 002151 006846 006846 
3322585	002472 004021 014121 
3322886	001248 002460 002992 003001 
3331179	008500 012325 014204 
3331180	001213 001248 013192 014099 
3331277	001898 
3337463	008479 008500 008769 
3339315	001248 001844 012325 014121 
3339814	005239 007391 012325 012895 
3340003	008801 008824 010950 
3340287	001248 005271 008485 008488 
3340324	001213 001248 007026 007107 
3343387	008479 008500 
3359026	007070 007127 
3359596	001213 001248 014201 014202 
3363735	007391 009342 012665 013713 014117 
3366307	005310 013170 014119 014120 
3374040	003454 003552 
3374194	001473 004009 004739 005845 
3374470	003572 008801 
3374479	003001 007107 007127 009335 
3374569	002413 002472 003572 
3375120	013192 014099 014125 
3375323	002164 004014 006023 011865 013621 013621 
3375389	001839 001847 006047 
3375544	001839 013192 014099 
3375629	002472 012325 
3375685	001765 003572 012730 014121 
3377851	004725 006540 006573 006587 
3378849	008485 008488 008500 
3379786	002571 004817 011230 
3381050	002164 008479 011864 014204 
3396377	007372 007381 
3397856	001774 002463 013203 014115 
3404179	006059 
3404196	007010 007043 007070 007127 
3404279	001763 001764 007904 007909 
3404534	006042 006044 
3404693	001847 006047 007877 
3404828	001845 001898 006047 014099 014233 
3405422	006047 006059 007381 
3405427	007107 009303 
3405451	001213 001845 
3405604	001894 007070 014099 
3405619	001248 002643 013924 
3406406	003524 003572 008824 
3411059	001845 001847 014099 014101 
3411158	002998 008801 
3411186	008479 013185 014073 
3412549	004009 013204 
3412644	006038 006059 
3412725	001774 
3412825	002562 014099 
3412881	004725 013170 014101 
3413022	002643 012325 
3413146	003524 003572 
3413283	001248 007026 013183 
3413356	002472 009231 012317 
3413771	001767 010961 
3413774	001747 003014 005742 013918 
3413923	002562 004282 010851 014112 
3413980	002951 014233 
3414205	001764 003478 004013 004839 
3414238	004082 013205 
3414273	002162 011864 014099 
3415125	001845 002472 003014 
3415407	008500 008824 012325 
3415766	003019 003546 003572 004274 004274 
3415769	002472 007107 
3415801	004817 005310 009303 
3415849	001213 001248 004835 014099 
3415870	002428 002472 006846 006846 012325 
3416232	004297 004301 005286 
3416286	002413 005310 009303 
3416374	001764 001774 005212 014119 
3416398	002571 
3416424	005310 009303 010961 
3416536	002173 014101 
3416598	001839 004297 004301 013205 
3416640	004355 007374 007375 009342 
3416891	004021 007043 008812 
3416896	007127 
3416998	001838 008778 008812 
3417108	001839 002160 006846 006846 
3417166	001457 004839 004877 013782 
3417172	002173 011864 011865 
3417819	007375 007381 014120 
3417908	005742 007372 
3418106	006042 006059 007375 
3418117	008442 008500 014233 
3418120	008801 012895 
3418145	003572 006023 010961 
3418264	003552 003572 014101 
3418441	003572 004844 
3418499	007026 007107 007127 
3418606	001161 001213 001460 004274 004274 
3418907	010961 012325 013918 
3418908	003007 006042 006044 010844 
3419002	008479 013185 013924 014204 
3419470	001847 005271 007381 
3420025	012895 
3420037	003546 003572 004844 013918 
3420380	001844 002472 
3420434	005119 007372 012895 
3420437	001847 006059 006846 006846 
3420837	008500 013782 
3420884	002878 013184 
3420940	002472 009233 012821 014101 
3421044	001161 001849 002992 004839 
3421153	003572 012730 014101 
3421500	001839 001845 006846 006846 
3421604	008479 008500 
3421700	001839 008485 008488 
3421753	006042 007125 007127 014131 
3421770	005286 005310 014101 
3422146	004388 
3422289	001161 001213 001248 
3422414	002562 003546 003572 012325 
3422964	006846 006846 007127 014131 
3423676	004288 006047 006059 
3423723	001844 012665 
3423839	005845 011986 012886 014125 
3423970	007125 007127 012325 
3424318	003508 003572 014126 
3424363	003277 003552 003572 014101 
3424520	001248 007107 
3424594	002472 004355 
3425095	001473 004817 005212 
3425114	003546 003552 003572 
3425150	006038 006059 
3425219	004817 004877 014101 
3425239	003014 006573 
3425347	007381 007391 012352 
3425356	001213 001248 001448 005239 
3425364	006867 
3425401	003552 003572 014101 014126 
3425437	002562 006044 010851 014202 
3425755	006059 006867 
3426020	001836 001836 007381 
3426169	004817 004852 007899 
3426213	007391 009342 012895 
3426244	007008 007107 007127 014131 
3426556	005310 006023 
3426638	009303 012895 013712 
3426649	003031 004013 006042 007125 
3426654	003572 005271 007127 
3426658	002951 005310 012320 
3426717	001764 001774 003572 
3426718	001774 003572 013170 
3426719	002562 003033 006044 007008 
3426735	001839 001894 004817 
3426858	003508 004009 005856 
3427674	006846 006846 007381 
3428042	001839 002160 013192 013918 
3428608	001839 001847 006540 006846 006846 
3428820	004021 004036 007127 
3428844	003572 014119 
3429199	002572 006042 006044 011219 
3429524	005310 009303 013170 014121 
3429532	001473 004297 
3429566	004009 005742 
3429602	001161 002472 006029 012352 
3429706	004844 004852 005310 009303 
3429732	003478 003489 003524 003572 
3429733	002992 007375 008500 
3429761	002571 006038 006042 006047 
3429810	005310 014121 
3429832	003552 003572 007374 013170 
3429834	002428 002472 004288 
3430131	005239 007391 014101 
3430142	007381 013713 
3430152	002164 003489 011826 011864 013192 
3430298	007107 007125 007127 
3430383	014099 
3430401	001836 001836 002173 011864 
3430697	002998 006500 006540 008763 
3430706	006038 006042 012665 014117 
3430786	004301 
3430944	001248 
3430953	003007 007008 007026 007043 007127 
3430978	006038 006867 
3431060	006582 006587 013184 
3431078	003007 007080 007904 012665 
3431080	001562 001563 006059 012353 
3431133	008812 
3431155	008479 008500 014121 014204 
3431158	001213 001248 014201 
3431226	002472 009233 010961 012325 
3431257	001765 002998 
3431260	003277 008479 008500 009303 
3431294	001839 002173 008767 014121 
3431303	001747 
3431445	001547 001562 001894 012353 012354 014231 
3431448	008479 008485 008488 008500 
3431449	002173 005284 014120 
3431535	001190 001248 002643 003546 
3431629	002998 006042 006059 010851 
3431651	002472 006519 006846 006846 012821 
3431655	014115 
3431672	001185 004082 014099 
3431740	001248 008773 
3431750	002428 004274 004274 004839 012731 
3431828	007127 009303 012325 
3431939	008479 008500 013782 
3432027	002413 002428 007391 014121 
3432040	013205 014073 
3432077	007372 
3432223	001151 001213 004014 005271 014099 
3432238	003524 003572 
3432243	005271 007125 007127 
3432259	006867 012354 014231 
3432301	002571 006042 
3432344	006038 006867 
3432357	002855 005722 007364 014120 
3432384	001847 001894 002567 006540 
3432398	001204 001460 001473 
3432447	003524 004082 
3432595	005742 013918 014112 
3432622	003572 
3432759	001767 005239 005310 014125 
3432782	006026 008479 012325 
3432796	002472 
3432798	006044 012483 012665 
3433251	008824 014107 
3433275	002562 003508 003572 005847 
3433501	002472 002657 004355 006540 
3433539	002367 002472 006559 
3433686	002151 002151 003007 003019 005847 
3433760	007364 013192 
3433788	007381 012895 014204 
3433829	006038 006059 010851 012665 
3433849	006038 006059 014117 
3433881	007026 007391 009342 013713 
3433929	008442 008479 013712 
3433945	003007 003031 007043 
3433961	006042 006047 007010 012665 
3433962	004274 004274 004817 013650 
3434079	007125 007127 
3434124	002562 003014 003019 007125 007127 
3434130	001849 005271 013192 
3434210	001763 003572 013170 014101 
3434428	001213 001248 004082 
3434468	001213 001248 004803 007877 
3434539	007391 008763 012895 
3434762	010844 
3435039	002173 011864 014101 
3435070	008801 013192 014099 
3435161	001213 001248 008824 010950 
3435183	003572 004082 014101 014119 
3435187	001204 008778 013212 013621 013621 
3435248	001847 004297 006029 
3435313	002173 011864 014101 
3435366	002472 012821 014201 
3435380	003552 003572 004011 
3435384	001898 005239 005271 013192 
3435397	003500 003546 003552 003572 
3435627	007899 007904 
3435628	007127 008479 014121 
3435692	004288 004301 014101 
3435722	007026 007125 007127 014131 
3435734	005310 009303 014101 014120 
3435771	001847 001898 004877 006540 
3435931	002571 006508 011230 
3436119	001849 005239 013192 
3436158	002674 003552 004021 008763 
3436206	001460 001473 007010 
3436212	001774 
3436216	001473 004280 004297 013621 013621 
3436227	004844 004877 006023 014115 
3436260	002571 002572 006047 
3436311	002160 006047 006059 
3436514	004274 004274 004844 012729 012731 
3436588	007043 007070 014099 
3436683	001844 002472 004021 012821 
3436710	011986 012886 
3436930	001839 007381 013192 
3437011	006026 014201 
3437089	007070 007127 014131 
3437141	006042 006044 006059 010961 
3437146	012895 013712 
3437240	001839 002160 007375 014099 
3437252	003277 003572 
3437295	003033 007125 
3437329	006557 006587 
3437341	003001 003007 008801 
3437365	005282 005310 006042 
3437379	004835 006042 006047 006059 
3437511	006038 006042 006059 010961 
3437574	004725 007899 007904 
3437589	002567 004877 007026 012731 
3437591	004852 006508 007070 007127 
3437756	005239 005286 012895 
3437778	003007 003014 006044 006059 
3437827	005271 007125 007127 
3437978	007043 
3438020	002428 002472 
3438033	004280 004297 005271 014201 
3438084	002428 002472 006846 006846 
3438100	002472 009233 012821 
3438102	002413 003001 005724 007070 
3438113	001839 002160 007364 014099 
3438119	003546 012730 014101 
3438232	001460 002164 004835 006846 006846 012731 
3438254	004280 004297 006038 006047 
3438287	002878 006573 006587 012886 
3438294	002653 002998 004011 
3438342	007026 007043 014201 
3438374	001839 001847 001898 
3438441	001765 008479 008500 
3438442	007127 008773 014121 
3438443	003524 012895 
3438455	006023 007887 007899 
3438465	003572 007125 009335 
3438471	003454 005310 008769 009303 
3438472	001213 001248 013782 
3438473	012665 013782 014131 
3438550	006042 007127 008824 
3438589	007107 007127 014131 
3438652	003524 005271 008442 014204 
3438842	004844 012731 013157 
3438878	001844 002394 
3438999	003454 003478 004013 007364 
3439147	006854 006865 007381 013170 
3439158	007904 014103 
3439206	004021 004036 
3439280	002364 002383 002413 
3439283	002998 008442 012895 
3439328	002173 011864 
3439356	002394 002428 002472 013621 013621 
3439387	008479 008500 008769 012325 
3439402	001763 003572 004839 
3439409	004379 006540 006559 
3439437	006044 007372 
3439475	003001 008442 008479 008500 
3439480	004280 
3439511	005286 005310 007877 
3439528	002367 002394 004877 012665 
3439564	007381 008500 
3439624	004877 007080 007125 007127 
3439636	001765 002998 007391 
3439670	005271 006044 006059 
3439701	004877 012665 
3439818	006042 006557 006587 
3439820	001248 014099 
3439899	002951 007372 007375 
3439917	007125 008442 013170 
3440024	007026 007127 
3440075	011230 012665 
3440175	001562 006042 010844 010851 012354 
3440409	011230 
3440419	002160 006029 007391 013713 
3440508	004379 014107 014115 
3440687	001764 004009 004844 013203 
3441004	002998 008769 010851 
3441016	001753 014118 014120 014121 
3441166	004388 006042 006047 007026 
3441177	001460 004839 005722 012731 
3441226	002992 006044 006854 006865 
3441306	006042 006044 
3441310	001836 001836 002160 002992 008767 
3441406	002674 007887 007899 
3441413	004839 014131 
3441838	004013 008442 
3441900	002162 006042 
3442335	007375 013170 014101 014119 
3442991	003489 003508 004817 012325 
3443092	001765 003489 
3443283	001213 003014 006559 
3443421	001839 001849 002160 006023 
3443522	005239 011986 012890 014118 
3443731	001765 006559 007372 013170 
3444536	007372 008801 
3444537	001767 003447 003454 004014 
3445081	006029 006854 013192 014099 
3445343	006029 006038 010851 
3445680	006029 006047 013212 014112 
3445738	003489 006038 006519 
3446353	001448 005239 013184 014115 
3446670	007391 008442 013650 014121 
3446832	001839 006846 006846 013192 014101 
3447306	003500 006038 
3447322	001763 004844 014119 014331 
3447478	006026 007364 008773 
3447681	001767 002160 007381 007391 
3448314	006029 008769 013621 013621 014126 
3448679	001839 013192 014118 
3448868	006023 013918 
3449400	007391 
3450068	002562 013713 
3450069	001761 004379 006573 007881 011198 
3450490	004280 004282 011865 
3450546	001761 001765 
3451168	001836 001836 002160 014101 
3451331	001161 004355 004852 
3451496	001204 001213 001562 012352 012354 013212 
3451551	003447 007375 013170 
3451553	002562 006042 
3451557	001767 004282 006023 
3451663	001204 001213 008442 013650 
3451724	002151 002151 004280 004282 007043 
3452183	002951 
3452445	002567 007887 007899 
3452988	002653 003500 004014 014118 
3453262	002637 007372 013713 
3453352	002162 002674 011826 
3453445	001151 001839 001847 002160 
3453663	002567 004379 004388 011219 
3453856	007125 013613 
3454059	006865 014112 
3454115	006540 007374 007381 007391 
3454182	007364 014121 
3454226	003007 006042 
3454439	005286 007026 007125 014120 
3454476	007010 014101 014120 
3454494	003489 004844 004877 012731 
3454625	002151 002151 005239 014120 
3455043	006042 006044 007372 
3455046	005212 005286 006038 006042 
3455049	003007 013613 014117 
3455058	001213 004288 
3455093	009342 010961 013713 
3455148	005856 006038 006044 
3455151	001151 001753 012731 
3455227	002381 002428 007364 
3455291	001204 001213 006026 
3455341	006038 006042 007375 010844 
3455419	001448 001460 005847 012320 
3455519	001764 003508 
3455625	006846 006846 008769 013203 
3455631	001845 002160 004739 006500 
3455690	004297 006023 011865 014101 
3455808	003454 003489 003552 
3455908	001190 001836 001836 004666 008442 
3455915	002160 006026 006846 006846 014121 
3456016	004839 006540 012729 012731 
3456089	001151 001836 001836 004274 004274 008773 
3456103	004852 005286 012731 013782 
3456210	001204 006023 012353 013918 
3456228	001847 006029 013192 013924 
3456290	001838 008479 013185 
3456313	002571 003478 006508 011230 
3456660	001747 001753 004009 
3456677	006846 006846 013192 014099 
3456722	002160 006846 006846 007372 007381 
3456820	002367 002413 002460 009231 
3456994	008485 008488 008500 012325 
3457039	003014 006846 006846 011219 
3457195	002572 
3457327	007008 012731 014101 
3457393	003546 014101 
3457459	008763 014101 
3457692	002562 006519 006540 
3457777	004009 004844 012731 013782 
3457873	006026 006846 006846 007010 013212 
3457917	001204 006026 006508 
3457932	002992 003552 007026 
3457935	004725 007372 013170 
3457979	001774 008479 013185 
3457988	002151 002151 006026 006029 006846 006846 
3458037	012890 
3458049	001764 002413 007364 013203 
3458061	006024 014113 
3458087	006029 006854 006865 
3458136	001838 006865 007010 008769 
3458176	001844 002992 004280 004301 
3458250	001747 006042 010851 014117 
3458295	006846 006846 013192 014099 
3458441	004011 004803 004835 004844 
3458451	001849 007381 008763 013192 
3458452	009233 014121 
3458704	007904 
3458706	007043 
3458853	006559 
3458932	008801 008812 
3458949	001838 002992 
3458957	005271 008769 012770 014101 014120 
3458972	001839 002160 004835 014112 
3458988	004803 
3459032	007026 007375 007391 010844 
3459109	003277 007372 
3459505	002173 006042 006854 
3459508	007043 012729 014107 
3459522	002164 006029 011826 012770 
3459523	001836 001836 001845 004301 006023 
3459584	001764 003454 003546 006573 
3459613	003019 007125 013613 
3459645	001213 008442 014201 
3459647	007043 008479 013185 014204 
3459823	002381 014120 
3459888	002572 
3459972	002151 002151 004280 004282 004301 
3459980	001213 002637 002992 
3460235	001156 001844 001845 002413 
3460338	002160 006029 008769 013621 013621 
3460359	006865 006867 
3460369	003007 013650 
3460371	011986 
3460399	004065 006042 006044 013183 
3460488	001839 002160 006042 006044 
3460569	001836 001836 002151 002151 003454 014120 
3460586	003489 007375 
3460701	002992 006042 006867 
3460718	002855 002998 014113 
3460737	001562 008479 008769 012352 013185 014204 
3460766	005310 009303 013170 014121 
3460820	007372 007374 014204 
3460867	001839 006042 006047 010851 
3461020	005856 
3461057	008479 013185 014204 
3461063	001836 001836 002637 
3461197	001151 001845 002151 002151 
3461498	007043 014101 
3461517	004020 006038 007904 013184 
3461556	002428 004839 012731 013924 
3461826	001839 002160 006042 006044 
3461882	002562 
3461933	001204 001213 
3461937	001161 003001 004021 013613 
3461962	007026 007374 007381 013918 
3461975	001448 004274 004274 014119 
3462115	008442 008479 014204 
3462116	006573 007008 007043 013184 
3462228	006042 006044 007375 
3462235	007070 007391 
3462237	001151 002653 004021 013157 
3462240	001747 001751 001761 007375 
3462242	002637 003014 012320 
3462262	004379 004388 013621 013621 
3462270	002162 002164 006846 006846 011826 
3462292	001839 001878 006038 012325 
3462293	003546 003552 004011 008442 
3462297	001204 001213 003447 006846 006846 013782 
3462414	001156 008442 013185 
3462416	008442 008485 008488 008769 
3462417	001161 001213 001460 004274 004274 
3462458	006023 007043 013184 
3462512	006047 011230 
3462514	001839 002160 006026 008767 
3462516	007372 007375 
3462517	003014 007010 013782 
3462554	005310 
3462565	002151 002151 002855 006023 008763 
3462606	003552 014101 
3462639	001839 002160 006042 006846 006846 
3462647	001204 001213 004011 006846 006846 
3462720	003007 013613 014101 
3462817	001836 001836 001845 002160 
3462851	001156 004020 
3462872	007107 010950 014121 
3462896	002160 006865 006867 
3462936	002364 005310 014121 
3462955	014126 
3462956	001562 007026 012353 
3462964	001151 001161 014202 
3463011	001847 006865 006867 
3463022	001161 002164 004280 004282 
3463126	001151 014101 
3463188	001839 001849 004036 006540 
3463199	004844 
3463226	002643 013782 013924 014233 
3463327	001767 005845 
3463353	007125 007127 013212 
3463439	002567 005847 006029 013621 013621 
3463453	002562 006026 007372 014125 
3463526	001847 006846 006846 013192 
3463560	001448 005847 013203 014118 
3463589	006846 006846 007381 007391 
3463593	004065 006042 
3463602	002160 007374 007381 014099 
3463675	001839 002162 002164 011826 
3463708	001838 004011 007125 
3463745	002162 002164 006508 011826 012317 
3463776	001204 001213 002151 002151 
3463851	004835 012731 
3463879	001161 001844 002992 003454 012821 
3463883	002413 002428 013918 
3463919	006500 007026 013183 014121 
3463936	007374 007381 007391 
3463993	001844 014099 014101 
3464027	002162 002164 010851 011826 
3464100	003001 003007 013613 014121 
3464263	001774 003478 012325 
3464279	001847 004379 012353 014099 014119 014231 
3464306	002653 004359 007364 
3464327	002160 004817 005724 007043 
3464379	001839 001849 007364 007381 
3464398	002381 002413 008774 008778 
3464638	002992 007008 007010 008769 
3464666	003447 004355 007904 
3464848	003454 004844 007381 
3464850	001836 001836 004844 006029 
3464855	001764 005119 013205 
3464954	006024 006038 007881 
3464985	007381 
3465036	002151 002151 004835 006846 006846 008769 
3465050	004803 008769 014120 
3465103	002562 002567 006029 
3465181	004369 004379 006023 
3465244	004011 007043 014120 
3465245	002367 004013 008442 
3465327	002992 007026 
3465332	002855 004014 006029 006854 
3465442	002653 003478 003489 004021 
3465588	002562 004844 013212 
3465591	001764 003454 004009 004274 004274 
3466011	001161 001448 004013 
3466014	002151 002151 004274 004274 006023 008769 
3466364	002160 004359 014118 
3466962	007364 008769 014204 
3467040	002367 004288 006029 013621 013621 
3467093	001847 002151 002151 007381 
3467199	005724 013183 014121 014204 
3467384	003508 004844 007374 
3467427	002562 003489 004835 
3467452	003546 007372 
3467671	004803 009262 
3467781	004274 004274 006029 008763 
3467932	005847 014120 
3467983	002367 008773 
3468070	002151 002151 004274 004274 006023 
3468281	014101 
3468504	001448 001460 013203 
3468749	004021 004839 004844 
3469119	002381 002413 
3469520	002151 002151 004274 004274 006023 014113 
3469560	002562 003014 003489 007010 
3469615	006024 007372 
3470393	001836 001836 002855 005722 006024 
3470797	002855 002992 008774 
3470846	002855 004388 006024 014227 
3471190	001151 002855 006500 
3471447	001151 002151 002151 002855 004014 
3471450	002151 002151 002855 006023 008769 
3471745	001767 003019 006029 007010 013613 
3473086	001747 002855 004009 
3474140	001836 001836 005724 006042 012771 
3474207	001753 005847 007070 014131 
3474216	013713 
3474374	002674 002855 011986 012352 
3474409	004014 004803 007043 
3474463	001838 013924 014113 014204 
3474598	003019 004014 013183 
3474620	001151 001836 001836 002160 014112 
3474789	003508 004274 004274 005724 
3475198	001185 001836 001836 002160 
3475298	002367 002381 002394 002413 004355 
3475327	001765 007010 008801 014101 
3475445	001774 003572 006506 014120 
3475573	001878 002151 002151 006023 
3475745	001151 002562 007043 012317 
3475933	001151 002151 002151 006029 
3475941	001190 001763 012317 
3475950	002992 002998 006023 007010 
3476085	004274 004274 007881 007904 
3476418	001838 005724 
3476797	001836 001836 002160 006026 014204 
3476860	003489 004355 
3476864	002855 006023 008763 
3476899	006500 006506 006540 008769 
3476908	002367 002413 004014 007043 
3476927	006038 007375 013157 
3476930	001156 001190 014121 
3477004	004021 004839 
3477014	001844 004844 014101 
3477425	001151 002151 002151 002855 006023 
3477576	001151 006029 
3477580	003500 006026 007904 
3477824	002160 004014 006029 013621 013621 
3478050	002394 002413 
3478102	002637 003454 
3478297	004013 007364 
3478309	013157 014101 014120 014121 
3478343	002998 004844 008778 014121 
3478356	002855 006023 
3478419	001763 002657 006026 007026 
3478506	001836 001836 006029 014112 
3478691	001838 007010 014101 
3478713	004844 005724 013183 013205 
3478747	001204 012483 013204 013212 
3478951	002992 007043 013184 
3478964	003007 003014 008769 014101 
3479054	001151 007010 008769 014120 
3479085	002413 008769 013203 014126 
3479311	001836 001836 002855 006500 
3479350	001156 008769 014120 
3479355	002413 
3479382	001448 011986 013918 014115 
3479534	002855 002992 004009 006029 
3479712	001547 001562 007364 012353 
3479718	002562 002992 006042 008769 
3479804	003489 008801 
3479838	001774 012320 
3479885	004274 004274 008769 
3479945	001753 001761 009335 013183 
3479961	006042 
3479976	001836 001836 007374 007381 
3480067	008778 012771 013212 014233 
3480069	002992 008769 
3480150	001763 002562 004359 006506 
3480166	002367 002381 002413 007881 
3480264	007374 007375 
3480375	002160 006846 006846 008773 
3480382	004817 009262 014126 
3480401	002567 004355 007887 007899 
3480423	004725 012325 013925 
3480571	003019 003489 008767 
3480668	001836 001836 002160 004835 006029 
3480710	001151 002164 008774 013621 013621 
3480714	002151 002151 004013 014101 
3480728	002562 002855 004009 007008 
3480732	001845 002160 002367 006846 006846 
3480734	012355 014231 
3480791	002855 004274 004274 005847 014139 
3480810	002562 006540 008769 014119 
3480836	003001 007010 013613 
3480867	002855 002992 009262 
3480868	002855 004009 004274 004274 012771 
3480935	001151 001204 004359 007010 
3480937	003454 011986 012886 
3480939	004020 007374 
3480999	001767 002160 002855 012317 
3481031	001204 003001 013212 
3481075	001764 
3481102	002562 003454 004009 
3481202	006029 006038 006854 007881 013203 
3481203	001836 001836 002160 008773 014120 
3481221	003019 004852 013203 014118 
3481354	001156 001763 003489 013925 
3481391	002367 002855 009262 
3481419	002164 006029 006846 006846 
3481518	001747 001753 008774 
3481520	004011 007364 
3481532	001836 001836 002855 004014 006023 
3481557	008442 008769 012771 014204 
3481562	007070 013621 013621 
3481607	002998 004013 007008 007010 
3481643	004844 005286 006029 014113 
3481690	001847 002151 002151 005722 007026 
3481702	001847 002151 002151 002674 
3481798	001161 006026 
3481805	001836 001836 002160 
3481813	001836 001836 002151 002151 007381 
3481862	014113 
3481875	002367 002992 009231 012317 
3481894	002855 006023 007364 014120 
3481943	001836 001836 002160 008769 
3481944	002855 007008 008763 
3481967	007026 007364 008769 014204 
3482018	001763 007877 007904 
3482019	001753 004359 006042 
3482101	001838 002855 008769 014120 
3482144	001753 002151 002151 004280 004301 
3482194	004009 007026 
3482198	002992 004817 006042 006540 
3482263	003001 006026 013613 
3482264	005724 006023 007008 013183 
3482288	002855 005724 006023 013621 013621 
3482323	001836 008801 
3482396	003508 
3482445	002367 002404 002413 014121 
3482588	004355 004379 
3482591	014113 
3482596	006867 
3482739	001836 001836 002674 006846 006846 
3482989	004036 014119 
3483003	002367 002381 012317 014118 
3483036	001156 002562 002855 005845 
3483042	002855 002992 004011 
3483084	001151 001204 006500 007026 
3483085	001767 007010 009335 
3483155	008479 008500 
3483234	001836 001836 
3483241	004282 004288 
3483278	003489 
3483298	001845 002151 002151 
3483306	002855 003500 006500 
3483385	001185 007008 008773 
3483467	002164 006029 012317 014204 
3483511	001836 001836 002855 006023 008763 
3483546	003478 004274 004274 008769 
3483557	001151 001547 001562 001562 
3483560	003489 006023 010961 012325 
3483567	004844 008778 008801 008812 
3483587	001839 002151 002151 007375 007381 
3483638	001151 002151 002151 005724 006042 
3483640	002855 006500 007364 014204 
3483651	001156 002562 006029 006038 
3483925	002413 012771 013925 014101 
3483929	001836 001836 004036 006029 006854 
3483950	002367 003014 004013 013613 
3483954	002562 002855 007008 008767 
3483965	001764 014112 
3483996	004803 
3484202	001765 002567 013170 
3484216	001204 003001 003019 014201 
3484243	007374 007375 008769 
3484272	004011 004835 004844 
3484314	007372 007381 013918 
3484324	001838 004725 006540 013212 
3484334	004844 006026 007026 
3484361	001151 004725 004844 005724 
3484619	002151 002151 002653 005847 007372 
3484746	001763 002855 004355 
3484750	002364 002413 002992 014233 
3484752	002151 002151 003019 
3484763	001151 001204 001838 006540 
3484816	004844 006023 009231 
3484845	003478 003500 004013 007364 
3484887	002160 006029 006038 008774 
3484894	006038 011230 
3484898	001185 005856 008442 014112 014125 
3484990	006038 006042 007043 008774 
3485028	001151 001448 004355 004844 
3485053	001204 006519 007374 
3485054	002413 002992 005724 012770 
3485169	001151 001836 001836 002160 014112 
3485170	001838 002367 002855 004013 
3485228	002151 002151 006029 008769 
3485288	002164 002992 006029 006038 
3485290	001844 002160 004021 013621 013621 
3485327	001151 004274 004274 007043 014113 
3485361	004280 006540 014115 
3485416	006029 006038 006044 013613 
3485504	001151 001161 014101 014113 
3485537	004725 007043 008769 014204 
3485548	002151 002151 002992 006029 006846 006846 
3485549	004014 007381 014103 
3485550	002151 002151 006846 006846 008485 008488 
3485628	002855 004852 005722 006023 
3485636	004359 007364 007374 
3485642	003478 003500 004013 
3485727	002562 003001 006029 006038 
3485756	001151 002855 004014 012771 
3485774	001156 002855 006500 008763 
3485800	003001 013613 
3485803	001547 004013 007043 012352 
3485812	001747 001761 004009 
3485816	001190 002367 
3485912	001836 001836 002160 006023 
3485931	002992 004013 
3485970	002428 004009 007070 012731 
3486050	004379 008763 013170 
3486083	002653 007364 013212 
3486133	003014 006540 007375 013613 
3486141	001844 002367 009231 013924 
3486182	001844 002381 002404 002413 003014 
3486187	002567 007010 011230 
3486250	006042 006865 
3486311	002367 008769 012771 
3486321	002992 
3486379	001448 001836 001836 002160 006029 
3486382	003447 
3486389	008769 
3486475	002998 014113 
3486501	004011 007010 
3486569	003007 003019 004013 006023 
3486571	002151 002151 002992 013170 
3486596	001204 
3486609	002992 005212 007026 013925 
3486617	001151 002151 002151 006029 006846 006846 
3486623	001838 004011 004835 
3486632	001151 004355 014118 
3486740	002562 009262 013157 014202 
3486777	001190 008769 
3486782	001836 001836 002160 004835 014101 
3486787	006508 
3486838	002367 007881 009262 
3486844	002413 006026 007026 
3486852	001847 002151 002151 004355 006023 
3486858	012325 013157 014204 
3486998	006042 013613 
3487034	002151 002151 
3487035	002367 002394 002413 006846 006846 
3487040	001753 003007 006023 
3487041	002637 006846 006846 013192 
3487055	002151 002151 004835 
3487087	001151 001836 001836 002160 006029 
3487090	005722 006026 013183 
3487093	002992 012821 014233 
3487243	001774 003572 007375 008763 
3487261	001204 002992 007010 
3487266	002151 002151 004844 006846 006846 007043 
3487276	002413 
3487316	001838 007010 007043 
3487321	001204 002653 008767 014202 
3487429	006029 006038 006044 012320 
3487505	014103 014121 
3487621	001836 001836 002151 002151 006023 007381 
3487623	002855 014120 
3487640	002364 008769 013650 
3487732	002653 006854 006865 013205 
3492392	002855 006029 014112 
3502893	002367 002653 002855 008763 
3503382	002855 006023 007372 
3503587	002855 002992 006023 007364 
3503630	001836 001836 002367 002855 005722 
3503865	002855 004009 007364 
3505157	002160 002855 006023 008769 
3505185	002367 002855 008773 012770 014113 
3506165	001562 014103 
3506324	002367 002855 002992 004009 
3508682	002855 004009 004803 013203 
3510665	002562 002855 008801 014204 
3510878	002855 007008 008767 014101 
3510971	001156 002855 004014 007364 
3512896	002562 002855 006023 
3513947	002151 002151 002855 003407 006024 
3514095	002151 002151 002855 004011 006023 
3514835	002855 014112 
3514964	001836 001836 002855 006023 008769 
3516442	002855 007008 008763 013203 
3516634	001836 001836 002855 008767 009262 
3518231	002855 003500 007008 007364 
3519078	002855 006024 012320 014112 
3519499	002855 003447 
3519726	002855 005722 007364 
3520100	002855 005722 007364 
3521265	002562 002855 004009 013211 013211 
3521272	002562 002855 006023 
3521461	002151 002151 002855 005722 006023 
3524066	002855 007877 012483 
3524341	002855 003489 008773 012770 
3524963	002855 004274 004274 008769 014120 
3525384	007881 
3525604	002855 007026 008774 009262 
3529298	002151 002151 002855 004009 006029 
3530220	002855 007008 007026 007877 
3531305	002855 004009 007364 014231 
3533093	002562 002855 004009 014119 
3533264	002855 004835 013203 
3537536	002367 002855 002992 008769 
3538202	001836 001836 002855 006500 014113 
3538400	001151 002855 006023 
3538688	002855 006023 007008 008769 
3538928	002855 008763 
3539996	002855 004666 005845 007364 
3540124	002855 005722 013621 013621 014112 
3540190	002367 002855 008767 012771 
3540428	002855 004844 008774 014227 
3540662	001448 001460 002855 011986 
3540705	002367 002855 002992 008763 
3540714	002855 006500 007008 007364 
3542887	002855 006500 007364 013157 
3543742	002151 002151 002855 008773 
3544254	001764 002855 007364 014119 
3544262	002855 004274 004274 005724 013203 
3544945	002855 003478 005845 006023 
3546417	002855 012317 012770 
3546891	002151 002855 004013 
3547282	002855 005845 014112 
3549052	002855 004355 004803 007374 
3549272	002855 004009 006023 007364 
3551641	002855 004817 011986 013203 
3552259	002855 004020 006023 014112 
3555254	002855 004274 004274 005119 014204 
3555932	002855 004803 005722 006023 
3556169	002855 004013 006023 014120 
3556594	002855 013211 013211 
3556617	002855 004355 005212 007374 
3556970	002151 002151 002855 006023 008763 
3557244	002151 002151 002855 002992 004009 
3557478	001151 002855 004388 006508 
3558528	002855 002992 006029 008763 
3558543	002855 006024 013621 013621 014227 
3558739	002151 002151 002855 006023 008769 
3558800	002855 004014 004274 004274 008767 
3558838	002855 003500 008769 
3558963	004803 
3559149	002151 002151 002855 008763 
3559225	001151 002855 007364 008763 
3559302	002151 002151 002855 006024 
3559462	002855 004355 014120 014202 
3559476	002855 006023 008763 012483 
3559534	002855 006023 007364 012771 
3559537	002855 004725 007364 
3559591	001151 002562 002855 005847 
3559612	002855 006023 007364 
3559624	002562 002855 002992 
3559645	002855 007364 008769 
3559657	002855 004014 007887 014112 
3559804	002367 002855 008769 
3559815	002855 003500 004817 012483 
3559843	002562 002855 002992 014204 
3559857	002151 002151 002855 004009 006023 
3559870	001836 001836 002855 
3559872	002855 004009 004852 
3559900	001763 002855 
3559963	002151 002151 002855 006023 
3559970	002367 002855 006026 
3560167	001836 001836 002855 008763 
3560193	002855 002998 004355 014120 
3560199	001836 001836 002855 006023 008769 
3560308	002855 003489 008769 
3560373	002151 002151 002855 006023 
3560487	002855 004359 006023 007364 
3560649	002855 004274 004274 007877 013925 
3560687	002562 002855 003447 007008 
3560770	002160 002855 002992 006029 
3560858	001151 002855 005722 013203 
3560860	002855 002992 007008 
3561001	002562 002855 007008 014227 
3561074	001836 001836 002855 003447 007372 
3561084	002855 002992 003407 006038 
3561229	002855 004274 004274 008763 013204 
3561280	002855 003007 
3561318	002674 002855 005119 
3561402	002855 004009 005239 006024 
3561511	002855 004803 004835 
3561516	002855 012483 014120 
3561660	002855 006023 008767 014101 
3561704	002151 002151 002855 004355 006023 
3561772	002367 002855 007008 008763 
3564528	002855 006024 011861 014227 
3565637	001836 
3568636	001156 002653 002855 012770 
3568950	002653 002855 006023 
3569865	001836 001836 002855 009262 
3570123	002855 002992 007008 008763 
3574047	002855 004355 014120 
3574137	001836 001836 002562 002855 006023 
3574475	002855 
3574483	001836 001836 002855 008763 014120 
3574542	002855 006023 007008 007877 
3574543	001836 001836 002855 006029 008763 
3574546	002855 007008 
3574558	002855 006024 013211 013211 014113 
3574563	001151 002855 014112 014227 
3574639	001836 001836 002855 006023 007877 
3574866	002855 007364 008769 014204 
3574873	002562 002855 008763 
3574967	002855 004817 011986 013203 
3575309	002855 003447 009262 
3575483	002151 002151 002855 
3575735	001151 002855 006500 013918 
3575769	002855 004009 012770 014101 
3575898	002855 004009 006023 014120 
3575908	002855 004009 004803 
3575916	001836 001836 002855 007364 
3575928	001836 001836 002855 006023 
3575969	002855 002992 005722 
3575971	002855 008769 013203 
3576011	001151 001836 001836 002855 005845 
3576013	002151 002151 002855 004274 004274 006029 
3576037	002855 004013 006023 012771 
3576126	002855 004009 006023 014120 
3576212	002855 006029 007877 012771 
3576230	002855 004725 006540 007364 
3576231	001151 002855 008773 012771 
3576248	002855 002992 004014 006024 
3576260	001836 001836 002855 005724 
3576303	003447 013204 
3576305	004036 
3576306	006026 006540 
3576312	002653 004036 
3576313	013203 014115 
3576319	004280 
3576320	007374 007375 
3576321	001838 002367 
3576324	014119 014120 
3576325	002413 002562 
3576328	004021 
3576329	003001 007008 
3576330	002367 
3576332	007374 
3576333	007381 
3576334	008801 013203 
3576336	001844 002394 002413 
3576337	002567 
3576339	001204 
3576343	002367 
3576345	007381 
3576346	014204 
3576347	014113 
3576349	013203 
3576350	002562 013613 
3576351	004274 004274 
3576352	014118 
3576356	014113 
3576357	005239 
3576359	006540 
3576362	006026 
3576366	005239 
3576370	001156 014113 
3576373	002367 
3576377	007026 
3576379	006540 
3576385	006026 
3576387	006026 
3576390	002367 002413 
3576391	013212 
3576397	002567 007374 007375 007381 
3576399	001204 
3576401	002637 
3576402	002567 
3576404	001838 003478 004844 
3576410	014201 
3576411	001836 
3576419	001753 
3576420	007010 
3576421	001836 006026 
3576424	006038 013613 
3576425	013203 014118 
3576429	002367 002381 
3576432	013613 
3576433	007374 
3576438	004274 004274 
3576439	007381 
3576444	004280 014113 
3576449	004835 008769 
3576450	005271 
3576463	007887 007899 
3576465	006026 
3576466	010844 
3576470	013184 
3576471	007887 
3576474	001747 
3576477	014112 
3576479	007010 008763 013183 
3576480	004274 004274 013204 
3576485	001844 012770 
3576488	001763 
3576492	014139 
3576493	002657 007375 
3576494	001844 012770 
3576495	004036 
3576500	002394 
3576501	002367 
3576503	004036 
3576504	003478 014139 
3576507	002367 002413 014121 
3576508	007026 
3576510	001753 
3576515	003001 
3576518	013204 
3576520	013184 
3576527	006026 
3576530	004844 
3576531	007381 
3576532	003500 006023 
3576533	007381 
3576535	002364 002992 004013 
3576545	014113 
3576551	006557 007080 010950 
3576552	002653 008773 
3576553	001161 
3576554	006026 
3576555	004274 004274 006023 006846 006846 
3576558	002367 002413 
3576563	001836 001836 
3576565	001774 
3576568	006023 
3576569	004021 004803 
3576571	004852 
3576574	002562 003001 
3576575	013212 
3576576	004036 004274 004274 
3576578	012771 
3576579	001547 002653 004011 012353 
3576583	007381 
3576620	002653 002657 013157 013205 
3576623	006038 
3576624	004274 004274 
3576625	013204 
3576629	004852 
3576631	007381 
3576753	002855 003500 004803 005722 
3576763	002367 002855 002992 004009 012353 
3576792	002562 002855 006024 
3576879	002160 002855 002992 006029 
3577022	001838 002855 002992 006029 
3577054	002855 007364 012771 014120 
3577109	002855 006024 006500 007364 
3577146	002855 007877 014204 
3577167	002855 004009 006500 007364 
3577187	002151 002151 002855 014101 
3577485	002855 002992 006023 
3577590	002562 002855 004009 
3577682	001562 002562 002855 005722 012352 
3577741	002367 002855 005722 013621 013621 
3577795	002855 006500 009262 
3577806	002855 014227 
3578036	002855 004803 007010 
3578075	001747 002855 004020 
3578177	002855 003447 005722 013203 
3578443	001747 002855 007364 
3578488	001764 002855 003500 
3578707	002855 
3578747	002855 
3578781	001836 001836 002855 005845 006500 
3578804	002855 006023 007364 008774 
3578811	002151 002151 002855 006029 
3578842	002855 002992 
3578861	001836 001836 002653 002855 005119 
3578910	002855 006023 007364 008769 
3578921	002855 002992 003407 004274 004274 006023 
3578963	001151 002855 004009 013203 
3579028	002855 004009 006023 014204 
3579099	002855 005119 014120 
3579116	002855 006540 007364 
3579143	001836 001836 002855 006024 008767 
3579181	001151 002855 006023 013621 013621 
3579291	002855 006024 008763 013621 013621 
3579414	002855 004274 004274 008769 012771 
3579579	002855 004011 004274 004274 014120 
3579592	002151 002151 002855 004009 006500 
3579687	001838 002855 004009 014119 
3579723	002151 002151 002855 004009 006023 
3579949	002855 002992 006023 006846 006846 
3580095	002367 002855 004014 
3580139	002855 004839 014227 
3580159	002855 005724 007008 007364 
3580217	001151 002855 004009 004274 004274 
3580248	002151 002151 002855 003500 008769 
3580251	002151 002151 002855 004009 006023 
3580256	002151 002151 002855 006023 
3580259	001151 002855 005845 
3580261	001836 001836 002855 003407 004009 
3580269	002151 002151 002855 006024 
3580326	002855 007364 
3580340	002855 004803 011986 013203 
3580341	001161 004013 004274 004274 006846 006846 
3580389	002367 002855 002992 006029 
3580397	002855 002992 003407 006029 008763 
3580407	002855 006500 007364 008763 
3580584	002855 007364 014120 
3580586	001838 002855 014113 
3580714	001836 001836 002855 004011 
3580796	002855 002992 003407 006023 
3580798	002855 002992 006024 
3580912	001836 001836 002855 002992 004011 
3580955	002855 006029 006854 
3580991	001151 002855 008763 013203 
3581031	002855 007008 007070 
3581038	001836 001836 002855 006023 008774 
3581077	002855 004011 006029 013621 013621 
3581080	002367 002855 005722 
3581081	001836 001836 002855 006023 007877 
3581085	002151 002151 002855 006026 
3581098	002562 002855 005239 005722 
3581127	002855 006029 012771 014120 
3581135	001836 001836 002855 006023 008763 
3581149	002855 004274 004274 004844 008769 
3581171	002562 002855 003447 008769 
3581192	002855 002992 006023 013621 013621 
3581201	002855 004666 006500 
3581207	002855 004274 004274 006024 
3581220	001836 001836 002562 002855 002992 
3581227	002562 002855 002992 004009 
3581228	001151 002562 002855 006500 
3581232	001836 001836 002855 003407 006023 014204 
3581247	002855 013203 014227 
3581249	002855 005239 007877 013170 
3581250	002367 007010 008773 012770 
3581300	002562 002855 002992 
3581375	001836 001836 002855 006024 012771 
3581455	002855 002992 007008 008767 
3581456	002855 011861 
3581469	002855 004011 006023 014120 
3581596	002855 004274 004274 004817 005722 
3581605	002367 002855 004009 006023 
3581609	002151 002151 002855 004011 
3581786	001547 002855 004009 007364 
3581827	002855 002992 004009 014120 
3581830	002855 006023 007364 
3581846	002855 006023 007008 008763 
3581851	001156 002855 008763 
3581870	002855 005722 007364 014120 
3581903	002855 006029 011986 013203 
3581907	002855 004359 004835 006500 
3581913	002562 002855 006500 007364 
3581918	002855 002992 003407 007008 008763 
3581920	002151 002151 002855 004011 007010 
3581952	002855 006024 007364 008769 
3581962	002855 004274 004274 006024 008769 
3581967	002151 002151 002855 003407 004009 
3581980	002855 002992 006029 008763 
3581981	001151 002855 004009 
3581995	002855 007008 011861 
3581996	002151 002151 002855 005722 006023 
3581999	001836 001836 002855 008763 
3582040	001836 001836 002160 004835 006029 
3650277	002855 002992 004011 007010 
3650578	002855 008769 012483 013211 013211 
3650596	001836 001836 002855 006023 008763 
3650956	002367 002413 
3651077	001161 004666 
3668752	007008 007877 
3668768	012483 
3668770	004844 006500 
3668773	009262 
3668780	002562 
3668783	013203 014112 
3668801	001767 
3668811	014112 
3668812	004274 013203 
3668825	006500 007008 
3668827	002367 
3668831	002381 
3668844	002562 
3668849	012353 012355 
3668851	001836 
3668858	004817 
3668867	006026 007008 
3668868	014103 
3668870	014118 
3668881	004274 006026 
3668887	004013 
3668894	014112 
3668917	007877 
3668919	013183 
3668920	004009 
3668921	012353 
3668924	002562 012770 
3668927	005724 
3668930	004274 
3668931	012354 
3668933	001836 
3668952	009262 
3668956	006026 
3668971	014112 
3668974	004274 
3668976	006500 
3668998	014113 
3669002	014112 
3669006	002151 
3669007	009262 
3669013	006026 
3669014	001151 
3669016	002151 014227 
3669027	014112 
3669030	001765 
3669036	006026 
3669038	002381 
3669050	006023 
3669051	001764 002367 004803 
