Students	1719
3227350	004356 010960 006502 003454 
3475959	006054 013190 010851 
3480592	007407 
3481664	005731 015862 011960 
3483977	008770 002364 002409 002465 
3489089	002161 002161 015860 
3491953	001460 001474 011865 004306 
3493764	005258 016610 001165 
3493931	006580 
3496439	002175 002178 
3544262	003525 015249 016623 001442 
3557742	002875 
3559903	007107 003465 
3560236	004010 014118 014569 014569 007032 
3572330	002562 015929 004885 
3574519	006060 016609 010851 
3575259	010851 015500 011063 
3576020	010842 002929 
3578240	003525 
3579592	007407 015113 015243 007374 
3579645	002161 002161 006026 011865 014569 014569 
3579867	004281 006851 006851 011865 008773 
3581265	001213 008764 011962 
3581389	001750 016625 
3581497	007375 016609 016739 
3582182	001460 001474 
3591436	002460 002470 004885 016608 
3597365	004889 015113 004865 
3600785	001770 011306 001845 
3601391	007904 013614 
3606148	007032 
3606293	002470 002465 
3606536	001843 002164 013193 002175 
3608097	001899 002161 002161 013193 
3609407	003454 007107 
3609553	005180 008764 016631 
3610120	006045 006862 006043 
3611048	015511 001213 015509 
3611135	001851 007111 001843 007039 
3615055	001774 003478 010960 014788 015852 
3616918	006045 010851 
3618222	005196 007031 
3619216	001152 001771 014569 011987 001843 014569 
3619255	002153 002153 004889 
3620520	003441 003478 016633 016634 001774 
3621523	016609 
3629467	013193 007378 013172 
3629518	006033 010851 
3629970	001771 014582 
3630526	001213 015511 004807 
3632881	006043 006060 006502 010851 
3638301	001851 002161 002161 011075 007378 
3639772	002998 015874 015875 010851 
3649568	001774 002952 015857 
3650225	001442 006026 007051 
3651243	010851 012734 006060 
3651293	001249 002562 
3651365	004306 011865 015852 
3651439	004306 002998 015874 015875 
3651465	001213 010851 001165 
3651573	001763 016609 015839 
3651750	007403 003465 004827 
3651816	001843 016609 
3652353	001851 006847 006847 011295 
3652396	014865 014866 015113 015513 016634 
3652473	010960 016501 
3656490	002875 002178 
3667273	006043 006060 010851 
3667381	005180 016631 
3667404	012730 015846 016623 016624 
3667453	007374 009342 016610 014866 
3667608	005247 004362 004393 
3667654	005247 005258 014209 003454 
3667676	007407 004016 009342 
3667749	004889 011962 013146 015929 
3668196	013193 
3668366	001757 014865 014866 015113 016634 
3668538	001550 005293 
3668623	006534 003017 014233 014865 004304 
3675467	004281 004289 011865 
3676165	010960 011317 015513 016501 
3678350	012107 013185 015858 015860 
3679221	004010 002386 002368 002397 
3689402	011306 003556 
3690020	003465 003556 013190 
3690346	004304 003017 006534 014233 
3690778	003031 010851 
3690789	005731 011960 015248 015509 001152 
3690799	005198 009304 010851 004827 005293 
3691748	002562 003031 006043 
3691925	015856 014865 
3691981	006060 011317 008811 010851 
3691983	007375 015500 
3692164	001771 010841 013172 016625 
3692285	006534 004304 
3692519	010960 015248 001770 
3692536	013656 004076 
3692628	015113 
3692761	016608 003478 
3692766	009270 013628 015006 
3692786	011317 015860 015006 
3692862	006045 010851 002562 002992 
3693219	007407 004827 001750 001550 
3693224	007407 015243 001750 
3693433	016608 015860 007407 
3693473	001249 015511 015245 
3693501	007040 013147 015856 
3693557	016610 004281 011865 
3693712	001851 002161 002161 011063 006026 
3693789	006043 006060 010851 
3693813	002175 010851 
3693891	003465 004010 001552 
3693902	006043 006864 012336 013915 
3694006	006060 010851 
3694236	006035 010851 
3694289	013615 006043 015113 
3694318	004362 004394 
3694432	001899 006043 010851 
3694712	001851 002161 002161 007403 015135 
3694741	004889 011306 005196 
3694754	002161 002161 006847 006847 
3694810	004306 001750 004304 006847 006847 
3694980	014865 015113 016634 
3695024	013915 012336 
3695027	003031 014865 015113 
3695145	011295 015135 001851 015863 
3695368	006060 007407 010851 
3695539	001249 009335 015839 016696 
3695543	010851 014865 014866 016634 
3695784	003270 007407 
3699561	001763 003489 003556 003444 
3699567	001213 015511 006847 006847 
3699613	007374 013713 016609 015249 
3704166	001213 001242 001460 001442 007378 
3705083	004076 007375 010851 
3709927	016608 
3710476	002564 006045 010851 015863 
3710991	002164 002163 011827 006847 006847 
3712286	009304 014209 016631 
3712905	014114 
3712913	004827 006555 014865 005196 
3715155	006054 003441 010851 
3715444	001845 006847 006847 011295 007378 
3716057	002397 002401 002409 
3716140	002161 002161 006035 010851 014569 014569 
3716357	015449 001165 014569 015839 014569 
3717137	004807 007374 007375 009270 
3717144	004865 005725 015679 015863 
3721962	002163 002164 004852 011827 
3721994	011865 
3722992	007374 007375 009342 007403 010851 
3724014	007378 007403 008764 
3728679	014788 009342 006500 014982 015513 015852 
3759024	004356 
3759127	007374 008770 006504 016609 
3759552	003270 006580 010960 015664 
3764157	011064 013147 013185 
3764207	008469 013185 008420 002386 
3764422	015511 002992 015839 
3764613	015449 015664 004360 012813 
3768034	004076 
3768197	002164 002163 011827 
3768588	001165 004377 015844 005180 
3769494	001765 004275 004020 
3771823	001843 007031 001562 
3774808	001185 001213 002161 002161 015844 
3775417	004738 005866 013190 013623 
3781152	001774 014788 015511 005196 015852 
3785953	001851 001843 007378 
3788743	007374 007403 003007 003014 
3788919	003454 001152 003500 003556 
3788983	003270 015449 006502 
3788990	006045 008811 014982 015449 010851 015861 
3789246	004362 005191 005271 
3789315	004738 014203 006026 013622 005866 
3789529	002161 002161 004362 007378 013193 
3790244	002161 002161 003465 006026 011295 
3790792	003444 007374 010960 007375 
3790825	011342 003478 015679 
3790928	001765 015449 
3793612	003270 008764 015500 003014 015113 
3796007	007375 015846 007378 
3796148	005180 007374 007375 
3796723	007374 008774 008773 
3796964	001765 007375 009342 
3797168	001550 002386 007375 009342 
3797324	003500 010960 015513 015449 
3797331	012336 002569 001550 
3797532	002875 005854 010841 015249 
3797605	006580 
3797679	001185 007040 
3797798	007378 016610 
3798513	005196 014118 014788 006031 
3799474	002161 002161 006847 006847 007374 001550 
3816108	001845 002153 002153 001843 
3816174	005247 004807 005196 
3816180	005247 015513 016614 004827 
3816336	006555 007378 011295 014865 015243 014866 
3816722	002409 004033 011075 
3816764	006026 
3816832	001442 001460 004356 
3816924	007107 009342 013713 
3816970	007374 016609 006500 
3816992	002875 007378 014865 014866 013210 
3816993	008764 011865 011865 
3816997	001550 015664 016625 
3817048	011960 015449 005731 
3817087	008420 008469 007368 
3817507	002929 004015 010851 006035 
3817962	002164 002163 011827 015846 
3817969	002161 002161 004356 007378 014569 014569 
3817981	007374 008774 013172 
3818024	001851 002161 002161 005271 011295 
3818122	002153 002153 008469 012107 015858 016736 
3818675	010960 015006 003441 
3818771	013185 015860 
3819177	004038 013614 013615 003007 
3819196	003454 
3819230	002875 013919 015664 013614 
3819353	015449 001757 005196 
3819380	002403 002464 
3819585	006026 015679 004827 
3819628	011962 012730 015500 006502 
3819645	002153 002153 012353 
3820405	013146 015855 015846 
3820479	002562 007378 015243 
3820587	006026 009304 011064 
3820588	006504 013615 
3820732	011075 015509 
3820885	011865 015500 006851 006851 
3820963	014114 010851 006034 015678 
3820974	007878 002929 
3820992	001770 006026 002386 016634 
3821006	002433 002464 
3821044	006043 003029 013615 010851 
3821069	002164 002163 011827 
3821231	004360 006847 006847 007403 007407 001843 
3821554	010842 012336 006500 007039 
3822201	001152 004356 006026 014569 014569 
3822218	003444 004012 004012 015511 016739 
3822778	002992 006026 014569 002929 014569 
3823262	015500 016738 008469 014140 
3823307	001152 001843 002153 002153 014114 
3823311	012730 002562 004015 011063 
3823338	004010 004852 015863 
3826470	008774 016501 
3827187	001550 004807 004827 009296 013622 
3829442	003454 004827 015449 
3830308	003270 011962 010841 015249 
3832060	002875 004010 009270 013623 
3833424	006034 008469 016739 006031 
3834985	001845 015509 007378 
3839352	001763 007375 008811 008778 
3843290	002161 002161 008420 001843 011064 
3846717	004360 006847 006847 001851 
3846920	006860 008769 006521 016610 016610 
3851827	015449 014788 015852 003441 
3851907	001752 012730 
3852207	002161 006847 006847 001550 002161 
3852217	001761 015248 001765 004852 
3852520	006521 002368 002397 002398 015861 
3852806	004012 004012 016633 
3854723	001845 002153 002153 011075 
3858042	002153 006024 007882 002153 006026 
3858715	001843 001845 002153 002153 
3861195	001152 001843 002161 002161 014569 014569 
3863747	005846 015135 016609 002153 002153 
3883991	003441 004012 004012 001845 015863 
3884178	007878 014788 005196 006024 
3893220	001152 004356 004377 007006 
3901004	003478 016625 003454 006500 
3901484	001761 003454 007368 016623 016624 
3901577	014114 006851 006031 006851 014569 014569 
3901669	007368 008469 015860 015500 
3901691	003270 007374 006555 011317 
3901722	008764 012729 015511 
3902439	008769 002153 002153 015135 011075 
3902905	007378 002153 002153 003406 007375 
3902911	001845 007368 002153 002153 003406 
3903092	003465 015500 005191 
3903833	008773 003007 003017 015891 
3903994	006034 014569 014569 006031 008770 
3904411	001763 003556 003444 006026 
3904715	006504 016625 
3904965	004807 007374 
3905189	005723 004810 
3905460	005162 013210 
3905822	014114 003017 006534 014233 
3905868	007375 008764 001165 016737 
3906818	001845 002153 006847 006847 002153 013190 
3910179	002992 003489 006502 007040 
3910185	002153 002153 015509 001165 003406 
3910343	007374 007375 008774 
3910422	001755 001757 001552 016623 016624 
3910636	002396 
3910870	002398 004281 005723 006851 006851 
3910937	004852 004827 015513 
3913210	004016 007040 015855 
3913396	001152 001770 004010 007374 
3913606	003007 007031 012355 015891 011063 
3913863	001843 001845 002153 002153 013190 
3914344	001185 002161 002161 004356 002992 
3914449	007007 015249 
3914515	014569 007374 007375 014569 008769 
3914696	002153 002153 008764 015135 014140 
3914724	008773 013614 013615 014982 006024 
3914745	003270 003454 015664 
3914813	002368 002397 
3914814	004356 007375 007374 
3914875	003270 003454 007375 
3914968	001152 002998 015513 015839 
3915054	002929 002164 
3915099	004356 014138 006024 015135 
3915267	006043 006035 013614 006500 
3915711	006024 014569 014569 003406 
3922150	006500 012494 015449 
3928826	001152 002992 007368 004356 
3928890	006043 015846 013614 
3928911	004015 004806 
3928949	004012 004012 004275 004827 014138 
3929165	001152 001213 003465 015839 015449 
3929237	001442 004275 004281 015682 
3929241	002397 015891 004360 
3929289	008769 008420 007032 015448 015448 007904 
3929575	003500 015248 004393 004827 
3929586	002161 002161 006847 006847 011075 016737 
3929635	003454 003525 004010 002562 
3929739	006502 007006 007007 008764 
3929800	002396 002397 002409 006851 006851 
3929849	002161 006847 006847 011295 002161 
3929864	002153 002153 004288 004852 004281 
3929894	007374 006035 
3930025	008764 002992 002153 002153 005271 006847 006847 
3930054	004012 004012 013614 015856 003014 
3930118	002368 003017 006534 014233 
3930162	003454 007039 013919 015511 
3930296	006034 003014 004275 010851 
3930302	002161 002161 007378 014569 014569 013190 
3930303	002929 003454 010851 
3930674	001152 007368 006555 014582 
3930676	009296 
3930678	002161 006035 006847 006847 016633 002161 
3930683	002397 008764 010851 
3930721	008469 008764 012107 016634 
3931453	005180 005196 007006 003270 
3931474	002433 002409 002465 015861 016738 
3931666	002153 004360 006031 002153 016739 
3931688	007374 
3931929	004012 004012 
3931946	004810 005723 006024 002992 
3931962	007403 
3931971	001152 015449 016739 015513 
3953805	001152 001213 001843 014865 014866 
3953819	001152 006026 014866 
3953825	001152 007374 008770 014138 
3959570	001424 005120 012494 014865 
3960504	008769 016625 007368 016738 
3965315	007368 008420 016739 004012 004012 
3968696	003500 007368 006024 014569 014569 
3969108	006502 011342 013190 
3973168	004275 005846 002875 005293 
3987067	001550 005723 007368 012352 012353 006024 
3991180	006024 009225 010841 002992 
3992528	004012 004012 005180 008420 
3994652	001152 006026 003441 
3995730	002161 011295 011342 002161 001851 
4000195	006504 007006 008769 016625 
4000418	008774 014865 014866 
4000420	007006 007032 004012 004012 005196 
4000812	011342 016634 005196 
4001999	005846 014569 003406 014569 
4002075	004016 014569 014569 001843 
4002166	006026 007006 008420 005196 
4002914	002153 002153 004275 006504 
4003131	007368 003014 008770 015863 
4003188	002153 002153 003478 004275 008770 
4003199	006502 007006 007368 011342 
4003415	006026 014569 016625 014569 
4003434	007878 012494 006500 007051 
4003485	015449 003500 002562 015003 
4003839	004360 006504 009270 013172 
4011555	008420 008764 015891 003406 006851 006851 
4023438	004275 008770 015891 006502 
4031284	006502 007006 008769 014138 
4037411	001152 001770 006026 008778 
4041708	002153 002153 014114 007368 016615 
4043543	006026 003406 015678 002992 
4043840	008769 007032 015135 
4062047	004356 002992 005196 014788 
4070957	007039 007368 013184 006523 
4076454	004807 008769 016623 015449 
4086221	006035 006502 
4086458	002562 
4086511	014138 016623 
4088956	007006 007882 015002 
4090806	015013 007006 007039 
4090975	008769 006523 001763 
4091039	001550 007374 007407 009342 016610 
4091439	005723 002998 015874 015875 
4091443	001157 009270 007007 
4091767	016625 003406 006500 
4091784	002669 011065 007368 002992 015113 
4091805	008420 015678 003406 
4091895	006502 007368 008764 015249 
4091899	007368 
4091996	002153 002153 006031 002929 002569 014569 014569 
4092004	008420 006504 
4092675	007368 002368 011342 
4092823	004806 006523 006534 
4092928	001152 007378 008420 008764 
4093015	002562 002992 006024 016634 
4093026	011342 014569 003406 013190 014569 
4093136	006024 006500 014569 014569 001845 
4093161	002562 002992 005723 006502 016736 
4093186	003270 005723 006026 004807 
4093282	016625 006024 013190 
4093315	006847 006847 008770 002153 002153 013190 
4093416	006502 008420 008764 002929 
4093611	002564 002929 006031 008764 
4093959	005723 001752 
4094613	008764 002992 002929 007368 003270 
4094796	004012 004012 013190 014569 014569 003406 
4094813	002153 007368 002153 003406 
4094815	002368 002992 013190 008764 
4094832	006502 004275 
4095001	001152 006024 006851 006851 008769 005162 
4095047	006031 
4095053	014569 001562 006523 014569 008770 012352 
4095083	008764 002153 002153 006031 002929 015449 
4095133	005723 006024 002992 006031 003270 
4095224	004275 005723 007375 005196 
4095243	014138 011342 016623 007368 
4095309	006521 003441 005196 
4095472	002153 002153 007368 011342 015678 
4095807	011342 003500 006851 006851 016624 
4095897	011342 014569 014569 
4095930	002153 014569 002153 008774 014569 
4095965	007368 009225 013184 
4096769	001152 008764 001242 
4096913	001550 002153 002153 003406 
4097018	011342 002153 002153 002161 002161 004807 
4170471	006035 006043 013614 006031 003017 
4175310	002368 
4175335	004016 
4175375	002368 
4175454	005725 
4175528	015013 
4180309	003478 
3417643	004356 005196 009304 
3464954	006521 013146 013210 003014 
3483042	001750 015651 015863 001559 
3483059	007374 001442 007375 006504 
3558796	001249 001550 012353 012354 016737 001562 
3559319	007378 015113 016609 
3559464	001899 007403 007407 
3560256	001249 001899 006847 006847 
3584557	004051 006864 016633 
3613455	013146 003029 
3634695	005731 010960 
3645471	006060 012336 013915 006033 
3645720	014865 015243 004889 014866 
3649880	006033 006043 013615 
3650256	001474 005731 
3655393	011063 
3668365	015511 015839 001213 
3691575	002569 006060 010851 
3692849	007111 
3693253	003444 015860 
3694433	007407 003007 
3694434	015113 
3699593	001750 013919 015664 
3725997	006847 008764 006847 
3764208	002161 002161 006847 006847 015135 007403 
3768458	001774 003478 015664 002409 
3789493	002153 002153 006035 006862 010851 
3796926	003017 006534 014233 
3797664	014865 014866 
3797672	001550 016608 005293 
3797862	007407 014865 015243 015679 
3808480	002161 002161 008770 014569 014569 007904 
3814776	015509 015513 005191 007007 016739 
3818773	006045 006864 006862 014138 
3819332	001851 003525 005247 003465 
3820030	006035 003406 006502 
3820774	002564 016623 004806 
3820958	016614 004806 007904 004827 
3821097	006847 006847 015002 001851 011295 
3821643	006043 015891 010851 015449 006035 
3823151	003454 002409 010960 
3824188	006864 006043 003406 
3833378	001843 002161 002161 007378 006521 
3834370	016633 001182 003014 002562 
3847728	012336 010842 001550 
3848415	002569 012107 013614 
3852791	014569 007368 014569 015863 
3861339	002163 002164 006851 006851 006035 
3880322	010841 011987 015449 005198 
3887957	002564 008769 006034 
3900952	001552 008773 
3904324	001152 006024 014569 014569 003406 
3910513	015511 
3910529	002386 002469 015449 
3910618	002875 005854 
3910651	004827 007374 
3913159	001152 001765 001757 013172 
3913786	006026 007888 015002 
3914371	002992 006502 008773 
3914676	005725 007032 011063 011960 
3914739	006031 006034 007006 
3929572	015513 006026 
3929644	003007 008469 015245 016634 
3930608	001843 002161 002161 005247 006847 006847 
3930767	004806 004852 006534 
3930890	006026 011063 
3930891	007378 011962 008770 006523 
3931388	005846 015249 006504 
3931836	004806 008420 013190 002992 
3931881	003017 006851 006851 006024 
3931959	007374 007375 
3957394	009270 010841 011342 014569 014569 
3964186	002992 003500 002153 002153 
3970633	006502 007368 014569 014569 003406 
3994843	002564 003444 006031 013172 
4000336	001152 001165 015449 
4000763	001550 015014 002929 015540 003406 
4001588	008764 014569 014569 001843 005196 015113 
4001662	001442 011342 015863 
4001958	001152 006502 006504 
4003163	001152 007368 011342 015682 
4005905	007368 008770 003406 001757 
4010147	002562 006031 006851 006851 
4026411	006026 007006 
4035604	006523 008764 005196 015249 
4037708	007378 006504 003270 
4086244	015682 
4090814	004738 001845 001763 016625 
4090844	008420 008469 016625 016739 
4090845	004015 001152 007006 005196 
4091163	008773 015249 007007 
4091510	002153 002153 006024 006851 006851 
4092290	011962 007031 
4092670	002929 002992 004010 004807 
4093446	003029 006500 006034 
4093973	002153 002153 006024 015449 006500 
4094175	002368 002992 011306 
4094965	002386 006026 005723 007007 
4095424	001152 006026 007006 014569 014569 
4095445	001771 008770 015449 
4096251	004356 011063 
4175509	015006 006024 
4175516	007378 
3226303	002465 016739 
3496673	002175 002178 004289 
3580671	004738 005846 010841 
3596492	007407 015682 
3610287	002163 002178 
3612623	016623 016624 009342 
3638956	004393 004889 015929 
3639603	001424 001460 001474 001165 
3666801	006847 006847 004076 014865 
3692915	015113 007407 
3695643	004012 004012 004889 004852 006026 
3797606	005271 011962 
3797732	015679 
3797768	014865 
3817668	001899 013193 
3820729	002569 010842 
3820961	011317 006502 007031 016501 007032 
3822886	002397 002403 016610 016610 
3823228	001152 005247 006026 
3839910	002368 002397 005725 001750 
3845742	001843 006847 006847 002153 002153 003406 
3904038	014865 014866 
3904389	007368 013210 003014 
3904645	002564 005120 016623 
3909951	002562 013614 004015 015891 
3910321	004015 006026 
3910532	003029 015449 014865 014866 
3913164	001845 002153 002153 002368 007368 
3914683	001152 004012 006026 001165 004012 
3914820	004807 006502 006035 
3921659	002992 004012 004012 014569 014569 005196 
3929651	002368 002403 016739 
3930137	002396 004852 006851 006851 
4000366	002153 002153 006031 006851 006851 008769 
4000483	004807 008420 008774 007378 
4043790	007878 
4074784	001152 007006 008764 
4079295	007378 008769 015002 
4086513	001755 008770 015682 015449 
4096175	007374 
4175307	005725 006024 
4175374	002368 
3521001	001843 002161 002161 006847 006847 
3580211	001845 007904 
3602435	001755 015682 
3642204	014865 015113 016609 
3648220	011306 
3652273	015249 007031 
3690516	005258 016610 
3692796	002569 006060 
3693185	007374 015500 007375 
3693565	004865 004889 011962 
3693921	005725 006864 006880 
3695292	001765 016623 016624 
3695554	002952 010851 016614 
3758075	001460 002875 013622 013210 011987 
3768088	016609 013919 004806 
3768515	001843 002153 002153 
3768555	015839 006502 
3788897	002153 002153 011075 001152 
3789507	003525 015664 013919 
3789573	007374 007403 009270 009342 
3797717	014866 
3797718	006847 006847 014569 014569 007403 
3816960	004051 003406 
3817682	003270 005180 013713 
3818025	002161 002161 015002 004852 001861 
3818805	002469 002470 002562 
3820212	007882 
3823192	006521 015248 
3823278	002564 003017 006024 013614 
3823391	002153 002153 004281 005723 015650 
3823438	003270 006026 008774 
3848104	002569 010842 006555 010851 
3850568	002562 006034 002992 006035 
3890005	002153 002153 001843 003014 014569 014569 
3902759	007040 012562 016633 
3904102	010841 
3904334	003270 006026 007007 011063 
3905715	002562 002992 013213 
3905871	002153 002153 006860 001152 006864 
3910347	002153 001152 002153 016736 007378 
3910609	004827 004882 004885 
3910622	001559 012354 015650 
3929472	008420 
3929954	002161 002161 006031 
3930047	005846 010842 012336 
3969012	001152 002153 006024 002153 008773 
3984532	007007 007368 008770 009270 
4003642	004275 004288 005723 010841 016623 
4024121	007006 016739 014569 014569 
4092144	007368 008764 014138 
4092833	003007 006500 
4095046	002368 006031 006502 007368 014866 
4095088	006024 006500 015015 003406 006031 
4095985	006504 011342 013172 014569 014569 
4096914	001152 001770 
3610671	015500 015860 005180 001442 
3610681	007378 006521 
3650874	005731 013172 
3666161	003017 004304 013146 
3693230	005731 011960 
3716638	002163 002164 011827 
3759337	003270 008770 015855 003406 
3768625	011295 015839 002562 
3774943	007374 016609 
3789288	008420 009270 
3792350	004020 004038 002569 
3797564	003454 016608 010960 
3797739	007403 
3797740	006054 006060 010851 
3797833	012734 015002 
3797845	014865 
3805981	003441 003454 007032 001763 
3818480	006045 006500 006035 010851 015449 
3821166	002163 002164 006847 006847 011827 
3823402	003017 013614 014569 014569 006024 
3879197	001763 004033 006024 
3885128	002368 009225 002364 
3902667	004281 008764 
3904254	003465 004015 006504 007006 
3910478	012833 
3910487	003029 006034 006035 
3910492	007374 
3910589	011306 014865 014866 
3910594	007374 007403 
3910741	002469 012355 
3915038	015664 003454 
3915044	008469 016634 008420 015862 
3923376	001152 006026 011064 014569 014569 
3929167	012107 013185 016739 
3973360	004015 005854 013628 006031 
3994876	002161 002161 007878 013172 006031 011063 
3995227	007368 008769 003406 009225 
4000249	004010 004806 011306 013919 
4012510	001152 015449 
4023381	004807 009296 015449 014788 015852 
4086262	004810 
4086310	004393 013172 016610 016610 
4089004	006024 006851 006851 014865 014866 007006 
4090730	001152 012107 013210 016625 
4091785	007006 014569 014569 
4091806	006500 003007 
4092767	001157 002992 004806 016615 
4092771	001152 005846 
4095128	013190 
3599090	001249 015511 015682 
3612427	005866 
3690043	002175 002178 014866 
3691140	001757 015860 016738 
3692514	012107 003465 014582 
3790863	001763 011962 
3797164	001851 006534 008764 015844 
3797710	007904 012734 
3816486	006034 010851 016739 
3816549	011317 007040 
3821269	008420 004281 004852 008774 
3823094	002153 004012 004012 002153 004281 011865 
3901413	002153 002153 001845 014569 014569 
3903896	006045 006033 015249 
3910464	003454 004827 007375 
3910497	002368 014118 
3910615	014581 
3910632	002929 015857 
3910647	006500 006847 006847 
3910686	013183 015679 
3918056	001442 005723 004275 014569 014569 
3929812	002161 015014 001550 002161 015653 
3930083	004015 012562 015856 016696 
3930301	006024 006031 003007 006034 
3930763	002562 005120 007378 016610 016610 
3994726	007032 007368 016615 006504 
4002204	002153 002153 005846 001442 
4086237	015245 
4086283	007374 
4094012	007368 006031 003014 002929 
4175455	015013 
4175491	005731 
4176079	002368 
3502364	008469 
3519726	004889 014866 
3631215	006054 006060 012107 010851 
3650239	002164 002175 009270 
3667503	002178 006534 
3689328	014569 014569 
3689375	001899 002992 006502 
3693084	002161 002161 015113 016609 
3693092	001774 005196 013172 
3762625	003454 004076 010960 013628 
3789283	014569 001442 006043 014569 002161 002161 
3797667	002952 016610 
3797849	002465 
3816860	004827 012729 015679 001562 012354 003454 
3818746	015243 007403 006504 
3818762	001851 005120 007374 007403 
3819309	001763 010960 013919 
3820756	002465 002562 006045 002397 
3821008	003500 016609 004033 015891 003029 
3821571	013146 015856 
3851846	007374 009270 014865 014866 
3860357	002153 002153 006555 001845 007378 
3904620	006033 006031 006035 
3910555	007378 
3910680	007378 
3911054	001845 002153 002153 008764 007378 
3920306	005180 008769 013920 016634 
3930197	008770 015245 005196 003441 
3931064	001213 016738 016739 011962 
3931202	001152 007375 003441 
3995576	001152 008420 006026 
4086230	014114 016610 016610 
4086431	006033 013614 
4094960	015002 
4175285	014865 
4175330	013190 
4175371	002368 
4175385	014114 
4175394	006502 009225 
4176086	014865 014866 016610 
3492361	004275 002569 010842 016610 
3497993	001899 015135 001845 
3559872	002875 010841 013210 015448 015448 
3560234	016609 015245 
3574349	006043 010851 
3592208	003441 012562 015513 
3606418	005866 
3635008	008770 
3648550	002175 002178 
3650228	007407 016609 
3652373	004076 013628 016608 
3655428	015500 002992 016738 
3663306	001750 016633 
3668386	001460 001474 014203 
3668420	001843 001851 015113 
3691416	006060 010851 
3694415	005731 015445 006031 
3694417	010842 015113 
3694428	001899 002161 002161 006035 
3694481	015855 016739 
3715174	006026 008420 011317 015855 
3758045	001845 006851 006851 006031 015449 
3789055	015852 006500 
3789136	003465 008469 005191 015243 
3789175	003441 002998 015874 015875 
3797192	003454 007378 015243 016625 
3797594	006555 
3797659	009335 
3797731	005725 
3797737	014865 014866 
3797786	001871 006847 006847 
3797817	016632 
3799529	006031 006851 006851 006860 006500 
3801768	006851 006851 001152 002161 002161 
3820010	002469 001442 007374 
3820965	006045 010851 006043 
3821197	002163 002164 011827 005271 
3822122	013190 
3851913	004360 004377 007368 013614 
3878563	004015 004016 007006 001845 
3905830	007878 013172 014788 015448 015448 015852 
3910427	002569 002929 006024 006031 
3910474	007375 
3910510	002562 016609 006502 
3910559	005293 015449 002368 
3910666	006847 006847 
3910688	006033 006035 
3913185	004016 007878 014209 
3914251	006851 006851 002161 002161 015500 004281 
3920668	001424 004012 004012 004806 012494 
3929222	007368 014569 013172 014569 006026 
3931449	005120 011063 013190 006504 
3931451	002669 004852 013210 015449 
3969305	004807 011342 014569 014569 
3988502	004807 006024 008770 014569 014569 
4000998	004012 004012 015891 007007 015852 003444 
4002094	002153 002153 004012 004012 006024 
4037591	013210 007368 003489 001770 
4044003	002386 003270 008774 
4086239	011962 
4086281	002368 013614 
4086300	002875 015891 002161 002161 
4086303	014114 014865 014866 
4086337	014114 015500 
4086403	008778 
4086484	015013 
4086506	002929 002952 015857 
4095876	008420 008770 014569 014569 
4096358	003454 013919 015664 006502 
4175291	013919 
4175489	015013 
3561026	004394 004377 004393 
3578392	003017 006035 006043 012734 
3579094	006880 003478 
3591211	001899 006847 015135 006847 
3608602	001460 001474 015929 
3652276	001851 001899 011295 
3667674	002952 004288 
3668130	011063 013185 016634 012107 
3669069	006026 009304 014138 015839 005196 
3674492	013185 015858 016633 
3683644	001550 004051 007923 
3689991	002952 003017 006534 014233 
3691228	003465 003556 012730 
3691962	008811 015006 
3692852	004889 015448 015448 006026 
3694903	006862 006864 006880 002178 
3759872	001550 
3773692	002161 002161 003556 013919 006500 
3774021	006043 006033 002386 010851 
3789070	002992 009304 016631 003500 
3797206	007403 009342 012107 
3797587	014865 014866 
3797680	015113 016609 014865 
3797779	015891 
3797814	015500 
3818274	010960 015664 001165 001213 
3820037	004827 015857 
3821393	012336 010842 
3851345	007374 015509 006555 007375 
3883637	011342 006502 015249 014866 
3888468	004015 006502 013190 
3898245	015891 002562 015013 005196 006024 
3905861	004010 007007 007368 
3910482	006033 006035 
3910508	001562 012354 
3910561	003029 007032 013919 
3910633	002562 
3913138	007368 011342 016501 006521 
3913671	001152 002153 002153 006847 006847 015135 
3913674	001152 003270 011962 015509 
3922542	006031 011342 001442 010851 
3930547	007403 011295 001851 003478 
3931398	011317 
3964183	001763 003014 002368 
3994733	006031 010841 015891 
3995802	003489 008770 014569 014569 010851 
4000367	004010 008420 007368 
4003130	014569 014569 001442 002562 
4086229	011962 
4086233	015449 
4086284	006033 006035 
4086291	015891 
4086301	002368 002397 002433 
4086362	005198 013624 
4086365	004394 
4086386	013190 
4086450	003444 
4086461	012503 016633 
4086464	015449 
4086473	007375 015500 008778 
4086476	007374 
4087228	006024 003406 001152 006502 002368 
4175280	013190 
4175360	014865 014866 
4175388	006024 
4175466	014114 
4175543	013210 
4175549	014118 
3493748	002175 004827 
3575071	002386 004304 
3576990	014114 015511 012813 
3595641	006045 015846 016623 010851 
3609410	004807 002562 
3629951	003017 006534 014233 
3631042	002998 015874 015875 002153 002153 004306 
3631101	003270 012562 
3651499	006060 010842 013915 010851 
3667606	014865 
3668845	012107 015860 
3689329	002998 015874 015875 
3692098	006033 006060 
3692187	007407 015500 015243 
3694039	004281 011865 004289 004306 
3694431	006880 
3694738	006880 004865 
3694780	015113 
3694798	012354 
3694813	003465 013190 003556 
3695542	003017 006534 014233 
3700270	003454 008778 015664 
3788616	007374 011295 007375 015243 
3797084	007031 005196 
3797631	007904 
3797653	005731 
3797692	002464 
3797708	004010 006847 006847 
3797716	001851 
3797782	002398 
3797826	006035 
3797830	010851 
3799593	001845 002153 002153 002562 008774 
3816708	002992 007107 011063 
3816756	013614 003014 015513 001182 
3816963	009270 011065 015005 016633 
3817261	004275 013183 001770 
3818064	001851 015509 011865 015650 
3819367	014203 004738 
3819372	001552 001755 001761 010960 
3820038	010842 002569 015678 
3821180	004038 007040 011064 
3821439	006043 015891 013190 010851 
3821958	006034 006035 
3822148	005723 007368 003406 006504 
3823271	003017 013614 003029 
3823387	002998 015874 015875 014310 
3823473	001757 007368 009225 014865 016624 
3856450	015664 
3860451	013183 015855 001152 016696 
3871577	003454 004015 013628 
3910499	002163 011317 
3910523	015449 015891 
3910533	016609 
3910610	003029 013615 
3910635	016632 016633 
3910640	006847 006847 
3910642	007378 
3910670	003029 009296 013615 
3910678	004275 
3910695	003017 006534 014233 010851 
3914525	009225 
3914552	014569 002153 002153 001442 014569 008773 
3914928	014569 014569 001843 011075 
3915028	006555 014582 015449 
3915029	002161 006847 015678 005191 002161 006847 
3929679	002161 002161 010851 006851 006851 016615 
3929815	002161 014569 002161 004356 014569 001845 
3931158	003454 004015 
3971828	001752 
3974846	001424 002562 013213 
3976786	005180 005846 006502 
3988063	007368 008770 007007 015249 015861 
3989696	008769 014569 014569 002153 002153 013190 
3995827	003478 006031 006851 006851 015862 
4000862	007007 007032 015448 015448 013210 
4001431	002368 009270 008770 
4002113	002564 006031 008770 015449 
4007305	005723 014569 006500 014569 
4043326	004012 004012 007368 003406 002153 002153 
4086302	002368 
4086309	004275 004281 006031 
4086323	002401 013614 003014 
4086333	002397 002464 
4086336	001152 014114 
4086355	010966 
4086369	003007 003017 
4086410	001765 
4086419	016610 016610 
4091877	015678 016608 
4093324	002998 015874 015875 
4093612	006026 007368 003406 
4093815	006502 
4094953	012336 
4095190	002562 002929 
4175393	006024 
4175405	002992 015006 
4175542	015014 007378 014138 
3454433	007031 012494 
3460343	002175 002178 014569 014569 
3559172	007374 016609 
3575266	001771 009304 011064 
3583596	011865 
3595163	005258 007407 016609 
3597302	002992 004889 001750 
3633806	004306 011865 
3648970	001763 006521 
3650736	001460 001474 014203 
3651348	005293 015449 016610 
3651487	001845 007378 011295 
3652177	003270 014118 016632 
3666175	001460 001474 
3667677	003525 005196 005258 
3668378	006045 010851 014138 
3678357	001765 002569 010842 015449 
3690652	014865 015113 016609 
3690845	001213 015839 007368 
3691834	007374 015015 
3692294	011962 015500 015513 
3692380	002465 003441 015245 015929 
3693612	011306 016634 
3693856	016501 
3711406	007374 007403 016609 010841 
3720506	002368 002397 002465 
3759092	004281 002153 002153 003478 004275 
3792406	002397 002460 016615 002386 
3796247	001845 002161 005723 011075 002161 
3797592	007378 
3797614	002569 012336 013915 
3797634	003017 014865 014866 
3797644	004889 
3797656	002386 002409 003007 
3797657	013614 
3797681	013146 014865 014866 
3797683	013614 016634 
3797694	003500 013919 
3797696	001774 
3797697	014865 014866 
3797719	015006 
3797724	007403 
3797745	002409 
3797754	014865 014866 
3797767	003270 
3797781	005854 
3797787	016609 
3797795	001774 
3797829	001845 
3797834	015929 
3797856	002396 
3797870	014865 
3814107	005162 005854 011987 
3814296	008420 008469 014138 007368 
3818807	001851 006026 016634 015509 
3819143	004810 010842 012336 015003 
3819269	006031 006860 015886 004827 
3820768	007904 007923 015449 002562 
3820900	004852 006026 015513 
3821440	002163 002164 011827 
3822731	001770 006500 007368 013172 
3822995	004806 007375 015002 008769 
3823755	004807 008469 012107 
3824908	002875 006521 010841 013210 
3844962	003454 004275 013920 016610 001757 
3847931	001152 014569 014569 005196 
3857764	001752 001761 007878 
3879518	001152 005196 015855 
3881597	002564 016625 005180 
3886275	016610 013628 
3891249	014569 014569 016634 003478 
3901254	006031 006034 006502 011962 
3901481	002368 003454 015449 
3902196	002153 002153 005723 002992 006024 
3902404	003454 003525 005247 011306 
3902440	001550 002161 002161 006847 006847 
3903520	002564 004738 005854 015249 
3905885	006026 007039 011063 
3908117	015855 002992 016634 
3910462	008469 013185 015860 
3910496	013656 015249 016625 
3910516	003029 015891 013614 
3910535	001550 006033 
3910538	014865 014866 
3910563	002397 003029 002409 002465 
3910578	008420 
3910617	005731 011960 014569 014569 
3910637	014865 014866 
3910644	015003 
3910646	005731 015248 015449 016695 
3910668	007031 013146 002469 
3910683	006035 006502 010851 002368 
3910691	002396 002397 002433 
3910718	003500 015449 014865 014866 
3910724	010966 
3910737	012336 
3910746	006035 006502 002368 010851 
3910762	002998 015449 015855 
3911048	007374 016625 
3913862	007006 007039 014982 015861 014310 
3914166	004038 005725 004394 
3914502	001550 001845 011075 001843 
3915155	002562 004015 007375 013190 
3917445	002562 006034 
3928589	001152 006024 014569 014569 016501 016736 
3928966	006500 007374 007375 008774 
3929419	014114 016623 016624 013190 006502 
3929704	001845 006024 007378 014865 014866 002161 002161 
3929776	007368 013614 001442 013622 003014 
3930034	003017 013614 006031 007368 
3930168	007368 013614 006031 006035 
3930190	001774 003441 016625 
3930237	003454 001442 003478 
3930485	015856 003014 002465 015113 
3930544	002161 002161 006847 006847 002992 003478 
3930705	013713 007403 003406 015914 
3930841	001845 002153 003454 002153 
3930967	003270 005180 007040 005196 
3931466	006031 014114 001843 002562 
3956133	006043 010851 015861 014982 
3961853	003007 008764 010851 
3989657	016610 016610 
4000502	002564 015013 003406 
4000980	010841 
4003045	001152 003444 008764 011962 
4014851	002153 002153 008774 014569 014569 007378 
4045331	007006 007378 015449 008773 
4059195	001152 004016 009225 
4073784	007368 008773 013172 009270 
4075429	007368 014569 014569 006026 004015 
4078277	006502 007007 008420 007375 
4086216	004281 006024 
4086225	002368 003007 013614 
4086238	006035 
4086243	003029 
4086274	015509 
4086277	002368 
4086279	014865 014866 
4086289	004360 
4086296	015248 
4086317	004033 016632 
4086331	011306 
4086338	003029 
4086373	003478 
4086385	014114 
4086393	004033 
4086398	007378 014865 014866 015449 
4086400	002569 012336 
4086413	007882 015002 
4086436	007031 011317 
4086443	005725 
4086449	015891 
4086471	008764 011295 
4086477	001845 011075 007378 
4086497	015891 006502 
4086503	001757 014865 014866 
4091672	003017 006024 008764 003406 
4091936	004010 006031 007368 015678 
4092159	002368 006026 014569 014569 008774 
4092633	006024 006851 006851 003406 
4092769	002562 
4093066	014569 002562 014569 
4093126	015448 015448 002562 
4093370	006024 013183 
4093423	006031 007368 003014 008769 
4093748	002998 015874 015875 008773 
4093989	002562 015003 014569 014569 
4094640	006024 006500 002153 002153 
4095079	004010 007007 007368 006500 
4095206	001157 002929 007375 008769 
4096174	001843 011075 
4170472	010841 004012 
4175283	009225 
4175313	001152 
4175395	001442 
4175400	014865 014866 
4175444	006024 006502 
4175465	014865 014866 
4175482	001845 
4175502	002368 
4175517	011962 
4176082	009225 
3397771	004889 012107 015015 
3455037	001771 007904 
3467384	003454 007375 015243 
3498772	015445 009335 015245 013183 
3578191	015113 016609 
3579092	002386 011962 013185 
3579864	010851 
3579975	015248 
3580346	015245 013614 
3580586	001249 012730 014114 
3581274	004010 
3585962	002564 004076 007111 
3589576	001750 007107 
3596193	016609 
3596713	002460 001845 012503 
3606290	006555 013213 014581 
3616872	012730 004360 
3619323	003500 008420 014865 014866 
3627845	004289 004306 
3632720	002164 004281 004306 
3635012	013210 016696 
3642332	004865 004889 015248 
3651605	009270 010851 
3651606	014865 014866 015449 
3652339	008469 013185 014140 016739 
3662232	001550 006033 
3665045	001771 005247 
3666995	001152 007378 003454 006026 
3668763	001843 
3668831	014865 014866 
3669016	005731 
3669280	014118 014209 
3684090	004281 011865 
3689500	002175 002178 006035 
3689920	007407 009342 
3690719	006880 010842 
3691616	015243 015500 
3692440	001899 006847 004038 006847 
3692756	015511 015839 001249 002992 
3693276	003017 006534 
3694012	015856 015448 015448 016610 016610 
3695271	013146 
3695282	004051 004356 015002 
3695434	007040 015113 015445 005191 
3695510	003031 004827 007040 015891 
3708638	010842 012336 
3708949	001851 005247 015135 007368 
3711764	001157 001165 
3714653	001213 005247 011317 015509 
3722764	002161 002161 006847 007374 006847 
3722926	001845 006847 006847 011962 003406 
3768303	003454 006035 006043 
3789464	013713 
3790857	001442 002992 006851 006851 002564 
3793534	006521 007878 003014 
3797576	015511 002386 012107 007040 
3797613	016609 
3797615	007378 
3797621	014865 014866 
3797628	006033 006060 006502 
3797636	013146 
3797643	001755 
3797645	002465 002469 
3797649	014865 014866 
3797650	007407 
3797666	007107 015445 004288 
3797669	013614 015891 
3797671	011295 011075 
3797685	004852 005258 
3797709	015891 
3797711	011075 
3797725	014865 014866 
3797733	005258 
3797735	006862 
3797744	002368 004012 004012 
3797751	015500 011064 
3797752	004885 004889 
3797761	011075 
3797772	015856 
3797777	001761 003489 
3797780	001774 003556 
3797794	002875 004738 
3797825	011295 
3797831	001774 011865 
3797850	001845 
3797858	007878 
3797867	011962 015509 
3813457	006024 015511 001182 
3815902	005247 015449 003465 
3816203	002397 004010 004275 002386 
3816483	006033 006043 006847 001871 006847 010851 
3817487	008769 013185 002161 002161 001845 
3818782	015846 015852 
3819304	001845 003441 003525 003465 
3819546	007374 
3819613	011306 015243 
3820970	001765 015682 001761 004038 
3821004	002397 002409 016610 016610 002469 
3821016	012494 014865 014866 004377 
3821195	011962 015500 
3821273	002368 
3821729	002562 
3821886	004827 016614 002992 015839 
3843810	001752 009270 013172 003454 
3846234	016609 007374 016501 016610 
3851735	008469 008764 012107 
3851838	011962 
3882118	008778 014865 014866 
3888348	007006 007368 014118 003406 
3889653	001442 012562 016632 
3901936	016634 005196 004275 005723 
3902614	002368 008420 008770 009270 
3903138	003500 006031 001442 001761 
3903861	004356 001750 001752 009270 
3904320	007374 007403 008764 016609 
3907037	001843 002153 007368 001845 002153 
3910463	014114 015857 
3910472	004362 004377 004393 004394 
3910480	003478 
3910503	002397 002470 013614 
3910515	007374 015500 016625 
3910527	006031 008769 010842 012336 
3910541	001774 003500 015449 
3910551	004051 
3910579	015839 
3910582	002161 002161 001152 
3910588	003029 013614 006847 015449 006847 
3910599	016610 016610 
3910620	004738 005162 005854 
3910634	015005 008773 
3910641	006033 006035 005196 
3910674	007374 
3910690	002469 002396 002470 
3910693	015511 001213 
3910725	005293 
3910732	015886 
3910734	006031 
3910735	003029 006035 
3910742	006847 006847 
3910745	005854 013622 
3910763	014569 014569 001213 
3910848	002153 002153 007374 006555 007375 
3913437	001771 004275 015013 005196 
3913768	002153 002153 006502 003406 
3914354	004016 006521 007040 
3914750	002364 002368 002397 
3914754	006031 003406 006035 006034 
3915026	006523 013615 
3915040	001845 007378 002153 002153 003406 
3915043	001442 002153 002153 005271 006847 006847 016736 
3915088	001845 002153 015135 006847 002153 016736 006847 
3915243	001752 008420 012107 008469 
3927400	002368 004275 003406 
3929102	006502 006523 015509 002929 
3929235	004806 011075 002153 002153 008764 
3929578	016625 
3930026	004015 006024 003014 003007 005191 
3930042	004015 006024 013614 001152 
3930135	004016 004275 
3930216	007031 002992 
3930260	006024 006031 006034 
3930731	005293 013184 
3930817	002153 014569 001845 002153 014569 007378 
3930864	004012 004012 006847 006847 006026 
3931001	001152 006521 011064 
3931889	007374 008420 011306 
3931910	006502 007006 011342 
3975519	004020 006502 006523 014569 014569 
3999899	003500 005723 001771 016737 
4001654	009296 013656 002929 
4001881	007368 007007 
4002806	005196 016623 
4002909	001845 012494 013210 014569 014569 
4023528	004012 015448 004012 015448 014788 015852 
4040430	014569 014569 002153 002153 008778 001763 
4043549	013172 014118 
4044087	002153 002153 002562 004016 004806 
4077315	014569 014569 012352 008770 003406 
4086214	004827 
4086215	002562 002368 
4086236	012734 
4086240	013614 007007 
4086245	003465 008469 008420 016501 
4086246	001763 015449 
4086249	004281 
4086253	004852 014865 014866 
4086255	010966 
4086267	014866 014865 013614 006024 
4086269	015449 
4086270	003500 
4086280	002364 
4086306	015006 
4086308	006534 
4086332	013213 
4086335	002368 
4086339	006521 
4086340	010966 
4086342	014865 014866 013614 
4086348	005854 001424 
4086349	006033 006034 002368 
4086357	014582 
4086358	006031 
4086370	004807 
4086374	002368 002397 008770 
4086375	001152 
4086382	015891 
4086396	007374 
4086399	007904 016633 
4086411	013614 003014 
4086425	013614 014865 014866 
4086427	004806 
4086433	003007 013614 015449 
4086444	008770 
4086446	006534 015891 
4086448	006031 
4086457	006024 013614 
4086474	002398 002403 
4086480	006521 007374 
4086495	002403 003017 003014 013614 008770 
4086499	004377 004394 007374 
4086502	001424 001460 005162 
4092819	002562 
4093159	006024 006851 006851 007039 016623 
4093255	004010 006026 007368 014866 016623 
4093607	004010 016615 003014 006031 
4093778	007878 006031 006851 006851 
4093853	004275 005723 003406 014569 014569 
4095301	002153 002153 005846 007378 014569 014569 
4095302	001152 005723 006026 011063 
4096266	007107 016608 016696 006502 
4096631	004810 013190 007040 
4174206	001845 002153 002153 007368 001861 
4175288	014865 
4175294	001152 
4175322	006024 
4175344	006024 014865 014866 
4175362	009270 
4175383	007882 
4175386	002386 
4175389	006024 014865 014866 
4175475	007878 
4175520	008770 
4175523	001152 
4175548	015013 
3520989	002464 
3797848	002368 002875 
3910544	011306 
3910702	002368 002433 002397 
3577703	013146 002383 006034 
3619718	004889 005201 004393 015679 
3665300	004852 013147 016634 
3690445	003270 006026 
3690806	002175 002178 014865 014866 016610 
3691694	004889 015679 001562 015650 
3693286	007407 005731 011317 
3693581	015651 
3771747	006026 015513 
3789439	004281 006502 011865 006024 
3807883	015006 007375 007378 006024 
3811886	007888 011342 016610 016610 
3814239	004806 004827 014982 015861 
3819393	001845 002161 001843 002161 002368 
3820971	006034 006031 006035 003029 010851 
3821589	004852 012729 016625 015449 
3894530	001152 004015 003406 016610 
3913807	007403 013184 001843 009342 
3930052	016634 
3930253	002562 002992 007374 014569 014569 
3930831	001562 007374 012354 007375 015862 
3975962	001152 006851 007368 006851 
3995568	011342 014569 014569 
4093293	011342 006031 006034 
4093806	004010 006024 003406 006847 006847 
4095425	006024 006851 006851 003406 
3405604	013193 015135 
4086322	002569 
4175541	002153 002153 
3797728	004304 004306 005191 
3790492	003014 016696 009342 013185 016610 016610 
3821687	003014 013614 015678 006521 
4086462	003014 010851 
3797630	010851 
3789806	013614 006847 006847 002161 002161 006500 
3910507	013614 
4086252	005120 
3973885	002564 004362 006031 
3818227	002401 006534 014233 
3914498	002368 004827 006024 015886 004852 
3581315	002998 015874 015875 
3910543	004275 
4086223	006031 006035 
4175384	015006 
4175402	004827 
3910502	006035 
3910580	009335 
4086504	013190 
4175300	014865 014866 
4175431	008778 013190 
4175521	002992 
1084187	014865 014866 
3457459	007374 
3458065	006502 006555 004275 006851 006851 
3458988	015679 
3488858	016738 
3592325	016696 014581 
3602816	006043 015860 
3630474	007374 016615 011962 
3651412	015860 
3653119	002409 002465 015886 
3668195	006534 007904 
3672031	002562 001442 
3690733	003525 005293 015679 
3691794	005191 001845 002161 002161 008770 
3692316	001845 007378 007375 007039 
3693280	001550 004827 001750 
3694668	015844 001845 001213 005271 
3767997	007378 
3795919	007374 007403 004038 
3797600	007006 
3797823	007403 014865 
3797836	005247 011295 
3797861	002952 
3816466	007031 011063 013190 003014 006026 
3817177	001165 007923 015844 015002 
3820380	016614 004885 011987 015249 005846 
3820395	003489 006502 014581 015855 
3820858	016738 016739 003406 012107 
3821766	005180 007007 007375 016634 
3823092	007368 008764 
3823405	007374 002368 008774 015113 
3854016	006847 006847 007375 007378 014569 014569 
3869959	006024 006847 006847 014569 014569 
3903909	013919 015500 015511 
3903986	007374 001165 003406 015852 
3910489	007904 007923 
3910519	014865 014866 
3910575	006031 
3910586	013614 
3910704	001843 007378 
3911124	016623 016624 002397 002469 001765 
3912597	007031 007040 
3913781	012107 014865 014866 013190 
3914822	005196 
3921208	007374 003406 004010 014569 014569 
3929468	001152 013614 
3929979	006043 013614 001550 
3930070	011342 
3931970	015245 015513 003406 
4003534	005162 013210 016625 
4017901	006031 015249 
4050929	005196 002153 002153 016625 
4062513	004275 011063 015651 015449 
4086282	006035 
4086313	015679 
4086347	007374 014865 014866 
4086351	013614 006024 
4086356	013614 015449 
4086418	007368 
4086472	013190 
4092795	001550 006035 006031 
4093119	004852 005723 
4095004	004010 006523 011063 003441 
4095071	001152 002153 014569 014569 002153 
4095080	002992 006031 002368 
4095086	002929 
4095234	002564 
4096261	015448 015448 007378 003406 
4170477	005723 006502 013920 015664 
4175324	007368 
4175535	014865 014866 
4176084	002992 
4277251	011063 007032 003406 
3579361	004852 004885 006031 
3591774	001843 006026 
3591844	001843 002178 007378 
3661465	007374 007407 015449 
3667311	001424 016625 006500 
3667464	003444 006043 006862 006054 
3690204	013184 
3797598	015513 
3797700	016610 015248 016610 
3816554	002163 002164 011827 
3821034	013183 015855 007040 004076 
3821179	006035 006043 016614 
3901790	015846 011962 
3908314	014582 
3915203	006024 006031 006034 012107 
3928941	014138 
3929883	006500 013614 
3930614	012107 015245 016634 
3931323	013172 015249 004852 
4000229	016736 004281 011865 
4086295	010966 
4086498	013614 
4175309	014865 014866 
4175315	014865 014866 
3411886	004889 
3430527	016631 
3581981	013190 015449 015678 016739 
3662757	006847 006847 
3666520	016696 
3689931	011295 
3695201	004827 004889 003465 
3797607	001213 
3797632	013172 
3820378	015846 002569 
3820745	001851 015846 
3881015	001771 
3901731	013190 014569 014569 003406 006024 
3910536	006035 
4074463	016501 
4086268	013614 
4086276	007007 
4175472	006504 
3074936	005725 
3651017	004806 
3691514	004852 015678 002470 016623 
3694101	003444 
3797799	004806 
3822912	014118 
3908300	002368 015886 
3910466	013614 
3930220	003465 003489 008769 014866 
4086470	014865 014866 
4091072	003406 005723 006026 014569 014569 
4091718	008420 015006 
4093165	016738 
4096177	015513 
4175290	016610 016610 
4175493	004015 
3666570	011295 001851 
3797266	008769 007368 001165 
3797611	015449 
3797619	016737 
3797633	016633 
3797641	015449 
3797702	014865 
3797864	014865 
3910752	003406 
3930865	002153 002153 002992 004010 006847 006847 008469 
4086213	015855 
4086315	006500 
4086391	012352 015650 
4086482	015509 
4175286	006024 
4175304	006031 
3464396	005247 
3578252	003465 006864 016738 010851 
3595071	001750 
3599536	007032 004394 
3630915	011962 003465 
3689944	005271 
3695022	007031 007111 015839 
3768686	015855 007040 
3797590	015449 
3797704	015248 
3797805	016610 016610 
3797835	006026 
3819542	011960 003014 011063 
3820491	003500 016624 
3887326	006504 
3910761	001562 015513 
3913815	002562 015006 006024 008773 
4086328	006502 
4086483	004020 
4087169	016609 
3462565	015500 010851 
3797642	011317 015245 016609 
3797773	006035 
3797852	001845 
3821588	016696 
3910479	002465 005191 
3910720	001213 
3914906	015006 016738 
4086368	001442 
4090714	006502 
4092894	009225 009270 
4175341	002562 
3419024	007403 
3581967	001861 010966 
3768339	003525 
3795999	004051 
3797597	015449 
3895612	009270 
3910470	008469 013614 
3910526	005191 
3910628	006502 015891 
3910700	013615 015846 
3910754	013615 
3915036	002409 003444 004012 007374 004012 
4086260	008773 
4086341	003007 
4086359	016610 016610 
4091773	016739 
3493704	010851 006043 
3576002	005725 006060 010851 
3651033	005731 007407 016609 
3655749	003465 004885 004889 015449 
3692018	015014 
3695281	006043 
3695529	016632 
3763675	013614 016738 
3792443	006502 006521 015449 
3797699	006851 006851 010851 
3797713	004304 
3797762	013146 
3797797	014865 014866 
3797812	016609 
3797868	015857 
3815920	007403 
3910468	015245 003029 010851 
3910613	005247 
3910654	002564 
3915042	004275 014140 016738 016739 
3797734	015929 
4086321	001757 
3797855	001562 015651 
4086379	007007 
3581851	007040 015445 016696 007032 
3797806	005725 
3910509	002465 
3577984	002952 
3666207	002562 
3668849	001550 001562 012354 012355 015653 
3691361	015113 
3774116	015113 
3797771	014866 
3478964	015113 
3821047	006035 006043 015500 
3910730	008770 
