Students	1046
0138353	005725 
0362014	011306 
0385511	001837 002161 006847 
0472799	003034 006031 
0493741	011224 011536 
0661374	003278 
0663344	001849 
0692830	010842 
0746108	001837 002153 
0794549	001837 002161 006847 
0820385	008439 008469 008501 011322 
0825075	011198 
0858172	001837 002153 006847 
0890353	002456 002877 
0892947	008469 
0893684	005157 005293 005310 
0897102	001842 004297 
0898104	006539 
0898869	003482 010965 
0899040	001182 008439 008501 011313 
0899385	001890 003017 
0900586	001164 
0902364	008501 
0904197	003482 007106 
0908849	008812 011317 
0909462	004356 005738 005742 
0910971	001839 001840 006509 
0912194	004083 004709 010965 
0912822	004709 006539 011321 
0940517	006043 006045 006060 
0940990	008764 010965 
0950914	006031 006033 006043 
0979769	007381 
0980022	003029 006033 010948 
0980359	001193 008501 011204 011322 
0980685	001152 001249 004012 
0981025	006862 010844 
0981042	011530 
0981248	003512 003548 004830 011313 
0981412	003478 006564 006588 011629 
0983542	008501 
0983635	001152 003548 
0984608	005293 005310 007017 007040 
0985218	001891 010948 
0985223	004012 006504 006564 006588 
0986212	011311 
0990773	001433 002464 002864 
0992777	003029 003034 006033 
0993172	002456 005263 008501 010948 
0993773	004889 
0993816	004830 007043 
0994035	001844 001893 010948 
0994228	001840 002414 003437 
0994316	003034 011321 
0994327	007910 007923 007926 
0994458	007374 007380 011299 
0994663	002456 003034 008439 
0995811	005310 010965 
0996066	001849 005742 006026 
0996647	001896 003437 
0997481	003008 003033 006862 
0997504	006033 011310 
0997621	011224 
0997737	003548 
0997834	005310 
0997849	009335 011317 011536 
0997873	003512 006564 
0998527	006564 
0998860	002153 006033 007378 010948 
0998866	006035 006043 006060 
0999166	001890 003017 011190 
1000374	004869 006564 011309 011629 
1001389	003008 003033 006031 006034 
1001526	008501 
1001981	001842 001890 007017 
1002151	011310 
1002597	010959 
1003065	001839 011190 
1003163	001180 010934 011539 
1003172	005310 005850 
1003526	001161 001249 005290 
1005493	011190 011321 
1005619	006060 006862 
1009761	006026 010842 
1009834	001547 002864 
1009866	006033 
1009914	001152 001164 001839 011204 
1010254	001891 006849 009299 
1010262	001467 
1010596	001763 003437 
1010605	003454 007381 010965 011529 
1010674	002399 
1010693	004889 006523 011397 
1010723	002397 004869 011333 
1011239	001249 004809 005293 011329 
1011279	004830 004869 007040 
1011428	004066 004083 
1011634	009259 011204 
1012096	002464 011533 
1012249	002414 002456 002464 
1012362	003008 003275 008784 011311 
1012505	001842 011224 
1012572	001896 
1012792	003482 010965 011329 
1012900	001842 003437 011533 
1012942	001840 003008 006060 
1013117	007040 010965 
1013149	004356 004889 
1013439	001840 006564 006588 
1014173	003029 003034 011629 011660 
1014289	001839 001896 007396 
1015916	002456 002992 
1016345	004066 004083 007032 
1016705	006045 006060 006862 
1016737	011391 
1017457	002856 011329 
1017801	006539 009259 
1017882	002163 002166 011219 
1017930	001249 010948 
1017955	001547 001839 007380 
1017991	001249 005738 
1018045	008780 
1018051	002174 
1018066	006043 006060 008812 
1018267	004360 
1019072	007040 011311 011391 
1020019	007043 008421 011311 
1020671	004734 005293 005870 
1021632	004889 005263 
1021988	001839 001891 003512 011313 
1022159	001839 006847 
1022209	001847 001893 
1022791	005263 
1023105	006588 011629 
1023115	001842 003548 011396 
1025191	007377 007378 
1025351	008501 011311 
1026827	001840 003008 003034 
1027000	002667 011529 
1027570	001842 002562 
1028449	006043 011310 
1028647	006033 006035 006043 
1028864	001844 001891 
1029713	003512 008421 008766 
1029760	001425 
1029963	006034 010965 011310 
1030725	003482 011529 
1030842	001839 001847 010948 
1031093	001161 
1032101	005195 005293 005310 
1032253	004083 005870 
1032365	002456 
1032467	001840 002161 007904 007926 
1033040	005263 007923 007926 009358 
1033296	002166 002174 007923 
1033562	002992 004275 005141 007391 
1033981	001164 001849 001890 
1034403	004066 004830 004889 008764 
1034757	003278 
1036579	002877 009259 
1036983	001763 003482 011321 
1037801	001890 011190 
1038861	007923 007926 009358 
1039740	004010 007926 009358 011317 
1039761	004010 004830 
1041472	005290 005850 
1041721	001847 001896 007380 
1042351	006060 011310 
1043203	008501 011312 
1045527	007378 008439 008501 
1045792	011306 
1046598	005263 005310 
1047500	001193 001232 001249 011629 
1047712	001839 001896 007403 
1047770	006033 006043 011310 
1047863	008421 008439 
1048062	002456 007377 009342 
1048434	011313 
1048446	006509 006523 007007 008780 
1048518	004297 011224 
1048625	005742 011321 
1048639	003437 004874 004889 011313 
1048692	004830 004889 011397 
1048703	005293 011204 011329 
1048742	003482 
1049022	007391 
1049110	001842 001890 
1049160	006539 007043 
1049237	008764 011321 
1049279	003454 007381 010965 011529 
1049385	011204 011321 
1049392	003275 011206 011311 011333 
1049426	005263 
1049683	001164 001249 010948 011630 
1049942	002667 
1049957	010844 011308 
1050014	005290 005293 005310 009259 
1050032	003008 004709 
1050201	004356 
1050480	005141 005263 011313 
1050602	003482 010948 011298 
1050645	005723 006033 006043 006060 
1050664	002397 
1050843	001547 008439 011313 
1051315	011319 
1051994	001425 002163 002166 006035 
1052076	010949 011306 
1052099	002667 006509 007017 009335 
1056297	004360 011313 
1056457	004285 008764 
1056467	004709 
1056570	001842 007043 
1056692	006539 008501 009299 
1056807	001840 004889 005742 
1057027	001844 001893 005742 
1057174	001839 001840 001842 002161 
1057202	003034 006035 006060 
1057212	007380 
1057564	001839 007403 010948 
1057605	004020 004083 006043 006060 
1057618	001763 011298 
1057660	003278 005742 
1057693	004083 007377 008774 
1058076	001547 002399 002456 003034 
1058154	007381 007391 
1058203	001193 003003 003017 010948 011204 
1058218	002992 006043 
1058367	002464 007043 011313 
1058429	001840 002464 002659 002667 
1058730	005157 005310 
1058731	001161 001839 001890 006847 
1058757	009342 
1059101	001842 002638 011224 
1059105	003437 011318 011397 011530 
1059200	001749 001771 
1059337	006031 
1059404	010845 011533 
1059604	004389 009286 011629 
1059663	001152 003437 003512 010845 
1059673	006033 006564 006588 
1059719	006564 006588 011629 
1059756	006033 006060 011310 
1059799	001840 007404 009342 
1059804	003008 003027 006024 
1059882	001840 001893 002992 
1060146	003027 003034 
1060148	004083 008764 
1060170	009335 011391 
1060284	004012 006026 007106 
1060531	008437 
1060793	002174 007377 
1060805	003008 003034 004830 007043 
1060948	006043 011310 011536 
1060971	001839 002161 003017 
1065966	001840 005263 008501 010948 
1068431	001840 006033 
1068656	010965 011306 011396 011529 
1068660	002992 007040 
1068696	005293 005310 008792 011317 
1068721	006564 006588 
1068859	010959 
1068953	002856 007364 011530 
1069205	003275 004040 005263 005310 
1069276	004010 005742 008812 
1069299	002872 005853 006849 
1069345	004083 008764 011204 
1069411	006060 
1069425	008496 008501 010966 
1069583	006033 006060 011310 
1069679	007043 011311 
1069716	003033 
1069835	001842 007391 007404 
1069838	007043 011311 011533 
1069839	001164 001249 004066 
1069904	006043 011310 
1070105	005850 007007 007378 011329 
1070296	001157 001161 001180 001842 
1070385	006026 
1070835	011306 
1070930	009240 011317 
1071068	004020 004036 007381 
1071070	002562 007106 011204 
1071077	006874 
1071102	010948 
1071241	003008 006031 011204 011321 
1071258	001842 010844 
1071343	001164 004709 007377 011190 
1071507	007380 007381 009335 011630 
1071690	007391 010948 
1071785	007380 007381 007403 
1071788	001749 
1071806	005263 005293 
1071866	004709 006539 
1072036	008439 008501 
1072178	010965 011529 
1072193	006035 
1072415	001161 001249 002667 010948 
1072571	005293 011321 
1072725	001193 007032 008496 
1072820	004869 009240 
1073075	002992 006043 
1073076	001152 003454 003512 005850 
1073211	002153 002368 002856 004276 
1073214	001842 007378 010948 
1073230	001837 002161 009286 
1073316	002667 004830 005195 005293 
1073428	006539 007106 
1073523	001161 002464 008766 
1074339	003029 003034 006033 011310 
1074361	004083 008764 
1074374	004066 004083 008437 008764 
1074572	001890 
1074737	009335 
1075221	003482 006539 008501 011529 
1075264	001844 002153 006033 011310 
1075327	002464 
1075329	001896 003482 006847 007381 
1075852	002414 005725 011318 
1076016	001839 001896 007403 008766 
1076049	007043 
1076439	004889 008501 008766 
1076479	001839 001840 004665 011190 
1076743	004040 008437 
1076785	007396 010965 011306 011529 
1076884	011397 
1078911	008469 
1079132	002414 002464 008766 
1079289	001842 004281 004297 006024 
1079349	001424 001467 009232 011311 
1079538	007040 011204 011299 
1079912	008792 009240 010949 010959 
1080204	011313 011660 
1080542	004275 004281 004285 011204 
1080595	001547 004709 
1080636	002856 004275 006034 006509 
1081058	001844 004276 005723 007007 
1081207	001840 002161 008766 010948 
1081394	007378 007381 011529 
1082986	007364 007374 007381 007396 
1083355	010845 010948 011329 
1084609	002562 002992 010949 
1085421	001193 001840 002456 006509 
1085466	003482 003548 010949 
1085971	010948 
1086556	006031 006033 006034 
1086904	001433 011313 011329 
1087351	003027 
1087771	003548 005725 
1088018	006564 
1088535	003454 005738 005742 010845 
1088892	006033 006043 010844 
1090070	002397 002456 
1090521	003008 008421 011312 
1090632	002397 002456 010934 011539 
1091481	001839 004066 007380 011190 
1091600	001840 001847 002153 011660 
1092084	002872 005870 011308 
1092551	006862 006874 
1092760	003454 004285 007040 011329 
1092805	001840 007904 009358 
1092958	001164 006033 006035 011204 
1092959	003275 007374 007377 007381 
1093453	007040 011396 011529 
1093758	002362 002399 007040 009232 
1093772	001161 003454 003548 007381 008764 
1093828	001842 002163 002166 007904 
1094452	006504 007007 007377 007396 
1094776	005290 007396 
1095145	006539 008764 009259 010959 
1095813	001180 007017 011306 
1096573	001547 004830 009299 011313 
1096638	001837 006033 006035 006043 
1096920	006033 007377 007381 007403 
1097091	004040 
1097508	006504 011321 
1098264	001164 003482 008764 011204 
1103971	003275 009259 010966 
1104323	005870 011334 
1104799	002856 004010 007040 008784 
1109276	001152 001842 002163 002166 
1109686	001842 004281 004297 
1109742	004297 006035 
1112411	002163 002166 005195 010948 
1114293	003017 
1115206	003275 007377 007391 
1115327	003478 003512 010845 011313 
1119061	001840 003478 003512 005290 
1120982	002856 
1122236	001161 001163 010948 
1125596	001837 006504 006847 
1126780	002163 002166 
1129252	001840 006504 006539 
1130377	004665 005272 011204 
1133031	001180 001193 004285 010934 
1133589	002362 002368 002397 008784 
1133642	004665 005272 005293 010966 
1134634	006026 007040 007106 010845 011298 
1134649	010842 011219 011319 
1134731	003275 004665 
1135712	001842 006043 011204 
1136061	004083 006847 010948 
1136139	007106 009335 011311 
1136656	008421 008434 008437 008469 
1138000	008421 011206 
1138792	006043 007910 007923 
1139204	007374 007380 
1141766	007040 007380 009335 011311 
1141987	007040 011391 
1143121	001839 001840 006026 
1143142	007381 007391 
1143180	004665 008421 008469 011660 
1143387	001842 006043 006847 011190 
1150110	001763 004012 011198 011299 011396 
1150429	001839 007377 011310 
1150448	001842 003482 005218 011329 
1150630	001152 
1151485	001842 002161 006043 011299 
1153036	001161 001164 001193 011204 
1153307	006862 006874 
1153554	006033 006034 011317 
1153904	001161 
1154382	010845 011329 
1154430	001839 002161 002856 008766 
1154715	002856 010845 
1155110	001837 004734 005853 
1155700	001837 005725 007381 007396 
1155748	001839 001840 002161 
1155813	005157 006031 006034 010844 
1155839	006024 
1156086	004016 006850 008784 
1156277	004275 011536 
1156282	001152 001164 002161 006847 
1156319	002856 002992 004012 007380 
1156612	005725 011299 
1156628	001467 002856 005738 005870 
1157995	001763 003454 005157 011329 
1158383	002856 010845 
1158585	001180 001467 004010 
1159860	002562 
1160136	002856 006034 008766 
1160418	001164 001837 002161 006031 
1161531	006509 
1161679	001839 002161 007007 007040 
1161753	003478 003512 008766 
1161763	011317 
1161782	003275 003548 010949 
1161791	002877 006026 
1161804	007374 007381 007391 007403 
1161808	007882 007899 007904 011630 
1161824	007380 
1162390	001180 010934 011539 
1162423	002153 004012 006024 007364 
1162443	002153 004016 006024 
1162493	001193 001842 010948 
1162725	001839 006034 010948 
1162792	001840 004665 005263 005272 005293 
1162901	001249 
1163125	001842 002864 003027 
1163131	007017 007040 
1163179	001164 011204 011298 
1163245	001547 001839 002161 004709 
1163270	001840 005272 008496 
1163282	001771 011329 
1163424	004360 004830 011309 011313 
1163719	002992 010842 011219 
1164327	001840 002153 006033 007364 
1164777	002872 004275 
3057362	001164 002163 002166 
3057399	007374 007391 010948 
3059978	004066 
3061134	001164 002163 002166 008764 
3061194	002456 006026 008812 009232 
3061460	001840 003454 004665 010965 
3061759	003454 004015 011308 011397 
3062413	003454 004809 010948 011529 
3062439	001763 005126 008421 008434 
3062766	001842 002163 002166 006847 
3062828	006033 006043 011204 
3062862	008421 008437 009335 
3062898	002856 011536 
3062958	004040 006850 009225 
3063070	001842 011396 
3063119	002153 002856 006024 007904 
3063437	004869 006564 011629 
3063558	001152 002397 002399 003008 008766 
3063573	004036 006862 006874 010959 
3064630	006033 007043 010948 011310 
3064715	002864 
3064819	003454 004360 006539 010845 
3064869	001771 001842 011396 011529 
3064906	001847 010959 011299 
3065016	003003 006033 006043 007043 
3065312	007043 008434 008792 
3065332	006024 010948 
3065488	003017 007377 007381 
3065560	007374 007391 010948 
3065565	003548 011224 
3065568	001182 003008 008439 
3065722	002399 002456 004809 010845 
3065779	001839 001842 002161 008434 
3065806	003017 003482 007106 
3065929	001842 001849 002153 010959 
3065947	003482 008439 011313 
3065990	007040 007106 
3066088	003029 003478 006043 011310 
3066445	005850 006862 
3066711	001152 003482 005725 
3066736	002368 002414 
3066973	001433 006026 
3066992	003027 011396 011529 
3067056	004830 007017 011313 
3067133	002856 003275 008766 
3067156	003548 007381 
3067214	001164 001837 002856 
3067313	002562 003003 007040 
3067352	001164 003027 007381 
3067387	005738 007017 007106 
3067585	001771 003482 011204 
3067793	004275 005195 005218 007040 
3068167	008784 008792 008812 011317 
3068181	002153 002856 006024 008764 
3068251	002856 003406 008421 008469 
3068444	004665 005846 006024 
3068612	007007 007043 
3068633	003275 004012 010842 010844 011219 
3068878	002161 002856 
3068911	004809 007043 011313 
3068998	001749 003270 008421 011533 
3069040	005263 005293 
3069318	002397 002456 
3069352	007374 007380 007403 
3069455	003478 003482 010949 
3069486	001547 003033 004709 
3069585	005272 
3069758	001164 003027 011204 
3069893	004012 
3070045	007377 007381 007396 
3070184	010948 
3070495	002163 002166 006031 010844 
3070830	004066 005742 008792 008812 011317 
3070922	002992 005290 
3071694	006504 007106 011311 011629 
3071791	002856 004012 011308 
3071792	001547 002856 003478 004015 
3071798	003017 003027 
3072097	002992 004020 004040 008764 
3072284	002856 008766 010859 
3072895	006031 006034 
3073017	001840 001847 007364 007381 
3073034	003027 007017 
3073216	004809 006504 007882 011313 
3073359	003548 007374 
3073483	001840 010948 011321 
3073790	002562 004016 007017 007040 
3074091	005218 006031 006034 010859 
3074820	001249 010948 
3075104	001152 001164 002161 006847 
3075252	001161 001180 001193 002368 
3076209	002161 002856 006847 
3076521	005138 
3077505	001837 002153 005141 005290 
3077926	007017 007040 007106 008812 
3077931	003008 003027 011321 
3077943	001193 008812 011317 
3078066	007043 
3078071	001164 001837 006035 
3078150	007374 007378 008766 
3078232	004665 007043 008421 
3078258	005725 006504 
3078331	001749 007888 007923 011198 
3078408	007043 009232 
3078437	001433 007374 007380 009299 
3078602	007377 007396 
3078822	002161 006035 006043 006847 
3078934	005738 011313 
3078958	004809 005850 011224 
3078987	002856 002992 004015 
3079005	005157 005159 
3079120	001152 003270 007378 
3079169	001161 004362 011204 
3079769	004016 008764 
3079774	006031 006034 006035 011311 
3079816	007374 007391 007396 010948 
3079829	002992 005850 006539 
3079855	004665 
3079866	002856 003008 006031 008774 
3079871	006031 006034 
3079872	008764 011660 
3079887	001840 002856 007364 008421 
3079915	001164 002856 006504 
3080118	001152 004015 011309 
3080142	003275 
3080405	001433 004040 006026 009225 
3080512	001749 004360 007364 007374 
3080539	001842 002153 003482 006847 
3080546	001837 002856 006024 008766 
3080774	002678 002856 004356 
3080843	003482 
3080943	007364 007377 007381 
3081073	005122 005126 008421 
3081074	007017 
3081179	001152 001424 004830 011529 
3081234	007374 007381 008434 
3081400	001839 002153 002856 005742 
3081410	003478 010845 010965 
3081431	002856 005290 
3081503	004360 006031 010949 
3081698	004036 007377 007381 009342 
3081720	001763 003454 008764 
3081763	001433 004362 011539 
3081951	003406 006031 006034 006504 
3081988	002397 003275 004665 008434 
3082033	001152 001164 002856 
3082246	005141 011329 011536 
3082314	002368 004012 005157 005290 
3082370	001424 004010 006024 009259 
3082488	002856 005141 007007 
3082688	003482 008439 008764 009225 
3082784	004015 004803 011396 
3082852	001837 001840 009286 
3082941	001433 005850 009259 
3082959	002368 007364 009213 011396 
3083207	001163 006504 006509 007364 
3083717	001193 007007 008439 
3083995	006024 006509 
3084075	003454 004010 005195 007007 
3084117	001842 001844 002153 003017 
3084353	001152 008421 
3084494	001837 002161 004010 004709 
3084658	003482 004015 011529 
3084716	005141 005293 005738 007380 
3084782	003275 
3084853	002163 007007 007043 
3085002	001152 001433 004012 011539 
3085021	001152 001180 001837 002856 
3085126	004803 
3085302	002992 004040 007364 
3085391	002856 008421 011396 
3085394	003008 003017 007007 008421 
3085407	002856 007364 010959 
3085421	004360 006031 006034 006847 
3085596	004040 006045 
3085612	001163 
3085643	001840 002161 006031 006504 006847 
3086119	004285 
3086192	002163 002166 006847 010966 
3086240	001840 002872 004012 007364 
3086455	006024 011329 
3086709	004362 010842 011219 
3087117	002856 007364 007374 
3087144	001842 007040 007878 
3087231	001837 001840 002161 007378 
3087328	007040 009342 011536 
3087330	001837 002161 002856 
3087414	002856 010859 
3087431	005157 007040 
3087472	001180 002856 004016 011204 
3087527	002161 002856 006031 006034 
3087533	001837 002161 002992 
3087757	003270 005725 007378 011206 
3087809	005725 008434 010845 011298 
3087948	002153 002368 002856 006031 
3088010	001163 002856 008439 009213 
3088047	001837 001840 002856 011530 
3088052	007378 008792 011329 
3088071	003008 003437 
3088141	001837 002163 004016 006035 
3088147	001749 002368 002856 008764 
3088264	006031 006034 
3088346	001763 
3088350	008780 011311 
3088390	001164 
3088433	002368 004809 006034 011313 
3088571	003406 004275 004281 
3088969	001840 002163 004809 006847 
3089115	001164 007007 007043 011312 
3089384	003027 006033 006034 
3089542	001152 002368 002856 011308 
3089555	001837 006031 006034 008764 010965 
3089580	001164 002161 005850 009259 
3089763	001180 004020 006043 011539 
3089769	002396 002397 004709 007378 
3089884	001763 005157 011329 
3090029	007882 010859 
3090058	002368 006031 009232 010859 
3090312	003008 004010 004803 006019 
3090316	003454 007043 011396 
3090325	001164 007364 007381 
3090375	002368 003270 003482 008780 
3090714	008784 009213 011629 
3090752	001837 006031 006034 008764 
3090776	001837 002153 007043 
3091169	002856 004020 005723 007017 
3091176	001842 
3091218	001837 002856 004276 004360 
3091221	002161 006034 006849 011313 
3091305	006031 010948 
3091340	001771 003548 005290 
3091587	002163 002166 002856 008766 
3091781	003454 009342 010965 
3091842	002856 004016 008784 
3091870	002161 002856 007374 007378 
3091889	002659 002992 
3091890	004285 005725 007017 007043 
3091892	007378 
3092012	002856 
3092091	001837 002856 004276 008764 
3092126	003406 008421 008469 008766 
3092151	002856 006509 006539 
3092179	003008 004010 006033 009225 
3092196	003027 
3092244	006847 007017 
3092333	001837 002161 003017 006034 
3092408	002161 005122 006031 006034 
3092411	002153 002856 008764 
3092532	006031 006034 006847 008439 
3092577	002856 003478 006026 008766 
3092604	005122 006026 007378 
3092781	002153 005850 006024 009259 
3092830	002856 004276 006031 006034 
3093050	002362 005122 008437 009335 
3093100	002700 008766 011318 
3093184	004010 004830 007017 011309 
3093208	001837 003017 004275 008764 
3093246	006024 006504 
3093257	001837 002153 002856 008766 
3093298	001433 001842 011539 
3093319	002856 006504 006509 008774 
3093349	002856 004360 008421 008469 
3093411	007043 007374 007378 
3094263	001749 002856 006024 006849 
3094422	002856 008764 
3094479	003406 007040 
3094527	001152 002856 007364 008764 
3094575	007032 007040 008774 
3094700	001424 002368 005846 006504 
3094738	001152 001180 001842 011630 
3094744	002399 002992 006034 008766 
3094802	001837 002161 006031 006034 
3095021	002161 006031 006035 006849 
3095254	003275 005126 011533 
3095290	007032 
3095306	004285 005141 007043 
3095337	001837 001842 002992 008766 
3095391	002856 004010 005195 007364 
3095417	002856 004010 004803 007380 
3095460	002368 002396 002397 007882 007899 
3095599	001467 002856 005157 005846 
3095867	001182 001837 002368 
3095908	006031 006034 008764 
3096229	002856 003454 009335 
3096248	005138 011298 
3096355	001425 010934 010959 011539 
3096489	004275 
3096808	001152 002856 003008 007381 
3096911	001164 001840 005850 
3096963	001837 006034 007007 008766 
3097009	007364 011529 
3097075	001837 007374 007381 010948 
3097080	007032 
3097082	002856 005846 007378 
3097153	003027 003029 004040 007364 
3097192	001164 007377 007380 007381 
3097321	002397 004016 007043 
3097468	006019 008766 010842 011219 
3097521	001152 
3097588	006026 
3097592	002153 002992 005723 006031 
3097709	002856 006031 006034 008764 
3097933	003437 007017 
3098034	011224 011333 
3098224	002636 002856 008437 
3098240	003275 004665 008434 011319 
3098242	001840 003437 007007 
3098243	002856 008434 008439 008766 
3098276	003017 003027 011198 
3098284	002368 007043 011311 
3098317	002153 006024 008766 
3098380	001837 004012 007378 007923 
3098490	006019 006539 
3098496	005272 011306 
3098553	005870 007374 007381 
3098947	001193 001842 002992 
3098983	001837 002161 002992 010966 
3099184	001547 003406 006024 008764 
3099191	001840 002856 004015 009299 
3099257	001837 001840 002992 006847 
3099375	002856 007374 007378 007380 
3099423	006024 006849 
3099676	002153 003482 
3099745	001164 002856 005195 006024 
3100011	001193 003478 008766 011533 
3100080	002856 004066 007040 011198 
3100196	001152 001433 004015 011539 
3100385	002856 003454 007106 010845 
3100388	002856 004830 011313 
3100402	002163 003029 006847 
3100415	003008 006024 007040 
3100458	002856 003454 005122 011308 
3100468	004275 005141 008764 011204 
3101150	005120 006026 009225 
3101907	002562 004362 005290 005846 
3103166	002153 002856 004012 
3103193	004360 006509 006564 
3103203	006026 007878 007904 
3103910	002856 004015 006026 011329 
3104014	005846 007007 007904 008421 
3104489	002161 006024 006847 
3104716	001771 002856 
3104777	001152 001424 002368 004040 
3104870	001157 002992 007378 011529 
3105219	002153 002856 004010 006024 
3105292	002856 002992 004276 007007 
3105382	005195 005850 007007 008421 
3105866	002368 002856 006024 008764 
3106403	002153 002856 006024 008766 
3106446	002856 005853 
3107224	001152 002856 007007 008784 
3107592	002856 011535 
3108487	002856 004010 008421 
3108691	002856 006031 006034 008764 
3108814	001152 001424 002564 005120 
3108886	006031 007017 
3109227	004010 006031 007017 
3109335	002856 002992 004012 
3110627	002992 006024 006031 008764 
3110756	002856 006019 007878 011533 
3118027	005195 005846 007007 008421 
3118090	002856 003008 006024 008764 
3119048	001837 002856 005723 
3119630	002368 002562 004809 005723 
3119909	001837 002153 002856 008766 
3120137	001837 002153 004356 006024 
3120610	005195 005723 007378 
3120788	001424 004803 011309 
3121199	002856 003478 004012 004276 
3121582	002153 004016 006024 
3121782	001152 002368 003270 004012 
3121966	004010 005195 007007 007364 
3122181	002368 002856 002992 008764 
3122857	002856 004012 004276 006024 
3123316	001152 001424 002856 004010 006024 
3125127	001749 001837 006024 009225 
3125322	002562 002856 004275 004356 
3125450	001152 005159 006019 006504 
3125808	001152 002562 002856 004015 
3125856	005846 006031 006034 
3125873	001763 006024 008764 
3126433	002153 004010 006031 
3126602	002153 002368 004040 
3126639	002856 004010 005195 007364 
3126731	002856 006024 007378 008764 
3126772	002368 004356 005195 011533 
3126883	001763 005723 006504 
3126930	002153 007364 008764 
3127044	002562 002856 
3135241	001152 001837 008774 010959 
3136630	002856 004015 006849 
3142378	002856 007364 007374 008766 
3145520	001837 001840 002856 007378 
3145694	005723 006031 006849 
3145695	002856 005723 008439 008780 
3149019	002856 002992 004010 006024 
3150160	002153 002856 004010 006024 
3150738	002856 004016 008434 
3150843	001161 002856 002992 004362 
3151195	002368 002414 003008 004020 
3151640	002856 004010 006024 006504 
3152434	002856 005120 006026 
3152571	001749 001840 011306 
3152572	002856 004012 006024 007364 
3152623	002856 004276 005195 007017 
3152667	001152 002153 006024 008764 
3152743	002659 005141 
3152788	004012 007364 
3153306	004275 005723 006504 011329 
3153473	001152 005218 006850 008764 
3153576	004010 005141 006504 008421 
3153713	001424 002856 004734 006024 
3154498	002856 003008 004356 
3155033	002856 003008 008764 
3155060	001424 002856 004010 007007 
3155201	002856 011529 
3155346	002856 004012 006031 007007 
3155348	011224 
3155695	004356 006024 006849 
3158474	001837 006024 
3160008	001152 002856 
3160933	001152 001837 002856 004015 
3161390	005195 005723 008780 
3163183	001157 002856 008764 
3165225	004010 006019 011329 
3165880	002368 002856 004015 005195 
3166656	001164 002368 002856 004010 011204 
3169335	006031 006849 008766 
3170878	005195 009225 011313 
3171506	002872 004012 004830 005238 
3173096	001837 002856 008421 008439 
3173283	001837 002992 006024 008766 
3175356	002856 008766 
3175457	002414 002449 004016 009232 
3177063	004010 004803 007364 
3177165	004276 006024 008766 
3177284	002856 004015 
3177388	002856 004010 007364 008421 
3177873	001837 002856 006031 
3178019	006504 008421 
3179026	002856 011329 011536 
3179110	003406 004010 008421 011313 
3180697	007017 
3180821	004810 004830 006024 011204 
3181938	006024 006847 008764 
3183942	002161 002856 005272 
3185122	002153 002368 002856 006024 
3185376	002153 002992 006024 
3185620	001837 004012 006024 
3188402	002396 002397 002401 008766 
3188793	001152 001193 002153 006024 
3188879	001164 008764 
3188887	002864 005853 006019 007378 
3189051	002153 002856 006024 007364 
3189715	002368 002414 002992 008774 
3190134	004809 005738 011204 
3190633	005157 005263 005293 
3190685	001837 006031 006849 011224 
3190778	002562 002856 004010 
3190802	002562 005159 007007 008434 
3191191	001152 002856 002872 005853 
3191198	002562 002856 002992 004276 
3191210	005195 006024 007007 008764 
3191285	001837 002992 006024 008766 
3191428	003270 004803 005120 008434 
3191823	005141 006504 008434 011329 
3191834	002153 002856 004036 006024 
3191876	002562 002856 007882 011312 
3192054	004015 004810 
3192437	001152 004012 007364 
3192657	002153 002368 002562 006024 
3193161	002856 004015 006024 007007 
3193288	002856 003270 006024 008766 
3193672	002678 006026 006504 007364 
3193776	002161 004356 006024 
3193996	002856 006024 006849 008764 
3194322	002992 007007 008766 
3194428	001837 004809 005195 
3194474	001152 001771 
3194683	002153 002856 002864 005846 
3194873	009225 011329 
3194888	003478 006031 006504 
3196059	002636 002856 002992 005195 
3197905	002856 005141 005159 008764 
3203791	001424 002856 003003 006033 
3203991	002153 002636 002856 006024 
3204153	007364 007377 011313 
3204243	002667 003008 003017 005725 
3204248	001152 002153 008764 
3204279	002153 002992 005723 006024 
3204306	002856 002992 006031 007878 
3204495	001152 002153 002636 002992 
3204517	002153 005846 006024 
3204644	001152 002153 002856 004360 
3204830	001152 001837 008774 
3204893	002856 006034 
3205138	001152 002856 008421 008764 
3205208	004809 005723 006504 011529 
3205324	006024 008421 008764 
3205329	006026 
3205337	002153 002856 006031 006847 
3205454	002562 002856 006024 
3205491	002368 002414 007378 011313 
3208714	001837 004010 005195 006024 
3209232	001837 
3209294	002856 004362 009213 
3209669	005195 007878 
3209784	005218 005272 
3209843	002856 004015 006024 011533 
3209936	002368 004015 011308 
3209949	004810 005723 
3210000	002153 002856 006024 008764 
3210027	002368 002636 002856 009286 
3210074	002856 004010 007364 
3210876	001837 002856 006031 008764 
3210877	002856 004010 004803 007396 
3211006	002856 005723 007378 008421 
3211081	001837 007364 008764 
3211128	003478 006504 008439 
3211335	002992 006024 
3211360	002153 005725 006024 007364 
3211384	004012 007377 007380 
3211393	004012 004276 005141 005159 
3211396	002368 002856 005723 009225 
3211473	001837 002401 002856 004389 
3211478	002368 005272 008764 009225 
3211643	002368 002397 004010 011198 
3211727	006024 
3212165	001152 004830 004869 008780 
3212293	002368 002856 008439 008780 
3212787	005141 005846 007364 
3213217	001152 005159 
3213402	004012 005723 
3213412	002153 002562 002856 006024 
3213727	002153 002856 006024 011660 
3213840	005141 008766 
3213909	002856 005195 007032 007040 
3213968	001157 003003 004389 007364 
3214138	002153 002856 003003 006024 
3214704	002153 002992 004010 009225 
3214899	003406 004010 006504 
3215081	002856 008780 
3215241	006504 006564 011334 
3215666	002856 002992 006024 008774 
3215769	002856 004010 007364 
3215784	002856 005195 006031 008764 
3216013	001152 002562 
3216244	002856 003270 003275 008764 
3216420	002678 004010 007364 011198 
3216649	001152 002856 005850 006026 
3216670	003406 008421 008434 008469 
3216840	001547 002562 002856 008764 
3216898	002992 004036 004665 
3216906	002856 006024 
3216914	004010 004285 
3217195	002856 005723 
3217313	002153 002856 004012 006024 
3217371	002368 002992 005723 006031 
3217372	004809 005738 006504 
3217408	003437 008437 008439 
3217413	002992 003406 008764 
3217415	007364 007374 007378 008780 
3217434	004665 007017 008434 008764 
3217439	002856 008764 
3217444	002856 002992 007878 008434 
3217540	002856 004040 007032 011630 
3217543	002636 002992 006031 006849 
3217604	001152 001424 002562 008764 
3217724	006019 
3217778	001152 002992 006019 008421 
3217785	002992 006026 007878 
3217793	002562 004734 005141 008421 
3218034	002856 003270 008434 
3218135	004665 005723 006026 
3218679	001837 002856 002992 006024 
3219428	002856 004734 005195 005850 
3227175	002153 002992 005159 008764 
3248179	002562 002856 005850 010959 
3306653	003478 003512 004869 011318 
