Students	1098
0362014	007041 007128 
0692830	002856 
0892947	007365 012107 
0898104	001249 005247 005263 
0901284	006049 
0903788	001195 001750 
0908849	002657 
0910971	001842 001893 006546 
0940115	001474 004856 004889 012034 
0950914	006049 
0994458	005282 008766 
0997873	006524 
1000374	004889 006588 011313 
1000704	004012 
1001389	003029 006049 
1003163	001444 001474 004016 
1009914	001893 
1010605	003434 
1012362	001840 007128 012107 
1017457	001774 003454 004010 004810 
1019072	003003 007128 011319 
1029713	005157 005290 
1032290	004379 005247 
1045484	003454 004012 007365 
1047770	006049 010851 
1048446	006518 006557 008810 011189 
1049144	001195 003034 003406 011844 
1049332	002362 002460 009232 
1049392	007128 
1051315	002638 
1051891	002564 006043 006058 
1051994	010956 
1052076	002675 
1052099	007080 007128 
1056297	004807 004889 
1057174	001893 005263 
1057570	001842 003270 006847 007040 007128 
1058068	003448 004083 
1058154	005247 007378 
1058203	001249 003001 003033 
1058218	003001 003003 003004 003029 
1058853	007128 
1059105	002396 004889 012033 
1059404	003554 004835 008774 011298 
1059663	003431 003434 
1059804	007128 
1060971	001893 011075 012034 
1068656	004369 004379 004384 
1068660	003421 006588 007128 
1068953	004835 004856 004886 004889 009299 
1069299	001424 005866 010859 
1069487	004886 005263 
1070105	001769 001774 003448 003454 
1070296	001249 001840 005850 
1070385	011959 
1070620	001187 001195 001249 005725 
1070812	007041 007128 
1071068	002675 012032 
1071318	004048 004083 007080 007128 
1071507	006504 007903 012103 
1071785	007378 
1071986	004083 004803 004886 005725 
1072178	003548 011294 012032 
1072694	007910 
1072725	001163 001249 011294 012108 
1073075	003541 006035 006049 012103 
1073076	001157 003448 005157 009270 
1073179	007068 007128 
1073211	004282 006024 009231 011829 
1073316	005310 007900 
1073428	007128 
1073523	001249 004276 008766 
1073671	004394 
1073672	004021 004083 012103 
1074737	001842 001891 007128 011190 
1075130	002636 002856 007378 
1075264	001842 006043 006049 
1076479	001857 001893 006849 
1076785	003548 011050 011305 
1077528	001842 004048 004083 
1078869	001195 
1079224	007006 011298 
1079289	004283 006847 011829 
1079349	001474 010956 
1079503	001249 
1079538	005180 007006 007896 
1080204	001249 001560 001562 011294 
1080360	002992 008782 008810 
1080382	001842 008780 
1080542	003448 004282 004303 006847 
1080595	010968 011294 
1080636	006561 007017 
1080806	006035 006043 010851 012107 
1080980	001161 001842 001891 
1081058	001161 001857 007028 
1081112	007080 
1081207	001887 001891 
1081304	001187 001842 005293 011294 
1081394	003548 007403 012103 
1081569	005866 
1082986	001842 006031 007403 
1084538	001249 011313 
1085421	001249 008484 009362 011842 
1085466	001842 
1085971	005263 
1086556	006043 006049 006058 
1086904	001157 004356 004889 011849 
1086942	004738 
1087351	001842 003029 003033 
1087579	001249 001891 004276 012034 
1087771	001769 
1088018	006557 
1088139	003278 004083 
1088236	001842 003026 003029 007403 
1088535	003548 
1088574	005743 011027 
1088892	003278 
1089244	004886 005310 
1090070	001840 002163 002166 006847 011827 
1090521	008501 012103 012105 
1090632	001474 001840 004854 004882 009299 
1091481	001769 001893 004083 
1092084	005290 
1092551	006868 011840 
1092760	001769 003548 012032 
1092958	006043 006060 011294 011844 
1092959	007391 
1093047	002992 004083 004889 
1093321	004394 009845 
1093453	007068 007128 011189 012032 
1093758	002386 002464 002469 
1093772	001249 003421 003434 008766 
1093828	002174 004885 
1094452	007403 011844 
1094776	003278 
1094952	007106 007128 011189 
1095145	003454 008766 010956 012104 
1095813	001249 005157 
1096573	001546 001552 001837 001842 004889 
1096638	001840 001842 006847 
1096778	002396 002469 
1096920	006045 
1097508	007028 007128 012103 
1098264	001165 012034 
1104323	003274 007080 007128 
1107899	001249 010960 012034 
1108799	004889 
1109276	002174 
1109564	004394 006035 006043 012032 
1109686	012034 
1109742	006847 011208 011865 
1112411	001837 005263 
1114293	003274 011962 
1115327	003482 004807 012103 
1118914	010968 011294 
1119061	001750 011849 
1120982	002995 
1122130	007378 
1122236	001249 011844 012034 
1123611	007068 007128 011189 
1124024	005723 008782 
1124340	001165 001195 
1125596	001840 006024 006588 
1126437	001249 008484 008799 
1126780	002174 011959 
1129252	006524 006588 
1130377	001249 002992 010966 
1131814	003026 003029 003033 006043 006518 
1131900	004889 010968 
1133031	001187 001474 011831 012034 
1133642	005282 005310 
1134151	002675 004889 
1134634	003548 004275 012103 
1134731	005310 
1134840	006024 
1135650	001774 
1135687	002638 005310 007040 007900 
1135712	001887 001891 004012 
1136139	007128 011189 
1136145	001896 007374 
1136656	008484 008501 011844 012107 
1137568	004010 007128 
1138000	008501 011962 
1138637	008810 
1138792	007923 
1141692	002992 005282 
1141766	003448 007128 007391 
1141987	007128 
1142038	007040 
1143121	001161 001847 001893 006847 
1143142	003274 009362 
1143180	001842 008484 008501 
1143387	006049 010851 011830 
1149469	006035 006043 
1149928	001840 007068 008764 
1150110	001774 
1150429	001750 001887 001893 
1150630	003026 007378 008421 
1150784	004083 011844 
1151485	001881 006035 011842 
1152580	006847 008821 010847 
1153036	001249 001840 009270 012034 
1153080	011313 
1153307	006868 011962 
1153554	006043 006049 006060 
1153904	002856 003001 003026 007365 
1154430	001861 001887 004856 004886 
1154715	001774 003482 003548 003554 
1155110	001429 001842 001857 004738 005866 
1155700	001165 001840 007374 007403 
1155748	001857 001881 005247 006024 
1155813	002562 006043 006045 
1155839	003026 007041 
1156282	001860 011294 
1156319	003001 
1156612	003454 010949 
1157995	001152 001774 003421 003548 
1158383	001749 001761 003421 003434 010960 
1159860	001546 004803 
1160136	006043 
1160418	001861 001887 006847 010851 
1161531	006557 
1161679	001842 001891 007028 
1161763	002657 010847 
1161791	001840 004889 
1161804	001837 001842 006019 007006 
1161808	007896 007910 007923 011849 
1161824	009362 
1162384	001842 002675 007028 
1162390	001474 012034 
1162423	005263 007374 007378 
1162443	001837 002856 003454 004036 
1162493	001249 011305 
1162725	001840 001887 001891 002163 011827 
1162792	005263 005310 011962 
1162892	010960 011305 
1162989	004010 010847 
1163125	001840 003004 003029 
1163131	007106 
1163179	001195 011844 012103 
1163242	002856 004012 
1163245	001887 001893 
1163270	007128 
1163424	004835 004889 
1163719	002569 002572 006043 006060 
1163836	003001 004083 
1163883	005263 007128 
1164777	001474 
3057362	001842 
3057399	005263 007374 011842 
3057461	003004 003026 003033 
3059978	004083 007068 007128 
3060775	004889 011960 
3060791	011050 
3061134	001546 001842 001857 002174 
3061194	002450 002469 
3061460	003270 
3061686	006043 007028 
3061759	004889 
3061917	007032 007365 007378 
3062413	004889 009299 
3062439	003554 006518 009362 011298 012103 
3062512	006504 008434 
3062766	001546 011842 
3062796	004083 004885 009299 
3062828	002174 006060 010851 
3062860	001887 011313 011827 
3062862	003270 007128 
3062898	011959 
3062958	004021 011305 
3063070	012032 
3063119	002161 005157 007882 007900 
3063303	003448 008421 010960 
3063437	004889 006554 006588 
3063516	004283 011298 011305 
3063573	006504 
3063735	005263 
3064485	011313 011844 
3064630	003001 003004 006049 007041 
3064715	001249 002869 003434 
3064819	004394 005723 
3064869	011313 012032 
3064899	003029 006035 006043 
3064906	001769 001840 001881 
3065016	003029 006049 
3065289	004856 004889 009299 011313 
3065312	003406 012105 
3065426	003003 003029 007107 007128 
3065488	008484 012107 
3065560	012034 012104 
3065568	003026 009362 011294 012034 
3065591	002386 003029 004803 006049 
3065722	001546 002469 
3065779	001881 001891 007391 012034 
3065806	005211 007041 007128 011299 
3065929	001857 002153 004276 
3066088	006049 
3066114	002386 005180 008799 
3066124	008821 
3066423	002444 002450 008421 
3066589	001546 001842 004048 004083 008764 
3066736	002386 002396 002469 
3066992	003033 005263 012032 
3067133	006546 011962 
3067156	007391 011076 
3067352	003004 003026 006024 
3067358	001840 003431 
3067610	002569 006043 006060 
3067793	005263 007017 007068 
3068167	003421 010847 
3068181	001152 001840 001847 006504 008766 
3068444	005141 005180 005211 008766 
3068612	007128 
3068878	001887 006524 006847 
3068911	004835 004856 007107 009362 
3068998	008501 012105 
3069040	005310 
3069318	004048 007128 
3069352	008821 012032 
3069486	001552 009362 011305 
3069585	005263 008766 
3069758	001195 006518 008421 011844 
3069894	003026 003029 006049 007107 
3070045	007374 007391 011299 
3070184	002174 
3070231	002638 010968 
3070495	001887 
3070830	004083 005743 008810 
3070887	003274 003421 003548 
3070922	002562 011189 
3071694	006518 006546 006588 007128 
3071791	005157 
3071792	001546 001552 001560 001561 001562 011299 
3071798	003033 003034 
3072284	003274 006868 011050 
3072895	001749 003026 003029 006043 
3073014	004856 004889 
3073017	001896 011299 
3073034	003026 003033 
3073216	003482 003541 012108 
3073483	005263 007128 008434 009362 
3074091	006868 006874 
3075104	001161 001861 001887 006026 
3076209	001774 002163 002166 011827 
3076521	011987 
3077505	005247 005293 006034 
3077926	008799 010847 
3077931	003026 003034 012034 
3077935	001842 003004 003026 003029 
3077943	001249 001840 010847 
3078066	007128 
3078071	002163 002166 011076 011827 
3078150	007391 
3078258	006561 007378 008421 
3078437	001444 004886 009299 
3078822	002163 002166 006045 011827 
3078934	012104 
3078958	002869 005853 010956 012032 
3078987	001840 004021 011960 012227 
3079005	007374 007378 007403 
3079120	003454 003541 007374 007391 
3079774	006043 006049 010851 
3079829	006518 006524 009270 011027 
3079866	001842 003004 003029 006043 
3079871	006043 006049 
3079872	001195 002856 004275 
3079887	002450 002869 007374 007403 
3079915	006518 007365 
3080142	005263 007007 012104 
3080405	002562 002690 004021 010956 
3080512	006031 007378 007391 
3080539	003448 003454 003548 012103 
3080546	001840 007374 007378 011964 
3080774	001749 002675 005853 
3080843	003431 
3080943	001152 007374 007403 011190 
3081073	007017 011189 
3081074	007040 007106 008780 
3081179	002562 004010 011313 
3081234	001840 007403 008421 011963 
3081400	001840 005743 011963 
3081410	003434 003454 010949 011305 
3081431	004275 005157 011186 
3081503	003421 003454 011305 
3081720	004835 008766 011313 
3081763	001152 004379 010956 
3081927	001750 003454 
3081951	006035 006043 010851 
3081988	002869 003274 008421 008469 
3082058	005141 
3082073	001842 003003 
3082314	001840 002469 005180 010956 
3082370	001187 001444 002856 
3082488	001444 007032 011186 
3082688	003454 003548 004379 011305 
3082784	004021 004048 011313 011849 
3082852	002153 002856 
3083207	001161 006518 006557 011844 
3083717	001163 011294 
3083995	001842 006546 006561 
3084075	001842 002562 003448 003548 005157 
3084117	001857 003006 003026 007028 
3084353	002562 005157 011294 
3084494	001847 001887 
3084782	010968 011224 011319 
3084853	001837 001842 002166 002174 009232 011827 
3085002	001454 010956 011831 012034 
3085126	002856 
3085302	002636 006557 
3085391	008484 011189 
3085394	003006 003026 006026 
3085407	004886 012099 
3085421	001837 006035 006043 006049 
3085596	004036 
3085612	003004 004021 007041 007106 
3085643	002163 002166 006043 006518 011827 
3085791	001187 
3085846	003274 006524 007365 011189 
3086119	001857 001860 007007 009362 
3086240	001837 006024 007403 011299 
3086455	001769 009231 
3086995	004012 004275 006504 006518 
3087117	006504 006518 006523 011076 
3087141	001774 006031 010859 011842 
3087231	001842 006847 011963 
3087328	007007 007107 010956 
3087330	001857 004276 011075 
3087431	011186 
3087472	001187 004021 004048 011294 
3087527	006043 006045 006058 
3087533	001840 001847 006847 011319 
3087757	007374 011305 
3087809	001546 001560 001562 003448 003454 011189 
3087948	002161 007903 012032 
3088010	008484 009362 012034 
3088047	001842 001857 007028 007403 
3088052	003454 
3088071	002368 003026 006524 
3088141	002166 004036 006031 006034 011827 
3088147	001761 002386 002396 011189 
3088390	006049 
3088433	001769 004803 004885 010851 
3088969	002166 003274 011827 
3089115	005263 008421 
3089384	003026 003029 006043 010966 
3089542	001161 001837 002153 008421 
3089555	001840 006035 006043 008766 
3089580	001161 001861 001887 011298 
3089763	004356 006045 006058 011831 
3089769	002444 002469 009231 
3089884	001774 
3090058	002395 006874 
3090312	002856 003001 003006 004012 
3090316	007080 007107 
3090375	003274 008782 010847 011050 
3090752	006026 006035 006043 008766 
3091169	004036 011960 012104 
3091218	001842 001857 002153 010956 
3091221	001837 006043 006045 006058 
3091305	002163 002166 006034 006847 011827 
3091370	001837 001860 011299 
3091747	001152 004276 008764 
3091870	001837 001840 001842 011963 
3091890	004283 007028 007040 007068 
3091892	004010 011076 
3092012	003434 003448 003554 011842 
3092091	001857 001860 002153 008766 
3092179	003004 003026 004012 006034 
3092244	001429 005723 007041 007068 
3092333	001842 001857 
3092379	011959 
3092408	002163 002166 011827 
3092411	002161 003434 006847 008766 
3092532	005723 006043 006045 
3092577	003434 003448 003541 
3092604	002856 006024 006031 011185 
3092781	001837 002161 002856 002869 
3092830	001842 006043 006049 008766 
3093050	001161 007106 011189 
3093100	004856 004886 011313 
3093184	002856 004835 009299 
3093208	002153 002856 004276 006024 
3093298	001429 005160 010956 
3093319	001552 001560 001562 006557 006561 
3093411	005211 007391 011076 
3094263	001750 006031 010859 011962 
3094527	001165 008766 011189 
3094556	006031 007007 
3094575	007080 007106 011189 
3094700	002856 005850 006518 010956 
3094738	001165 001560 008764 011844 
3094744	002464 004275 006031 006035 
3094802	006035 006043 006847 
3095021	006868 006874 010859 
3095254	001562 001562 008421 008469 012105 
3095290	007107 
3095306	004856 011313 
3095337	001840 002161 007403 011963 
3095391	002562 004016 005258 011186 
3095396	002671 008484 012107 
3095417	003431 007365 011313 012099 
3095460	002469 007910 
3095599	001444 005290 
3095765	003270 006024 006849 008764 
3095867	008780 008810 009232 
3095908	006035 008766 012227 
3096229	004807 011842 
3096248	003454 005258 006524 
3096489	004276 
3096808	003004 007374 007378 007403 
3096911	005853 011299 012034 
3096963	006035 006043 006504 006518 
3097009	002856 007374 008766 
3097075	001840 007378 007403 011962 
3097080	007080 012104 
3097082	001152 002873 005850 011076 
3097153	003004 003006 004083 
3097192	001840 007403 
3097321	004048 007040 011189 
3097468	002569 002572 
3097521	003434 004275 011319 
3097588	001887 001892 011075 
3097592	002856 003001 003004 
3097709	003274 006035 008774 010851 
3097933	006523 007107 011186 
3098224	001842 007391 007403 012108 
3098240	001152 002638 
3098243	008421 008469 008766 
3098276	002675 003026 003033 
3098284	005725 011962 
3098317	001152 001837 002856 012034 
3098380	002153 007923 011299 
3098490	006518 006557 011960 
3098496	005310 011186 
3098947	006506 
3098983	001842 002163 002166 006847 011827 
3099184	001552 001560 001562 003001 003003 006031 
3099257	002161 007007 011298 
3099375	006546 006561 007403 012108 
3099423	002856 006031 010859 
3099676	003541 010960 012103 
3099745	002992 
3100011	001249 007040 007900 011294 
3100385	003482 005263 011189 011842 
3100402	003003 
3100415	002450 003026 009231 011189 
3100458	011185 
3100468	002856 007378 008766 
3101150	001769 003454 005122 011299 012107 
3101907	002856 004384 005157 005850 
3103166	002161 006031 006034 006849 
3103193	003448 006588 008434 011313 
3103203	002856 005141 007888 007896 007900 
3103910	004048 004283 007040 007041 
3104014	003454 005850 007378 
3104489	001887 001896 008766 
3104716	002869 002992 
3104777	001161 001444 004021 011299 
3104870	002395 002856 004803 
3105219	004015 007017 007041 
3105292	003001 003003 008766 
3105382	005282 006523 011298 011844 
3105866	002396 002469 006031 008766 
3106403	001165 001837 001840 008774 
3106446	002873 003006 010956 
3107224	002992 007040 007107 008821 
3108487	007032 
3108691	002992 006035 007007 012227 
3108814	002569 002856 005122 007007 
3108886	002856 003001 
3109227	002856 004015 006034 006035 
3109335	007365 
3110627	001546 003004 006034 008766 
3110756	002562 007017 007888 011189 
3110898	003434 004015 007365 
3111037	001152 004807 005258 
3112040	001152 004276 005853 006024 
3112329	003482 007028 011298 
3113753	004016 004275 
3114139	003270 003434 004015 006024 
3114251	002153 005850 010851 011842 
3114269	004803 005723 006031 006504 
3114701	001152 002564 005850 006031 
3114776	004356 005141 011313 012104 
3114853	001837 002153 002992 007378 
3114872	001152 002161 004807 005723 
3115257	002636 006034 011224 
3115992	001837 002153 011842 
3116564	005850 006031 
3118027	002856 005141 005180 005850 
3118090	003001 004276 007028 008774 
3118178	001546 005723 007007 
3119048	005725 007365 007378 008434 
3119630	002856 004276 005725 
3119909	002161 002992 006849 012227 
3120137	001842 002161 002856 004360 011299 
3120610	002856 005180 005725 
3120788	001429 002856 004356 006523 010956 
3121199	003454 006518 007903 010960 
3121582	001840 002161 007878 007900 
3121782	002856 004016 004835 
3121966	002856 004012 007032 011027 
3122181	001750 001761 001769 008766 
3122857	004810 005247 
3123316	001195 001444 005293 012104 
3125127	001761 002153 005141 007878 
3125322	001152 001424 001444 004360 
3125450	002856 003431 003434 003454 
3125808	002368 002386 004036 
3125856	004276 005850 010851 
3125873	002562 002856 008766 011305 
3126433	002856 006034 006035 
3126602	001152 012034 012104 
3126639	001152 005160 012103 
3126731	001546 006031 006034 008766 
3126772	002562 002856 004360 005258 
3126883	002856 003454 005725 011298 
3126930	001837 002856 007378 008766 
3127044	001444 005180 005258 
3135241	002562 002856 012034 
3136630	004036 011849 
3138631	001152 001749 007903 011298 
3142378	001837 002153 007378 
3145520	001847 002153 006024 
3145694	002856 005725 010859 
3145695	003454 010960 012103 
3149019	003454 006031 006034 
3150160	002161 004016 004803 
3150738	004036 007374 007378 
3150843	003001 003006 004369 
3151195	002395 002856 004036 007365 
3151640	003001 003006 004016 012227 
3152434	002992 003454 005122 011313 012103 
3152571	006546 011299 011313 
3152572	001840 004275 006031 006034 
3152623	001161 002562 
3152667	001837 002856 006031 008766 
3152743	002856 003448 011298 
3152788	003448 010949 
3153306	002856 003448 003554 011960 
3153473	002856 005141 005293 008766 
3153713	004738 010956 011831 012034 
3154498	003001 004276 004360 007028 
3155033	003003 004010 007032 008774 
3155060	001152 001444 004015 010956 
3155201	005263 009225 011842 012032 
3155346	002992 004015 006034 006035 
3155348	002856 003434 
3155695	002856 004360 005141 005180 
3158474	001887 002153 002856 008764 
3160008	004356 
3160933	006504 006557 
3161390	004010 005743 008799 008821 012104 
3163183	003421 008421 008469 008766 
3165225	002856 003454 004015 007365 
3165880	002362 002390 002395 004036 
3166656	004012 004276 009231 
3169644	001424 002368 004010 004854 
3170878	002368 002856 004010 004886 
3171506	002856 004015 005211 005293 
3173096	002153 006847 008469 008764 
3175356	003434 003454 005180 
3175457	001750 002856 004036 
3177063	002856 003003 003004 004012 
3177165	002856 003001 003004 006031 
3177284	003421 003454 
3177388	004016 006019 007374 011076 
3177873	002153 004379 008434 
3178019	001840 006524 007365 
3179026	003434 009362 011298 
3179110	004885 
3180697	002856 
3180821	002856 003270 004803 004835 
3181938	002856 003003 007040 008766 
3183942	001837 002166 006847 011827 
3185122	001837 002161 006031 006034 
3185376	001837 002856 005247 
3185620	001847 002153 002856 
3188399	002153 006031 006035 
3188402	002429 009231 011830 
3188793	004360 012034 
3188879	007041 008766 
3188882	003270 005293 008484 009270 
3188887	005290 005866 006024 
3189051	001837 002161 
3189715	002395 002396 002856 008799 
3190134	001840 003434 005180 012108 
3190633	005211 005258 005282 005310 
3190685	002856 004356 004379 010859 
3190778	002675 
3190802	005846 007032 010956 
3191191	001424 002869 007032 
3191198	002995 007017 007040 008799 
3191210	002395 005180 008766 011313 
3191340	006024 006524 006849 008764 
3191428	002856 004276 004886 005122 
3191823	002856 003541 
3191834	002856 004048 006031 010851 
3191876	003421 007888 008421 008469 
3192054	002856 005866 009299 011987 
3192055	002153 002636 002856 003003 
3192437	006026 007017 
3192657	001560 002856 006031 006034 008780 
3193161	003003 007017 007040 
3193288	001546 006031 006034 008780 
3193672	002368 005293 010956 011831 
3193776	002166 006031 006847 010851 
3193987	006019 006518 008764 
3193996	001561 001837 002153 008774 
3194322	003001 003003 003270 
3194428	002153 002675 002856 004276 
3194474	002856 004803 005723 
3194683	001837 001840 002161 005160 
3194873	002856 003454 003541 
3194888	003431 003454 005850 008421 
3196059	007032 007040 
3197905	002153 005157 008766 
3203791	003001 007040 007068 007365 
3204153	002856 003004 004036 006024 
3204243	002362 002368 002395 009232 
3204248	007017 007040 008766 012227 
3204279	001837 002161 002856 007006 
3204306	001187 006043 006045 007882 
3204495	002856 006031 006849 
3204511	001424 004016 004810 
3204517	002856 006847 
3204619	001561 002368 002395 004015 
3204644	002161 006031 006849 
3204688	004275 005157 006026 008774 
3204830	002153 002856 008469 008799 
3204893	003003 003004 003006 
3205138	002657 007365 
3205208	002562 002856 005725 011186 
3205324	006031 006034 008766 012104 
3205329	004276 005725 007378 
3205337	001837 002161 002564 002992 
3205454	002161 006847 011224 
3205491	002395 002450 004807 009231 
3208714	002153 002856 008421 009362 
3209232	002856 012104 
3209294	001195 004275 004394 012034 
3209463	002368 005157 
3209784	002161 005263 005310 008766 
3209832	007365 008766 
3209843	002995 004021 004036 008434 
3209872	002675 006504 007007 008764 
3209873	001152 001837 006024 008764 
3209936	002856 004021 005723 009299 
3209949	002856 005725 007007 012104 
3210000	001837 001840 002992 008766 
3210020	004010 007006 007007 
3210027	006504 006523 
3210074	001837 002153 
3210876	006034 006035 008421 008774 
3210877	004012 007391 007403 011313 
3211006	005725 006024 007403 011076 
3211007	001546 002856 004015 006504 
3211081	002153 002856 002992 008766 
3211128	001769 012104 
3211155	003270 005141 005157 005293 005850 
3211335	004856 007007 007032 
3211360	002161 005157 006849 012034 
3211384	002856 007374 007378 
3211393	002856 004356 005290 
3211396	001152 001842 002395 009232 
3211473	003003 003006 006031 011075 
3211478	002856 008766 011050 011299 
3211542	001152 002869 005723 012104 
3211593	003270 004807 008764 
3211643	001750 002395 004015 006024 
3211727	001837 002153 002564 002856 
3212008	002636 002869 006504 008421 
3212165	002856 008799 009299 
3212293	001842 002464 004010 008782 
3212784	002856 003434 003454 
3212787	001152 002856 004010 
3213217	001842 002856 003004 007006 
3213402	001842 004012 004276 007028 008421 
3213412	002161 002569 002992 006849 
3213727	001546 001560 002161 006849 
3213909	006518 
3213921	001429 002362 002869 
3213968	002856 004379 004384 011987 
3214129	001774 002657 004015 004275 007032 
3214138	003029 004010 006031 006034 012108 
3214147	002153 004010 006024 
3214178	002671 004807 005723 
3214617	001837 002869 003431 004012 
3214704	002856 004015 006523 007028 
3214899	003434 004015 007365 
3215081	003448 006506 008780 
3215099	007040 012108 
3215241	006557 006588 
3215249	002153 008421 
3215601	001152 012034 012104 
3215635	002564 007365 007374 007378 
3215666	001837 001842 004276 008780 
3215759	003270 006026 007006 008780 
3215769	002562 
3215784	006034 006035 008421 008766 
3215879	002153 008764 012104 012108 
3215889	004275 004810 008766 
3216013	002856 005157 005263 
3216244	008421 008469 008766 011962 
3216554	003270 004356 005180 
3216580	006034 006504 006510 
3216601	001546 004276 007007 008764 
3216609	001161 002153 004807 
3216633	006031 012104 
3216649	005853 011299 011987 
3216670	001840 003407 008501 
3216871	003448 004360 006026 
3216898	002856 003001 
3216906	006031 006034 008421 008469 
3216914	002856 004283 012034 
3217195	001152 003274 007374 011076 
3217313	001837 002992 006031 006034 
3217346	001840 002636 004384 
3217371	002856 003001 003004 006034 
3217372	001840 003434 005743 011960 
3217408	001195 004810 
3217413	003001 003003 007041 008766 
3217415	008810 
3217434	007365 008421 008469 008766 
3217439	003003 004015 008421 008469 
3217444	001840 007882 007896 011313 
3217540	001750 003431 
3217543	003004 003006 
3217604	002856 005157 008766 010956 
3217615	001152 002992 003448 007006 
3217667	003003 006031 007365 011224 
3217724	002856 
3217778	001546 002856 005290 
3217785	004275 007040 007888 011189 
3217793	005258 005293 008766 
3218034	004283 007028 008421 008469 
3218135	002856 003554 
3218335	002869 004835 007365 008766 
3218679	003001 003004 007374 007378 
3218908	002992 004275 004356 011224 
3219029	001424 001444 005157 007882 
3219639	001837 002992 006024 008766 
3219685	001152 004276 007365 008764 
3219719	001546 004807 007365 
3219783	001424 005846 
3219786	002153 003270 005723 007365 
3219920	003270 012104 
3220189	003434 005160 008764 
3220304	002992 006024 008766 
3220537	003003 003004 011189 
3220923	002992 
3220932	004803 
3221081	002657 007006 009225 
3221143	001161 001165 002153 002636 
3221557	007878 008766 
3221612	002153 002636 
3221785	001837 002153 006024 008766 011313 
3221922	002153 007006 012227 
3222944	002153 002869 006024 008764 
3223001	005141 008764 011862 011863 
3223468	001152 
3223593	001152 001157 008764 012227 
3223740	004360 009296 011313 011849 
3224239	002368 002636 004275 007006 
3225263	002636 006504 007006 012108 
3226387	006026 007365 008764 
3227145	002562 003421 003434 011305 
3227175	002161 002856 006031 006849 
3227208	002153 002636 002992 012108 
3227754	005211 005723 009225 012104 
3228428	002992 003421 005180 005723 
3228759	001152 006031 007006 
3228778	002869 003270 005846 007365 
3228861	007878 007900 
3231826	004810 005723 
3231837	002869 004010 007032 
3231914	001152 006024 008766 
3232225	004807 007365 008766 
3232322	004015 007365 
3232625	001195 007378 
3232650	001152 002856 006504 008764 
3232822	001837 007378 
3233348	002636 002992 007365 
3233697	007378 008764 009362 
3233850	002368 004276 004356 
3236537	001840 005850 006026 007365 
3238039	002153 006504 
3238414	002153 004825 006849 
3239030	004012 006024 007365 007374 
3239494	002153 006024 012108 
3248177	002368 006504 009270 
3248179	011298 012104 
3248182	002153 005850 007378 012034 
3248326	002675 004012 006031 
3248478	001152 004036 004807 008434 
3248716	004015 006031 
3248776	002995 003270 006031 011224 
3249531	001546 001562 004012 007365 
3249841	002992 006031 008764 
3249965	002992 007378 
3250904	001152 001837 002992 
3250907	002153 002992 005141 008766 
3251946	006026 006031 006034 
3251957	001424 011862 011987 
3252312	003270 004015 004275 
3252374	002869 005723 007365 009225 
3252673	002390 004276 005723 006024 
3252851	003004 007910 011186 011313 
3254053	001769 004356 012104 
3254195	004012 007006 
3254237	004012 006026 
3254879	003434 003454 004015 011305 012104 
3256154	002992 007006 008764 009362 
3256706	002562 005141 005157 
3256812	006026 007365 
3256961	006523 007028 007878 007900 
3257376	005180 006504 007365 011224 
3258543	001424 004275 005157 006031 
3259090	006031 006504 006849 
3260264	001837 002153 004010 006024 
3260308	004012 004356 007365 007378 
3260419	003434 004016 005157 009296 
3261685	006024 007878 008764 011189 
3261697	001761 003431 004012 006024 
3261754	001424 002992 007007 008764 
3261847	001837 002992 006031 008764 
3262172	007007 008766 012227 
3262890	001837 004012 007007 009270 
3262977	005180 006026 007006 
3264020	001152 007365 007374 008766 
3265154	001837 004016 011844 
3265450	001152 008764 
3268127	002153 002675 005723 006024 
3268686	002362 002368 004015 
3271107	002992 004356 007007 007032 
3273481	001152 004803 
3275971	001152 008421 008766 
3276024	001837 006024 008766 
3280006	001424 001429 004012 004807 
3281747	002153 002992 012103 
3282664	004012 012104 
3283446	003434 004015 007365 
3284809	004012 007007 007378 
3288377	002153 002992 004276 
3292462	001749 004010 006024 
3293645	001152 007365 
3295766	001152 002675 007006 
3296121	002869 004360 007374 007378 
3296990	004356 011189 011313 012104 012227 
3297051	004010 004803 007007 
3297368	001152 001424 002562 004012 
3299552	002869 004010 006524 007365 
3302367	001157 004012 007028 
3302457	004016 004276 005258 007028 
3303921	002657 004012 006026 
3303949	002153 006849 008764 
3304005	001837 002153 005846 006518 
3304008	002153 004810 008764 009270 
3304197	003406 004015 004275 
3304324	001152 004010 004379 
3304357	001152 001424 008782 
3304359	001837 009225 
3304723	002636 002992 007365 
3304941	006504 008764 011299 
3305222	001152 004012 006026 
3305828	006504 007007 007378 009225 
3306482	002161 002992 004015 006031 
3306653	003434 003454 004835 004889 
3306692	001152 006504 008764 011076 
3306703	001165 002153 008764 
3306761	002368 002992 004807 005723 
3306786	002153 006024 008774 
3306835	002161 004360 004379 005157 
3306968	003270 006031 006849 008764 
3307002	001152 002992 004015 007006 
3307321	001424 003434 005846 007378 
3307400	002153 002368 006024 006031 
3307517	001837 001842 002368 002992 004276 
3308669	004015 006026 009296 011313 
3308695	001840 002153 
3308878	002995 003004 004276 004360 
3309190	001837 003482 004010 006031 
3309285	001429 004807 006024 006026 
3309375	006024 006031 006849 007006 
3310852	002153 003270 003274 004016 
3311410	002992 008766 
3311445	001152 002153 006024 011842 012034 
3311452	002562 004015 004021 011313 
3311550	001749 003434 004015 007378 
3311808	005723 009270 011313 012104 
3312113	008764 012032 
3312114	003421 008766 011849 
3312285	002869 006024 006849 011313 
3314945	002153 005723 007365 
3314971	003434 004010 006019 
3315059	001837 002153 007900 008764 
3315084	002163 002166 011827 
3315613	001837 001840 004015 006024 
3315632	002153 004012 006024 
3315676	002368 003004 004276 008766 
3315767	002362 002390 002992 008764 
3315776	001152 004012 005180 007365 
3315789	003421 004807 008764 012104 
3315934	001152 001837 001847 008766 
3315957	001152 004360 006031 
3315961	002153 006024 012108 
3316273	008421 011962 
3316281	001152 002153 006024 008764 
3316614	002161 002368 004016 006031 
3316653	002153 008764 011842 
3316693	003003 006031 006035 008766 
3316711	002562 003004 005723 006024 
3316782	001749 007378 012104 012227 
3316819	003003 003004 006031 007365 
3316906	001152 004012 007378 
3317234	002992 004356 009270 011076 
3317266	004015 006026 
3319376	001152 002362 002368 008764 
3319378	002992 004276 006024 009362 
3321787	005723 006024 006849 009270 
3321871	001837 002153 004021 011842 
3322084	001424 001429 004276 
3322107	001152 002368 007365 011189 
3322108	001444 005160 010956 
3322141	002562 002992 006031 006849 
3322149	001165 001837 002153 012034 
3322151	003270 007006 008421 
3322187	002562 011189 
3322204	002636 009362 012108 
3322236	002869 005725 006024 012104 
3322307	007032 
3322663	002992 005263 008764 012107 
3322715	005723 006024 
3322720	006024 006026 
3322740	008764 012104 
3322752	004803 008780 
3322939	001152 008780 
3322942	001837 002386 006024 006031 008764 
3322949	001152 011298 
3323189	001837 001840 004012 
3323454	004010 007041 007378 
3323539	004048 004360 
3323644	001165 004015 007365 010956 
3323692	001152 001837 001840 002869 
3323699	001837 002992 005180 008764 
3329172	002992 004012 007378 008421 
3329187	001152 008766 
3329413	005180 011186 
3329656	006504 008766 011224 012104 
3329671	001152 001424 004012 007365 
3329744	005160 005723 005850 007028 
3329757	001750 001761 008764 009270 
3329836	001152 001444 
3329964	006506 006518 006546 011987 
3330095	001749 003434 004012 007378 
3330273	002671 005180 005723 007028 
3330334	002368 004010 006024 
3330337	004012 006518 007040 
3330372	002153 004010 006024 
3330377	004012 009362 012227 
3330431	006031 006849 012108 
3330439	002161 004012 006031 
3330627	004012 005157 006849 009225 
3330820	005725 007006 007900 
3330926	001444 003270 005141 007365 
3330986	002992 006031 006849 008766 
3331473	001837 002153 004012 007378 
3331474	001837 007374 007378 011076 
3331496	001152 002869 005723 
3331578	001546 001552 001837 006024 
3331582	002153 005723 006024 008774 
3331618	001837 002386 003406 006019 
3331638	001152 002992 004012 005180 
3331776	001546 002153 006024 008766 
3332202	002368 002992 004015 
3332249	002992 005180 006504 
3332252	002636 002992 007006 012227 
3332409	001749 003270 004010 011076 
3332410	001749 009225 
3332411	004275 006024 008799 008821 
3332421	003406 004012 007007 007365 
3332425	007007 007365 010847 
3332518	008764 
3332532	001424 002368 002873 005846 
3332580	002368 004276 004356 007028 
3332654	005180 006024 006031 006523 
3332761	001546 010956 
3332978	002153 008766 011299 
3332980	001749 007006 
3333007	001152 005180 008764 
3333094	004010 005180 007374 007378 
3333219	005141 008421 
3333381	007006 012227 
3333459	002856 004010 008421 
3333635	006026 007007 008764 
3333675	001163 002464 008434 
3389664	004036 005723 
3404308	004803 
