Students	1054
0145661	004083 
0254082	006024 006026 008764 
0480377	003003 
0649837	010965 
0672478	004815 006504 
0700408	011230 
0731629	006555 
0744449	006043 006060 
0751788	008446 008501 010966 
0757321	001840 001891 011209 
0779081	001474 011204 011205 
0781523	001837 002161 006847 
0786916	001840 001871 001891 
0795445	004083 
0828394	001546 001552 011203 
0828596	001179 001249 
0832653	003441 004036 
0833266	003278 
0847790	003026 003036 004276 007007 
0849713	004075 004889 009273 
0852608	009233 
0853174	003040 003433 008446 010965 
0856128	011224 
0859231	001840 
0859409	006850 
0861816	003433 010845 010965 011193 
0865582	005191 005310 009303 
0867125	004075 011202 
0868541	001851 001896 007403 
0870197	001837 002161 006847 
0871681	001249 003433 011204 011205 
0877028	003026 003033 003441 007041 
0887586	007398 011204 
0896476	002653 002688 
0896929	006043 009303 
0897034	007081 008446 009233 
0897911	001842 003270 
0897931	002432 002875 004734 006024 
0900240	001474 
0903449	004083 
0903917	001249 003518 004276 005272 
0904516	001851 001857 007396 011204 
0904680	004279 004281 004285 004303 
0904918	007370 010958 
0906085	008446 008501 008766 009233 
0906447	003003 003004 003441 
0906618	008437 008799 
0906896	008821 
0906963	001857 004275 004835 006504 
0907063	001546 003026 003036 
0907150	002433 002465 003274 003518 
0907217	002433 002469 
0907596	008501 
0908461	004670 
0908998	001840 001891 002668 
0909091	001465 004303 011204 
0909216	001152 001767 004276 005310 
0909240	003004 006043 007007 010942 
0909560	002465 003001 004874 
0909942	006034 006502 007396 008496 
0910403	003445 004810 010958 
0911775	003026 011237 
0911802	006026 010959 
0911936	001857 010944 
0912439	001474 002875 
0912699	003518 004889 009299 
0913115	001842 009303 
0913880	001465 001474 011204 011205 
0913946	004882 004889 
0913989	001546 008501 011206 
0914076	007393 007396 010977 
0914290	002464 
0914299	002464 
0915622	005216 006043 011185 011204 
0915648	004670 005252 005310 
0915740	004075 004083 007017 
0915885	001844 001851 007370 010948 
0916427	003433 010950 
0917165	004670 011224 
0917334	010948 
0917732	003518 
0918009	001546 002175 
0918064	001249 004075 006049 
0918074	004356 008821 
0918519	011193 
0918549	006504 
0918775	001771 007393 008766 
0919158	007398 008796 
0919283	001842 002174 002175 
0919776	004889 
0920095	001844 001891 008799 
0920237	001195 001546 007041 
0920248	009271 010845 011193 
0920251	004882 004889 
0920261	006588 010944 
0920400	004275 007111 
0944831	001771 
0945034	001768 008799 
0945264	003003 004670 008799 
0945449	006049 010942 010977 011204 
0945584	001842 002465 
0945635	008501 008821 
0945809	004083 
0945959	003407 006041 010942 
0945969	001861 004046 007404 
0946010	001840 001842 002175 
0947693	001442 001457 004285 004874 
0948390	001837 002153 
0948568	003433 004394 006024 010969 
0949279	002433 008446 
0950504	001474 011205 
0950811	009342 
0950942	002465 
0951991	004036 011204 
0952008	001768 006043 
0952211	011204 
0952443	007378 
0952594	003278 
0952783	002174 002175 004670 
0954240	001893 006024 006847 
0954641	002175 002176 005205 
0954830	001249 011204 011205 
0954831	008821 010958 
0956475	010965 
0957333	006868 
0958186	006546 006868 
0958879	006041 010942 
0958897	007391 009342 010944 
0958984	001842 010948 
0959092	007007 011041 
0959189	002175 010948 011189 
0959200	001896 006026 011204 
0959304	001851 002166 002175 002176 
0959919	010845 011203 
0960037	008799 010950 
0960068	001893 011237 
0960084	002175 006035 
0960497	006555 
0963413	010948 
0963528	003428 005310 
0964596	001546 006041 006043 010942 
0965861	010845 010958 
0965925	003518 004362 
0965927	003518 004075 004083 
0966077	001249 005252 
0966094	002176 010966 
0966125	011203 
0966268	004279 
0966299	001249 001842 001891 
0966303	004667 004889 010946 011189 
0966414	003001 003002 003003 
0967042	004815 008501 010977 
0967411	003448 010959 
0967988	006043 010942 
0968216	003448 009273 
0970193	002175 006043 006059 006847 
0970262	004889 006580 
0971073	004809 008446 008501 
0971315	003026 009233 
0972633	008496 008501 010977 
0972660	001837 002174 004083 
0972861	001857 002176 
0973811	004010 004874 
0976244	006580 
0976318	008501 011191 
0976421	007111 008821 
0980544	003518 010965 
0980693	002368 002464 
0981989	011237 
0982172	004083 
0984724	006504 009303 
0985094	002395 006546 006588 010945 
0985440	006580 006588 011028 
0986094	001195 001851 
0986262	003004 003040 009303 010945 
0986367	004670 005205 007396 011193 
0986688	002992 005205 005310 009303 
0986807	001249 001840 003433 011204 
0987243	003278 
0987276	005732 007923 007926 
0987347	007378 
0987600	003004 006043 010942 
0987613	010942 011209 011219 
0988100	001195 
0988245	011204 
0988263	001195 004010 006847 011204 
0988271	001840 001842 003433 007403 
0988355	004075 004083 004889 
0988544	008501 010959 011204 
0988620	008446 
0988625	002175 004285 011204 
0988657	005732 
0988826	003428 007365 010845 
0988990	006546 006580 
0989401	004889 
0989432	006868 
0989520	001861 
0989590	001887 006026 011204 
0990668	001767 003518 
0991120	003274 008437 008496 010948 
0991229	004889 005205 
0991668	001750 004874 004889 011204 
0991672	002433 002465 002469 004874 
0991756	001771 
0991763	001249 001844 
0991769	006868 006872 
0992186	001442 003433 005162 005191 
0992189	001249 002464 010946 
0992223	011041 
0992577	007374 011206 
0992616	001249 005272 010948 
0992744	001896 007396 
0992796	001844 001851 001857 011204 
0992801	004010 004276 006518 007040 
0993169	001844 002366 004874 
0993268	001842 003026 
0993506	001847 007378 010965 
0993517	007370 007391 007396 011204 
0993532	001424 001474 001546 001844 
0993551	001249 001842 
0993566	003433 010948 
0993818	011041 011204 
0995269	001771 004670 010969 
0998351	001427 002432 002562 009233 
0998799	002653 006580 006588 
0998815	010949 
0998885	001761 009273 
0998972	011224 
0999195	001474 010968 
0999689	004075 004083 008764 
0999712	011189 
0999715	006043 006045 
0999733	001152 010977 011204 
0999826	003004 008766 
0999833	005258 005310 006518 
0999896	002464 004874 
1000122	004083 
1000355	003001 006043 010942 
1000750	001842 003428 007040 008446 
1000939	001195 004083 
1000990	001840 001842 007081 
1001039	003278 
1001196	005252 
1001351	004815 004874 009299 010948 
1001394	001842 003003 007017 011037 
1001887	001152 004889 009233 
1001894	003026 006024 
1002036	005141 007378 
1002045	001887 001893 002175 002176 
1002047	007370 007404 
1002241	002397 003002 003026 010949 
1002248	001847 010942 011204 
1002405	006043 
1002606	010948 011204 
1002706	011204 
1002767	002175 002176 
1003020	001896 
1003100	007398 009242 010959 
1003128	010977 
1004206	004874 004889 011204 
1004225	001844 001847 001861 004670 
1004324	003274 007398 
1004733	001840 008821 
1004968	006588 007041 010944 010945 
1004997	003033 
1005059	003001 003026 006041 006049 010942 
1005068	001195 010948 
1005082	004012 006043 006049 010942 
1005102	001837 002465 011037 
1005112	006043 010942 010977 011204 
1005149	001465 001474 004010 
1005315	002465 002469 010965 
1005346	006588 008446 010944 
1005412	005258 005272 
1005451	003433 009271 
1005548	004279 
1005720	011204 
1005971	008821 
1006105	006024 010944 
1006405	002153 008496 008501 
1006438	001887 006043 010942 
1006744	001844 001851 001857 002992 
1006799	004036 
1006899	011204 
1007134	008446 011237 
1007196	001474 004360 
1007348	004889 011206 
1007394	006043 006059 010968 
1007554	001249 011204 
1007779	001152 001768 009273 
1007799	003001 003002 
1007842	001195 001249 004670 005205 
1007882	008446 009233 010944 
1007952	002856 004835 006518 010978 
1008282	004010 007370 007396 
1008387	003026 006049 006872 
1008925	001837 002174 006518 
1008967	003001 003002 006024 011204 
1009103	010946 011041 
1009559	001840 001851 004276 
1009729	002163 002166 004356 006043 006502 
1010175	010845 
1010643	001860 002161 011204 
1010750	005290 005846 010959 
1013071	001840 001842 007081 011189 
1013197	001152 006504 006868 006872 006874 
1015256	008799 008821 010965 
1015275	010977 
1016434	002175 006043 010942 
1016996	002464 007081 
1017339	002572 011219 011230 
1017412	001179 002992 
1017444	001840 002163 002166 006847 
1017492	001837 001840 006024 006504 
1017832	001847 001851 001861 006024 
1017840	001457 002875 004734 
1018183	003448 006523 011189 
1018817	003433 011204 011205 
1018936	002396 003001 006043 010942 
1019025	002396 002397 002469 
1019212	003433 003445 003454 
1020150	001840 001847 006847 008766 010948 
1020370	002653 003448 009242 
1020478	003441 004285 004803 010845 
1020520	005205 006041 006043 010966 
1021017	003433 006546 006555 010945 
1021751	003002 003026 007032 007882 
1021867	001847 001851 006555 006847 007403 
1024283	004728 006043 006868 006872 
1025460	002161 006546 006849 011208 
1025508	001195 003274 011204 
1025522	003026 006518 006588 011028 
1025533	001844 007374 007403 
1025569	004285 011204 011205 011206 
1025623	003274 006504 008766 
1025629	002163 002166 004356 006049 
1025845	001465 005162 008821 
1026650	002856 006026 007032 
1029566	001851 002161 003448 006847 010965 
1029737	001195 001851 001861 008446 
1029787	001887 002163 006847 
1030369	006031 006034 007041 
1030683	006518 006546 011028 011204 
1030693	003448 004015 004276 010965 
1032432	007888 011224 
1032769	003274 011206 
1032929	003001 003002 008496 
1034405	001842 003002 003026 007882 
1034578	002465 002469 002932 003428 
1036225	001837 002175 006031 006041 
1036442	001840 001842 006026 011204 
1037291	002856 003454 008764 010959 
1037338	001424 001457 004734 
1037745	001249 007007 010948 011204 
1038303	003428 003441 003499 010958 
1038420	001842 002153 002562 011204 
1038671	002163 002166 002176 004285 
1039679	005216 005252 005272 007007 
1039868	001840 010845 010965 
1039943	002397 002465 003433 003448 
1040045	001837 002153 007888 011193 
1040618	007888 007923 011193 
1040818	004075 004083 006043 007041 
1040868	003480 010845 
1040874	001837 002163 
1041140	005162 007374 007398 011193 
1041559	001844 001857 002161 
1042335	003433 010845 010949 
1044791	010949 
1045379	001851 002161 004276 004303 
1046439	005258 
1049050	004356 005290 005846 009299 
1049929	006043 010942 
1050781	002464 004276 008469 
1053105	008437 
1053370	002992 003274 010965 
1054176	004362 005258 005290 009303 
1055078	001179 006555 011028 011205 
1055290	001842 001851 006847 010948 
1055348	006034 006035 006041 010942 
1055441	007374 007396 007398 010948 
1055590	006504 006868 006872 
1056012	001771 003499 008446 010949 
1056024	002856 006504 007370 008764 
1056096	002153 004281 
1056203	003499 005732 006523 
1056217	003428 003433 
1056320	003428 003454 010965 011193 
1056722	003001 003004 006049 010942 
1056738	007081 007111 008446 010948 
1056815	005252 005258 005850 011237 
1056857	003433 003445 003448 011189 
1056910	002366 002368 002397 002856 
1056963	003003 004046 011202 
1056970	001840 008446 011189 
1056980	001842 001844 
1057004	004670 009303 
1057261	001195 004276 004670 005162 
1057520	002992 
1057610	001546 002856 
1058048	003026 008446 
1058058	002433 002469 004874 009233 
1058180	003445 003448 004810 010949 
1058223	006026 006035 010942 011204 
1058242	002442 002465 
1058421	001842 003518 004882 006580 011187 
1058893	002856 004738 
1059469	002856 006031 006034 
1059572	002161 008437 008766 010948 
1059654	003433 003445 011204 
1059677	007007 007032 011028 011189 
1060299	002856 003270 004360 
1062675	002638 
1063875	004356 004835 004869 011204 
1064045	004010 
1064148	005162 005258 
1064270	006580 011219 
1064605	002161 005732 011204 
1064752	001837 003445 005205 
1064780	003004 003026 006043 010942 
1064790	007365 007378 
1065142	001546 002163 002166 
1065148	001837 002856 007081 008780 
1065183	002175 004046 007041 010942 
1065196	001842 003441 007365 009273 
1065238	005732 010949 
1065271	001163 001842 004075 008766 
1065646	002856 004036 
1065654	003002 003026 007041 
1065732	001837 002856 007365 008780 
1066308	005252 009303 
1066309	001842 002161 004303 006504 
1066335	003433 003480 009271 010845 
1066431	004016 007071 
1066683	002856 006850 010978 
1066778	001842 002153 003441 003518 
1066915	004362 
1066982	003433 004815 008766 
1067182	004394 
1067241	002653 003433 003448 004015 
1067251	005850 006024 006546 010942 
1067334	003001 003004 006043 010942 
1067382	003270 003274 004360 007040 
1067460	001847 001851 006847 008766 
1067483	007041 011193 
1067502	003274 007374 
1067726	004835 
1067748	001195 007081 007106 
1067862	003003 007041 007080 011189 
1067933	001840 001847 
1068052	005282 006043 006850 010942 
1068109	007041 007081 
1068371	001842 002163 002166 006847 
1068383	002366 003001 003026 
1068549	001844 001851 001857 002153 
1073544	002992 007007 007081 007882 008469 
1076009	002163 002166 006847 010966 
1076085	007906 007923 007926 009303 
1076234	003448 004360 009271 
1076238	002856 006523 011237 
1076274	005162 005252 005258 
1076299	002153 004279 004303 006504 006555 
1076437	003448 
1076531	002856 002992 003407 004835 
1076776	006031 006035 
1076783	004016 005141 005252 009303 
1076854	004285 005732 005740 010950 
1076877	004738 005865 006031 011026 
1076922	001749 
1076923	003499 004046 005205 011202 
1076989	006041 006043 
1077065	004874 005252 
1077161	003433 006043 007007 010942 
1077257	003004 007032 011237 
1077380	001767 006850 
1077413	001837 002153 006024 007370 
1077416	007040 011189 011237 
1077417	004036 004667 011204 
1077482	001840 006045 010942 
1077683	001768 003445 005846 007365 
1077874	002856 004276 005846 006026 011204 
1078198	001179 005122 007365 007378 011204 
1078390	002153 004012 010948 011189 
1078413	001768 004285 
1078646	002653 002856 004015 004670 
1078648	004835 007032 011037 
1078655	001195 004012 
1078680	001750 
1078819	001179 
1078836	003003 
1078896	004046 007040 010948 
1078921	001840 001847 001851 006847 
1079085	002992 007374 007378 007391 
1079268	003270 007370 008766 
1079363	003003 003004 007007 
1079366	002163 002166 006847 
1079444	003428 003433 
1079564	002856 003003 005723 
1079756	001152 003441 004012 
1079771	001840 001847 001861 006031 
1079993	001195 001233 
1080272	001152 002856 007393 007882 
1080303	001157 001195 003445 006026 
1080648	001837 002176 
1080653	006031 006034 008799 008821 
1080654	001424 002856 005846 006024 
1080757	001840 003428 
1080792	003026 003033 011204 
1080808	002153 002856 004362 006024 010948 
1080894	002856 005141 005252 007365 
1081101	001837 001844 002856 003445 
1081249	003001 006034 011185 
1081250	001840 003428 004016 010949 
1081917	004275 006043 010942 
1082150	001842 001851 004285 007081 
1082315	001837 
1082708	002368 011204 
1082799	008446 008469 010944 010958 
1082842	001837 004016 006031 006034 
1082907	001840 001842 001847 002161 
1082919	004734 
1083431	010944 
1083594	004667 
1083812	005272 010944 011191 
1084017	001179 004869 008469 008496 
1084057	001837 002161 004012 
1084187	002366 002368 006031 006041 
1084321	001767 011193 
1084334	003454 003518 
1084363	001842 003445 007378 009271 
1085061	003433 003448 010845 010965 
1085106	001195 001837 002161 004036 
1085324	004667 004889 007007 011224 
1086447	003270 007365 009342 
1086489	008437 
1086710	002366 002368 002397 002856 008764 
1086802	002856 008799 010845 
1086867	002153 004279 004285 004360 
1086916	003004 006045 006049 010942 
1086927	001457 002396 002397 005723 
1087081	008799 011204 
1087116	002856 007365 008764 011186 
1087490	002653 002688 004276 008766 
1087782	001179 001546 001552 011199 
1087938	002368 004356 008766 010946 
1087960	004276 
1088120	002153 002856 004276 006504 
1088173	002856 004276 011200 
1088180	001844 001891 007403 011204 
1088192	001768 010965 
1088214	004010 006031 006504 011205 
1088365	003004 006034 006035 008766 
1088384	005122 006041 006049 010942 
1088558	001837 001840 002856 007378 
1088636	001842 002153 006555 009271 
1088690	006504 007040 007041 008821 
1088785	002161 006024 008764 
1088882	003441 011204 011205 
1088972	002856 
1089147	002875 005850 006031 
1090564	003270 003274 006024 007378 
1090933	002368 003499 009271 010958 
1092116	001840 002856 003433 
1092187	001837 002153 003433 006024 
1092999	001195 003433 005141 011204 
1093044	002856 003480 003499 008766 
1093549	001842 002856 006026 
1094134	002856 005850 006024 
1094520	006026 011243 
1094929	002856 004010 006024 
1095157	001842 001844 006026 011204 011205 
1095349	001842 003441 005723 010958 
1095596	002856 006546 006580 
1095717	002856 004036 004835 
1095814	003002 003004 007374 
1096113	001840 002856 005732 011028 
1096152	002856 007365 007923 
1096470	003274 006031 006034 
1096822	002856 004835 005290 005846 009299 
1097648	002396 009232 
1098099	001844 003002 008446 008469 
1098210	001424 002395 002856 004012 
1099059	001847 002161 002856 004036 
1099178	001837 002856 004012 006024 
1099662	004734 006041 007032 
1100129	001424 005162 010859 
1100338	001767 003433 005205 009271 
1100383	002856 006026 007923 010964 011193 
1100536	006031 006034 006518 008766 
1100537	003270 003445 007378 008766 
1100625	004015 004815 004835 009299 
1100899	005258 
1101031	002856 005725 010958 
1101336	002368 002397 002992 008766 
1101350	001163 003448 010969 011204 
1101406	002161 002856 011204 
1102030	001195 001837 002856 007374 
1102354	002856 004276 007391 008766 
1102530	003003 004016 007017 008427 008799 
1103391	001152 001195 005205 
1104151	002856 004803 004835 006024 
1104216	002856 005725 006031 006034 
1104356	001750 002368 002397 004275 
1104498	002856 003499 006031 
1104669	003004 004036 
1105086	002856 003445 007040 010966 
1105842	001152 001195 004360 010948 
1111549	001837 002875 004734 011204 
1111901	007032 
1112377	006026 008780 011193 
1115477	001837 002653 003448 008780 
1116377	002856 004835 005725 009299 
1116854	001837 001851 002161 006504 
1117142	004362 010942 
1117264	001195 001844 004275 011204 
1117320	004275 004279 004281 
1119989	002161 002856 005850 006847 
1121871	002998 003441 003448 003454 
1122784	003270 007374 007378 008766 
1122905	003441 004012 004815 009271 
1124785	002153 005723 007391 007396 
1126492	001767 
1126639	002856 003433 
1128560	010966 
1129708	003441 008766 
1129814	001152 002153 006019 
1131189	002992 006031 007007 007040 
1131602	002856 003003 008780 008796 
1131918	001152 001157 001424 005122 
1133174	002161 006518 
1134015	002856 008780 011204 
1134358	002161 002856 006847 
1136830	002368 002562 002856 006026 
1137955	001195 002856 004010 006850 
1139392	004012 006031 006034 010942 
1139478	001837 001842 004809 
1140609	001152 001442 004275 005850 
1141167	001152 002856 006024 008766 
1141220	005252 005272 007041 009303 
1141729	001840 002856 005725 009299 
1142212	003428 010958 
1142227	002564 006031 
1142309	001179 001840 
1142418	002856 
1143228	001771 002638 003480 006504 
1143265	005216 011204 011224 
1143290	002856 006035 006041 011209 
1143639	001837 002161 004036 
1143717	001152 001163 007007 007040 011204 
1143723	001837 001840 001842 007378 
1144234	006504 006518 008427 
1145146	002638 005252 006026 007032 
1145578	008437 008469 
1146215	003274 006024 008799 008821 
1146370	006035 006041 007882 011193 
1146782	002856 007040 007370 007378 
1149270	001157 001182 001840 
1149344	002856 007007 007374 007378 
1149565	002856 007017 007041 008821 
1149616	001767 003448 
1150699	001837 006031 006518 
1150720	003004 007378 007403 
1150758	005725 008437 008446 
1150965	001837 002161 006035 006041 
1157047	003003 005162 006031 006034 
1157506	003433 005152 007040 
1158007	001847 002161 002856 006035 
1158026	002856 007882 
1158208	002856 003004 004010 007017 
1158362	002856 011202 
1159063	001837 001840 002153 006031 
1160158	001837 002161 002856 008780 
1160614	001152 001837 008766 
1160658	002856 
1160885	002856 006031 010859 
1161132	002856 006031 011204 
1161482	011193 011204 
1161960	002562 004015 008764 
1162008	001152 001837 002153 
1162293	001152 001771 002680 
1163278	002856 005723 006024 007378 
1163326	001837 002153 002856 004012 
1163391	002856 002992 004012 006024 
1163417	002368 002992 004016 007007 
1163664	002856 004010 007365 008774 
1163855	002562 002856 
1163860	001837 002153 002856 004012 
1164190	005723 010958 
1164206	001424 004276 005723 
1165573	002856 003445 003448 
1165961	002564 003499 006504 008764 
1166163	001424 001427 002856 004734 006024 
1167438	002856 007878 008766 
1167714	002992 006031 
1167996	001152 002153 002856 004046 
1169109	001840 006546 011028 
1169257	001844 002153 005122 008437 
1169331	003441 003445 008764 010949 
1169341	002669 002856 003448 008780 
1169360	001771 002856 003448 
1169369	002856 002992 
1169382	002856 007370 007378 008766 
1169386	002856 004667 005216 007878 
1169402	001152 007374 007378 010948 
1169962	001844 002161 004276 006024 
1169968	001442 001465 005732 
1170033	002856 006026 
1170071	001233 002153 011204 
1170303	002161 006031 011204 
1170370	003274 005141 005205 006026 
1170470	001767 007365 010965 
1170703	003002 003003 007007 
1170709	002992 006026 008764 
1170757	003445 003454 004012 
1170823	001837 002153 004016 
1170848	002368 002397 007040 
1170860	001840 003441 003448 006555 010965 
1171002	001842 004356 004810 004869 
1171297	002368 002572 002856 011230 
1171414	002992 004016 007007 
1171461	001840 002856 004015 007032 
1171905	001179 001837 002856 006031 
1172030	005141 005310 006026 011193 
1172355	001442 002875 006850 
1172397	001842 001847 001851 
3064940	001837 002856 006847 011204 
3064977	002856 006504 007370 007378 
3065039	003001 003003 
3067556	002998 003003 004036 007017 008496 
3068353	001842 004276 004803 008764 
3068369	001844 003441 003518 008774 
3068712	001837 002161 003433 005725 
3068772	002395 002397 002992 008780 
3069038	003428 003448 003499 
3069264	006034 006035 007032 011189 
3069337	004010 004810 006026 
3069991	001152 001837 002856 003445 
3070017	002856 004010 008437 008469 
3070090	002397 002856 009232 
3070344	001840 002153 006024 011204 
3070374	001546 004046 005725 
3070406	002163 002166 006035 006847 
3070438	001844 002153 006024 007378 
3070440	001840 007041 008766 
3070476	002856 007365 
3070648	004285 004360 011204 
3070881	003433 004012 006024 
3071015	001152 002856 006504 010978 
3071094	001749 001844 002153 004276 
3071136	002368 002856 002992 006024 008764 
3071151	001767 004016 006031 010859 
3071313	002856 008766 
3071734	002653 006504 008821 011186 
3072063	001152 001768 
3072208	001837 004036 006034 006035 
3072293	001152 003428 005850 
3072397	002688 002699 004356 006850 
3072447	001179 003433 004803 010958 
3072477	003003 010942 
3072484	002161 003433 003454 
3072594	002564 003004 006034 
3072867	002562 002856 003448 003454 005725 
3072890	004012 007007 008780 
3072910	001842 003274 007393 007396 
3073004	002397 003001 007040 011189 
3073066	003001 003004 007365 007378 
3073138	001152 007365 007378 011204 
3073143	001842 007040 007041 009335 
3073146	001152 002153 002856 002992 008437 
3073169	002856 003001 003003 006043 
3073300	002368 002397 003480 009271 
3073357	001840 002153 006847 007378 
3073384	003001 003003 003004 007040 
3073507	001837 001844 002397 010959 
3073568	002856 004276 
3073666	001179 003004 006031 006034 
3073692	002368 002397 008766 
3073702	003270 004010 007370 008799 
3074001	001842 002368 002397 004012 
3074023	005846 006868 006872 006874 
3074167	004016 007374 007378 011204 
3074289	002856 003480 005723 006026 
3074314	004010 
3074551	002875 004738 006026 
3074570	003001 003003 010978 
3074634	004012 004803 006026 
3074711	003270 006024 008764 
3074734	002856 005725 007370 007378 
3074792	007007 007365 008774 010948 
3074891	002992 007007 
3074930	002368 002395 002397 008774 
3074936	001761 003433 
3074965	004012 004809 006024 007365 
3075163	001152 002856 007378 010946 
3075188	002564 006026 006034 006035 
3075371	001152 001424 002856 007007 
3075745	006031 007041 008821 
3075829	001749 006019 008766 
3076190	003004 007032 007040 008766 
3076211	002564 004010 006031 007365 
3076456	001837 002153 008766 
3076489	003002 004012 004276 
3076576	008427 008446 008469 008766 
3076618	001767 004285 005290 011204 
3076896	002856 004046 007081 
3076930	002856 007378 010958 
3077033	002856 006024 006518 011204 
3077064	002856 003001 003004 004275 
3077163	003441 005162 007378 
3077336	003003 003004 008766 
3077471	006043 011230 
3077472	003001 003003 004016 007040 010942 
3077623	001837 002856 007378 008766 
3077762	002161 002163 004010 006031 011204 
3077809	002636 003003 
3078073	002161 002856 008437 
3078408	005723 008799 010950 011202 011204 
3078465	001844 003480 006026 010845 
3078500	004276 004815 007888 011193 
3079272	003001 003428 
3079369	004010 010948 
3079370	002653 003270 004012 007370 
3079376	003001 006031 006034 010942 
3079675	002856 004015 006026 007007 
3079862	006031 006849 008764 
3080198	002856 004803 008764 
3080473	001179 002856 003003 007370 
3080592	002366 002397 004012 004874 
3080595	001851 002161 002992 
3080612	002856 003003 006024 
3080794	002856 003448 007878 011193 
3080937	003445 009271 010965 
3081061	002856 005725 007032 
3081368	001152 003002 004012 004276 
3081669	002856 006024 006849 008766 
3082398	001179 004667 011204 
3082682	001424 001837 004012 006504 
3082830	001152 001424 002856 004016 
3083787	002153 003448 
3084099	005122 
3085083	002856 006031 010859 010948 
3085403	006850 010944 
3085504	002856 007041 008821 
3085509	002856 003004 008766 
3085513	003002 003003 008766 
3085521	001163 002856 008821 
3085644	003002 005252 
3085649	002856 006849 010942 
3085728	007365 008764 
3085810	002368 002856 005723 007007 
3085836	002856 005723 
3085909	002856 004276 004670 007878 
3085986	002368 002856 002992 011204 
3086015	001424 007378 011205 
3086180	002856 002992 004012 007378 
3086238	007378 
3086400	002153 002856 002992 004016 006031 
3086512	002856 004835 005723 007365 
3086536	003433 005162 005846 006850 
3086747	001152 002856 004360 007365 
3087347	004010 007365 008437 
3087352	002856 005850 006024 007007 
3087394	003445 004010 007370 007378 
3087407	002856 006504 006523 007007 
3087433	001179 004036 
3087444	002153 002992 008437 
3087449	002856 003003 006024 008766 
3087493	004809 008764 
3087696	003433 004010 007365 
3087720	002856 003270 003274 010958 
3087983	001424 002856 004015 011193 
3088090	001152 002153 002856 004356 
3088117	001195 001837 006024 007365 
3088124	002153 002856 004667 008764 
3088352	001152 001424 002562 
3088421	002856 003433 004275 
3088521	002153 006024 007378 008764 
3088651	002856 005120 007007 
3088652	002992 004276 008774 
3088812	001179 001195 007365 008766 
3088978	001837 005732 005740 006024 
3088988	003270 003274 007365 011204 
3089009	003270 003448 005162 006026 
3089081	001195 002856 006024 006849 
3089276	002856 004015 007365 010958 
3089298	002856 007365 
3089341	001424 002856 004360 004803 
3089566	001195 002153 006024 007365 
3089611	004012 004276 011204 
3089636	002856 003270 007365 008774 
3089651	002856 007374 
3089824	004276 
3089892	002856 004010 005162 005290 
3090266	002153 005205 007378 011204 
3090362	004016 004809 008446 011204 
3090519	001424 004276 004734 006024 
3090537	001152 004012 005205 
3090785	001152 002856 004275 008764 
3091295	001152 005141 007365 011204 
3091573	004016 004276 006504 
3091653	002856 005205 005846 
3091695	004016 004276 007007 
3092072	001152 002153 002856 007365 
3092236	001152 002856 004010 004275 
3092294	002368 005723 010968 
3092360	002856 006518 007365 011204 
3092431	002153 002856 006024 008764 
3092580	001424 002856 004010 007365 
3092599	001424 004010 004810 007365 
3092880	002856 004015 006504 007007 
3092969	004809 005122 011193 
3092972	001152 002856 003003 008766 
3092985	001152 004012 004815 
3092999	002153 002856 004356 006024 
3093174	002856 004698 006504 
3093190	002856 003003 004012 006024 
3093221	001837 002153 002856 006024 
3093369	002856 005846 006024 006849 
3093697	001837 004670 006024 008764 
3093770	002161 002856 002992 004012 
3094033	002856 004012 006026 007365 
3094287	002562 002992 004285 004356 
3094573	001424 004734 007032 
3094695	002992 003445 004010 007365 
3094719	006024 006504 006849 
3094722	002856 002992 006518 011193 
3094809	002153 002856 004010 006024 
3094906	002856 011204 
3094908	002153 006024 008766 
3094992	002636 006031 006849 
3095009	001837 005162 005205 011204 
3095050	001152 003480 004012 
3095105	002153 003003 003004 006024 
3095111	002153 002636 004276 004285 
3095335	001749 002153 005723 006024 
3095387	001837 002856 003480 005723 
3095588	001152 008437 008766 
3095625	004809 006504 008764 011205 
3095630	002992 003448 006026 008766 
3095649	003003 003004 006031 007365 
3095719	002161 002992 004010 006024 
3095842	002856 003003 004012 004276 006024 
3095924	009273 
3095928	002856 007007 008766 
3095968	002153 004012 006031 006035 010948 
3096011	002153 002992 006031 010958 
3096149	006024 008766 
3096150	001750 002856 007365 
3096547	002161 003270 004012 006024 
3096592	001837 002153 006024 008766 
3096693	001152 001442 002562 002856 
3096962	002856 003004 004012 
3097133	002153 002856 004356 006024 
3097158	001424 001837 005846 006024 
3097341	001424 002856 004015 
3097347	002153 002368 002856 
3097462	001152 002564 003448 
3097607	002856 
3097636	005205 006024 006849 
3097894	002856 004809 006031 
3097903	001152 001749 002653 008766 
3097953	007365 008774 
3098292	006504 007032 008774 
3098330	002856 006024 
3098354	001771 009271 
3098754	001152 001837 002856 004012 011204 
3098796	001152 002368 004356 011205 
3098799	002153 002856 004360 006031 
3098883	002153 002856 006024 008766 
3098918	005723 007403 
3098948	001840 003448 005723 
3099165	002161 006849 010948 
3099359	002680 002856 004016 007007 007032 
3099420	001546 003407 
3099448	001152 002153 006024 
3099467	002562 002856 004046 005723 
3099468	004276 004670 005723 
3099470	007374 
3099590	003480 007365 007378 008766 
3099704	001546 008446 008764 
3099729	004803 006026 006504 
3099757	003003 006031 007365 
3099774	003004 006024 
3099822	001424 002856 004670 004734 007032 
3099911	002153 002856 004010 006031 
3099957	004275 010968 
3099986	002153 005120 006024 007007 
3100110	002856 006024 007365 010946 
3100408	006024 007378 008764 011204 
3100628	001152 001163 002856 005120 
3100678	002366 002856 004275 008764 
3100824	001152 001424 007365 008766 
3100835	004356 006024 006849 
3100876	001424 004016 004803 
3100897	001546 007378 
3100927	001152 004275 004356 
3100989	002856 003003 007370 008766 
3102057	002636 003003 006024 
3102153	002856 004275 007041 008764 
3102316	002856 002992 004015 006024 011204 
3102380	002153 002856 006024 006026 008764 
3102599	002153 002992 005725 006024 
3102832	002368 002856 007365 010946 
3102868	003270 004016 
3102884	001152 004276 006504 
3102915	002153 004276 007378 008764 
3102974	001749 002856 004285 004360 
3103038	002366 002856 006024 007878 
3103177	001152 001424 004815 006031 
3103445	002856 006026 008766 
3103807	004010 006026 009271 
3103826	002856 005122 007365 009271 
3103933	001424 002368 002856 004010 
3104386	002564 002992 006504 007365 
3104489	001837 002856 004734 010948 
3104541	002153 002856 006031 008764 
3104658	002653 002856 006504 007365 
3104731	002856 003001 003003 004036 
3104770	004809 005723 006024 007378 
3104899	002856 004012 006026 007365 
3105046	002564 002856 006850 008764 
3105166	001837 002856 002992 004016 
3105511	004010 006024 
3105612	002856 003003 007040 011189 
3105802	001152 005205 007370 007378 
3105818	001195 006024 
3105820	001546 002562 008766 
3105821	001546 002992 007007 008764 
3105854	002856 003003 010942 
3105862	002856 005723 006024 
3106068	004012 006504 
3106074	005141 008764 
3106131	004734 007378 011205 
3106525	002856 005723 007032 008780 
3106561	002153 002856 004010 006024 
3106769	001427 004010 004815 006026 
3106835	002153 003433 006024 
3106953	001840 007370 008764 010948 
3107254	001837 002856 004012 006024 
3107323	001152 004012 005162 006026 
3107589	001152 002368 002856 008764 
3107658	005162 006850 011193 
3107774	001424 002856 002992 004010 
3107963	003441 
3107966	003003 003441 006024 
3107980	002856 003001 
3107993	002368 002856 003003 008766 
3108036	003448 004670 005120 
3108306	002166 006035 
3112067	001837 001840 001847 008764 
3195980	001844 002366 002368 008764 
3198211	002992 005850 007365 
3213032	006502 
3217041	001750 
