Students	1731
3425114	013176 
3544262	006026 003454 014124 015665 
3551641	006026 004012 012729 
3580389	006026 
3591211	006026 013193 013627 015418 
3651365	006026 004281 004282 015670 
3652276	006026 002161 002161 007378 007403 
3692761	006026 013174 013180 
3693185	006026 003275 003456 
3788919	005723 004806 001764 013176 
3820397	001213 015513 
3915044	005723 001152 002368 003406 
3914820	002929 002562 004010 006031 
3699561	004807 002653 003454 001766 
3821162	004276 002412 009232 015239 
3492423	006045 003029 010943 
3503382	006045 006041 006060 010943 
3559534	006045 010943 006060 010977 
3575916	006045 002569 002572 013915 
3577485	006045 006060 007006 012353 
3578252	006045 006868 010943 008770 
3578804	006045 008782 010943 006060 
3581135	006045 010943 
3631215	006045 010943 014570 014570 014571 014571 
3651243	006045 015675 007923 010943 
3667273	006045 010943 006041 
3691416	006045 010943 
3692098	006045 006041 015449 010943 
3692771	006045 010851 010943 011223 
3820030	006045 003001 006504 010943 
3821393	006045 002569 002572 010724 
3930841	005846 014570 014570 015408 014571 014571 
3789175	014570 014571 001843 003454 013180 014570 014571 
3907037	014570 014570 014571 014571 002562 008770 
3929704	014570 015114 002153 002153 014570 014571 014571 006504 015673 015672 
3430527	015666 
3839910	005723 007368 014570 014571 014570 014571 
3930614	005723 007006 012487 007368 
3930674	014570 006504 008764 014570 014571 014571 003406 
3695510	013613 007006 
0468326	005739 
3711406	005723 015674 015675 015676 
3819380	005723 002368 002412 009232 015239 014866 
3910185	014570 001152 005141 008764 014570 014571 014571 
3581207	007128 007040 012487 
3460718	004048 007128 009335 
3483546	015675 
3498974	002368 013613 015106 009232 
3506324	015406 006588 
3529298	001899 007393 012291 
3580259	001213 001249 004276 015513 012304 
3581980	011223 
3581981	009304 005271 003406 013207 
3600785	001766 007375 015665 
3648970	006546 011315 
3689931	015679 
3768303	006031 006851 006851 013176 
3790492	008484 004010 008469 015245 
3795919	004015 014570 015666 014570 014571 014571 
3813457	001152 004016 013176 014570 014571 014570 014571 
3816756	008770 001152 
3818480	006034 008764 010851 015500 
3851345	011342 014570 006500 014571 014571 
3903994	001152 002153 002153 008769 
3905868	001152 007374 015407 007378 014865 
3910321	011342 015677 
3911048	002876 009225 015114 
3929776	002992 004010 004806 006024 
3930135	006024 011342 003406 
3930301	015540 015663 
3458065	002562 015666 008769 002153 002153 
3470797	008778 012821 
3471190	001757 
3477425	006060 006847 006847 011223 006045 
3478356	010943 010977 006045 003275 
3480728	012326 011312 015133 015650 
3480734	003464 003525 
3481894	006847 006847 001843 001847 
3482101	002153 002153 001757 004889 015660 
3482288	015455 015113 006880 
3493704	001763 014122 015455 010851 
3493748	002163 002166 011827 002175 
3493764	005293 001843 009304 015667 
3503587	015114 012437 
3519078	002636 010977 001546 
3533093	015407 015106 014122 
3552259	004023 007378 
3556617	005257 007378 015114 005271 
3556970	006060 010851 
3558543	006880 015260 014865 015455 015245 
3559172	014114 
3559464	001847 015250 007374 
3559612	009273 015408 
3559815	014987 005271 002390 
3560199	007128 014865 015661 012819 
3560487	001871 002153 002153 015449 015513 007407 
3561516	012819 014987 005257 
3564528	006043 006880 015455 
3574137	001847 007393 010724 
3574483	001249 007006 001213 015511 
3574563	001213 001249 015418 
3574639	014100 
3575266	004065 005263 011342 013190 
3575971	008810 010872 
3576231	012339 015513 015508 
3577109	001152 006588 014982 010944 
3577146	007926 012339 012734 015449 
3578443	001760 011198 015673 015672 
3578488	004393 014100 
3578707	015413 015413 015677 005271 
3579092	003275 008469 012822 
3580095	006868 015455 004065 
3580346	002992 007070 008484 011312 
3580586	001213 015511 008764 011307 
3581081	007888 007926 
3581315	005846 015500 003454 014180 015449 
3581786	001757 004048 012355 001562 
3581999	012326 013648 
3589576	008770 012326 007028 
3601391	003270 015669 003029 007070 
3616918	010943 
3619323	005141 014100 015665 003421 
3620017	007378 007393 
3630474	008773 014865 014866 
3630915	003275 003454 015665 
3632720	002163 004293 004282 015449 
3634695	005743 013176 015665 
3635008	014865 012437 015113 
3635012	004275 007070 015669 
3651499	002572 010724 006045 
3651605	010851 006045 010943 002161 002161 
3651750	007375 007374 011535 
3666570	006847 006847 013627 006024 
3667404	003464 013174 015245 005218 
3667453	001152 004015 015114 
3669069	014120 014865 014866 
3675467	004282 002153 005228 006026 002153 
3678357	002564 011305 014120 006031 
3683644	002562 007882 014100 
3689500	001752 002163 002166 011827 
3690361	010851 013627 015407 006045 
3692164	005846 001764 003421 006539 
3693286	007393 007403 007374 012437 
3693612	013174 007040 013180 013997 
3694101	001766 015406 015660 
3694797	006041 002572 011075 001871 006060 
3695434	003014 010944 015449 
3699567	002161 002161 006508 014570 014570 014571 014571 006031 
3759092	005846 004023 006024 012294 
3767997	004010 007374 015114 
3768339	004023 015244 003454 
3768555	001774 009273 003522 
3789055	003004 013613 006045 
3796230	014865 007128 015669 
3796237	011075 003525 007393 
3797084	002393 009240 
3797576	010944 004807 006539 015513 
3814107	006500 
3814296	002562 008770 001152 007378 
3816108	014570 014571 001152 002992 003406 014570 014571 
3816336	007374 002153 002153 006847 006847 015114 
3816549	003014 008778 010944 013180 
3816963	008770 015667 015449 003406 
3817379	011536 
3817487	002153 002153 008469 012326 
3818686	015408 013207 015665 003522 
3818782	006041 006043 002929 
3818807	001881 002153 002153 006847 006847 007378 
3819143	002569 010724 
3819304	001152 011075 002153 002153 003454 
3820858	008764 007370 014570 014570 014866 
3820970	003004 015672 015673 015681 015682 011198 
3821004	015673 002412 003008 
3821016	007374 007378 001747 004806 
3821088	007923 007375 007888 
3821269	002153 002362 008469 012822 002153 
3821440	002161 002368 014571 014571 014570 014570 002161 005141 
3821588	003001 012819 013613 007040 
3821632	009232 011534 
3822535	003275 
3823113	015113 
3823307	014120 014571 014571 014570 014570 
3823438	008773 013176 013207 
3833424	006024 006500 008770 015413 015413 
3843810	003406 008770 003421 002876 
3846717	002161 002161 002876 014570 014571 015114 014570 014571 
3851735	002876 011312 006019 
3852217	009225 008769 011535 015448 015448 
3858245	003406 002562 007368 
3901722	001152 002153 002153 013190 004807 
3901790	003406 014570 001152 014570 014571 014571 006504 
3903861	006024 014570 014570 014571 014571 015672 015673 004276 
3903896	006851 003406 006851 001757 006031 
3908300	011536 002876 015449 
3910937	004015 004806 007006 012304 
3911124	001764 004810 005723 007374 
3913159	011987 007006 004807 001751 002562 
3913185	001424 011342 014122 
3913862	002992 007028 008773 012818 
3914344	001152 014570 014570 014571 014571 003406 
3914754	015540 006024 004276 
3915040	014571 014571 008770 014570 007368 014122 014570 
3915043	014570 014570 014571 014571 
3929165	003464 008764 015511 015513 
3929235	006031 014571 014571 014570 002562 014570 006024 015540 
3929810	004807 
3929954	005846 005141 
3930042	014570 014570 014571 014571 003004 011342 014866 
3930052	001152 005743 007368 010872 
3930220	007378 002151 006504 003406 
3930253	015674 015675 015676 
3930544	014570 014570 014571 014571 002153 002153 
3930678	006031 008764 002153 002153 013190 
3930817	006031 014866 
3930831	001552 012354 014570 014570 014571 014571 001546 008769 
3931001	004016 007368 014866 
3473086	009273 
3475959	006045 006043 008764 006500 
3481391	015661 014628 
3488858	013185 013640 004276 011312 
3492392	002992 015113 003456 001764 
3518231	015513 001213 007128 014865 014866 
3540428	015677 005743 012304 
3540705	002438 002412 
3544945	012437 001766 007407 
3549272	006847 006847 
3557244	001894 006847 006847 011075 015508 
3558528	006588 006500 015670 003014 
3558838	012437 012730 007407 012352 
3559857	006847 006847 015418 
3559970	002412 015677 015413 
3560234	008774 003421 012437 
3560770	003034 010943 003031 006041 
3561430	008782 015500 012304 
3575969	004889 015672 015673 015413 
3576753	011187 004889 015449 015666 
3577054	002876 006500 013180 005161 
3578921	001752 
3579579	005263 012339 015413 015413 015670 
3580584	012352 006045 010977 006500 
3580671	002876 007888 009304 014122 
3581232	001881 006847 001899 006847 
3581827	015113 015413 012326 004832 
3581870	012730 003522 
3609553	005218 007028 007040 012487 
3610671	003454 013180 015449 004016 
3612427	002876 005853 006523 
3616872	003454 005853 015408 
3620520	002992 014180 003454 015413 001424 
3652473	008782 001152 015406 003448 
3663306	008484 001757 
3665045	003454 005263 
3671929	002412 002368 002383 006024 
3687862	007006 007070 014628 
3689328	007374 007378 007370 008764 
3690652	001152 012437 015114 015245 
3693084	002153 002153 013998 014570 014570 014571 014571 008770 
3693856	008778 008810 012304 015500 
3694980	013997 014180 003525 
3695542	015677 005257 009304 
3708638	015114 002569 002572 002368 
3709927	008469 008782 015133 008484 
3758045	002368 002562 015239 
3758075	001424 002876 005846 006523 
3768356	007374 015114 007378 007393 
3769368	006031 006034 006041 003406 
3774021	006034 006504 010851 013180 
3775417	004379 005853 011987 014124 
3788983	015513 008782 012304 008810 
3789070	005734 015413 015413 005293 005141 
3789136	001152 015500 015114 007375 
3789283	002153 002153 004807 006847 006847 006034 
3790857	003270 006031 007878 014570 014570 014571 014571 
3796723	007393 012353 014982 007378 007375 
3796906	006031 006034 006504 010943 
3797164	001213 001847 015507 015508 
3799474	002153 002153 014571 015013 002876 014570 014570 014571 
3801768	002153 002153 014570 014570 003406 014571 014571 
3811886	002992 003456 007878 006504 
3811941	001152 004012 014120 
3816708	001766 012487 002562 
3818064	002153 002153 014570 014570 014571 014571 001843 012291 015650 
3818770	002636 007368 015408 
3819177	004015 003406 006031 002992 
3819232	005263 015449 015407 004010 
3819613	001763 007374 014122 
3820037	003001 007368 002397 
3820038	006500 010943 002562 006043 
3820885	003270 004281 004282 008774 
3821571	013613 007040 003001 
3821766	007374 007378 003421 004010 
3822218	001152 006851 006851 003270 
3822912	006508 006031 006860 015660 
3823228	008764 014123 015496 
3833378	014570 014571 002153 002153 004016 014570 014571 015667 
3844962	001752 002562 013176 005846 
3845742	001152 004360 006504 014570 014570 014571 014571 
3846234	008773 007378 014120 006024 
3848104	002564 006031 006523 008773 
3852207	001152 002153 002153 012818 
3871577	015408 007374 004012 002876 
3901691	012304 002153 002153 006019 008782 
3902905	008764 006024 014570 014570 014571 014571 007374 
3903092	003270 007006 008764 
3903520	002876 003421 011987 
3904254	011342 007051 015244 
3905871	006031 006851 006851 007368 005846 
3905885	002368 002390 007006 008770 
3910848	004012 006024 007378 014570 014570 014571 014571 
3913671	004360 014570 014570 014571 014571 006031 
3913786	014120 007878 004807 
3914371	006500 007368 008770 015672 015673 
3914498	015674 015675 015676 008764 
3914502	014570 014570 014571 014571 002153 002153 015678 
3914745	003421 003456 004010 007032 
3914750	013213 015678 006024 
3915026	006504 011342 002397 
3915042	007368 014866 004356 
3929468	010943 003007 
3929586	001152 002153 002153 008770 014570 014570 014571 014571 
3929679	003007 002151 006031 008764 015540 
3930026	001152 008764 003406 
3930034	003014 014120 008764 007028 
3930162	015540 001152 014120 007368 006500 
3930260	001152 003406 006504 008769 
3930705	011535 007374 007378 014571 014571 007370 
3930890	014987 015670 009270 
4000229	004293 003406 
3462240	006041 015113 007407 011312 
3492361	002564 006041 006045 015449 
3497993	002161 002161 012291 013193 
3503630	012326 015500 
3505185	015674 015675 015676 
3510878	015674 015675 015676 007128 
3514095	015677 015133 
3560511	002562 005141 015408 
3561229	002992 004306 006026 015501 
3569865	015661 
3575071	009232 012821 
3575735	001249 005743 015511 
3578191	013998 015669 
3579028	015677 003029 015113 
3580139	015674 015675 015676 004889 
3580251	007368 013627 
3580798	015501 002396 003031 009232 
3581228	006588 009342 
3581247	015677 005271 009304 015667 
3581609	001757 007393 014987 015650 
3585962	004048 015669 
3592208	001763 010944 
3606293	015674 015675 015676 
3609407	009335 007368 
3631101	014865 014866 012339 013997 015670 
3651412	015106 015449 015511 
3655749	015674 015675 015676 008484 004379 
3666995	002876 004012 015507 003406 
3667464	006868 008810 006034 006874 
3667676	007393 011342 
3667749	003270 003001 011187 
3668130	002636 007368 008469 003406 
3668378	004276 005723 006031 
3668623	015674 015675 015676 
3669280	002874 005864 015408 
3690516	015677 009304 015413 
3691616	007374 007375 008773 012326 
3691783	006031 006034 009270 006851 006851 
3691981	010943 008810 006045 008782 
3693092	005293 009304 011305 005122 
3694433	015674 015675 015676 007374 
3699613	015677 007375 004048 
3708949	004016 006847 006847 001843 002153 002153 
3715174	003014 007070 008782 010944 
3716638	002161 002161 006847 006847 006504 
3759337	006031 008769 006523 
3764613	015114 003448 004356 009225 
3768034	004048 006026 015668 
3768588	004362 005141 001152 001424 
3768625	002153 002153 004023 005734 001847 
3769494	009225 004023 015245 
3773692	002153 002153 003454 003456 014570 014570 014571 014571 
3796974	006026 003454 
3797168	004012 007374 007378 014140 
3797266	014122 015508 015449 
3797429	003001 003014 013613 007370 
3815949	003014 014628 001152 005271 
3816181	002420 006026 007368 009213 
3820032	006045 002564 003406 006043 
3820963	002368 002384 002636 
3820965	006860 006874 006868 010943 
3821166	002161 002161 002368 005228 006031 
3822613	013648 
3822995	006504 007368 015449 
3834985	001152 007368 014120 014570 014570 014571 014571 
3851907	015674 015675 015676 
3852520	002562 002992 008773 007006 
3902439	006024 014570 014570 014122 001843 014571 014571 
3902614	006504 008764 
3905715	004048 
3913807	007006 004810 005846 006504 
3914166	015677 005723 015244 
3914251	012818 002153 002153 006024 008769 
3914813	003008 002562 003014 003406 006031 
3914968	003448 001424 004010 005228 
3929651	015674 015675 015676 002397 
3930168	001152 004010 003004 006024 
3498772	008810 013146 003014 015513 
3520100	010977 015500 
3524066	014628 007926 012734 
3531305	012353 015113 015672 015673 001760 
3560193	002412 015106 
3561280	010943 006041 006060 
3576230	001763 012730 009270 
3580159	005743 010944 
3581389	015681 015682 001760 
3581596	001763 002698 
3596492	015681 015682 001760 007374 
3596713	002153 012291 015660 009231 002153 
3599090	015681 015682 001766 009213 
3602435	015665 014180 001774 007368 
3650596	010943 006045 006041 015248 
3668196	012291 002161 007374 007403 002161 
3689845	002572 
3690719	002569 006504 006868 
3694012	002992 013207 014628 
3694415	003004 003029 010944 005734 
3694417	002569 002572 006045 010943 
3695539	001213 015513 015669 001424 
3699536	015449 003464 013174 
3712905	003464 
3790244	006847 006847 001843 002153 002153 008778 
3817962	006847 006847 006024 002153 002153 005257 
3819196	006024 011305 006031 006851 006851 
3819269	003004 006024 006851 006851 003008 
3819309	003454 006026 013174 
3819367	012292 010872 
3819372	015681 015682 012352 004010 001751 
3820745	006031 001843 005723 
3821254	013627 001843 002153 002153 
3821439	002562 003001 003004 006045 010943 
3858042	014570 014570 014571 014571 002876 007878 
3860451	002564 007051 008764 014120 
3900952	001152 001766 
3901254	005122 015666 
3903138	015681 015682 004015 
3904251	001152 006031 014114 
3904320	007378 013190 002390 006500 
3904965	015496 007370 007378 008774 
3915038	008764 002151 013190 003406 
3929815	006024 006851 006851 003406 002929 
3931962	001843 002151 014571 014571 014570 
3931971	010872 012292 015507 
3397771	004275 015679 004012 
3464954	002368 003008 005846 003001 
3476864	002420 014865 014866 
3480999	001899 
3483954	007128 012339 
3485774	013641 005228 007070 
3538202	015113 001871 015508 006847 006847 007407 
3540190	005218 002398 015106 015513 
3560167	001899 011075 
3570123	007040 007128 012339 013190 
3577167	003270 010977 
3580407	010977 013174 015408 
3581192	006880 007128 015455 015014 
3581227	002572 013915 
3581962	008810 012304 004306 
3591844	002163 002166 011827 
3652373	003448 004065 015665 
3667311	002874 002876 007006 
3667677	009304 005257 
3668420	014865 014866 001847 002992 006026 
3691748	009270 003004 003029 
3691925	002992 014628 012355 
3691962	008810 012304 013180 
3692852	012729 015679 002876 007368 
3692862	006031 006034 014120 004807 
3711797	002653 007888 015408 
3712888	002161 002161 001843 013627 
3714653	012304 014122 
3722764	002153 002636 006504 014570 014570 014571 014571 002153 
3724014	007370 007374 006500 
3764422	006026 008770 015513 014628 
3768088	003454 007374 007378 
3789315	001457 005853 010872 015507 004356 
3789439	004012 006504 004275 013190 
3789493	007368 006045 006874 
3793612	010944 004016 
3799593	014120 006024 008769 014570 014570 014571 014571 
3815902	003421 005263 015496 
3816486	006031 006024 014114 015449 
3816832	001457 001448 002636 010872 
3816993	004275 004281 006504 006539 
3817048	005743 002653 005739 
3819585	015114 
3819628	003270 003464 003525 009270 
3821116	006851 009232 002396 006851 002929 
3821687	006024 007032 011342 
3823271	004276 003014 003406 
3823311	007032 003448 004012 014100 
3856450	002876 003448 
3913164	006024 008778 014570 014570 014571 014571 015667 
3914515	001152 007368 002153 002153 006031 
3914906	013180 
3915088	008782 014122 014570 014570 014571 014571 
3929167	004356 008469 011307 003406 
3930118	015413 008764 015413 007368 015449 
3930967	004012 014120 007032 007368 
3995719	003464 004275 011312 015679 
3486653	004832 006847 006847 
3559319	007374 008782 
3559657	015113 004048 007378 
3575483	002166 001546 001847 001894 
3576763	006539 014120 014969 012821 
3576990	001152 004362 
3577703	003002 006500 007368 
3578177	014120 001766 001764 
3581077	006041 006045 010943 001752 
3581846	003456 014628 015113 
3610681	001766 015114 007374 014114 
3650239	002163 006851 006851 011827 
3651487	008770 001871 007375 011075 010943 
3652273	012339 013997 004832 
3652353	002653 001152 002161 014570 014571 002161 014570 014571 
3690845	001152 011535 
3694434	007378 009286 
3694738	006874 010943 006868 
3715155	006045 003270 004012 006043 
3816483	002653 002161 006034 014570 014571 002161 014570 014571 
3817981	001764 007368 015667 
3823387	003421 006031 015245 
3823405	008769 003406 007378 001152 
3902667	002368 004276 004806 007028 
3903833	008769 002151 002929 001152 
3904334	004356 007006 001747 
3910870	004276 006024 014120 014865 014866 
3929644	002992 004016 006500 
3929864	002562 004275 005228 005723 
3930025	001152 014570 007006 014570 014571 014571 003406 
3930102	002876 015449 011342 011536 
3470846	001899 008764 
3479311	007403 013627 
3479534	012821 015106 
3480592	008770 012437 
3483640	001847 001894 008778 
3485756	001249 015511 
3486834	003034 012730 014207 007040 
3487316	015113 007407 
3487623	003275 007128 010977 013640 
3512896	014865 014866 007006 002397 
3561074	001774 002175 012291 013193 
3579143	001891 004832 015660 015665 
3580796	004010 006024 006851 006851 
3581098	006588 010944 006500 
3581220	004293 004306 011865 
3581274	009273 
3581455	006539 013146 007040 015445 
3592325	012819 015410 007070 
3597215	013185 015133 012818 002992 
3602816	006031 015500 006034 014140 
3611135	002161 015667 006847 002161 006847 012819 
3616206	001152 002393 015449 005263 
3629951	003004 003029 010943 012294 
3648550	002163 002166 011827 014570 014570 014571 014571 
3651573	013998 014865 014866 
3653119	004276 009232 015106 
3653200	003001 006043 009231 010943 
3667821	012730 012352 015496 
3690020	007051 013997 014180 003464 
3690346	009232 015501 015106 
3690445	007128 005846 
3691228	009270 003464 015408 
3695145	001152 002151 005725 014571 014571 014570 014570 
3699593	006026 001763 003454 015666 
3717137	002153 006847 002153 003421 006847 007378 
3759024	015449 001764 015114 
3785953	012291 002153 002153 006847 006847 008773 
3789529	002153 002153 006026 001847 
3805981	008770 009240 003464 
3808480	006504 002153 002992 006024 002153 
3815898	004393 006523 003448 009286 
3816104	007374 007375 013627 
3816530	004016 007368 
3817419	008469 015133 011315 002368 
3818762	015413 002153 002153 012291 007375 015413 
3820768	006851 002153 002153 006851 007888 014100 
3821044	003002 006031 006041 013613 
3821179	006034 006031 
3821180	007374 004015 009299 004838 
3823262	001847 003270 008770 014120 
3823755	008764 009270 
3824908	002876 006500 004807 005846 
3852791	002151 002876 004010 002992 
3861195	002153 002153 004012 006026 004807 
3863747	001152 014571 014571 003406 006024 014570 014570 
3913674	002564 013190 
3914875	001152 006024 003406 
3915029	002153 002153 006024 013190 003406 
3928890	002562 
3929102	006024 006504 007006 011342 
3929849	008764 013190 002153 002153 001546 
3930054	002992 004010 003406 006031 
3930070	007368 008764 014570 014570 014571 014571 002992 
3930608	008769 014570 014570 014571 014571 002153 002153 
3931889	005723 007370 014866 
3505157	013193 
3558800	004065 010977 004048 014100 
3560687	015668 003456 
3577187	013193 013627 
3581830	004393 001213 001249 
3651293	002992 015511 001213 
3679221	007374 014122 004010 
3689375	001847 005228 006847 013627 006847 
3689991	007040 
3690806	002163 002166 011827 008769 
3691575	002564 006041 006045 
3693921	006868 015455 005723 
3694428	001847 006847 006847 012291 013193 
3695554	006041 006045 
3705083	004048 007378 007374 014865 014866 
3768972	012293 015408 
3796148	001152 007368 002876 
3817637	002876 003001 006034 013613 
3818274	003454 015413 003464 009213 001152 
3820405	003001 006034 007368 013613 015113 
3821048	015650 008469 008770 007368 011307 002397 
3821958	006031 002562 003270 003421 
3823094	001546 004275 012818 014570 014570 014571 014571 
3848415	002992 013210 002564 004807 
3851913	001152 003014 004356 
3857764	001766 007368 015673 006024 015672 
3911054	002876 007368 015666 014570 014570 014571 014571 
3915054	014571 004010 014570 002161 002161 007378 014570 014571 
3915332	001152 002368 005723 002876 
3930296	002992 002562 011342 006031 
3930302	008769 003406 002153 007368 002153 
3930864	012291 002161 002161 015250 
3956133	006041 006031 006034 
3462019	001774 002671 015406 
3462565	003275 010943 011223 006045 
3480791	005864 012292 
3480868	001894 011075 013627 
3483059	007378 014123 015661 015114 
3521001	002153 002153 008773 013627 014124 
3559903	013641 014140 015449 015133 
3561402	004048 007128 015670 014628 
3561511	004889 015668 009513 
3574519	006041 010943 006045 015133 
3577795	003270 005218 007128 
3577806	005743 014866 014982 015500 
3578075	015661 
3579291	006880 
3579949	004889 006043 006060 010943 
3580714	001213 001249 005271 
3580912	008764 014652 007407 003406 
3581171	002572 010724 013915 
3581201	010724 015661 
3581918	004281 004293 004306 
3595071	003275 012821 013190 002397 
3612623	007378 007375 
3613455	004023 006031 003001 013613 
3655393	012819 014866 
3666801	001843 002161 002161 004023 015244 
3667385	007375 007374 007378 015114 
3667503	002163 002166 002992 011827 
3678350	008469 008484 015245 003464 
3691983	007374 015496 003522 
3693789	002161 002161 006045 010943 011223 
3226303	002412 009232 008769 015239 
3432357	004807 001563 004016 012353 012354 
3483511	001213 001249 015659 
3549052	001774 006024 015406 
3559645	007128 
3560649	012339 015670 002151 
3575908	015668 004889 
3579094	006868 
3581995	007128 013147 007076 
3606290	007076 012819 002153 002153 
3612203	007888 013176 001424 
3618222	009335 012487 002398 005218 
3629518	006041 012304 006045 010943 
3666520	001747 009335 013213 
3672031	001152 013213 010872 
3689329	013185 015500 007368 
3689919	009232 012821 015106 
3692187	004048 007375 013998 
3692380	002396 015106 
3694384	007374 002572 010724 
3694431	003029 006868 006874 015455 
3694668	001847 002153 002153 015508 004065 
3695022	006539 011037 006500 
3722926	002161 002161 006024 013627 001843 
3771823	007006 004012 014571 014571 014865 014866 014570 014570 
3797324	001152 001763 011987 
3814776	001152 006024 008769 
3816180	004807 005218 014120 
3816860	004807 009296 015449 015666 
3816997	008769 001747 006500 
3817261	001764 003464 008769 
3819393	002153 002153 004012 014570 014570 014571 014571 015413 
3820010	002412 009232 009213 015106 
3821008	003001 004015 013613 007393 
3821069	006847 007370 002161 002161 006500 006847 
3823092	004807 004012 
3823192	004807 009270 004010 009225 
3851846	007370 
3852806	002876 011987 013210 015666 
3869959	002153 002153 005723 013190 002992 
3889653	013190 007368 008769 
3901004	002636 002929 005218 
3901484	005723 015407 011198 
3906250	007006 002564 001546 
3930237	002876 011305 015013 015408 
3930683	003406 004276 002368 
3931158	002653 004012 014123 015408 
3483977	009232 008769 002362 002396 
3538688	005293 015245 014120 
3558739	001899 
3561318	013174 013654 
3574866	001213 001249 012326 014865 015113 
3575898	003014 006060 010944 013207 
3576013	002572 013915 004306 
3579645	004276 004281 005141 004807 
3581038	007070 007128 001871 
3581085	013627 001894 008764 
3581282	006045 010851 015500 006043 
3581605	006026 011864 
3598090	002396 002412 004048 
3608097	015449 001847 012291 002562 
3608602	001457 004360 013190 014141 
3674492	003270 004807 008469 008470 
3695285	007403 010851 012437 006500 
3798513	005161 005846 014120 015408 
3821231	015114 002151 007374 007378 
3823151	004016 007368 015407 015413 015413 
3823391	005141 004276 014570 014570 014571 014571 015650 
3830308	001764 011342 015430 
3902404	011342 014570 014570 014571 014571 015413 007051 015413 
3914724	002368 007006 007368 008764 
3930047	002992 005141 006539 006031 
3694828	001763 004276 
3694903	006868 006874 011827 002163 
3695543	002161 002161 006045 006851 006851 010943 
3695643	006031 009299 015668 007368 
3721962	006847 006847 014570 014571 002161 002161 002653 014570 014571 
3764208	002153 002153 015114 007374 
3768458	003454 013176 005263 005846 
3771747	001152 015507 
3788616	007368 008770 009225 014570 014570 014571 014571 
3789507	003454 003456 
3796254	007882 004023 007370 
3807883	006504 012304 007370 003406 
3814239	002876 008770 009296 
3816960	006041 004015 015449 
3818024	008778 001843 002153 002153 006847 006847 
3818122	012326 001847 008764 
3818746	005846 006500 007375 015114 
3819353	001152 004010 007368 001751 
3820774	006041 002929 002562 
3821006	002396 009232 
3821197	002161 002161 006024 006847 006847 008764 
3826470	007006 008770 001152 002992 
3854016	002153 007368 008774 002153 
3854723	001152 004806 014570 014570 014571 014571 
3901413	006031 006851 006851 
3902440	002153 002153 005723 006024 014865 014866 
3905460	006031 002153 002153 005846 006851 006851 
3910343	007370 008773 015666 015114 
3910422	002564 015672 015673 008770 015430 001751 
3913396	003448 001763 007378 
3914814	002368 003406 
3928966	003464 008770 007378 001152 
3930083	006031 007032 011342 006041 003406 
3930303	015661 004356 006034 003406 
3931959	015114 008764 
3426943	001899 002161 002161 006024 
3460343	001546 002163 002166 011827 
3465332	004048 006880 
3470393	001899 011075 013193 
3471447	002175 013193 
3471450	002175 011864 
3476927	007407 008770 012437 014865 
3480867	001881 002569 012291 
3481664	005739 005743 006847 006847 013627 
3481944	004889 015407 
3483036	001764 015665 013180 
3483042	001552 001546 015014 
3483306	001474 004740 
3485170	007374 007378 
3485628	012339 004832 005257 
3487429	006043 015678 006045 006060 
3491953	004282 004293 006024 012294 
3493931	015410 
3496439	002163 002166 011827 
3496673	002163 002166 011827 
3497948	007923 007926 012734 015413 007378 
3501476	001843 010724 
3502893	010977 011307 
3508682	001763 004889 012729 015668 
3510665	008484 011312 012304 015133 
3510971	006504 006588 010944 
3513947	006026 010943 014570 014570 014571 014571 011223 
3514964	015418 015511 015133 
3516442	001213 012819 009213 007128 
3516634	013193 
3519726	015668 
3521265	002175 011864 013176 
3521272	001249 015511 
3521461	001899 006026 007378 
3524341	013174 015449 002876 
3524963	010977 012437 
3525604	010977 015500 
3530220	014100 008484 011312 
3540124	001249 006026 012326 015418 
3540714	009273 015248 008770 
3543742	001899 006851 006851 013627 
3544254	015665 015667 001766 
3547282	001760 015672 015673 015406 
3555254	009225 
3555932	006041 006045 
3557478	001249 005141 014122 015508 
3557742	003456 011305 014124 015408 
3558796	001213 015418 015513 015511 
3559149	011864 015508 
3559225	008782 008810 
3559302	002175 011864 015667 
3559462	009304 005218 
3559476	003525 015244 014120 
3559537	011312 014140 015133 015513 
3559624	004379 007128 009286 
3559843	001213 001249 007378 
3559870	014865 014866 
3559900	003421 011305 013176 
3559963	001249 001843 015508 015672 
3560256	001213 001847 015508 006847 
3560858	001249 005228 015511 
3560860	015445 007051 014120 
3561001	014122 015408 
3561084	011223 003029 
3561660	012326 012822 014571 014571 002153 002153 014570 014570 
3568950	001774 007128 015669 015260 
3574542	003034 007926 012734 
3574558	011864 
3574873	006060 002390 006045 010851 
3574967	001474 013213 015501 
3575259	003275 008778 012326 013185 
3575769	011305 015665 013174 
3575928	001847 001894 
3576020	002569 010724 
3576126	001249 015511 014865 014866 
3576248	003031 010943 
3576260	001899 
3576792	002396 006851 006851 
3576879	006045 006060 006868 006880 
3577022	010943 010944 015501 010851 
3577590	003275 010977 013641 014180 
3577682	005739 005743 014865 014866 
3578036	013997 015260 008484 
3578240	006041 010851 015500 006043 
3578392	003029 007923 013146 001751 015448 
3578747	002175 006031 006851 006851 011827 
3578811	003004 014865 
3578861	007407 012326 015114 
3578963	001474 010872 004048 
3579414	001774 006588 014865 
3579687	001474 005252 014987 015407 
3579723	006026 013193 
3579864	001843 006041 010851 006043 
3579867	004275 006024 008769 013190 014652 
3580217	004282 004306 
3580269	011864 015244 
3580326	003034 015260 
3580340	015430 003525 
3580955	006880 
3580991	001213 001249 001474 015501 
3581080	004889 012729 
3581127	006060 010724 010943 
3581149	004889 007374 015114 007375 
3581249	007070 007128 
3581375	010943 011305 002992 006041 006045 
3581456	001871 006847 006847 007403 
3581469	004832 004889 011187 006500 
3581903	001424 001474 010872 
3581907	004832 004889 015679 008778 
3581920	001899 013627 001843 015496 
3581996	002175 006508 
3584557	004048 006860 011535 
3591591	001891 008770 015250 015511 
3591774	006847 006847 014866 
3592680	007374 007403 015661 010872 
3597302	009299 002412 014100 005723 
3599536	013997 015670 004379 
3606148	002562 009335 
3606350	007051 009342 012437 
3606418	005853 014570 014570 
3610120	006041 006504 006874 004010 
3610287	002166 011827 015496 
3611048	006026 011535 015513 007378 
3615055	002876 007878 011305 
3629467	002161 002161 006847 006847 007375 004048 
3629970	014180 015496 
3630501	007370 007374 007393 
3630526	014122 003421 
3631042	004281 004293 
3632103	008484 
3638594	008770 
3639772	009232 012821 
3645720	007374 007375 015668 007378 
3649880	003029 006031 013613 006504 
3650225	005846 012819 005263 015670 
3650228	007374 012437 015661 
3650256	005739 014123 015507 
3650277	001899 
3650578	013193 002175 006523 
3650997	001457 004275 004740 005864 
3651033	005743 015114 
3651465	006031 006034 015418 003406 
3651486	006026 008764 005218 014122 
3651585	015667 
3651816	001763 014982 
3655428	003270 006026 
3656490	002163 002166 006847 006847 011827 
3665300	008778 
3666175	009225 010872 012292 001448 
3667381	005141 009304 005263 015413 015413 
3667654	005141 014122 009304 
3668365	004010 015513 
3668538	005257 009304 015667 002653 
3671851	007403 002161 002161 006847 006847 
3676165	006026 008774 012821 
3677885	004010 007374 007393 011535 
3680751	006847 006847 015500 002161 002161 
3689920	007374 015114 003454 
3690043	002163 002166 011827 001546 
3690778	003014 013613 014865 014866 
3690799	008770 014120 014122 010943 
3691140	008484 011312 012326 
3692285	010944 006508 
3692294	004889 015668 015449 
3692519	003522 014100 015661 
3692756	001213 007370 015513 014207 
3692786	003270 008470 013185 014140 
3692796	010851 010943 002564 
3692807	005218 005293 
3692849	007070 003014 004048 
3693219	012437 005271 007393 007403 
3693253	003270 008470 013185 
3693280	015501 012821 009232 015106 
3693368	015248 
3693433	007375 012437 009213 
3693557	007878 004282 
3693565	011305 015679 
3693712	002153 002153 006847 006847 014122 
3693813	002163 002166 011827 
3694236	003001 006045 010943 006043 
3694432	006860 013627 006034 006041 
3694481	007076 015106 015239 015501 002412 015673 
3694712	002153 002153 003406 006847 006847 001847 
3694741	015668 015679 014865 014866 
3694791	008770 015133 014865 014866 015672 015673 
3695027	003029 003008 006500 
3695292	001752 003270 013174 013654 001751 
3695368	006045 007374 010943 
3695529	003014 013997 004023 012819 
3695784	007374 007378 007028 007878 
3704166	010872 013180 015508 012292 
3710476	006031 006034 015668 
3710991	002161 002161 003406 
3712286	003454 005141 015408 
3712913	007375 015114 007374 007378 
3715444	002161 002161 014114 014570 014570 014571 014571 
3716057	006026 012818 004276 
3716140	002153 002153 006031 006034 008769 
3717144	004838 004832 005723 015448 
3725997	001843 002153 002153 015660 
3728679	007375 013180 015114 007374 
3759552	003421 007368 008770 003456 006504 
3762625	004015 009225 015408 012352 012353 
3764157	008469 012326 015013 011312 011534 
3764207	008484 015449 
3768025	002362 002368 008773 009232 
3768197	002161 002161 006847 006847 013190 004276 
3768515	001152 014570 014570 014571 014571 015655 
3768620	006504 007006 
3774116	007375 007393 015407 
3774808	002153 002153 015508 008764 
3781152	001152 001764 004379 
3788743	007368 007370 008770 013190 
3788897	004806 007368 001843 007370 
3788990	006031 006034 008810 012304 
3789246	004360 014120 015449 
3789573	002153 012291 015114 002153 011075 
3790792	006026 014652 003454 003525 012304 
3790825	004832 006026 013210 009299 
3790928	007006 002562 
3792350	004015 006041 006868 006874 
3792443	004275 007040 015666 
3796007	007374 015114 015661 
3796247	001152 001847 002153 002153 003406 
3796732	001152 001448 004356 012292 
3796964	001764 007374 007378 010872 
3797192	007374 007375 015408 
3797206	006539 007374 015245 015496 
3797331	006045 010724 011075 
3797532	001763 005853 006504 
3797564	003464 007368 014180 013190 
3816463	003270 007368 008469 
3816554	002161 002161 004016 006851 006031 006851 
3816722	001843 002161 002161 015244 015660 
3816764	012819 
3816924	008764 012819 014866 014865 015670 
3816970	006026 007378 002992 014865 014866 
3816992	005846 007374 015449 002876 
3817177	007882 015508 
3817260	007378 007393 011536 
3817427	001152 003014 010944 013207 
3817507	002151 004012 006031 006034 
3817668	002161 002161 006500 006847 006847 
3817682	003275 007374 007375 015114 
3817969	001152 002153 002153 003406 006024 
3818025	011075 002153 002153 006031 006034 014100 
3818029	004015 007878 015673 
3818675	004275 012304 013176 003456 
3818676	011536 001747 
3818771	003270 006024 008469 008470 
3818773	006500 006860 010851 004010 
3818805	002368 002397 012818 
3819230	003002 003008 015430 013174 
3819332	001843 001847 002153 002153 003454 
3819598	003001 007368 013613 014114 
3819645	001546 002151 007374 003448 015114 
3820395	001152 006026 006508 006500 
3820479	007375 
3820587	013190 002636 002929 005218 
3820588	002161 002161 003001 008764 014570 014570 014571 014571 
3820729	007378 007370 007374 002564 
3820756	003406 002376 010943 
3820900	004023 014100 014207 006539 
3820958	002653 007882 015665 004832 
3820992	001763 003454 003448 006500 
3821059	011535 012293 
3821077	006031 006034 011534 
3821097	001152 004010 014570 014570 014571 014571 002161 
3821359	013613 003001 003406 
3821554	002569 006031 001182 010724 
3821643	006034 010851 010966 002412 006504 
3822122	002368 004275 007076 
3822778	015449 014122 
3823278	002368 002992 011536 014114 015239 
3824188	006031 006034 006860 011535 006041 
3824450	002562 009270 003406 
3827187	004806 005723 
3829442	004806 005723 014120 013176 
3832060	002876 015449 005141 005161 
3834370	001152 005723 013190 
3839352	007368 008774 011305 
3843290	014570 014571 014571 002153 002153 004010 005141 014570 
3846920	006031 006851 008764 012818 006851 
3850568	006031 006500 006851 006851 007368 
3858715	002562 008769 014570 014570 014571 014571 006026 
3860357	007368 001843 006504 014570 014570 014571 014571 
3861339	002161 002161 006031 011534 
3901669	001152 005723 
3902759	002992 007006 008764 
3902911	002562 002992 008769 014570 014571 014571 014570 
3903909	001152 002368 005723 014865 014866 
3904101	002368 003406 001424 
3904411	003270 007370 015430 008770 
3905822	002562 003270 015013 009270 
3906818	001152 002151 008769 014570 014570 014571 014571 
3909951	002153 002153 011342 014570 014570 014571 014571 002992 
3910179	004275 004356 005218 007032 
3913210	002992 011342 015449 015540 
3913606	001546 008769 015667 001424 
3913815	003007 007368 015655 
3913863	002876 008764 012818 014570 014570 014571 014571 
3914676	005723 015670 004276 
3914696	001546 014570 014570 014571 014571 015656 003406 
3914928	001152 007006 004010 007368 
3915243	004010 003406 001751 
3915267	010943 003014 008764 
3928911	011342 002992 006024 002368 003406 
3929222	001152 002562 008770 009270 
3929237	004356 006031 006500 006860 
3929241	004356 007368 002368 015540 
3929575	004360 007368 009270 015672 015673 
3929635	001152 009225 006500 
3929800	002368 004012 006024 015239 
3929812	002153 002153 002636 006024 014122 
3929883	002562 
3929894	002992 006031 007368 015678 
3930137	002368 006024 015113 
3930469	002636 002992 003406 015113 
3930485	002992 004016 006500 007368 004806 
3930547	006034 003406 011075 006504 
3930676	004806 007368 
3931323	007374 008764 015114 014652 
3931929	004010 006504 014120 
3953805	001847 005725 006847 006847 015508 
3199633	003002 006060 006851 006851 
3397840	002397 
3417643	003406 005141 005218 
3474374	015408 013174 015406 
3514835	001757 
3533264	004889 005141 015673 015672 
3537536	001249 005141 015513 015418 015508 
3538400	001249 007070 007076 015511 
3538928	014628 006539 
3546891	014628 015669 
3556594	013648 
3560373	013915 
3561772	001249 015511 001213 
3574475	009240 015667 
3574546	014628 015669 
3576037	013180 
3578781	009299 015133 
3578842	003029 006060 010943 013613 006045 
3580211	002161 002161 007076 009240 015250 
3580248	002175 015244 003275 010977 
3580256	014628 015445 003014 
3581952	002569 006045 011223 010943 
3606536	002163 002166 006847 006847 011827 
3628726	010851 011223 006041 006060 010943 
3642204	003522 015659 
3666207	013185 008484 011307 012326 
3667674	004293 011536 
3690204	008782 009240 012304 015406 
3690800	006500 010944 
3692915	001546 007378 015014 003464 
3693224	007374 003270 012437 
3693473	014628 009213 
3693891	001562 003464 013190 014987 
3693902	002572 
3694754	007378 007393 015114 
3694813	001747 002653 014180 015408 
3695201	004012 004832 
3716357	007374 002929 
3722992	006504 007378 009213 015114 
3730202	011536 
3789288	002153 002153 003448 
3789464	004010 012437 
3789806	002932 013613 014120 
3792406	002398 006500 002368 015239 
3818227	013174 015661 014114 
3819676	004379 006500 015448 
3820378	006546 001424 002671 
3820380	002166 
3820491	004012 015449 002929 007368 009240 
3820732	002161 002161 006847 006847 013190 
3820971	002929 003001 004010 013613 
3823402	003001 003007 006500 
3847728	002569 006031 015013 
3903986	005723 007370 014865 014866 
3904645	006031 006851 001152 006851 002992 
3912597	004012 014570 014570 005218 013180 014571 014571 
3914354	011342 003008 013207 
3915028	002636 006500 006504 007368 
3929419	009225 
3929979	006031 015678 
3930721	003406 006500 009213 015245 
3930731	013190 013207 014987 
3930767	004010 015113 
3930865	002151 006504 014570 014570 014571 014571 014140 
3930891	006500 014865 007370 014866 
3931064	011535 014571 014571 015659 014570 014570 003406 
3931474	002384 015106 004810 
3995730	001843 004807 014122 015659 
4091039	002992 007370 011536 007374 
4093446	003007 013613 006031 003406 
3479838	006868 015455 
3481532	003406 015651 
3542887	014865 007128 
3575309	007393 007403 
3576002	006045 010943 003004 005723 
3581967	001881 007403 003406 
3645471	002572 
3692609	006539 013146 007128 012339 
3694780	007374 007378 
3695024	003029 
3816466	004016 007040 012820 014628 
3819433	010872 
3821047	003406 006034 015449 
3908117	006031 014866 015113 
3577741	002412 014987 009232 
3821034	004015 013640 015670 
3821886	007032 009299 004832 014120 
3915203	004012 014570 014570 014571 014571 
3930216	015678 007006 
3360165	002569 006031 
3694426	010943 015670 
3694798	006546 015411 
3915036	002151 003406 007051 007368 
3568636	009231 014969 
3790306	015449 005846 006034 006851 
3579181	004293 004306 011865 015513 
3820257	006043 006045 
3519499	015679 
3580114	009231 011223 006045 
3580397	006060 
3904620	001843 002153 003406 002153 
3503865	006500 
3819542	005725 007040 010944 014628 
3546417	011198 
3691241	001881 
3931688	015114 
3463919	007128 014866 
0750570	002562 
3576011	006508 006588 
3901481	008770 
3458061	004293 004306 013147 015501 
3472549	001899 
3482422	012304 
3484374	007378 010943 
3505134	007374 
3506165	005263 006868 
3514920	005218 
3517604	001847 014570 014570 014571 014571 
3520880	005293 
3525384	007926 
3558963	004889 009273 010977 
3559731	012353 015651 
3561098	004048 009231 
3575581	009213 
3576333	010977 
3576355	003001 010724 013146 
3576361	002929 
3576460	001546 001751 003275 015014 
3576507	006024 013146 
3576512	001891 006847 009513 013627 
3576521	012292 015655 
3576540	002398 003004 
3576623	004306 010724 012294 
3578673	006500 007375 012291 014865 014866 
3580383	004889 
3583596	004281 
3584685	015114 
3592180	005271 
3596193	007378 015500 
3599497	004048 005739 005743 
3627845	002153 002153 004293 006851 006851 
3651348	015413 015413 
3651606	002166 006847 
3652350	006847 006847 
3662232	010966 
3666161	002412 003002 007028 012821 
3667606	015014 
3668749	006847 006847 007375 
3668750	002562 
3668751	002166 
3668752	007926 
3668753	002569 002572 
3668758	002874 015411 
3668759	006847 006847 
3668760	003001 003008 
3668761	010977 
3668763	015244 015245 
3668765	001562 012355 015650 
3668766	002175 005739 005743 
3668767	004293 004306 
3668768	015669 
3668770	004889 005725 
3668772	001760 011198 015681 015682 
3668775	015244 
3668778	012437 
3668783	005853 
3668785	007403 
3668789	012291 
3668790	007375 
3668792	001843 
3668793	003456 
3668795	004740 015670 
3668798	006847 006847 
3668800	010977 015406 015410 
3668802	004393 009213 
3668805	014865 014866 
3668807	008782 
3668810	015406 
3668812	006588 006847 008764 011075 
3668816	004048 005271 
3668817	003456 013176 
3668818	007375 
3668820	006546 014628 
3668821	010977 
3668823	013174 
3668824	003014 015663 
3668826	009232 
3668827	002438 
3668829	008782 
3668830	002564 015114 
3668831	002368 004276 002397 
3668832	011187 014207 
3668834	015669 015670 
3668839	004832 
3668841	003275 010977 
3668842	005293 
3668843	014865 014866 
3668844	005263 012437 
3668849	001562 009232 015106 
3668854	014628 
3668855	005271 
3668856	014180 
3668858	004838 010977 
3668859	001843 
3668860	014865 014866 
3668865	007403 012437 
3668866	014865 
3668867	014628 
3668868	002412 
3668870	011312 012326 015670 
3668871	015418 
3668874	014628 
3668878	006060 
3668880	013613 
3668882	004048 
3668883	010943 012339 
3668893	012291 
3668894	015655 
3668895	001563 012355 012821 015106 015650 
3668900	009273 
3668901	010943 
3668904	007403 
3668906	013997 
3668910	002876 
3668911	002412 
3668912	012437 
3668916	001747 006026 009242 
3668917	007926 
3668921	007374 012304 
3668923	002368 013641 
3668924	012304 015248 
3668925	007403 012291 
3668930	005853 
3668932	012294 
3668933	012437 
3668934	001747 014865 014866 
3668935	001763 
3668936	008484 
3668937	013640 015418 
3668938	013147 
3668944	013180 
3668946	015409 
3668952	009270 
3668953	002562 003008 004275 
3668955	002698 
3668959	007375 
3668961	014865 014866 
3668965	004740 
3668966	001899 002161 002161 013627 
3668968	005271 
3668970	010977 
3668972	002368 002398 015239 015239 
3668974	001774 
3668978	006026 015655 
3668982	009273 
3668984	001843 
3668985	010944 
3668987	009273 
3668988	013180 
3668999	007403 
3669002	003275 010977 
3669004	005739 009240 
3669007	007403 
3669008	002412 009232 014865 014866 
3669010	009225 
3669013	003522 009242 012730 
3669014	001764 
3669016	005263 005293 005734 
3669017	002572 
3669018	012437 
3669022	006045 
3669026	010943 012326 
3669027	014865 014866 
3669028	015418 
3669029	007375 
3669033	007040 015669 
3669037	006043 
3669043	013627 
3669044	011535 
3669045	004889 012729 
3669047	002151 007375 
3669084	010977 
3684090	004276 004282 006024 
3689944	002368 007040 010944 
3691265	014114 
3693581	001562 015651 
3695271	003029 004276 
3700270	007374 
3703938	005853 
3720506	010724 015674 015675 015676 
3721994	012818 
3759872	010943 015670 
3763675	008778 
3774124	007374 015114 
3790863	007374 015500 
3797588	010944 014865 014866 
3797590	014865 014866 015669 
3797594	006026 
3797597	013613 014865 014866 
3797598	001774 
3797604	003029 013613 
3797606	014122 015500 
3797607	014865 014866 
3797609	006847 006847 
3797614	001424 005161 
3797619	007375 
3797623	006026 
3797625	012291 
3797626	002390 015663 
3797628	006043 
3797629	003014 007028 
3797630	007375 
3797632	007375 
3797633	005257 013180 
3797636	003008 008810 
3797638	003029 014865 014866 
3797640	003454 004023 
3797641	014865 014866 
3797642	008778 012304 
3797643	013176 015681 015682 
3797644	014120 014207 
3797645	003275 012818 015106 
3797647	007028 
3797648	012822 014866 015501 
3797650	007374 007378 007393 012293 
3797657	014865 014866 015670 
3797659	014865 014866 015669 
3797660	006026 
3797661	012292 
3797662	015500 
3797666	002992 
3797667	015413 
3797672	002992 
3797673	009335 
3797674	003029 
3797676	013641 
3797678	005161 
3797679	014865 014866 015675 
3797690	003522 
3797691	007378 
3797692	002420 012818 015106 
3797694	014122 014570 014570 014571 014571 
3797697	003004 
3797702	003014 
3797711	006847 
3797713	003522 010851 
3797714	007375 
3797720	008469 011312 013185 015500 
3797728	004293 006031 007028 011865 
3797737	006847 006847 015418 
3797739	007374 007378 
3797748	006026 
3797749	004275 
3797750	006026 
3797751	005257 
3797752	009299 014969 
3797754	010943 014652 015413 015449 
3797755	002874 
3797760	003001 003007 006539 006546 015663 
3797764	007923 
3797768	012304 
3797770	012734 
3797773	007032 013207 
3797774	007375 
3797776	014865 014866 
3797777	001757 001774 015406 
3797778	010943 
3797784	008469 012294 013185 014140 
3797787	007374 007378 
3797791	002390 
3797801	001546 
3797803	007374 007375 007378 
3797808	010724 
3797819	009232 015106 015500 
3797822	015668 
3797824	002572 
3797825	001763 015250 
3797829	009231 012818 014969 015668 
3797830	006041 
3797831	004275 004281 013190 
3797833	007923 015106 
3797835	012819 
3797844	001843 
3797854	015501 
3797855	015651 
3797856	009231 014969 015501 
3797863	014865 014866 
3797864	007040 
3797880	015670 
3815923	014865 014866 
3820212	007878 
3821390	002562 
3821552	001152 009213 
3822886	002368 002992 008773 
3870878	002992 005739 
3904102	015449 
3908314	006523 
3910461	003004 
3910462	003275 
3910464	004023 007378 015114 
3910466	002368 006031 013613 
3910468	006031 013613 
3910469	002564 
3910470	003014 015413 015413 
3910471	003029 
3910479	003014 014865 014866 015413 015413 
3910480	015513 
3910481	001843 
3910482	005161 
3910483	008469 008782 015245 
3910484	010966 
3910487	010943 
3910489	007888 014865 014866 
3910491	003008 006024 013613 
3910495	004362 015670 
3910496	003464 015513 
3910497	001757 004276 
3910498	004379 
3910499	008810 
3910500	015244 
3910503	002368 002396 003008 009231 
3910507	003014 007370 007374 007375 
3910508	001562 
3910509	012294 015449 
3910510	006504 007378 
3910512	005293 
3910515	007378 
3910516	003001 003007 013613 014114 
3910519	015663 
3910523	003001 006024 014628 
3910526	004275 013190 
3910527	002569 
3910529	002397 009270 
3910532	006024 007370 
3910535	014865 014866 
3910538	001152 006500 007374 
3910539	007378 012437 
3910540	015500 
3910541	009270 
3910542	006504 
3910543	004393 013613 
3910544	003454 
3910550	014865 014866 
3910551	004023 
3910553	015114 
3910555	010966 
3910556	003448 
3910559	014865 014866 015413 015413 
3910563	002368 002393 003008 
3910564	011305 
3910567	003421 009270 
3910569	008782 
3910576	005122 007374 
3910578	007370 
3910580	007040 007051 013613 015670 
3910583	007370 007374 007375 007378 
3910586	002929 003014 014114 
3910587	006031 007370 
3910588	003002 006024 
3910591	007374 012294 
3910593	015418 
3910594	010966 
3910595	004276 004281 005228 
3910596	008770 
3910599	013613 014865 014866 
3910605	004281 004293 
3910607	004023 
3910610	003014 007374 007378 015663 
3910613	010966 
3910614	005293 007378 
3910615	007032 
3910622	001546 001552 007374 012354 
3910624	013613 015113 
3910630	004810 004838 013207 
3910632	014114 
3910634	003522 
3910635	013213 
3910636	015496 
3910641	003007 015663 
3910646	005725 005739 009270 
3910647	003008 
3910650	004806 014120 
3910651	004810 007375 
3910652	013213 013613 
3910656	015677 
3910660	014114 
3910661	002992 
3910663	015669 
3910668	008778 
3910670	003001 003007 013613 
3910672	007374 014114 
3910674	001546 012354 
3910676	014865 014866 
3910680	015114 015496 
3910681	014865 014866 
3910683	010943 
3910684	004023 004806 004838 
3910686	001752 009299 
3910688	010943 
3910690	002368 009231 009232 
3910691	002412 008774 009232 
3910692	004806 
3910695	010943 013613 
3910696	002698 007368 
3910698	004023 005257 008782 
3910700	006031 006034 
3910702	002396 002398 003522 
3910704	001747 014865 014866 
3910706	010966 
3910707	001546 015245 
3910712	007374 007378 015245 
3910713	015668 
3910714	001774 
3910717	013213 
3910718	006024 009270 013613 
3910721	002368 011075 
3910722	003014 
3910725	006500 012293 014865 014866 
3910726	010966 
3910729	002562 015513 
3910732	003001 
3910735	006031 010966 013613 
3910736	006024 014865 
3910738	001152 015508 
3910739	002636 
3910741	001562 002368 002396 009232 012355 
3910744	006026 015681 015682 
3910745	002876 005853 
3910746	010943 
3910756	014865 014866 
3910758	015413 015413 
3910761	005122 
3910762	007028 
3910766	001152 004023 013190 
3910769	015500 
3914525	004275 
3929472	014865 014866 
3929572	004276 
4086215	002636 013190 003014 
4086216	004275 
4086223	003008 006024 
4086225	014865 014866 
4086227	014122 
4086243	003004 
4086244	015013 
4086245	004810 012294 014140 015239 
4086246	009270 
4086247	005122 015449 
4086248	008774 
4086249	004276 
4086250	004275 
4086253	007032 
4086260	002368 014865 014866 
4086262	008770 
4086267	002562 
4086268	003004 006024 014865 014866 
4086269	006500 012292 014865 014866 
4086276	003004 003007 
4086280	009240 014114 
4086287	015114 
4086293	003270 
4086296	008782 009270 
4086300	002153 
4086301	004276 
4086303	003004 006024 
4086307	007378 
4086310	009270 
4086311	004276 011305 
4086313	004806 007378 
4086314	007374 
4086320	002368 
4086321	004806 014865 014866 
4086322	002562 006024 
4086327	003007 
4086333	002368 004276 008773 015239 
4086341	014114 
4086342	003004 
4086350	006024 
4086351	003004 
4086355	012354 012355 
4086356	003007 
4086357	007032 014865 014866 
4086360	002992 
4086370	004832 
4086373	006031 
4086375	014865 014866 
4086385	015013 
4086388	002562 002992 
4086391	001546 
4086393	004806 014865 014866 
4086397	004362 
4086400	002564 
4086403	014570 014571 014570 014571 
4086407	009225 
4086411	006024 
4086413	007878 
4086421	001448 
4086424	010966 013190 
4086425	003008 006024 
4086426	003004 
4086432	002992 
4086433	002368 007028 
4086436	012304 
4086441	010966 015014 
4086443	001747 
4086445	002992 
4086450	001747 
4086457	003004 007006 007368 
4086468	002992 
4086471	014570 014571 014570 014571 
4086472	010966 
4086475	005725 
4086476	001546 014865 014866 
4086484	001546 008778 
4086488	002368 012294 
4086493	014114 
4086499	007006 
4086503	015670 
4086505	004275 
4086506	014114 
4086511	001764 
4093813	006031 007370 
4094953	002564 002572 
4096175	002876 
4096176	014865 014866 
3668941	003004 
3797610	006500 015673 015672 
3914822	004807 
3578910	012326 
3668971	008770 008770 
3774943	007378 
3797704	011315 
3581851	012819 013146 
