Class Times	10
Rooms	15
1	25
2	22
3	33
4	45
5	61
6	53
7	96
8	40
9	49
10	10
11	21
12	89
13	79
14	61
15	81
Classes	150
Teachers	75
1	4
2	58
3	75
4	22
5	59
6	10
7	61
8	41
9	60
10	66
11	1
12	75
13	43
14	47
15	20
16	24
17	54
18	22
19	7
20	5
21	32
22	38
23	35
24	10
25	64
26	8
27	19
28	73
29	8
30	31
31	32
32	40
33	14
34	18
35	37
36	2
37	25
38	67
39	45
40	47
41	72
42	26
43	19
44	29
45	2
46	12
47	60
48	70
49	9
50	27
51	69
52	48
53	65
54	68
55	57
56	24
57	61
58	58
59	37
60	13
61	46
62	56
63	11
64	63
65	29
66	55
67	5
68	59
69	21
70	15
71	72
72	48
73	55
74	16
75	69
76	56
77	68
78	41
79	50
80	66
81	62
82	25
83	54
84	44
85	26
86	34
87	62
88	11
89	40
90	21
91	67
92	1
93	39
94	30
95	27
96	30
97	70
98	36
99	23
100	63
101	39
102	28
103	50
104	4
105	20
106	13
107	35
108	14
109	57
110	7
111	71
112	49
113	34
114	64
115	45
116	17
117	6
118	33
119	46
120	44
121	42
122	36
123	53
124	71
125	3
126	31
127	3
128	6
129	12
130	15
131	73
132	28
133	17
134	53
135	9
136	42
137	18
138	49
139	38
140	16
141	33
142	43
143	23
144	74
145	74
146	65
147	52
148	52
149	51
150	51
