Class Times	10
Rooms	15
1	23
2	69
3	41
4	26
5	40
6	41
7	21
8	43
9	98
10	75
11	50
12	10
13	66
14	35
15	10
Classes	150
Teachers	75
1	56
2	16
3	61
4	22
5	39
6	52
7	73
8	1
9	15
10	63
11	58
12	6
13	12
14	11
15	5
16	7
17	72
18	27
19	49
20	31
21	29
22	27
23	29
24	34
25	13
26	72
27	19
28	18
29	17
30	63
31	43
32	57
33	22
34	60
35	34
36	32
37	59
38	16
39	21
40	1
41	2
42	41
43	31
44	49
45	71
46	19
47	47
48	70
49	73
50	50
51	52
52	62
53	26
54	4
55	68
56	51
57	32
58	30
59	3
60	39
61	12
62	13
63	54
64	21
65	61
66	53
67	55
68	20
69	17
70	53
71	40
72	50
73	28
74	2
75	8
76	15
77	45
78	3
79	24
80	71
81	20
82	33
83	62
84	48
85	55
86	43
87	8
88	60
89	46
90	33
91	7
92	9
93	59
94	54
95	42
96	9
97	14
98	4
99	45
100	23
101	48
102	23
103	47
104	10
105	14
106	18
107	64
108	24
109	68
110	57
111	74
112	40
113	75
114	64
115	30
116	67
117	26
118	65
119	41
120	58
121	51
122	65
123	69
124	38
125	69
126	66
127	70
128	11
129	35
130	46
131	74
132	37
133	28
134	56
135	67
136	6
137	42
138	35
139	44
140	66
141	38
142	44
143	37
144	36
145	75
146	25
147	25
148	5
149	10
150	36
