Class Times	10
Rooms	15
1	74
2	38
3	23
4	36
5	33
6	73
7	88
8	58
9	29
10	11
11	24
12	76
13	82
14	80
15	41
Classes	150
Teachers	75
1	15
2	73
3	61
4	53
5	65
6	52
7	12
8	56
9	45
10	41
11	62
12	7
13	41
14	2
15	57
16	69
17	57
18	17
19	67
20	33
21	73
22	68
23	68
24	12
25	53
26	46
27	64
28	25
29	5
30	49
31	15
32	28
33	19
34	2
35	37
36	56
37	65
38	60
39	18
40	26
41	70
42	40
43	27
44	66
45	27
46	66
47	51
48	63
49	24
50	1
51	37
52	58
53	39
54	74
55	74
56	59
57	54
58	72
59	29
60	48
61	10
62	52
63	63
64	67
65	13
66	21
67	55
68	19
69	18
70	69
71	50
72	42
73	44
74	33
75	32
76	34
77	24
78	28
79	29
80	71
81	6
82	20
83	36
84	14
85	17
86	60
87	59
88	1
89	5
90	44
91	62
92	47
93	22
94	64
95	11
96	39
97	4
98	45
99	43
100	36
101	49
102	30
103	22
104	46
105	30
106	47
107	7
108	4
109	31
110	23
111	10
112	32
113	55
114	48
115	20
116	8
117	38
118	43
119	26
120	40
121	6
122	42
123	75
124	9
125	75
126	13
127	23
128	54
129	50
130	21
131	31
132	3
133	72
134	16
135	34
136	9
137	35
138	51
139	70
140	61
141	38
142	35
143	16
144	14
145	11
146	25
147	8
148	3
149	71
150	58
