Class Times	10
Rooms	15
1	89
2	25
3	41
4	23
5	77
6	32
7	73
8	24
9	94
10	80
11	26
12	99
13	24
14	24
15	80
Classes	150
Teachers	75
1	15
2	71
3	67
4	68
5	36
6	31
7	73
8	43
9	18
10	3
11	54
12	3
13	47
14	44
15	16
16	23
17	41
18	43
19	22
20	60
21	21
22	66
23	33
24	53
25	63
26	1
27	11
28	64
29	31
30	37
31	65
32	64
33	36
34	63
35	35
36	4
37	61
38	9
39	73
40	72
41	71
42	45
43	41
44	16
45	26
46	24
47	23
48	40
49	70
50	66
51	12
52	8
53	72
54	45
55	26
56	24
57	69
58	39
59	9
60	68
61	67
62	8
63	25
64	56
65	14
66	69
67	18
68	52
69	22
70	4
71	25
72	15
73	70
74	49
75	48
76	35
77	55
78	11
79	19
80	52
81	13
82	51
83	10
84	21
85	53
86	75
87	1
88	6
89	47
90	54
91	39
92	6
93	29
94	20
95	65
96	32
97	49
98	20
99	13
100	7
101	2
102	74
103	17
104	61
105	40
106	5
107	14
108	74
109	32
110	2
111	57
112	42
113	58
114	30
115	46
116	48
117	58
118	29
119	34
120	42
121	7
122	30
123	60
124	51
125	38
126	59
127	37
128	38
129	44
130	75
131	34
132	62
133	12
134	56
135	5
136	28
137	17
138	55
139	28
140	62
141	59
142	46
143	57
144	10
145	50
146	50
147	33
148	27
149	27
150	19
