Class Times	10
Rooms	15
1	49
2	85
3	67
4	48
5	39
6	44
7	37
8	77
9	86
10	95
11	90
12	94
13	75
14	18
15	30
Classes	150
Teachers	75
1	31
2	74
3	18
4	10
5	13
6	22
7	64
8	6
9	66
10	19
11	3
12	26
13	14
14	70
15	44
16	73
17	74
18	75
19	67
20	32
21	30
22	67
23	65
24	20
25	2
26	68
27	64
28	7
29	75
30	16
31	38
32	72
33	27
34	27
35	19
36	50
37	61
38	41
39	55
40	14
41	28
42	3
43	22
44	23
45	23
46	21
47	15
48	25
49	56
50	52
51	68
52	48
53	13
54	60
55	57
56	65
57	69
58	53
59	52
60	53
61	20
62	2
63	60
64	71
65	48
66	10
67	57
68	54
69	8
70	16
71	11
72	24
73	1
74	70
75	69
76	28
77	71
78	6
79	4
80	32
81	38
82	50
83	35
84	35
85	1
86	43
87	41
88	42
89	54
90	15
91	17
92	45
93	17
94	62
95	5
96	42
97	43
98	72
99	21
100	30
101	5
102	4
103	36
104	9
105	36
106	56
107	37
108	34
109	73
110	40
111	25
112	58
113	62
114	49
115	55
116	49
117	7
118	66
119	11
120	29
121	34
122	18
123	44
124	24
125	63
126	45
127	33
128	39
129	37
130	58
131	12
132	59
133	33
134	26
135	8
136	63
137	61
138	31
139	59
140	46
141	29
142	47
143	51
144	39
145	47
146	46
147	51
148	12
149	9
150	40
