Students	1000
1	107 47 111 21
2	97 22 29 86
3	106 42 72 130
4	80 141 41 71
5	94 36 143 110
6	109 37 140 72
7	146 106 34 44
8	10 90 141 132
9	96 116 52 111
10	141 24 54 86
11	88 3 42 143
12	26 22 47 96
13	92 6 24 23
14	126 47 107 15
15	47 62 80 106
16	64 133 77 61
17	136 79 84 114
18	125 53 7 141
19	95 98 135 130
20	68 147 102 103
21	17 21 29 102
22	61 120 35 8
23	37 129 130 40
24	34 145 41 86
25	9 126 77 137
26	86 134 75 44
27	24 20 73 78
28	16 131 109 69
29	81 76 19 138
30	147 142 36 31
31	49 63 145 89
32	7 83 110 35
33	64 42 18 88
34	17 67 76 40
35	41 120 133 90
36	28 16 50 84
37	77 58 52 110
38	20 144 14 13
39	105 52 95 90
40	18 14 38 25
41	49 11 127 107
42	66 116 29 36
43	107 141 106 82
44	44 106 139 30
45	30 113 69 141
46	110 86 101 52
47	24 46 58 132
48	30 49 134 147
49	48 102 95 44
50	42 132 60 45
51	32 139 50 109
52	60 70 106 39
53	136 93 127 71
54	25 81 34 137
55	15 28 31 5
56	50 74 67 101
57	47 35 139 107
58	65 87 85 118
59	139 63 97 73
60	57 116 38 129
61	14 126 53 23
62	101 68 124 64
63	85 109 24 112
64	41 132 55 19
65	92 52 104 51
66	138 90 119 36
67	22 138 106 56
68	117 100 99 142
69	132 141 69 7
70	119 146 83 90
71	44 9 20 37
72	97 111 100 145
73	100 88 90 127
74	145 38 4 127
75	143 21 67 115
76	108 110 37 120
77	119 116 128 113
78	122 56 31 115
79	107 20 4 7
80	31 44 16 140
81	112 11 149 85
82	86 143 140 57
83	146 91 118 86
84	142 15 42 88
85	110 58 86 3
86	48 149 67 89
87	13 149 27 86
88	55 14 104 70
89	39 13 15 28
90	118 8 125 120
91	15 42 58 13
92	11 77 41 66
93	143 48 16 53
94	52 83 140 89
95	99 80 3 1
96	57 147 138 132
97	27 14 35 106
98	135 118 3 142
99	40 149 127 134
100	116 20 121 64
101	39 123 111 81
102	144 7 52 135
103	147 51 116 1
104	117 46 116 26
105	127 136 22 100
106	12 17 42 67
107	77 18 54 34
108	10 55 76 64
109	145 112 44 128
110	49 46 140 87
111	143 147 102 104
112	99 4 81 90
113	42 24 113 63
114	141 102 10 5
115	21 120 141 3
116	148 110 10 25
117	6 44 31 56
118	139 47 46 17
119	57 148 19 66
120	26 145 54 32
121	21 65 112 84
122	53 48 128 7
123	13 65 29 92
124	147 131 55 18
125	59 39 22 77
126	108 3 10 130
127	51 114 84 125
128	57 105 117 78
129	112 55 86 17
130	97 64 123 99
131	115 142 135 87
132	51 119 84 44
133	40 58 35 102
134	132 50 103 144
135	69 123 141 11
136	2 26 145 31
137	8 127 133 14
138	105 134 130 70
139	66 140 126 147
140	135 67 95 133
141	73 145 103 128
142	142 125 64 13
143	90 123 28 108
144	26 52 92 6
145	36 122 83 26
146	121 72 120 129
147	127 18 122 143
148	128 117 116 72
149	68 3 137 61
150	25 7 16 33
151	127 24 50 7
152	57 133 72 114
153	135 39 1 10
154	55 97 114 3
155	146 26 49 114
156	124 25 9 7
157	67 140 137 39
158	38 136 5 54
159	68 6 2 117
160	13 83 150 127
161	82 66 58 142
162	133 142 91 95
163	78 73 85 51
164	93 136 144 58
165	142 98 113 96
166	109 76 11 147
167	8 65 3 67
168	71 31 120 138
169	74 50 81 149
170	102 132 105 79
171	54 46 72 76
172	19 150 81 95
173	119 24 38 82
174	65 80 78 92
175	55 92 115 91
176	69 1 75 70
177	121 2 71 89
178	131 35 55 116
179	116 97 51 84
180	21 126 131 70
181	144 2 62 135
182	9 14 106 108
183	106 111 14 32
184	147 28 100 21
185	136 42 122 65
186	88 97 47 42
187	14 134 74 105
188	40 63 53 120
189	58 108 91 73
190	61 95 15 118
191	20 70 101 51
192	75 98 3 53
193	98 75 72 4
194	140 36 97 79
195	81 108 70 109
196	89 130 124 45
197	77 110 98 69
198	120 111 64 83
199	46 102 103 82
200	74 46 34 8
201	67 139 106 149
202	141 28 128 78
203	113 71 133 141
204	118 53 127 39
205	30 55 131 80
206	32 49 114 91
207	147 78 45 65
208	30 106 95 100
209	57 120 121 62
210	62 22 80 55
211	59 94 103 148
212	87 100 72 80
213	37 106 44 31
214	90 112 75 145
215	120 80 107 139
216	127 39 41 16
217	104 22 62 119
218	94 115 20 105
219	72 3 62 86
220	88 101 140 30
221	25 27 14 31
222	39 139 1 99
223	71 29 101 64
224	68 78 24 104
225	123 14 62 48
226	21 68 112 111
227	92 80 113 147
228	65 129 143 25
229	136 85 99 25
230	92 57 110 104
231	150 143 138 55
232	118 90 132 138
233	126 54 93 56
234	29 91 4 7
235	78 8 108 114
236	108 126 97 95
237	44 95 67 75
238	140 94 8 52
239	146 119 6 70
240	112 108 115 16
241	57 48 85 44
242	89 106 133 19
243	63 36 31 83
244	91 92 96 71
245	127 89 109 97
246	75 95 68 101
247	2 68 116 142
248	16 126 107 138
249	46 56 103 42
250	19 100 57 21
251	58 43 103 85
252	98 5 84 137
253	90 65 79 138
254	24 62 71 124
255	122 31 99 141
256	13 73 116 76
257	99 113 73 51
258	150 94 144 100
259	116 68 19 40
260	24 44 14 51
261	106 22 124 109
262	143 45 116 27
263	97 21 11 146
264	122 145 10 38
265	66 44 13 6
266	85 66 92 83
267	12 76 35 144
268	128 30 104 93
269	101 109 75 120
270	66 90 84 107
271	79 73 132 91
272	97 66 56 45
273	14 15 40 9
274	130 106 40 108
275	2 132 118 48
276	96 51 123 63
277	122 19 144 46
278	29 42 25 104
279	148 53 100 85
280	104 55 109 99
281	59 37 95 101
282	116 48 136 22
283	5 34 113 51
284	142 21 57 115
285	115 62 38 51
286	134 58 93 9
287	111 22 133 2
288	119 83 62 96
289	44 40 142 100
290	4 45 135 71
291	92 121 148 77
292	93 10 116 149
293	96 110 59 61
294	140 97 95 82
295	12 134 26 57
296	110 97 59 119
297	98 38 128 73
298	117 61 72 105
299	56 8 115 141
300	81 89 123 90
301	41 75 105 24
302	32 140 141 134
303	148 90 114 123
304	41 59 48 89
305	92 143 11 85
306	67 21 73 124
307	124 100 93 113
308	4 11 26 150
309	11 69 71 143
310	109 86 113 123
311	28 124 19 135
312	43 103 31 127
313	79 10 143 34
314	22 36 33 110
315	46 132 54 95
316	7 102 12 133
317	49 88 24 103
318	111 65 77 57
319	43 66 94 33
320	45 11 132 92
321	50 51 140 115
322	138 121 44 50
323	81 65 93 98
324	1 39 110 84
325	18 57 119 96
326	135 80 124 99
327	10 103 21 66
328	103 32 124 87
329	146 62 122 46
330	65 145 17 52
331	84 121 82 83
332	53 124 71 61
333	24 139 102 44
334	16 37 49 125
335	71 20 119 105
336	114 34 143 111
337	8 146 57 87
338	95 34 47 65
339	57 106 147 148
340	41 80 73 37
341	93 148 117 141
342	48 125 139 84
343	98 53 34 89
344	57 84 55 101
345	140 3 126 69
346	113 67 110 85
347	120 62 40 53
348	29 36 143 146
349	132 64 99 129
350	119 121 31 131
351	150 74 113 54
352	109 107 18 103
353	36 85 118 21
354	30 14 107 125
355	81 65 117 74
356	43 82 33 41
357	113 29 124 141
358	32 141 16 1
359	62 42 16 114
360	123 65 19 38
361	105 15 118 32
362	32 17 66 142
363	117 70 138 102
364	62 107 32 17
365	103 100 27 135
366	98 12 136 32
367	9 91 7 18
368	45 76 35 29
369	88 77 145 125
370	122 97 15 82
371	121 70 141 33
372	10 43 83 7
373	139 54 103 143
374	34 54 6 17
375	107 19 135 59
376	4 47 33 8
377	19 103 71 90
378	106 74 110 70
379	39 59 48 85
380	121 24 98 38
381	51 4 109 83
382	60 89 13 79
383	150 127 132 1
384	94 24 25 84
385	132 109 110 130
386	34 12 71 109
387	65 39 15 80
388	141 113 64 1
389	65 99 66 132
390	100 52 55 34
391	138 28 83 142
392	48 128 90 92
393	81 43 17 135
394	116 38 100 107
395	23 133 102 136
396	112 111 143 139
397	12 121 114 52
398	128 22 116 33
399	24 8 12 95
400	109 29 131 69
401	105 83 56 71
402	31 86 70 13
403	108 131 87 26
404	134 120 115 84
405	65 113 72 129
406	120 69 29 134
407	119 61 96 12
408	149 98 54 51
409	2 42 78 54
410	128 72 42 136
411	58 55 104 112
412	65 138 16 122
413	76 16 147 25
414	105 108 22 100
415	111 116 94 118
416	119 138 145 43
417	55 73 70 26
418	57 143 100 61
419	148 1 73 24
420	144 116 107 106
421	149 29 146 126
422	113 22 8 94
423	83 45 3 139
424	116 109 57 72
425	62 34 12 22
426	41 1 17 6
427	1 98 109 130
428	58 98 106 144
429	106 131 138 69
430	81 97 96 85
431	4 111 77 47
432	114 72 91 103
433	20 4 45 105
434	38 33 125 47
435	16 147 126 61
436	144 139 47 24
437	75 59 98 73
438	12 1 21 2
439	125 89 73 29
440	51 44 113 54
441	3 72 65 145
442	32 77 129 61
443	88 29 144 74
444	50 96 39 105
445	109 18 4 31
446	99 115 95 124
447	38 12 30 84
448	62 99 125 128
449	120 123 27 135
450	124 88 140 87
451	6 112 137 69
452	53 40 62 149
453	128 4 37 69
454	136 114 111 104
455	133 149 31 141
456	82 110 55 128
457	3 40 136 35
458	74 93 51 122
459	73 94 17 82
460	115 28 17 32
461	137 56 140 93
462	124 6 8 30
463	120 18 83 59
464	98 18 19 37
465	98 13 131 79
466	8 50 111 51
467	81 62 48 16
468	22 76 138 95
469	67 27 17 12
470	104 43 18 50
471	55 24 51 25
472	88 60 24 85
473	145 55 74 70
474	71 23 56 30
475	35 23 136 145
476	28 134 132 125
477	80 120 35 22
478	107 102 138 133
479	126 132 9 45
480	45 15 32 28
481	62 12 69 46
482	46 61 16 77
483	141 145 100 34
484	103 121 69 78
485	95 144 48 146
486	39 63 49 20
487	137 34 20 55
488	80 136 142 110
489	46 10 142 86
490	112 82 9 62
491	65 98 91 75
492	44 96 48 127
493	120 121 130 10
494	2 35 110 87
495	32 137 45 135
496	26 42 106 45
497	55 69 110 50
498	38 71 142 36
499	67 40 34 49
500	47 144 104 123
501	69 99 61 111
502	128 12 137 85
503	28 18 17 63
504	125 150 6 89
505	102 11 129 88
506	122 132 49 51
507	83 70 149 56
508	125 117 83 87
509	32 129 117 134
510	41 20 1 74
511	113 55 84 101
512	44 136 70 73
513	8 124 140 12
514	67 140 12 17
515	49 150 65 68
516	55 42 41 142
517	53 47 99 73
518	63 68 64 31
519	12 5 112 116
520	102 59 147 95
521	105 39 14 133
522	92 41 117 76
523	94 39 144 100
524	63 108 5 79
525	27 2 142 56
526	133 23 103 35
527	78 119 102 1
528	78 50 81 87
529	60 111 148 34
530	80 1 18 88
531	54 34 123 60
532	21 137 75 58
533	7 87 75 108
534	106 131 90 48
535	57 93 84 101
536	23 125 13 110
537	73 134 56 147
538	148 37 149 105
539	54 25 116 105
540	86 145 45 149
541	77 28 99 45
542	15 149 56 116
543	145 132 88 139
544	66 79 126 49
545	103 105 77 16
546	101 104 93 112
547	109 137 77 5
548	79 105 117 31
549	73 18 60 63
550	19 6 16 65
551	148 71 104 124
552	31 38 47 97
553	125 55 26 92
554	83 116 44 49
555	121 39 44 4
556	46 3 136 117
557	150 87 122 59
558	125 71 127 27
559	38 41 133 25
560	99 150 51 114
561	141 9 10 131
562	150 90 81 126
563	67 66 45 24
564	60 105 92 63
565	113 8 22 141
566	133 62 21 128
567	13 40 146 103
568	22 140 11 137
569	3 77 81 139
570	143 106 70 122
571	28 22 74 47
572	31 37 88 66
573	24 144 93 38
574	125 60 40 144
575	49 36 65 38
576	24 64 66 101
577	21 131 44 140
578	111 66 45 101
579	132 10 133 48
580	112 104 90 68
581	37 24 89 109
582	116 102 27 5
583	43 63 8 16
584	102 23 136 80
585	29 141 140 28
586	54 32 138 85
587	137 58 109 4
588	114 105 25 119
589	47 4 26 150
590	23 135 11 38
591	92 59 133 47
592	119 94 36 146
593	2 105 77 36
594	28 149 146 61
595	26 109 101 49
596	16 86 111 132
597	120 109 150 87
598	148 14 67 18
599	7 127 67 101
600	104 93 122 79
601	69 114 18 82
602	10 133 150 37
603	36 63 123 140
604	39 88 25 122
605	47 68 112 33
606	142 59 62 30
607	23 150 106 13
608	110 146 50 83
609	84 7 67 30
610	86 98 13 2
611	116 100 128 134
612	2 143 118 149
613	9 29 131 83
614	135 12 121 66
615	76 17 70 119
616	143 61 70 37
617	39 38 124 21
618	132 136 82 9
619	86 2 113 27
620	146 150 111 18
621	148 68 11 80
622	36 69 89 91
623	116 89 88 146
624	96 99 137 50
625	36 73 32 59
626	109 37 22 11
627	133 112 95 145
628	42 2 130 26
629	56 77 142 16
630	100 146 6 38
631	42 36 82 45
632	54 96 48 143
633	35 102 105 129
634	13 5 57 116
635	46 93 26 6
636	19 35 127 134
637	15 86 63 103
638	117 25 27 120
639	78 15 126 123
640	150 142 102 44
641	75 34 142 7
642	135 24 40 146
643	148 63 20 125
644	66 85 137 20
645	51 81 54 132
646	19 141 12 31
647	9 64 115 120
648	55 49 88 59
649	121 57 16 61
650	68 57 23 70
651	65 145 72 95
652	66 65 122 116
653	4 95 137 146
654	9 91 52 101
655	62 39 150 138
656	105 91 140 101
657	73 132 108 100
658	137 109 17 37
659	86 136 88 66
660	52 48 73 92
661	95 17 105 2
662	32 70 3 59
663	17 87 55 113
664	68 75 99 12
665	41 15 93 67
666	61 50 83 69
667	134 12 135 136
668	76 22 7 105
669	149 19 121 97
670	111 65 4 49
671	40 101 50 131
672	101 145 68 3
673	82 98 4 78
674	126 7 37 27
675	100 109 149 18
676	64 5 81 139
677	79 120 122 55
678	76 14 69 118
679	31 116 63 82
680	51 122 49 134
681	70 108 147 114
682	26 77 5 75
683	63 145 117 118
684	44 91 8 108
685	6 134 94 110
686	69 128 19 33
687	96 98 59 150
688	62 102 17 121
689	17 51 47 3
690	129 77 150 93
691	18 75 122 37
692	41 68 49 55
693	66 80 56 34
694	105 20 79 3
695	95 111 133 37
696	36 83 115 32
697	35 77 75 4
698	127 139 2 105
699	15 76 108 138
700	146 78 128 124
701	136 61 2 139
702	132 18 84 87
703	59 44 70 32
704	79 71 89 142
705	116 68 89 21
706	108 111 58 78
707	88 143 59 6
708	75 23 139 144
709	66 24 33 81
710	122 45 133 107
711	16 141 91 42
712	28 3 115 105
713	24 40 106 124
714	71 37 70 129
715	86 73 55 34
716	110 48 24 76
717	74 81 7 49
718	143 38 42 17
719	65 13 4 137
720	97 53 76 129
721	99 69 20 46
722	91 72 9 77
723	66 118 35 44
724	64 145 62 7
725	108 126 57 24
726	44 93 22 18
727	96 147 109 13
728	5 63 88 90
729	9 150 140 143
730	90 38 44 66
731	62 83 74 97
732	58 73 144 102
733	63 141 124 36
734	48 142 104 28
735	86 132 89 9
736	51 99 28 135
737	114 149 24 15
738	122 34 149 136
739	1 21 136 140
740	38 70 30 19
741	22 96 52 124
742	79 17 51 40
743	135 130 39 13
744	66 27 116 47
745	76 29 120 48
746	131 54 150 46
747	9 72 57 134
748	16 90 35 125
749	39 136 96 1
750	49 75 84 77
751	61 111 140 98
752	6 116 27 135
753	11 144 135 10
754	43 46 134 9
755	14 87 95 85
756	75 125 120 148
757	31 63 36 50
758	17 47 53 105
759	123 116 59 21
760	130 39 28 64
761	43 51 46 35
762	32 67 1 22
763	39 32 110 16
764	26 21 98 80
765	68 45 25 80
766	42 147 114 126
767	111 146 18 26
768	88 65 2 132
769	12 29 65 113
770	129 42 100 77
771	68 44 134 39
772	50 29 44 108
773	108 24 4 91
774	6 19 134 145
775	150 29 134 135
776	105 30 55 90
777	138 115 112 111
778	126 87 7 129
779	145 58 8 11
780	24 88 71 86
781	131 142 146 101
782	80 91 127 82
783	122 97 67 103
784	107 56 88 110
785	48 51 49 105
786	21 146 48 37
787	46 129 101 38
788	139 138 14 131
789	5 146 150 21
790	104 24 15 146
791	45 49 81 114
792	55 115 49 65
793	111 59 11 40
794	8 40 62 18
795	82 26 47 98
796	50 61 122 27
797	70 121 25 102
798	62 17 124 98
799	127 121 23 42
800	23 136 46 33
801	78 113 7 6
802	105 20 146 22
803	119 126 65 79
804	62 7 37 99
805	56 29 70 80
806	100 97 42 122
807	141 9 40 124
808	3 99 26 33
809	46 61 135 81
810	103 13 69 46
811	73 147 133 107
812	70 118 79 16
813	125 136 42 5
814	44 53 98 18
815	147 77 11 40
816	103 45 44 1
817	105 81 63 69
818	43 13 108 93
819	93 31 87 5
820	27 101 10 48
821	116 14 124 106
822	5 96 16 80
823	52 101 45 105
824	134 95 68 84
825	113 128 131 38
826	22 89 50 70
827	40 72 58 107
828	143 70 93 13
829	34 145 59 130
830	27 109 52 148
831	23 65 136 102
832	133 99 50 116
833	19 14 54 133
834	1 5 148 78
835	3 69 91 15
836	109 45 10 34
837	83 20 28 97
838	28 110 105 113
839	137 119 47 123
840	12 53 137 33
841	1 39 51 49
842	60 150 76 28
843	99 61 12 14
844	147 76 25 18
845	13 91 109 77
846	127 11 44 144
847	99 61 84 60
848	47 84 24 89
849	89 46 41 109
850	105 142 117 17
851	80 7 31 145
852	150 47 118 65
853	145 19 57 125
854	37 31 120 3
855	94 19 135 76
856	99 7 74 104
857	31 24 140 40
858	35 116 121 92
859	109 127 143 108
860	79 11 118 87
861	104 32 16 35
862	94 91 92 89
863	62 76 105 60
864	111 126 65 113
865	90 142 22 79
866	118 83 145 122
867	142 92 17 46
868	49 104 134 146
869	109 131 105 83
870	101 142 46 69
871	97 26 21 22
872	84 39 116 43
873	1 113 96 98
874	119 103 129 125
875	14 50 103 41
876	67 144 38 16
877	3 7 42 135
878	112 122 149 109
879	99 96 65 144
880	68 35 110 145
881	36 62 60 132
882	114 132 43 110
883	23 86 146 59
884	136 61 41 123
885	130 61 94 35
886	83 89 2 6
887	97 8 133 106
888	83 47 78 150
889	67 136 1 128
890	49 79 114 76
891	114 27 116 106
892	24 18 64 99
893	137 114 14 118
894	139 71 11 130
895	53 57 21 141
896	141 82 146 110
897	93 52 81 132
898	27 116 18 82
899	42 86 126 18
900	75 9 4 104
901	46 130 25 47
902	18 148 42 54
903	118 53 126 70
904	67 92 137 136
905	132 109 126 103
906	11 89 20 15
907	20 57 93 13
908	115 125 110 26
909	25 64 46 13
910	39 44 45 116
911	140 101 59 20
912	7 105 144 66
913	128 31 90 140
914	142 85 94 1
915	117 135 128 42
916	139 91 125 149
917	114 120 123 144
918	62 133 35 77
919	47 140 53 40
920	144 61 73 69
921	103 149 150 26
922	48 17 43 113
923	2 144 131 83
924	63 111 58 128
925	90 53 13 107
926	19 128 142 127
927	123 145 51 107
928	35 21 119 104
929	51 150 99 20
930	148 126 142 91
931	51 87 122 24
932	4 32 71 121
933	65 128 97 148
934	39 68 109 43
935	146 110 99 138
936	77 5 6 86
937	138 29 121 115
938	58 80 35 10
939	83 16 24 68
940	99 11 109 104
941	78 73 10 29
942	37 24 89 73
943	66 48 20 119
944	36 68 70 126
945	98 92 146 48
946	27 10 63 24
947	4 58 78 74
948	123 53 79 105
949	130 17 99 1
950	61 124 63 90
951	35 134 6 17
952	29 110 24 33
953	140 3 45 106
954	65 2 72 146
955	62 116 52 127
956	128 143 36 90
957	59 132 100 101
958	137 81 9 91
959	127 42 130 6
960	18 130 92 97
961	101 99 136 69
962	85 122 51 60
963	27 92 63 48
964	16 95 137 56
965	125 98 18 27
966	34 36 21 63
967	46 13 63 43
968	56 52 47 125
969	18 4 115 27
970	19 79 85 51
971	131 108 123 70
972	22 3 10 54
973	31 2 65 91
974	87 81 62 38
975	99 11 5 139
976	139 92 73 47
977	57 110 72 4
978	73 8 3 43
979	49 78 63 107
980	15 1 31 41
981	24 98 108 80
982	81 104 77 127
983	91 64 82 26
984	130 106 102 23
985	38 48 139 112
986	112 80 75 150
987	90 71 149 14
988	23 8 91 29
989	101 102 83 125
990	10 49 90 78
991	47 37 132 35
992	3 135 16 62
993	104 76 105 91
994	122 2 6 74
995	88 106 58 104
996	123 21 11 72
997	43 31 98 79
998	130 149 105 45
999	39 121 143 35
1000	144 19 58 98
