Students	1000
1	19 81 114 110
2	67 46 101 122
3	66 15 123 73
4	34 8 90 125
5	20 86 2 89
6	3 60 98 26
7	119 63 132 144
8	148 102 10 27
9	119 92 15 111
10	82 94 125 55
11	133 34 75 73
12	146 16 114 81
13	24 19 117 80
14	124 12 51 88
15	87 1 125 112
16	54 76 4 41
17	5 60 98 54
18	21 14 146 6
19	57 146 126 86
20	2 9 26 139
21	96 125 50 31
22	127 134 83 118
23	64 127 90 31
24	60 21 37 56
25	1 47 104 120
26	122 21 82 36
27	105 83 118 86
28	74 20 144 27
29	94 109 72 48
30	43 29 132 67
31	2 104 131 53
32	7 76 130 37
33	145 7 144 96
34	146 65 1 116
35	80 100 102 57
36	64 131 2 94
37	126 89 66 102
38	37 126 113 74
39	6 109 46 75
40	124 25 89 140
41	122 43 102 55
42	124 110 80 61
43	17 74 107 28
44	73 10 69 143
45	12 11 97 34
46	56 70 132 91
47	129 92 39 49
48	58 74 69 27
49	76 118 22 91
50	120 37 59 135
51	150 79 21 9
52	57 103 133 78
53	118 31 34 16
54	37 87 92 77
55	60 105 77 90
56	129 23 94 48
57	135 2 56 95
58	1 146 58 25
59	46 102 95 56
60	53 88 115 66
61	42 136 139 34
62	142 123 101 86
63	136 114 67 143
64	94 78 95 18
65	72 14 45 85
66	13 95 146 144
67	2 43 51 88
68	41 40 103 114
69	20 139 116 114
70	60 15 112 28
71	140 119 14 48
72	126 69 100 144
73	80 62 12 129
74	16 86 75 123
75	64 20 144 126
76	44 125 51 32
77	116 10 29 134
78	142 71 21 74
79	106 72 61 9
80	56 7 30 67
81	142 73 134 26
82	7 26 148 5
83	85 80 50 136
84	28 143 137 9
85	34 48 53 95
86	48 117 55 105
87	35 27 107 101
88	94 146 141 47
89	16 61 50 51
90	68 12 113 61
91	150 6 77 37
92	1 147 126 139
93	113 124 87 120
94	73 72 76 31
95	63 114 141 122
96	35 143 70 32
97	107 26 68 132
98	104 117 74 65
99	26 17 103 9
100	53 97 58 4
101	59 102 78 94
102	86 82 61 96
103	47 20 19 21
104	26 139 30 142
105	10 114 56 94
106	61 20 80 75
107	100 60 130 18
108	17 139 126 63
109	7 144 27 83
110	111 4 45 10
111	48 67 63 124
112	116 38 16 128
113	42 140 65 15
114	39 80 34 123
115	52 131 27 34
116	92 124 37 34
117	143 53 134 22
118	83 147 146 89
119	128 103 132 38
120	111 30 120 87
121	143 74 8 103
122	87 12 133 122
123	138 148 143 144
124	118 117 11 137
125	109 92 4 46
126	125 37 19 35
127	125 118 70 105
128	64 149 27 150
129	107 145 51 26
130	6 142 90 62
131	142 103 18 84
132	63 55 47 105
133	10 50 45 147
134	4 101 83 8
135	43 118 21 44
136	34 42 41 71
137	130 137 83 125
138	35 14 22 85
139	10 30 123 73
140	109 98 101 126
141	58 50 132 40
142	41 7 63 47
143	130 103 109 85
144	101 124 53 15
145	26 17 30 131
146	82 66 60 48
147	48 38 139 140
148	128 32 136 86
149	127 136 49 38
150	115 35 44 75
151	62 104 70 27
152	114 57 10 149
153	29 15 27 132
154	2 4 93 121
155	68 78 141 6
156	14 74 91 63
157	121 43 131 139
158	86 78 125 50
159	72 44 112 140
160	3 105 119 109
161	2 93 46 135
162	124 69 141 121
163	26 108 136 37
164	17 146 126 92
165	44 137 88 69
166	136 67 130 6
167	127 1 147 6
168	110 124 112 61
169	65 54 58 84
170	43 141 119 134
171	68 97 64 142
172	70 2 140 31
173	11 36 107 32
174	148 65 26 77
175	101 81 20 138
176	60 122 102 107
177	145 117 66 138
178	122 92 14 27
179	30 67 12 96
180	129 19 63 36
181	25 149 60 11
182	54 33 44 92
183	122 68 69 86
184	9 132 16 88
185	138 62 53 132
186	29 115 37 144
187	5 92 107 24
188	107 21 114 16
189	144 56 78 91
190	111 135 2 62
191	88 84 60 23
192	19 99 97 62
193	64 71 83 101
194	1 147 73 98
195	77 1 123 82
196	56 18 25 92
197	28 84 113 81
198	57 146 55 40
199	15 8 136 124
200	77 62 104 29
201	149 140 45 116
202	21 105 52 138
203	8 6 85 112
204	98 139 96 68
205	59 65 115 44
206	41 42 99 66
207	37 128 31 64
208	46 7 13 53
209	57 49 142 23
210	147 18 41 8
211	28 92 2 53
212	26 149 45 97
213	71 73 36 56
214	102 107 31 111
215	21 20 93 121
216	150 20 1 149
217	50 20 68 87
218	98 59 3 8
219	127 80 21 136
220	38 81 25 46
221	148 71 37 51
222	127 47 32 24
223	60 113 134 40
224	32 141 99 48
225	123 74 87 139
226	32 143 133 18
227	18 101 99 85
228	59 64 70 13
229	63 17 48 60
230	116 7 5 94
231	104 101 88 115
232	88 112 128 63
233	87 32 5 61
234	118 56 62 136
235	142 122 12 118
236	5 143 93 62
237	5 42 91 11
238	97 126 136 76
239	146 136 39 133
240	76 100 64 83
241	108 85 42 135
242	47 121 106 16
243	85 24 130 7
244	34 59 107 8
245	100 28 26 87
246	87 78 130 106
247	22 34 104 7
248	140 71 124 76
249	122 60 72 11
250	52 18 147 104
251	87 119 133 20
252	92 114 43 134
253	42 11 113 59
254	104 105 10 108
255	100 7 108 64
256	89 146 47 76
257	5 12 23 140
258	79 24 129 56
259	24 94 104 59
260	10 59 81 122
261	4 65 52 1
262	9 25 11 79
263	149 11 25 33
264	58 40 21 129
265	116 6 28 11
266	92 142 100 143
267	34 21 69 87
268	118 2 43 123
269	54 115 137 109
270	74 34 103 26
271	107 129 45 32
272	40 21 132 115
273	85 91 149 143
274	18 20 30 24
275	33 113 148 130
276	24 44 116 55
277	10 131 11 56
278	101 82 108 124
279	56 8 132 44
280	58 87 96 72
281	136 119 89 11
282	136 27 99 29
283	77 79 134 30
284	55 92 3 118
285	131 142 40 30
286	76 15 38 104
287	54 86 137 99
288	33 15 128 41
289	130 66 38 20
290	98 4 138 87
291	14 61 76 143
292	76 65 41 91
293	58 100 1 82
294	145 131 74 94
295	105 63 71 9
296	55 138 99 114
297	115 133 18 78
298	146 57 128 75
299	107 26 48 56
300	124 83 11 55
301	116 24 88 73
302	127 119 123 98
303	103 60 88 53
304	84 72 88 116
305	91 43 61 125
306	4 3 49 69
307	9 21 94 14
308	66 92 31 100
309	87 117 57 46
310	136 89 48 145
311	32 131 49 16
312	98 150 49 113
313	127 12 72 79
314	121 64 125 96
315	132 20 109 124
316	33 135 139 149
317	14 63 44 59
318	129 37 30 113
319	42 19 105 83
320	21 107 1 24
321	150 30 40 13
322	80 13 54 65
323	80 44 7 126
324	84 18 140 133
325	122 105 121 139
326	129 49 102 75
327	42 114 104 95
328	104 35 90 66
329	84 67 80 56
330	111 13 130 88
331	85 32 124 89
332	51 73 113 123
333	70 100 19 135
334	115 144 111 26
335	64 98 23 62
336	35 83 118 1
337	120 83 88 75
338	68 71 150 83
339	102 135 106 18
340	101 104 122 62
341	23 54 144 8
342	133 104 52 125
343	136 6 118 84
344	148 17 139 122
345	127 67 108 132
346	9 128 66 73
347	99 1 136 100
348	142 49 132 64
349	6 132 59 17
350	86 143 92 17
351	39 11 4 33
352	16 92 89 129
353	94 28 23 120
354	44 110 65 54
355	125 138 44 3
356	95 10 43 3
357	20 53 63 126
358	36 64 50 25
359	66 80 7 138
360	40 122 15 51
361	16 21 113 19
362	127 22 5 124
363	58 25 147 4
364	46 50 68 123
365	103 57 77 79
366	35 149 72 75
367	15 7 79 139
368	123 14 93 114
369	65 117 19 93
370	32 150 68 25
371	29 91 142 138
372	77 120 30 36
373	89 56 131 38
374	24 100 19 28
375	84 59 106 81
376	140 8 58 91
377	46 108 91 50
378	6 104 26 137
379	93 145 14 118
380	132 35 59 95
381	71 60 115 77
382	7 3 43 6
383	7 58 19 139
384	44 117 50 8
385	44 70 88 87
386	116 73 22 98
387	107 28 45 119
388	143 47 53 101
389	112 136 69 108
390	138 90 27 24
391	79 123 92 131
392	113 35 139 32
393	57 40 106 9
394	121 23 109 75
395	65 11 148 98
396	56 109 88 52
397	138 48 4 45
398	133 61 64 130
399	140 5 6 91
400	41 67 59 62
401	113 62 80 134
402	45 116 101 42
403	118 101 116 115
404	31 49 91 74
405	27 67 149 9
406	37 91 51 94
407	7 37 27 116
408	120 54 140 129
409	110 59 93 17
410	9 61 118 134
411	92 143 100 142
412	141 50 36 10
413	107 76 93 28
414	49 143 128 11
415	96 124 122 87
416	77 34 4 57
417	96 52 25 9
418	65 143 44 21
419	88 87 4 126
420	123 84 126 4
421	54 17 35 143
422	87 25 84 140
423	87 4 138 78
424	126 102 19 115
425	36 95 114 88
426	143 86 84 14
427	64 139 17 109
428	17 5 139 68
429	105 53 102 144
430	21 58 119 45
431	137 65 4 84
432	71 142 52 102
433	147 46 115 119
434	8 20 83 37
435	73 116 36 2
436	96 121 95 149
437	136 60 87 128
438	76 23 43 99
439	135 55 64 149
440	60 61 112 84
441	144 85 87 113
442	43 99 67 95
443	131 113 86 77
444	18 148 117 73
445	47 130 101 59
446	143 133 37 36
447	65 73 30 104
448	98 69 25 150
449	42 56 4 133
450	140 109 80 115
451	101 88 37 136
452	132 116 107 123
453	125 79 28 90
454	6 76 147 15
455	80 79 78 136
456	80 69 135 106
457	99 79 69 84
458	99 36 63 58
459	41 5 93 38
460	78 32 51 139
461	11 79 140 83
462	114 8 89 123
463	31 6 48 29
464	85 142 112 88
465	120 102 85 50
466	148 46 142 55
467	103 132 36 2
468	60 27 8 20
469	47 60 74 17
470	134 104 31 43
471	57 106 16 84
472	34 131 68 91
473	81 1 139 121
474	63 10 85 148
475	94 83 126 112
476	40 90 15 8
477	77 94 125 78
478	117 60 37 6
479	18 111 68 113
480	94 83 15 150
481	128 110 148 24
482	90 33 47 58
483	108 21 82 83
484	40 134 129 15
485	44 131 143 93
486	71 113 37 44
487	40 134 118 108
488	87 37 65 32
489	32 98 38 19
490	115 47 114 83
491	97 142 45 82
492	136 39 132 53
493	117 123 34 20
494	84 85 16 62
495	100 37 61 69
496	76 46 22 136
497	123 45 17 25
498	132 106 127 4
499	48 25 80 134
500	140 51 6 46
501	54 108 53 143
502	82 34 41 122
503	150 22 142 45
504	129 42 85 43
505	88 89 114 46
506	39 142 66 82
507	43 65 100 93
508	38 113 10 20
509	141 32 140 26
510	106 29 16 94
511	73 4 17 129
512	25 67 28 95
513	85 123 112 99
514	33 94 128 2
515	24 132 34 22
516	19 99 111 149
517	35 127 46 106
518	81 150 116 92
519	20 62 105 33
520	83 36 113 62
521	64 61 112 75
522	127 38 6 130
523	70 66 72 147
524	124 131 141 101
525	101 54 13 14
526	5 51 135 103
527	21 99 90 126
528	17 108 22 135
529	61 138 79 10
530	98 12 129 112
531	112 82 52 20
532	21 146 8 75
533	84 105 129 111
534	36 123 7 81
535	89 150 17 136
536	3 8 105 137
537	109 119 125 33
538	132 105 128 94
539	17 22 54 108
540	133 80 99 100
541	62 37 103 22
542	46 117 65 10
543	53 6 79 49
544	147 3 149 125
545	145 31 20 117
546	57 105 138 1
547	40 134 64 51
548	93 41 1 147
549	8 135 19 91
550	45 112 42 83
551	91 112 51 99
552	39 35 59 135
553	49 30 18 123
554	149 58 74 8
555	75 39 96 121
556	12 99 79 108
557	84 80 46 112
558	64 57 44 127
559	56 31 53 116
560	150 107 115 50
561	46 94 79 105
562	108 46 110 125
563	33 77 32 9
564	24 111 37 35
565	135 1 80 13
566	14 119 65 128
567	130 8 90 40
568	54 7 69 72
569	45 2 100 26
570	69 142 143 109
571	33 144 2 6
572	66 141 81 88
573	132 71 62 61
574	131 49 8 56
575	47 44 19 61
576	94 125 30 52
577	53 34 80 59
578	76 38 127 147
579	44 142 30 34
580	138 137 56 140
581	129 33 27 82
582	132 78 145 43
583	76 98 121 77
584	74 91 14 139
585	103 139 131 63
586	89 110 74 22
587	11 60 69 52
588	3 30 58 118
589	41 65 114 20
590	120 30 113 13
591	55 84 146 35
592	124 97 50 110
593	133 76 129 148
594	147 121 148 50
595	68 59 51 69
596	140 93 17 89
597	148 108 125 2
598	23 146 54 66
599	113 115 18 88
600	132 57 111 33
601	57 121 116 45
602	64 26 74 21
603	106 105 99 6
604	73 1 96 127
605	140 6 123 118
606	3 71 106 38
607	138 150 79 76
608	107 100 114 148
609	82 10 76 17
610	84 19 64 92
611	145 106 36 104
612	48 106 125 10
613	120 16 50 68
614	79 68 127 20
615	94 142 31 80
616	11 94 15 87
617	86 145 128 85
618	82 129 131 80
619	27 91 96 115
620	9 138 61 145
621	92 33 55 13
622	53 95 149 81
623	48 64 12 98
624	86 116 122 143
625	126 141 20 42
626	125 12 74 92
627	49 52 81 68
628	2 122 17 15
629	23 111 119 127
630	126 4 107 71
631	88 93 11 122
632	132 1 118 95
633	87 63 111 92
634	72 10 68 25
635	141 35 54 70
636	127 42 38 23
637	93 129 69 40
638	45 138 38 27
639	107 100 115 110
640	34 134 67 20
641	105 117 101 19
642	114 51 50 42
643	4 79 65 38
644	15 55 34 42
645	45 89 140 136
646	144 115 43 18
647	143 9 112 100
648	120 19 74 123
649	41 62 86 143
650	15 12 141 88
651	13 139 143 66
652	40 52 80 119
653	144 99 115 117
654	100 63 39 111
655	28 13 131 88
656	29 41 144 18
657	126 105 118 82
658	104 67 75 120
659	55 20 107 73
660	146 54 77 135
661	41 6 83 135
662	122 78 11 9
663	19 56 109 112
664	8 22 34 104
665	149 20 36 65
666	126 15 144 42
667	65 67 26 108
668	104 22 117 116
669	120 7 108 26
670	101 63 110 128
671	12 149 48 46
672	90 56 150 28
673	101 113 119 64
674	75 84 100 104
675	32 19 28 98
676	21 144 16 85
677	54 130 27 114
678	123 86 76 41
679	105 50 7 1
680	115 96 33 25
681	149 133 2 96
682	26 112 108 93
683	134 54 35 56
684	83 150 105 50
685	134 88 138 62
686	144 29 140 90
687	56 66 3 40
688	124 83 69 30
689	58 81 137 13
690	71 76 13 77
691	98 51 45 80
692	116 74 47 150
693	149 10 51 46
694	17 124 132 65
695	87 74 83 52
696	96 63 8 69
697	96 74 107 49
698	72 135 113 9
699	99 144 55 56
700	11 118 36 144
701	73 52 145 71
702	87 23 5 112
703	111 36 123 84
704	29 25 146 75
705	78 120 60 73
706	43 2 35 138
707	87 26 67 40
708	65 97 21 100
709	26 98 68 90
710	132 118 56 33
711	47 59 119 83
712	56 139 119 8
713	55 75 146 33
714	133 145 134 131
715	29 84 130 133
716	138 117 135 141
717	148 106 81 134
718	52 13 56 126
719	102 143 73 79
720	142 112 130 44
721	34 15 78 74
722	112 64 18 42
723	87 114 63 134
724	117 8 32 103
725	124 105 20 100
726	14 76 1 81
727	19 31 93 48
728	35 55 131 80
729	18 102 128 120
730	34 56 138 12
731	126 99 107 47
732	142 128 9 98
733	64 56 104 54
734	120 57 68 124
735	19 100 103 58
736	82 36 66 51
737	93 113 40 42
738	146 137 93 83
739	4 1 14 57
740	73 41 19 91
741	29 36 132 138
742	37 35 28 53
743	93 94 115 45
744	15 37 135 12
745	90 55 105 71
746	27 105 147 29
747	111 110 30 43
748	99 96 57 56
749	101 11 26 134
750	131 14 30 8
751	18 51 141 50
752	94 4 27 129
753	45 115 48 99
754	72 125 107 31
755	25 11 113 111
756	37 132 35 38
757	98 44 108 144
758	14 31 110 95
759	129 8 55 76
760	27 132 110 49
761	106 85 13 23
762	122 4 77 97
763	83 22 4 21
764	142 110 73 118
765	125 70 133 86
766	120 35 119 14
767	106 126 36 74
768	33 129 81 6
769	100 35 59 148
770	98 64 32 135
771	103 94 59 116
772	49 38 64 58
773	89 70 9 50
774	70 50 149 104
775	48 96 16 109
776	76 60 64 146
777	68 76 29 81
778	30 97 67 123
779	119 129 83 87
780	114 27 88 52
781	62 113 34 77
782	74 119 35 145
783	147 24 13 62
784	43 1 66 97
785	13 32 19 94
786	134 82 64 27
787	71 8 131 138
788	142 97 111 102
789	45 53 114 43
790	20 82 103 105
791	140 66 114 31
792	87 83 53 13
793	147 23 67 143
794	24 41 114 10
795	147 46 145 65
796	104 85 55 134
797	133 7 11 94
798	27 85 93 146
799	41 8 13 89
800	118 65 148 150
801	44 29 148 32
802	57 58 118 1
803	98 82 13 104
804	19 80 62 95
805	56 39 91 150
806	132 39 142 128
807	56 38 21 70
808	4 79 1 50
809	79 40 60 143
810	124 64 6 94
811	89 104 121 32
812	32 63 51 77
813	5 146 31 144
814	130 38 104 100
815	41 86 46 122
816	68 28 150 43
817	46 95 106 17
818	64 48 30 148
819	8 21 123 25
820	103 11 67 144
821	131 148 94 82
822	112 56 134 150
823	7 121 8 112
824	94 25 58 130
825	122 68 77 57
826	29 130 148 17
827	120 4 77 5
828	95 127 80 45
829	45 136 27 129
830	51 128 70 56
831	113 3 31 125
832	33 20 102 127
833	63 66 18 112
834	110 58 68 38
835	136 129 96 132
836	96 34 62 47
837	69 2 75 76
838	71 107 15 27
839	102 136 79 41
840	41 81 140 8
841	45 148 83 139
842	139 141 14 87
843	6 111 61 81
844	125 22 123 60
845	102 122 68 23
846	33 141 22 45
847	57 150 12 56
848	92 71 107 77
849	55 58 3 36
850	55 96 24 133
851	124 112 109 66
852	37 76 27 124
853	86 142 117 120
854	17 5 145 146
855	134 50 136 112
856	116 149 45 141
857	22 65 46 49
858	141 73 104 112
859	98 135 144 59
860	142 55 112 90
861	44 110 128 25
862	113 41 48 55
863	125 135 72 126
864	6 48 56 16
865	1 21 89 54
866	24 43 127 95
867	85 49 112 141
868	93 50 86 59
869	56 12 25 112
870	71 65 32 61
871	102 82 75 42
872	12 80 138 73
873	52 132 27 14
874	108 26 133 81
875	100 143 50 116
876	128 100 134 20
877	124 9 144 59
878	28 107 43 131
879	107 72 61 92
880	26 101 126 13
881	85 100 55 104
882	19 73 80 70
883	67 2 91 129
884	79 47 91 116
885	119 83 73 65
886	137 45 33 25
887	87 86 102 109
888	50 111 7 23
889	56 6 78 148
890	18 107 126 132
891	103 13 28 143
892	144 64 110 43
893	11 122 55 121
894	43 25 138 112
895	11 44 52 33
896	92 113 135 41
897	52 27 25 75
898	45 44 123 18
899	63 130 111 9
900	35 136 125 32
901	49 98 68 24
902	3 41 92 37
903	73 131 82 90
904	37 17 109 99
905	46 142 71 111
906	88 75 27 77
907	36 75 27 121
908	144 139 137 106
909	116 124 145 51
910	133 121 117 86
911	11 100 129 34
912	79 48 65 116
913	132 97 86 39
914	121 6 47 56
915	43 123 117 15
916	111 6 46 13
917	134 54 60 86
918	56 42 99 85
919	27 93 90 94
920	113 44 3 21
921	49 37 18 125
922	147 95 9 141
923	69 30 39 79
924	93 88 67 85
925	108 67 94 69
926	141 9 43 49
927	145 136 31 127
928	87 14 25 133
929	51 52 15 1
930	22 71 34 131
931	117 145 46 35
932	76 106 142 67
933	49 86 98 109
934	120 65 127 80
935	57 17 138 81
936	143 9 142 85
937	52 144 48 15
938	71 47 93 139
939	36 90 58 106
940	84 34 68 120
941	144 76 56 99
942	113 66 39 67
943	143 48 78 84
944	118 22 43 64
945	85 92 115 126
946	121 78 85 58
947	148 69 70 62
948	78 6 56 149
949	20 128 19 26
950	85 132 35 43
951	114 74 98 123
952	2 56 53 109
953	6 31 42 130
954	124 82 44 33
955	44 99 73 88
956	107 50 91 74
957	114 26 62 113
958	97 129 138 53
959	57 55 124 38
960	31 61 22 44
961	104 68 120 98
962	70 108 29 128
963	90 144 146 143
964	54 128 11 147
965	84 37 64 76
966	99 9 130 43
967	7 54 3 138
968	89 40 120 28
969	120 17 76 110
970	149 130 59 84
971	19 91 73 51
972	35 80 39 124
973	93 52 76 73
974	44 100 88 45
975	28 6 104 56
976	65 89 48 134
977	138 131 86 143
978	38 112 87 150
979	41 49 101 114
980	107 136 83 38
981	111 63 130 2
982	121 134 51 85
983	70 64 14 46
984	31 123 81 51
985	3 131 138 73
986	44 21 122 116
987	10 99 41 37
988	123 99 107 148
989	88 106 46 53
990	1 10 100 13
991	111 140 112 89
992	88 9 24 118
993	82 132 57 14
994	41 118 75 134
995	136 68 40 75
996	89 42 130 62
997	132 94 53 31
998	7 4 113 50
999	109 47 2 3
1000	2 5 33 60
