Students	1000
1	110 12 137 102
2	78 44 21 34
3	126 94 134 55
4	111 103 62 107
5	91 63 33 22
6	17 60 19 31
7	139 64 108 87
8	48 40 79 150
9	87 33 105 70
10	148 136 59 82
11	9 93 89 19
12	103 108 114 59
13	12 9 117 71
14	58 17 51 89
15	40 139 1 129
16	122 86 48 129
17	81 101 76 43
18	57 74 68 116
19	130 129 48 34
20	79 52 58 115
21	124 46 28 31
22	81 141 112 102
23	10 91 80 106
24	48 46 40 31
25	105 138 4 50
26	35 21 108 145
27	67 130 25 99
28	90 21 78 45
29	54 88 20 77
30	117 137 122 139
31	96 58 100 57
32	49 75 121 37
33	93 61 1 32
34	96 92 84 120
35	127 7 122 97
36	91 57 26 47
37	38 21 89 39
38	105 68 109 136
39	27 141 20 1
40	26 94 120 127
41	87 124 117 100
42	101 17 13 38
43	131 125 18 10
44	6 144 99 39
45	147 36 1 25
46	18 42 4 114
47	45 81 10 99
48	10 43 136 120
49	116 25 54 66
50	21 56 23 62
51	134 129 86 98
52	110 126 118 85
53	14 52 109 81
54	42 47 7 141
55	107 113 106 70
56	142 18 70 79
57	123 106 110 85
58	146 76 74 113
59	78 100 40 50
60	88 66 14 137
61	70 93 76 38
62	105 40 121 10
63	96 84 1 133
64	66 121 63 22
65	110 100 120 2
66	81 16 114 60
67	50 59 28 49
68	51 58 25 113
69	81 135 68 104
70	65 146 76 68
71	126 6 1 37
72	44 12 115 101
73	70 82 118 148
74	72 53 95 66
75	24 75 8 143
76	131 142 44 23
77	79 65 150 125
78	42 146 143 34
79	104 134 150 81
80	58 112 144 49
81	127 48 144 40
82	83 36 146 43
83	130 124 13 20
84	73 132 69 62
85	129 55 26 107
86	14 10 74 129
87	116 139 122 40
88	45 7 24 54
89	101 126 138 117
90	85 130 103 63
91	83 148 98 87
92	24 87 34 28
93	113 122 5 90
94	11 127 44 98
95	146 40 105 150
96	73 122 135 39
97	28 56 103 50
98	77 145 137 70
99	34 2 64 21
100	80 111 79 31
101	10 100 39 51
102	39 14 63 121
103	18 36 10 84
104	7 138 150 53
105	124 123 25 17
106	84 42 145 34
107	9 35 44 21
108	149 59 108 121
109	83 63 19 15
110	108 32 79 81
111	63 25 103 132
112	146 53 71 88
113	40 50 123 5
114	31 103 142 148
115	82 79 67 51
116	114 126 147 72
117	67 9 141 41
118	54 92 35 39
119	63 115 95 16
120	27 83 31 74
121	147 133 42 134
122	50 149 87 135
123	47 20 83 143
124	66 104 73 133
125	69 140 7 31
126	142 148 131 113
127	12 149 29 105
128	26 11 9 49
129	139 8 148 32
130	108 109 34 118
131	113 1 4 134
132	13 2 23 38
133	90 84 103 130
134	84 8 67 71
135	18 126 123 29
136	29 10 72 5
137	135 48 57 148
138	8 132 4 73
139	133 35 74 139
140	84 14 16 28
141	38 76 61 68
142	86 128 116 36
143	59 101 146 89
144	20 147 124 30
145	130 19 147 92
146	148 119 150 73
147	115 40 107 120
148	37 90 30 120
149	141 84 122 26
150	100 23 64 80
151	43 138 77 60
152	97 132 69 119
153	70 127 87 131
154	125 131 39 109
155	13 141 86 131
156	38 129 131 105
157	100 74 27 88
158	78 49 5 32
159	71 85 10 21
160	136 35 43 133
161	89 147 38 121
162	91 42 19 16
163	71 39 105 72
164	135 124 148 144
165	81 37 65 92
166	105 9 34 92
167	51 90 146 24
168	146 115 3 77
169	30 130 44 75
170	131 51 148 114
171	27 25 5 133
172	13 78 101 83
173	123 110 9 119
174	78 25 101 103
175	144 119 79 54
176	32 1 111 35
177	106 45 54 61
178	119 43 96 108
179	71 144 112 54
180	136 48 106 97
181	128 137 106 41
182	63 123 117 106
183	13 51 128 38
184	53 147 23 128
185	88 94 78 97
186	134 111 69 42
187	51 109 32 128
188	36 93 123 55
189	65 83 114 9
190	40 135 71 1
191	103 119 145 135
192	94 78 27 123
193	97 118 87 119
194	11 65 147 107
195	150 68 54 120
196	89 68 70 12
197	28 81 143 21
198	118 99 42 83
199	127 86 29 73
200	110 33 121 59
201	125 35 97 42
202	114 48 121 103
203	17 146 83 127
204	66 49 104 117
205	78 117 16 35
206	120 141 53 71
207	4 150 74 21
208	109 144 22 61
209	77 75 84 148
210	100 27 62 64
211	130 46 103 58
212	80 26 95 25
213	48 69 106 12
214	2 123 127 145
215	110 101 134 75
216	52 35 95 12
217	58 56 101 92
218	48 104 89 59
219	12 94 8 85
220	34 56 142 119
221	76 136 116 115
222	14 61 94 27
223	102 18 109 37
224	3 136 2 123
225	124 15 116 2
226	94 70 120 145
227	52 12 42 2
228	87 9 93 3
229	51 43 1 20
230	125 2 13 21
231	117 11 144 139
232	53 57 112 38
233	83 7 145 20
234	2 110 82 75
235	105 89 8 10
236	30 115 40 6
237	29 138 86 77
238	34 79 108 32
239	27 33 42 140
240	81 8 43 107
241	85 99 60 72
242	58 118 40 5
243	102 21 90 44
244	28 62 126 144
245	18 57 43 22
246	92 89 94 61
247	43 41 25 114
248	124 134 107 15
249	84 31 141 61
250	146 1 92 106
251	112 122 82 25
252	76 135 9 106
253	83 13 20 90
254	78 126 1 125
255	58 74 23 149
256	114 102 18 123
257	35 121 24 104
258	72 147 24 35
259	118 3 97 143
260	36 81 150 5
261	82 83 17 53
262	144 30 113 35
263	19 74 125 146
264	93 69 81 1
265	92 27 32 96
266	60 78 72 90
267	53 121 61 12
268	137 32 140 40
269	15 141 30 146
270	113 150 101 65
271	61 62 132 122
272	3 70 141 40
273	80 130 33 83
274	132 91 79 78
275	133 74 33 23
276	62 19 74 2
277	58 46 91 10
278	46 45 148 105
279	44 9 81 58
280	66 98 39 106
281	36 8 30 40
282	72 90 13 21
283	125 48 75 61
284	2 31 140 30
285	2 25 56 1
286	4 22 29 71
287	146 27 104 35
288	85 18 132 133
289	110 20 83 79
290	125 24 92 7
291	42 54 22 144
292	118 128 27 137
293	120 93 133 54
294	52 100 53 38
295	7 26 86 103
296	14 103 142 120
297	147 75 8 59
298	100 143 126 43
299	54 87 148 142
300	30 147 88 24
301	31 109 53 105
302	108 136 5 73
303	129 74 100 13
304	120 36 135 116
305	4 26 89 129
306	94 20 126 110
307	28 45 104 64
308	80 82 31 123
309	128 44 112 72
310	2 122 83 17
311	42 78 115 26
312	73 87 140 98
313	128 125 87 136
314	64 54 69 71
315	114 121 7 150
316	147 48 46 118
317	45 112 118 53
318	137 53 132 79
319	20 112 35 116
320	63 4 13 144
321	108 7 50 134
322	72 36 24 107
323	67 23 30 6
324	70 34 79 75
325	26 39 6 7
326	9 124 68 139
327	96 110 119 146
328	133 105 4 57
329	73 95 83 144
330	15 90 50 112
331	133 63 103 6
332	96 106 2 86
333	46 64 50 55
334	148 39 85 143
335	64 110 52 100
336	43 3 27 103
337	34 114 44 123
338	128 22 75 50
339	129 89 68 94
340	70 13 3 69
341	145 6 139 74
342	58 148 9 123
343	74 27 135 29
344	142 92 66 101
345	57 20 77 75
346	138 128 28 80
347	68 71 94 8
348	44 146 105 13
349	147 96 6 118
350	114 21 15 106
351	107 24 78 139
352	57 22 29 137
353	62 128 89 12
354	21 118 129 97
355	56 69 50 112
356	41 147 40 99
357	30 23 50 16
358	63 71 114 102
359	96 59 100 6
360	59 43 69 145
361	34 28 39 84
362	130 107 109 25
363	133 6 49 112
364	4 113 57 1
365	122 138 81 11
366	107 70 22 118
367	55 121 81 63
368	86 61 21 84
369	138 35 142 100
370	9 128 61 118
371	20 71 145 57
372	4 65 39 49
373	24 146 82 98
374	116 29 68 37
375	37 6 36 21
376	104 118 127 128
377	123 36 63 62
378	35 139 48 117
379	147 29 6 58
380	74 120 136 31
381	34 63 6 42
382	21 148 68 100
383	75 47 54 42
384	5 149 105 113
385	119 91 88 29
386	90 127 12 20
387	110 111 88 120
388	118 128 113 65
389	101 65 121 99
390	17 139 87 40
391	79 51 98 50
392	106 82 53 32
393	95 51 10 131
394	118 122 127 25
395	55 46 124 67
396	106 74 141 5
397	30 81 17 12
398	139 137 88 16
399	139 120 16 63
400	39 52 146 91
401	14 115 49 144
402	93 71 69 97
403	150 45 92 101
404	80 32 42 121
405	15 116 35 28
406	10 62 26 109
407	86 88 84 6
408	85 15 81 62
409	116 61 99 14
410	7 59 140 83
411	77 91 42 127
412	143 58 63 112
413	36 2 29 41
414	32 86 21 12
415	22 70 83 60
416	27 147 89 102
417	85 78 106 99
418	73 3 38 95
419	4 146 101 89
420	116 84 9 92
421	65 39 7 52
422	137 126 32 67
423	146 134 98 110
424	2 138 67 21
425	12 48 37 97
426	7 114 57 31
427	120 8 127 144
428	39 32 128 97
429	109 30 122 94
430	65 19 129 16
431	33 50 43 133
432	114 61 60 12
433	94 99 31 53
434	30 35 15 24
435	148 32 18 19
436	30 107 74 62
437	109 129 43 56
438	34 38 139 49
439	75 20 2 38
440	10 104 32 23
441	54 104 131 93
442	121 20 29 28
443	70 111 137 16
444	140 71 75 116
445	121 72 115 135
446	127 116 149 89
447	112 17 3 105
448	100 55 93 44
449	69 147 48 68
450	39 61 110 38
451	35 118 97 148
452	27 51 139 125
453	112 138 62 109
454	35 88 78 139
455	59 82 127 22
456	132 55 72 139
457	65 23 67 20
458	58 47 29 105
459	107 9 89 24
460	44 69 12 38
461	30 79 78 106
462	149 45 137 2
463	2 60 81 142
464	68 109 41 106
465	97 120 57 136
466	144 36 53 106
467	31 91 35 115
468	63 26 40 89
469	143 98 40 22
470	55 66 84 88
471	12 23 9 18
472	129 46 119 139
473	133 11 106 2
474	102 63 104 16
475	89 41 7 108
476	146 119 57 33
477	109 124 119 20
478	148 77 32 17
479	121 27 36 24
480	27 103 89 45
481	52 104 81 24
482	121 66 29 138
483	56 131 55 60
484	47 149 25 138
485	91 99 60 76
486	63 54 116 146
487	34 13 132 22
488	47 96 26 29
489	95 56 144 88
490	109 5 18 138
491	137 52 113 116
492	90 4 81 39
493	116 61 59 118
494	2 144 28 146
495	99 60 77 61
496	93 115 92 94
497	40 30 50 67
498	32 94 41 101
499	36 71 59 37
500	48 50 86 4
501	136 113 5 80
502	84 48 23 91
503	7 144 87 40
504	69 101 144 124
505	32 60 18 122
506	97 11 33 95
507	9 102 7 138
508	5 150 76 51
509	140 34 38 101
510	46 111 2 90
511	99 103 43 60
512	38 52 10 78
513	133 5 79 142
514	132 26 147 113
515	47 51 5 98
516	123 88 63 135
517	65 122 64 47
518	110 22 57 29
519	108 16 121 34
520	66 7 24 113
521	23 25 89 37
522	18 59 105 16
523	138 30 112 70
524	129 121 144 132
525	60 34 129 70
526	105 133 146 107
527	54 33 37 139
528	126 61 132 74
529	136 133 28 62
530	60 54 123 5
531	17 38 30 113
532	118 88 101 149
533	98 61 68 38
534	53 76 30 142
535	73 19 138 79
536	9 15 111 81
537	123 59 47 16
538	83 21 43 141
539	116 15 128 23
540	146 71 19 91
541	90 142 10 60
542	1 138 106 149
543	145 51 84 33
544	88 137 61 150
545	80 130 6 15
546	118 69 112 57
547	121 150 66 98
548	64 96 32 106
549	110 64 30 27
550	19 147 38 136
551	105 89 120 109
552	83 10 105 126
553	54 77 111 126
554	132 15 84 120
555	136 39 73 142
556	146 104 22 52
557	62 58 7 14
558	141 136 129 16
559	66 91 60 61
560	138 52 110 29
561	22 81 25 13
562	144 12 93 103
563	4 99 67 88
564	77 20 60 118
565	22 132 82 49
566	80 77 69 102
567	101 51 95 58
568	128 31 5 95
569	83 47 7 117
570	79 104 114 18
571	141 77 28 120
572	56 70 134 6
573	80 59 147 103
574	53 12 6 110
575	54 47 132 124
576	122 121 19 58
577	78 147 124 49
578	147 120 26 134
579	136 26 31 24
580	65 80 110 35
581	87 105 34 42
582	46 58 38 141
583	32 148 105 39
584	136 77 91 130
585	61 41 121 149
586	20 89 33 127
587	25 77 94 65
588	130 60 62 120
589	33 132 23 48
590	118 10 46 31
591	2 21 10 75
592	72 105 13 108
593	103 36 27 55
594	131 4 149 69
595	109 29 100 59
596	92 97 7 81
597	23 40 94 59
598	27 3 146 126
599	80 14 50 98
600	65 58 73 48
601	122 96 78 39
602	28 123 22 14
603	70 49 9 101
604	140 88 99 23
605	92 20 38 54
606	37 20 42 121
607	50 121 130 58
608	55 33 103 35
609	134 17 83 70
610	116 101 8 62
611	100 34 26 76
612	34 85 102 69
613	17 48 116 108
614	42 128 109 115
615	99 92 98 110
616	8 87 4 125
617	47 31 20 75
618	29 37 132 85
619	55 43 132 120
620	116 16 7 115
621	28 43 136 21
622	89 68 148 9
623	98 11 44 46
624	38 91 37 15
625	134 48 97 73
626	65 29 125 119
627	114 73 48 106
628	43 60 136 88
629	7 48 142 134
630	125 103 143 49
631	53 2 108 137
632	41 75 122 138
633	72 78 58 30
634	76 92 102 33
635	73 4 49 54
636	24 89 34 109
637	108 5 86 93
638	72 38 60 92
639	129 120 141 86
640	79 118 75 4
641	41 112 73 110
642	83 92 23 53
643	38 80 146 60
644	131 17 137 19
645	24 80 77 146
646	35 85 107 57
647	11 91 10 97
648	66 141 95 139
649	51 15 131 39
650	11 60 97 118
651	52 50 122 108
652	18 112 130 8
653	129 124 57 104
654	100 40 27 144
655	89 136 47 62
656	53 144 89 66
657	142 77 100 72
658	100 57 110 78
659	74 58 30 8
660	7 121 75 14
661	64 140 53 74
662	101 5 65 149
663	26 131 50 96
664	122 48 145 44
665	8 68 111 19
666	121 117 14 86
667	87 39 46 101
668	35 2 31 69
669	106 42 15 54
670	36 33 56 37
671	48 19 73 107
672	118 128 144 45
673	89 7 94 27
674	30 58 23 33
675	115 113 36 1
676	117 76 45 24
677	121 110 70 114
678	149 104 40 63
679	78 45 74 105
680	48 6 71 84
681	145 34 92 20
682	29 109 28 67
683	61 85 131 55
684	24 79 131 60
685	105 139 66 23
686	8 83 54 55
687	84 147 149 146
688	15 31 64 41
689	44 45 33 145
690	104 46 21 12
691	59 93 108 75
692	19 37 25 132
693	110 37 131 67
694	107 10 94 40
695	65 75 66 121
696	73 20 109 86
697	134 85 118 23
698	30 67 127 17
699	48 63 84 65
700	44 131 55 106
701	18 76 122 58
702	61 8 38 65
703	6 148 74 59
704	84 81 1 75
705	45 81 61 49
706	10 11 112 5
707	8 19 138 93
708	58 131 11 130
709	141 106 55 56
710	103 5 143 118
711	91 104 68 18
712	26 146 107 121
713	99 67 60 7
714	129 89 7 42
715	71 56 76 98
716	142 62 63 41
717	82 35 138 119
718	52 73 64 55
719	98 129 67 30
720	33 121 29 133
721	142 71 96 98
722	113 86 44 31
723	76 49 139 21
724	147 74 9 117
725	89 80 14 68
726	29 60 61 122
727	75 38 95 21
728	59 135 17 47
729	61 114 50 63
730	44 4 117 13
731	15 43 2 139
732	9 146 141 47
733	147 97 138 20
734	125 11 59 43
735	126 100 119 68
736	87 63 46 113
737	64 123 88 22
738	62 71 83 99
739	67 40 117 65
740	11 111 95 122
741	42 71 58 30
742	47 149 115 9
743	113 8 50 85
744	2 104 100 140
745	113 23 60 16
746	95 89 103 140
747	98 47 57 36
748	131 97 55 92
749	2 100 136 110
750	83 129 53 150
751	65 18 27 4
752	29 62 105 14
753	34 114 2 147
754	9 4 143 42
755	112 21 140 18
756	66 124 149 78
757	119 35 87 101
758	112 121 52 12
759	79 105 69 28
760	102 34 4 5
761	82 78 29 10
762	2 30 75 40
763	88 44 64 86
764	95 51 106 22
765	113 27 102 16
766	46 76 91 43
767	131 122 77 100
768	59 96 24 6
769	58 133 92 87
770	3 21 55 87
771	82 85 57 26
772	98 85 36 24
773	143 62 16 70
774	119 23 89 82
775	77 84 116 14
776	70 37 117 128
777	97 102 4 129
778	93 130 68 52
779	24 59 5 84
780	1 85 141 99
781	17 43 42 19
782	146 3 46 123
783	130 129 124 128
784	144 58 134 92
785	149 46 118 10
786	150 123 107 141
787	23 43 79 66
788	121 82 53 4
789	84 129 6 70
790	118 113 92 51
791	24 97 131 122
792	66 85 4 138
793	6 75 83 97
794	21 98 15 132
795	64 90 116 38
796	110 146 10 149
797	49 90 4 128
798	42 43 62 118
799	28 15 102 13
800	49 88 69 74
801	140 38 55 91
802	9 58 56 47
803	10 101 34 139
804	123 19 94 54
805	79 50 21 14
806	81 87 76 27
807	75 38 45 89
808	117 43 78 18
809	68 143 82 125
810	37 79 99 60
811	5 123 117 87
812	133 18 42 94
813	128 47 51 148
814	110 133 23 51
815	67 18 93 33
816	26 146 65 34
817	30 111 78 33
818	57 118 106 18
819	68 19 14 138
820	21 49 28 140
821	43 35 102 147
822	76 1 113 94
823	47 8 42 24
824	33 44 64 104
825	146 4 33 99
826	35 150 118 115
827	100 15 32 12
828	142 98 42 123
829	56 126 2 145
830	98 67 1 112
831	62 36 25 134
832	90 91 78 30
833	17 127 20 60
834	39 16 41 83
835	69 105 9 66
836	62 101 8 123
837	131 95 92 121
838	103 140 18 129
839	90 143 144 77
840	75 63 55 102
841	70 78 91 40
842	35 132 79 146
843	142 59 25 148
844	12 142 96 46
845	9 23 31 134
846	105 130 67 108
847	94 149 41 104
848	103 44 120 34
849	45 26 123 36
850	74 108 75 38
851	93 47 92 64
852	25 133 30 66
853	53 149 57 14
854	23 30 25 150
855	123 141 78 117
856	65 22 124 89
857	137 41 17 95
858	78 4 36 61
859	135 86 80 104
860	139 29 80 12
861	67 101 140 92
862	83 101 142 29
863	87 69 138 143
864	78 109 129 41
865	99 39 71 28
866	100 65 32 142
867	101 138 47 31
868	130 54 131 42
869	84 102 27 99
870	25 146 99 148
871	78 102 79 121
872	28 61 76 62
873	95 51 79 137
874	74 85 64 91
875	86 45 147 17
876	139 74 135 14
877	72 36 46 66
878	98 128 86 83
879	32 150 117 1
880	2 124 44 80
881	103 129 142 126
882	91 72 71 118
883	27 147 69 145
884	83 41 82 116
885	133 35 2 40
886	56 136 121 127
887	70 119 149 135
888	40 6 28 130
889	87 114 58 68
890	87 114 110 29
891	3 140 79 34
892	147 49 99 61
893	52 26 11 148
894	146 121 90 149
895	75 133 118 139
896	47 46 139 97
897	86 97 92 150
898	74 79 10 87
899	77 118 141 88
900	33 144 139 28
901	8 103 140 59
902	46 95 127 101
903	95 75 49 13
904	88 106 93 37
905	36 89 44 90
906	138 60 66 125
907	12 118 7 15
908	125 2 10 82
909	27 31 79 54
910	104 98 128 56
911	132 113 136 29
912	95 134 116 117
913	18 115 72 87
914	87 39 48 71
915	21 17 69 1
916	138 63 3 74
917	136 128 16 97
918	35 36 41 109
919	29 17 5 124
920	84 76 66 123
921	89 52 109 92
922	64 123 63 62
923	72 118 140 8
924	70 64 55 89
925	100 63 47 149
926	56 9 4 69
927	61 136 52 75
928	24 106 100 124
929	127 113 137 149
930	53 129 130 145
931	83 143 87 72
932	150 81 29 97
933	58 94 70 82
934	94 68 65 89
935	136 108 93 2
936	82 111 3 146
937	38 89 102 62
938	110 118 53 45
939	13 87 44 125
940	128 132 3 117
941	101 123 114 25
942	73 45 13 29
943	110 71 48 123
944	97 32 84 142
945	49 4 141 54
946	5 53 79 63
947	4 17 11 83
948	68 53 52 60
949	107 132 24 9
950	9 141 6 124
951	90 38 139 8
952	80 97 79 5
953	24 84 98 60
954	114 111 21 20
955	142 112 59 104
956	137 59 23 20
957	95 88 140 138
958	44 27 122 102
959	131 108 134 101
960	10 12 87 137
961	114 149 64 113
962	57 70 8 19
963	148 61 149 34
964	43 88 150 110
965	97 6 100 42
966	41 36 11 49
967	113 37 105 72
968	26 56 42 22
969	36 52 60 62
970	106 138 143 103
971	59 12 130 122
972	82 5 67 113
973	117 22 96 34
974	123 101 46 127
975	136 7 69 112
976	18 54 39 60
977	108 53 31 16
978	142 29 132 19
979	115 143 17 87
980	11 30 55 116
981	143 59 63 72
982	87 107 72 130
983	5 142 83 61
984	37 98 27 89
985	55 75 99 65
986	95 55 148 123
987	146 23 24 69
988	40 112 23 68
989	100 105 74 59
990	44 34 35 103
991	107 34 128 66
992	99 83 74 69
993	111 53 13 131
994	116 144 139 45
995	75 101 62 125
996	114 115 18 42
997	92 65 91 26
998	107 64 85 144
999	99 72 121 60
1000	109 25 54 55
