Students	1000
1	63 35 31 115
2	139 88 107 42
3	25 32 69 18
4	83 6 77 46
5	129 30 127 4
6	86 108 64 53
7	6 3 137 4
8	150 47 83 17
9	27 69 13 9
10	146 7 3 140
11	110 139 142 16
12	29 142 9 82
13	77 5 136 32
14	129 90 5 149
15	16 140 118 23
16	38 43 7 22
17	6 125 103 48
18	11 21 84 15
19	14 50 52 89
20	3 108 57 34
21	36 72 77 35
22	6 71 49 41
23	129 146 133 59
24	105 138 57 147
25	133 9 145 117
26	138 15 30 146
27	94 81 38 3
28	54 110 97 136
29	103 6 81 146
30	147 121 90 46
31	60 41 70 73
32	70 96 24 111
33	87 148 137 117
34	20 82 60 79
35	56 126 105 137
36	133 2 148 43
37	145 112 125 118
38	94 113 40 85
39	137 29 99 2
40	26 105 3 104
41	74 44 37 80
42	64 120 78 13
43	47 87 5 71
44	17 90 87 27
45	12 48 132 63
46	107 64 145 53
47	100 29 87 25
48	108 25 133 33
49	62 44 91 52
50	74 36 50 128
51	101 10 127 98
52	32 98 93 147
53	96 16 93 63
54	81 22 76 30
55	6 111 51 109
56	42 50 23 62
57	25 105 107 12
58	43 47 135 113
59	29 65 55 100
60	75 123 82 118
61	140 64 130 78
62	119 98 124 60
63	130 33 1 9
64	117 82 150 6
65	33 115 120 64
66	23 25 108 24
67	54 24 38 84
68	47 94 100 34
69	60 117 68 92
70	117 111 101 22
71	50 132 104 58
72	63 66 102 14
73	140 150 111 148
74	131 3 116 76
75	144 127 11 80
76	94 117 82 88
77	101 128 111 53
78	94 53 97 4
79	25 126 6 18
80	98 133 64 132
81	55 114 92 138
82	147 105 145 33
83	44 87 110 75
84	137 147 58 89
85	121 9 8 37
86	71 52 138 46
87	103 123 146 29
88	32 22 44 6
89	9 74 137 31
90	8 53 135 147
91	96 124 37 99
92	82 87 138 44
93	113 7 43 142
94	21 134 23 116
95	74 116 134 101
96	73 49 51 66
97	126 109 45 113
98	21 147 23 22
99	38 72 94 81
100	70 118 69 103
101	69 55 4 82
102	141 91 76 41
103	46 20 144 114
104	98 80 95 11
105	66 132 7 46
106	16 71 95 36
107	149 22 18 116
108	39 41 105 146
109	67 73 80 112
110	130 98 83 24
111	18 43 89 144
112	64 145 3 93
113	149 124 147 133
114	144 3 81 40
115	118 87 52 1
116	10 64 25 45
117	100 18 130 61
118	15 23 69 2
119	106 56 49 35
120	139 67 150 60
121	91 141 148 89
122	18 149 93 5
123	150 18 21 6
124	103 68 99 82
125	4 127 145 32
126	55 23 132 47
127	9 137 52 16
128	24 33 42 22
129	133 52 145 90
130	83 115 148 88
131	111 71 66 143
132	87 108 75 100
133	107 49 68 90
134	18 119 121 79
135	147 22 138 10
136	24 125 80 150
137	91 46 35 68
138	134 103 132 117
139	107 55 7 51
140	130 138 67 92
141	101 39 68 93
142	3 25 142 83
143	132 87 143 35
144	120 111 24 16
145	52 119 91 109
146	7 18 17 141
147	30 87 45 118
148	53 42 119 73
149	74 18 80 146
150	139 66 121 102
151	53 146 15 55
152	140 104 13 6
153	134 58 72 118
154	43 17 145 2
155	79 47 64 120
156	122 84 14 75
157	19 106 123 32
158	120 39 133 103
159	146 7 31 48
160	2 60 36 77
161	16 27 60 54
162	101 36 96 145
163	146 25 116 91
164	81 69 93 44
165	112 52 12 39
166	66 89 134 136
167	25 148 28 76
168	66 139 48 118
169	10 134 3 93
170	3 50 90 94
171	97 83 60 44
172	1 67 120 11
173	16 72 117 78
174	65 80 141 13
175	101 146 4 139
176	32 132 8 74
177	134 31 104 97
178	55 21 64 106
179	33 16 84 101
180	6 143 34 72
181	48 125 49 54
182	141 133 53 103
183	83 59 87 146
184	71 17 41 89
185	132 75 86 144
186	96 60 44 50
187	90 118 97 87
188	51 80 77 18
189	59 1 99 124
190	107 24 104 86
191	22 84 140 134
192	141 102 115 8
193	98 116 6 120
194	144 39 130 137
195	99 94 70 25
196	147 110 106 103
197	22 49 147 97
198	99 34 73 14
199	138 70 130 141
200	141 122 108 45
201	47 1 12 54
202	76 98 25 9
203	77 22 94 65
204	96 138 21 60
205	93 4 27 137
206	112 114 123 50
207	50 110 54 4
208	119 28 126 100
209	124 41 72 40
210	54 86 4 146
211	131 77 106 84
212	31 134 66 135
213	21 37 32 73
214	103 52 12 7
215	34 70 129 23
216	84 77 58 113
217	6 10 66 52
218	27 40 37 99
219	119 146 72 98
220	77 73 11 103
221	100 114 120 61
222	20 64 111 120
223	78 3 143 60
224	96 67 28 38
225	77 52 44 32
226	43 10 86 143
227	82 128 52 130
228	139 16 29 87
229	123 46 56 64
230	76 57 150 11
231	82 100 33 104
232	90 42 150 50
233	66 126 6 129
234	148 97 48 111
235	34 62 58 32
236	139 104 46 85
237	10 12 75 144
238	56 72 42 53
239	6 79 102 134
240	20 93 10 58
241	22 127 32 114
242	21 122 43 40
243	140 87 128 6
244	90 75 89 117
245	40 124 2 65
246	109 142 70 35
247	52 15 26 97
248	149 135 37 8
249	91 75 63 62
250	14 21 51 94
251	15 90 113 120
252	51 20 125 52
253	132 108 122 87
254	148 17 96 140
255	7 22 41 72
256	116 59 82 19
257	30 33 105 143
258	59 17 42 99
259	3 135 63 85
260	78 93 54 77
261	99 34 146 37
262	121 138 115 109
263	113 61 1 67
264	128 30 105 92
265	123 86 120 16
266	42 13 8 102
267	108 54 67 102
268	68 116 30 28
269	113 140 78 93
270	90 82 146 75
271	114 93 83 129
272	147 126 21 12
273	146 41 37 95
274	67 50 133 28
275	3 86 142 16
276	96 8 128 139
277	108 83 62 33
278	137 76 96 65
279	97 53 7 95
280	132 22 66 90
281	2 143 138 77
282	40 146 66 84
283	103 127 139 77
284	46 100 60 88
285	54 131 8 92
286	5 111 8 14
287	70 101 39 17
288	1 115 5 145
289	79 90 93 38
290	103 30 95 32
291	124 113 133 87
292	89 94 14 74
293	134 130 82 101
294	86 37 85 96
295	8 13 4 93
296	143 117 33 101
297	7 127 1 67
298	22 98 51 116
299	143 84 10 18
300	81 75 27 24
301	32 75 136 67
302	20 145 110 99
303	82 57 87 110
304	85 103 10 93
305	148 60 106 131
306	97 129 75 56
307	24 20 16 8
308	30 23 77 91
309	139 72 22 16
310	116 136 82 89
311	59 22 121 47
312	140 68 77 46
313	29 62 105 24
314	63 14 83 43
315	60 134 59 66
316	103 113 72 22
317	45 93 98 143
318	67 99 66 87
319	78 96 147 125
320	12 45 76 100
321	87 18 27 104
322	69 141 39 75
323	34 96 115 46
324	13 61 23 2
325	104 135 11 110
326	50 49 150 136
327	68 96 145 146
328	33 102 134 82
329	15 104 20 19
330	97 101 62 139
331	41 29 14 22
332	85 133 16 138
333	42 114 130 147
334	58 23 66 143
335	51 104 18 76
336	84 22 126 113
337	123 39 8 59
338	106 121 21 98
339	116 144 62 31
340	142 32 69 63
341	10 144 129 48
342	15 43 86 150
343	74 42 68 8
344	38 120 70 113
345	116 18 48 26
346	67 13 2 147
347	118 72 139 33
348	27 117 140 5
349	15 66 17 135
350	62 85 2 128
351	131 142 24 96
352	115 132 135 44
353	67 9 43 105
354	8 87 116 77
355	113 38 18 2
356	91 143 19 122
357	134 40 51 45
358	81 121 127 150
359	76 89 11 109
360	116 7 94 105
361	69 11 119 98
362	96 137 149 108
363	54 30 68 23
364	107 19 130 84
365	46 139 143 4
366	98 102 124 78
367	18 80 124 15
368	15 128 21 30
369	139 150 85 110
370	26 70 103 126
371	103 132 67 107
372	12 148 61 75
373	117 16 106 18
374	43 46 34 4
375	2 6 47 76
376	75 48 36 88
377	96 142 40 135
378	8 31 44 104
379	37 2 101 18
380	110 69 147 85
381	103 60 9 133
382	146 119 150 149
383	97 148 147 6
384	137 29 119 86
385	53 103 116 20
386	90 8 77 35
387	52 61 119 90
388	119 26 71 47
389	88 136 45 33
390	80 85 77 16
391	138 132 77 51
392	79 131 144 96
393	135 69 105 122
394	40 104 79 68
395	1 137 45 84
396	41 26 101 78
397	10 51 71 36
398	60 61 50 94
399	38 95 53 109
400	109 73 147 59
401	141 4 34 47
402	106 103 5 139
403	43 10 15 128
404	122 105 83 32
405	120 98 15 115
406	15 23 123 27
407	60 95 96 98
408	97 55 145 65
409	45 135 149 131
410	26 8 32 58
411	17 112 108 122
412	79 23 92 80
413	122 112 86 63
414	137 1 59 108
415	50 103 146 108
416	119 99 112 1
417	32 122 103 72
418	48 125 108 15
419	30 79 128 68
420	36 12 14 140
421	53 11 71 73
422	9 25 79 1
423	130 76 82 71
424	75 81 136 138
425	80 93 121 9
426	20 8 133 122
427	64 104 35 18
428	53 105 126 95
429	13 66 32 60
430	132 53 148 103
431	76 79 139 150
432	37 128 49 82
433	86 20 80 143
434	112 109 7 21
435	150 146 62 6
436	116 24 84 111
437	30 29 146 96
438	88 76 138 123
439	105 28 131 107
440	125 111 51 118
441	80 28 56 143
442	85 121 122 23
443	8 3 50 105
444	117 106 46 27
445	83 141 129 96
446	129 83 114 126
447	28 129 5 3
448	123 68 55 103
449	90 99 9 118
450	92 60 112 55
451	139 61 37 55
452	39 107 58 97
453	125 71 107 77
454	7 101 111 12
455	68 91 45 44
456	98 39 47 32
457	30 142 44 94
458	84 115 130 64
459	125 110 96 36
460	112 25 57 129
461	8 64 140 141
462	34 101 87 53
463	96 42 56 120
464	122 12 29 115
465	137 59 124 8
466	5 88 89 23
467	35 49 81 97
468	129 145 83 131
469	150 15 131 129
470	121 113 116 7
471	86 59 2 135
472	93 22 84 118
473	83 27 44 9
474	92 144 76 58
475	84 149 127 145
476	84 104 49 106
477	9 7 49 58
478	12 60 148 45
479	41 62 69 25
480	12 66 23 17
481	132 29 67 70
482	6 111 84 14
483	100 60 149 83
484	114 36 41 143
485	145 123 84 58
486	36 110 19 112
487	73 123 90 126
488	55 25 46 67
489	79 45 22 61
490	31 87 14 51
491	89 71 101 50
492	119 122 12 123
493	148 66 59 139
494	77 39 123 79
495	36 27 60 138
496	88 84 79 91
497	99 35 43 41
498	43 72 22 65
499	135 76 30 133
500	1 8 148 11
501	135 57 2 11
502	102 42 124 18
503	25 18 150 2
504	37 93 7 33
505	127 70 98 130
506	67 32 102 136
507	11 129 59 73
508	58 51 134 65
509	19 31 59 25
510	48 29 107 66
511	49 128 26 61
512	134 35 113 130
513	87 28 1 6
514	108 142 116 85
515	70 28 99 64
516	93 89 15 51
517	61 97 85 76
518	127 40 149 146
519	111 113 142 120
520	131 95 51 10
521	4 66 27 36
522	95 130 12 141
523	99 49 3 133
524	18 102 41 7
525	105 150 28 29
526	13 90 114 95
527	83 18 52 59
528	1 86 111 31
529	38 19 34 16
530	10 69 6 108
531	60 48 58 141
532	130 13 12 110
533	85 107 137 15
534	88 100 140 41
535	130 57 145 111
536	144 57 71 13
537	91 133 32 99
538	7 100 131 30
539	62 23 100 64
540	129 147 39 107
541	21 24 105 134
542	14 131 9 98
543	102 5 89 47
544	148 100 101 63
545	69 68 31 112
546	147 72 44 43
547	104 100 15 111
548	19 36 109 131
549	107 33 97 83
550	92 108 25 21
551	82 11 72 20
552	51 36 34 121
553	108 150 2 38
554	104 42 89 95
555	5 81 4 111
556	129 143 116 51
557	9 114 139 92
558	140 19 115 68
559	31 104 20 144
560	108 98 94 109
561	2 21 98 144
562	65 68 16 109
563	51 150 38 47
564	48 54 150 14
565	94 30 118 135
566	37 10 27 49
567	66 12 87 142
568	34 13 68 132
569	13 70 28 115
570	118 7 140 17
571	126 20 101 79
572	54 9 28 41
573	69 80 138 79
574	19 49 123 83
575	41 31 36 134
576	137 51 97 37
577	20 72 11 55
578	147 97 89 41
579	147 30 20 106
580	82 45 41 19
581	57 108 66 21
582	62 2 105 140
583	56 67 13 60
584	92 96 57 42
585	28 118 62 144
586	63 106 91 118
587	92 26 147 29
588	115 80 70 3
589	22 128 27 49
590	80 57 72 35
591	100 50 112 48
592	33 111 60 76
593	58 87 129 137
594	17 68 96 4
595	19 148 79 120
596	19 80 103 120
597	16 53 34 18
598	21 4 110 69
599	148 85 144 81
600	145 39 147 85
601	123 135 129 126
602	92 28 80 117
603	65 26 59 29
604	132 34 111 19
605	86 121 76 51
606	3 21 90 129
607	19 21 97 60
608	88 34 83 106
609	98 145 77 73
610	49 128 47 119
611	70 51 57 12
612	68 135 79 14
613	68 8 73 109
614	60 55 145 30
615	134 34 62 4
616	113 101 121 2
617	98 82 96 84
618	127 114 133 18
619	27 72 73 10
620	27 1 26 140
621	121 129 62 77
622	94 81 128 140
623	34 95 37 47
624	32 34 12 26
625	141 92 47 106
626	7 138 34 102
627	138 36 74 67
628	135 19 122 67
629	135 23 28 88
630	125 35 78 102
631	141 59 1 8
632	9 18 80 34
633	63 114 31 62
634	74 71 70 53
635	100 81 68 51
636	9 102 51 99
637	30 40 55 95
638	26 99 102 90
639	83 10 24 124
640	100 32 104 115
641	72 136 50 18
642	93 98 71 33
643	85 10 118 129
644	91 123 119 36
645	129 106 117 138
646	13 58 76 19
647	102 19 38 148
648	118 60 116 22
649	58 110 105 26
650	28 133 47 64
651	53 35 46 90
652	60 10 117 22
653	24 138 43 7
654	14 57 115 85
655	91 3 102 51
656	47 4 50 33
657	137 64 47 15
658	82 64 30 20
659	17 146 116 23
660	70 15 74 148
661	65 91 27 46
662	92 135 98 6
663	55 53 23 8
664	30 113 149 103
665	25 6 95 24
666	19 59 15 133
667	140 71 144 105
668	43 111 100 149
669	3 100 7 55
670	107 126 48 148
671	112 70 22 4
672	57 150 121 114
673	136 13 140 107
674	68 56 94 88
675	38 23 63 64
676	90 109 68 126
677	4 97 107 24
678	27 3 44 121
679	148 37 113 14
680	37 77 134 136
681	31 71 125 35
682	84 87 1 109
683	93 118 65 27
684	18 144 14 1
685	136 71 100 75
686	97 91 124 114
687	62 146 16 106
688	115 20 15 79
689	8 149 36 1
690	29 55 82 131
691	43 1 136 108
692	85 109 104 14
693	25 69 119 24
694	139 129 51 35
695	45 75 22 54
696	106 73 128 123
697	118 41 100 108
698	114 62 95 1
699	114 99 106 13
700	112 82 44 146
701	98 115 40 35
702	17 66 100 121
703	119 73 23 13
704	49 84 56 107
705	137 30 7 102
706	86 131 47 62
707	121 97 109 140
708	59 69 81 60
709	58 134 1 115
710	133 112 132 33
711	8 97 36 106
712	68 114 137 121
713	131 39 60 65
714	96 38 30 86
715	96 16 120 122
716	41 79 145 37
717	70 30 55 66
718	63 38 41 109
719	122 20 135 47
720	51 74 30 111
721	11 15 37 150
722	31 106 44 15
723	61 94 92 148
724	71 44 132 69
725	138 78 97 32
726	76 27 30 142
727	28 94 7 90
728	106 73 103 117
729	137 102 71 41
730	26 74 121 148
731	101 126 122 92
732	19 107 143 97
733	115 24 55 102
734	36 149 138 105
735	124 120 105 78
736	90 66 64 17
737	150 32 61 137
738	45 141 116 67
739	84 54 121 81
740	67 4 104 42
741	62 90 141 47
742	14 2 121 83
743	9 61 137 64
744	76 25 117 150
745	103 12 126 19
746	69 2 107 4
747	57 14 120 81
748	40 136 69 149
749	149 101 106 138
750	130 14 11 90
751	103 136 101 77
752	130 125 56 51
753	146 76 101 136
754	142 40 25 27
755	34 58 21 15
756	35 6 147 72
757	54 127 128 117
758	3 137 109 149
759	139 48 33 13
760	94 3 126 16
761	21 78 100 29
762	58 90 99 136
763	147 103 49 44
764	50 103 138 93
765	9 148 83 144
766	127 57 22 116
767	17 112 53 20
768	48 142 119 21
769	110 99 107 77
770	125 61 77 32
771	3 28 14 113
772	143 15 132 33
773	5 55 4 89
774	121 58 76 150
775	33 111 6 66
776	95 133 42 10
777	37 75 59 79
778	12 53 84 140
779	128 53 3 116
780	128 40 71 36
781	142 140 150 145
782	95 73 114 141
783	146 118 147 17
784	85 59 60 36
785	28 138 3 89
786	131 33 148 51
787	128 139 124 65
788	17 87 71 112
789	82 80 118 132
790	75 78 100 144
791	1 75 139 45
792	64 50 98 24
793	4 86 133 27
794	13 30 76 114
795	145 109 126 146
796	87 26 109 54
797	33 10 86 70
798	61 78 68 16
799	3 40 39 24
800	111 43 104 28
801	65 110 139 48
802	148 23 118 71
803	39 142 29 28
804	86 8 3 84
805	131 42 111 1
806	114 100 52 61
807	98 48 137 84
808	90 144 35 28
809	147 59 135 133
810	115 32 37 14
811	128 138 32 40
812	18 68 138 34
813	89 104 108 59
814	49 17 113 121
815	1 110 130 20
816	113 116 50 79
817	66 14 98 46
818	27 58 148 9
819	127 66 87 34
820	88 118 11 22
821	29 49 28 48
822	84 101 46 98
823	28 87 13 79
824	50 67 47 22
825	88 143 12 106
826	31 35 73 4
827	22 109 34 63
828	109 97 14 11
829	77 32 124 15
830	12 111 110 84
831	12 138 35 142
832	38 117 56 1
833	148 67 111 75
834	128 99 3 106
835	77 141 60 56
836	142 44 137 135
837	71 94 55 16
838	105 65 103 83
839	73 23 109 105
840	136 75 92 71
841	131 35 88 118
842	50 23 148 48
843	125 111 99 113
844	144 19 31 94
845	12 60 53 50
846	35 6 21 99
847	59 43 5 45
848	73 22 13 36
849	120 79 117 21
850	16 71 84 31
851	125 144 142 29
852	89 43 143 53
853	37 44 46 150
854	131 103 31 139
855	111 82 94 14
856	6 143 59 134
857	115 146 45 25
858	110 60 40 16
859	48 19 73 64
860	91 84 113 77
861	89 60 36 134
862	4 19 83 33
863	123 33 137 66
864	117 58 122 34
865	23 7 39 11
866	6 112 63 129
867	64 75 76 92
868	138 80 11 133
869	113 7 130 116
870	138 102 147 72
871	69 86 126 117
872	53 81 118 94
873	79 14 2 93
874	45 122 148 120
875	131 59 136 102
876	147 119 150 143
877	133 86 124 76
878	66 126 102 133
879	81 31 119 130
880	65 116 22 149
881	147 64 105 128
882	121 53 59 125
883	37 62 19 113
884	104 13 12 129
885	66 84 45 113
886	7 93 79 50
887	65 21 125 35
888	32 92 120 50
889	16 80 2 124
890	95 69 83 130
891	136 112 139 127
892	26 103 3 35
893	36 87 23 27
894	93 6 16 15
895	10 72 58 80
896	19 104 125 122
897	80 57 39 93
898	138 23 61 99
899	27 136 42 14
900	52 42 82 4
901	52 7 99 26
902	85 94 96 70
903	13 60 101 75
904	66 33 113 41
905	5 18 47 110
906	73 41 45 76
907	23 22 48 104
908	108 115 19 88
909	44 48 138 53
910	44 20 144 71
911	121 45 29 130
912	70 11 69 134
913	87 7 141 90
914	68 99 143 24
915	44 136 7 73
916	78 51 81 145
917	102 118 134 96
918	76 140 19 58
919	19 48 5 145
920	73 64 144 101
921	93 84 14 73
922	126 76 43 68
923	86 143 54 5
924	92 77 143 98
925	6 36 5 20
926	34 32 35 72
927	24 7 148 25
928	97 137 122 41
929	109 48 76 88
930	77 30 20 34
931	7 94 99 32
932	129 122 80 143
933	57 131 35 139
934	35 65 112 116
935	56 89 46 4
936	48 70 61 1
937	80 135 86 20
938	94 44 96 21
939	125 119 148 47
940	34 42 116 36
941	140 4 113 109
942	71 58 82 123
943	143 58 36 35
944	136 47 100 41
945	132 63 66 119
946	83 91 36 11
947	96 45 62 105
948	124 49 118 97
949	45 81 96 99
950	69 26 142 20
951	16 43 11 65
952	29 56 13 122
953	100 118 148 55
954	80 8 26 104
955	45 116 31 65
956	88 15 16 127
957	83 72 90 52
958	94 19 135 85
959	105 24 150 75
960	41 75 81 125
961	71 143 111 125
962	12 145 49 104
963	45 56 15 47
964	124 144 149 46
965	39 78 147 142
966	10 24 78 125
967	20 97 99 29
968	31 100 118 30
969	21 107 114 64
970	22 70 120 112
971	91 2 95 109
972	64 136 40 23
973	35 16 57 74
974	117 45 85 93
975	91 128 7 105
976	75 99 12 23
977	38 59 118 46
978	7 41 147 3
979	4 88 44 19
980	39 92 128 64
981	120 129 150 133
982	136 109 101 35
983	42 83 33 84
984	23 5 13 134
985	146 40 88 80
986	98 129 95 111
987	6 110 90 83
988	71 14 70 38
989	147 138 50 30
990	26 29 58 79
991	84 134 32 95
992	15 73 66 114
993	145 3 148 9
994	91 11 113 103
995	94 135 119 106
996	47 70 69 52
997	60 57 87 63
998	133 21 135 54
999	19 111 142 4
1000	97 102 134 80
