Students	1000
1	6 85 3 28
2	122 46 41 56
3	149 83 104 65
4	12 144 73 117
5	144 135 104 68
6	83 114 38 104
7	122 45 67 124
8	101 112 146 141
9	135 20 93 73
10	141 9 87 38
11	38 49 67 144
12	73 2 18 88
13	22 87 9 127
14	91 21 9 94
15	83 44 113 103
16	17 126 114 10
17	76 74 2 60
18	54 6 126 99
19	112 52 99 27
20	52 111 42 37
21	96 15 37 78
22	68 126 8 117
23	103 108 115 53
24	136 73 110 22
25	44 12 109 40
26	142 113 11 76
27	50 30 96 114
28	130 138 66 101
29	110 36 98 76
30	105 92 135 45
31	25 23 56 139
32	94 73 143 147
33	61 112 88 4
34	120 130 79 83
35	62 77 130 143
36	42 1 43 26
37	108 97 38 55
38	23 55 64 107
39	103 78 138 35
40	107 54 29 104
41	123 102 57 77
42	102 62 36 83
43	130 76 53 37
44	41 84 39 74
45	68 88 37 30
46	14 69 36 134
47	58 81 144 64
48	77 64 126 6
49	12 18 51 13
50	137 149 104 139
51	101 49 93 30
52	45 110 66 20
53	28 129 127 111
54	21 150 102 116
55	124 44 46 83
56	147 3 37 96
57	129 51 107 34
58	47 138 56 12
59	111 140 149 118
60	54 57 136 103
61	20 25 56 109
62	146 1 120 91
63	43 109 78 45
64	99 148 122 104
65	23 66 76 103
66	61 80 40 48
67	33 150 68 113
68	19 67 28 136
69	85 141 8 21
70	75 134 6 74
71	19 52 3 46
72	146 106 142 44
73	6 134 64 5
74	27 88 86 36
75	64 141 100 97
76	66 130 20 133
77	120 53 134 109
78	32 131 96 61
79	150 84 66 76
80	127 118 132 12
81	35 20 83 131
82	131 94 85 53
83	20 15 57 138
84	22 94 120 144
85	131 70 77 56
86	1 50 77 136
87	103 79 137 149
88	146 113 33 65
89	33 74 51 131
90	72 14 113 74
91	24 5 128 148
92	20 54 13 66
93	28 131 15 20
94	73 21 9 98
95	25 26 76 110
96	135 149 136 78
97	6 33 63 144
98	139 104 38 16
99	33 65 24 95
100	45 31 48 76
101	32 76 62 16
102	53 140 134 73
103	67 146 70 82
104	9 100 29 126
105	27 29 135 47
106	70 33 86 13
107	3 18 116 104
108	119 19 99 141
109	27 82 77 42
110	72 27 99 59
111	114 12 75 24
112	1 84 48 127
113	76 70 29 3
114	129 122 120 105
115	150 30 79 100
116	42 38 68 5
117	131 65 100 66
118	115 146 111 57
119	33 65 130 50
120	111 77 105 136
121	107 75 46 48
122	132 122 51 92
123	68 19 130 48
124	99 29 111 7
125	82 106 93 115
126	61 101 127 15
127	131 59 87 10
128	3 28 11 1
129	117 28 97 35
130	79 56 95 135
131	55 48 8 146
132	14 98 145 64
133	22 131 40 142
134	91 55 63 40
135	47 113 102 36
136	10 22 108 26
137	69 71 137 142
138	7 44 110 53
139	94 76 55 12
140	9 56 78 93
141	112 123 140 102
142	62 38 93 106
143	32 97 102 3
144	35 94 150 96
145	132 122 136 70
146	80 52 41 106
147	29 107 75 27
148	144 141 37 8
149	37 70 91 65
150	105 59 12 36
151	65 10 144 116
152	13 90 139 68
153	23 133 61 93
154	24 130 19 35
155	50 106 97 20
156	121 86 109 100
157	146 16 51 63
158	76 49 54 148
159	125 38 54 18
160	109 136 44 68
161	26 25 22 90
162	106 8 112 44
163	21 141 126 94
164	25 36 55 143
165	118 125 142 64
166	125 93 42 126
167	96 121 51 82
168	96 143 123 15
169	6 127 58 112
170	117 69 94 58
171	134 68 146 71
172	20 84 111 16
173	6 91 78 9
174	69 136 103 100
175	132 3 8 146
176	111 68 124 83
177	118 98 83 131
178	51 15 73 16
179	105 42 12 24
180	81 1 108 118
181	8 62 57 135
182	42 115 15 102
183	67 147 137 140
184	149 107 147 102
185	105 149 78 128
186	146 119 81 88
187	4 127 50 27
188	19 134 140 136
189	79 8 118 2
190	90 13 120 84
191	16 132 18 103
192	37 148 80 48
193	130 148 143 108
194	54 24 76 137
195	66 127 34 95
196	15 106 143 8
197	49 2 9 63
198	150 51 125 115
199	32 14 107 135
200	88 54 92 66
201	67 126 44 8
202	89 114 105 141
203	42 16 82 86
204	76 30 119 142
205	43 150 75 129
206	21 39 55 80
207	55 67 73 50
208	135 101 11 86
209	11 17 116 130
210	102 150 129 19
211	84 141 75 100
212	5 118 32 79
213	65 82 103 85
214	16 72 4 19
215	109 45 78 7
216	4 9 47 16
217	146 50 15 114
218	121 15 7 117
219	107 78 89 86
220	103 116 38 11
221	15 37 93 52
222	115 86 93 111
223	51 119 81 94
224	11 69 110 139
225	49 68 27 97
226	133 122 46 45
227	102 113 95 125
228	127 91 143 87
229	14 33 88 87
230	5 109 100 9
231	130 129 140 49
232	108 18 129 32
233	107 76 98 127
234	45 62 127 116
235	111 23 48 16
236	58 41 64 94
237	67 94 100 72
238	100 115 16 77
239	78 37 129 43
240	111 93 69 128
241	50 82 95 20
242	103 43 146 133
243	125 35 139 112
244	12 141 3 67
245	18 135 39 32
246	139 142 40 99
247	122 39 94 58
248	27 115 95 73
249	87 125 134 7
250	115 91 107 75
251	31 73 10 113
252	49 108 3 94
253	6 85 150 104
254	97 91 9 59
255	11 88 12 117
256	32 150 87 65
257	106 11 68 40
258	66 8 100 3
259	148 70 63 146
260	96 79 71 9
261	69 15 128 112
262	72 20 109 132
263	120 77 116 119
264	37 90 133 36
265	138 88 22 37
266	108 67 138 144
267	71 40 149 116
268	63 87 55 56
269	70 44 80 46
270	58 75 2 39
271	24 79 62 5
272	4 25 131 19
273	114 131 40 97
274	26 31 127 78
275	37 7 38 5
276	131 67 4 91
277	111 124 92 65
278	118 99 125 55
279	101 15 89 141
280	135 41 29 76
281	114 67 104 77
282	106 83 146 145
283	92 44 82 87
284	53 14 139 40
285	70 91 144 8
286	93 12 14 49
287	117 25 91 145
288	122 138 80 23
289	128 136 25 40
290	99 136 65 118
291	11 10 116 107
292	48 131 118 85
293	104 38 78 18
294	86 8 4 96
295	25 136 130 47
296	57 143 8 28
297	150 18 148 55
298	55 66 19 108
299	26 91 39 123
300	145 108 18 56
301	20 81 105 114
302	26 62 84 7
303	83 33 107 99
304	106 97 61 70
305	23 106 41 137
306	135 20 65 87
307	143 43 68 20
308	99 24 53 84
309	8 17 143 98
310	7 103 73 76
311	132 48 67 142
312	71 67 89 49
313	138 21 5 65
314	4 50 29 23
315	139 20 1 22
316	5 54 47 104
317	23 10 38 107
318	21 65 5 84
319	15 135 96 91
320	20 101 92 127
321	14 122 45 69
322	66 141 30 136
323	14 17 108 138
324	51 27 32 53
325	10 20 7 52
326	121 17 120 42
327	140 136 18 48
328	77 55 101 7
329	135 33 57 44
330	19 70 29 42
331	124 18 140 146
332	97 31 54 26
333	122 127 131 91
334	75 82 26 21
335	17 13 98 48
336	64 99 102 47
337	78 72 116 7
338	124 99 96 119
339	95 78 9 70
340	28 60 148 2
341	55 69 64 65
342	28 122 105 138
343	86 43 106 28
344	130 93 18 104
345	54 89 32 55
346	81 75 31 2
347	105 2 45 104
348	90 57 111 114
349	24 127 26 86
350	49 68 2 4
351	34 121 32 62
352	83 145 4 63
353	146 119 150 132
354	58 93 57 111
355	95 122 47 30
356	29 133 111 6
357	48 132 94 129
358	52 129 36 3
359	12 76 96 41
360	103 5 140 30
361	12 45 87 39
362	134 51 88 85
363	90 6 129 70
364	133 131 44 110
365	2 22 52 104
366	94 126 39 31
367	51 69 78 65
368	141 116 2 83
369	125 94 56 5
370	44 150 40 148
371	118 40 64 90
372	139 11 46 39
373	98 34 104 75
374	134 78 73 120
375	67 70 119 13
376	41 4 1 49
377	26 53 34 119
378	93 145 143 90
379	100 9 23 47
380	124 42 26 66
381	58 16 1 25
382	83 96 101 112
383	45 124 38 136
384	61 105 89 30
385	44 108 147 52
386	36 103 62 33
387	27 9 93 20
388	130 113 145 97
389	49 21 85 138
390	56 4 48 54
391	19 8 148 72
392	13 98 70 99
393	43 47 80 71
394	134 56 3 25
395	118 97 43 7
396	11 9 103 7
397	133 42 36 65
398	9 5 19 77
399	112 147 39 149
400	89 9 142 110
401	43 26 128 99
402	100 46 127 6
403	118 110 88 33
404	45 146 58 27
405	134 36 15 52
406	81 25 69 7
407	70 119 121 97
408	145 3 15 26
409	82 76 134 94
410	75 33 29 35
411	40 77 99 98
412	137 47 115 60
413	43 124 25 142
414	103 120 74 111
415	100 132 106 116
416	68 109 78 47
417	85 63 7 127
418	7 120 39 5
419	78 96 27 75
420	133 43 30 6
421	7 130 139 133
422	133 120 123 85
423	103 92 26 142
424	72 129 79 46
425	75 26 8 141
426	128 90 93 44
427	126 119 63 105
428	77 43 99 62
429	52 100 141 109
430	48 136 73 127
431	149 46 40 37
432	51 25 77 40
433	91 124 138 114
434	84 3 62 37
435	11 131 111 66
436	149 71 107 97
437	30 61 132 99
438	44 129 121 86
439	3 6 116 118
440	147 36 97 85
441	60 8 117 47
442	85 120 34 101
443	70 26 130 54
444	93 39 33 122
445	29 129 127 14
446	11 103 31 53
447	117 87 148 56
448	122 10 8 109
449	27 119 118 56
450	56 35 150 125
451	1 32 150 97
452	90 136 10 73
453	140 117 3 136
454	36 35 140 103
455	23 11 9 100
456	102 132 53 121
457	13 23 48 82
458	60 100 78 120
459	62 44 106 102
460	147 46 145 38
461	51 52 60 42
462	37 96 58 61
463	79 131 149 88
464	58 28 47 121
465	24 57 85 112
466	1 132 41 42
467	13 68 51 128
468	68 51 45 4
469	101 143 117 58
470	58 149 51 148
471	97 133 63 52
472	28 16 4 93
473	13 2 75 9
474	98 99 116 136
475	146 107 119 46
476	80 131 141 8
477	91 39 101 68
478	73 22 16 98
479	140 6 71 119
480	72 149 21 11
481	5 12 110 103
482	14 116 100 3
483	141 76 118 27
484	127 111 34 62
485	89 109 65 133
486	52 26 10 115
487	1 29 14 72
488	42 61 139 143
489	81 130 146 96
490	147 75 110 94
491	112 127 48 116
492	148 111 50 20
493	98 108 99 93
494	15 145 117 79
495	130 99 43 137
496	23 37 89 64
497	115 71 6 122
498	81 55 121 132
499	6 62 54 27
500	26 16 30 6
501	105 97 63 13
502	129 56 51 53
503	32 143 127 113
504	19 103 65 55
505	80 94 143 8
506	136 127 17 86
507	103 3 31 6
508	9 145 68 100
509	134 88 131 71
510	49 72 46 88
511	76 22 2 37
512	15 41 25 8
513	101 49 89 97
514	78 54 70 16
515	16 150 18 123
516	55 35 128 125
517	85 3 93 102
518	71 118 130 22
519	62 95 74 41
520	115 17 105 18
521	107 79 110 28
522	15 129 75 149
523	5 85 31 103
524	79 114 49 34
525	9 76 134 53
526	90 29 131 54
527	34 33 7 149
528	30 87 64 59
529	119 40 30 35
530	34 150 127 144
531	125 115 3 9
532	74 21 36 9
533	107 21 69 28
534	108 20 106 38
535	106 79 47 99
536	102 11 13 123
537	56 116 72 35
538	144 24 129 93
539	43 135 37 120
540	26 81 61 73
541	99 124 110 68
542	145 136 89 81
543	94 4 41 13
544	57 111 67 11
545	130 62 120 141
546	137 150 125 91
547	74 76 83 3
548	121 99 73 52
549	22 45 47 29
550	150 32 50 69
551	93 133 4 126
552	42 88 43 76
553	44 11 59 110
554	55 107 101 147
555	26 95 148 62
556	90 128 27 3
557	46 119 117 73
558	53 65 148 49
559	147 132 97 15
560	18 149 130 120
561	21 124 20 36
562	125 23 57 91
563	11 23 19 120
564	147 34 8 28
565	92 139 36 5
566	58 20 48 49
567	103 116 126 71
568	8 143 37 62
569	67 102 15 82
570	79 40 88 138
571	103 121 53 131
572	122 106 79 88
573	117 143 10 93
574	50 20 77 138
575	6 95 143 49
576	90 95 3 45
577	110 139 91 83
578	16 69 85 97
579	141 71 108 106
580	21 98 65 57
581	119 125 47 138
582	142 117 90 70
583	75 94 113 11
584	31 98 133 73
585	25 83 26 130
586	51 58 35 141
587	44 13 121 71
588	118 73 119 75
589	55 90 52 34
590	34 125 31 76
591	19 119 85 148
592	20 99 102 133
593	82 34 134 139
594	8 87 106 64
595	107 124 34 143
596	85 125 18 88
597	81 92 24 72
598	118 78 148 31
599	38 28 31 146
600	149 102 25 144
601	79 62 124 91
602	146 76 119 104
603	13 145 17 31
604	53 100 140 147
605	111 18 129 25
606	39 27 54 79
607	117 14 35 129
608	85 110 46 97
609	105 1 112 7
610	136 79 10 108
611	79 146 40 12
612	103 5 128 39
613	136 95 132 53
614	23 146 74 89
615	95 4 92 43
616	29 57 20 135
617	15 134 5 111
618	29 129 102 19
619	41 44 126 50
620	107 127 121 23
621	100 52 29 146
622	30 64 34 111
623	45 21 20 1
624	70 66 132 45
625	44 16 76 123
626	81 125 111 82
627	35 49 97 48
628	71 14 145 67
629	44 26 97 145
630	23 112 9 97
631	6 84 145 64
632	57 109 72 124
633	19 146 103 27
634	99 75 33 16
635	132 128 30 141
636	43 150 29 126
637	4 46 100 139
638	24 19 63 15
639	32 26 79 117
640	134 59 120 51
641	7 55 48 13
642	39 45 111 104
643	119 10 23 35
644	17 121 127 109
645	84 106 74 97
646	17 65 123 50
647	5 18 48 40
648	84 18 140 14
649	75 140 77 70
650	85 92 107 27
651	106 43 113 63
652	100 50 137 96
653	117 75 83 90
654	101 136 82 116
655	149 70 97 95
656	35 25 69 147
657	90 2 106 97
658	20 53 128 98
659	52 146 33 131
660	108 60 59 15
661	106 117 60 18
662	72 103 83 145
663	106 96 41 82
664	88 33 72 14
665	123 83 38 146
666	7 75 9 20
667	141 116 57 142
668	66 48 101 142
669	99 107 85 150
670	81 144 24 107
671	33 93 26 131
672	100 147 150 56
673	58 15 117 5
674	27 32 21 143
675	25 150 61 30
676	5 68 117 51
677	27 107 25 74
678	59 122 4 117
679	84 140 66 69
680	113 145 61 85
681	76 15 25 144
682	108 65 110 78
683	24 64 111 68
684	58 114 127 30
685	114 104 138 100
686	8 67 14 16
687	103 139 88 95
688	14 142 76 124
689	116 64 23 32
690	33 39 58 16
691	81 131 147 18
692	6 70 11 99
693	47 145 18 65
694	111 10 39 6
695	6 66 57 28
696	11 23 100 108
697	82 89 103 71
698	22 34 54 128
699	32 5 73 145
700	73 136 78 96
701	114 129 143 48
702	128 1 7 101
703	78 82 88 37
704	97 19 135 98
705	113 93 149 62
706	59 58 134 20
707	14 55 34 81
708	109 148 143 144
709	92 31 105 9
710	72 19 143 149
711	52 104 24 136
712	144 8 92 83
713	141 113 111 116
714	52 42 133 124
715	10 99 146 15
716	3 64 136 6
717	93 132 10 117
718	24 138 79 137
719	40 45 96 15
720	67 64 19 34
721	109 58 92 45
722	80 114 66 117
723	78 49 6 11
724	51 66 121 63
725	25 91 7 52
726	67 120 79 78
727	52 40 41 102
728	74 107 29 102
729	21 20 53 121
730	1 143 136 144
731	80 135 90 92
732	102 122 108 144
733	59 95 3 122
734	139 27 71 55
735	41 108 6 16
736	46 114 38 21
737	13 20 64 47
738	9 16 54 91
739	28 48 17 75
740	13 87 38 3
741	65 50 123 51
742	64 43 7 62
743	11 41 138 90
744	84 144 37 133
745	32 60 130 90
746	21 32 82 53
747	62 142 43 12
748	104 56 133 6
749	98 38 31 129
750	23 40 104 46
751	109 35 140 74
752	147 100 119 72
753	69 43 97 127
754	59 118 73 97
755	116 63 96 23
756	21 40 110 128
757	110 145 112 9
758	35 135 63 15
759	20 72 25 109
760	41 132 131 79
761	37 126 55 134
762	72 125 87 86
763	76 125 143 144
764	26 29 14 150
765	79 41 76 69
766	83 2 125 128
767	143 78 91 134
768	45 29 87 111
769	137 79 20 138
770	78 14 140 141
771	38 60 14 69
772	25 20 58 147
773	57 79 63 122
774	35 40 42 38
775	122 51 64 142
776	145 123 94 40
777	41 23 105 121
778	28 11 31 138
779	49 25 118 35
780	60 101 34 141
781	123 134 135 63
782	98 45 56 27
783	3 90 102 97
784	23 148 135 37
785	31 124 8 21
786	132 13 12 106
787	73 122 42 101
788	38 41 118 106
789	139 138 90 11
790	101 71 143 8
791	34 145 21 57
792	71 40 48 29
793	150 123 82 40
794	58 133 25 95
795	32 139 82 55
796	123 2 55 8
797	144 29 125 78
798	125 129 60 130
799	83 46 82 23
800	15 22 150 53
801	16 74 114 141
802	51 81 32 116
803	73 124 45 37
804	122 18 112 90
805	95 71 50 61
806	18 83 108 17
807	43 49 108 47
808	127 126 81 98
809	92 141 56 27
810	122 67 112 85
811	75 99 124 68
812	5 141 24 90
813	13 73 86 81
814	30 63 89 107
815	119 28 79 115
816	15 40 88 74
817	3 135 119 47
818	53 132 71 31
819	130 82 138 24
820	128 87 16 65
821	52 13 48 135
822	81 146 11 49
823	19 128 30 32
824	70 74 44 52
825	37 133 134 11
826	84 47 147 109
827	5 96 119 64
828	48 9 7 60
829	59 1 86 116
830	54 55 112 30
831	66 12 53 42
832	112 101 48 139
833	144 145 137 86
834	29 42 147 105
835	35 41 109 117
836	89 14 48 49
837	58 124 144 98
838	81 27 98 134
839	19 115 147 92
840	75 118 32 47
841	56 149 2 48
842	87 21 81 15
843	70 81 17 139
844	39 141 97 59
845	86 82 23 77
846	8 54 74 53
847	43 3 14 60
848	108 112 100 90
849	132 104 11 122
850	100 51 132 120
851	14 2 44 30
852	3 134 118 106
853	56 58 97 128
854	58 140 87 139
855	4 81 66 127
856	24 51 36 83
857	31 34 29 58
858	103 19 22 64
859	142 113 30 32
860	121 128 24 20
861	24 86 13 60
862	134 13 108 147
863	120 118 11 103
864	81 132 116 61
865	89 56 77 110
866	7 98 32 131
867	74 23 15 111
868	45 118 5 15
869	136 139 107 38
870	130 10 121 109
871	71 41 147 55
872	98 137 128 55
873	80 139 138 10
874	1 58 26 27
875	79 97 23 118
876	148 62 123 147
877	14 117 131 112
878	145 103 129 66
879	102 61 81 121
880	135 5 25 33
881	17 95 30 11
882	101 40 23 65
883	15 136 3 47
884	109 128 113 6
885	141 93 106 54
886	48 100 55 78
887	7 3 93 40
888	131 133 136 75
889	67 120 95 117
890	18 143 76 68
891	87 88 79 85
892	113 25 23 147
893	78 91 121 13
894	124 146 90 55
895	11 101 138 28
896	77 70 64 137
897	34 149 97 43
898	1 97 28 14
899	104 25 26 54
900	89 12 41 11
901	81 67 86 98
902	39 97 66 6
903	51 23 11 99
904	79 75 33 113
905	116 79 148 104
906	90 123 3 44
907	103 130 50 14
908	14 137 42 84
909	139 3 61 27
910	129 46 32 73
911	81 1 111 115
912	21 136 117 122
913	124 89 78 76
914	63 98 7 147
915	26 14 55 101
916	74 6 67 133
917	107 44 120 127
918	147 54 11 45
919	62 51 145 108
920	67 140 59 119
921	18 66 122 111
922	102 84 89 139
923	125 58 140 116
924	34 148 144 44
925	22 24 39 82
926	13 80 110 97
927	34 78 96 89
928	120 131 148 7
929	103 139 85 11
930	36 96 34 85
931	131 18 7 74
932	80 116 95 44
933	81 66 6 116
934	27 41 149 150
935	106 48 100 108
936	146 123 113 64
937	58 112 14 88
938	121 110 92 84
939	30 45 126 123
940	20 65 74 45
941	27 116 13 65
942	123 38 115 136
943	149 31 113 128
944	78 32 40 77
945	90 73 40 132
946	142 28 128 144
947	15 72 14 47
948	106 22 141 115
949	136 125 41 109
950	18 46 145 140
951	136 129 6 22
952	85 97 135 124
953	146 3 145 20
954	26 93 56 126
955	109 48 134 139
956	136 113 55 65
957	56 137 128 83
958	144 141 77 27
959	47 12 142 85
960	83 67 48 150
961	77 12 8 143
962	81 98 80 46
963	111 127 63 138
964	147 134 139 48
965	51 43 120 148
966	119 84 68 110
967	82 84 9 95
968	138 49 71 145
969	32 58 70 139
970	108 43 88 92
971	117 30 105 9
972	130 24 104 92
973	76 137 143 1
974	67 90 68 115
975	39 77 4 141
976	27 112 102 141
977	133 51 44 56
978	84 26 83 16
979	134 47 136 103
980	123 132 98 30
981	143 125 31 106
982	150 95 98 107
983	70 143 9 61
984	39 13 26 132
985	21 58 100 123
986	63 141 74 148
987	65 8 36 32
988	64 60 42 50
989	148 27 25 104
990	83 80 50 116
991	49 69 76 122
992	48 140 25 33
993	32 113 36 8
994	122 70 61 5
995	139 26 119 91
996	61 74 63 49
997	133 36 90 48
998	133 110 90 105
999	86 28 122 11
1000	18 62 78 80
