Class Times	5
Rooms	10
1	91	C	0
2	10	C	1
3	39	C	0
4	94	A	0
5	68	A	0
6	97	B	0
7	90	A	1
8	82	C	0
9	31	A	1
10	81	C	1
Classes	50
Teachers	25
1	24	3	C	1
2	8	3	C	1
3	17	2	B	1
4	5	3	C	0
5	8	3	C	0
6	4	2	B	0
7	9	4	C	0
8	6	4	C	0
9	13	5	C	0
10	10	2	B	0
11	21	2	B	0
12	10	5	C	0
13	18	2	B	0
14	7	3	C	0
15	1	4	C	0
16	24	5	C	0
17	12	4	C	0
18	22	1	A	0
19	5	5	C	0
20	18	1	A	0
21	22	4	C	0
22	11	3	C	0
23	3	4	C	0
24	19	3	C	0
25	23	1	A	0
26	6	3	C	0
27	14	2	B	0
28	11	2	B	0
29	21	4	C	0
30	14	2	B	0
31	19	4	C	0
32	20	4	C	0
33	25	1	A	0
34	16	4	C	0
35	20	1	A	0
36	4	2	B	0
37	3	1	A	0
38	17	4	C	0
39	15	4	C	0
40	13	2	B	0
41	9	5	C	0
42	23	4	C	0
43	2	5	C	0
44	1	5	C	0
45	16	4	C	0
46	2	4	C	0
47	7	5	C	0
48	25	5	C	0
49	12	1	A	0
50	15	2	B	0
