Class Times	5
Rooms	10
1	64	B	1
2	64	B	0
3	84	B	0
4	93	C	0
5	99	B	1
6	52	C	1
7	77	C	0
8	81	C	1
9	97	A	0
10	23	C	1
Classes	50
Teachers	25
1	10	2	B	1
2	15	3	C	1
3	18	3	C	1
4	13	2	B	0
5	3	3	C	0
6	12	2	B	0
7	12	2	B	0
8	10	5	C	0
9	3	1	A	0
10	11	2	B	0
11	9	3	C	0
12	25	5	C	0
13	25	1	A	0
14	13	2	B	0
15	22	1	A	0
16	6	3	C	0
17	17	5	C	0
18	1	4	C	0
19	7	1	A	0
20	15	1	A	0
21	18	4	C	0
22	20	5	C	0
23	14	4	C	0
24	22	4	C	0
25	24	2	B	0
26	21	2	B	0
27	5	4	C	0
28	17	5	C	0
29	7	1	A	0
30	24	4	C	0
31	9	2	B	0
32	8	2	B	0
33	1	5	C	0
34	8	4	C	0
35	6	4	C	0
36	21	5	C	0
37	5	3	C	0
38	19	5	C	0
39	20	5	C	0
40	14	5	C	0
41	16	5	C	0
42	4	3	C	0
43	4	1	A	0
44	11	5	C	0
45	2	5	C	0
46	19	3	C	0
47	16	4	C	0
48	2	1	A	0
49	23	3	C	0
50	23	1	A	0
