Students	250
1	33 49 35 42	2	-1	0
2	13 39 8 37	2	-1	0
3	1 20 19 9	1	-1	0
4	17 34 44 20	4	4	0
5	34 9 33 30	4	3	0
6	35 36 17 47	3	1	0
7	2 20 9 26	1	-1	0
8	33 14 40 28	2	-1	0
9	45 20 5 44	2	-1	0
10	14 41 50 46	4	3	0
11	42 11 31 46	4	1	0
12	42 47 6 24	4	5	0
13	42 25 30 13	4	3	0
14	41 49 43 44	2	-1	0
15	10 34 18 39	2	-1	1
16	26 28 40 24	3	1	0
17	2 18 29 6	1	-1	0
18	39 47 9 28	2	-1	0
19	2 29 7 49	1	-1	0
20	24 21 32 41	3	5	0
21	49 8 13 30	3	3	0
22	14 24 41 11	2	-1	0
23	3 47 12 6	1	-1	0
24	9 17 14 28	3	1	0
25	38 39 40 29	4	2	0
26	3 49 6 17	1	-1	0
27	9 11 31 45	2	-1	0
28	21 38 7 44	2	-1	0
29	1 39 31 47	1	-1	0
30	8 21 32 26	2	-1	0
31	21 5 34 16	2	-1	0
32	14 7 22 12	3	2	0
33	5 32 40 47	3	3	0
34	5 4 43 46	3	1	0
35	43 7 30 34	4	4	0
36	12 6 28 47	3	5	0
37	3 48 21 13	1	-1	0
38	35 40 9 8	4	3	0
39	6 38 7 33	2	-1	0
40	17 24 43 7	3	3	0
41	2 31 10 32	1	-1	0
42	16 31 23 10	2	-1	0
43	12 33 27 40	4	3	0
44	36 17 11 40	2	-1	0
45	39 40 13 14	4	1	0
46	42 38 49 11	3	2	0
47	30 28 36 16	4	1	0
48	5 46 10 8	3	1	0
49	13 23 49 29	3	2	0
50	35 44 14 32	2	-1	0
51	19 28 33 49	3	1	0
52	1 20 18 25	1	-1	0
53	18 32 20 27	3	3	0
54	3 40 19 21	1	-1	0
55	17 12 6 29	2	-1	0
56	50 35 19 22	2	-1	0
57	13 41 4 44	3	4	0
58	10 44 4 32	3	3	0
59	26 27 35 8	4	2	0
60	2 27 43 35	1	-1	0
61	42 14 11 30	4	5	0
62	47 44 46 19	2	-1	1
63	18 49 36 28	4	2	0
64	27 9 7 20	2	-1	0
65	2 16 30 45	1	-1	0
66	46 4 41 33	3	5	0
67	24 33 43 16	2	-1	0
68	13 12 14 18	3	2	0
69	2 17 49 19	1	-1	0
70	6 50 31 25	2	-1	0
71	13 6 28 43	4	4	0
72	21 18 48 22	3	4	0
73	41 35 43 9	3	2	0
74	46 8 10 48	3	5	0
75	3 26 32 27	1	-1	0
76	32 36 45 44	3	4	0
77	47 13 15 28	4	4	0
78	26 50 24 47	2	-1	0
79	34 49 4 23	2	-1	0
80	21 38 25 30	4	2	0
81	25 50 46 38	2	-1	0
82	1 44 46 19	1	-1	0
83	22 41 35 7	2	-1	0
84	28 10 11 8	4	4	0
85	40 35 41 26	3	1	0
86	16 37 43 25	3	5	0
87	20 43 35 37	2	-1	0
88	1 50 6 49	1	-1	0
89	1 41 48 15	1	-1	0
90	41 37 43 19	4	3	0
91	41 37 16 5	3	1	0
92	14 32 17 44	3	4	0
93	2 11 37 5	1	-1	0
94	12 33 15 28	2	-1	0
95	3 48 20 38	1	-1	0
96	2 33 11 39	1	-1	0
97	1 44 19 38	1	-1	0
98	41 10 48 12	2	-1	0
99	2 23 42 40	1	-1	0
100	28 34 22 48	2	-1	0
101	4 40 5 10	4	5	0
102	3 22 47 15	1	-1	0
103	3 40 24 7	1	-1	0
104	38 47 14 30	2	-1	0
105	20 31 38 24	3	2	0
106	3 19 37 36	1	-1	0
107	1 18 17 7	1	-1	0
108	2 18 13 43	1	-1	0
109	47 38 6 5	3	5	0
110	11 47 17 29	4	1	0
111	2 13 28 42	1	-1	0
112	30 40 15 38	2	-1	0
113	38 15 49 8	4	4	0
114	41 50 32 38	4	2	0
115	40 13 7 27	3	3	0
116	47 27 48 4	4	1	0
117	48 21 13 36	2	-1	0
118	10 49 7 14	2	-1	0
119	2 22 28 49	1	-1	0
120	11 31 36 35	2	-1	0
121	1 5 26 30	1	-1	0
122	40 48 36 33	2	-1	0
123	1 28 5 27	1	-1	0
124	16 5 4 42	2	-1	0
125	16 42 29 15	2	-1	0
126	2 7 16 5	1	-1	0
127	1 16 5 39	1	-1	0
128	50 23 31 17	2	-1	0
129	32 41 45 35	4	3	0
130	4 10 20 5	4	3	0
131	29 27 31 26	4	3	0
132	2 50 29 6	1	-1	0
133	6 42 45 23	4	4	0
134	30 36 18 23	2	-1	0
135	40 39 23 31	3	2	0
136	2 15 5 8	1	-1	0
137	17 23 19 41	4	1	0
138	16 44 26 49	3	4	0
139	6 19 4 15	3	4	0
140	50 33 35 8	4	3	0
141	4 44 26 40	2	-1	0
142	11 33 26 10	4	3	0
143	18 33 11 27	4	3	0
144	11 14 8 17	2	-1	0
145	29 34 10 23	3	1	0
146	1 4 31 24	1	-1	0
147	2 17 28 35	1	-1	0
148	5 44 27 25	3	4	0
149	49 34 22 48	2	-1	0
150	2 36 10 21	1	-1	0
151	50 30 38 14	2	-1	0
152	17 32 45 16	3	3	0
153	27 46 7 17	2	-1	0
154	50 31 30 41	4	4	0
155	44 5 26 25	2	-1	0
156	36 33 26 43	2	-1	1
157	46 32 29 4	3	5	0
158	11 35 23 27	4	3	0
159	31 21 13 48	4	4	0
160	7 35 21 25	4	5	0
161	24 10 7 32	3	3	0
162	46 49 33 9	3	2	0
163	35 14 42 25	2	-1	0
164	42 41 27 12	4	4	0
165	8 4 36 12	3	5	0
166	7 49 39 12	4	1	0
167	8 27 46 22	4	5	0
168	14 21 23 36	4	3	0
169	16 27 17 6	3	4	0
170	48 36 5 7	3	4	0
171	27 32 9 48	3	4	0
172	3 21 20 34	1	-1	0
173	26 32 27 9	4	5	0
174	25 49 15 45	4	5	0
175	1 38 29 20	1	-1	0
176	11 27 9 33	4	3	1
177	12 37 7 15	3	5	0
178	1 14 34 47	1	-1	0
179	3 49 33 38	1	-1	0
180	42 14 20 4	3	2	0
181	33 21 26 25	4	5	0
182	48 36 45 31	4	4	0
183	9 41 20 18	3	1	0
184	38 18 41 36	2	-1	0
185	6 30 7 14	3	4	0
186	4 25 50 13	3	4	0
187	50 35 39 20	2	-1	0
188	3 12 46 22	1	-1	0
189	42 49 4 16	3	1	0
190	7 29 24 22	3	2	0
191	26 15 35 10	2	-1	0
192	50 20 27 6	2	-1	0
193	4 40 31 11	3	2	0
194	21 33 18 16	4	5	0
195	44 32 34 24	3	5	0
196	28 27 29 34	4	3	0
197	27 10 16 8	3	5	0
198	16 9 3 6	3	2	0
199	29 43 44 20	2	-1	0
200	30 39 27 13	2	-1	0
201	23 21 47 43	4	4	0
202	3 16 26 22	1	-1	0
203	47 9 5 31	4	4	0
204	1 26 20 14	1	-1	0
205	3 25 43 22	1	-1	0
206	3 5 13 40	1	-1	0
207	13 36 17 21	3	5	0
208	2 20 37 25	1	-1	0
209	48 22 32 17	3	1	0
210	43 32 40 14	2	-1	0
211	49 15 22 11	4	2	0
212	13 37 8 25	4	1	0
213	2 39 5 35	1	-1	0
214	34 12 45 42	2	-1	0
215	14 13 22 30	4	3	0
216	41 42 47 30	3	3	0
217	13 35 44 38	3	5	0
218	23 49 40 47	4	1	0
219	20 4 33 16	3	3	0
220	16 41 38 21	2	-1	0
221	14 35 32 50	3	4	0
222	48 35 44 8	2	-1	0
223	38 47 34 9	3	4	0
224	29 7 33 35	4	4	0
225	3 27 15 6	1	-1	0
226	2 14 8 50	1	-1	0
227	17 30 19 36	2	-1	0
228	26 50 7 23	4	1	0
229	3 46 47 43	1	-1	0
230	1 46 42 34	1	-1	0
231	3 49 23 47	1	-1	0
232	27 6 22 40	2	-1	0
233	42 46 18 17	4	4	0
234	9 16 25 5	4	3	0
235	33 5 39 38	4	5	0
236	9 22 32 30	3	2	0
237	41 16 45 23	4	1	0
238	44 46 11 22	4	2	0
239	12 9 50 16	3	3	0
240	2 5 32 41	1	-1	0
241	20 16 11 8	2	-1	0
242	33 36 31 39	2	-1	0
243	1 47 30 29	1	-1	0
244	20 16 26 30	4	2	0
245	5 37 39 12	3	4	0
246	2 35 44 9	1	-1	0
247	45 36 16 15	3	5	0
248	14 29 24 7	3	2	0
249	12 9 33 47	3	2	0
250	50 21 16 4	4	2	0
