Students	250
1	18 42 46 34	2	-1	0
2	2 40 45 24	1	-1	0
3	26 50 42 8	3	5	0
4	1 24 48 18	1	-1	0
5	25 48 41 17	3	3	0
6	9 43 19 48	2	-1	0
7	44 34 47 12	2	-1	0
8	47 33 46 37	4	2	0
9	33 44 32 27	3	4	0
10	24 43 13 42	4	5	0
11	37 22 24 32	3	4	0
12	15 42 32 27	3	2	0
13	15 42 50 38	2	-1	0
14	3 43 34 50	1	-1	0
15	12 8 5 11	3	2	0
16	37 7 14 11	3	1	0
17	49 9 47 46	3	3	0
18	30 46 17 38	2	-1	0
19	40 28 44 47	2	-1	0
20	32 8 46 33	2	-1	0
21	3 23 35 30	1	-1	0
22	21 49 17 13	3	2	0
23	1 29 30 13	1	-1	0
24	38 11 9 17	4	3	0
25	38 33 41 5	3	3	0
26	19 30 14 43	4	3	0
27	50 41 17 33	3	4	0
28	1 45 15 50	1	-1	0
29	25 28 11 31	4	2	0
30	5 25 44 24	4	4	0
31	29 30 24 34	2	-1	0
32	40 46 32 36	2	-1	0
33	11 25 27 5	3	1	0
34	45 50 33 26	4	2	0
35	11 4 10 7	2	-1	0
36	38 27 18 34	3	5	0
37	6 25 15 14	2	-1	0
38	28 25 45 39	3	4	0
39	43 45 49 12	3	1	0
40	29 11 43 10	4	1	0
41	15 39 50 11	3	1	0
42	16 21 10 7	2	-1	0
43	46 8 29 49	3	3	0
44	48 16 25 22	4	1	0
45	7 30 45 29	2	-1	0
46	35 31 23 26	3	1	0
47	15 21 22 45	3	1	0
48	30 35 24 31	2	-1	0
49	49 18 7 6	2	-1	0
50	2 33 12 48	1	-1	0
51	49 24 18 23	2	-1	0
52	2 30 43 38	1	-1	0
53	49 46 27 39	3	5	0
54	35 39 31 4	4	4	0
55	19 46 48 8	3	5	0
56	18 27 39 12	3	4	0
57	30 28 7 37	2	-1	0
58	2 41 42 40	1	-1	0
59	3 44 49 20	1	-1	0
60	25 40 26 10	3	5	0
61	2 9 14 16	1	-1	0
62	3 34 18 41	1	-1	0
63	2 41 17 33	1	-1	0
64	25 7 50 24	2	-1	0
65	3 44 28 12	1	-1	0
66	25 47 14 22	2	-1	0
67	3 16 15 47	1	-1	0
68	47 42 13 44	3	3	1
69	14 12 6 47	3	5	0
70	2 4 19 35	1	-1	0
71	3 18 7 17	1	-1	0
72	33 7 45 30	2	-1	0
73	15 11 48 17	4	1	0
74	40 44 48 11	4	5	0
75	17 41 29 28	4	4	0
76	3 41 34 43	1	-1	0
77	10 17 20 38	3	3	0
78	2 21 43 47	1	-1	0
79	28 19 38 41	4	4	0
80	1 24 44 6	1	-1	0
81	13 26 29 42	3	4	0
82	2 5 12 16	1	-1	0
83	1 40 25 16	1	-1	0
84	1 19 35 23	1	-1	0
85	9 27 50 14	4	4	0
86	40 34 44 26	2	-1	0
87	43 31 4 26	3	3	0
88	1 41 32 11	1	-1	0
89	9 26 35 47	2	-1	0
90	5 24 40 17	2	-1	0
91	9 37 35 33	2	-1	0
92	3 26 39 19	1	-1	0
93	2 45 41 29	1	-1	0
94	2 24 21 31	1	-1	0
95	36 11 45 16	4	5	0
96	47 18 25 16	4	3	0
97	37 4 7 29	4	5	0
98	35 50 43 22	3	2	0
99	25 5 14 17	2	-1	0
100	47 46 19 7	3	4	0
101	27 10 49 40	3	1	0
102	44 35 32 6	3	1	0
103	3 35 17 48	1	-1	0
104	50 27 38 8	4	1	0
105	28 6 30 39	4	4	0
106	47 20 12 48	2	-1	0
107	32 24 37 30	2	-1	0
108	1 30 50 20	1	-1	0
109	1 10 35 31	1	-1	0
110	8 33 46 6	3	2	0
111	3 20 12 28	1	-1	0
112	9 25 5 6	3	4	0
113	50 41 47 44	4	4	0
114	3 22 26 36	1	-1	0
115	1 13 34 27	1	-1	0
116	2 46 44 27	1	-1	0
117	41 39 25 28	4	4	0
118	19 40 30 41	4	1	0
119	21 20 13 4	2	-1	0
120	1 33 20 16	1	-1	0
121	27 17 36 46	4	4	0
122	12 40 13 47	4	2	0
123	39 30 27 42	3	2	0
124	24 4 12 27	4	3	0
125	45 4 24 12	4	2	0
126	12 47 41 21	3	2	0
127	2 31 20 47	1	-1	0
128	32 44 21 46	4	4	0
129	16 7 44 29	2	-1	0
130	40 37 42 22	3	5	1
131	36 11 24 27	2	-1	0
132	17 28 31 9	4	5	0
133	3 39 20 46	1	-1	0
134	15 16 7 36	4	5	0
135	49 37 35 30	3	2	0
136	7 34 42 29	4	2	0
137	25 50 12 20	2	-1	0
138	45 17 37 4	4	5	0
139	5 19 13 27	4	3	0
140	19 43 13 21	4	5	0
141	18 46 40 34	2	-1	0
142	3 43 13 23	1	-1	0
143	42 25 48 16	4	5	0
144	34 20 37 38	3	5	0
145	5 42 23 16	4	4	0
146	37 19 47 23	3	3	0
147	19 21 43 44	2	-1	0
148	2 20 16 45	1	-1	0
149	38 49 19 2	4	4	0
150	17 27 48 40	2	-1	0
151	3 37 13 21	1	-1	0
152	22 48 20 40	4	3	0
153	37 4 19 31	4	3	0
154	41 28 11 23	3	3	0
155	2 44 31 16	1	-1	0
156	33 34 21 11	2	-1	0
157	2 17 35 22	1	-1	0
158	3 22 5 23	1	-1	0
159	2 19 50 22	1	-1	0
160	10 25 18 48	3	2	0
161	24 30 27 19	3	3	0
162	5 26 16 29	3	3	0
163	27 37 6 44	2	-1	0
164	28 31 27 43	2	-1	0
165	11 45 39 16	2	-1	0
166	1 29 24 23	1	-1	0
167	23 11 26 21	4	4	0
168	11 43 10 20	2	-1	0
169	47 36 23 8	4	3	0
170	24 9 11 25	3	1	0
171	36 24 7 6	2	-1	0
172	2 46 50 23	1	-1	0
173	34 16 45 19	2	-1	0
174	3 40 45 49	1	-1	0
175	40 34 18 5	2	-1	0
176	1 17 50 27	1	-1	0
177	15 46 39 6	2	-1	0
178	50 35 30 24	4	1	0
179	3 24 10 43	1	-1	0
180	28 49 18 10	3	5	0
181	10 45 32 13	3	5	0
182	38 16 28 8	4	5	0
183	21 5 41 16	2	-1	0
184	26 49 15 14	2	-1	0
185	20 18 50 27	3	4	0
186	40 5 43 34	3	2	0
187	44 8 25 22	2	-1	0
188	2 31 46 13	1	-1	0
189	2 33 31 27	1	-1	0
190	25 10 38 33	3	1	0
191	13 45 31 24	3	4	0
192	48 31 14 32	2	-1	0
193	46 11 40 31	2	-1	0
194	2 38 44 23	1	-1	0
195	3 45 30 9	1	-1	0
196	2 17 9 19	1	-1	0
197	32 19 16 15	3	5	0
198	34 16 17 14	2	-1	0
199	17 16 44 8	2	-1	0
200	2 4 46 15	1	-1	0
201	34 26 42 24	2	-1	0
202	33 7 40 17	4	5	0
203	24 40 47 42	2	-1	0
204	49 44 4 22	2	-1	0
205	10 19 7 16	3	5	0
206	1 39 17 22	1	-1	0
207	5 33 49 14	2	-1	0
208	7 42 47 16	4	2	0
209	49 48 40 35	4	1	0
210	43 30 26 35	3	2	0
211	7 9 41 24	2	-1	0
212	8 16 7 6	3	3	0
213	23 47 17 8	3	5	1
214	1 14 29 32	1	-1	0
215	23 43 40 22	3	3	0
216	45 50 41 4	2	-1	0
217	33 4 44 48	2	-1	0
218	11 19 8 5	2	-1	0
219	19 6 31 48	2	-1	0
220	29 18 20 14	4	4	0
221	10 29 34 15	2	-1	0
222	39 12 6 7	3	2	0
223	12 47 5 32	3	2	0
224	45 17 30 4	2	-1	0
225	42 22 36 24	2	-1	0
226	21 18 44 48	3	1	0
227	39 50 8 48	2	-1	0
228	16 50 15 10	3	1	0
229	38 44 15 45	2	-1	0
230	21 10 39 43	2	-1	0
231	2 34 26 40	1	-1	0
232	20 16 39 34	4	3	0
233	20 21 43 12	3	1	0
234	30 9 22 39	4	5	0
235	14 33 20 36	4	5	0
236	18 41 8 32	2	-1	0
237	38 15 11 29	4	3	0
238	46 50 15 23	2	-1	0
239	39 44 6 19	2	-1	0
240	1 16 13 42	1	-1	0
241	3 34 21 4	1	-1	0
242	39 4 29 45	3	4	0
243	30 32 37 46	3	2	0
244	13 6 43 22	2	-1	0
245	12 45 27 15	3	5	0
246	2 27 47 23	1	-1	0
247	2 9 49 24	1	-1	0
248	49 9 4 26	2	-1	0
249	4 8 11 21	2	-1	0
250	29 9 50 21	3	1	0
