Students	250
1	47 33 34 15	4	5	0
2	27 10 8 19	2	-1	0
3	21 25 43 22	2	-1	0
4	3 39 10 29	1	-1	0
5	50 18 44 16	4	2	0
6	22 20 34 39	4	3	0
7	1 19 36 38	1	-1	0
8	22 15 34 32	3	2	0
9	44 14 50 11	4	3	0
10	34 16 43 23	2	-1	0
11	2 41 37 5	1	-1	0
12	40 16 5 50	3	4	0
13	3 38 25 26	1	-1	0
14	18 19 32 9	4	2	0
15	42 16 33 27	3	3	0
16	21 19 44 35	2	-1	0
17	19 40 46 38	3	2	0
18	50 39 46 12	3	3	0
19	23 11 45 20	4	3	0
20	27 41 29 39	4	4	0
21	40 46 11 45	4	1	0
22	2 26 39 11	1	-1	0
23	1 40 27 33	1	-1	0
24	2 15 21 24	1	-1	0
25	46 17 48 49	3	3	0
26	44 48 19 42	3	4	0
27	12 32 37 11	3	1	0
28	40 43 16 25	2	-1	0
29	12 23 42 27	3	2	0
30	8 15 7 46	2	-1	0
31	5 46 16 49	2	-1	0
32	9 30 47 4	4	5	0
33	17 30 40 7	2	-1	0
34	11 45 37 28	2	-1	0
35	44 41 5 7	3	4	0
36	33 31 26 21	4	4	0
37	22 37 24 38	3	4	0
38	36 7 25 27	3	5	0
39	21 10 13 42	2	-1	0
40	12 13 30 40	3	2	0
41	30 37 4 32	2	-1	0
42	1 30 15 16	1	-1	0
43	25 46 8 15	2	-1	0
44	20 16 47 9	2	-1	0
45	3 38 19 4	1	-1	0
46	22 36 26 34	2	-1	0
47	1 10 7 43	1	-1	0
48	10 46 31 19	4	5	0
49	30 21 4 5	4	4	0
50	1 37 50 9	1	-1	0
51	25 24 15 9	4	2	0
52	34 33 18 15	2	-1	0
53	28 25 27 5	3	3	0
54	21 39 25 11	4	4	0
55	49 27 45 29	4	5	0
56	43 39 47 41	2	-1	0
57	31 14 44 11	3	1	0
58	11 10 28 13	2	-1	0
59	39 5 6 24	4	5	0
60	35 12 46 37	2	-1	0
61	48 43 38 14	3	5	0
62	2 16 12 23	1	-1	0
63	1 34 30 4	1	-1	0
64	29 11 19 17	3	4	0
65	1 5 11 16	1	-1	0
66	9 42 46 40	2	-1	0
67	18 40 22 28	2	-1	0
68	3 26 21 50	1	-1	0
69	21 28 42 7	4	5	0
70	14 23 17 31	2	-1	0
71	32 45 34 4	3	2	0
72	43 19 4 22	2	-1	0
73	49 12 42 45	4	2	0
74	2 29 35 16	1	-1	0
75	1 39 30 13	1	-1	0
76	2 43 31 24	1	-1	0
77	21 8 49 43	2	-1	0
78	30 37 12 15	4	3	0
79	12 28 14 43	2	-1	0
80	35 10 48 47	2	-1	0
81	31 10 44 36	2	-1	0
82	13 46 41 45	2	-1	0
83	3 49 6 33	1	-1	0
84	16 15 8 21	3	1	0
85	13 11 45 10	3	3	0
86	48 44 25 46	2	-1	0
87	2 11 16 40	1	-1	0
88	47 12 4 16	3	5	0
89	3 7 40 4	1	-1	0
90	29 5 34 37	4	2	0
91	37 34 44 41	3	4	0
92	1 7 19 12	1	-1	0
93	26 48 4 20	3	2	0
94	15 43 13 39	2	-1	0
95	31 5 23 41	3	2	0
96	28 14 18 12	3	4	0
97	1 34 10 42	1	-1	0
98	2 42 17 28	1	-1	0
99	22 34 43 49	2	-1	0
100	15 23 8 18	3	1	0
101	28 6 43 17	4	1	0
102	40 21 45 11	3	5	0
103	14 40 4 6	3	5	1
104	2 11 50 35	1	-1	0
105	1 20 9 42	1	-1	0
106	46 6 7 22	3	2	0
107	50 33 49 4	2	-1	0
108	17 50 13 20	4	3	0
109	35 50 29 24	3	4	0
110	17 23 24 30	4	3	0
111	26 12 48 2	2	-1	0
112	21 29 36 13	3	5	0
113	2 24 38 29	1	-1	0
114	19 37 34 47	3	3	0
115	34 6 48 28	2	-1	0
116	45 15 47 49	2	-1	0
117	3 5 29 8	1	-1	0
118	17 18 24 47	4	2	0
119	49 25 24 10	3	1	0
120	39 13 42 9	4	4	0
121	50 21 37 44	4	3	0
122	12 13 29 18	3	2	0
123	13 50 25 29	4	3	0
124	2 43 23 6	1	-1	0
125	24 44 20 35	4	3	1
126	43 21 32 19	2	-1	0
127	6 26 41 36	3	2	0
128	31 4 23 45	3	2	0
129	46 7 18 45	3	2	0
130	36 33 41 21	3	3	0
131	31 20 38 17	3	5	0
132	9 44 41 27	2	-1	0
133	3 12 29 25	1	-1	0
134	28 48 50 24	4	1	0
135	5 27 7 26	4	1	0
136	7 23 45 30	2	-1	0
137	35 26 16 22	3	1	0
138	1 12 24 47	1	-1	0
139	2 40 43 38	1	-1	0
140	11 13 19 5	4	3	0
141	3 18 35 36	1	-1	0
142	11 10 8 45	4	5	0
143	2 12 20 32	1	-1	0
144	47 14 31 11	2	-1	0
145	30 26 32 31	3	3	0
146	43 14 35 22	3	5	0
147	3 48 44 18	1	-1	0
148	15 30 13 28	3	1	0
149	1 34 14 17	1	-1	0
150	3 44 5 24	1	-1	0
151	3 11 10 5	1	-1	0
152	36 33 25 46	3	3	0
153	3 17 43 40	1	-1	0
154	20 12 6 18	3	3	0
155	30 15 10 14	3	3	0
156	3 15 39 36	1	-1	0
157	37 47 18 9	3	1	0
158	17 37 50 30	2	-1	0
159	18 7 27 41	4	3	0
160	2 12 14 34	1	-1	0
161	23 33 18 11	2	-1	0
162	30 32 45 43	2	-1	0
163	14 11 38 43	2	-1	0
164	29 16 23 38	2	-1	0
165	13 30 37 18	3	4	0
166	40 47 20 21	3	2	0
167	35 6 20 37	4	3	0
168	11 47 25 26	3	4	1
169	22 41 17 39	3	4	0
170	42 39 22 20	2	-1	0
171	13 6 39 34	3	4	0
172	34 33 13 40	4	3	0
173	23 12 34 33	3	2	0
174	48 40 10 17	2	-1	0
175	12 5 45 17	4	5	0
176	2 32 16 44	1	-1	0
177	3 42 27 4	1	-1	0
178	27 14 45 46	3	5	0
179	19 18 27 20	4	3	0
180	1 12 18 41	1	-1	0
181	42 49 32 13	4	5	0
182	1 44 31 50	1	-1	0
183	3 11 49 8	1	-1	0
184	29 6 16 1	3	1	0
185	43 10 35 16	4	1	0
186	3 19 24 8	1	-1	0
187	22 16 48 13	4	5	0
188	41 27 49 18	3	1	0
189	1 30 44 45	1	-1	0
190	30 17 28 15	3	2	0
191	12 13 27 15	2	-1	0
192	31 17 39 27	2	-1	0
193	19 34 31 29	3	3	0
194	15 23 16 9	4	3	0
195	6 8 43 12	4	3	0
196	2 31 41 38	1	-1	0
197	7 19 22 40	4	1	0
198	41 6 40 17	4	1	0
199	2 6 46 25	1	-1	0
200	3 17 25 8	1	-1	0
201	13 16 29 34	2	-1	0
202	47 28 37 44	2	-1	0
203	2 36 48 10	1	-1	0
204	16 28 25 10	4	1	0
205	48 7 5 32	2	-1	0
206	1 37 49 43	1	-1	0
207	17 49 19 32	2	-1	0
208	17 39 15 20	2	-1	0
209	18 35 44 38	2	-1	0
210	39 31 9 49	3	5	0
211	30 7 12 13	2	-1	0
212	36 25 34 38	2	-1	0
213	18 12 37 20	4	2	0
214	37 50 47 5	3	4	0
215	12 31 15 29	2	-1	0
216	27 22 33 6	4	3	0
217	30 45 27 13	2	-1	0
218	15 20 16 12	3	5	0
219	43 35 34 22	4	4	0
220	27 44 14 5	4	4	0
221	4 6 32 34	3	4	0
222	1 46 37 14	1	-1	0
223	47 10 35 38	2	-1	0
224	20 32 13 30	2	-1	0
225	29 31 14 5	2	-1	0
226	35 16 41 19	2	-1	0
227	41 35 45 38	4	3	0
228	30 12 19 28	2	-1	0
229	11 41 26 18	3	4	0
230	11 36 43 32	4	4	0
231	18 41 21 19	3	2	0
232	29 30 10 20	4	1	0
233	29 12 13 47	2	-1	0
234	33 11 44 20	3	2	0
235	14 24 20 40	4	3	0
236	21 42 46 18	3	4	0
237	40 23 41 26	4	5	0
238	1 35 34 8	1	-1	0
239	31 21 45 4	3	1	0
240	34 13 14 47	2	-1	0
241	2 21 13 30	1	-1	0
242	46 12 24 19	3	1	0
243	44 43 21 38	4	4	0
244	28 49 47 15	2	-1	0
245	35 50 40 38	3	3	0
246	20 36 8 10	3	1	0
247	50 35 18 11	3	2	0
248	33 14 29 47	3	3	0
249	33 15 22 46	4	4	0
250	22 13 23 5	4	3	0
