Students	250
1	34 49 17 42	3	2	0
2	3 29 34 49	1	-1	0
3	2 23 12 29	1	-1	0
4	27 29 40 34	4	5	0
5	42 5 12 16	4	4	0
6	30 44 15 32	3	2	0
7	2 32 15 43	1	-1	0
8	3 11 8 15	1	-1	0
9	17 34 16 5	3	1	0
10	39 44 4 45	2	-1	0
11	16 25 21 13	3	2	0
12	27 5 36 13	2	-1	0
13	37 19 40 45	2	-1	0
14	2 20 43 4	1	-1	0
15	2 7 8 35	1	-1	0
16	1 11 28 38	1	-1	0
17	10 21 11 45	4	3	0
18	47 21 37 4	2	-1	0
19	17 36 15 10	4	2	0
20	4 49 50 10	3	4	0
21	3 50 5 43	1	-1	1
22	50 32 41 22	2	-1	0
23	13 16 12 44	2	-1	0
24	13 21 47 25	2	-1	0
25	42 49 39 38	3	2	0
26	42 16 45 8	4	5	0
27	27 18 22 24	4	1	0
28	38 11 47 7	3	2	0
29	31 36 17 46	2	-1	0
30	26 14 45 24	2	-1	0
31	20 31 46 44	3	4	0
32	5 6 20 46	2	-1	0
33	46 32 13 36	2	-1	0
34	45 4 41 39	4	2	0
35	1 42 28 8	1	-1	0
36	18 43 29 27	4	1	0
37	33 35 4 27	3	2	0
38	8 33 41 11	3	2	0
39	3 35 44 12	1	-1	0
40	4 48 27 37	4	4	0
41	32 15 50 9	2	-1	0
42	2 12 37 29	1	-1	0
43	9 8 36 30	4	2	0
44	3 16 29 46	1	-1	0
45	9 50 33 21	4	5	0
46	40 5 30 37	2	-1	0
47	1 47 30 7	1	-1	0
48	8 17 6 48	4	2	0
49	7 29 9 40	2	-1	0
50	9 25 22 26	3	2	0
51	1 36 47 17	1	-1	0
52	50 7 11 28	2	-1	0
53	7 47 46 26	3	4	0
54	38 49 20 15	3	5	0
55	20 50 8 7	3	2	0
56	12 4 27 35	2	-1	0
57	36 37 29 10	3	5	0
58	5 49 24 12	3	3	0
59	38 18 41 28	3	2	0
60	1 23 17 20	1	-1	0
61	19 32 29 35	3	1	0
62	2 10 7 17	1	-1	0
63	1 32 5 23	1	-1	0
64	48 20 5 33	4	4	0
65	10 22 12 6	3	2	0
66	1 23 44 7	1	-1	0
67	30 8 25 14	3	4	0
68	12 6 39 34	2	-1	0
69	22 32 49 36	4	3	0
70	18 44 17 41	3	5	0
71	41 50 24 46	3	3	0
72	29 6 11 49	3	2	0
73	2 36 13 47	1	-1	0
74	2 48 42 15	1	-1	0
75	45 41 49 50	4	5	0
76	44 10 5 29	4	3	0
77	38 48 7 17	2	-1	0
78	18 13 41 26	4	2	0
79	15 17 47 40	4	3	0
80	26 32 18 44	4	4	0
81	27 6 11 21	3	4	0
82	48 41 7 39	2	-1	0
83	47 12 42 34	2	-1	0
84	12 47 35 22	3	1	0
85	50 11 35 34	3	1	0
86	48 29 46 15	2	-1	0
87	41 29 21 8	2	-1	0
88	4 25 34 39	4	5	0
89	29 34 28 15	2	-1	0
90	13 49 33 42	2	-1	0
91	21 9 10 12	3	2	0
92	4 31 46 24	4	4	0
93	50 44 30 12	4	5	0
94	9 48 35 24	4	5	0
95	2 24 40 29	1	-1	0
96	30 19 15 47	3	4	0
97	14 45 39 32	2	-1	0
98	17 11 48 41	4	3	0
99	21 15 35 40	4	1	0
100	21 5 19 26	3	4	0
101	6 34 42 33	3	4	0
102	29 7 15 21	3	2	0
103	43 46 35 20	2	-1	0
104	9 44 33 10	4	5	0
105	12 16 5 1	4	2	0
106	48 20 4 39	2	-1	0
107	27 46 33 41	2	-1	0
108	2 20 31 36	1	-1	0
109	1 40 13 19	1	-1	0
110	24 18 11 17	3	4	0
111	26 47 31 9	4	2	0
112	27 36 44 17	3	1	0
113	49 50 42 35	2	-1	0
114	39 18 11 23	3	5	0
115	40 27 36 42	3	4	1
116	2 13 46 4	1	-1	0
117	11 13 23 43	2	-1	0
118	27 5 37 35	3	4	0
119	1 34 49 13	1	-1	0
120	15 5 7 42	3	1	0
121	6 22 4 18	2	-1	0
122	2 4 15 24	1	-1	0
123	1 19 16 14	1	-1	0
124	34 16 25 19	2	-1	0
125	45 31 29 37	2	-1	0
126	3 25 33 42	1	-1	0
127	44 27 13 46	4	1	0
128	12 47 20 33	2	-1	0
129	2 50 22 45	1	-1	0
130	38 19 48 43	3	5	0
131	40 49 50 8	4	1	0
132	39 46 4 42	4	1	0
133	11 22 42 21	3	1	0
134	49 22 26 34	3	1	0
135	12 46 19 40	2	-1	0
136	5 28 47 42	2	-1	0
137	45 37 36 39	3	4	0
138	16 48 49 36	3	5	0
139	49 44 7 19	3	4	0
140	17 42 18 19	4	4	0
141	35 41 42 28	3	5	0
142	38 43 27 5	2	-1	0
143	21 49 28 27	4	4	0
144	37 24 49 32	2	-1	0
145	12 4 37 22	3	4	0
146	8 21 49 10	2	-1	0
147	36 46 45 35	2	-1	0
148	1 19 4 47	1	-1	0
149	15 33 14 5	2	-1	0
150	2 13 28 38	1	-1	0
151	32 14 46 18	3	2	0
152	12 9 45 31	3	3	0
153	47 16 21 28	4	1	0
154	4 41 6 47	3	4	0
155	10 4 33 5	2	-1	0
156	3 27 12 13	1	-1	0
157	27 17 14 11	4	1	0
158	19 9 30 5	2	-1	0
159	1 39 47 8	1	-1	0
160	41 28 24 40	2	-1	0
161	32 39 11 34	3	3	0
162	38 21 42 46	2	-1	0
163	18 21 12 7	2	-1	0
164	24 19 8 30	2	-1	0
165	2 10 24 45	1	-1	0
166	5 36 47 29	2	-1	0
167	43 50 37 4	4	5	0
168	22 16 32 40	3	3	0
169	1 31 22 27	1	-1	0
170	1 16 48 21	1	-1	0
171	28 10 45 50	2	-1	0
172	16 9 22 34	2	-1	0
173	2 44 14 20	1	-1	0
174	28 30 41 34	2	-1	0
175	20 15 39 50	2	-1	0
176	11 47 28 13	4	1	0
177	1 36 30 42	1	-1	0
178	40 16 28 47	4	4	0
179	43 30 6 36	4	4	1
180	2 12 44 38	1	-1	0
181	2 50 31 27	1	-1	0
182	24 48 41 15	4	4	0
183	23 49 32 33	2	-1	0
184	49 17 16 22	4	5	0
185	31 1 44 17	3	5	0
186	17 10 19 5	4	2	0
187	20 31 8 46	2	-1	0
188	42 44 12 24	4	1	0
189	7 37 41 42	3	2	0
190	16 4 10 29	4	1	0
191	36 9 37 35	4	2	0
192	2 12 5 31	1	-1	0
193	9 48 8 36	3	3	0
194	44 18 13 48	3	4	0
195	46 19 8 25	4	1	0
196	12 38 21 32	2	-1	0
197	3 15 25 45	1	-1	0
198	27 10 8 39	2	-1	0
199	3 32 41 17	1	-1	0
200	49 36 32 20	3	4	0
201	8 22 49 24	3	1	0
202	22 23 21 37	2	-1	0
203	46 40 13 19	2	-1	0
204	46 35 13 29	2	-1	0
205	20 37 36 41	2	-1	0
206	18 5 23 35	4	1	0
207	3 27 17 34	1	-1	0
208	35 4 23 17	2	-1	0
209	1 42 13 31	1	-1	0
210	7 28 5 19	2	-1	0
211	50 11 5 41	2	-1	0
212	9 39 16 50	4	3	0
213	1 22 21 45	1	-1	0
214	3 22 18 50	1	-1	0
215	30 35 24 38	3	1	0
216	47 36 48 46	2	-1	0
217	23 16 36 13	4	4	0
218	39 46 21 44	3	4	0
219	3 27 33 23	1	-1	0
220	1 30 19 45	1	-1	0
221	26 38 33 44	4	2	0
222	16 46 29 8	2	-1	0
223	23 22 50 11	4	3	0
224	19 13 26 42	4	4	0
225	45 41 12 39	2	-1	0
226	8 50 36 48	4	4	0
227	34 39 12 37	2	-1	0
228	31 46 6 21	3	2	0
229	15 43 19 22	2	-1	0
230	46 36 4 7	2	-1	0
231	6 37 29 12	3	4	0
232	14 40 42 29	4	5	0
233	35 29 41 22	3	5	0
234	43 23 18 15	4	5	0
235	28 43 16 48	4	2	0
236	13 12 37 5	2	-1	0
237	42 12 32 18	3	3	0
238	21 24 5 46	2	-1	0
239	26 16 41 37	4	3	0
240	2 28 20 10	1	-1	0
241	44 6 28 38	3	5	0
242	1 32 38 41	1	-1	0
243	43 8 27 11	4	5	0
244	2 41 46 47	1	-1	0
245	5 4 29 26	4	1	0
246	2 24 38 39	1	-1	0
247	6 4 50 7	3	5	0
248	9 4 25 40	3	3	0
249	3 33 36 37	1	-1	0
250	34 39 24 50	2	-1	0
