Students	250
1	28 45 49 13	3	1	0
2	2 12 22 27	1	-1	0
3	10 36 45 1	3	1	0
4	19 10 34 30	4	4	0
5	7 34 28 4	2	-1	0
6	14 9 23 8	3	3	0
7	24 16 20 43	2	-1	0
8	41 10 20 18	4	5	0
9	38 24 19 10	3	5	0
10	23 6 5 50	3	1	0
11	3 29 18 36	1	-1	0
12	8 29 6 27	3	3	0
13	11 30 44 23	3	3	0
14	1 36 34 27	1	-1	0
15	50 20 22 37	4	3	0
16	12 43 20 44	2	-1	0
17	8 19 31 27	2	-1	0
18	46 34 44 26	2	-1	0
19	3 8 21 10	1	-1	0
20	39 34 25 50	3	4	0
21	4 21 8 45	2	-1	0
22	44 15 28 30	4	4	0
23	2 17 37 5	1	-1	0
24	35 20 33 39	3	1	0
25	25 14 13 39	2	-1	0
26	11 50 15 42	4	3	0
27	11 15 29 8	4	3	0
28	39 43 47 48	3	1	0
29	49 4 43 16	3	5	0
30	41 28 9 33	4	2	0
31	18 15 37 14	3	1	1
32	27 17 31 15	3	5	0
33	9 43 41 19	2	-1	0
34	45 23 34 49	2	-1	0
35	39 32 28 21	2	-1	0
36	31 24 43 48	4	3	0
37	21 12 49 41	4	5	0
38	39 49 50 31	3	4	0
39	38 35 46 27	2	-1	0
40	25 9 45 23	3	3	0
41	23 4 8 37	3	5	0
42	11 32 23 41	3	3	0
43	3 26 46 29	1	-1	0
44	16 8 28 6	2	-1	0
45	44 15 11 23	2	-1	0
46	10 31 33 6	3	5	0
47	41 43 9 46	2	-1	0
48	5 12 18 21	4	1	0
49	34 23 29 47	3	2	0
50	26 41 42 30	4	5	0
51	49 13 36 21	3	4	0
52	41 49 11 43	4	2	0
53	12 9 26 43	3	4	0
54	50 37 11 24	3	2	0
55	30 14 50 16	2	-1	0
56	28 23 6 49	2	-1	0
57	1 33 16 37	1	-1	0
58	1 39 31 21	1	-1	0
59	19 21 8 25	4	5	1
60	9 48 45 38	4	4	0
61	1 12 48 37	1	-1	0
62	4 37 30 31	2	-1	0
63	1 29 8 35	1	-1	0
64	43 25 13 22	2	-1	0
65	12 39 20 47	3	5	0
66	3 48 6 10	1	-1	0
67	35 11 38 43	3	5	0
68	12 31 39 34	2	-1	0
69	3 40 44 25	1	-1	0
70	48 24 13 8	4	2	0
71	12 31 24 14	3	2	0
72	5 27 16 30	2	-1	0
73	38 11 22 9	3	5	0
74	3 10 47 15	1	-1	0
75	27 20 45 46	2	-1	0
76	17 30 28 24	4	2	0
77	35 33 10 24	2	-1	0
78	43 40 18 14	4	4	0
79	15 33 7 23	3	2	0
80	11 17 29 39	4	4	0
81	26 5 38 27	3	1	0
82	3 34 4 20	1	-1	0
83	25 17 23 38	2	-1	0
84	3 15 12 27	1	-1	0
85	1 22 49 29	1	-1	0
86	47 37 19 10	3	5	0
87	5 19 50 28	2	-1	0
88	25 47 9 50	3	3	0
89	35 16 46 15	2	-1	0
90	45 43 20 28	4	2	0
91	2 20 12 39	1	-1	0
92	3 10 43 25	1	-1	0
93	47 40 45 19	2	-1	0
94	11 23 17 49	4	3	0
95	5 43 10 8	2	-1	0
96	5 4 47 26	2	-1	0
97	13 5 47 25	3	1	0
98	50 45 8 7	3	4	0
99	6 21 50 38	4	2	0
100	49 47 10 28	3	3	0
101	20 49 9 37	4	2	0
102	5 23 46 24	3	3	0
103	2 17 43 33	1	-1	0
104	34 13 7 21	3	1	0
105	4 44 41 20	2	-1	0
106	27 42 33 40	3	5	0
107	29 44 45 43	2	-1	0
108	3 22 29 28	1	-1	0
109	31 21 28 39	4	5	0
110	8 24 23 14	3	3	0
111	50 5 17 24	4	1	0
112	2 46 14 13	1	-1	0
113	11 19 5 41	4	3	0
114	9 18 22 39	4	2	0
115	36 29 13 49	3	4	0
116	2 34 35 4	1	-1	0
117	17 46 23 15	2	-1	0
118	24 30 36 26	4	1	0
119	3 30 36 46	1	-1	0
120	22 14 6 36	3	5	0
121	3 47 40 5	1	-1	0
122	46 6 34 29	3	5	0
123	50 31 9 38	4	3	1
124	1 13 26 21	1	-1	0
125	11 5 37 36	4	1	0
126	45 28 25 12	2	-1	0
127	6 33 24 15	4	1	0
128	27 14 40 45	3	2	0
129	3 36 10 44	1	-1	0
130	10 25 34 48	2	-1	0
131	3 37 24 43	1	-1	0
132	12 43 48 18	4	2	0
133	2 27 19 40	1	-1	0
134	9 28 34 33	4	1	0
135	12 18 26 32	4	4	0
136	3 8 39 45	1	-1	0
137	10 45 14 35	4	1	0
138	46 8 23 13	3	4	0
139	9 23 42 41	2	-1	0
140	44 13 10 40	2	-1	0
141	2 27 37 48	1	-1	0
142	5 46 43 40	4	3	0
143	28 48 8 44	2	-1	0
144	1 45 6 32	1	-1	0
145	14 39 49 8	2	-1	0
146	42 19 37 43	4	2	0
147	1 48 40 36	1	-1	0
148	3 30 29 36	1	-1	0
149	3 15 14 36	1	-1	0
150	15 19 2 26	3	5	0
151	16 9 37 43	2	-1	0
152	45 37 41 30	4	3	0
153	24 32 23 35	3	3	0
154	3 29 14 44	1	-1	0
155	30 21 22 6	3	3	0
156	26 40 11 8	4	4	0
157	34 16 43 31	4	1	0
158	2 24 19 21	1	-1	0
159	1 17 38 10	1	-1	0
160	2 36 45 9	1	-1	0
161	48 49 7 10	3	3	0
162	42 10 22 44	4	4	0
163	9 24 12 17	3	4	0
164	43 41 36 5	3	5	0
165	3 49 6 35	1	-1	0
166	43 11 8 38	2	-1	0
167	9 32 47 27	2	-1	0
168	49 21 41 6	2	-1	0
169	1 17 28 34	1	-1	0
170	39 26 7 25	3	2	0
171	39 42 14 12	2	-1	0
172	2 23 34 15	1	-1	0
173	7 39 18 26	3	3	0
174	43 50 47 16	4	4	0
175	35 21 42 15	3	5	0
176	31 20 48 4	2	-1	0
177	7 33 39 32	4	1	0
178	7 12 22 16	3	3	0
179	31 47 50 29	3	5	0
180	15 32 28 22	4	1	0
181	42 30 38 19	4	3	0
182	2 38 23 9	1	-1	0
183	43 22 9 10	3	1	0
184	50 5 8 7	3	3	0
185	7 25 47 46	2	-1	0
186	4 18 24 16	4	4	0
187	1 44 24 11	1	-1	0
188	27 43 40 41	3	4	0
189	20 21 38 35	4	1	1
190	32 50 10 11	2	-1	0
191	28 42 6 13	3	1	0
192	23 47 41 43	4	2	0
193	7 42 35 23	4	3	0
194	14 19 50 33	4	3	0
195	17 14 36 4	3	5	0
196	2 47 38 19	1	-1	0
197	38 10 19 40	4	4	0
198	38 5 29 49	4	3	0
199	32 24 47 6	2	-1	0
200	7 31 43 29	3	2	0
201	22 49 39 23	3	2	0
202	25 43 31 46	2	-1	0
203	32 22 10 25	4	2	0
204	44 16 23 35	2	-1	0
205	1 11 33 40	1	-1	0
206	3 27 30 6	1	-1	0
207	35 44 31 17	3	1	0
208	1 36 7 21	1	-1	0
209	39 38 34 4	2	-1	0
210	1 10 32 48	1	-1	0
211	2 9 40 13	1	-1	0
212	17 16 13 24	3	4	0
213	17 18 33 39	3	1	0
214	14 7 33 16	4	1	0
215	42 15 30 21	4	2	0
216	4 33 23 14	4	2	0
217	1 25 16 34	1	-1	0
218	19 11 8 10	2	-1	0
219	2 26 20 41	1	-1	0
220	2 11 31 45	1	-1	0
221	19 28 4 47	3	4	0
222	23 7 16 30	2	-1	0
223	21 20 15 40	4	5	0
224	10 47 7 34	3	1	0
225	47 30 37 23	4	2	0
226	41 14 7 43	3	3	0
227	38 8 21 12	2	-1	0
228	8 25 19 7	3	5	0
229	20 44 48 10	3	2	0
230	2 37 30 8	1	-1	0
231	2 10 26 19	1	-1	0
232	2 27 5 35	1	-1	0
233	22 21 34 6	3	1	0
234	5 39 50 13	2	-1	0
235	3 40 39 21	1	-1	0
236	38 35 24 40	4	3	0
237	24 18 4 37	2	-1	0
238	2 47 10 17	1	-1	0
239	43 22 34 23	2	-1	0
240	26 10 37 34	4	4	0
241	20 24 8 42	3	3	0
242	13 38 50 7	2	-1	0
243	2 48 29 49	1	-1	0
244	26 20 40 49	2	-1	0
245	5 42 34 19	3	5	0
246	33 16 24 28	3	1	0
247	4 42 13 8	2	-1	0
248	5 13 17 37	3	4	0
249	23 29 22 47	2	-1	0
250	1 8 13 4	1	-1	0
