Class Times	5
Rooms	20
1	69	C	1
2	48	B	0
3	12	A	0
4	54	A	1
5	50	B	1
6	93	C	0
7	69	A	0
8	99	A	0
9	79	A	1
10	47	C	0
11	15	A	1
12	53	B	0
13	85	A	0
14	54	A	0
15	81	A	0
16	57	B	1
17	19	A	1
18	43	B	1
19	74	C	0
20	22	B	1
Classes	50
Teachers	25
1	25	4	C	1
2	18	1	A	1
3	13	2	B	1
4	4	1	A	0
5	7	4	C	0
6	1	2	B	0
7	8	1	A	0
8	19	1	A	0
9	13	1	A	0
10	21	4	C	0
11	5	3	C	0
12	4	1	A	0
13	6	3	C	0
14	2	5	C	0
15	25	1	A	0
16	24	4	C	0
17	17	3	C	0
18	21	3	C	0
19	5	5	C	0
20	15	5	C	0
21	3	3	C	0
22	11	5	C	0
23	19	2	B	0
24	7	3	C	0
25	20	4	C	0
26	14	2	B	0
27	10	1	A	0
28	3	3	C	0
29	15	4	C	0
30	1	1	A	0
31	10	1	A	0
32	2	5	C	0
33	12	4	C	0
34	12	5	C	0
35	18	4	C	0
36	22	2	B	0
37	14	5	C	0
38	22	1	A	0
39	9	4	C	0
40	11	4	C	0
41	6	4	C	0
42	8	4	C	0
43	16	3	C	0
44	16	1	A	0
45	20	1	A	0
46	24	2	B	0
47	17	4	C	0
48	23	2	B	0
49	23	1	A	0
50	9	1	A	0
