Class Times	5
Rooms	20
1	49	A	1
2	15	A	1
3	56	B	0
4	29	C	1
5	25	C	0
6	14	A	0
7	66	A	1
8	65	B	0
9	17	B	1
10	41	A	1
11	95	B	0
12	66	C	1
13	39	C	1
14	38	A	0
15	93	A	1
16	95	A	0
17	79	C	1
18	30	C	0
19	36	C	0
20	78	B	0
Classes	50
Teachers	25
1	22	5	C	1
2	5	4	C	1
3	16	3	C	1
4	13	5	C	0
5	1	3	C	0
6	5	4	C	0
7	16	5	C	0
8	14	5	C	0
9	23	1	A	0
10	17	4	C	0
11	12	3	C	0
12	24	1	A	0
13	3	5	C	0
14	17	4	C	0
15	22	3	C	0
16	1	2	B	0
17	10	4	C	0
18	12	1	A	0
19	19	2	B	0
20	21	3	C	0
21	21	5	C	0
22	10	1	A	0
23	25	3	C	0
24	14	1	A	0
25	7	5	C	0
26	3	5	C	0
27	15	4	C	0
28	2	3	C	0
29	15	1	A	0
30	24	4	C	0
31	25	4	C	0
32	19	3	C	0
33	11	1	A	0
34	20	5	C	0
35	13	4	C	0
36	9	2	B	0
37	8	3	C	0
38	7	5	C	0
39	2	4	C	0
40	20	5	C	0
41	9	4	C	0
42	8	4	C	0
43	11	1	A	0
44	18	3	C	0
45	23	5	C	0
46	4	3	C	0
47	6	5	C	0
48	4	3	C	0
49	18	2	B	0
50	6	3	C	0
