Class Times	5
Rooms	20
1	64	B	0
2	87	B	1
3	25	C	1
4	35	A	0
5	78	B	1
6	54	C	1
7	79	C	1
8	98	B	1
9	37	A	1
10	79	A	0
11	31	A	1
12	88	C	1
13	16	B	1
14	89	B	1
15	28	C	0
16	52	C	1
17	76	C	1
18	40	C	0
19	91	C	1
20	55	C	0
Classes	50
Teachers	25
1	12	4	C	1
2	4	2	B	1
3	11	1	A	1
4	21	3	C	0
5	21	5	C	0
6	9	1	A	0
7	11	1	A	0
8	4	3	C	0
9	18	4	C	0
10	15	2	B	0
11	9	4	C	0
12	2	1	A	0
13	6	5	C	0
14	15	5	C	0
15	25	2	B	0
16	18	3	C	0
17	8	5	C	0
18	22	3	C	0
19	20	1	A	0
20	1	1	A	0
21	25	2	B	0
22	23	4	C	0
23	22	4	C	0
24	2	1	A	0
25	3	5	C	0
26	23	2	B	0
27	12	4	C	0
28	24	1	A	0
29	3	5	C	0
30	17	1	A	0
31	16	4	C	0
32	1	4	C	0
33	16	1	A	0
34	24	3	C	0
35	13	3	C	0
36	10	3	C	0
37	17	5	C	0
38	10	2	B	0
39	20	4	C	0
40	5	1	A	0
41	6	1	A	0
42	13	3	C	0
43	5	1	A	0
44	8	4	C	0
45	14	3	C	0
46	19	5	C	0
47	19	1	A	0
48	7	3	C	0
49	14	2	B	0
50	7	3	C	0
