Class Times	5
Rooms	20
1	37	B	0
2	33	C	1
3	73	A	1
4	48	B	0
5	49	C	1
6	63	C	1
7	40	A	1
8	95	C	0
9	82	A	0
10	86	B	0
11	61	C	0
12	74	C	1
13	70	C	0
14	37	B	1
15	45	C	0
16	79	A	1
17	86	B	0
18	29	A	1
19	71	C	1
20	42	C	0
Classes	50
Teachers	25
1	5	3	C	1
2	5	1	A	1
3	13	4	C	1
4	3	3	C	0
5	4	1	A	0
6	25	3	C	0
7	3	2	B	0
8	7	4	C	0
9	19	2	B	0
10	25	3	C	0
11	9	5	C	0
12	9	4	C	0
13	23	3	C	0
14	15	3	C	0
15	18	1	A	0
16	23	2	B	0
17	6	1	A	0
18	16	1	A	0
19	2	5	C	0
20	11	3	C	0
21	8	5	C	0
22	17	1	A	0
23	15	1	A	0
24	16	4	C	0
25	19	3	C	0
26	10	5	C	0
27	21	1	A	0
28	2	2	B	0
29	4	2	B	0
30	18	2	B	0
31	20	5	C	0
32	8	4	C	0
33	14	5	C	0
34	6	4	C	0
35	10	2	B	0
36	14	5	C	0
37	24	3	C	0
38	1	4	C	0
39	11	5	C	0
40	21	2	B	0
41	12	3	C	0
42	12	3	C	0
43	7	1	A	0
44	24	4	C	0
45	22	1	A	0
46	22	1	A	0
47	1	4	C	0
48	20	1	A	0
49	13	1	A	0
50	17	4	C	0
