Students	500
1	8 10 11 38	4	2	0
2	50 41 49 35	3	5	0
3	26 27 24 20	4	4	0
4	3 34 25 8	1	-1	0
5	24 9 27 33	4	3	0
6	9 41 5 29	4	3	0
7	1 36 6 21	1	-1	0
8	3 43 25 39	1	-1	0
9	43 24 19 15	2	-1	0
10	3 31 44 33	1	-1	0
11	23 49 9 44	3	1	0
12	21 15 44 40	3	5	0
13	43 22 32 29	2	-1	0
14	21 34 12 31	4	5	0
15	1 33 12 15	1	-1	0
16	4 35 41 9	4	3	0
17	24 38 37 19	3	1	0
18	42 29 24 15	4	3	0
19	3 5 50 25	1	-1	0
20	2 6 21 50	1	-1	0
21	16 42 22 26	2	-1	0
22	23 11 40 13	2	-1	0
23	21 23 12 6	2	-1	0
24	1 5 29 10	1	-1	0
25	16 13 8 3	3	5	0
26	36 28 47 21	2	-1	0
27	28 41 24 5	2	-1	0
28	3 20 34 29	1	-1	0
29	3 25 29 27	1	-1	0
30	33 11 20 45	2	-1	0
31	2 49 33 4	1	-1	0
32	34 15 4 22	2	-1	0
33	3 18 43 7	1	-1	0
34	1 33 32 45	1	-1	0
35	30 41 7 48	3	1	0
36	1 35 9 32	1	-1	0
37	47 35 48 32	2	-1	0
38	38 44 47 8	4	2	0
39	31 27 5 39	3	3	0
40	21 36 34 33	3	1	0
41	29 33 46 39	2	-1	0
42	45 5 24 14	3	3	0
43	13 21 25 8	2	-1	0
44	1 47 18 4	1	-1	0
45	17 6 27 34	3	4	0
46	8 27 33 29	3	5	0
47	17 34 18 20	4	4	0
48	18 49 24 37	4	2	0
49	24 14 44 15	2	-1	0
50	18 21 19 32	3	3	0
51	5 8 19 42	4	4	0
52	1 14 8 39	1	-1	0
53	2 15 12 35	1	-1	0
54	8 17 47 19	4	4	0
55	9 12 38 26	2	-1	0
56	2 39 16 14	1	-1	0
57	15 30 34 43	3	3	0
58	45 9 18 39	2	-1	0
59	3 15 50 18	1	-1	0
60	42 19 47 20	4	5	0
61	1 22 14 6	1	-1	0
62	22 7 46 30	3	1	0
63	40 32 27 34	2	-1	0
64	48 18 13 11	4	4	0
65	2 49 43 15	1	-1	0
66	1 4 35 17	1	-1	0
67	12 6 17 9	3	2	0
68	33 12 5 35	3	1	0
69	5 39 28 17	3	2	0
70	34 5 36 49	2	-1	0
71	23 46 40 41	2	-1	0
72	6 38 22 43	2	-1	0
73	35 23 26 17	2	-1	0
74	1 19 48 13	1	-1	0
75	2 22 24 9	1	-1	0
76	10 6 46 42	2	-1	0
77	1 32 15 10	1	-1	0
78	26 14 12 41	4	4	0
79	11 6 7 33	2	-1	0
80	27 50 43 46	2	-1	0
81	19 12 5 20	4	4	0
82	34 17 9 30	4	5	0
83	42 16 47 45	2	-1	0
84	8 13 17 21	3	2	0
85	14 36 20 32	3	3	0
86	46 49 29 12	3	5	0
87	40 37 28 17	4	2	0
88	1 25 10 27	1	-1	1
89	1 12 23 26	1	-1	0
90	44 38 11 6	2	-1	0
91	3 20 13 8	1	-1	0
92	12 17 7 6	4	5	0
93	3 9 15 23	1	-1	0
94	4 47 41 45	4	1	0
95	37 14 32 30	2	-1	0
96	48 20 35 21	3	4	0
97	1 38 13 21	1	-1	0
98	33 34 48 11	4	4	0
99	24 17 39 42	4	2	0
100	44 50 41 19	2	-1	0
101	42 50 24 9	2	-1	0
102	42 8 20 7	3	4	0
103	31 41 10 49	2	-1	0
104	32 24 12 30	4	1	0
105	35 13 38 33	3	1	0
106	22 36 16 24	3	4	0
107	23 25 7 29	4	1	0
108	1 17 33 40	1	-1	0
109	9 29 35 36	2	-1	0
110	13 41 10 25	4	2	0
111	27 7 13 24	3	5	0
112	3 31 41 21	1	-1	0
113	13 43 25 14	2	-1	0
114	27 46 23 41	3	2	0
115	3 12 50 28	1	-1	0
116	3 32 31 23	1	-1	0
117	45 32 16 3	4	4	0
118	46 6 8 41	3	2	0
119	37 23 20 5	2	-1	0
120	18 35 21 11	4	1	0
121	43 12 7 6	2	-1	0
122	14 5 18 38	4	2	0
123	15 16 14 28	4	1	0
124	9 50 15 28	4	4	0
125	9 34 36 37	4	5	0
126	20 12 30 11	2	-1	0
127	15 50 47 32	4	3	0
128	46 13 33 49	3	1	0
129	3 12 4 36	1	-1	0
130	37 36 33 16	4	4	0
131	22 33 21 11	2	-1	0
132	2 17 8 49	1	-1	0
133	5 24 35 12	4	4	0
134	35 49 24 5	4	5	0
135	3 20 16 33	1	-1	0
136	47 2 39 30	4	2	0
137	26 7 37 46	3	5	0
138	2 23 27 14	1	-1	0
139	37 12 22 25	4	1	0
140	2 40 38 41	1	-1	0
141	13 17 15 27	4	3	0
142	18 44 46 34	2	-1	0
143	12 29 18 10	4	5	0
144	42 21 29 40	2	-1	0
145	3 18 21 13	1	-1	0
146	43 38 7 5	2	-1	0
147	1 22 8 30	1	-1	0
148	3 34 7 25	1	-1	0
149	49 10 16 13	3	5	0
150	7 31 25 17	2	-1	1
151	28 30 46 19	3	1	0
152	44 45 16 35	4	3	0
153	39 10 13 8	3	5	0
154	11 10 19 32	2	-1	0
155	49 43 16 25	4	1	0
156	17 26 19 14	3	5	0
157	25 5 4 8	2	-1	0
158	1 5 7 33	1	-1	0
159	12 50 38 44	4	2	0
160	34 49 11 24	3	3	0
161	3 39 49 9	1	-1	0
162	16 40 49 18	4	5	0
163	7 23 36 27	4	4	0
164	16 34 18 9	2	-1	0
165	10 40 8 41	3	3	0
166	1 19 24 12	1	-1	0
167	2 15 8 9	1	-1	0
168	3 4 12 18	1	-1	0
169	2 30 10 4	1	-1	0
170	48 20 30 6	3	4	0
171	9 16 32 10	2	-1	0
172	20 43 47 27	3	5	0
173	39 38 25 31	2	-1	0
174	17 44 50 27	4	1	0
175	40 9 25 43	2	-1	0
176	38 4 18 41	4	1	0
177	23 21 45 34	2	-1	0
178	1 12 19 25	1	-1	0
179	12 31 41 32	2	-1	0
180	3 28 22 34	1	-1	0
181	1 36 40 28	1	-1	0
182	39 43 25 11	3	3	0
183	34 49 16 21	3	5	0
184	3 49 32 25	1	-1	0
185	1 28 10 5	1	-1	0
186	3 28 36 40	1	-1	0
187	2 9 20 45	1	-1	0
188	2 41 39 28	1	-1	0
189	25 45 35 12	2	-1	0
190	2 32 36 10	1	-1	0
191	3 50 36 49	1	-1	0
192	9 7 21 25	3	1	0
193	11 42 6 19	4	4	0
194	4 13 38 30	3	5	0
195	1 12 31 15	1	-1	0
196	35 34 26 8	4	5	0
197	43 36 30 32	3	2	0
198	46 10 44 22	4	3	0
199	2 45 37 5	1	-1	0
200	3 18 36 19	1	-1	0
201	24 42 38 39	3	4	0
202	35 45 36 50	2	-1	0
203	3 27 36 35	1	-1	0
204	6 31 21 43	3	3	0
205	15 36 23 30	3	3	0
206	28 27 35 36	4	5	0
207	33 22 31 42	4	4	0
208	1 11 41 45	1	-1	0
209	41 40 22 46	2	-1	0
210	2 11 8 6	1	-1	0
211	32 5 9 22	3	4	0
212	7 29 9 19	2	-1	0
213	37 26 24 21	2	-1	0
214	23 39 41 32	2	-1	0
215	8 32 22 42	2	-1	0
216	18 16 28 36	4	3	0
217	23 17 36 26	4	5	0
218	24 10 31 34	3	4	0
219	11 34 6 21	4	3	0
220	48 47 28 21	4	1	0
221	17 48 18 35	4	3	0
222	1 30 49 28	1	-1	0
223	47 38 12 31	3	5	0
224	16 33 27 5	3	4	0
225	10 8 19 5	4	5	0
226	2 24 37 16	1	-1	0
227	21 11 15 50	3	2	0
228	16 12 37 40	4	3	0
229	37 30 28 20	2	-1	0
230	1 5 18 31	1	-1	0
231	3 34 13 9	1	-1	0
232	33 39 27 15	4	5	0
233	3 27 5 28	1	-1	0
234	3 38 35 50	1	-1	0
235	33 39 25 41	2	-1	0
236	3 43 13 45	1	-1	0
237	50 26 31 42	4	3	0
238	20 44 48 21	2	-1	0
239	1 48 46 9	1	-1	0
240	38 13 33 44	3	2	0
241	9 10 25 13	3	3	0
242	37 28 11 43	4	2	0
243	28 44 46 23	2	-1	0
244	49 26 40 21	4	3	0
245	8 29 43 50	3	2	0
246	14 15 50 31	3	3	0
247	13 37 38 31	3	3	0
248	24 20 26 45	3	2	0
249	14 20 47 9	2	-1	0
250	2 15 32 48	1	-1	0
251	46 44 25 37	4	1	0
252	1 32 42 10	1	-1	0
253	3 23 18 29	1	-1	0
254	23 19 34 31	4	5	0
255	3 44 42 14	1	-1	0
256	3 30 50 13	1	-1	0
257	3 46 41 28	1	-1	0
258	7 36 20 15	2	-1	0
259	8 22 29 18	2	-1	0
260	32 38 41 21	2	-1	0
261	45 12 38 19	3	3	0
262	11 50 24 13	2	-1	0
263	15 5 44 14	2	-1	0
264	25 4 36 12	4	2	0
265	44 40 5 10	4	5	0
266	1 50 46 30	1	-1	0
267	10 28 25 13	3	5	0
268	41 40 37 23	2	-1	0
269	18 39 6 29	4	5	0
270	8 28 50 48	2	-1	0
271	3 6 21 18	1	-1	0
272	15 37 46 42	4	1	0
273	14 28 9 50	2	-1	0
274	44 11 40 6	2	-1	0
275	5 49 33 28	3	5	0
276	1 41 42 14	1	-1	0
277	2 12 33 15	1	-1	0
278	1 21 13 49	1	-1	0
279	47 6 8 27	2	-1	0
280	3 28 36 21	1	-1	0
281	46 32 30 12	3	2	0
282	30 35 16 8	4	5	0
283	1 29 19 16	1	-1	0
284	6 17 27 20	3	3	0
285	49 26 20 4	3	5	0
286	2 33 42 36	1	-1	0
287	2 36 42 27	1	-1	0
288	15 35 5 10	3	4	0
289	18 31 39 4	3	4	0
290	19 31 35 9	4	1	0
291	10 31 27 39	3	1	0
292	7 15 35 29	4	2	0
293	14 7 48 50	4	2	0
294	3 32 34 31	1	-1	0
295	35 30 43 11	4	1	0
296	25 35 18 37	2	-1	0
297	26 7 39 20	3	4	0
298	3 7 31 48	1	-1	0
299	38 48 30 18	3	4	0
300	13 47 31 48	4	5	0
301	22 4 13 8	4	2	0
302	1 39 49 47	1	-1	0
303	19 45 29 48	3	2	0
304	34 47 5 17	4	4	0
305	18 50 10 38	3	3	0
306	1 22 20 17	1	-1	0
307	8 35 30 34	4	1	0
308	27 18 7 30	3	2	0
309	5 27 46 45	2	-1	0
310	48 28 10 9	4	3	0
311	1 8 44 30	1	-1	0
312	50 24 31 30	4	4	0
313	46 14 31 45	4	5	0
314	2 4 34 48	1	-1	0
315	29 21 47 23	3	4	0
316	2 4 33 20	1	-1	0
317	33 28 30 12	3	3	0
318	2 47 17 12	1	-1	0
319	43 36 38 11	3	1	0
320	47 27 4 22	2	-1	0
321	37 50 41 6	2	-1	0
322	8 29 19 5	4	1	0
323	16 43 7 11	4	5	0
324	31 23 29 46	4	4	0
325	1 21 47 17	1	-1	0
326	40 4 10 22	2	-1	0
327	50 30 42 40	4	1	0
328	31 29 49 16	4	1	0
329	10 18 44 14	3	5	0
330	12 11 34 10	3	1	0
331	17 33 40 8	2	-1	0
332	8 50 22 16	2	-1	0
333	6 36 46 20	4	4	0
334	3 45 9 36	1	-1	0
335	40 15 46 41	2	-1	0
336	3 8 22 35	1	-1	0
337	18 7 39 6	3	4	0
338	3 28 33 8	1	-1	0
339	45 30 46 9	4	4	0
340	2 7 9 13	1	-1	0
341	17 25 13 14	4	1	0
342	47 37 39 3	4	2	0
343	36 28 7 40	3	1	0
344	20 40 41 49	4	4	0
345	41 22 16 46	2	-1	0
346	49 32 48 36	2	-1	0
347	14 36 35 41	3	5	0
348	35 45 19 33	2	-1	0
349	36 34 49 12	4	2	0
350	47 43 11 21	4	5	0
351	37 12 47 18	3	4	0
352	45 7 30 47	4	1	0
353	38 8 35 49	3	4	0
354	39 36 50 40	4	3	0
355	28 48 47 10	3	1	0
356	36 15 13 50	4	4	0
357	2 15 47 32	1	-1	0
358	48 41 49 45	4	3	0
359	21 23 30 7	2	-1	0
360	1 50 45 33	1	-1	0
361	37 9 39 4	2	-1	0
362	29 4 47 23	3	2	0
363	25 47 26 46	3	5	0
364	4 35 7 11	2	-1	0
365	1 48 49 16	1	-1	0
366	30 40 34 20	4	3	0
367	25 46 24 8	2	-1	0
368	42 22 16 41	2	-1	0
369	41 33 28 35	2	-1	0
370	2 25 36 17	1	-1	0
371	39 12 34 6	4	2	0
372	18 9 47 16	4	3	0
373	6 20 11 27	2	-1	0
374	31 33 38 24	4	3	0
375	37 27 28 35	4	3	0
376	41 4 23 19	3	2	0
377	37 28 18 15	4	4	0
378	50 36 24 49	4	5	0
379	21 23 19 38	4	4	0
380	1 27 7 40	1	-1	0
381	3 37 29 41	1	-1	0
382	44 30 5 37	2	-1	0
383	47 38 36 12	3	5	0
384	20 27 15 18	3	1	0
385	38 10 41 9	3	3	0
386	3 43 10 47	1	-1	0
387	19 36 49 20	3	4	0
388	34 10 11 22	3	4	0
389	2 44 25 26	1	-1	0
390	15 5 32 22	4	3	0
391	2 32 9 7	1	-1	0
392	1 37 50 10	1	-1	0
393	25 40 38 24	3	1	0
394	17 37 18 9	3	3	0
395	1 36 35 15	1	-1	0
396	3 37 29 21	1	-1	0
397	40 7 41 12	2	-1	0
398	31 46 27 29	4	2	0
399	16 42 7 28	4	2	0
400	1 38 25 5	1	-1	0
401	39 42 46 21	2	-1	0
402	48 6 26 34	4	4	0
403	2 23 8 26	1	-1	0
404	31 10 15 20	2	-1	0
405	12 8 35 40	4	2	0
406	10 4 11 38	4	2	0
407	2 33 22 25	1	-1	0
408	46 7 31 16	3	1	0
409	1 43 31 50	1	-1	0
410	7 32 28 26	4	5	0
411	14 41 6 17	4	5	0
412	10 49 17 4	4	5	0
413	11 39 10 36	4	2	0
414	35 6 36 4	3	4	0
415	27 16 37 7	3	4	0
416	1 44 38 49	1	-1	0
417	44 11 23 16	3	2	0
418	41 9 29 47	4	1	0
419	1 11 36 15	1	-1	0
420	30 45 32 49	2	-1	0
421	25 4 36 24	2	-1	0
422	1 5 23 24	1	-1	0
423	1 19 45 21	1	-1	0
424	46 15 29 31	2	-1	0
425	1 14 34 25	1	-1	0
426	32 13 46 15	4	4	0
427	49 30 48 41	2	-1	0
428	1 34 47 4	1	-1	0
429	35 27 41 32	2	-1	0
430	7 43 28 14	3	4	0
431	24 32 47 28	2	-1	0
432	35 47 8 17	2	-1	0
433	2 28 50 19	1	-1	0
434	35 32 21 25	2	-1	0
435	10 33 8 35	4	2	0
436	14 17 41 43	3	1	0
437	11 33 37 10	3	5	0
438	1 17 47 48	1	-1	0
439	43 49 32 40	4	5	0
440	14 31 46 22	2	-1	0
441	47 10 28 18	2	-1	0
442	32 23 37 10	3	1	0
443	23 25 50 37	2	-1	0
444	2 15 48 5	1	-1	0
445	38 18 43 16	4	2	0
446	8 13 22 40	4	4	0
447	7 40 25 5	2	-1	0
448	4 38 49 48	4	4	0
449	16 40 39 45	2	-1	0
450	48 22 44 37	2	-1	0
451	37 26 9 5	4	2	0
452	6 42 22 14	4	2	0
453	18 14 5 31	2	-1	0
454	14 6 16 18	4	4	0
455	14 34 40 31	4	4	0
456	2 47 33 9	1	-1	0
457	37 30 44 42	2	-1	0
458	18 36 48 37	2	-1	0
459	3 32 16 21	1	-1	0
460	44 10 31 21	4	4	0
461	1 21 25 11	1	-1	0
462	1 25 18 8	1	-1	0
463	31 14 27 24	4	2	0
464	35 30 13 48	2	-1	0
465	13 10 9 11	4	4	0
466	2 34 49 20	1	-1	0
467	3 13 8 7	1	-1	0
468	41 27 50 46	2	-1	0
469	40 8 16 27	3	2	0
470	47 23 11 45	2	-1	0
471	16 22 5 25	3	4	0
472	33 15 18 48	2	-1	0
473	43 25 34 38	3	5	0
474	10 7 20 36	2	-1	0
475	6 21 9 37	3	2	0
476	1 7 44 11	1	-1	0
477	45 24 19 29	2	-1	0
478	1 45 40 6	1	-1	0
479	20 46 10 25	3	5	0
480	8 18 41 5	3	2	0
481	16 42 47 8	3	5	0
482	37 8 2 25	2	-1	0
483	36 37 20 50	3	2	0
484	10 16 20 44	4	1	0
485	10 17 45 15	4	5	0
486	34 36 5 42	2	-1	0
487	49 24 27 39	2	-1	0
488	14 43 36 5	4	2	0
489	38 15 43 28	4	2	0
490	1 38 12 23	1	-1	0
491	22 34 6 30	4	2	0
492	38 22 39 8	2	-1	0
493	13 41 12 32	3	5	0
494	8 15 13 50	4	2	0
495	1 5 27 21	1	-1	0
496	3 24 50 6	1	-1	0
497	3 37 35 21	1	-1	0
498	26 50 32 23	2	-1	0
499	1 13 34 27	1	-1	0
500	43 24 48 19	2	-1	0
