Class Times	5
Rooms	40
1	39	A	0
2	24	B	0
3	58	C	0
4	20	C	0
5	69	A	0
6	93	B	1
7	11	C	0
8	26	C	0
9	44	A	1
10	33	A	0
11	30	C	1
12	62	C	1
13	82	C	1
14	55	A	1
15	79	B	0
16	87	A	1
17	86	A	1
18	28	A	0
19	77	C	0
20	16	A	1
21	74	C	1
22	23	C	1
23	17	C	0
24	90	B	0
25	95	A	1
26	55	B	1
27	68	A	0
28	10	C	0
29	92	A	1
30	54	C	0
31	33	A	0
32	20	C	1
33	97	A	1
34	57	B	1
35	88	A	0
36	55	C	1
37	47	C	0
38	44	B	1
39	14	C	1
40	54	A	0
Classes	200
Teachers	100
1	33	3	C	1
2	80	3	C	1
3	3	1	A	1
4	30	1	A	1
5	15	2	B	1
6	72	4	C	1
7	84	2	B	1
8	60	4	C	1
9	58	2	B	1
10	23	1	A	1
11	22	2	B	0
12	6	4	C	0
13	23	1	A	0
14	88	3	C	0
15	70	2	B	0
16	2	1	A	0
17	7	1	A	0
18	97	3	C	0
19	74	2	B	0
20	86	2	B	0
21	69	1	A	0
22	94	3	C	0
23	90	1	A	0
24	63	4	C	0
25	68	4	C	0
26	2	3	C	0
27	11	3	C	0
28	56	4	C	0
29	25	4	C	0
30	74	2	B	0
31	89	1	A	0
32	99	2	B	0
33	6	2	B	0
34	30	3	C	0
35	20	1	A	0
36	84	3	C	0
37	26	2	B	0
38	80	1	A	0
39	82	4	C	0
40	18	2	B	0
41	58	1	A	0
42	59	3	C	0
43	14	4	C	0
44	43	4	C	0
45	56	4	C	0
46	31	2	B	0
47	51	1	A	0
48	7	1	A	0
49	97	1	A	0
50	5	3	C	0
51	34	4	C	0
52	13	3	C	0
53	51	2	B	0
54	24	3	C	0
55	69	2	B	0
56	24	3	C	0
57	75	2	B	0
58	45	2	B	0
59	39	1	A	0
60	63	4	C	0
61	68	1	A	0
62	37	1	A	0
63	13	1	A	0
64	85	1	A	0
65	83	3	C	0
66	9	4	C	0
67	4	4	C	0
68	43	4	C	0
69	66	1	A	0
70	60	3	C	0
71	87	2	B	0
72	35	4	C	0
73	39	2	B	0
74	75	2	B	0
75	17	1	A	0
76	85	3	C	0
77	93	4	C	0
78	20	1	A	0
79	53	1	A	0
80	16	3	C	0
81	89	2	B	0
82	81	4	C	0
83	46	1	A	0
84	91	3	C	0
85	1	3	C	0
86	66	2	B	0
87	55	3	C	0
88	31	4	C	0
89	15	1	A	0
90	11	1	A	0
91	14	1	A	0
92	79	2	B	0
93	93	2	B	0
94	44	3	C	0
95	50	1	A	0
96	42	2	B	0
97	76	1	A	0
98	72	2	B	0
99	61	3	C	0
100	22	4	C	0
101	70	4	C	0
102	55	3	C	0
103	82	3	C	0
104	45	4	C	0
105	92	4	C	0
106	29	1	A	0
107	62	3	C	0
108	54	2	B	0
109	17	1	A	0
110	9	3	C	0
111	76	2	B	0
112	33	4	C	0
113	29	4	C	0
114	21	1	A	0
115	36	3	C	0
116	95	2	B	0
117	81	4	C	0
118	95	2	B	0
119	100	2	B	0
120	18	4	C	0
121	16	4	C	0
122	12	2	B	0
123	73	1	A	0
124	99	2	B	0
125	77	4	C	0
126	32	4	C	0
127	83	2	B	0
128	10	1	A	0
129	27	4	C	0
130	54	3	C	0
131	71	2	B	0
132	94	2	B	0
133	67	3	C	0
134	67	1	A	0
135	34	3	C	0
136	25	1	A	0
137	86	2	B	0
138	48	4	C	0
139	35	4	C	0
140	50	2	B	0
141	92	2	B	0
142	3	3	C	0
143	49	4	C	0
144	10	4	C	0
145	12	2	B	0
146	65	2	B	0
147	4	2	B	0
148	27	2	B	0
149	53	3	C	0
150	32	3	C	0
151	8	1	A	0
152	5	2	B	0
153	57	2	B	0
154	36	3	C	0
155	61	3	C	0
156	47	2	B	0
157	44	1	A	0
158	64	3	C	0
159	1	3	C	0
160	21	2	B	0
161	48	4	C	0
162	88	2	B	0
163	46	2	B	0
164	47	1	A	0
165	96	2	B	0
166	65	1	A	0
167	90	2	B	0
168	73	3	C	0
169	40	4	C	0
170	79	3	C	0
171	52	4	C	0
172	64	4	C	0
173	28	1	A	0
174	37	2	B	0
175	57	2	B	0
176	8	4	C	0
177	91	1	A	0
178	42	4	C	0
179	19	4	C	0
180	28	4	C	0
181	77	3	C	0
182	87	4	C	0
183	26	1	A	0
184	38	4	C	0
185	59	1	A	0
186	98	2	B	0
187	19	1	A	0
188	41	4	C	0
189	49	2	B	0
190	78	1	A	0
191	100	4	C	0
192	38	1	A	0
193	62	4	C	0
194	78	4	C	0
195	52	2	B	0
196	71	4	C	0
197	96	4	C	0
198	41	3	C	0
199	98	1	A	0
200	40	2	B	0
