Class Times	5
Rooms	40
1	44	C	1
2	28	C	1
3	36	A	0
4	90	B	1
5	60	B	0
6	88	B	1
7	19	B	0
8	89	A	1
9	62	C	0
10	45	C	0
11	18	A	1
12	23	B	0
13	97	A	1
14	99	B	0
15	25	C	0
16	52	B	0
17	73	C	0
18	29	C	0
19	80	A	1
20	15	C	1
21	99	C	0
22	97	B	1
23	95	B	1
24	67	C	0
25	57	B	1
26	27	B	1
27	97	A	0
28	12	B	1
29	84	A	0
30	65	B	0
31	45	B	1
32	80	B	1
33	42	B	0
34	52	B	1
35	23	A	0
36	48	A	1
37	32	B	1
38	87	B	1
39	34	B	0
40	19	A	1
Classes	200
Teachers	100
1	89	1	A	1
2	54	4	C	1
3	89	1	A	1
4	56	2	B	1
5	20	4	C	1
6	1	4	C	1
7	68	2	B	1
8	95	2	B	1
9	14	2	B	1
10	20	3	C	1
11	21	1	A	0
12	57	1	A	0
13	84	4	C	0
14	33	2	B	0
15	31	4	C	0
16	94	2	B	0
17	63	1	A	0
18	81	3	C	0
19	42	4	C	0
20	15	4	C	0
21	52	4	C	0
22	40	4	C	0
23	5	4	C	0
24	40	4	C	0
25	95	1	A	0
26	70	3	C	0
27	41	3	C	0
28	21	1	A	0
29	64	3	C	0
30	47	1	A	0
31	91	4	C	0
32	27	1	A	0
33	84	1	A	0
34	78	4	C	0
35	32	2	B	0
36	65	4	C	0
37	61	1	A	0
38	12	1	A	0
39	50	3	C	0
40	76	1	A	0
41	70	2	B	0
42	34	2	B	0
43	57	2	B	0
44	79	4	C	0
45	10	4	C	0
46	97	3	C	0
47	44	2	B	0
48	9	4	C	0
49	81	3	C	0
50	33	4	C	0
51	27	1	A	0
52	76	3	C	0
53	69	4	C	0
54	80	4	C	0
55	25	3	C	0
56	78	2	B	0
57	88	2	B	0
58	2	1	A	0
59	65	2	B	0
60	93	2	B	0
61	48	4	C	0
62	37	4	C	0
63	87	2	B	0
64	32	3	C	0
65	19	2	B	0
66	87	1	A	0
67	63	2	B	0
68	64	1	A	0
69	56	2	B	0
70	74	1	A	0
71	99	3	C	0
72	24	4	C	0
73	49	3	C	0
74	37	1	A	0
75	75	2	B	0
76	22	3	C	0
77	86	3	C	0
78	73	1	A	0
79	22	1	A	0
80	85	3	C	0
81	91	2	B	0
82	99	2	B	0
83	71	3	C	0
84	7	3	C	0
85	2	2	B	0
86	62	4	C	0
87	12	1	A	0
88	96	1	A	0
89	59	1	A	0
90	62	1	A	0
91	71	2	B	0
92	90	1	A	0
93	100	2	B	0
94	9	3	C	0
95	1	4	C	0
96	39	3	C	0
97	75	1	A	0
98	16	2	B	0
99	51	1	A	0
100	96	4	C	0
101	49	1	A	0
102	93	2	B	0
103	42	4	C	0
104	92	2	B	0
105	43	2	B	0
106	24	3	C	0
107	55	4	C	0
108	17	3	C	0
109	6	3	C	0
110	34	2	B	0
111	29	1	A	0
112	39	2	B	0
113	4	4	C	0
114	18	3	C	0
115	88	3	C	0
116	10	1	A	0
117	50	4	C	0
118	5	2	B	0
119	85	1	A	0
120	45	2	B	0
121	43	4	C	0
122	51	3	C	0
123	60	2	B	0
124	25	1	A	0
125	77	1	A	0
126	100	3	C	0
127	18	2	B	0
128	98	3	C	0
129	74	2	B	0
130	31	3	C	0
131	97	4	C	0
132	77	4	C	0
133	36	2	B	0
134	47	3	C	0
135	90	3	C	0
136	54	2	B	0
137	4	3	C	0
138	16	1	A	0
139	92	4	C	0
140	66	1	A	0
141	19	4	C	0
142	48	2	B	0
143	3	2	B	0
144	98	4	C	0
145	41	3	C	0
146	82	3	C	0
147	15	3	C	0
148	44	3	C	0
149	55	2	B	0
150	58	2	B	0
151	52	2	B	0
152	8	4	C	0
153	80	2	B	0
154	61	2	B	0
155	7	1	A	0
156	79	2	B	0
157	26	1	A	0
158	11	1	A	0
159	28	1	A	0
160	36	3	C	0
161	3	4	C	0
162	67	2	B	0
163	46	1	A	0
164	14	2	B	0
165	45	1	A	0
166	13	2	B	0
167	53	3	C	0
168	68	1	A	0
169	11	3	C	0
170	13	2	B	0
171	86	2	B	0
172	35	4	C	0
173	60	1	A	0
174	53	3	C	0
175	46	3	C	0
176	72	3	C	0
177	38	3	C	0
178	72	4	C	0
179	67	3	C	0
180	8	2	B	0
181	28	3	C	0
182	38	1	A	0
183	17	2	B	0
184	73	2	B	0
185	26	2	B	0
186	23	2	B	0
187	6	4	C	0
188	83	3	C	0
189	94	4	C	0
190	59	2	B	0
191	23	3	C	0
192	35	2	B	0
193	66	3	C	0
194	83	4	C	0
195	30	3	C	0
196	82	1	A	0
197	29	4	C	0
198	30	1	A	0
199	69	4	C	0
200	58	2	B	0
