Class Times	5
Rooms	40
1	17	B	1
2	11	A	1
3	47	B	0
4	81	B	0
5	45	B	0
6	75	B	1
7	53	B	0
8	22	A	1
9	17	C	1
10	96	A	0
11	72	A	0
12	30	A	0
13	72	A	0
14	83	C	0
15	34	B	1
16	36	A	0
17	50	A	1
18	47	A	0
19	89	C	1
20	96	A	1
21	39	A	0
22	58	A	0
23	97	B	0
24	66	A	1
25	51	C	1
26	65	C	0
27	89	C	1
28	44	A	1
29	59	B	1
30	54	A	1
31	67	B	0
32	21	C	0
33	59	B	1
34	39	B	1
35	51	B	1
36	86	A	0
37	16	A	1
38	45	B	1
39	94	B	0
40	84	B	1
Classes	200
Teachers	100
1	88	1	A	1
2	74	2	B	1
3	2	4	C	1
4	1	2	B	1
5	96	3	C	1
6	49	3	C	1
7	21	3	C	1
8	65	3	C	1
9	94	2	B	1
10	59	4	C	1
11	39	3	C	0
12	13	4	C	0
13	57	2	B	0
14	38	1	A	0
15	36	3	C	0
16	11	3	C	0
17	12	4	C	0
18	91	4	C	0
19	24	2	B	0
20	40	2	B	0
21	94	3	C	0
22	39	1	A	0
23	52	1	A	0
24	19	1	A	0
25	20	2	B	0
26	92	3	C	0
27	18	3	C	0
28	10	2	B	0
29	81	4	C	0
30	15	4	C	0
31	76	4	C	0
32	80	1	A	0
33	71	2	B	0
34	67	3	C	0
35	99	4	C	0
36	99	4	C	0
37	11	2	B	0
38	41	4	C	0
39	13	1	A	0
40	15	3	C	0
41	49	2	B	0
42	86	3	C	0
43	58	3	C	0
44	76	3	C	0
45	14	2	B	0
46	69	2	B	0
47	7	4	C	0
48	46	4	C	0
49	92	2	B	0
50	93	2	B	0
51	75	2	B	0
52	12	1	A	0
53	41	2	B	0
54	18	2	B	0
55	67	2	B	0
56	66	2	B	0
57	22	3	C	0
58	21	2	B	0
59	83	4	C	0
60	95	1	A	0
61	32	3	C	0
62	42	4	C	0
63	27	4	C	0
64	55	2	B	0
65	36	1	A	0
66	32	2	B	0
67	5	1	A	0
68	93	3	C	0
69	82	4	C	0
70	9	4	C	0
71	7	1	A	0
72	55	3	C	0
73	53	1	A	0
74	37	2	B	0
75	23	2	B	0
76	89	2	B	0
77	3	1	A	0
78	42	1	A	0
79	61	4	C	0
80	28	4	C	0
81	79	3	C	0
82	26	1	A	0
83	66	3	C	0
84	16	4	C	0
85	58	1	A	0
86	56	2	B	0
87	97	1	A	0
88	84	2	B	0
89	100	2	B	0
90	95	4	C	0
91	77	4	C	0
92	89	2	B	0
93	54	1	A	0
94	50	4	C	0
95	68	3	C	0
96	1	4	C	0
97	87	1	A	0
98	88	1	A	0
99	72	3	C	0
100	96	1	A	0
101	81	1	A	0
102	25	1	A	0
103	38	4	C	0
104	91	3	C	0
105	71	4	C	0
106	90	2	B	0
107	26	4	C	0
108	97	2	B	0
109	5	2	B	0
110	98	2	B	0
111	14	1	A	0
112	77	4	C	0
113	22	4	C	0
114	3	3	C	0
115	46	4	C	0
116	78	1	A	0
117	40	4	C	0
118	23	1	A	0
119	75	1	A	0
120	45	4	C	0
121	2	3	C	0
122	52	2	B	0
123	69	2	B	0
124	45	1	A	0
125	43	3	C	0
126	44	4	C	0
127	28	4	C	0
128	50	3	C	0
129	29	2	B	0
130	10	3	C	0
131	47	1	A	0
132	17	4	C	0
133	68	1	A	0
134	29	3	C	0
135	100	3	C	0
136	83	1	A	0
137	25	2	B	0
138	17	4	C	0
139	64	4	C	0
140	53	2	B	0
141	57	4	C	0
142	47	1	A	0
143	6	1	A	0
144	60	1	A	0
145	54	1	A	0
146	43	2	B	0
147	27	2	B	0
148	73	2	B	0
149	37	1	A	0
150	24	1	A	0
151	64	1	A	0
152	98	2	B	0
153	16	4	C	0
154	65	2	B	0
155	9	3	C	0
156	34	3	C	0
157	44	4	C	0
158	20	3	C	0
159	30	2	B	0
160	33	1	A	0
161	74	3	C	0
162	90	3	C	0
163	84	4	C	0
164	79	3	C	0
165	34	2	B	0
166	70	1	A	0
167	48	2	B	0
168	60	3	C	0
169	56	4	C	0
170	73	1	A	0
171	35	2	B	0
172	8	2	B	0
173	61	3	C	0
174	31	2	B	0
175	85	1	A	0
176	86	3	C	0
177	70	2	B	0
178	59	3	C	0
179	6	1	A	0
180	8	1	A	0
181	63	2	B	0
182	35	3	C	0
183	63	1	A	0
184	80	3	C	0
185	33	4	C	0
186	87	3	C	0
187	78	1	A	0
188	82	2	B	0
189	48	3	C	0
190	62	1	A	0
191	31	4	C	0
192	72	1	A	0
193	30	2	B	0
194	85	3	C	0
195	62	2	B	0
196	19	2	B	0
197	4	3	C	0
198	4	1	A	0
199	51	1	A	0
200	51	3	C	0
