Class Times	5
Rooms	10
1	64	B	1
2	29	A	0
3	33	C	0
4	65	C	1
5	39	B	0
6	12	B	1
7	33	C	1
8	50	A	0
9	66	A	0
10	50	C	1
Classes	400
Teachers	200
1	55	5	C	1
2	49	3	C	1
3	188	3	C	1
4	36	3	C	1
5	83	3	C	1
6	145	4	C	1
7	21	1	A	1
8	127	1	A	1
9	167	3	C	1
10	21	5	C	1
11	118	1	A	1
12	154	5	C	1
13	196	1	A	1
14	81	2	B	1
15	178	1	A	1
16	123	5	C	1
17	13	4	C	1
18	179	3	C	1
19	31	2	B	1
20	34	5	C	1
21	19	2	B	0
22	143	1	A	0
23	65	1	A	0
24	81	4	C	0
25	129	4	C	0
26	44	2	B	0
27	30	3	C	0
28	10	2	B	0
29	167	2	B	0
30	107	5	C	0
31	83	4	C	0
32	56	4	C	0
33	72	4	C	0
34	153	3	C	0
35	197	1	A	0
36	12	4	C	0
37	172	5	C	0
38	194	1	A	0
39	38	3	C	0
40	109	1	A	0
41	126	2	B	0
42	162	2	B	0
43	139	1	A	0
44	107	4	C	0
45	68	1	A	0
46	80	2	B	0
47	54	3	C	0
48	76	5	C	0
49	92	2	B	0
50	64	4	C	0
51	133	3	C	0
52	1	4	C	0
53	47	3	C	0
54	60	2	B	0
55	109	2	B	0
56	36	3	C	0
57	48	2	B	0
58	58	4	C	0
59	12	1	A	0
60	86	5	C	0
61	156	1	A	0
62	186	3	C	0
63	82	3	C	0
64	18	3	C	0
65	105	2	B	0
66	137	3	C	0
67	100	3	C	0
68	50	1	A	0
69	68	4	C	0
70	118	3	C	0
71	90	1	A	0
72	157	2	B	0
73	172	1	A	0
74	115	2	B	0
75	141	5	C	0
76	114	4	C	0
77	11	4	C	0
78	181	2	B	0
79	161	5	C	0
80	85	3	C	0
81	188	2	B	0
82	130	1	A	0
83	20	5	C	0
84	122	5	C	0
85	89	4	C	0
86	120	5	C	0
87	193	5	C	0
88	24	5	C	0
89	2	4	C	0
90	52	4	C	0
91	56	1	A	0
92	142	1	A	0
93	30	3	C	0
94	99	5	C	0
95	111	2	B	0
96	170	1	A	0
97	180	3	C	0
98	4	3	C	0
99	195	5	C	0
100	55	3	C	0
101	54	3	C	0
102	26	3	C	0
103	26	1	A	0
104	27	3	C	0
105	44	4	C	0
106	43	1	A	0
107	92	3	C	0
108	121	5	C	0
109	58	5	C	0
110	25	3	C	0
111	53	4	C	0
112	122	1	A	0
113	126	3	C	0
114	99	4	C	0
115	50	4	C	0
116	140	1	A	0
117	23	2	B	0
118	137	2	B	0
119	154	2	B	0
120	146	5	C	0
121	155	2	B	0
122	152	2	B	0
123	59	1	A	0
124	156	4	C	0
125	29	2	B	0
126	164	5	C	0
127	9	4	C	0
128	177	5	C	0
129	189	3	C	0
130	165	2	B	0
131	27	1	A	0
132	39	4	C	0
133	100	3	C	0
134	80	1	A	0
135	41	2	B	0
136	128	5	C	0
137	179	4	C	0
138	115	3	C	0
139	17	2	B	0
140	198	3	C	0
141	169	1	A	0
142	182	1	A	0
143	41	4	C	0
144	131	5	C	0
145	63	1	A	0
146	141	2	B	0
147	140	2	B	0
148	165	4	C	0
149	186	5	C	0
150	144	5	C	0
151	74	5	C	0
152	5	4	C	0
153	196	4	C	0
154	130	3	C	0
155	74	4	C	0
156	169	2	B	0
157	34	4	C	0
158	79	3	C	0
159	112	3	C	0
160	59	3	C	0
161	132	4	C	0
162	95	4	C	0
163	23	3	C	0
164	185	5	C	0
165	8	4	C	0
166	64	4	C	0
167	33	1	A	0
168	15	4	C	0
169	116	2	B	0
170	125	4	C	0
171	66	1	A	0
172	183	4	C	0
173	33	3	C	0
174	192	3	C	0
175	79	3	C	0
176	157	4	C	0
177	70	2	B	0
178	52	4	C	0
179	47	3	C	0
180	7	4	C	0
181	2	1	A	0
182	1	1	A	0
183	173	4	C	0
184	151	5	C	0
185	139	4	C	0
186	40	2	B	0
187	51	1	A	0
188	43	2	B	0
189	37	1	A	0
190	145	5	C	0
191	103	4	C	0
192	143	2	B	0
193	13	5	C	0
194	101	5	C	0
195	63	5	C	0
196	6	5	C	0
197	153	1	A	0
198	182	2	B	0
199	51	5	C	0
200	16	2	B	0
201	45	4	C	0
202	144	1	A	0
203	159	4	C	0
204	87	5	C	0
205	159	2	B	0
206	29	1	A	0
207	170	2	B	0
208	142	1	A	0
209	106	2	B	0
210	200	5	C	0
211	129	1	A	0
212	19	3	C	0
213	78	2	B	0
214	185	1	A	0
215	173	5	C	0
216	149	1	A	0
217	69	3	C	0
218	110	5	C	0
219	4	1	A	0
220	17	1	A	0
221	168	3	C	0
222	105	3	C	0
223	76	2	B	0
224	135	5	C	0
225	53	4	C	0
226	95	5	C	0
227	103	3	C	0
228	132	3	C	0
229	35	5	C	0
230	75	1	A	0
231	123	2	B	0
232	46	4	C	0
233	191	4	C	0
234	102	5	C	0
235	62	2	B	0
236	199	2	B	0
237	117	2	B	0
238	73	3	C	0
239	124	1	A	0
240	24	5	C	0
241	152	1	A	0
242	146	4	C	0
243	183	1	A	0
244	94	2	B	0
245	60	5	C	0
246	6	4	C	0
247	195	5	C	0
248	193	1	A	0
249	42	4	C	0
250	124	2	B	0
251	192	2	B	0
252	93	2	B	0
253	40	4	C	0
254	31	1	A	0
255	161	5	C	0
256	120	2	B	0
257	5	2	B	0
258	121	1	A	0
259	45	3	C	0
260	162	2	B	0
261	166	2	B	0
262	49	3	C	0
263	93	4	C	0
264	119	2	B	0
265	96	1	A	0
266	84	3	C	0
267	134	2	B	0
268	35	1	A	0
269	48	2	B	0
270	166	4	C	0
271	89	2	B	0
272	57	5	C	0
273	61	4	C	0
274	113	3	C	0
275	38	5	C	0
276	189	3	C	0
277	171	4	C	0
278	114	4	C	0
279	85	4	C	0
280	96	4	C	0
281	138	1	A	0
282	88	3	C	0
283	175	3	C	0
284	200	5	C	0
285	42	4	C	0
286	15	1	A	0
287	119	2	B	0
288	181	4	C	0
289	168	4	C	0
290	75	2	B	0
291	65	1	A	0
292	134	5	C	0
293	101	5	C	0
294	71	2	B	0
295	7	1	A	0
296	18	5	C	0
297	111	4	C	0
298	90	5	C	0
299	102	4	C	0
300	198	2	B	0
301	72	1	A	0
302	113	5	C	0
303	117	5	C	0
304	163	4	C	0
305	178	3	C	0
306	39	4	C	0
307	97	5	C	0
308	138	4	C	0
309	104	1	A	0
310	131	4	C	0
311	108	1	A	0
312	184	2	B	0
313	67	5	C	0
314	158	2	B	0
315	57	1	A	0
316	71	2	B	0
317	199	4	C	0
318	158	1	A	0
319	88	1	A	0
320	20	5	C	0
321	69	3	C	0
322	87	3	C	0
323	61	3	C	0
324	160	1	A	0
325	164	1	A	0
326	150	2	B	0
327	25	3	C	0
328	37	3	C	0
329	174	2	B	0
330	184	4	C	0
331	84	2	B	0
332	62	2	B	0
333	106	2	B	0
334	149	4	C	0
335	151	5	C	0
336	14	5	C	0
337	197	3	C	0
338	82	4	C	0
339	187	1	A	0
340	125	1	A	0
341	148	3	C	0
342	9	2	B	0
343	94	4	C	0
344	128	2	B	0
345	66	1	A	0
346	32	2	B	0
347	98	3	C	0
348	191	3	C	0
349	175	1	A	0
350	148	3	C	0
351	46	3	C	0
352	174	2	B	0
353	116	4	C	0
354	187	4	C	0
355	91	1	A	0
356	11	3	C	0
357	171	5	C	0
358	136	4	C	0
359	190	5	C	0
360	78	3	C	0
361	147	4	C	0
362	180	4	C	0
363	67	3	C	0
364	160	1	A	0
365	70	4	C	0
366	91	1	A	0
367	163	1	A	0
368	194	3	C	0
369	136	4	C	0
370	190	2	B	0
371	112	4	C	0
372	28	1	A	0
373	110	1	A	0
374	14	2	B	0
375	176	5	C	0
376	176	4	C	0
377	150	5	C	0
378	135	4	C	0
379	177	4	C	0
380	155	3	C	0
381	28	3	C	0
382	97	5	C	0
383	108	5	C	0
384	16	4	C	0
385	77	4	C	0
386	104	1	A	0
387	8	4	C	0
388	98	3	C	0
389	77	1	A	0
390	22	2	B	0
391	73	4	C	0
392	127	2	B	0
393	3	5	C	0
394	147	5	C	0
395	22	3	C	0
396	133	4	C	0
397	10	3	C	0
398	32	2	B	0
399	3	5	C	0
400	86	4	C	0
