Class Times	5
Rooms	10
1	52	C	0
2	89	C	1
3	81	B	0
4	28	A	1
5	19	C	0
6	19	C	0
7	45	C	0
8	40	C	1
9	66	A	0
10	17	B	0
Classes	400
Teachers	200
1	197	1	A	1
2	190	1	A	1
3	28	1	A	1
4	82	5	C	1
5	55	4	C	1
6	2	5	C	1
7	69	1	A	1
8	61	3	C	1
9	85	1	A	1
10	178	2	B	1
11	152	1	A	1
12	197	5	C	1
13	169	2	B	1
14	69	2	B	1
15	23	2	B	1
16	22	2	B	1
17	47	1	A	1
18	25	4	C	1
19	130	1	A	1
20	17	3	C	1
21	95	4	C	0
22	76	5	C	0
23	92	2	B	0
24	39	4	C	0
25	189	2	B	0
26	92	2	B	0
27	95	3	C	0
28	68	4	C	0
29	174	5	C	0
30	165	1	A	0
31	82	4	C	0
32	61	4	C	0
33	85	4	C	0
34	45	1	A	0
35	49	2	B	0
36	111	4	C	0
37	190	4	C	0
38	93	3	C	0
39	170	5	C	0
40	150	4	C	0
41	45	3	C	0
42	117	4	C	0
43	158	3	C	0
44	26	2	B	0
45	109	4	C	0
46	195	5	C	0
47	166	5	C	0
48	4	2	B	0
49	44	2	B	0
50	78	4	C	0
51	50	3	C	0
52	64	3	C	0
53	80	5	C	0
54	90	2	B	0
55	199	3	C	0
56	171	4	C	0
57	40	5	C	0
58	44	4	C	0
59	116	5	C	0
60	177	5	C	0
61	125	3	C	0
62	6	2	B	0
63	150	3	C	0
64	175	4	C	0
65	74	5	C	0
66	128	5	C	0
67	65	2	B	0
68	160	4	C	0
69	3	1	A	0
70	185	3	C	0
71	19	3	C	0
72	166	2	B	0
73	153	5	C	0
74	198	2	B	0
75	2	5	C	0
76	80	2	B	0
77	97	5	C	0
78	23	5	C	0
79	9	1	A	0
80	91	5	C	0
81	114	2	B	0
82	173	4	C	0
83	111	3	C	0
84	135	3	C	0
85	49	5	C	0
86	186	2	B	0
87	43	1	A	0
88	37	4	C	0
89	186	1	A	0
90	73	3	C	0
91	127	1	A	0
92	4	4	C	0
93	20	5	C	0
94	126	1	A	0
95	138	1	A	0
96	147	2	B	0
97	51	4	C	0
98	145	1	A	0
99	115	1	A	0
100	149	3	C	0
101	162	2	B	0
102	84	5	C	0
103	162	1	A	0
104	171	2	B	0
105	96	3	C	0
106	40	1	A	0
107	157	4	C	0
108	132	2	B	0
109	14	2	B	0
110	73	5	C	0
111	8	3	C	0
112	143	2	B	0
113	198	2	B	0
114	155	3	C	0
115	106	5	C	0
116	47	2	B	0
117	8	1	A	0
118	50	4	C	0
119	18	3	C	0
120	132	1	A	0
121	177	5	C	0
122	67	5	C	0
123	161	2	B	0
124	34	5	C	0
125	43	3	C	0
126	15	3	C	0
127	70	3	C	0
128	161	1	A	0
129	194	3	C	0
130	24	2	B	0
131	106	2	B	0
132	141	1	A	0
133	13	3	C	0
134	103	4	C	0
135	156	4	C	0
136	122	1	A	0
137	46	1	A	0
138	153	4	C	0
139	31	2	B	0
140	58	4	C	0
141	135	5	C	0
142	65	5	C	0
143	16	4	C	0
144	130	2	B	0
145	25	3	C	0
146	113	5	C	0
147	192	2	B	0
148	29	2	B	0
149	98	5	C	0
150	32	1	A	0
151	6	1	A	0
152	103	3	C	0
153	157	3	C	0
154	101	3	C	0
155	158	3	C	0
156	100	1	A	0
157	179	4	C	0
158	68	5	C	0
159	14	1	A	0
160	139	1	A	0
161	99	5	C	0
162	86	1	A	0
163	133	1	A	0
164	11	4	C	0
165	21	5	C	0
166	58	5	C	0
167	26	2	B	0
168	165	2	B	0
169	191	2	B	0
170	114	5	C	0
171	9	2	B	0
172	145	5	C	0
173	87	1	A	0
174	37	4	C	0
175	119	5	C	0
176	188	1	A	0
177	134	1	A	0
178	183	2	B	0
179	70	4	C	0
180	79	1	A	0
181	131	2	B	0
182	75	1	A	0
183	10	3	C	0
184	102	4	C	0
185	17	1	A	0
186	35	4	C	0
187	57	2	B	0
188	134	3	C	0
189	88	1	A	0
190	102	3	C	0
191	87	5	C	0
192	108	4	C	0
193	121	5	C	0
194	170	1	A	0
195	188	4	C	0
196	79	4	C	0
197	156	3	C	0
198	83	4	C	0
199	94	5	C	0
200	173	3	C	0
201	112	3	C	0
202	136	5	C	0
203	164	1	A	0
204	105	3	C	0
205	36	3	C	0
206	187	2	B	0
207	136	4	C	0
208	72	4	C	0
209	178	4	C	0
210	74	4	C	0
211	48	1	A	0
212	21	1	A	0
213	121	1	A	0
214	89	3	C	0
215	19	1	A	0
216	101	4	C	0
217	124	4	C	0
218	115	2	B	0
219	5	5	C	0
220	60	2	B	0
221	144	4	C	0
222	124	2	B	0
223	48	1	A	0
224	13	1	A	0
225	200	1	A	0
226	11	5	C	0
227	89	2	B	0
228	196	4	C	0
229	67	5	C	0
230	76	3	C	0
231	172	4	C	0
232	10	3	C	0
233	175	1	A	0
234	71	5	C	0
235	128	5	C	0
236	195	3	C	0
237	3	2	B	0
238	138	3	C	0
239	112	2	B	0
240	1	3	C	0
241	59	3	C	0
242	90	5	C	0
243	122	1	A	0
244	60	3	C	0
245	96	5	C	0
246	94	1	A	0
247	137	2	B	0
248	18	5	C	0
249	109	2	B	0
250	1	2	B	0
251	140	3	C	0
252	176	1	A	0
253	182	2	B	0
254	194	5	C	0
255	200	4	C	0
256	118	3	C	0
257	62	2	B	0
258	24	2	B	0
259	176	4	C	0
260	191	4	C	0
261	140	1	A	0
262	88	1	A	0
263	93	1	A	0
264	98	4	C	0
265	110	2	B	0
266	163	3	C	0
267	81	3	C	0
268	149	3	C	0
269	27	5	C	0
270	127	4	C	0
271	97	2	B	0
272	159	2	B	0
273	16	2	B	0
274	154	3	C	0
275	193	1	A	0
276	148	2	B	0
277	63	5	C	0
278	126	1	A	0
279	56	1	A	0
280	119	4	C	0
281	189	5	C	0
282	104	1	A	0
283	110	3	C	0
284	147	3	C	0
285	54	5	C	0
286	142	4	C	0
287	64	3	C	0
288	86	4	C	0
289	143	5	C	0
290	164	3	C	0
291	155	1	A	0
292	116	5	C	0
293	62	3	C	0
294	180	3	C	0
295	31	4	C	0
296	174	2	B	0
297	139	1	A	0
298	20	1	A	0
299	160	4	C	0
300	181	2	B	0
301	117	1	A	0
302	38	4	C	0
303	46	2	B	0
304	184	5	C	0
305	123	1	A	0
306	137	2	B	0
307	184	1	A	0
308	148	2	B	0
309	83	1	A	0
310	39	5	C	0
311	34	1	A	0
312	163	3	C	0
313	104	5	C	0
314	199	3	C	0
315	77	1	A	0
316	141	5	C	0
317	99	4	C	0
318	75	2	B	0
319	7	4	C	0
320	142	2	B	0
321	123	1	A	0
322	57	3	C	0
323	180	3	C	0
324	168	4	C	0
325	27	5	C	0
326	108	1	A	0
327	32	2	B	0
328	105	3	C	0
329	144	2	B	0
330	193	1	A	0
331	12	2	B	0
332	120	3	C	0
333	63	5	C	0
334	28	5	C	0
335	146	2	B	0
336	38	2	B	0
337	71	5	C	0
338	185	2	B	0
339	187	1	A	0
340	72	3	C	0
341	77	4	C	0
342	33	3	C	0
343	36	1	A	0
344	78	3	C	0
345	35	1	A	0
346	179	5	C	0
347	30	5	C	0
348	91	5	C	0
349	181	4	C	0
350	152	1	A	0
351	131	4	C	0
352	51	1	A	0
353	168	4	C	0
354	169	5	C	0
355	100	4	C	0
356	183	1	A	0
357	107	2	B	0
358	167	1	A	0
359	66	2	B	0
360	56	3	C	0
361	41	3	C	0
362	33	5	C	0
363	118	3	C	0
364	129	5	C	0
365	15	5	C	0
366	107	2	B	0
367	53	1	A	0
368	66	5	C	0
369	120	5	C	0
370	41	3	C	0
371	133	4	C	0
372	29	5	C	0
373	113	2	B	0
374	159	3	C	0
375	7	1	A	0
376	84	2	B	0
377	22	4	C	0
378	5	5	C	0
379	53	4	C	0
380	154	3	C	0
381	182	2	B	0
382	192	2	B	0
383	129	5	C	0
384	151	1	A	0
385	151	4	C	0
386	30	5	C	0
387	167	4	C	0
388	146	4	C	0
389	81	5	C	0
390	125	5	C	0
391	196	1	A	0
392	55	5	C	0
393	42	4	C	0
394	12	5	C	0
395	172	3	C	0
396	59	2	B	0
397	42	3	C	0
398	52	1	A	0
399	52	1	A	0
400	54	3	C	0
