Class Times	5
Rooms	10
1	73	B	0
2	33	B	0
3	92	B	1
4	93	B	1
5	57	B	1
6	10	A	0
7	75	C	1
8	13	B	0
9	40	C	0
10	24	C	0
Classes	400
Teachers	200
1	100	5	C	1
2	60	3	C	1
3	190	2	B	1
4	20	2	B	1
5	162	5	C	1
6	63	1	A	1
7	151	3	C	1
8	19	1	A	1
9	140	4	C	1
10	172	5	C	1
11	94	2	B	1
12	85	1	A	1
13	29	1	A	1
14	164	1	A	1
15	55	2	B	1
16	27	3	C	1
17	81	2	B	1
18	42	5	C	1
19	11	4	C	1
20	29	5	C	1
21	163	3	C	0
22	7	3	C	0
23	136	5	C	0
24	165	2	B	0
25	20	4	C	0
26	110	3	C	0
27	189	3	C	0
28	25	4	C	0
29	121	4	C	0
30	115	3	C	0
31	88	2	B	0
32	71	2	B	0
33	72	3	C	0
34	23	2	B	0
35	194	5	C	0
36	70	3	C	0
37	46	3	C	0
38	119	2	B	0
39	21	1	A	0
40	93	5	C	0
41	27	1	A	0
42	85	1	A	0
43	194	4	C	0
44	75	4	C	0
45	8	3	C	0
46	120	4	C	0
47	122	2	B	0
48	8	3	C	0
49	83	5	C	0
50	28	4	C	0
51	65	4	C	0
52	119	4	C	0
53	1	3	C	0
54	1	1	A	0
55	140	1	A	0
56	37	2	B	0
57	169	5	C	0
58	28	1	A	0
59	93	1	A	0
60	173	5	C	0
61	38	3	C	0
62	144	2	B	0
63	18	1	A	0
64	168	3	C	0
65	38	2	B	0
66	151	3	C	0
67	133	2	B	0
68	199	2	B	0
69	147	2	B	0
70	72	1	A	0
71	100	2	B	0
72	33	5	C	0
73	150	2	B	0
74	71	1	A	0
75	47	4	C	0
76	169	5	C	0
77	56	3	C	0
78	142	2	B	0
79	7	3	C	0
80	6	4	C	0
81	113	3	C	0
82	171	3	C	0
83	34	2	B	0
84	108	5	C	0
85	77	3	C	0
86	196	5	C	0
87	192	4	C	0
88	181	3	C	0
89	76	1	A	0
90	197	4	C	0
91	61	2	B	0
92	26	5	C	0
93	130	5	C	0
94	185	3	C	0
95	66	2	B	0
96	192	1	A	0
97	177	3	C	0
98	11	5	C	0
99	74	5	C	0
100	88	5	C	0
101	57	1	A	0
102	83	5	C	0
103	123	4	C	0
104	23	2	B	0
105	112	3	C	0
106	181	2	B	0
107	160	1	A	0
108	125	1	A	0
109	178	2	B	0
110	67	3	C	0
111	76	4	C	0
112	163	5	C	0
113	144	4	C	0
114	14	1	A	0
115	189	3	C	0
116	177	4	C	0
117	124	5	C	0
118	117	5	C	0
119	50	4	C	0
120	79	2	B	0
121	143	1	A	0
122	112	4	C	0
123	128	5	C	0
124	156	2	B	0
125	126	1	A	0
126	55	2	B	0
127	137	3	C	0
128	164	3	C	0
129	156	2	B	0
130	155	5	C	0
131	106	1	A	0
132	64	4	C	0
133	87	1	A	0
134	168	1	A	0
135	9	3	C	0
136	178	1	A	0
137	111	2	B	0
138	110	5	C	0
139	36	4	C	0
140	65	2	B	0
141	68	5	C	0
142	82	3	C	0
143	103	3	C	0
144	47	5	C	0
145	150	5	C	0
146	40	4	C	0
147	68	4	C	0
148	19	5	C	0
149	147	3	C	0
150	200	5	C	0
151	61	4	C	0
152	36	1	A	0
153	24	3	C	0
154	48	4	C	0
155	155	5	C	0
156	53	5	C	0
157	130	3	C	0
158	171	3	C	0
159	77	5	C	0
160	12	1	A	0
161	67	1	A	0
162	90	2	B	0
163	24	4	C	0
164	123	3	C	0
165	86	5	C	0
166	160	4	C	0
167	104	5	C	0
168	37	2	B	0
169	137	1	A	0
170	126	3	C	0
171	22	4	C	0
172	127	4	C	0
173	176	1	A	0
174	134	3	C	0
175	63	2	B	0
176	133	5	C	0
177	62	1	A	0
178	54	4	C	0
179	154	3	C	0
180	79	2	B	0
181	108	1	A	0
182	122	5	C	0
183	107	3	C	0
184	82	5	C	0
185	170	4	C	0
186	62	2	B	0
187	161	3	C	0
188	116	5	C	0
189	35	4	C	0
190	149	2	B	0
191	87	3	C	0
192	95	2	B	0
193	51	3	C	0
194	121	3	C	0
195	52	2	B	0
196	44	1	A	0
197	17	3	C	0
198	44	2	B	0
199	57	3	C	0
200	54	2	B	0
201	187	1	A	0
202	73	5	C	0
203	132	2	B	0
204	43	4	C	0
205	139	1	A	0
206	182	4	C	0
207	165	3	C	0
208	115	4	C	0
209	2	5	C	0
210	174	3	C	0
211	120	5	C	0
212	158	3	C	0
213	64	1	A	0
214	2	4	C	0
215	107	4	C	0
216	58	5	C	0
217	159	2	B	0
218	173	3	C	0
219	17	2	B	0
220	162	4	C	0
221	66	3	C	0
222	41	3	C	0
223	141	1	A	0
224	46	4	C	0
225	109	4	C	0
226	118	4	C	0
227	97	2	B	0
228	182	4	C	0
229	84	3	C	0
230	13	3	C	0
231	145	4	C	0
232	113	5	C	0
233	16	5	C	0
234	141	4	C	0
235	166	4	C	0
236	159	5	C	0
237	152	4	C	0
238	179	2	B	0
239	129	3	C	0
240	153	1	A	0
241	22	2	B	0
242	91	2	B	0
243	127	2	B	0
244	56	2	B	0
245	92	1	A	0
246	18	4	C	0
247	117	1	A	0
248	102	5	C	0
249	128	3	C	0
250	134	5	C	0
251	60	3	C	0
252	170	4	C	0
253	35	2	B	0
254	106	5	C	0
255	13	1	A	0
256	102	2	B	0
257	179	5	C	0
258	14	3	C	0
259	31	2	B	0
260	5	1	A	0
261	81	2	B	0
262	114	5	C	0
263	180	2	B	0
264	114	3	C	0
265	105	1	A	0
266	190	3	C	0
267	167	4	C	0
268	32	4	C	0
269	31	4	C	0
270	42	4	C	0
271	200	4	C	0
272	74	4	C	0
273	15	3	C	0
274	185	3	C	0
275	89	1	A	0
276	191	5	C	0
277	84	1	A	0
278	75	5	C	0
279	118	2	B	0
280	191	2	B	0
281	105	2	B	0
282	109	1	A	0
283	39	4	C	0
284	48	4	C	0
285	4	3	C	0
286	154	2	B	0
287	58	2	B	0
288	12	1	A	0
289	99	3	C	0
290	21	5	C	0
291	146	4	C	0
292	174	3	C	0
293	103	2	B	0
294	142	4	C	0
295	146	1	A	0
296	196	2	B	0
297	157	4	C	0
298	125	3	C	0
299	136	4	C	0
300	50	5	C	0
301	180	2	B	0
302	184	4	C	0
303	26	4	C	0
304	101	2	B	0
305	3	2	B	0
306	161	1	A	0
307	53	1	A	0
308	91	4	C	0
309	104	3	C	0
310	188	1	A	0
311	116	3	C	0
312	10	1	A	0
313	148	3	C	0
314	124	1	A	0
315	158	1	A	0
316	41	3	C	0
317	86	3	C	0
318	78	3	C	0
319	135	5	C	0
320	9	5	C	0
321	43	2	B	0
322	176	3	C	0
323	188	5	C	0
324	34	3	C	0
325	45	4	C	0
326	78	1	A	0
327	39	4	C	0
328	172	3	C	0
329	80	3	C	0
330	175	3	C	0
331	149	4	C	0
332	6	4	C	0
333	96	5	C	0
334	92	4	C	0
335	129	5	C	0
336	183	5	C	0
337	45	2	B	0
338	157	3	C	0
339	187	2	B	0
340	195	1	A	0
341	152	1	A	0
342	3	2	B	0
343	5	2	B	0
344	15	1	A	0
345	101	2	B	0
346	97	2	B	0
347	40	5	C	0
348	10	2	B	0
349	33	3	C	0
350	30	2	B	0
351	32	2	B	0
352	153	4	C	0
353	80	2	B	0
354	184	5	C	0
355	132	5	C	0
356	139	3	C	0
357	199	3	C	0
358	49	4	C	0
359	30	2	B	0
360	148	4	C	0
361	198	3	C	0
362	73	2	B	0
363	145	4	C	0
364	96	3	C	0
365	198	4	C	0
366	52	5	C	0
367	135	3	C	0
368	25	1	A	0
369	131	4	C	0
370	138	2	B	0
371	193	5	C	0
372	167	5	C	0
373	4	1	A	0
374	49	3	C	0
375	90	2	B	0
376	131	1	A	0
377	89	1	A	0
378	70	5	C	0
379	138	3	C	0
380	111	3	C	0
381	99	4	C	0
382	51	2	B	0
383	186	1	A	0
384	16	3	C	0
385	166	3	C	0
386	195	1	A	0
387	59	1	A	0
388	175	1	A	0
389	95	3	C	0
390	193	5	C	0
391	186	2	B	0
392	94	3	C	0
393	98	5	C	0
394	59	2	B	0
395	143	2	B	0
396	98	2	B	0
397	197	3	C	0
398	183	1	A	0
399	69	3	C	0
400	69	4	C	0
