Class Times	5
Rooms	10
1	52	C	0
2	51	C	1
3	53	A	1
4	43	C	1
5	14	C	0
6	85	C	1
7	45	A	0
8	27	C	0
9	49	B	0
10	53	C	1
Classes	400
Teachers	200
1	38	5	C	1
2	149	3	C	1
3	120	4	C	1
4	1	4	C	1
5	101	4	C	1
6	68	4	C	1
7	200	2	B	1
8	84	1	A	1
9	186	1	A	1
10	156	1	A	1
11	121	3	C	1
12	89	4	C	1
13	175	2	B	1
14	156	2	B	1
15	33	4	C	1
16	165	3	C	1
17	64	3	C	1
18	148	4	C	1
19	183	1	A	1
20	109	3	C	1
21	3	4	C	0
22	29	3	C	0
23	18	3	C	0
24	164	4	C	0
25	174	5	C	0
26	25	3	C	0
27	171	5	C	0
28	83	3	C	0
29	18	2	B	0
30	170	1	A	0
31	182	5	C	0
32	70	1	A	0
33	165	4	C	0
34	188	5	C	0
35	84	1	A	0
36	146	2	B	0
37	143	4	C	0
38	48	3	C	0
39	159	2	B	0
40	40	2	B	0
41	41	1	A	0
42	146	2	B	0
43	93	4	C	0
44	181	1	A	0
45	71	1	A	0
46	128	1	A	0
47	152	2	B	0
48	76	2	B	0
49	38	1	A	0
50	98	5	C	0
51	113	1	A	0
52	149	2	B	0
53	62	1	A	0
54	2	1	A	0
55	43	5	C	0
56	161	4	C	0
57	170	5	C	0
58	145	2	B	0
59	124	4	C	0
60	121	4	C	0
61	89	5	C	0
62	23	5	C	0
63	104	1	A	0
64	35	1	A	0
65	5	4	C	0
66	24	4	C	0
67	198	4	C	0
68	96	3	C	0
69	196	2	B	0
70	94	3	C	0
71	159	2	B	0
72	6	5	C	0
73	93	1	A	0
74	58	3	C	0
75	177	1	A	0
76	129	1	A	0
77	194	1	A	0
78	103	2	B	0
79	47	1	A	0
80	190	4	C	0
81	133	3	C	0
82	167	2	B	0
83	54	5	C	0
84	162	1	A	0
85	37	5	C	0
86	72	4	C	0
87	173	3	C	0
88	99	3	C	0
89	25	5	C	0
90	15	5	C	0
91	76	5	C	0
92	131	5	C	0
93	164	5	C	0
94	40	5	C	0
95	131	5	C	0
96	74	2	B	0
97	78	5	C	0
98	181	1	A	0
99	123	3	C	0
100	49	3	C	0
101	123	5	C	0
102	96	1	A	0
103	133	5	C	0
104	70	5	C	0
105	134	2	B	0
106	10	5	C	0
107	135	4	C	0
108	30	5	C	0
109	43	4	C	0
110	5	1	A	0
111	160	3	C	0
112	9	4	C	0
113	4	5	C	0
114	132	1	A	0
115	27	5	C	0
116	200	4	C	0
117	69	1	A	0
118	106	5	C	0
119	80	3	C	0
120	73	3	C	0
121	17	4	C	0
122	192	4	C	0
123	65	4	C	0
124	124	3	C	0
125	23	1	A	0
126	15	2	B	0
127	194	3	C	0
128	44	5	C	0
129	4	5	C	0
130	36	1	A	0
131	97	4	C	0
132	115	5	C	0
133	104	4	C	0
134	132	5	C	0
135	141	5	C	0
136	105	3	C	0
137	69	2	B	0
138	21	2	B	0
139	161	2	B	0
140	65	2	B	0
141	31	1	A	0
142	66	3	C	0
143	66	1	A	0
144	50	2	B	0
145	180	5	C	0
146	199	2	B	0
147	136	4	C	0
148	158	4	C	0
149	27	2	B	0
150	199	1	A	0
151	6	2	B	0
152	75	2	B	0
153	29	3	C	0
154	77	4	C	0
155	137	3	C	0
156	72	3	C	0
157	144	3	C	0
158	152	5	C	0
159	71	5	C	0
160	106	4	C	0
161	183	3	C	0
162	195	1	A	0
163	8	3	C	0
164	175	4	C	0
165	82	3	C	0
166	3	3	C	0
167	74	4	C	0
168	22	1	A	0
169	148	4	C	0
170	157	5	C	0
171	97	1	A	0
172	7	4	C	0
173	144	2	B	0
174	57	2	B	0
175	118	2	B	0
176	7	4	C	0
177	35	3	C	0
178	102	3	C	0
179	190	2	B	0
180	109	1	A	0
181	143	3	C	0
182	101	4	C	0
183	55	5	C	0
184	99	5	C	0
185	22	5	C	0
186	172	2	B	0
187	108	3	C	0
188	130	4	C	0
189	9	4	C	0
190	127	2	B	0
191	196	1	A	0
192	56	1	A	0
193	107	2	B	0
194	179	4	C	0
195	63	2	B	0
196	189	5	C	0
197	83	2	B	0
198	51	2	B	0
199	100	2	B	0
200	160	2	B	0
201	61	4	C	0
202	20	5	C	0
203	64	4	C	0
204	145	4	C	0
205	16	4	C	0
206	197	2	B	0
207	184	3	C	0
208	150	3	C	0
209	134	1	A	0
210	179	1	A	0
211	195	3	C	0
212	51	4	C	0
213	188	4	C	0
214	46	5	C	0
215	140	2	B	0
216	126	4	C	0
217	45	1	A	0
218	154	4	C	0
219	154	2	B	0
220	87	5	C	0
221	110	4	C	0
222	158	2	B	0
223	59	4	C	0
224	63	4	C	0
225	78	1	A	0
226	174	3	C	0
227	172	1	A	0
228	166	3	C	0
229	157	4	C	0
230	50	2	B	0
231	87	2	B	0
232	31	5	C	0
233	122	1	A	0
234	142	5	C	0
235	2	1	A	0
236	140	1	A	0
237	39	5	C	0
238	116	1	A	0
239	113	4	C	0
240	36	3	C	0
241	167	3	C	0
242	141	1	A	0
243	45	3	C	0
244	198	1	A	0
245	41	2	B	0
246	82	3	C	0
247	105	5	C	0
248	197	2	B	0
249	102	4	C	0
250	127	5	C	0
251	171	3	C	0
252	168	3	C	0
253	191	2	B	0
254	16	3	C	0
255	114	2	B	0
256	77	3	C	0
257	98	1	A	0
258	57	2	B	0
259	20	4	C	0
260	116	4	C	0
261	94	3	C	0
262	19	5	C	0
263	48	1	A	0
264	177	1	A	0
265	120	1	A	0
266	95	3	C	0
267	62	5	C	0
268	54	5	C	0
269	81	5	C	0
270	67	1	A	0
271	21	5	C	0
272	147	4	C	0
273	103	2	B	0
274	178	2	B	0
275	100	3	C	0
276	184	4	C	0
277	125	4	C	0
278	176	1	A	0
279	176	3	C	0
280	114	5	C	0
281	119	1	A	0
282	185	1	A	0
283	80	2	B	0
284	147	5	C	0
285	56	5	C	0
286	115	1	A	0
287	92	5	C	0
288	192	1	A	0
289	92	4	C	0
290	53	2	B	0
291	129	4	C	0
292	24	5	C	0
293	90	3	C	0
294	73	4	C	0
295	52	3	C	0
296	33	1	A	0
297	37	2	B	0
298	128	5	C	0
299	186	2	B	0
300	111	2	B	0
301	122	1	A	0
302	55	5	C	0
303	13	5	C	0
304	8	2	B	0
305	150	5	C	0
306	52	4	C	0
307	139	5	C	0
308	1	1	A	0
309	75	1	A	0
310	107	4	C	0
311	110	3	C	0
312	30	4	C	0
313	182	3	C	0
314	59	2	B	0
315	58	4	C	0
316	187	1	A	0
317	151	2	B	0
318	155	3	C	0
319	138	3	C	0
320	12	3	C	0
321	189	4	C	0
322	118	3	C	0
323	67	5	C	0
324	86	5	C	0
325	68	1	A	0
326	180	1	A	0
327	162	2	B	0
328	26	3	C	0
329	95	5	C	0
330	26	3	C	0
331	28	2	B	0
332	39	1	A	0
333	90	3	C	0
334	136	5	C	0
335	79	3	C	0
336	85	5	C	0
337	135	4	C	0
338	138	4	C	0
339	166	4	C	0
340	139	2	B	0
341	178	5	C	0
342	49	4	C	0
343	19	2	B	0
344	81	5	C	0
345	137	4	C	0
346	12	5	C	0
347	185	2	B	0
348	125	4	C	0
349	85	3	C	0
350	17	5	C	0
351	187	4	C	0
352	42	4	C	0
353	42	3	C	0
354	32	2	B	0
355	60	1	A	0
356	119	1	A	0
357	117	2	B	0
358	193	5	C	0
359	155	1	A	0
360	10	1	A	0
361	11	4	C	0
362	91	2	B	0
363	111	4	C	0
364	11	2	B	0
365	117	1	A	0
366	151	5	C	0
367	191	5	C	0
368	142	4	C	0
369	28	2	B	0
370	130	2	B	0
371	32	3	C	0
372	88	3	C	0
373	46	4	C	0
374	168	2	B	0
375	44	4	C	0
376	88	5	C	0
377	91	1	A	0
378	112	2	B	0
379	14	5	C	0
380	34	3	C	0
381	53	2	B	0
382	13	1	A	0
383	34	5	C	0
384	169	1	A	0
385	86	4	C	0
386	108	4	C	0
387	163	3	C	0
388	14	1	A	0
389	153	5	C	0
390	193	4	C	0
391	173	5	C	0
392	153	2	B	0
393	47	1	A	0
394	126	2	B	0
395	163	1	A	0
396	79	2	B	0
397	61	3	C	0
398	112	4	C	0
399	169	3	C	0
400	60	4	C	0
