Class Times	5
Rooms	10
1	52	A	0
2	15	C	1
3	69	C	1
4	98	A	1
5	53	C	1
6	10	A	0
7	66	C	1
8	99	C	0
9	66	C	0
10	62	A	0
Classes	400
Teachers	200
1	71	5	C	1
2	168	4	C	1
3	6	5	C	1
4	48	2	B	1
5	110	3	C	1
6	79	3	C	1
7	39	1	A	1
8	96	2	B	1
9	90	4	C	1
10	177	1	A	1
11	19	1	A	1
12	5	3	C	1
13	190	5	C	1
14	45	4	C	1
15	46	4	C	1
16	145	3	C	1
17	141	1	A	1
18	75	3	C	1
19	107	5	C	1
20	163	1	A	1
21	40	3	C	0
22	29	4	C	0
23	80	3	C	0
24	188	3	C	0
25	42	2	B	0
26	85	2	B	0
27	58	3	C	0
28	160	5	C	0
29	61	2	B	0
30	94	5	C	0
31	72	2	B	0
32	68	3	C	0
33	21	5	C	0
34	102	5	C	0
35	118	4	C	0
36	83	4	C	0
37	134	2	B	0
38	183	1	A	0
39	13	2	B	0
40	54	2	B	0
41	183	1	A	0
42	155	5	C	0
43	89	1	A	0
44	154	2	B	0
45	166	4	C	0
46	83	1	A	0
47	20	2	B	0
48	171	1	A	0
49	35	5	C	0
50	170	1	A	0
51	24	1	A	0
52	182	5	C	0
53	85	1	A	0
54	132	1	A	0
55	18	3	C	0
56	7	3	C	0
57	12	1	A	0
58	193	1	A	0
59	132	2	B	0
60	92	2	B	0
61	133	1	A	0
62	139	2	B	0
63	174	3	C	0
64	41	4	C	0
65	172	4	C	0
66	26	5	C	0
67	128	4	C	0
68	67	3	C	0
69	174	1	A	0
70	16	5	C	0
71	32	1	A	0
72	150	2	B	0
73	89	5	C	0
74	150	1	A	0
75	111	1	A	0
76	102	4	C	0
77	148	3	C	0
78	92	1	A	0
79	180	3	C	0
80	26	1	A	0
81	36	4	C	0
82	180	1	A	0
83	129	4	C	0
84	24	1	A	0
85	103	3	C	0
86	109	4	C	0
87	98	3	C	0
88	69	4	C	0
89	170	2	B	0
90	80	5	C	0
91	198	2	B	0
92	159	1	A	0
93	157	5	C	0
94	23	4	C	0
95	30	5	C	0
96	77	3	C	0
97	175	3	C	0
98	14	2	B	0
99	145	5	C	0
100	54	2	B	0
101	176	5	C	0
102	90	1	A	0
103	199	3	C	0
104	56	2	B	0
105	77	4	C	0
106	133	2	B	0
107	1	5	C	0
108	186	2	B	0
109	162	4	C	0
110	46	5	C	0
111	17	5	C	0
112	113	5	C	0
113	185	1	A	0
114	21	1	A	0
115	6	3	C	0
116	57	4	C	0
117	178	4	C	0
118	169	4	C	0
119	129	1	A	0
120	110	5	C	0
121	64	1	A	0
122	181	3	C	0
123	94	3	C	0
124	163	4	C	0
125	138	2	B	0
126	67	4	C	0
127	47	4	C	0
128	105	4	C	0
129	164	1	A	0
130	125	4	C	0
131	171	5	C	0
132	193	5	C	0
133	159	1	A	0
134	73	1	A	0
135	164	1	A	0
136	105	1	A	0
137	185	5	C	0
138	15	3	C	0
139	25	3	C	0
140	148	3	C	0
141	5	3	C	0
142	123	3	C	0
143	87	1	A	0
144	116	5	C	0
145	191	2	B	0
146	64	5	C	0
147	63	5	C	0
148	72	3	C	0
149	147	4	C	0
150	140	4	C	0
151	155	5	C	0
152	61	1	A	0
153	36	1	A	0
154	198	1	A	0
155	75	3	C	0
156	1	4	C	0
157	88	4	C	0
158	199	3	C	0
159	149	3	C	0
160	149	5	C	0
161	173	4	C	0
162	113	4	C	0
163	49	1	A	0
164	42	2	B	0
165	58	2	B	0
166	100	2	B	0
167	7	2	B	0
168	166	2	B	0
169	41	5	C	0
170	181	4	C	0
171	153	4	C	0
172	176	1	A	0
173	191	2	B	0
174	53	5	C	0
175	43	1	A	0
176	118	4	C	0
177	53	1	A	0
178	9	4	C	0
179	122	4	C	0
180	86	5	C	0
181	10	5	C	0
182	169	1	A	0
183	62	3	C	0
184	95	2	B	0
185	126	2	B	0
186	152	2	B	0
187	74	3	C	0
188	82	2	B	0
189	88	1	A	0
190	111	4	C	0
191	59	5	C	0
192	137	3	C	0
193	13	5	C	0
194	60	5	C	0
195	153	4	C	0
196	190	2	B	0
197	28	4	C	0
198	187	1	A	0
199	49	1	A	0
200	81	1	A	0
201	136	2	B	0
202	131	5	C	0
203	124	1	A	0
204	45	3	C	0
205	121	3	C	0
206	16	2	B	0
207	117	4	C	0
208	38	2	B	0
209	126	2	B	0
210	125	3	C	0
211	119	2	B	0
212	100	5	C	0
213	33	3	C	0
214	177	4	C	0
215	115	5	C	0
216	112	1	A	0
217	25	4	C	0
218	52	5	C	0
219	12	5	C	0
220	140	3	C	0
221	19	4	C	0
222	31	1	A	0
223	119	2	B	0
224	173	2	B	0
225	107	1	A	0
226	189	4	C	0
227	86	2	B	0
228	195	4	C	0
229	167	5	C	0
230	97	2	B	0
231	68	5	C	0
232	127	1	A	0
233	146	3	C	0
234	66	3	C	0
235	115	4	C	0
236	73	1	A	0
237	47	1	A	0
238	11	2	B	0
239	28	5	C	0
240	175	4	C	0
241	66	3	C	0
242	31	2	B	0
243	34	2	B	0
244	189	2	B	0
245	116	1	A	0
246	184	3	C	0
247	3	2	B	0
248	160	2	B	0
249	95	5	C	0
250	39	5	C	0
251	91	3	C	0
252	63	4	C	0
253	78	4	C	0
254	135	2	B	0
255	33	2	B	0
256	56	2	B	0
257	122	4	C	0
258	108	5	C	0
259	9	4	C	0
260	8	4	C	0
261	184	2	B	0
262	51	2	B	0
263	128	2	B	0
264	151	5	C	0
265	120	3	C	0
266	65	2	B	0
267	2	4	C	0
268	84	5	C	0
269	192	4	C	0
270	38	1	A	0
271	124	1	A	0
272	131	4	C	0
273	154	4	C	0
274	76	2	B	0
275	71	5	C	0
276	40	3	C	0
277	32	1	A	0
278	187	1	A	0
279	60	4	C	0
280	27	1	A	0
281	134	4	C	0
282	43	5	C	0
283	30	1	A	0
284	158	1	A	0
285	179	4	C	0
286	165	2	B	0
287	112	4	C	0
288	35	3	C	0
289	168	2	B	0
290	81	1	A	0
291	82	5	C	0
292	103	3	C	0
293	22	1	A	0
294	167	4	C	0
295	55	4	C	0
296	144	5	C	0
297	22	1	A	0
298	2	3	C	0
299	3	1	A	0
300	51	5	C	0
301	139	1	A	0
302	20	5	C	0
303	136	2	B	0
304	34	3	C	0
305	65	3	C	0
306	23	2	B	0
307	108	1	A	0
308	104	3	C	0
309	52	4	C	0
310	29	5	C	0
311	11	5	C	0
312	200	1	A	0
313	200	4	C	0
314	18	4	C	0
315	142	1	A	0
316	48	3	C	0
317	197	2	B	0
318	157	3	C	0
319	194	3	C	0
320	165	3	C	0
321	79	1	A	0
322	120	4	C	0
323	27	1	A	0
324	62	3	C	0
325	50	1	A	0
326	50	2	B	0
327	147	5	C	0
328	59	5	C	0
329	138	1	A	0
330	144	2	B	0
331	179	4	C	0
332	195	1	A	0
333	156	3	C	0
334	15	2	B	0
335	10	1	A	0
336	76	2	B	0
337	121	3	C	0
338	78	5	C	0
339	137	4	C	0
340	127	3	C	0
341	141	5	C	0
342	162	2	B	0
343	84	4	C	0
344	186	4	C	0
345	161	2	B	0
346	156	3	C	0
347	114	2	B	0
348	152	1	A	0
349	123	2	B	0
350	182	5	C	0
351	158	5	C	0
352	106	4	C	0
353	99	1	A	0
354	192	4	C	0
355	197	1	A	0
356	146	5	C	0
357	114	1	A	0
358	4	4	C	0
359	172	3	C	0
360	117	3	C	0
361	69	1	A	0
362	99	2	B	0
363	87	4	C	0
364	98	2	B	0
365	44	2	B	0
366	96	1	A	0
367	74	4	C	0
368	135	2	B	0
369	93	4	C	0
370	37	4	C	0
371	57	5	C	0
372	70	2	B	0
373	91	5	C	0
374	104	5	C	0
375	37	2	B	0
376	178	2	B	0
377	93	1	A	0
378	17	1	A	0
379	44	1	A	0
380	194	5	C	0
381	142	3	C	0
382	4	4	C	0
383	196	2	B	0
384	55	4	C	0
385	151	3	C	0
386	97	2	B	0
387	8	4	C	0
388	130	5	C	0
389	70	2	B	0
390	130	4	C	0
391	143	3	C	0
392	14	2	B	0
393	143	3	C	0
394	196	3	C	0
395	106	1	A	0
396	188	2	B	0
397	101	1	A	0
398	161	1	A	0
399	109	5	C	0
400	101	1	A	0
