Class Times	5
Rooms	10
1	61	A	0
2	11	B	1
3	30	B	1
4	28	C	1
5	37	C	0
6	52	A	1
7	17	B	0
8	92	C	0
9	19	A	0
10	65	A	1
Classes	400
Teachers	200
1	134	3	C	1
2	65	4	C	1
3	38	5	C	1
4	19	4	C	1
5	44	5	C	1
6	174	3	C	1
7	101	3	C	1
8	182	4	C	1
9	52	5	C	1
10	95	2	B	1
11	83	3	C	1
12	26	3	C	1
13	46	2	B	1
14	105	1	A	1
15	3	2	B	1
16	104	4	C	1
17	24	1	A	1
18	25	3	C	1
19	182	4	C	1
20	181	5	C	1
21	195	3	C	0
22	154	5	C	0
23	89	1	A	0
24	162	4	C	0
25	75	4	C	0
26	187	4	C	0
27	20	5	C	0
28	36	1	A	0
29	80	3	C	0
30	44	3	C	0
31	58	4	C	0
32	46	1	A	0
33	176	3	C	0
34	60	1	A	0
35	56	3	C	0
36	38	3	C	0
37	53	2	B	0
38	198	4	C	0
39	130	5	C	0
40	76	3	C	0
41	7	3	C	0
42	28	4	C	0
43	110	4	C	0
44	116	4	C	0
45	79	4	C	0
46	9	3	C	0
47	8	2	B	0
48	18	5	C	0
49	190	2	B	0
50	47	3	C	0
51	168	5	C	0
52	118	1	A	0
53	45	2	B	0
54	157	2	B	0
55	175	1	A	0
56	50	3	C	0
57	153	5	C	0
58	28	5	C	0
59	171	1	A	0
60	3	2	B	0
61	189	2	B	0
62	87	5	C	0
63	164	4	C	0
64	104	1	A	0
65	62	4	C	0
66	118	5	C	0
67	42	2	B	0
68	98	3	C	0
69	157	1	A	0
70	82	3	C	0
71	5	4	C	0
72	74	2	B	0
73	67	4	C	0
74	143	2	B	0
75	158	4	C	0
76	37	1	A	0
77	149	3	C	0
78	71	5	C	0
79	162	4	C	0
80	148	5	C	0
81	119	3	C	0
82	77	1	A	0
83	160	1	A	0
84	29	2	B	0
85	107	3	C	0
86	29	2	B	0
87	174	4	C	0
88	175	1	A	0
89	23	3	C	0
90	127	4	C	0
91	185	1	A	0
92	142	4	C	0
93	186	5	C	0
94	148	1	A	0
95	184	4	C	0
96	196	3	C	0
97	167	4	C	0
98	120	5	C	0
99	110	5	C	0
100	43	3	C	0
101	133	1	A	0
102	168	1	A	0
103	181	4	C	0
104	156	4	C	0
105	145	2	B	0
106	59	4	C	0
107	18	3	C	0
108	33	5	C	0
109	138	4	C	0
110	14	1	A	0
111	33	5	C	0
112	128	1	A	0
113	100	5	C	0
114	52	5	C	0
115	80	1	A	0
116	128	3	C	0
117	152	3	C	0
118	114	1	A	0
119	129	4	C	0
120	137	2	B	0
121	13	2	B	0
122	150	2	B	0
123	127	1	A	0
124	143	3	C	0
125	39	1	A	0
126	135	1	A	0
127	160	4	C	0
128	137	4	C	0
129	66	3	C	0
130	111	4	C	0
131	126	1	A	0
132	5	1	A	0
133	21	2	B	0
134	165	5	C	0
135	166	1	A	0
136	42	1	A	0
137	167	3	C	0
138	13	5	C	0
139	1	2	B	0
140	184	4	C	0
141	54	3	C	0
142	185	2	B	0
143	30	3	C	0
144	188	2	B	0
145	51	5	C	0
146	55	5	C	0
147	156	5	C	0
148	63	3	C	0
149	71	1	A	0
150	16	5	C	0
151	21	2	B	0
152	179	2	B	0
153	200	3	C	0
154	77	1	A	0
155	76	1	A	0
156	55	2	B	0
157	166	2	B	0
158	90	3	C	0
159	159	2	B	0
160	4	4	C	0
161	134	5	C	0
162	192	1	A	0
163	78	4	C	0
164	115	1	A	0
165	75	3	C	0
166	187	5	C	0
167	2	2	B	0
168	95	5	C	0
169	97	2	B	0
170	151	4	C	0
171	60	2	B	0
172	68	3	C	0
173	20	3	C	0
174	97	2	B	0
175	102	1	A	0
176	141	1	A	0
177	1	2	B	0
178	102	2	B	0
179	93	4	C	0
180	45	3	C	0
181	25	4	C	0
182	63	2	B	0
183	6	1	A	0
184	14	4	C	0
185	57	2	B	0
186	57	5	C	0
187	183	5	C	0
188	100	5	C	0
189	199	4	C	0
190	152	4	C	0
191	179	2	B	0
192	173	5	C	0
193	199	5	C	0
194	190	1	A	0
195	153	3	C	0
196	24	2	B	0
197	114	4	C	0
198	66	4	C	0
199	107	3	C	0
200	26	3	C	0
201	108	4	C	0
202	136	3	C	0
203	8	5	C	0
204	108	5	C	0
205	154	5	C	0
206	198	1	A	0
207	106	1	A	0
208	19	3	C	0
209	72	1	A	0
210	130	2	B	0
211	194	3	C	0
212	83	4	C	0
213	48	2	B	0
214	121	4	C	0
215	188	1	A	0
216	50	1	A	0
217	17	3	C	0
218	53	1	A	0
219	131	4	C	0
220	101	5	C	0
221	90	4	C	0
222	183	5	C	0
223	149	3	C	0
224	16	1	A	0
225	22	4	C	0
226	172	2	B	0
227	17	5	C	0
228	197	2	B	0
229	135	2	B	0
230	126	3	C	0
231	132	3	C	0
232	103	3	C	0
233	195	1	A	0
234	23	5	C	0
235	116	1	A	0
236	193	3	C	0
237	111	1	A	0
238	70	1	A	0
239	67	5	C	0
240	30	2	B	0
241	94	1	A	0
242	61	2	B	0
243	171	1	A	0
244	73	2	B	0
245	155	4	C	0
246	196	4	C	0
247	81	5	C	0
248	39	2	B	0
249	88	2	B	0
250	144	3	C	0
251	177	1	A	0
252	41	2	B	0
253	64	4	C	0
254	89	2	B	0
255	79	3	C	0
256	48	1	A	0
257	123	3	C	0
258	169	3	C	0
259	169	1	A	0
260	176	1	A	0
261	35	3	C	0
262	78	4	C	0
263	49	2	B	0
264	155	2	B	0
265	193	1	A	0
266	191	1	A	0
267	27	3	C	0
268	4	4	C	0
269	31	1	A	0
270	81	3	C	0
271	31	3	C	0
272	119	2	B	0
273	93	1	A	0
274	123	5	C	0
275	124	5	C	0
276	161	3	C	0
277	62	2	B	0
278	37	5	C	0
279	49	3	C	0
280	150	1	A	0
281	6	3	C	0
282	72	2	B	0
283	164	2	B	0
284	2	5	C	0
285	32	4	C	0
286	87	1	A	0
287	132	2	B	0
288	158	4	C	0
289	91	4	C	0
290	112	1	A	0
291	98	3	C	0
292	36	3	C	0
293	15	5	C	0
294	133	4	C	0
295	189	1	A	0
296	69	5	C	0
297	117	3	C	0
298	105	2	B	0
299	147	5	C	0
300	180	4	C	0
301	136	3	C	0
302	172	5	C	0
303	92	5	C	0
304	35	2	B	0
305	151	3	C	0
306	129	2	B	0
307	103	1	A	0
308	177	2	B	0
309	146	5	C	0
310	115	3	C	0
311	200	2	B	0
312	165	2	B	0
313	15	5	C	0
314	145	4	C	0
315	124	5	C	0
316	131	3	C	0
317	122	2	B	0
318	99	4	C	0
319	121	2	B	0
320	161	1	A	0
321	59	3	C	0
322	47	4	C	0
323	54	3	C	0
324	96	2	B	0
325	138	2	B	0
326	41	2	B	0
327	163	1	A	0
328	106	5	C	0
329	73	5	C	0
330	120	4	C	0
331	22	2	B	0
332	27	1	A	0
333	65	4	C	0
334	58	1	A	0
335	40	4	C	0
336	82	4	C	0
337	197	4	C	0
338	144	3	C	0
339	139	3	C	0
340	122	1	A	0
341	10	1	A	0
342	186	1	A	0
343	64	2	B	0
344	7	3	C	0
345	69	5	C	0
346	191	5	C	0
347	11	5	C	0
348	112	2	B	0
349	11	5	C	0
350	74	5	C	0
351	170	4	C	0
352	147	5	C	0
353	61	4	C	0
354	70	4	C	0
355	51	2	B	0
356	113	5	C	0
357	140	3	C	0
358	32	2	B	0
359	12	3	C	0
360	170	3	C	0
361	139	5	C	0
362	142	3	C	0
363	146	2	B	0
364	56	4	C	0
365	109	1	A	0
366	86	2	B	0
367	194	5	C	0
368	140	3	C	0
369	99	2	B	0
370	141	3	C	0
371	91	1	A	0
372	96	5	C	0
373	125	2	B	0
374	192	3	C	0
375	94	4	C	0
376	109	1	A	0
377	68	2	B	0
378	163	3	C	0
379	34	3	C	0
380	125	5	C	0
381	84	4	C	0
382	113	3	C	0
383	40	4	C	0
384	159	2	B	0
385	117	5	C	0
386	34	5	C	0
387	9	1	A	0
388	173	3	C	0
389	178	4	C	0
390	92	2	B	0
391	86	4	C	0
392	85	2	B	0
393	85	3	C	0
394	178	1	A	0
395	88	5	C	0
396	10	2	B	0
397	180	2	B	0
398	12	3	C	0
399	84	2	B	0
400	43	4	C	0
