Students	500
1	229 251 341 192	2	-1	0
2	200 194 208 372	2	-1	0
3	14 238 328 214	1	-1	0
4	361 56 162 128	4	2	0
5	110 324 310 398	2	-1	0
6	162 139 299 152	2	-1	0
7	190 206 334 359	4	2	0
8	294 212 179 394	4	1	0
9	355 248 231 369	2	-1	0
10	147 167 88 140	4	1	0
11	20 35 242 341	1	-1	0
12	9 43 297 99	1	-1	0
13	6 194 234 131	1	-1	0
14	4 373 119 171	1	-1	0
15	250 361 102 100	4	1	0
16	22 195 99 396	4	5	0
17	176 148 124 119	3	5	0
18	236 291 320 385	3	3	0
19	96 38 316 309	4	4	0
20	221 244 23 360	4	1	0
21	352 382 326 208	4	5	0
22	283 384 337 107	3	4	0
23	349 351 228 104	2	-1	0
24	159 231 119 140	4	2	0
25	178 68 92 389	4	1	0
26	24 217 86 364	2	-1	0
27	6 384 336 339	1	-1	0
28	266 215 67 291	3	4	0
29	12 234 84 357	1	-1	0
30	119 69 97 147	3	5	0
31	294 74 58 292	3	1	0
32	307 176 162 336	2	-1	0
33	118 171 146 94	3	2	0
34	96 223 95 145	3	4	0
35	4 333 84 239	1	-1	0
36	1 337 306 332	1	-1	0
37	6 306 158 290	1	-1	0
38	82 159 311 259	4	3	0
39	381 80 280 208	3	5	0
40	4 176 71 101	1	-1	0
41	360 216 333 281	3	2	0
42	11 279 301 72	1	-1	0
43	16 201 173 308	1	-1	0
44	9 55 350 44	1	-1	0
45	2 210 103 63	1	-1	0
46	16 392 105 146	1	-1	0
47	399 329 89 73	3	1	0
48	196 221 122 370	2	-1	0
49	337 168 361 228	2	-1	0
50	179 222 59 71	2	-1	0
51	330 88 367 283	3	4	0
52	374 168 166 215	3	4	0
53	3 201 349 122	1	-1	0
54	121 260 28 378	2	-1	0
55	112 81 327 163	3	4	0
56	220 149 168 41	3	3	0
57	5 75 50 313	1	-1	0
58	136 299 377 188	3	1	0
59	8 353 91 335	1	-1	0
60	64 215 225 112	4	1	0
61	115 150 194 173	4	4	0
62	213 84 90 138	4	5	0
63	60 247 185 179	2	-1	0
64	3 294 63 371	1	-1	0
65	4 236 190 359	1	-1	0
66	305 131 117 203	2	-1	0
67	7 42 100 225	1	-1	0
68	317 34 181 326	2	-1	0
69	337 385 234 400	4	4	0
70	127 326 102 69	2	-1	0
71	190 274 267 385	2	-1	0
72	114 68 336 316	3	4	0
73	19 65 333 335	1	-1	0
74	6 175 179 55	1	-1	0
75	9 74 175 182	1	-1	0
76	19 96 240 301	1	-1	0
77	38 386 213 72	4	1	0
78	221 319 252 42	4	3	0
79	258 214 36 267	3	5	0
80	89 297 102 81	3	5	0
81	14 342 149 224	1	-1	0
82	99 307 352 107	4	4	0
83	11 239 289 112	1	-1	0
84	192 28 293 339	3	4	0
85	367 200 330 306	3	1	0
86	12 261 175 230	1	-1	0
87	37 330 187 381	3	1	0
88	18 356 319 284	1	-1	0
89	357 370 95 284	3	1	0
90	5 382 235 165	1	-1	0
91	27 22 29 297	4	3	0
92	112 64 193 171	2	-1	0
93	391 103 75 149	4	2	0
94	11 222 35 94	1	-1	0
95	371 101 151 293	2	-1	0
96	81 150 399 93	4	1	0
97	163 169 170 346	4	2	0
98	160 263 169 189	4	5	0
99	187 62 303 313	4	3	0
100	255 372 286 200	4	1	0
101	8 26 122 128	1	-1	0
102	144 103 165 317	4	1	0
103	335 369 167 343	3	2	0
104	67 119 191 296	4	4	0
105	128 136 397 123	2	-1	0
106	286 379 374 201	3	1	0
107	242 82 327 252	2	-1	0
108	364 165 223 284	3	3	0
109	205 105 38 107	3	2	0
110	55 245 62 290	2	-1	0
111	64 320 368 176	2	-1	0
112	55 167 59 274	4	4	0
113	16 281 365 306	1	-1	1
114	246 158 348 214	3	1	0
115	48 293 280 30	3	1	0
116	350 282 89 293	3	4	0
117	4 350 258 183	1	-1	0
118	186 126 346 368	2	-1	0
119	7 185 153 229	1	-1	0
120	344 141 90 216	3	4	0
121	212 40 273 235	3	3	0
122	79 290 329 217	2	-1	0
123	134 84 364 350	2	-1	0
124	177 355 232 42	3	5	0
125	130 336 128 26	3	4	0
126	110 198 46 374	3	3	0
127	6 270 198 135	1	-1	0
128	44 230 200 321	2	-1	0
129	62 57 150 387	3	4	0
130	16 270 279 354	1	-1	0
131	226 78 136 247	2	-1	0
132	225 100 202 344	4	2	0
133	11 302 384 362	1	-1	0
134	285 216 323 93	3	2	0
135	280 337 35 278	2	-1	0
136	379 324 236 311	3	2	0
137	149 190 285 343	2	-1	0
138	247 399 52 226	3	2	0
139	5 56 210 318	1	-1	0
140	18 250 52 273	1	-1	0
141	14 29 393 265	1	-1	0
142	43 74 255 199	4	4	0
143	16 329 302 359	1	-1	0
144	264 51 102 71	2	-1	0
145	5 359 267 66	1	-1	0
146	26 193 359 25	2	-1	0
147	22 187 346 265	2	-1	0
148	20 388 319 264	1	-1	0
149	262 123 358 312	2	-1	0
150	29 234 78 248	3	5	0
151	378 133 158 125	4	2	0
152	334 283 241 239	3	2	0
153	313 342 393 307	4	1	0
154	303 220 395 155	2	-1	0
155	148 22 280 319	3	3	0
156	285 72 390 22	4	5	0
157	351 140 115 99	4	1	0
158	40 276 367 249	2	-1	0
159	280 131 284 144	4	4	0
160	177 146 324 137	2	-1	0
161	104 383 233 34	2	-1	0
162	166 95 119 290	2	-1	0
163	84 243 369 79	4	3	0
164	207 100 369 209	2	-1	0
165	382 240 26 103	4	5	0
166	286 41 36 54	3	4	0
167	4 328 72 150	1	-1	0
168	97 77 327 391	2	-1	0
169	322 358 273 256	2	-1	0
170	198 130 172 372	4	3	0
171	102 48 320 327	4	2	0
172	5 351 394 159	1	-1	0
173	18 75 273 144	1	-1	0
174	25 120 59 75	3	2	0
175	250 137 369 100	4	4	0
176	165 358 102 53	4	2	0
177	6 178 75 354	1	-1	0
178	18 331 332 218	1	-1	0
179	208 291 336 131	4	5	0
180	223 347 202 113	4	4	0
181	340 379 138 345	4	2	0
182	7 204 116 214	1	-1	0
183	10 98 179 41	1	-1	0
184	150 364 327 123	4	3	0
185	36 112 76 383	4	4	0
186	91 87 393 388	2	-1	0
187	184 99 34 157	4	2	0
188	337 318 384 159	3	1	0
189	41 186 181 216	4	5	0
190	6 327 45 258	1	-1	0
191	318 149 300 272	3	4	0
192	11 397 128 274	1	-1	0
193	268 203 359 306	3	3	0
194	269 216 320 337	4	5	0
195	71 259 280 351	3	3	0
196	140 126 135 118	2	-1	0
197	281 114 336 364	4	5	0
198	10 37 273 257	1	-1	0
199	247 146 63 254	3	4	0
200	343 303 201 159	4	2	0
201	306 107 42 40	2	-1	0
202	292 227 136 361	4	5	0
203	14 28 216 120	1	-1	0
204	297 327 31 322	4	5	0
205	12 200 63 29	1	-1	0
206	380 312 283 295	2	-1	0
207	300 337 332 205	3	3	0
208	39 113 154 288	3	4	0
209	37 376 373 223	4	3	0
210	184 389 97 331	2	-1	0
211	19 352 245 370	1	-1	0
212	12 393 349 144	1	-1	0
213	324 110 243 36	4	1	0
214	4 327 75 43	1	-1	0
215	6 320 152 275	1	-1	0
216	163 118 222 281	4	3	0
217	293 147 343 255	4	2	0
218	320 329 35 313	3	3	0
219	166 214 354 356	3	1	0
220	158 137 386 339	4	4	0
221	8 227 73 100	1	-1	0
222	228 111 66 290	2	-1	0
223	293 222 344 54	4	5	0
224	9 310 327 325	1	-1	0
225	170 100 36 159	2	-1	0
226	15 92 306 212	1	-1	0
227	174 254 260 290	4	4	0
228	163 176 70 235	3	2	0
229	211 38 56 159	4	3	0
230	32 252 376 267	2	-1	0
231	3 142 222 286	1	-1	0
232	383 117 184 259	3	4	0
233	108 30 25 60	2	-1	0
234	365 94 166 23	2	-1	0
235	6 327 21 50	1	-1	0
236	20 215 335 272	1	-1	0
237	361 100 171 123	3	2	0
238	13 384 226 285	1	-1	0
239	193 112 361 125	4	1	0
240	369 227 180 203	4	3	0
241	19 144 260 176	1	-1	0
242	198 268 296 71	2	-1	0
243	4 375 297 61	1	-1	0
244	159 92 118 314	2	-1	0
245	5 304 294 179	1	-1	0
246	190 73 117 80	2	-1	0
247	10 181 72 324	1	-1	0
248	66 174 338 276	3	2	0
249	4 289 273 393	1	-1	0
250	10 294 70 301	1	-1	0
251	118 333 73 234	2	-1	0
252	9 211 345 192	1	-1	0
253	21 85 214 385	3	5	0
254	173 396 71 329	4	1	0
255	65 98 144 357	2	-1	0
256	28 337 286 370	4	1	0
257	78 240 85 198	4	3	0
258	342 272 231 257	2	-1	0
259	108 166 183 235	4	2	0
260	190 272 106 335	3	2	0
261	11 131 231 285	1	-1	0
262	315 366 21 55	2	-1	0
263	239 357 300 104	4	3	0
264	314 120 270 296	3	3	0
265	10 399 344 213	1	-1	0
266	9 82 236 381	1	-1	0
267	18 270 193 229	1	-1	0
268	303 81 371 333	3	2	0
269	208 287 394 98	3	5	0
270	7 389 391 320	1	-1	0
271	390 147 286 343	4	3	0
272	372 36 81 349	2	-1	0
273	308 66 32 294	4	2	0
274	168 136 132 142	2	-1	0
275	340 124 269 317	3	3	0
276	9 156 365 398	1	-1	0
277	52 81 39 206	2	-1	0
278	302 395 241 114	4	4	0
279	90 103 22 173	4	2	0
280	96 206 33 253	4	5	0
281	50 90 69 256	3	5	0
282	218 283 156 165	2	-1	0
283	2 35 343 46	1	-1	0
284	8 255 67 325	1	-1	1
285	204 340 138 41	3	5	0
286	109 21 237 198	4	5	0
287	140 78 168 88	3	3	0
288	14 196 37 229	1	-1	0
289	388 103 124 372	3	2	0
290	29 307 306 239	2	-1	0
291	312 46 42 262	3	4	0
292	1 125 152 35	1	-1	0
293	204 43 325 346	3	1	0
294	217 261 228 110	3	1	0
295	134 98 55 139	2	-1	0
296	400 261 112 225	2	-1	0
297	39 252 186 306	2	-1	0
298	309 196 169 339	4	1	0
299	280 129 105 154	3	2	0
300	10 378 369 84	1	-1	0
301	242 241 380 203	4	4	0
302	285 64 41 343	2	-1	0
303	212 174 393 123	4	2	0
304	387 320 163 141	4	5	0
305	238 243 390 276	2	-1	0
306	3 32 329 67	1	-1	0
307	270 241 351 281	4	1	0
308	125 291 198 263	3	4	0
309	91 125 245 365	2	-1	0
310	50 326 71 353	4	4	0
311	18 178 249 125	1	-1	0
312	97 333 352 287	3	5	0
313	347 21 70 171	3	2	0
314	28 340 373 394	3	2	0
315	307 112 390 78	2	-1	0
316	8 338 29 135	1	-1	0
317	138 120 368 37	4	5	0
318	188 182 143 230	4	1	0
319	135 268 285 209	3	1	0
320	238 299 123 245	4	1	0
321	10 268 129 105	1	-1	0
322	324 317 285 74	3	4	0
323	14 323 47 54	1	-1	0
324	115 360 320 191	4	3	0
325	51 307 221 164	2	-1	0
326	3 159 326 44	1	-1	0
327	252 270 126 373	2	-1	0
328	280 278 369 309	3	3	0
329	3 35 27 285	1	-1	0
330	42 150 64 268	4	5	0
331	171 219 291 80	4	4	0
332	370 322 130 333	4	5	0
333	7 92 168 189	1	-1	0
334	8 65 309 313	1	-1	0
335	96 81 185 33	2	-1	0
336	248 328 160 105	4	3	0
337	13 375 46 38	1	-1	0
338	344 346 172 322	3	1	0
339	110 36 22 206	2	-1	0
340	399 143 21 110	2	-1	0
341	5 48 325 332	1	-1	0
342	1 57 100 67	1	-1	0
343	299 363 315 385	2	-1	0
344	6 87 284 149	1	-1	0
345	369 95 258 89	3	5	0
346	11 25 360 247	1	-1	0
347	132 158 335 79	4	3	0
348	74 279 25 79	2	-1	0
349	233 318 303 320	2	-1	0
350	25 206 217 248	3	4	0
351	205 86 252 392	2	-1	0
352	225 362 213 394	3	5	0
353	237 355 200 176	2	-1	0
354	1 172 319 240	1	-1	0
355	120 382 108 26	4	3	0
356	8 302 161 262	1	-1	0
357	8 231 195 87	1	-1	0
358	23 242 131 272	2	-1	0
359	6 199 265 170	1	-1	0
360	300 392 192 77	4	2	0
361	240 160 399 265	2	-1	0
362	26 186 222 225	3	3	0
363	68 340 200 119	3	3	0
364	357 204 278 382	4	4	0
365	230 306 99 192	2	-1	0
366	236 324 297 318	4	3	0
367	359 70 60 151	2	-1	1
368	172 333 57 123	3	4	0
369	5 310 142 328	1	-1	0
370	361 22 159 196	4	4	0
371	105 307 182 249	3	5	0
372	293 283 93 154	4	4	0
373	33 299 398 342	3	3	0
374	331 351 267 312	4	5	0
375	215 65 223 221	4	1	0
376	64 96 289 344	2	-1	0
377	12 118 352 147	1	-1	0
378	142 102 361 207	2	-1	0
379	285 212 370 394	4	4	0
380	263 222 266 362	2	-1	0
381	34 322 354 350	3	1	0
382	1 249 317 170	1	-1	0
383	211 122 333 396	2	-1	0
384	125 123 63 240	2	-1	0
385	86 26 176 105	2	-1	0
386	350 257 387 45	2	-1	0
387	8 378 373 50	1	-1	0
388	162 247 239 25	3	5	0
389	244 394 252 176	2	-1	0
390	9 304 382 149	1	-1	0
391	9 335 241 195	1	-1	0
392	80 316 297 311	3	1	0
393	55 67 289 242	4	5	0
394	329 375 378 140	3	2	0
395	398 260 45 383	2	-1	0
396	19 177 152 241	1	-1	0
397	91 202 346 68	2	-1	0
398	16 102 297 288	1	-1	0
399	305 287 241 124	4	1	0
400	325 370 62 127	2	-1	0
401	326 243 192 383	3	5	0
402	195 279 165 381	4	5	0
403	203 60 235 259	4	1	0
404	18 345 90 384	1	-1	0
405	383 48 248 44	4	2	0
406	178 274 333 152	3	5	0
407	354 271 119 39	4	5	0
408	316 211 41 179	3	2	0
409	250 298 205 273	2	-1	0
410	95 263 356 99	4	3	0
411	322 37 202 227	4	2	0
412	130 75 276 270	3	2	0
413	10 396 247 37	1	-1	0
414	285 185 263 248	3	1	0
415	16 360 241 79	1	-1	0
416	162 189 156 176	2	-1	0
417	171 103 344 175	3	1	0
418	356 345 25 343	2	-1	0
419	377 63 215 144	3	1	0
420	322 27 90 113	3	5	0
421	169 118 219 105	4	5	0
422	6 42 97 241	1	-1	0
423	278 264 213 247	4	1	0
424	114 352 361 109	2	-1	0
425	22 229 32 211	3	4	0
426	32 210 188 97	4	3	0
427	31 210 189 147	4	2	0
428	297 277 343 366	2	-1	0
429	162 94 120 337	2	-1	0
430	334 230 71 256	4	2	0
431	149 168 210 170	4	1	0
432	179 292 186 27	2	-1	0
433	9 207 172 248	1	-1	0
434	335 173 281 107	3	4	0
435	272 87 337 47	4	5	0
436	349 29 320 322	4	2	0
437	55 143 367 328	4	5	0
438	1 376 255 242	1	-1	0
439	9 322 239 72	1	-1	0
440	29 150 289 188	3	4	0
441	20 271 319 135	1	-1	0
442	87 282 341 279	2	-1	0
443	12 171 63 326	1	-1	0
444	123 136 362 215	3	3	0
445	9 295 183 162	1	-1	0
446	9 207 176 295	1	-1	0
447	19 182 349 128	1	-1	0
448	309 355 85 230	3	5	0
449	142 25 158 242	2	-1	0
450	73 147 267 197	2	-1	0
451	289 216 54 162	3	5	0
452	17 65 48 166	1	-1	0
453	180 283 168 340	4	5	0
454	265 321 388 189	4	4	0
455	1 378 99 224	1	-1	0
456	176 324 246 48	4	4	0
457	317 185 232 155	3	5	0
458	350 174 296 87	2	-1	0
459	155 38 104 137	4	2	0
460	6 234 215 343	1	-1	0
461	230 144 216 24	3	4	0
462	11 298 342 336	1	-1	0
463	217 162 43 117	4	5	0
464	303 68 126 301	4	2	0
465	145 61 265 374	3	3	0
466	34 340 52 106	2	-1	0
467	327 168 212 257	2	-1	0
468	84 279 175 29	3	5	0
469	45 93 109 227	2	-1	0
470	305 193 81 197	2	-1	0
471	17 279 66 41	1	-1	0
472	292 256 58 309	3	3	0
473	273 248 144 227	3	5	0
474	330 319 160 272	3	3	0
475	182 331 257 295	4	4	0
476	207 274 56 333	2	-1	0
477	45 229 261 215	3	5	0
478	2 217 73 283	1	-1	0
479	37 384 392 142	2	-1	0
480	10 140 54 215	1	-1	0
481	165 56 216 305	2	-1	0
482	4 341 120 241	1	-1	0
483	45 148 392 135	4	1	0
484	268 133 66 58	4	3	0
485	85 397 248 348	2	-1	0
486	89 242 315 119	3	3	0
487	211 208 242 150	4	2	0
488	225 33 39 146	2	-1	0
489	235 262 291 330	2	-1	0
490	135 136 365 120	4	2	0
491	7 323 45 174	1	-1	0
492	105 327 290 157	3	2	0
493	9 113 169 141	1	-1	0
494	12 56 128 325	1	-1	0
495	299 371 241 195	2	-1	0
496	5 128 300 191	1	-1	0
497	153 388 45 354	4	4	0
498	381 188 83 235	2	-1	0
499	8 77 128 84	1	-1	0
500	288 343 378 89	3	4	0
