Students	500
1	3 231 368 87	1	-1	0
2	196 111 199 344	2	-1	0
3	15 199 182 392	1	-1	0
4	41 246 279 45	2	-1	0
5	266 123 288 210	2	-1	0
6	82 44 284 389	3	3	0
7	251 87 306 269	3	5	0
8	157 215 222 89	2	-1	0
9	314 150 91 177	4	4	0
10	140 273 308 120	4	3	0
11	314 340 329 396	3	2	0
12	365 153 55 312	3	5	0
13	11 307 73 266	1	-1	0
14	261 222 208 310	4	2	0
15	274 41 131 180	3	1	0
16	130 112 89 335	3	5	0
17	2 378 317 136	1	-1	0
18	364 75 48 386	3	1	0
19	358 40 152 232	4	1	0
20	62 191 177 27	4	3	0
21	12 83 148 311	1	-1	0
22	3 146 196 193	1	-1	0
23	162 65 50 387	3	3	0
24	10 136 397 260	1	-1	0
25	290 128 211 223	4	1	0
26	8 65 391 133	1	-1	0
27	1 330 363 40	1	-1	0
28	253 345 374 176	2	-1	0
29	256 174 218 132	4	2	0
30	305 294 399 353	4	2	0
31	182 113 374 322	3	5	0
32	80 58 134 94	4	3	0
33	391 156 68 210	2	-1	0
34	106 381 226 197	3	3	0
35	248 37 50 297	2	-1	0
36	290 130 374 92	4	1	0
37	48 40 22 273	2	-1	0
38	310 329 94 150	4	3	0
39	269 348 370 78	2	-1	0
40	79 318 342 394	3	1	0
41	161 293 360 209	4	3	0
42	49 398 197 89	2	-1	0
43	193 321 313 381	4	1	0
44	87 54 258 77	3	1	0
45	290 281 51 201	4	2	0
46	26 40 240 297	4	2	0
47	222 114 95 299	2	-1	0
48	30 206 23 310	4	5	0
49	180 210 367 100	2	-1	0
50	1 46 211 372	1	-1	0
51	124 75 31 72	2	-1	0
52	147 266 101 113	3	5	0
53	18 325 52 206	1	-1	0
54	367 284 279 233	4	5	0
55	301 189 373 347	2	-1	0
56	20 247 23 290	1	-1	0
57	18 96 348 110	1	-1	0
58	281 379 172 398	4	4	0
59	197 244 263 207	3	3	0
60	189 85 40 326	2	-1	0
61	3 161 395 162	1	-1	0
62	7 163 398 179	1	-1	0
63	287 397 341 72	3	4	0
64	154 342 203 54	2	-1	0
65	18 138 67 201	1	-1	0
66	8 218 21 273	1	-1	0
67	84 149 347 360	3	2	0
68	353 322 23 116	3	1	0
69	161 92 130 350	4	1	0
70	19 92 95 57	1	-1	0
71	171 116 67 59	2	-1	0
72	100 147 143 237	2	-1	0
73	197 306 44 65	2	-1	0
74	332 241 381 370	3	2	0
75	25 263 315 282	2	-1	0
76	16 149 383 162	1	-1	0
77	206 209 251 276	4	4	0
78	87 58 140 200	3	3	0
79	55 73 340 305	3	3	0
80	5 320 365 222	1	-1	0
81	255 227 385 91	4	1	0
82	255 203 249 174	2	-1	0
83	108 346 243 56	2	-1	0
84	381 260 285 349	3	2	0
85	275 256 235 101	2	-1	0
86	241 299 138 378	4	5	0
87	276 344 129 80	4	1	0
88	346 163 192 378	3	3	0
89	35 112 121 183	4	5	0
90	3 378 111 398	1	-1	0
91	400 73 135 229	2	-1	0
92	7 276 279 103	1	-1	0
93	20 240 245 55	1	-1	0
94	45 289 377 91	4	5	0
95	32 54 50 181	3	1	0
96	204 240 30 28	2	-1	0
97	239 104 332 250	4	2	0
98	200 89 364 282	2	-1	0
99	7 371 132 276	1	-1	0
100	10 335 150 318	1	-1	0
101	38 310 282 85	3	2	0
102	272 180 134 184	4	1	0
103	13 225 269 127	1	-1	0
104	219 296 337 379	2	-1	0
105	18 352 83 123	1	-1	0
106	64 205 113 333	3	4	0
107	24 199 173 69	4	4	0
108	144 310 342 349	4	3	0
109	18 217 350 57	1	-1	0
110	306 320 132 87	4	1	0
111	269 306 289 32	4	3	0
112	285 148 294 95	3	5	0
113	326 395 150 126	2	-1	0
114	232 366 312 257	3	1	0
115	196 335 179 336	2	-1	0
116	322 362 146 48	2	-1	0
117	207 362 73 361	2	-1	0
118	2 238 258 99	1	-1	0
119	348 164 66 29	4	3	0
120	338 175 321 380	3	1	0
121	290 124 310 51	4	3	0
122	259 173 88 136	3	5	0
123	1 47 211 365	1	-1	0
124	143 323 321 369	3	3	0
125	247 214 237 249	4	3	0
126	9 204 41 67	1	-1	0
127	237 31 287 60	3	5	0
128	10 93 332 185	1	-1	0
129	8 100 138 318	1	-1	0
130	65 370 290 155	2	-1	0
131	8 240 108 36	1	-1	0
132	175 141 295 179	2	-1	0
133	9 302 391 152	1	-1	0
134	213 114 171 65	4	3	0
135	6 186 336 132	1	-1	0
136	169 128 333 398	4	4	0
137	329 109 30 235	4	4	0
138	184 379 370 160	4	5	0
139	244 153 59 72	2	-1	0
140	300 203 205 301	2	-1	0
141	331 375 137 311	2	-1	0
142	376 370 358 112	3	5	0
143	180 327 140 144	3	3	0
144	384 116 232 41	4	1	0
145	10 194 214 181	1	-1	0
146	175 128 300 107	2	-1	0
147	250 140 31 130	2	-1	0
148	357 169 63 222	2	-1	0
149	290 153 353 46	2	-1	0
150	200 175 242 218	2	-1	0
151	30 116 272 31	3	1	0
152	58 64 338 268	3	2	0
153	11 82 384 188	1	-1	0
154	12 117 371 37	1	-1	0
155	235 336 320 203	3	3	0
156	274 39 160 83	2	-1	0
157	176 120 61 211	4	3	0
158	158 122 293 368	4	4	0
159	6 315 297 22	1	-1	0
160	119 206 381 229	3	5	0
161	18 318 367 377	1	-1	0
162	117 57 153 394	2	-1	0
163	80 273 91 367	2	-1	0
164	5 126 134 294	1	-1	0
165	259 228 262 134	3	1	0
166	148 233 42 169	4	4	0
167	41 225 392 370	2	-1	0
168	62 229 173 156	4	5	0
169	10 140 87 142	1	-1	0
170	9 231 376 98	1	-1	0
171	162 125 269 201	3	1	0
172	7 328 242 133	1	-1	0
173	345 213 272 269	2	-1	0
174	33 31 311 193	3	1	0
175	391 233 105 377	2	-1	0
176	215 368 118 376	3	2	0
177	234 131 276 222	3	1	0
178	13 300 283 332	1	-1	0
179	323 158 286 54	4	2	0
180	21 97 380 58	4	2	0
181	19 222 43 130	1	-1	0
182	252 327 61 146	2	-1	0
183	97 225 339 312	4	3	0
184	384 141 32 121	2	-1	0
185	315 131 59 298	3	5	0
186	63 313 338 176	4	2	0
187	218 303 279 312	2	-1	0
188	77 269 36 196	3	4	0
189	246 217 27 256	2	-1	0
190	15 360 47 205	1	-1	0
191	181 89 363 263	4	3	0
192	73 311 374 138	4	2	0
193	348 152 240 339	3	1	0
194	298 269 203 66	4	3	0
195	346 67 227 83	2	-1	0
196	134 160 254 32	4	2	0
197	318 210 164 277	4	4	0
198	191 41 357 127	2	-1	0
199	19 190 184 279	1	-1	0
200	170 288 120 88	3	2	0
201	148 98 333 344	3	2	0
202	30 79 328 134	2	-1	0
203	102 276 34 270	3	4	0
204	254 306 144 168	4	4	0
205	8 277 58 119	1	-1	0
206	12 257 46 253	1	-1	0
207	134 339 207 310	3	1	0
208	15 87 91 202	1	-1	0
209	9 295 87 180	1	-1	0
210	16 40 112 155	1	-1	0
211	59 111 297 189	2	-1	0
212	273 137 37 249	2	-1	0
213	394 139 197 122	3	3	0
214	54 380 144 250	2	-1	0
215	180 259 228 37	3	3	0
216	289 271 372 253	4	5	0
217	243 126 283 390	4	2	0
218	286 72 396 167	4	2	0
219	5 212 366 82	1	-1	0
220	200 218 264 198	3	4	0
221	185 287 160 270	2	-1	0
222	286 153 377 52	4	3	0
223	127 373 55 186	2	-1	0
224	45 190 270 178	4	3	0
225	265 374 306 268	3	1	0
226	231 23 107 378	4	5	0
227	81 398 41 379	4	2	0
228	166 256 210 211	2	-1	0
229	83 311 145 296	3	5	0
230	14 270 396 65	1	-1	0
231	67 224 254 205	2	-1	0
232	11 208 56 223	1	-1	0
233	117 109 108 170	2	-1	0
234	10 23 330 319	1	-1	0
235	383 178 117 165	3	3	0
236	13 152 339 179	1	-1	0
237	273 297 277 158	2	-1	0
238	19 41 30 304	1	-1	0
239	235 115 233 187	3	2	0
240	2 45 373 369	1	-1	0
241	4 268 134 80	1	-1	0
242	15 100 78 143	1	-1	0
243	19 374 352 94	1	-1	0
244	351 299 131 391	2	-1	0
245	200 139 83 287	2	-1	0
246	298 248 161 164	2	-1	0
247	19 398 30 80	1	-1	0
248	39 333 243 360	2	-1	0
249	234 178 395 389	3	5	0
250	385 84 189 278	3	5	0
251	236 109 396 223	4	2	0
252	202 178 217 77	3	3	0
253	240 163 115 296	4	2	0
254	206 188 382 120	3	3	0
255	34 91 242 199	3	2	0
256	144 218 208 278	2	-1	0
257	1 47 49 147	1	-1	0
258	17 352 157 394	1	-1	0
259	271 206 374 128	2	-1	0
260	325 364 40 28	3	2	0
261	96 200 130 85	4	5	0
262	20 250 260 332	1	-1	0
263	10 164 147 98	1	-1	0
264	150 87 324 158	3	2	0
265	20 283 29 221	1	-1	0
266	153 46 102 152	2	-1	0
267	347 79 314 325	4	2	0
268	72 333 302 340	3	1	0
269	309 178 368 288	4	5	0
270	298 370 310 277	4	1	0
271	391 202 323 191	4	5	0
272	123 366 43 202	2	-1	0
273	393 98 372 303	2	-1	0
274	399 137 52 61	4	3	0
275	203 108 33 167	2	-1	0
276	166 195 373 365	4	5	0
277	13 119 100 368	1	-1	0
278	224 393 211 213	2	-1	0
279	8 389 323 169	1	-1	0
280	392 373 329 285	2	-1	0
281	253 246 32 342	4	3	0
282	393 394 28 60	3	2	0
283	26 41 295 190	4	3	0
284	1 239 205 193	1	-1	0
285	9 270 138 335	1	-1	0
286	27 227 261 268	2	-1	0
287	294 148 220 362	3	1	0
288	32 249 220 239	3	2	0
289	359 116 229 380	4	1	0
290	337 210 221 129	3	3	0
291	376 397 170 216	3	3	0
292	170 52 333 133	3	2	0
293	268 43 111 73	3	3	0
294	200 300 97 85	2	-1	0
295	3 310 342 282	1	-1	0
296	312 163 314 391	2	-1	0
297	1 353 211 97	1	-1	0
298	53 212 272 358	4	5	0
299	279 66 362 321	2	-1	0
300	187 183 194 250	4	5	0
301	112 270 284 399	4	4	0
302	26 311 82 393	2	-1	0
303	323 27 182 29	4	3	0
304	11 90 121 72	1	-1	0
305	145 92 380 269	2	-1	0
306	14 290 139 391	1	-1	0
307	134 159 258 163	3	2	0
308	15 30 104 383	1	-1	0
309	299 236 120 93	2	-1	0
310	8 154 239 118	1	-1	0
311	4 37 279 159	1	-1	0
312	6 242 95 164	1	-1	0
313	122 339 82 219	3	3	0
314	237 317 103 373	4	1	0
315	60 228 70 303	3	2	0
316	392 394 216 360	3	1	0
317	19 218 286 103	1	-1	0
318	308 345 378 380	2	-1	0
319	75 69 68 278	4	3	0
320	206 368 201 131	2	-1	0
321	99 71 120 190	3	3	0
322	77 385 72 170	4	4	0
323	233 58 134 346	2	-1	0
324	181 227 97 146	2	-1	0
325	18 95 105 252	1	-1	0
326	122 148 33 225	3	3	0
327	99 390 226 347	3	4	0
328	272 29 381 281	4	1	0
329	6 229 336 41	1	-1	0
330	14 270 94 126	1	-1	0
331	145 380 168 239	4	4	0
332	9 130 289 341	1	-1	0
333	53 301 303 23	3	2	0
334	20 186 347 91	1	-1	0
335	15 154 148 373	1	-1	0
336	391 298 82 375	4	1	0
337	355 207 288 344	3	2	0
338	149 271 353 296	3	2	0
339	288 307 222 387	2	-1	0
340	4 86 226 299	1	-1	0
341	8 104 195 355	1	-1	0
342	273 249 388 277	2	-1	0
343	130 206 266 307	3	1	0
344	303 162 208 26	3	5	0
345	7 349 281 193	1	-1	0
346	17 220 235 123	1	-1	0
347	67 375 187 394	3	1	0
348	313 361 86 336	3	5	0
349	19 342 242 349	1	-1	0
350	4 24 61 195	1	-1	0
351	13 282 304 277	1	-1	0
352	334 216 266 200	3	1	0
353	8 390 370 244	1	-1	0
354	8 385 250 157	1	-1	0
355	81 294 59 134	4	4	0
356	100 271 155 93	2	-1	0
357	344 134 190 350	3	5	0
358	160 94 76 306	3	1	0
359	381 117 233 324	2	-1	0
360	360 295 123 312	4	4	0
361	75 72 229 197	2	-1	0
362	3 99 359 372	1	-1	0
363	374 136 310 174	4	3	0
364	378 197 296 42	4	5	0
365	8 279 82 302	1	-1	0
366	15 27 308 354	1	-1	0
367	265 287 368 338	4	5	0
368	153 212 350 397	3	2	0
369	18 343 36 53	1	-1	0
370	5 86 322 206	1	-1	0
371	381 46 42 318	2	-1	0
372	20 393 272 40	1	-1	0
373	262 172 315 146	2	-1	0
374	129 59 90 371	3	4	1
375	91 71 279 31	4	4	0
376	215 78 165 134	3	4	0
377	372 368 136 95	4	1	0
378	234 26 29 129	3	5	0
379	153 169 133 232	4	2	0
380	355 165 110 34	2	-1	0
381	255 270 109 196	4	2	0
382	8 37 202 26	1	-1	0
383	4 143 183 246	1	-1	0
384	381 191 305 172	4	3	0
385	180 243 96 384	3	4	0
386	243 44 53 389	4	5	0
387	119 47 399 398	4	4	0
388	376 355 281 100	4	1	1
389	230 191 21 164	4	5	0
390	303 31 183 137	3	5	0
391	5 133 163 209	1	-1	0
392	379 62 368 48	2	-1	0
393	9 155 211 266	1	-1	0
394	135 289 236 158	2	-1	0
395	392 91 96 205	4	4	0
396	321 351 335 144	4	5	0
397	12 55 274 308	1	-1	0
398	206 269 230 229	4	4	0
399	134 355 44 399	2	-1	0
400	271 136 205 357	3	2	0
401	12 180 163 377	1	-1	0
402	14 37 362 153	1	-1	0
403	277 137 369 283	2	-1	0
404	14 292 278 153	1	-1	0
405	12 197 191 44	1	-1	0
406	142 208 392 118	4	5	0
407	214 39 199 96	3	5	0
408	99 117 61 177	2	-1	0
409	270 218 69 287	2	-1	0
410	20 321 337 244	1	-1	0
411	8 234 66 193	1	-1	0
412	19 274 194 209	1	-1	0
413	295 264 306 379	4	2	0
414	154 320 301 233	4	5	0
415	118 358 133 186	3	1	0
416	270 214 51 396	2	-1	0
417	172 336 58 247	4	4	0
418	236 238 212 138	4	3	0
419	179 32 385 162	3	3	0
420	336 230 42 306	4	1	0
421	380 177 69 351	3	2	0
422	339 312 248 116	4	2	0
423	181 145 203 124	3	5	0
424	381 224 371 240	2	-1	0
425	229 235 68 397	4	3	0
426	386 306 296 272	2	-1	0
427	185 187 380 179	2	-1	0
428	112 73 186 67	4	2	0
429	383 243 61 184	3	4	0
430	312 211 200 226	2	-1	0
431	224 76 320 24	2	-1	0
432	253 170 327 171	4	4	0
433	6 344 249 212	1	-1	0
434	100 355 228 393	3	4	0
435	200 342 109 362	2	-1	1
436	172 341 291 177	2	-1	0
437	16 240 184 196	1	-1	0
438	207 59 44 65	4	5	0
439	214 373 296 201	3	5	0
440	396 297 152 194	2	-1	0
441	206 91 71 311	3	5	0
442	236 124 51 339	4	4	0
443	154 356 279 155	3	5	0
444	17 187 198 340	1	-1	0
445	74 107 240 331	4	5	0
446	9 55 21 296	1	-1	0
447	356 51 288 116	4	4	0
448	2 40 279 75	1	-1	0
449	15 375 197 158	1	-1	0
450	5 49 346 119	1	-1	0
451	67 186 252 281	4	3	0
452	298 190 35 79	2	-1	1
453	200 342 125 335	2	-1	0
454	18 52 399 285	1	-1	0
455	32 294 102 290	3	2	0
456	7 307 73 132	1	-1	0
457	227 53 158 290	4	4	0
458	335 242 96 74	4	5	0
459	138 292 260 400	4	1	0
460	322 120 359 191	3	5	0
461	188 256 249 108	4	3	0
462	340 365 141 282	4	3	0
463	111 253 152 376	4	3	0
464	18 224 244 108	1	-1	0
465	6 210 166 156	1	-1	0
466	303 244 124 393	4	1	0
467	37 187 104 348	2	-1	0
468	305 30 285 120	4	5	0
469	109 21 148 341	3	5	0
470	232 61 259 204	4	2	0
471	258 223 160 230	2	-1	0
472	2 297 220 309	1	-1	0
473	113 246 316 107	2	-1	0
474	5 244 135 170	1	-1	0
475	9 152 45 331	1	-1	0
476	323 214 236 212	3	1	0
477	373 327 31 39	4	4	0
478	396 261 147 352	4	1	0
479	10 121 303 141	1	-1	0
480	277 232 285 243	2	-1	0
481	284 168 70 195	2	-1	0
482	185 148 272 124	2	-1	0
483	3 89 327 160	1	-1	0
484	378 80 391 224	2	-1	0
485	127 266 321 292	4	4	0
486	6 170 44 289	1	-1	0
487	144 124 26 68	4	4	0
488	16 256 180 354	1	-1	0
489	3 393 25 395	1	-1	0
490	13 146 125 226	1	-1	0
491	125 334 44 317	3	5	0
492	265 72 136 269	3	1	0
493	144 120 89 73	4	4	0
494	395 276 330 158	4	1	0
495	40 356 172 270	4	2	0
496	386 364 236 25	2	-1	0
497	118 44 359 394	4	3	0
498	372 276 289 149	3	5	0
499	11 356 49 359	1	-1	0
500	346 255 181 130	4	5	0
