Students	500
1	269 154 315 394	3	3	0
2	275 171 311 351	4	1	0
3	8 101 42 377	1	-1	0
4	42 293 173 324	2	-1	0
5	243 219 177 282	4	2	0
6	91 201 349 278	3	2	0
7	8 251 305 193	1	-1	0
8	95 287 144 238	2	-1	0
9	239 314 327 384	2	-1	0
10	159 181 381 73	3	5	0
11	283 327 304 371	4	3	0
12	356 77 204 56	2	-1	0
13	43 235 192 32	4	3	0
14	10 70 375 198	1	-1	0
15	361 195 77 377	3	3	0
16	344 42 66 228	4	2	0
17	144 386 170 109	4	2	0
18	280 190 91 215	2	-1	0
19	386 164 81 214	4	3	0
20	202 49 295 340	3	4	0
21	287 26 94 272	2	-1	0
22	5 151 351 149	1	-1	0
23	6 351 278 134	1	-1	0
24	11 32 126 130	1	-1	0
25	147 331 244 329	4	1	0
26	3 189 183 154	1	-1	0
27	324 54 81 55	2	-1	0
28	6 323 347 338	1	-1	0
29	102 331 62 50	2	-1	0
30	40 173 134 161	4	2	0
31	26 230 390 185	2	-1	0
32	336 43 244 51	3	4	0
33	93 211 46 88	2	-1	0
34	83 322 306 358	3	5	0
35	288 170 74 152	3	2	0
36	1 169 383 186	1	-1	0
37	20 113 317 375	1	-1	0
38	351 286 144 150	3	5	0
39	13 37 372 204	1	-1	0
40	20 310 250 274	1	-1	0
41	7 296 224 365	1	-1	0
42	263 299 63 381	4	3	0
43	123 88 285 134	2	-1	0
44	70 72 73 38	4	1	0
45	120 218 24 290	3	2	0
46	4 162 386 312	1	-1	0
47	83 354 209 380	2	-1	0
48	11 338 35 328	1	-1	0
49	173 330 381 377	2	-1	1
50	262 281 184 255	3	1	0
51	12 241 25 350	1	-1	0
52	367 44 225 376	4	3	0
53	211 87 224 241	3	2	0
54	207 374 115 82	2	-1	0
55	231 218 242 356	2	-1	0
56	59 343 322 310	3	1	0
57	94 156 88 342	3	1	0
58	15 273 309 354	1	-1	0
59	183 83 223 272	3	4	0
60	306 192 197 395	3	4	0
61	123 353 233 366	2	-1	0
62	251 237 388 40	2	-1	0
63	232 235 87 215	2	-1	0
64	73 372 104 165	2	-1	0
65	8 343 89 196	1	-1	0
66	390 375 77 184	2	-1	0
67	234 335 43 277	2	-1	0
68	9 41 327 242	1	-1	0
69	336 295 63 318	2	-1	0
70	324 179 28 250	3	3	0
71	333 180 226 62	2	-1	0
72	309 259 395 236	3	4	0
73	300 169 274 353	3	4	0
74	267 353 360 289	4	2	0
75	357 121 346 390	3	3	0
76	121 112 26 316	4	3	0
77	35 357 199 260	4	5	0
78	295 31 66 122	3	3	0
79	389 100 246 263	3	3	0
80	3 370 85 345	1	-1	0
81	16 272 60 175	1	-1	0
82	8 31 66 349	1	-1	0
83	231 21 70 318	3	3	0
84	12 109 240 276	1	-1	0
85	286 360 350 240	4	1	0
86	19 76 128 322	1	-1	0
87	140 379 36 240	4	4	0
88	15 250 252 55	1	-1	0
89	4 30 28 210	1	-1	0
90	259 273 238 355	2	-1	0
91	20 42 272 392	1	-1	0
92	207 99 117 173	2	-1	0
93	258 261 201 85	3	5	0
94	139 393 376 277	3	4	0
95	146 73 336 209	4	1	0
96	335 215 317 22	3	3	0
97	400 333 292 221	2	-1	0
98	104 389 368 165	3	2	0
99	292 393 145 398	2	-1	0
100	370 269 175 187	3	5	0
101	3 376 168 87	1	-1	0
102	230 105 318 130	3	1	0
103	391 175 291 108	3	5	0
104	8 364 287 232	1	-1	0
105	75 248 308 133	2	-1	0
106	12 227 123 337	1	-1	0
107	272 106 138 146	3	1	0
108	14 252 67 334	1	-1	0
109	93 230 357 373	2	-1	0
110	204 48 395 266	2	-1	0
111	202 43 191 226	4	1	0
112	267 272 66 52	4	1	0
113	263 227 194 58	4	3	0
114	382 174 246 154	3	3	0
115	133 347 383 39	3	4	0
116	393 62 178 155	2	-1	0
117	153 232 218 135	4	1	0
118	224 252 399 42	2	-1	0
119	332 86 261 176	2	-1	0
120	184 155 396 307	2	-1	0
121	220 172 119 240	4	1	0
122	394 299 105 268	3	3	0
123	68 380 119 205	4	5	0
124	16 358 188 68	1	-1	0
125	142 346 81 261	4	1	0
126	272 42 195 343	3	1	0
127	147 388 107 189	2	-1	0
128	307 183 230 252	3	2	0
129	7 320 263 201	1	-1	0
130	212 153 134 300	3	4	1
131	288 55 375 334	4	1	0
132	318 273 304 204	2	-1	0
133	341 83 206 28	4	5	0
134	324 356 157 106	4	4	0
135	137 147 360 161	3	5	0
136	199 215 106 186	2	-1	0
137	319 280 164 117	3	4	0
138	7 163 167 246	1	-1	0
139	386 303 128 31	2	-1	0
140	11 378 277 369	1	-1	0
141	4 137 218 55	1	-1	0
142	74 368 177 244	3	3	0
143	6 252 231 204	1	-1	0
144	217 364 306 36	3	4	0
145	69 316 111 217	3	2	0
146	98 284 91 348	2	-1	0
147	3 301 220 176	1	-1	0
148	357 218 333 179	2	-1	0
149	236 218 215 216	2	-1	0
150	175 317 162 283	2	-1	0
151	85 180 188 78	3	4	0
152	352 275 296 128	4	4	0
153	14 168 134 111	1	-1	0
154	84 131 360 273	4	5	0
155	380 391 238 290	2	-1	0
156	14 56 305 87	1	-1	0
157	373 146 271 202	3	1	0
158	270 307 254 136	3	3	0
159	336 389 223 75	4	2	0
160	316 84 336 359	3	2	0
161	301 28 186 115	3	1	0
162	359 97 122 222	4	1	0
163	329 235 95 82	4	3	0
164	313 57 252 27	2	-1	0
165	1 364 343 225	1	-1	0
166	7 400 369 337	1	-1	0
167	9 253 191 273	1	-1	0
168	39 332 69 379	2	-1	0
169	13 97 84 271	1	-1	0
170	282 55 338 166	2	-1	0
171	7 302 307 393	1	-1	0
172	28 216 334 165	4	1	0
173	215 175 134 71	2	-1	0
174	20 52 181 399	1	-1	0
175	82 256 94 184	3	2	0
176	136 74 349 365	2	-1	0
177	385 29 310 25	4	1	0
178	378 272 269 56	3	5	0
179	40 323 220 330	3	3	0
180	34 52 33 296	3	3	0
181	8 334 397 119	1	-1	0
182	13 355 171 293	1	-1	0
183	3 128 143 320	1	-1	0
184	14 205 348 89	1	-1	0
185	7 206 226 140	1	-1	0
186	8 382 383 337	1	-1	0
187	68 336 328 178	2	-1	0
188	61 299 165 253	3	1	0
189	196 281 219 294	2	-1	0
190	38 349 233 311	2	-1	0
191	215 258 240 349	3	3	0
192	8 225 177 235	1	-1	0
193	169 146 57 83	4	5	0
194	360 397 116 93	4	2	0
195	161 225 219 346	2	-1	0
196	391 98 93 41	4	4	0
197	343 298 39 183	4	2	0
198	375 55 182 397	4	1	0
199	6 44 291 65	1	-1	0
200	339 150 153 376	3	5	0
201	318 162 76 373	2	-1	0
202	18 135 326 103	1	-1	0
203	308 40 153 140	3	1	0
204	65 34 250 28	2	-1	0
205	7 128 311 261	1	-1	0
206	2 357 191 354	1	-1	0
207	15 307 85 125	1	-1	0
208	10 317 305 135	1	-1	0
209	222 275 396 223	3	1	0
210	224 166 367 321	4	4	0
211	116 226 376 190	3	4	0
212	218 113 314 146	4	1	0
213	8 68 186 184	1	-1	0
214	25 195 277 199	2	-1	0
215	89 168 211 184	3	5	0
216	298 51 311 345	3	3	0
217	193 168 330 380	3	3	0
218	272 90 50 108	4	2	0
219	12 234 379 383	1	-1	0
220	103 63 40 365	2	-1	0
221	338 177 349 218	4	3	0
222	340 397 37 326	3	4	0
223	226 41 181 241	3	4	0
224	238 127 159 100	2	-1	0
225	272 289 104 32	3	2	0
226	17 371 375 170	1	-1	0
227	125 27 24 154	3	5	0
228	15 103 219 94	1	-1	0
229	95 176 180 341	4	4	0
230	203 156 196 202	3	4	0
231	1 238 58 273	1	-1	0
232	5 172 353 44	1	-1	0
233	269 61 317 318	4	2	0
234	27 202 280 175	2	-1	0
235	27 391 197 246	4	2	0
236	1 331 304 226	1	-1	0
237	202 180 356 55	4	5	0
238	325 356 58 392	4	4	0
239	51 193 100 199	4	5	0
240	94 396 389 116	2	-1	0
241	69 122 68 343	2	-1	0
242	286 159 106 239	4	3	0
243	11 213 278 196	1	-1	0
244	81 160 148 303	4	1	0
245	9 227 314 388	1	-1	0
246	20 103 332 175	1	-1	0
247	291 324 354 270	3	2	0
248	284 368 363 177	3	4	0
249	272 197 37 267	4	1	0
250	10 269 35 43	1	-1	0
251	2 122 341 354	1	-1	0
252	371 269 143 369	4	1	0
253	17 182 266 41	1	-1	1
254	237 120 375 212	2	-1	0
255	388 98 99 336	2	-1	0
256	326 239 261 198	3	5	0
257	359 260 370 322	3	5	0
258	127 89 165 176	3	2	0
259	37 139 265 104	4	4	0
260	268 138 293 26	3	4	0
261	301 357 316 248	3	3	0
262	378 379 179 247	2	-1	0
263	128 61 34 394	4	2	0
264	259 159 211 174	2	-1	0
265	284 256 34 325	4	1	0
266	333 143 63 230	3	5	0
267	371 251 98 309	4	3	0
268	60 96 233 103	4	1	0
269	84 44 299 37	4	3	0
270	318 36 44 309	4	3	0
271	59 312 247 114	4	3	0
272	346 95 86 90	3	3	0
273	69 216 96 360	4	3	0
274	18 149 253 261	1	-1	0
275	14 291 368 310	1	-1	0
276	18 57 218 252	1	-1	0
277	160 322 314 62	3	4	0
278	22 118 350 310	2	-1	0
279	204 272 195 139	4	4	0
280	238 98 271 266	3	3	0
281	313 377 379 301	4	5	0
282	11 196 95 106	1	-1	0
283	190 91 358 221	4	1	0
284	201 217 39 336	3	1	0
285	223 232 219 256	3	1	0
286	369 399 160 218	2	-1	0
287	234 261 148 173	3	2	0
288	20 80 317 153	1	-1	0
289	214 283 252 178	4	4	0
290	49 243 365 259	4	5	0
291	201 293 263 150	3	2	0
292	113 159 386 218	3	3	0
293	4 370 156 237	1	-1	0
294	9 320 88 200	1	-1	0
295	196 399 269 354	2	-1	0
296	169 307 126 140	4	4	0
297	7 342 202 129	1	-1	0
298	114 358 301 341	2	-1	0
299	219 272 116 391	2	-1	0
300	303 39 352 266	2	-1	0
301	89 195 80 28	3	2	0
302	4 22 158 244	1	-1	0
303	9 117 351 362	1	-1	0
304	338 193 287 370	3	2	0
305	385 261 101 25	3	3	0
306	3 129 345 162	1	-1	0
307	267 214 363 279	4	5	0
308	361 164 33 263	3	1	0
309	374 39 26 161	2	-1	0
310	13 243 295 179	1	-1	0
311	360 33 87 124	4	1	0
312	310 200 255 230	3	5	0
313	168 124 188 253	3	2	0
314	235 209 202 182	2	-1	0
315	241 50 44 297	2	-1	0
316	130 156 209 199	4	5	0
317	304 144 154 65	4	4	0
318	377 254 341 290	4	5	0
319	345 347 40 389	3	5	0
320	15 39 7 234	1	-1	0
321	60 376 129 189	2	-1	0
322	178 201 114 219	3	2	0
323	271 88 281 94	4	1	0
324	229 299 236 376	2	-1	0
325	168 319 315 101	3	5	0
326	110 112 125 193	4	5	0
327	8 97 172 37	1	-1	0
328	371 193 256 70	4	1	0
329	7 354 159 236	1	-1	0
330	393 27 328 168	2	-1	0
331	326 142 47 250	3	4	0
332	121 230 217 191	4	2	0
333	287 308 395 76	2	-1	0
334	16 133 79 233	1	-1	0
335	353 243 74 174	2	-1	0
336	393 264 235 105	2	-1	0
337	13 172 292 258	1	-1	0
338	20 182 390 258	1	-1	0
339	9 323 198 361	1	-1	0
340	319 247 352 107	4	2	0
341	7 367 166 182	1	-1	0
342	153 356 132 229	4	1	0
343	209 322 98 347	2	-1	0
344	113 208 215 72	3	5	0
345	121 71 392 221	2	-1	0
346	281 262 74 328	3	5	0
347	16 201 51 343	1	-1	0
348	339 23 143 181	2	-1	0
349	142 255 310 24	3	3	0
350	8 79 235 378	1	-1	0
351	203 153 77 398	2	-1	0
352	182 192 222 127	3	1	0
353	17 238 257 351	1	-1	0
354	82 294 232 79	2	-1	0
355	283 220 335 147	2	-1	0
356	382 71 166 349	4	4	0
357	271 125 246 273	4	2	1
358	100 243 183 297	2	-1	0
359	174 181 173 155	4	5	0
360	126 191 95 25	2	-1	0
361	125 158 176 63	3	4	0
362	201 315 94 291	4	2	0
363	15 220 187 378	1	-1	0
364	69 79 394 287	4	3	0
365	5 57 227 264	1	-1	0
366	37 164 194 47	2	-1	0
367	31 47 23 345	2	-1	0
368	15 22 370 161	1	-1	0
369	248 81 101 358	4	1	0
370	142 285 208 278	3	1	0
371	8 217 176 103	1	-1	0
372	93 101 195 148	2	-1	0
373	320 357 145 193	3	4	0
374	307 101 84 120	4	4	0
375	317 157 65 329	3	5	0
376	16 34 345 100	1	-1	0
377	20 394 325 65	1	-1	0
378	67 397 346 109	2	-1	0
379	209 301 168 295	4	5	0
380	12 100 217 80	1	-1	0
381	109 62 200 267	4	5	0
382	199 119 308 217	2	-1	0
383	385 120 116 185	2	-1	0
384	12 213 306 233	1	-1	0
385	193 318 265 125	3	5	0
386	13 376 120 186	1	-1	0
387	181 335 103 140	4	4	0
388	62 201 94 258	4	3	0
389	246 266 326 298	3	5	0
390	19 183 151 282	1	-1	0
391	43 314 33 311	3	3	0
392	147 179 166 314	4	4	0
393	36 165 209 81	3	1	0
394	4 360 304 133	1	-1	0
395	102 198 37 130	4	5	0
396	5 125 41 264	1	-1	0
397	47 306 271 328	4	1	0
398	379 54 342 106	4	1	0
399	20 113 269 235	1	-1	0
400	221 197 121 173	3	4	0
401	283 330 147 86	2	-1	0
402	2 261 287 251	1	-1	0
403	98 178 141 177	3	2	0
404	11 163 349 307	1	-1	0
405	19 399 285 396	1	-1	0
406	122 289 70 262	2	-1	0
407	236 322 152 297	4	4	0
408	253 90 302 343	3	4	0
409	227 396 359 266	4	5	0
410	317 87 175 92	2	-1	0
411	213 114 36 382	2	-1	1
412	43 125 120 397	3	5	0
413	250 178 41 352	3	4	0
414	328 33 88 219	3	1	0
415	284 88 138 272	2	-1	0
416	333 110 212 306	2	-1	0
417	52 160 228 211	4	2	0
418	269 154 96 36	4	5	0
419	29 330 374 158	2	-1	0
420	189 375 176 162	4	5	0
421	15 47 96 21	1	-1	0
422	15 35 117 96	1	-1	0
423	7 193 215 84	1	-1	1
424	350 299 148 76	4	5	0
425	241 267 86 371	3	1	0
426	66 351 33 30	3	3	0
427	134 119 263 197	2	-1	0
428	197 276 290 153	3	2	0
429	305 32 307 253	4	5	0
430	110 242 337 278	3	1	0
431	128 311 88 176	3	1	0
432	321 67 92 54	3	5	0
433	302 301 317 389	3	2	0
434	172 388 106 154	4	2	0
435	354 318 221 283	2	-1	0
436	159 387 123 111	3	1	0
437	13 45 138 317	1	-1	0
438	84 92 133 146	3	4	0
439	195 163 155 288	4	4	0
440	249 89 350 173	2	-1	0
441	324 36 30 316	4	3	0
442	136 317 82 162	3	2	0
443	231 210 350 274	4	2	0
444	190 255 271 349	4	5	0
445	50 356 95 396	4	1	0
446	2 371 87 128	1	-1	0
447	30 126 161 89	4	1	0
448	200 188 40 297	2	-1	0
449	370 143 313 186	3	1	0
450	11 84 159 44	1	-1	0
451	200 78 392 201	2	-1	0
452	25 196 70 342	3	1	0
453	280 279 198 276	2	-1	0
454	6 215 400 328	1	-1	0
455	225 168 93 138	2	-1	0
456	300 33 72 337	2	-1	0
457	157 270 384 242	4	3	0
458	20 240 330 259	1	-1	0
459	20 158 132 101	1	-1	0
460	15 63 396 232	1	-1	0
461	396 163 338 244	3	3	0
462	343 154 252 366	2	-1	0
463	328 376 30 46	2	-1	0
464	12 82 389 233	1	-1	0
465	395 387 272 281	4	3	0
466	388 309 284 87	3	2	0
467	6 301 177 289	1	-1	0
468	75 104 275 47	2	-1	0
469	102 243 317 87	2	-1	0
470	9 155 222 329	1	-1	0
471	179 190 81 168	2	-1	0
472	130 87 286 22	4	4	0
473	48 22 223 25	4	2	0
474	7 46 121 95	1	-1	0
475	200 313 284 288	3	5	0
476	132 21 60 322	3	4	0
477	13 35 141 234	1	-1	0
478	15 300 61 324	1	-1	0
479	333 156 77 76	2	-1	0
480	12 256 82 147	1	-1	0
481	393 255 340 280	2	-1	0
482	206 108 36 148	3	1	0
483	8 244 353 357	1	-1	0
484	96 168 292 184	3	2	0
485	186 340 46 129	4	1	1
486	18 179 354 69	1	-1	0
487	205 287 118 299	3	1	0
488	39 210 222 258	3	4	0
489	71 289 327 248	3	3	0
490	128 74 94 333	2	-1	0
491	37 131 225 92	3	3	0
492	18 255 233 269	1	-1	0
493	110 22 82 300	2	-1	0
494	11 188 256 180	1	-1	0
495	275 279 354 340	3	1	0
496	10 218 269 43	1	-1	0
497	138 67 297 87	3	2	0
498	35 224 337 297	4	4	0
499	203 300 336 230	3	4	0
500	320 279 82 25	3	3	0
