Students	500
1	12 9 33 45
2	2 31 46 21
3	29 48 21 47
4	24 34 48 13
5	7 46 37 42
6	49 43 1 37
7	23 20 11 47
8	49 25 13 27
9	29 9 8 44
10	11 3 4 20
11	11 19 1 16
12	12 35 4 9
13	39 36 38 18
14	4 44 37 43
15	42 10 11 47
16	30 22 32 7
17	19 29 17 26
18	25 12 32 26
19	37 16 39 42
20	22 11 40 36
21	19 4 27 31
22	29 21 22 36
23	40 49 23 11
24	45 18 30 40
25	23 22 30 18
26	37 14 34 44
27	45 18 9 3
28	9 36 5 46
29	25 35 4 12
30	27 3 50 19
31	42 15 19 18
32	48 45 30 23
33	46 15 11 34
34	25 35 28 27
35	31 15 43 29
36	46 15 33 41
37	27 42 21 17
38	24 33 44 9
39	38 39 11 14
40	38 12 18 14
41	10 2 38 9
42	3 38 37 35
43	14 43 5 24
44	12 10 42 25
45	46 15 23 32
46	28 14 48 32
47	34 48 30 33
48	29 38 31 18
49	24 13 26 17
50	23 29 20 31
51	39 18 14 37
52	23 13 25 11
53	30 41 26 15
54	18 47 38 37
55	11 4 33 14
56	27 49 21 26
57	12 39 14 33
58	30 18 3 20
59	3 38 10 23
60	22 44 45 34
61	34 27 18 31
62	40 9 42 25
63	21 9 23 7
64	23 35 47 6
65	33 50 7 35
66	39 19 30 15
67	24 23 26 40
68	48 25 42 28
69	13 38 34 7
70	9 14 50 15
71	4 23 49 8
72	40 38 30 7
73	47 20 45 34
74	49 28 50 30
75	46 25 28 16
76	20 17 46 50
77	35 10 2 26
78	46 48 34 29
79	49 33 45 3
80	2 17 27 39
81	17 44 24 28
82	9 15 39 20
83	17 47 3 7
84	45 1 3 23
85	12 18 10 26
86	3 2 42 14
87	6 33 24 4
88	45 31 4 28
89	34 26 46 36
90	9 37 30 13
91	34 24 46 50
92	14 27 7 50
93	41 19 7 35
94	42 38 17 27
95	46 27 45 48
96	3 25 41 47
97	16 29 3 43
98	41 10 14 37
99	12 17 1 3
100	2 34 32 17
101	30 31 23 7
102	43 26 13 41
103	24 20 4 10
104	1 41 43 2
105	40 18 35 43
106	12 25 49 23
107	11 6 7 29
108	40 7 8 45
109	2 11 34 27
110	41 36 37 31
111	29 43 27 40
112	23 7 49 47
113	50 46 45 4
114	25 45 3 33
115	29 26 22 39
116	45 43 28 29
117	17 5 12 47
118	21 9 22 18
119	24 16 8 7
120	6 40 14 13
121	20 38 37 44
122	40 27 5 12
123	19 27 9 30
124	6 8 25 46
125	10 11 49 9
126	12 18 21 42
127	43 37 5 10
128	40 30 7 9
129	6 27 42 26
130	13 11 18 43
131	25 5 48 49
132	38 3 18 40
133	20 39 15 49
134	21 44 16 22
135	41 29 25 44
136	50 47 33 34
137	50 48 35 25
138	37 28 25 21
139	4 40 31 26
140	15 26 9 30
141	6 41 30 49
142	3 22 23 39
143	42 21 2 25
144	1 49 28 45
145	46 10 13 37
146	31 27 1 13
147	15 20 35 7
148	33 11 40 1
149	38 31 26 41
150	21 32 23 34
151	31 40 8 1
152	43 20 7 15
153	7 13 23 28
154	33 27 47 17
155	26 7 35 28
156	24 23 1 31
157	31 25 4 3
158	10 8 24 19
159	35 1 21 30
160	6 15 35 10
161	49 26 48 3
162	16 3 11 41
163	6 49 9 33
164	46 38 40 48
165	30 27 35 31
166	6 32 9 14
167	36 22 2 17
168	40 49 39 10
169	34 39 12 22
170	42 47 44 12
171	6 26 41 31
172	35 11 15 47
173	25 45 32 39
174	18 50 49 31
175	3 31 26 18
176	25 17 5 11
177	49 28 19 41
178	40 50 21 25
179	13 39 47 4
180	34 19 5 40
181	41 48 39 25
182	12 6 16 43
183	2 23 38 10
184	10 49 41 30
185	18 26 28 30
186	8 15 25 17
187	14 6 39 4
188	9 39 34 44
189	47 15 33 27
190	13 8 32 34
191	14 50 20 6
192	40 27 28 50
193	22 24 3 48
194	14 37 48 27
195	27 13 9 35
196	21 37 13 42
197	17 27 19 15
198	17 23 10 45
199	40 28 4 19
200	9 43 32 11
201	27 47 24 36
202	3 16 18 11
203	34 5 50 10
204	49 34 23 12
205	25 48 9 31
206	37 15 39 32
207	30 39 18 14
208	18 40 20 13
209	39 32 27 37
210	41 35 19 12
211	3 29 16 46
212	25 14 9 7
213	36 23 15 31
214	14 49 37 35
215	8 50 21 40
216	20 40 22 25
217	41 12 23 14
218	38 24 46 17
219	49 45 44 30
220	40 48 19 32
221	37 40 48 20
222	16 18 42 30
223	21 20 42 3
224	5 41 3 4
225	39 8 29 50
226	35 7 16 45
227	8 31 7 23
228	43 4 13 6
229	40 15 7 49
230	1 12 26 10
231	38 13 2 46
232	16 15 30 36
233	5 24 22 44
234	9 27 11 39
235	6 2 34 4
236	6 45 21 8
237	2 13 3 9
238	13 8 31 40
239	13 26 39 19
240	44 23 5 30
241	40 10 34 13
242	41 12 36 49
243	4 15 31 27
244	34 37 9 14
245	4 19 27 47
246	32 31 30 24
247	35 14 26 28
248	49 22 15 8
249	37 42 44 17
250	36 18 47 42
251	44 50 36 27
252	1 11 5 4
253	20 30 49 22
254	39 20 37 10
255	23 37 20 26
256	41 17 36 42
257	17 18 38 6
258	41 15 10 24
259	16 39 7 8
260	43 12 45 39
261	42 1 49 26
262	16 2 50 27
263	14 12 33 34
264	22 3 37 43
265	15 17 39 29
266	16 26 4 35
267	18 45 1 46
268	7 21 34 4
269	27 39 12 49
270	37 5 29 47
271	14 32 46 30
272	39 14 32 15
273	2 46 23 8
274	33 9 35 21
275	30 50 38 29
276	41 30 47 43
277	8 29 2 46
278	24 49 46 26
279	19 34 18 13
280	29 49 22 11
281	10 4 31 48
282	42 28 9 1
283	49 29 28 8
284	27 40 1 22
285	35 18 46 45
286	3 24 37 39
287	3 10 42 49
288	15 24 2 49
289	43 30 31 47
290	12 15 31 46
291	42 35 17 2
292	15 18 29 41
293	13 4 40 39
294	48 16 14 3
295	17 37 20 8
296	19 22 27 9
297	30 11 28 6
298	8 41 25 35
299	2 40 19 46
300	46 23 42 5
301	8 47 28 14
302	47 8 11 13
303	24 38 41 49
304	17 16 4 41
305	26 38 4 31
306	6 27 48 46
307	42 27 2 40
308	31 15 40 1
309	44 20 36 22
310	36 34 44 29
311	31 36 5 23
312	24 5 11 14
313	1 50 35 42
314	21 35 6 33
315	41 34 31 48
316	36 18 8 38
317	38 45 8 3
318	8 2 10 22
319	37 45 38 46
320	28 48 44 40
321	23 48 46 14
322	13 28 20 7
323	14 12 9 47
324	8 39 16 3
325	30 6 31 4
326	1 49 28 20
327	28 43 9 18
328	1 40 4 37
329	23 44 2 35
330	10 23 25 13
331	41 11 30 17
332	4 2 8 46
333	25 32 31 19
334	20 35 45 15
335	43 35 45 41
336	14 50 27 37
337	43 49 16 6
338	46 47 10 36
339	1 41 26 14
340	38 49 35 27
341	35 32 12 43
342	41 18 15 50
343	35 26 29 40
344	42 18 31 14
345	45 33 13 5
346	38 10 22 42
347	34 40 48 27
348	22 12 24 2
349	17 45 4 47
350	47 50 49 40
351	7 6 42 14
352	17 10 3 20
353	36 11 39 10
354	31 15 37 38
355	22 48 8 6
356	50 40 5 45
357	27 36 1 16
358	18 14 29 30
359	32 33 3 39
360	37 36 27 49
361	16 4 25 41
362	32 44 50 45
363	46 43 24 17
364	44 29 7 4
365	50 2 48 18
366	14 36 45 22
367	35 16 32 13
368	43 3 31 35
369	8 21 24 27
370	4 29 27 23
371	13 49 27 41
372	50 16 48 11
373	16 6 24 8
374	42 20 34 44
375	22 48 12 32
376	17 49 32 16
377	12 43 36 27
378	8 34 37 24
379	12 40 15 17
380	45 37 30 8
381	46 5 47 28
382	31 34 45 43
383	8 42 28 32
384	44 30 27 36
385	2 1 46 44
386	49 15 4 3
387	17 3 23 29
388	16 31 21 13
389	31 40 36 4
390	43 6 41 3
391	2 27 44 35
392	44 33 24 7
393	35 24 44 7
394	37 28 15 9
395	28 14 32 49
396	43 19 41 34
397	4 9 43 1
398	46 30 5 28
399	32 11 4 10
400	11 34 14 19
401	45 44 15 21
402	43 4 33 24
403	14 31 41 45
404	13 5 37 38
405	22 15 43 25
406	43 3 31 23
407	42 45 18 7
408	32 19 46 29
409	39 26 30 5
410	29 15 22 5
411	10 50 7 48
412	46 24 7 6
413	49 16 23 41
414	7 18 8 36
415	31 50 18 1
416	43 10 29 40
417	17 46 21 27
418	10 33 15 30
419	10 47 12 3
420	43 49 7 5
421	4 36 26 47
422	35 4 13 36
423	32 8 31 17
424	9 49 38 41
425	7 40 17 19
426	46 41 8 3
427	33 9 26 40
428	43 22 12 33
429	19 33 9 31
430	15 7 23 36
431	45 4 16 43
432	34 2 29 40
433	47 33 45 46
434	11 39 47 12
435	32 15 22 1
436	45 22 18 44
437	26 34 31 46
438	36 41 42 45
439	14 40 30 9
440	29 4 15 27
441	19 36 42 29
442	39 48 33 12
443	34 42 5 19
444	48 4 19 18
445	28 12 31 5
446	41 24 49 33
447	41 43 12 33
448	39 37 18 42
449	4 42 34 17
450	44 9 49 25
451	32 24 25 15
452	38 39 13 6
453	27 38 21 40
454	5 11 12 38
455	17 19 15 1
456	43 6 26 22
457	14 33 8 25
458	15 17 44 31
459	26 18 16 28
460	15 35 22 14
461	37 7 18 34
462	16 47 8 34
463	27 13 23 43
464	39 25 44 48
465	16 23 46 10
466	25 26 10 29
467	47 35 45 23
468	23 28 29 34
469	1 21 42 31
470	45 35 37 30
471	48 26 9 40
472	31 23 20 47
473	3 50 23 43
474	46 8 50 49
475	50 14 34 11
476	49 39 16 14
477	28 19 50 31
478	40 44 15 5
479	28 16 12 47
480	39 4 10 16
481	40 44 4 2
482	32 6 1 9
483	25 17 31 28
484	22 16 47 8
485	46 28 10 35
486	1 43 37 24
487	46 6 42 28
488	38 16 5 39
489	17 9 23 10
490	49 50 11 25
491	37 35 24 27
492	46 22 3 44
493	48 46 17 32
494	29 39 1 43
495	49 32 35 1
496	21 30 35 23
497	45 1 50 47
498	23 22 44 43
499	10 3 2 33
500	26 3 32 23
