Students	500
1	23 9 7 36
2	10 40 2 44
3	48 15 50 23
4	14 36 10 39
5	36 46 37 11
6	46 45 44 18
7	22 26 33 48
8	42 44 47 34
9	5 16 17 28
10	48 46 29 18
11	29 42 17 3
12	47 43 36 6
13	31 1 44 12
14	39 45 36 50
15	10 18 14 36
16	8 15 42 39
17	13 11 8 20
18	12 24 44 16
19	39 47 7 34
20	37 27 20 19
21	32 47 12 31
22	12 3 20 26
23	5 11 41 49
24	35 41 12 33
25	41 26 21 28
26	22 49 29 5
27	1 12 21 43
28	7 43 32 37
29	24 26 16 44
30	47 40 28 39
31	3 28 14 7
32	13 2 17 5
33	8 17 15 30
34	2 7 22 16
35	50 22 20 6
36	12 26 41 28
37	32 1 36 39
38	38 44 46 5
39	20 28 41 40
40	21 27 32 45
41	26 17 40 30
42	20 16 39 50
43	48 7 29 33
44	6 27 19 17
45	46 21 33 39
46	49 27 36 6
47	14 6 17 32
48	26 16 7 50
49	11 16 33 30
50	10 25 4 21
51	7 30 17 19
52	41 35 38 11
53	24 8 32 38
54	35 38 31 11
55	31 16 25 19
56	15 33 17 46
57	41 4 43 6
58	22 33 12 25
59	22 29 5 21
60	21 44 13 3
61	28 47 7 43
62	5 1 3 32
63	27 33 12 8
64	42 20 5 35
65	7 22 44 3
66	12 15 44 24
67	16 42 22 33
68	12 36 26 43
69	36 18 39 26
70	20 50 41 28
71	16 34 19 17
72	9 47 17 12
73	1 44 22 50
74	12 11 13 26
75	29 50 45 8
76	37 13 17 21
77	7 29 31 43
78	26 16 3 46
79	28 13 41 10
80	21 36 1 38
81	25 39 48 41
82	14 5 47 7
83	19 16 30 33
84	1 14 13 38
85	7 5 43 40
86	35 22 23 10
87	20 41 14 22
88	49 17 36 6
89	37 7 23 49
90	33 39 17 35
91	6 11 46 40
92	34 44 19 12
93	25 29 39 32
94	34 15 12 20
95	43 12 19 1
96	14 2 29 38
97	36 1 40 37
98	27 2 28 9
99	37 10 32 13
100	33 6 35 10
101	3 28 2 1
102	8 37 36 33
103	40 25 17 21
104	33 6 30 11
105	14 46 48 41
106	9 34 33 25
107	32 25 9 18
108	8 45 33 12
109	18 38 49 42
110	25 44 43 48
111	37 44 18 36
112	41 42 39 24
113	39 43 8 50
114	29 37 10 50
115	26 43 28 34
116	18 34 29 39
117	10 34 48 4
118	25 31 20 6
119	46 8 11 3
120	17 4 45 41
121	47 38 5 35
122	9 19 6 34
123	2 36 40 46
124	8 38 33 1
125	27 10 28 32
126	31 15 12 39
127	9 17 1 13
128	6 23 43 29
129	5 36 47 23
130	38 32 24 11
131	2 8 19 43
132	4 7 1 23
133	43 18 34 4
134	48 50 8 45
135	46 24 49 17
136	30 24 17 35
137	49 46 6 8
138	36 16 1 44
139	3 26 12 38
140	26 49 33 47
141	43 13 18 32
142	23 14 20 49
143	32 10 25 46
144	17 34 50 41
145	7 44 32 34
146	20 22 48 39
147	2 20 31 35
148	47 45 12 27
149	1 17 47 6
150	36 21 4 19
151	23 15 46 48
152	11 46 18 34
153	42 15 23 18
154	21 5 15 17
155	40 25 21 20
156	11 31 42 20
157	1 27 18 38
158	3 20 2 43
159	13 3 32 7
160	35 31 26 27
161	46 37 25 50
162	20 38 25 37
163	14 27 4 49
164	31 38 42 43
165	10 43 48 38
166	46 11 38 37
167	6 31 32 11
168	17 4 25 45
169	32 24 1 41
170	24 32 19 20
171	49 47 19 39
172	13 16 27 15
173	16 49 45 38
174	43 44 6 4
175	39 42 49 47
176	45 12 8 32
177	32 26 19 14
178	16 43 2 48
179	17 40 11 25
180	41 4 46 34
181	40 17 18 47
182	40 41 36 42
183	25 20 16 18
184	18 49 7 23
185	31 9 36 23
186	35 14 20 11
187	33 2 16 6
188	37 12 50 39
189	18 28 20 26
190	41 50 46 27
191	22 5 26 45
192	36 44 42 5
193	24 5 1 13
194	2 13 7 36
195	48 44 11 13
196	38 47 24 17
197	18 7 50 19
198	21 25 49 18
199	7 16 28 49
200	20 5 30 46
201	14 37 44 35
202	43 41 38 19
203	34 6 27 39
204	25 36 30 9
205	3 32 48 22
206	17 13 36 9
207	3 11 41 20
208	12 7 20 8
209	6 23 29 25
210	22 1 14 48
211	48 18 31 5
212	8 39 7 2
213	18 6 33 44
214	13 10 41 9
215	7 1 27 31
216	29 43 36 40
217	49 32 41 29
218	30 34 40 19
219	27 6 22 45
220	33 32 38 9
221	20 9 18 37
222	44 26 25 17
223	1 37 35 21
224	9 5 1 15
225	5 25 45 16
226	17 36 24 23
227	12 8 19 20
228	38 43 9 25
229	36 2 18 10
230	14 43 5 21
231	16 34 21 49
232	24 28 29 48
233	15 20 7 9
234	22 7 3 31
235	6 22 5 8
236	44 4 32 49
237	29 48 15 28
238	40 36 28 33
239	40 11 16 47
240	3 45 10 12
241	21 32 15 29
242	11 10 39 46
243	41 44 22 18
244	42 45 37 6
245	8 16 33 26
246	49 37 16 3
247	17 49 24 33
248	41 32 29 47
249	27 30 41 9
250	25 14 45 3
251	12 45 29 42
252	24 9 47 21
253	50 15 39 9
254	12 32 20 36
255	44 27 22 9
256	50 36 37 44
257	10 45 4 43
258	13 21 37 11
259	27 24 2 48
260	25 28 7 11
261	22 16 30 49
262	1 20 5 35
263	28 19 8 45
264	49 29 24 11
265	9 45 46 2
266	22 15 16 3
267	4 49 6 24
268	10 20 37 36
269	20 33 18 22
270	36 20 50 35
271	1 31 6 25
272	22 20 39 19
273	14 41 46 3
274	30 25 16 35
275	34 32 29 12
276	19 29 6 23
277	14 47 25 24
278	5 7 23 12
279	35 46 48 7
280	45 7 1 11
281	4 5 40 38
282	12 45 28 1
283	33 38 45 43
284	37 42 28 33
285	24 11 40 19
286	15 9 40 36
287	36 39 38 41
288	30 27 5 31
289	33 38 6 13
290	16 19 48 46
291	35 17 39 20
292	7 11 29 36
293	39 48 24 7
294	20 26 10 40
295	20 48 49 40
296	26 1 4 18
297	24 44 10 27
298	17 13 30 27
299	10 46 47 11
300	22 11 48 42
301	26 39 36 47
302	10 26 44 36
303	16 6 46 49
304	20 33 11 36
305	40 10 47 19
306	24 49 31 33
307	15 7 49 9
308	47 40 33 15
309	11 14 43 17
310	23 15 50 30
311	15 17 36 22
312	13 15 24 12
313	32 30 9 28
314	7 36 18 45
315	31 26 35 32
316	22 38 35 33
317	2 49 33 41
318	18 9 39 25
319	5 32 14 27
320	31 6 8 48
321	46 34 17 25
322	29 36 48 28
323	17 15 49 23
324	35 7 45 36
325	47 32 49 34
326	3 32 10 4
327	27 43 38 28
328	43 18 9 39
329	38 48 47 30
330	37 47 41 45
331	47 3 26 28
332	50 31 1 43
333	25 38 14 2
334	41 18 39 25
335	8 10 29 48
336	48 33 45 40
337	11 31 37 6
338	43 49 6 4
339	15 24 17 47
340	44 8 18 15
341	48 11 33 28
342	45 8 14 25
343	50 19 16 6
344	44 33 30 1
345	39 12 31 9
346	19 2 38 26
347	46 15 48 31
348	18 47 29 28
349	7 23 38 28
350	20 28 6 39
351	4 48 22 2
352	37 45 12 36
353	10 38 8 12
354	28 37 43 3
355	8 30 12 27
356	27 34 32 13
357	17 49 19 15
358	6 48 47 17
359	43 26 46 38
360	12 15 1 2
361	6 2 26 39
362	32 24 45 21
363	47 31 7 30
364	7 37 23 28
365	17 30 43 23
366	35 8 23 15
367	37 42 35 19
368	16 19 36 45
369	31 43 5 17
370	49 29 33 10
371	18 19 33 23
372	14 45 33 49
373	5 44 7 15
374	21 13 41 34
375	16 12 39 32
376	48 13 7 35
377	13 8 45 33
378	41 27 24 50
379	8 13 45 4
380	38 35 26 34
381	18 26 33 14
382	14 28 16 23
383	13 7 28 12
384	13 42 29 18
385	47 24 42 45
386	45 5 32 35
387	25 18 48 6
388	1 4 35 12
389	31 46 45 49
390	13 16 8 4
391	31 37 5 38
392	19 42 41 27
393	36 45 30 24
394	46 20 24 16
395	15 38 12 35
396	33 49 17 29
397	25 10 49 19
398	9 10 43 1
399	26 19 29 1
400	37 46 7 32
401	19 27 39 41
402	39 46 34 43
403	27 22 50 2
404	42 10 44 43
405	1 20 32 38
406	4 40 29 17
407	6 38 7 17
408	16 28 19 2
409	48 8 45 20
410	12 3 7 22
411	47 1 40 33
412	28 38 8 50
413	43 21 30 1
414	22 21 11 42
415	8 25 34 28
416	41 3 4 5
417	33 35 25 50
418	16 25 38 36
419	37 41 10 21
420	13 20 5 4
421	32 29 47 9
422	12 8 37 42
423	19 1 21 31
424	43 24 23 47
425	26 31 18 50
426	48 29 5 10
427	36 30 12 10
428	2 40 9 49
429	12 43 16 44
430	28 38 36 31
431	37 6 1 35
432	7 12 46 21
433	47 45 1 36
434	40 49 33 7
435	36 4 17 37
436	29 39 3 27
437	48 19 10 28
438	26 11 21 39
439	14 34 27 6
440	14 25 43 39
441	3 42 26 31
442	21 1 37 7
443	38 37 6 21
444	25 23 44 50
445	35 33 2 12
446	3 35 1 22
447	42 18 8 12
448	44 29 24 12
449	45 44 31 30
450	31 6 20 25
451	43 9 7 30
452	43 25 29 1
453	48 8 12 49
454	27 11 26 22
455	1 2 13 33
456	36 34 40 27
457	38 35 12 26
458	30 41 48 29
459	34 15 44 3
460	42 49 39 45
461	31 15 44 4
462	48 34 25 42
463	12 17 43 15
464	43 24 44 3
465	35 48 43 32
466	43 40 38 35
467	7 45 11 27
468	50 22 36 9
469	24 30 39 41
470	20 48 26 17
471	28 25 1 34
472	50 36 27 1
473	27 4 38 47
474	2 47 42 1
475	6 15 12 26
476	18 41 35 45
477	34 18 36 39
478	17 12 26 29
479	28 25 23 27
480	14 32 20 47
481	25 33 18 45
482	4 11 41 39
483	10 37 13 7
484	44 19 49 29
485	15 32 10 23
486	3 46 10 30
487	24 6 34 9
488	18 45 20 15
489	3 12 42 25
490	3 31 1 30
491	4 44 9 25
492	7 18 29 46
493	21 39 27 20
494	7 41 44 19
495	4 12 1 7
496	43 5 48 32
497	17 7 15 36
498	22 41 13 28
499	7 11 2 31
500	45 14 35 48
