Students	500
1	33 37 2 39
2	39 33 30 20
3	4 40 47 21
4	45 15 34 49
5	18 19 7 44
6	32 11 19 48
7	14 46 32 50
8	15 11 29 26
9	7 33 34 42
10	21 46 39 12
11	47 40 27 8
12	33 30 29 28
13	12 14 44 19
14	44 9 34 10
15	23 38 26 1
16	2 17 15 28
17	19 29 21 47
18	1 46 33 48
19	10 26 3 7
20	17 45 11 14
21	38 40 16 15
22	1 18 24 17
23	33 40 31 25
24	40 1 10 39
25	49 31 34 40
26	19 16 15 50
27	11 32 44 25
28	31 41 22 48
29	16 26 23 47
30	27 35 8 22
31	21 29 15 31
32	2 37 40 6
33	10 7 36 29
34	28 10 21 19
35	19 15 39 3
36	32 1 9 43
37	1 2 17 33
38	38 6 18 24
39	13 16 9 45
40	24 42 17 40
41	37 28 5 1
42	33 11 4 20
43	19 42 8 39
44	2 42 24 22
45	10 32 46 9
46	5 44 14 2
47	8 12 18 48
48	2 6 32 34
49	14 12 19 2
50	15 27 6 22
51	47 37 40 43
52	23 37 5 30
53	49 30 33 14
54	34 11 6 27
55	17 24 23 1
56	27 47 28 29
57	43 30 47 35
58	47 35 45 41
59	17 16 42 41
60	5 39 10 44
61	16 7 19 37
62	34 15 41 30
63	27 18 4 3
64	30 1 37 8
65	12 16 18 36
66	32 50 4 39
67	45 43 40 16
68	40 19 42 1
69	4 47 18 37
70	3 49 21 7
71	14 20 35 3
72	48 35 12 30
73	10 29 11 45
74	17 28 1 26
75	49 47 12 42
76	23 42 48 16
77	2 26 22 6
78	23 48 26 11
79	21 16 14 34
80	50 47 20 15
81	3 14 23 7
82	13 42 47 35
83	5 30 37 31
84	29 2 32 47
85	7 13 18 6
86	49 27 46 23
87	22 4 39 7
88	1 49 33 8
89	30 12 34 49
90	3 21 48 42
91	11 20 26 29
92	21 24 30 22
93	9 18 27 48
94	14 10 31 15
95	11 34 49 29
96	11 5 12 45
97	13 40 28 18
98	39 20 47 23
99	20 11 36 35
100	46 39 19 3
101	26 2 45 47
102	9 22 28 21
103	14 44 15 33
104	18 43 35 21
105	3 32 50 29
106	36 16 39 10
107	46 31 49 9
108	4 9 17 48
109	44 49 12 40
110	16 46 21 47
111	34 28 7 6
112	48 47 5 35
113	12 13 41 10
114	29 10 14 33
115	29 16 18 20
116	33 36 20 4
117	46 22 11 35
118	12 41 16 33
119	50 12 17 9
120	35 2 26 41
121	32 42 15 13
122	6 50 24 43
123	37 18 11 26
124	44 10 43 4
125	35 25 44 7
126	26 44 29 31
127	21 5 39 28
128	33 3 46 10
129	9 1 50 2
130	11 10 8 22
131	28 5 49 38
132	36 2 32 1
133	25 8 43 27
134	36 28 30 44
135	29 15 6 39
136	22 33 18 40
137	21 24 20 28
138	21 45 8 27
139	16 7 43 36
140	43 3 26 18
141	42 21 29 5
142	28 22 4 26
143	38 48 17 18
144	25 28 31 13
145	12 19 37 30
146	43 44 25 11
147	4 42 44 18
148	12 40 3 39
149	43 5 36 47
150	11 47 20 5
151	24 12 28 38
152	22 18 34 20
153	30 50 26 40
154	45 46 32 16
155	17 12 29 35
156	12 5 11 37
157	6 43 19 27
158	13 45 26 7
159	40 24 23 43
160	34 33 9 42
161	47 22 43 50
162	31 38 40 20
163	9 12 48 31
164	30 39 2 14
165	33 35 12 47
166	13 9 27 15
167	8 23 33 21
168	41 12 42 3
169	20 14 43 31
170	15 32 13 38
171	20 37 8 6
172	40 10 39 12
173	46 37 31 6
174	25 12 1 34
175	50 31 32 35
176	11 50 6 15
177	36 42 19 14
178	18 24 25 42
179	32 45 14 26
180	40 37 13 11
181	17 38 7 45
182	9 4 3 15
183	25 20 2 48
184	44 41 20 43
185	46 27 47 32
186	29 9 50 8
187	8 2 42 50
188	24 14 47 41
189	31 29 6 47
190	15 36 46 32
191	21 27 11 1
192	40 28 10 46
193	7 38 42 25
194	4 11 24 38
195	29 34 25 8
196	18 40 17 48
197	25 13 10 11
198	26 1 40 13
199	14 12 31 18
200	46 14 2 27
201	11 24 32 49
202	20 18 11 34
203	21 4 43 3
204	47 41 40 50
205	9 40 21 48
206	14 19 32 6
207	21 17 3 36
208	2 22 40 1
209	26 5 9 27
210	7 24 33 38
211	37 8 6 16
212	19 23 49 9
213	12 16 21 39
214	44 27 43 42
215	32 21 34 45
216	2 47 41 20
217	49 6 36 24
218	41 12 14 13
219	5 12 43 21
220	21 37 26 48
221	19 6 14 48
222	24 37 6 34
223	33 30 8 7
224	38 27 32 48
225	41 15 24 32
226	19 3 7 48
227	32 12 21 14
228	15 19 16 48
229	45 5 39 15
230	39 14 21 26
231	3 41 46 27
232	11 37 38 28
233	10 48 20 34
234	24 37 15 7
235	47 12 43 10
236	29 25 35 43
237	23 28 35 41
238	36 38 3 43
239	33 49 8 17
240	3 19 37 6
241	23 32 49 33
242	13 3 17 31
243	5 21 48 36
244	8 44 7 28
245	45 29 35 25
246	45 4 3 23
247	37 15 4 17
248	16 19 32 50
249	29 49 17 36
250	17 23 13 12
251	50 23 35 29
252	5 31 11 50
253	7 3 45 26
254	31 7 35 25
255	14 3 21 48
256	38 6 43 44
257	15 42 12 11
258	42 32 21 19
259	49 18 24 42
260	5 27 39 21
261	47 19 18 2
262	21 39 11 18
263	31 9 50 25
264	19 25 35 7
265	43 23 19 42
266	1 16 21 3
267	24 42 36 15
268	42 25 47 1
269	30 26 42 50
270	4 29 45 46
271	5 16 30 18
272	17 11 2 15
273	24 33 38 2
274	14 33 21 11
275	3 37 10 33
276	43 23 2 46
277	44 7 32 10
278	45 49 15 2
279	38 13 20 49
280	12 11 28 34
281	2 36 17 32
282	43 49 23 31
283	4 2 41 33
284	30 35 42 20
285	41 47 19 17
286	42 29 1 26
287	26 12 44 24
288	41 20 14 27
289	36 48 43 21
290	48 41 38 23
291	3 10 5 34
292	31 29 30 7
293	47 30 29 49
294	29 47 1 45
295	16 32 9 30
296	38 3 25 47
297	23 8 31 9
298	44 33 7 29
299	41 13 50 48
300	33 38 20 34
301	15 30 50 7
302	38 22 45 28
303	22 28 23 26
304	47 6 23 28
305	17 7 31 16
306	33 45 41 7
307	35 39 26 45
308	11 46 3 45
309	19 27 46 6
310	16 47 5 39
311	36 15 27 21
312	29 36 27 33
313	1 37 4 35
314	38 4 32 43
315	1 30 11 6
316	47 8 12 4
317	42 17 22 48
318	39 49 41 17
319	23 37 24 17
320	32 39 35 19
321	42 50 31 49
322	49 2 35 41
323	33 1 19 8
324	49 12 44 19
325	39 49 31 19
326	7 21 48 15
327	31 4 48 11
328	50 28 32 49
329	47 41 22 31
330	49 50 8 46
331	30 24 44 4
332	29 25 3 38
333	37 35 10 20
334	19 36 13 24
335	2 1 35 20
336	2 6 20 47
337	21 16 17 15
338	21 41 38 33
339	15 46 43 48
340	38 3 42 36
341	44 45 49 47
342	40 32 7 35
343	10 40 4 14
344	10 40 7 9
345	38 36 8 27
346	35 18 22 50
347	23 31 30 33
348	17 23 42 27
349	41 20 48 33
350	49 26 10 32
351	17 4 50 1
352	18 46 7 1
353	16 25 34 43
354	19 29 3 5
355	17 30 44 24
356	10 39 41 3
357	28 7 16 31
358	11 12 34 37
359	22 14 32 2
360	4 18 17 21
361	28 7 20 26
362	37 7 25 4
363	23 14 24 10
364	17 49 15 19
365	6 47 36 8
366	12 41 7 34
367	32 23 33 47
368	48 44 37 8
369	23 48 25 14
370	14 19 20 45
371	12 35 27 10
372	2 26 50 20
373	38 37 50 7
374	7 9 22 27
375	50 32 14 25
376	32 42 7 17
377	18 10 22 2
378	27 12 46 29
379	39 41 47 38
380	24 18 21 45
381	15 20 23 19
382	7 25 4 30
383	33 13 19 48
384	37 16 32 39
385	50 49 4 47
386	15 47 1 30
387	42 20 6 16
388	20 33 16 7
389	21 31 36 12
390	10 9 38 3
391	44 43 31 34
392	44 7 47 40
393	39 48 34 3
394	5 8 46 13
395	25 36 39 43
396	10 32 44 1
397	20 31 32 4
398	45 6 20 14
399	37 1 33 39
400	46 19 11 12
401	37 46 10 7
402	22 28 8 32
403	25 19 27 34
404	24 31 28 36
405	38 26 13 11
406	23 16 33 14
407	29 15 5 45
408	12 4 13 41
409	26 44 8 37
410	16 27 43 44
411	5 46 25 47
412	49 9 6 12
413	4 29 45 32
414	49 6 42 27
415	27 21 6 19
416	17 4 3 45
417	4 16 8 36
418	29 10 39 40
419	38 43 23 18
420	37 27 46 23
421	35 1 5 30
422	12 41 40 6
423	22 32 49 13
424	27 40 38 41
425	37 45 14 16
426	28 31 37 4
427	15 9 37 14
428	7 21 13 15
429	5 20 3 29
430	44 17 6 10
431	26 19 47 45
432	36 25 39 7
433	24 1 16 49
434	33 43 38 24
435	44 2 35 33
436	49 45 40 39
437	6 42 14 38
438	46 15 34 7
439	20 37 41 35
440	49 17 3 26
441	45 10 2 25
442	35 43 47 23
443	50 31 40 27
444	14 39 30 32
445	5 16 47 49
446	49 10 24 25
447	30 40 15 6
448	36 47 45 48
449	35 42 31 15
450	8 18 46 23
451	6 47 38 9
452	30 31 33 37
453	18 19 45 49
454	37 46 44 38
455	26 44 45 41
456	39 31 33 28
457	29 9 34 2
458	36 37 46 47
459	2 16 8 4
460	29 41 31 17
461	36 43 33 20
462	41 42 5 34
463	11 40 19 8
464	24 34 16 14
465	7 16 28 8
466	19 17 11 1
467	46 16 4 27
468	38 41 31 9
469	30 44 29 14
470	17 43 32 1
471	32 9 48 27
472	5 23 32 7
473	45 40 30 35
474	44 17 22 4
475	47 13 32 18
476	18 39 33 13
477	44 37 3 48
478	42 46 3 10
479	31 25 23 49
480	40 1 36 47
481	39 27 18 9
482	36 46 42 19
483	7 8 32 23
484	37 34 24 39
485	27 38 36 44
486	2 12 43 1
487	18 29 50 6
488	35 7 48 50
489	33 48 29 1
490	27 29 3 7
491	29 36 27 46
492	41 9 3 44
493	25 26 24 44
494	16 48 23 9
495	25 48 39 34
496	50 33 43 27
497	41 20 31 11
498	5 46 23 2
499	49 15 39 27
500	17 18 19 11
