Students	500
1	18 23 11 12
2	43 27 13 38
3	10 32 6 30
4	44 17 32 13
5	39 21 11 42
6	7 18 10 24
7	39 12 41 23
8	10 24 12 38
9	17 26 12 9
10	7 23 29 28
11	50 13 39 17
12	24 15 38 28
13	48 18 24 8
14	1 36 44 4
15	44 18 15 12
16	27 46 31 11
17	46 41 25 39
18	5 41 23 47
19	26 32 48 36
20	49 11 37 29
21	8 12 16 23
22	30 45 22 36
23	49 46 16 31
24	42 13 26 21
25	40 43 46 37
26	6 26 18 30
27	49 34 35 3
28	18 43 46 48
29	12 6 4 44
30	8 46 5 19
31	30 2 27 41
32	4 2 9 49
33	29 12 18 36
34	43 19 10 16
35	24 15 28 32
36	47 5 30 8
37	10 50 15 12
38	1 25 38 10
39	46 12 41 17
40	4 3 23 42
41	10 16 40 5
42	1 17 8 20
43	30 3 15 23
44	8 5 16 48
45	9 1 18 30
46	33 10 45 47
47	6 31 11 43
48	2 31 20 49
49	9 26 27 40
50	45 35 9 25
51	11 25 13 41
52	10 36 35 13
53	18 24 21 50
54	25 34 32 41
55	43 25 24 9
56	7 19 27 23
57	8 5 4 16
58	48 33 23 8
59	20 35 17 2
60	46 48 39 12
61	50 7 36 26
62	14 27 7 23
63	34 29 41 30
64	2 32 24 29
65	45 39 1 34
66	41 21 9 37
67	10 50 48 37
68	29 3 14 24
69	26 22 28 37
70	32 30 24 15
71	35 49 4 5
72	1 2 14 5
73	4 36 22 3
74	38 34 3 7
75	4 19 27 25
76	26 16 22 49
77	47 44 8 13
78	16 34 35 30
79	17 9 50 21
80	35 2 10 11
81	3 50 10 13
82	7 33 41 8
83	33 2 11 36
84	9 12 16 47
85	26 20 14 18
86	47 15 50 40
87	26 31 46 6
88	2 17 26 45
89	41 47 26 9
90	23 12 8 19
91	24 4 20 32
92	30 40 23 31
93	30 3 50 26
94	2 7 26 8
95	35 31 22 23
96	19 31 32 1
97	29 38 27 2
98	40 44 39 49
99	42 39 9 50
100	4 19 39 15
101	26 1 5 28
102	20 29 11 33
103	45 18 27 6
104	15 46 5 1
105	37 13 12 5
106	36 44 24 6
107	48 26 41 3
108	46 13 26 38
109	15 28 34 49
110	19 36 3 45
111	12 35 6 26
112	44 7 35 13
113	22 35 49 8
114	3 12 28 40
115	8 34 30 14
116	26 21 8 37
117	22 39 17 5
118	32 39 38 40
119	20 46 45 4
120	33 25 15 5
121	31 13 49 35
122	16 49 14 19
123	17 15 33 12
124	5 13 23 37
125	32 41 25 33
126	36 40 29 16
127	1 48 43 44
128	20 27 36 49
129	27 2 6 47
130	29 21 44 13
131	20 10 44 2
132	19 18 28 35
133	49 27 25 38
134	43 28 45 44
135	6 39 19 23
136	8 35 27 40
137	30 13 39 45
138	35 4 45 17
139	16 7 49 10
140	1 23 14 42
141	36 48 5 32
142	4 25 42 37
143	17 13 31 8
144	6 4 18 34
145	21 4 20 40
146	36 31 49 13
147	14 7 45 33
148	49 16 32 8
149	2 15 23 33
150	45 26 22 3
151	40 35 50 31
152	8 20 1 18
153	35 14 1 20
154	2 35 36 29
155	50 17 7 18
156	1 39 12 25
157	36 24 28 22
158	25 12 2 36
159	26 16 21 22
160	18 17 6 43
161	37 7 3 42
162	23 11 40 4
163	44 42 45 27
164	4 6 34 26
165	32 23 31 33
166	39 17 27 43
167	14 21 49 37
168	40 2 25 35
169	9 34 50 49
170	10 26 13 23
171	12 2 39 14
172	23 45 25 10
173	6 10 15 26
174	22 41 3 4
175	6 9 7 4
176	48 27 26 44
177	32 13 21 49
178	2 27 38 40
179	37 41 39 36
180	40 19 41 34
181	36 32 5 47
182	21 22 17 40
183	20 25 50 44
184	49 43 5 33
185	38 33 39 47
186	21 42 18 1
187	46 4 8 41
188	43 19 9 50
189	49 16 23 27
190	21 47 49 38
191	7 28 37 41
192	14 19 43 4
193	11 20 23 15
194	38 24 13 10
195	19 46 47 24
196	10 14 44 45
197	2 25 19 16
198	23 26 15 24
199	17 6 28 47
200	5 43 6 23
201	24 20 16 1
202	40 18 34 4
203	3 12 44 29
204	44 28 1 29
205	21 43 12 29
206	28 41 39 48
207	6 36 8 4
208	40 44 14 36
209	4 1 28 23
210	33 13 26 1
211	31 30 16 25
212	8 39 2 50
213	35 27 29 36
214	16 10 43 48
215	4 37 42 44
216	21 35 48 25
217	50 31 21 11
218	44 45 13 5
219	39 21 12 31
220	14 48 28 30
221	15 20 30 50
222	14 1 23 8
223	41 30 46 37
224	4 22 2 10
225	50 34 49 27
226	17 35 29 44
227	7 12 40 47
228	46 39 24 41
229	40 50 31 37
230	15 30 44 9
231	4 47 17 37
232	8 40 43 9
233	17 15 28 38
234	3 39 20 13
235	2 8 27 7
236	26 39 36 4
237	16 44 23 13
238	35 9 7 38
239	39 18 33 46
240	24 35 31 8
241	35 50 38 36
242	23 12 2 22
243	50 1 39 16
244	4 48 35 6
245	6 29 23 30
246	12 45 11 50
247	43 32 33 14
248	37 31 45 15
249	27 22 11 40
250	11 22 39 3
251	3 39 42 16
252	24 37 3 49
253	1 25 11 41
254	42 41 14 43
255	19 30 31 13
256	44 1 40 34
257	21 38 35 23
258	40 12 37 42
259	16 12 20 2
260	8 34 40 14
261	12 14 19 44
262	21 15 33 22
263	25 16 29 30
264	46 32 41 12
265	20 15 17 41
266	46 42 3 19
267	43 13 14 2
268	37 42 10 18
269	47 15 18 21
270	43 7 48 19
271	23 42 1 6
272	22 21 11 31
273	26 46 48 47
274	38 50 1 41
275	1 16 36 8
276	40 31 44 9
277	27 4 11 20
278	40 30 8 9
279	45 15 9 32
280	48 37 18 39
281	34 37 8 21
282	29 20 9 49
283	10 17 3 48
284	1 41 49 31
285	27 35 45 40
286	7 11 45 42
287	13 24 35 37
288	45 50 12 20
289	19 2 31 3
290	49 44 33 13
291	46 37 24 2
292	19 28 33 30
293	3 48 45 34
294	39 23 8 10
295	34 19 46 9
296	26 15 17 16
297	35 42 24 3
298	21 32 1 5
299	13 31 19 42
300	17 31 29 2
301	17 7 5 11
302	20 48 8 43
303	21 16 32 36
304	29 30 50 6
305	31 44 15 38
306	1 50 40 5
307	43 38 14 44
308	29 46 9 17
309	19 48 27 50
310	2 15 28 7
311	47 50 39 6
312	34 4 29 8
313	46 2 4 1
314	18 39 11 10
315	3 47 44 26
316	37 33 22 7
317	14 43 16 15
318	21 16 17 7
319	4 26 29 36
320	50 22 27 40
321	49 26 10 29
322	30 46 13 48
323	10 35 23 8
324	41 8 23 24
325	30 41 45 18
326	50 39 27 23
327	1 12 29 10
328	2 43 49 19
329	17 45 13 49
330	15 33 43 16
331	45 43 37 44
332	23 15 24 39
333	35 2 50 25
334	40 2 35 27
335	21 33 23 32
336	13 34 5 16
337	44 27 40 34
338	9 35 10 26
339	44 48 41 21
340	34 20 40 37
341	33 25 7 12
342	31 46 25 39
343	7 41 39 20
344	34 26 13 19
345	8 26 9 39
346	43 15 19 38
347	50 48 45 15
348	2 13 22 29
349	14 35 18 9
350	43 6 20 8
351	21 14 32 38
352	4 18 9 45
353	33 3 15 7
354	43 50 16 1
355	24 27 18 9
356	13 6 50 41
357	38 48 3 8
358	15 40 8 4
359	31 11 14 15
360	2 12 10 46
361	25 1 38 41
362	23 41 43 7
363	32 37 22 39
364	6 3 24 40
365	3 19 40 26
366	48 24 36 23
367	25 7 3 32
368	46 34 26 12
369	29 2 30 41
370	5 27 10 45
371	29 5 23 18
372	35 39 41 15
373	5 18 29 23
374	33 48 19 26
375	32 33 7 26
376	23 2 44 49
377	25 31 14 20
378	35 50 9 17
379	39 26 4 33
380	9 16 27 10
381	20 29 33 4
382	39 29 18 15
383	40 16 12 32
384	1 33 40 3
385	33 15 18 17
386	26 29 50 38
387	48 10 4 40
388	1 33 24 21
389	18 11 40 10
390	44 21 47 39
391	24 30 37 42
392	39 12 29 48
393	31 18 21 41
394	43 18 4 19
395	11 1 20 38
396	13 21 24 41
397	1 43 50 45
398	8 14 11 20
399	33 44 12 43
400	28 9 31 2
401	38 24 29 36
402	38 16 7 41
403	12 32 8 45
404	48 38 47 30
405	8 11 4 14
406	31 29 48 20
407	2 4 25 47
408	16 4 35 32
409	40 13 49 48
410	20 29 44 14
411	39 41 15 4
412	8 17 10 19
413	18 3 35 31
414	4 48 32 24
415	7 28 43 38
416	35 33 43 10
417	11 2 13 18
418	3 5 28 37
419	34 5 21 4
420	8 47 1 43
421	50 6 18 15
422	2 20 43 47
423	24 14 16 17
424	22 20 29 14
425	23 26 11 42
426	13 50 49 25
427	30 4 40 46
428	34 26 35 18
429	43 33 32 45
430	15 3 28 23
431	16 19 4 6
432	46 6 35 39
433	35 24 2 1
434	31 11 34 32
435	15 27 33 44
436	20 14 22 10
437	19 41 37 47
438	32 9 38 20
439	39 38 48 40
440	24 3 42 13
441	42 31 34 37
442	39 28 18 30
443	12 20 26 16
444	16 12 27 29
445	38 7 31 15
446	4 30 46 29
447	5 27 22 42
448	44 3 31 37
449	31 13 43 15
450	25 17 45 15
451	23 11 28 36
452	15 26 18 44
453	40 16 11 35
454	9 42 34 15
455	30 26 10 27
456	46 34 50 8
457	42 29 44 32
458	26 11 46 30
459	50 35 3 42
460	9 26 18 36
461	33 21 16 32
462	44 45 37 43
463	35 19 39 22
464	50 31 42 49
465	23 26 18 11
466	27 41 50 48
467	38 25 28 44
468	22 21 20 25
469	44 50 8 2
470	4 48 45 10
471	31 9 6 19
472	44 22 11 45
473	46 42 50 27
474	46 33 8 43
475	19 31 30 21
476	11 7 16 30
477	19 12 2 22
478	14 8 2 31
479	10 14 34 20
480	37 5 19 30
481	43 3 10 22
482	3 4 22 27
483	45 41 13 25
484	1 5 28 47
485	9 48 12 29
486	28 10 4 27
487	2 45 25 37
488	11 34 41 15
489	2 47 26 49
490	28 13 8 31
491	13 2 35 46
492	38 3 43 8
493	41 46 28 37
494	37 36 38 13
495	26 14 29 1
496	36 28 20 40
497	4 8 19 27
498	48 36 17 18
499	50 7 19 42
500	50 18 9 42
