Students	500
1	38 28 49 19
2	3 37 49 2
3	26 11 41 23
4	34 14 8 17
5	15 37 7 31
6	35 14 8 10
7	30 11 33 27
8	2 33 41 22
9	40 50 11 19
10	45 34 7 32
11	35 27 46 25
12	19 28 40 14
13	7 42 48 21
14	2 28 24 50
15	27 8 43 7
16	35 23 41 30
17	48 45 1 22
18	5 48 35 22
19	15 43 2 24
20	38 3 11 4
21	6 16 28 24
22	10 39 46 37
23	22 46 27 10
24	5 44 43 2
25	27 16 8 1
26	50 47 29 36
27	43 21 11 25
28	10 49 9 15
29	15 23 12 38
30	14 42 10 44
31	2 33 22 30
32	44 12 7 36
33	31 13 21 42
34	17 40 4 50
35	1 15 36 4
36	48 20 49 9
37	30 46 3 42
38	14 4 9 41
39	21 28 3 40
40	5 14 36 1
41	31 27 17 15
42	44 13 19 20
43	21 43 40 37
44	31 42 5 44
45	35 26 14 42
46	6 37 19 18
47	13 22 48 44
48	18 16 50 29
49	13 40 44 50
50	14 21 18 40
51	16 39 43 18
52	43 41 25 9
53	8 46 15 35
54	2 49 26 41
55	42 25 6 3
56	2 22 12 20
57	15 13 6 50
58	10 32 20 12
59	27 5 40 7
60	19 42 44 15
61	42 3 10 12
62	21 40 10 17
63	38 15 42 25
64	23 31 46 19
65	22 44 33 31
66	16 24 31 26
67	23 18 36 20
68	50 38 2 7
69	28 1 6 25
70	21 42 19 18
71	47 49 15 18
72	27 42 13 38
73	12 1 13 39
74	21 20 10 38
75	36 47 6 29
76	23 1 28 5
77	24 15 4 21
78	29 2 22 8
79	22 24 30 28
80	36 31 35 33
81	2 15 19 40
82	6 35 40 34
83	7 28 17 22
84	20 13 35 50
85	48 43 5 11
86	47 37 15 2
87	18 29 27 9
88	15 8 7 25
89	10 5 8 6
90	5 17 34 18
91	3 43 12 25
92	25 20 17 9
93	26 36 6 4
94	1 15 17 21
95	49 31 47 7
96	30 16 45 42
97	10 8 40 27
98	25 42 45 47
99	20 27 38 14
100	50 47 26 29
101	13 24 21 40
102	9 20 33 46
103	18 10 1 34
104	16 20 12 19
105	18 31 16 21
106	36 11 6 18
107	41 19 35 43
108	40 49 10 33
109	18 37 44 21
110	38 42 28 4
111	35 24 25 3
112	31 18 8 42
113	3 21 41 19
114	2 18 25 42
115	48 31 16 22
116	9 13 10 11
117	41 3 12 24
118	32 27 22 24
119	41 16 13 6
120	16 8 15 30
121	49 44 25 30
122	28 9 40 21
123	29 49 26 46
124	32 22 24 1
125	8 37 23 9
126	48 4 13 18
127	12 32 39 2
128	1 40 13 29
129	30 3 36 37
130	34 17 12 27
131	24 41 8 39
132	16 37 22 50
133	42 1 17 11
134	28 47 37 16
135	21 39 17 50
136	4 42 24 44
137	22 45 5 49
138	9 28 34 42
139	14 23 30 40
140	46 11 4 36
141	36 1 25 5
142	46 10 3 45
143	6 15 35 27
144	7 16 35 43
145	32 34 8 39
146	32 17 29 37
147	2 41 13 9
148	24 33 16 27
149	23 29 21 9
150	44 1 10 50
151	19 39 36 45
152	29 40 36 8
153	38 2 47 21
154	17 44 12 40
155	7 44 39 48
156	36 48 2 39
157	10 42 39 7
158	5 3 13 7
159	16 49 50 12
160	21 27 28 7
161	41 49 28 19
162	3 1 8 47
163	30 24 6 50
164	39 14 40 29
165	48 37 45 35
166	27 2 18 14
167	1 15 11 25
168	33 35 18 28
169	19 20 35 10
170	18 13 23 43
171	2 35 3 22
172	15 44 17 7
173	37 1 17 48
174	1 8 38 27
175	17 49 31 15
176	27 1 22 13
177	34 30 38 41
178	43 31 11 15
179	12 32 36 31
180	31 4 43 33
181	27 17 7 26
182	17 18 5 32
183	2 4 3 40
184	1 2 15 13
185	13 2 43 5
186	14 3 38 34
187	15 34 2 4
188	11 29 42 39
189	49 34 5 18
190	8 21 43 13
191	3 28 42 1
192	26 43 38 42
193	35 47 40 13
194	2 47 50 30
195	35 48 19 39
196	38 8 50 25
197	28 50 3 49
198	7 14 2 20
199	49 41 50 43
200	28 22 30 33
201	31 47 2 48
202	23 12 45 32
203	42 28 17 16
204	11 44 36 25
205	27 45 23 2
206	37 40 29 10
207	7 33 40 12
208	22 29 16 47
209	3 25 47 31
210	27 41 7 8
211	13 10 21 31
212	5 46 13 12
213	17 18 15 19
214	46 45 43 39
215	34 13 9 50
216	25 38 49 3
217	44 27 12 2
218	44 46 3 47
219	28 19 16 35
220	16 3 13 28
221	6 20 17 3
222	39 11 48 36
223	49 31 38 21
224	12 21 37 49
225	5 46 28 20
226	35 8 25 11
227	47 15 25 46
228	46 35 22 13
229	40 22 23 41
230	6 43 48 44
231	8 34 5 45
232	3 21 30 49
233	29 11 12 18
234	8 19 29 30
235	29 47 10 37
236	27 30 11 14
237	37 10 24 9
238	25 20 49 44
239	2 41 48 50
240	4 25 29 3
241	26 6 16 37
242	4 18 30 39
243	30 20 46 33
244	31 33 28 40
245	37 26 18 27
246	14 43 27 11
247	10 41 33 35
248	33 50 25 1
249	39 37 49 36
250	27 44 30 36
251	7 37 21 43
252	45 19 21 42
253	34 33 22 2
254	29 12 40 49
255	41 48 15 12
256	45 49 4 36
257	15 8 14 7
258	27 10 16 18
259	2 43 28 14
260	5 11 24 10
261	26 19 27 17
262	28 9 13 35
263	37 41 19 32
264	5 29 35 42
265	31 7 49 2
266	32 47 10 41
267	32 36 12 34
268	46 15 1 25
269	41 36 4 43
270	41 25 23 18
271	33 10 38 30
272	38 50 48 9
273	10 8 21 28
274	17 25 10 3
275	16 48 45 43
276	32 37 26 7
277	11 41 36 2
278	42 50 23 28
279	45 48 20 25
280	35 31 42 17
281	28 13 24 35
282	19 50 34 38
283	46 9 4 3
284	9 50 48 22
285	9 28 42 32
286	36 41 18 42
287	47 26 36 44
288	10 33 38 37
289	27 18 14 7
290	37 25 18 27
291	25 27 43 15
292	39 19 15 18
293	38 10 25 9
294	20 38 19 41
295	21 36 2 43
296	21 4 22 9
297	17 33 10 20
298	14 2 12 7
299	2 34 28 7
300	4 23 33 39
301	45 26 36 41
302	19 20 46 23
303	25 38 37 14
304	44 22 7 2
305	10 2 41 36
306	7 31 10 45
307	44 35 39 29
308	38 36 48 42
309	43 38 42 5
310	32 36 31 19
311	42 19 2 28
312	36 45 32 31
313	1 33 6 5
314	32 21 26 16
315	45 41 24 27
316	35 5 8 26
317	40 17 14 42
318	11 13 5 34
319	22 36 25 40
320	38 49 1 37
321	34 17 14 19
322	32 5 33 49
323	29 30 42 2
324	37 36 5 47
325	22 12 7 27
326	10 20 31 29
327	1 20 41 38
328	39 44 50 35
329	38 37 39 30
330	44 48 16 17
331	10 32 48 31
332	28 30 48 1
333	46 17 14 25
334	1 38 11 20
335	37 29 21 32
336	10 24 14 29
337	39 10 8 9
338	35 50 30 43
339	10 46 1 33
340	5 26 41 40
341	13 32 28 24
342	24 1 39 2
343	26 29 42 7
344	48 50 27 32
345	32 41 10 39
346	44 10 15 47
347	10 46 9 8
348	25 5 40 3
349	43 41 9 36
350	18 24 47 13
351	42 36 15 47
352	28 38 6 7
353	28 39 18 50
354	11 24 9 32
355	24 50 49 43
356	6 31 44 47
357	2 31 29 38
358	50 13 48 22
359	18 38 23 50
360	31 11 47 36
361	40 17 49 35
362	5 26 33 19
363	44 25 50 9
364	38 43 23 36
365	41 2 47 46
366	14 37 10 9
367	39 35 50 15
368	9 33 17 37
369	14 23 27 22
370	4 49 9 5
371	38 46 44 19
372	6 40 30 12
373	5 10 39 45
374	8 44 10 18
375	4 13 45 39
376	43 16 35 5
377	6 45 38 23
378	6 39 32 35
379	38 28 10 46
380	50 8 16 23
381	38 2 20 40
382	40 6 3 21
383	16 23 6 12
384	40 38 48 30
385	1 4 2 22
386	33 41 10 5
387	13 28 12 32
388	32 27 36 18
389	6 7 40 39
390	30 24 18 44
391	26 44 22 25
392	26 22 2 7
393	39 42 49 50
394	46 21 31 4
395	20 19 11 36
396	39 20 26 11
397	30 23 35 45
398	48 33 45 10
399	28 20 34 7
400	9 44 50 16
401	20 26 36 2
402	13 1 27 20
403	8 34 4 14
404	16 22 47 5
405	40 10 35 14
406	38 31 42 43
407	31 10 22 16
408	41 49 25 4
409	17 41 10 42
410	50 17 21 39
411	49 21 23 4
412	4 43 26 25
413	10 3 37 7
414	20 38 12 31
415	3 32 20 13
416	20 27 12 47
417	49 20 13 25
418	33 18 46 45
419	17 7 22 9
420	42 19 3 1
421	16 8 32 24
422	27 33 47 9
423	41 11 8 18
424	9 46 40 36
425	1 27 49 24
426	18 28 31 10
427	9 49 12 7
428	7 12 39 40
429	2 48 15 40
430	47 14 10 46
431	39 17 33 3
432	49 33 27 21
433	27 28 2 49
434	16 6 31 21
435	38 13 3 8
436	7 33 6 44
437	2 28 13 34
438	21 32 24 15
439	34 6 50 29
440	49 12 10 9
441	36 44 10 40
442	16 5 29 8
443	3 15 19 28
444	7 29 45 27
445	3 16 49 50
446	24 16 22 32
447	30 45 34 42
448	23 10 2 33
449	27 32 20 17
450	29 21 5 50
451	24 26 32 6
452	7 48 1 10
453	19 48 3 44
454	29 21 27 48
455	25 9 2 12
456	7 39 26 42
457	10 44 46 9
458	49 26 15 41
459	14 43 40 31
460	34 49 26 5
461	12 32 4 5
462	29 40 7 28
463	3 5 20 27
464	20 49 36 26
465	23 34 45 14
466	30 4 27 7
467	42 1 19 8
468	10 4 11 27
469	25 48 4 27
470	33 19 36 45
471	5 7 37 50
472	38 50 47 45
473	48 41 7 44
474	41 13 38 45
475	6 15 3 14
476	2 42 7 37
477	18 48 5 7
478	23 19 3 27
479	13 38 20 42
480	17 2 23 45
481	36 31 15 49
482	48 16 10 11
483	25 38 36 24
484	19 14 50 26
485	46 8 13 38
486	29 5 38 22
487	36 40 23 15
488	11 9 16 30
489	19 16 46 15
490	30 40 48 38
491	39 1 29 35
492	4 49 26 16
493	36 42 20 1
494	38 24 39 40
495	50 4 15 47
496	33 8 25 32
497	44 40 41 29
498	46 27 25 19
499	46 34 42 13
500	3 28 46 29
