Students	500
1	30 44 12 25
2	15 10 3 50
3	35 37 19 30
4	17 29 18 49
5	49 17 22 5
6	49 16 46 33
7	13 23 38 5
8	34 26 6 10
9	4 23 49 41
10	42 27 40 43
11	6 29 19 36
12	44 43 41 21
13	27 49 15 41
14	47 37 26 7
15	14 40 34 19
16	43 48 15 35
17	29 12 44 31
18	8 17 18 41
19	46 28 3 23
20	2 7 39 38
21	41 33 22 18
22	42 7 26 47
23	1 22 15 33
24	10 2 16 36
25	16 26 28 46
26	1 35 4 12
27	1 20 36 15
28	5 38 23 36
29	4 39 31 37
30	19 37 23 31
31	9 3 29 24
32	10 15 40 13
33	27 32 15 46
34	17 28 7 45
35	37 15 35 13
36	48 34 17 36
37	21 48 28 38
38	42 49 32 3
39	48 17 8 25
40	40 25 21 36
41	33 16 24 35
42	44 12 22 15
43	8 47 24 11
44	27 45 13 14
45	24 33 7 4
46	31 20 1 39
47	32 11 12 49
48	35 38 6 50
49	35 50 33 13
50	33 38 23 24
51	32 3 42 41
52	34 41 20 23
53	16 11 15 28
54	22 20 7 49
55	38 32 23 8
56	19 24 20 35
57	5 6 35 10
58	43 38 13 24
59	37 23 27 28
60	14 38 31 37
61	10 39 13 16
62	12 25 35 3
63	24 34 41 28
64	14 28 7 9
65	3 17 31 7
66	43 50 24 6
67	26 27 13 50
68	4 33 35 38
69	16 4 32 17
70	32 13 48 1
71	32 2 9 41
72	42 9 50 35
73	34 45 36 15
74	19 38 41 49
75	12 28 13 4
76	32 46 47 49
77	18 2 34 14
78	13 27 36 30
79	24 47 41 50
80	34 31 39 29
81	8 38 13 16
82	27 4 17 39
83	25 20 17 10
84	34 37 27 41
85	3 9 50 30
86	29 25 22 24
87	29 20 34 2
88	13 4 6 35
89	48 34 6 40
90	19 46 47 41
91	7 19 40 2
92	26 45 50 39
93	18 21 12 44
94	6 31 13 50
95	28 7 17 47
96	50 22 34 25
97	45 41 17 39
98	12 28 39 42
99	50 24 7 33
100	29 36 7 26
101	50 2 39 9
102	37 49 3 6
103	38 12 21 35
104	15 13 19 17
105	17 49 36 22
106	40 28 41 19
107	8 10 39 20
108	12 19 43 36
109	40 24 8 26
110	34 37 46 8
111	50 10 14 44
112	18 38 8 34
113	22 24 23 27
114	20 49 41 38
115	16 47 7 48
116	38 24 49 28
117	34 24 37 11
118	1 47 14 27
119	46 49 21 32
120	45 48 44 38
121	35 21 1 3
122	27 34 41 9
123	7 5 50 42
124	35 21 44 38
125	1 41 34 17
126	6 46 14 15
127	31 17 6 20
128	37 31 48 15
129	8 1 38 22
130	22 1 18 33
131	36 10 43 31
132	11 20 5 31
133	41 23 3 43
134	29 23 39 15
135	38 8 9 50
136	37 5 10 6
137	34 35 30 36
138	48 27 40 24
139	13 30 22 47
140	44 1 47 26
141	32 48 42 37
142	16 2 14 43
143	4 8 36 16
144	30 25 13 27
145	49 24 27 3
146	6 21 44 42
147	19 31 48 39
148	34 32 26 15
149	49 42 7 2
150	38 36 4 9
151	23 46 13 15
152	33 26 23 43
153	34 41 13 19
154	21 2 5 14
155	43 33 28 18
156	1 35 20 12
157	19 20 28 10
158	31 30 35 18
159	12 33 21 2
160	14 22 12 17
161	50 45 10 48
162	47 43 42 22
163	17 6 49 25
164	15 47 29 17
165	34 24 15 22
166	2 3 48 21
167	8 42 28 39
168	36 15 11 45
169	25 46 12 6
170	49 9 6 37
171	16 39 26 33
172	15 44 25 10
173	10 50 29 34
174	48 18 31 24
175	13 15 4 9
176	11 19 28 30
177	2 13 30 36
178	30 48 18 19
179	15 5 37 43
180	36 44 39 16
181	47 30 43 37
182	11 19 38 7
183	17 6 44 35
184	15 47 24 48
185	38 49 28 40
186	15 12 23 7
187	40 15 31 26
188	27 29 44 40
189	49 46 45 5
190	33 46 28 27
191	22 38 45 43
192	27 36 40 47
193	10 7 12 16
194	46 13 1 22
195	40 31 34 27
196	36 43 2 49
197	24 23 30 15
198	33 3 15 11
199	8 48 44 16
200	25 36 12 14
201	8 18 37 26
202	4 5 10 46
203	13 27 2 29
204	35 13 34 30
205	13 49 39 26
206	36 42 10 13
207	13 45 31 25
208	13 30 27 45
209	24 18 39 44
210	17 4 13 40
211	15 46 47 42
212	31 34 41 32
213	3 22 11 42
214	32 14 4 15
215	13 6 17 26
216	33 42 28 9
217	46 27 28 17
218	5 37 32 18
219	25 15 38 43
220	43 32 28 23
221	40 41 16 33
222	8 11 21 25
223	13 26 20 21
224	20 10 24 1
225	10 6 48 39
226	27 35 31 38
227	13 8 3 37
228	29 21 39 10
229	10 1 30 33
230	7 34 26 35
231	39 10 27 3
232	25 47 50 3
233	34 16 25 11
234	21 6 27 28
235	39 44 35 22
236	5 34 12 30
237	38 22 35 39
238	19 16 18 40
239	34 30 5 24
240	26 29 1 11
241	5 31 15 7
242	35 46 18 12
243	2 15 11 6
244	17 32 1 2
245	37 31 33 32
246	15 10 1 38
247	48 12 28 40
248	14 49 50 37
249	2 16 41 6
250	6 31 24 36
251	32 47 36 27
252	1 8 48 47
253	27 11 40 18
254	27 29 36 3
255	1 39 30 50
256	11 4 31 50
257	19 44 4 28
258	25 29 11 18
259	18 22 21 34
260	32 7 12 47
261	7 12 21 47
262	28 30 2 22
263	1 12 8 4
264	28 32 25 36
265	30 12 2 46
266	42 21 35 23
267	47 1 43 48
268	3 33 49 46
269	17 8 12 23
270	33 48 31 9
271	14 18 37 3
272	27 20 32 41
273	28 16 7 4
274	1 49 13 4
275	35 6 9 30
276	2 47 19 3
277	32 40 17 50
278	2 12 25 32
279	41 3 17 46
280	1 47 3 25
281	7 41 3 1
282	31 2 48 50
283	20 35 23 22
284	47 5 8 26
285	19 16 43 44
286	43 49 26 33
287	26 39 38 16
288	11 6 35 20
289	27 9 11 26
290	27 4 5 48
291	10 24 33 35
292	18 8 31 23
293	32 19 6 12
294	37 11 27 6
295	29 1 38 15
296	6 14 18 31
297	2 10 37 25
298	42 44 10 39
299	28 6 42 37
300	25 9 5 10
301	1 22 42 48
302	37 12 50 9
303	5 7 18 49
304	34 44 22 6
305	8 37 16 30
306	6 15 27 2
307	36 9 27 24
308	43 16 40 45
309	8 44 30 15
310	14 21 5 35
311	16 31 35 32
312	21 12 9 36
313	31 10 2 9
314	22 12 5 33
315	25 42 10 2
316	9 39 29 23
317	12 20 17 45
318	23 34 7 18
319	13 23 9 31
320	10 31 34 41
321	36 2 32 23
322	38 33 6 47
323	14 1 8 35
324	31 17 38 6
325	30 10 38 49
326	26 7 9 22
327	16 11 9 43
328	29 42 43 46
329	49 27 43 46
330	21 17 27 33
331	11 27 50 40
332	31 6 18 23
333	44 15 16 18
334	4 45 26 30
335	25 39 16 46
336	25 28 2 16
337	15 36 32 40
338	36 32 5 34
339	30 39 41 36
340	19 11 30 22
341	2 30 19 25
342	8 40 14 47
343	27 16 45 2
344	30 27 9 33
345	27 33 6 38
346	28 32 40 46
347	13 6 10 27
348	14 17 48 23
349	41 43 32 16
350	33 44 16 15
351	33 43 22 17
352	5 1 22 20
353	41 21 39 15
354	43 8 1 15
355	14 9 25 41
356	7 31 6 50
357	44 38 40 24
358	4 37 13 14
359	30 41 5 2
360	38 33 23 24
361	4 10 8 29
362	33 23 2 34
363	28 34 25 41
364	14 46 15 36
365	1 7 46 45
366	5 23 10 37
367	37 31 40 32
368	19 17 29 8
369	14 47 18 5
370	37 22 18 47
371	2 15 13 17
372	14 21 19 40
373	40 26 15 14
374	3 18 7 13
375	10 20 21 2
376	38 29 14 18
377	17 1 49 34
378	6 10 12 5
379	9 32 49 37
380	39 38 23 6
381	29 17 37 26
382	39 8 34 32
383	2 32 49 41
384	48 6 27 4
385	22 6 39 13
386	10 2 37 28
387	6 28 17 43
388	33 14 27 44
389	25 38 41 4
390	24 47 3 21
391	44 12 20 6
392	34 18 31 41
393	15 21 33 38
394	42 41 17 14
395	22 50 41 44
396	14 40 18 37
397	32 1 44 26
398	13 46 26 18
399	8 30 18 43
400	29 21 19 6
401	17 30 25 21
402	1 2 5 41
403	40 14 17 28
404	45 41 5 38
405	23 1 44 36
406	36 24 17 48
407	1 49 2 9
408	31 32 36 39
409	46 48 8 45
410	27 29 45 9
411	1 48 5 43
412	4 49 23 1
413	32 49 41 6
414	50 32 16 1
415	18 25 12 46
416	50 33 17 9
417	17 1 26 28
418	12 41 10 18
419	42 14 30 38
420	41 2 50 11
421	25 26 20 41
422	20 17 14 43
423	10 47 19 34
424	39 47 27 3
425	28 9 15 6
426	36 14 28 22
427	11 21 10 20
428	33 44 18 24
429	15 25 21 18
430	12 45 40 32
431	12 40 24 30
432	44 15 3 1
433	37 38 6 41
434	30 9 41 39
435	32 34 17 7
436	50 49 23 36
437	21 42 22 7
438	44 43 42 14
439	29 5 17 32
440	15 33 23 2
441	21 40 20 10
442	25 11 24 43
443	24 26 27 23
444	36 32 41 29
445	37 28 22 36
446	12 26 50 20
447	37 24 15 13
448	36 27 10 3
449	2 32 36 38
450	13 10 18 21
451	33 15 13 31
452	43 27 18 12
453	22 6 14 12
454	18 26 14 30
455	17 49 35 2
456	40 43 5 7
457	41 36 11 26
458	5 2 47 21
459	31 40 27 4
460	24 8 46 1
461	35 36 7 13
462	26 15 28 29
463	2 16 19 28
464	46 9 47 43
465	2 49 43 6
466	43 7 2 20
467	7 44 15 2
468	39 32 6 2
469	36 14 28 44
470	42 16 45 27
471	26 28 49 21
472	31 38 42 36
473	22 14 2 37
474	15 25 30 20
475	11 47 39 18
476	8 29 12 28
477	7 39 5 23
478	26 4 3 2
479	29 46 18 26
480	7 26 20 27
481	11 28 4 5
482	14 21 5 26
483	39 24 28 4
484	44 43 11 3
485	25 18 5 7
486	7 49 18 25
487	28 49 14 13
488	28 15 36 40
489	50 28 46 2
490	16 47 13 3
491	9 20 2 11
492	25 1 18 44
493	18 10 22 50
494	36 25 35 29
495	21 50 24 26
496	42 19 39 37
497	49 13 44 2
498	8 24 47 17
499	26 41 33 25
500	45 39 23 36
