Class Times	5
Rooms	10
1	20	B	0
2	58	C	0
3	42	A	1
4	79	C	1
5	12	C	1
6	11	C	1
7	65	A	1
8	72	B	1
9	11	B	0
10	97	B	1
Classes	50
Teachers	25
1	9	3	C	1
2	16	5	C	1
3	6	3	C	1
4	1	1	A	0
5	18	2	B	0
6	6	2	B	0
7	10	3	C	0
8	25	3	C	0
9	12	2	B	0
10	25	3	C	0
11	9	4	C	0
12	2	2	B	0
13	4	5	C	0
14	2	3	C	0
15	3	4	C	0
16	7	1	A	0
17	8	4	C	0
18	5	5	C	0
19	12	3	C	0
20	13	3	C	0
21	7	5	C	0
22	10	3	C	0
23	13	4	C	0
24	4	3	C	0
25	21	2	B	0
26	3	1	A	0
27	11	5	C	0
28	14	2	B	0
29	14	4	C	0
30	1	4	C	0
31	18	4	C	0
32	21	1	A	0
33	17	4	C	0
34	22	5	C	0
35	19	2	B	0
36	15	2	B	0
37	11	1	A	0
38	5	2	B	0
39	19	4	C	0
40	22	1	A	0
41	16	2	B	0
42	23	3	C	0
43	20	4	C	0
44	8	4	C	0
45	17	1	A	0
46	23	2	B	0
47	20	5	C	0
48	24	4	C	0
49	24	3	C	0
50	15	2	B	0
