Class Times	5
Rooms	10
1	69	A	1
2	23	A	0
3	65	A	1
4	96	B	0
5	34	B	1
6	15	C	1
7	72	C	1
8	15	B	1
9	73	A	1
10	45	C	0
Classes	50
Teachers	25
1	13	3	C	1
2	14	2	B	1
3	8	5	C	1
4	22	2	B	0
5	9	2	B	0
6	18	4	C	0
7	10	3	C	0
8	17	3	C	0
9	23	4	C	0
10	22	3	C	0
11	19	4	C	0
12	14	1	A	0
13	5	1	A	0
14	23	5	C	0
15	18	4	C	0
16	15	3	C	0
17	8	4	C	0
18	17	2	B	0
19	21	3	C	0
20	21	1	A	0
21	4	5	C	0
22	15	4	C	0
23	3	1	A	0
24	20	2	B	0
25	3	1	A	0
26	1	4	C	0
27	2	3	C	0
28	9	1	A	0
29	7	1	A	0
30	1	2	B	0
31	2	5	C	0
32	13	1	A	0
33	7	5	C	0
34	25	5	C	0
35	24	2	B	0
36	11	4	C	0
37	11	1	A	0
38	10	3	C	0
39	20	1	A	0
40	19	1	A	0
41	12	5	C	0
42	12	1	A	0
43	25	5	C	0
44	5	2	B	0
45	4	4	C	0
46	6	4	C	0
47	6	5	C	0
48	16	2	B	0
49	16	2	B	0
50	24	2	B	0
