Class Times	5
Rooms	10
1	39	A	1
2	91	C	1
3	10	A	1
4	67	B	1
5	91	B	1
6	92	C	1
7	49	C	0
8	70	B	0
9	76	B	0
10	32	C	0
Classes	50
Teachers	25
1	3	5	C	1
2	6	1	A	1
3	13	2	B	1
4	21	4	C	0
5	12	2	B	0
6	21	3	C	0
7	13	3	C	0
8	6	1	A	0
9	11	2	B	0
10	8	3	C	0
11	1	2	B	0
12	14	4	C	0
13	10	1	A	0
14	3	4	C	0
15	14	1	A	0
16	2	2	B	0
17	11	4	C	0
18	24	4	C	0
19	9	5	C	0
20	20	1	A	0
21	24	3	C	0
22	17	3	C	0
23	1	3	C	0
24	12	2	B	0
25	25	5	C	0
26	19	5	C	0
27	16	2	B	0
28	17	4	C	0
29	20	5	C	0
30	2	2	B	0
31	4	3	C	0
32	8	5	C	0
33	7	5	C	0
34	18	3	C	0
35	18	1	A	0
36	15	3	C	0
37	16	3	C	0
38	5	4	C	0
39	9	5	C	0
40	25	4	C	0
41	7	5	C	0
42	22	4	C	0
43	23	5	C	0
44	15	1	A	0
45	19	5	C	0
46	10	5	C	0
47	23	5	C	0
48	5	4	C	0
49	22	3	C	0
50	4	2	B	0
