Class Times	5
Rooms	10
1	60	A	1
2	35	C	1
3	84	C	1
4	53	B	1
5	66	C	0
6	68	B	0
7	21	B	1
8	27	B	0
9	35	A	1
10	81	B	1
Classes	50
Teachers	25
1	15	1	A	1
2	5	2	B	1
3	9	1	A	1
4	1	1	A	0
5	14	2	B	0
6	15	5	C	0
7	23	2	B	0
8	22	4	C	0
9	8	1	A	0
10	23	2	B	0
11	2	1	A	0
12	24	4	C	0
13	3	5	C	0
14	3	3	C	0
15	2	5	C	0
16	20	2	B	0
17	19	3	C	0
18	9	2	B	0
19	20	4	C	0
20	11	2	B	0
21	21	3	C	0
22	1	1	A	0
23	21	2	B	0
24	17	4	C	0
25	13	1	A	0
26	4	5	C	0
27	10	4	C	0
28	4	3	C	0
29	25	4	C	0
30	12	5	C	0
31	11	5	C	0
32	14	1	A	0
33	17	2	B	0
34	22	1	A	0
35	12	4	C	0
36	13	3	C	0
37	5	5	C	0
38	10	5	C	0
39	24	4	C	0
40	7	2	B	0
41	16	3	C	0
42	16	1	A	0
43	7	3	C	0
44	25	1	A	0
45	18	2	B	0
46	19	3	C	0
47	6	2	B	0
48	18	3	C	0
49	6	1	A	0
50	8	3	C	0
