Class Times	5
Rooms	10
1	92	A	0
2	76	B	0
3	83	A	1
4	14	B	0
5	18	C	1
6	46	C	1
7	34	B	0
8	93	B	1
9	52	C	1
10	27	A	1
Classes	50
Teachers	25
1	17	5	C	1
2	22	2	B	1
3	11	2	B	1
4	21	2	B	0
5	13	1	A	0
6	22	3	C	0
7	13	5	C	0
8	12	1	A	0
9	20	4	C	0
10	12	5	C	0
11	8	5	C	0
12	10	3	C	0
13	24	3	C	0
14	18	3	C	0
15	24	1	A	0
16	17	4	C	0
17	4	3	C	0
18	5	2	B	0
19	5	4	C	0
20	8	2	B	0
21	21	1	A	0
22	3	1	A	0
23	3	2	B	0
24	20	5	C	0
25	18	5	C	0
26	9	4	C	0
27	9	4	C	0
28	10	1	A	0
29	7	4	C	0
30	4	2	B	0
31	1	2	B	0
32	6	1	A	0
33	14	5	C	0
34	7	1	A	0
35	15	2	B	0
36	11	5	C	0
37	25	4	C	0
38	25	5	C	0
39	2	5	C	0
40	19	2	B	0
41	1	1	A	0
42	6	1	A	0
43	19	5	C	0
44	16	2	B	0
45	23	3	C	0
46	14	1	A	0
47	23	5	C	0
48	16	2	B	0
49	15	3	C	0
50	2	3	C	0
