Class Times	5
Rooms	10
1	55	A	0
2	73	B	0
3	12	B	0
4	67	C	0
5	23	A	0
6	87	B	1
7	55	B	1
8	29	B	0
9	63	C	0
10	94	C	1
Classes	50
Teachers	25
1	10	3	C	1
2	13	2	B	1
3	24	5	C	1
4	6	2	B	0
5	8	5	C	0
6	25	1	A	0
7	16	4	C	0
8	1	2	B	0
9	11	4	C	0
10	13	3	C	0
11	18	2	B	0
12	6	3	C	0
13	10	5	C	0
14	2	3	C	0
15	3	3	C	0
16	18	4	C	0
17	25	5	C	0
18	19	1	A	0
19	20	2	B	0
20	23	1	A	0
21	7	3	C	0
22	2	1	A	0
23	24	1	A	0
24	19	2	B	0
25	16	1	A	0
26	8	4	C	0
27	17	1	A	0
28	23	3	C	0
29	3	3	C	0
30	7	3	C	0
31	17	2	B	0
32	14	2	B	0
33	11	5	C	0
34	9	3	C	0
35	1	3	C	0
36	22	1	A	0
37	20	5	C	0
38	14	1	A	0
39	21	3	C	0
40	4	4	C	0
41	5	3	C	0
42	5	5	C	0
43	9	2	B	0
44	12	4	C	0
45	22	5	C	0
46	15	3	C	0
47	12	2	B	0
48	4	4	C	0
49	15	5	C	0
50	21	5	C	0
