Students	750
1	37 19 38 46	2	-1	0
2	46 13 45 47	3	3	0
3	43 19 9 50	3	3	0
4	1 36 17 47	1	-1	0
5	38 35 11 39	3	4	0
6	1 11 15 9	1	-1	0
7	7 28 41 35	4	2	0
8	19 33 17 24	2	-1	0
9	38 18 24 34	2	-1	0
10	8 22 43 14	2	-1	0
11	2 37 11 1	1	-1	0
12	25 14 44 19	4	5	0
13	48 4 29 12	3	5	0
14	17 15 34 43	4	4	0
15	6 9 49 4	2	-1	0
16	35 4 49 27	4	5	0
17	45 26 47 11	3	3	0
18	2 33 20 40	1	-1	0
19	50 39 47 31	2	-1	0
20	14 36 32 4	2	-1	0
21	2 25 44 35	1	-1	0
22	36 42 32 43	2	-1	0
23	27 5 12 50	2	-1	0
24	3 24 16 15	1	-1	0
25	29 30 45 19	4	3	0
26	1 48 49 45	1	-1	0
27	13 49 7 36	3	2	0
28	13 36 19 32	3	4	0
29	35 46 26 42	4	3	0
30	24 27 29 50	2	-1	0
31	14 22 25 46	3	3	0
32	39 50 32 48	4	2	0
33	2 38 33 23	1	-1	0
34	1 42 4 38	1	-1	0
35	33 31 10 37	3	4	0
36	30 7 28 16	3	1	0
37	3 11 5 23	1	-1	0
38	1 28 48 41	1	-1	0
39	35 38 29 48	3	3	0
40	35 38 18 4	4	2	0
41	7 27 18 44	3	1	0
42	11 27 49 42	3	5	0
43	17 5 16 43	2	-1	0
44	8 19 34 40	2	-1	0
45	16 45 19 6	2	-1	0
46	28 38 10 36	3	4	0
47	3 31 50 30	1	-1	0
48	25 45 48 23	4	4	0
49	28 5 8 4	2	-1	0
50	5 47 31 43	4	5	0
51	13 7 45 37	3	2	0
52	22 14 38 42	4	5	0
53	36 31 33 39	4	3	0
54	3 46 36 10	1	-1	0
55	44 27 19 20	3	2	0
56	16 40 30 39	4	1	0
57	38 39 28 21	3	5	0
58	10 18 14 12	2	-1	0
59	33 17 6 29	4	5	0
60	2 6 15 10	1	-1	0
61	30 47 31 45	4	2	0
62	1 30 33 47	1	-1	0
63	10 17 25 9	4	4	0
64	5 27 18 4	3	2	0
65	2 19 9 44	1	-1	0
66	1 25 30 23	1	-1	0
67	25 12 44 9	4	3	0
68	21 39 42 47	4	3	0
69	8 13 20 21	4	4	0
70	18 47 27 33	4	1	0
71	17 4 11 35	2	-1	0
72	10 32 8 4	4	5	0
73	12 16 44 11	4	4	0
74	39 31 35 28	3	2	0
75	1 10 16 40	1	-1	0
76	1 40 36 22	1	-1	0
77	10 46 48 41	2	-1	0
78	34 40 49 45	4	1	0
79	44 35 6 21	2	-1	0
80	35 28 39 7	3	2	0
81	3 21 42 27	1	-1	0
82	43 6 25 9	3	3	0
83	14 19 39 18	3	2	0
84	2 23 16 29	1	-1	0
85	23 16 24 31	2	-1	0
86	3 19 11 30	1	-1	0
87	14 28 34 17	4	1	0
88	5 30 9 31	4	5	0
89	2 19 36 40	1	-1	0
90	29 15 13 17	3	3	0
91	5 32 7 12	2	-1	0
92	1 45 31 11	1	-1	0
93	35 7 5 24	2	-1	0
94	29 45 43 20	2	-1	0
95	10 43 36 37	4	1	0
96	37 39 45 25	4	3	0
97	3 50 21 29	1	-1	0
98	28 48 26 43	3	3	0
99	21 20 29 46	4	1	0
100	30 21 15 40	4	2	0
101	45 42 31 36	2	-1	0
102	43 7 48 26	3	1	0
103	10 17 38 34	2	-1	0
104	24 15 33 44	3	4	0
105	14 38 25 17	2	-1	0
106	23 36 30 14	2	-1	0
107	44 39 15 14	4	5	0
108	41 13 32 19	2	-1	0
109	46 6 20 45	4	4	0
110	17 24 47 48	3	2	0
111	39 19 8 38	2	-1	0
112	19 46 4 38	3	1	1
113	34 39 4 9	2	-1	0
114	19 24 29 21	4	4	0
115	9 39 46 18	4	3	0
116	13 17 22 18	3	5	0
117	8 39 22 9	3	4	0
118	30 13 28 16	3	4	0
119	18 4 27 7	4	1	0
120	36 23 34 37	3	5	0
121	11 28 25 50	3	4	0
122	19 35 33 17	2	-1	0
123	7 45 12 43	4	1	0
124	26 25 49 18	4	2	0
125	2 29 17 19	1	-1	0
126	25 46 7 19	2	-1	0
127	1 22 31 8	1	-1	0
128	16 44 7 50	3	3	0
129	3 32 43 39	1	-1	0
130	3 26 34 18	1	-1	0
131	38 13 7 39	4	3	0
132	20 10 34 33	2	-1	0
133	34 8 23 33	2	-1	0
134	13 38 16 43	4	3	0
135	42 13 15 4	4	2	0
136	45 33 31 49	4	3	0
137	1 42 25 27	1	-1	0
138	3 10 49 22	1	-1	0
139	42 23 34 31	4	4	0
140	34 19 48 6	2	-1	0
141	31 10 47 29	4	5	0
142	8 20 34 50	4	4	0
143	16 8 19 34	3	2	0
144	7 4 42 14	4	1	0
145	38 11 29 44	2	-1	0
146	37 49 16 39	4	5	0
147	25 34 27 5	3	4	0
148	6 25 38 27	3	5	0
149	16 27 7 46	4	5	0
150	47 24 27 48	4	5	0
151	2 16 46 10	1	-1	0
152	2 23 25 39	1	-1	0
153	1 20 26 33	1	-1	0
154	8 39 27 32	2	-1	0
155	44 46 50 32	3	5	0
156	27 25 29 14	4	5	0
157	5 15 47 12	3	1	0
158	41 33 17 28	3	4	0
159	40 24 5 6	2	-1	0
160	49 42 19 5	4	4	0
161	9 15 50 21	3	2	0
162	32 27 43 5	4	5	0
163	37 18 15 12	2	-1	0
164	45 35 32 22	2	-1	0
165	24 43 6 17	3	3	0
166	27 6 26 18	3	3	0
167	3 9 12 35	1	-1	0
168	19 39 47 29	2	-1	0
169	48 15 11 30	2	-1	0
170	1 8 38 24	1	-1	0
171	44 29 4 40	3	4	0
172	49 10 28 22	2	-1	0
173	28 27 34 32	2	-1	0
174	3 4 44 16	1	-1	0
175	20 11 42 36	4	4	0
176	20 19 33 22	3	4	0
177	10 40 25 23	3	4	0
178	8 27 14 50	2	-1	0
179	2 42 24 26	1	-1	0
180	25 5 30 47	2	-1	0
181	2 28 49 44	1	-1	0
182	3 8 21 47	1	-1	0
183	29 19 36 41	3	4	0
184	19 44 4 32	2	-1	0
185	34 30 16 25	2	-1	0
186	3 10 8 35	1	-1	0
187	1 22 14 8	1	-1	0
188	3 11 47 30	1	-1	0
189	1 19 12 11	1	-1	0
190	13 8 21 17	4	3	0
191	24 37 16 26	3	2	0
192	20 15 35 41	2	-1	0
193	42 9 50 20	2	-1	0
194	20 46 43 29	3	4	0
195	12 30 21 38	4	2	0
196	3 12 39 38	1	-1	0
197	40 47 32 29	2	-1	0
198	1 36 47 4	1	-1	0
199	1 11 19 34	1	-1	0
200	3 11 35 5	1	-1	0
201	2 8 46 45	1	-1	0
202	37 43 13 23	4	2	0
203	48 22 26 50	3	1	0
204	10 20 12 9	4	4	0
205	3 46 26 30	1	-1	0
206	36 29 47 25	2	-1	0
207	23 45 38 42	2	-1	0
208	3 34 12 49	1	-1	0
209	7 15 44 22	2	-1	0
210	16 5 49 13	3	2	0
211	23 15 39 10	3	2	0
212	2 38 50 7	1	-1	0
213	10 8 45 15	2	-1	0
214	29 15 46 26	4	1	0
215	25 43 30 4	3	2	0
216	9 38 27 21	3	3	0
217	41 8 46 34	2	-1	0
218	1 34 10 41	1	-1	0
219	27 49 39 19	4	5	0
220	6 13 24 41	4	1	0
221	37 18 30 44	4	3	0
222	22 48 19 29	3	4	0
223	1 39 20 33	1	-1	0
224	4 18 28 40	2	-1	0
225	22 8 5 10	4	3	0
226	18 38 29 33	2	-1	0
227	33 46 15 16	4	1	0
228	6 48 39 11	3	5	0
229	14 13 45 18	3	2	0
230	40 17 5 25	3	1	0
231	24 30 36 33	2	-1	0
232	1 18 17 19	1	-1	0
233	33 38 19 24	3	5	0
234	18 42 6 11	4	5	0
235	48 38 27 15	2	-1	0
236	10 39 49 44	4	3	0
237	9 35 12 49	2	-1	0
238	16 13 46 40	2	-1	0
239	2 31 17 46	1	-1	0
240	44 24 9 26	4	2	0
241	10 39 24 44	2	-1	0
242	3 25 5 12	1	-1	0
243	50 40 37 14	3	5	0
244	3 11 40 33	1	-1	0
245	3 37 13 9	1	-1	0
246	46 23 29 50	2	-1	0
247	19 15 48 46	3	5	0
248	13 26 17 38	3	1	0
249	47 22 42 10	3	1	0
250	2 25 46 20	1	-1	0
251	31 25 47 7	3	5	0
252	41 10 26 13	3	2	0
253	20 29 32 31	2	-1	0
254	49 21 45 16	2	-1	0
255	3 38 20 15	1	-1	0
256	3 16 6 27	1	-1	0
257	21 32 14 43	2	-1	0
258	22 21 42 24	3	1	0
259	35 13 12 39	3	5	0
260	2 17 6 28	1	-1	0
261	4 8 46 50	4	3	0
262	2 49 46 40	1	-1	0
263	4 33 25 5	4	1	0
264	11 12 14 18	3	2	0
265	10 38 25 32	2	-1	0
266	3 42 48 13	1	-1	0
267	3 23 24 8	1	-1	0
268	44 15 45 9	3	5	0
269	28 49 46 9	2	-1	0
270	25 42 6 27	2	-1	0
271	3 10 15 24	1	-1	0
272	6 15 35 49	4	3	0
273	36 39 35 8	2	-1	0
274	13 5 10 29	2	-1	0
275	47 38 33 22	4	3	0
276	48 46 33 29	2	-1	0
277	2 24 8 36	1	-1	0
278	29 46 26 13	3	5	0
279	38 7 43 39	3	1	0
280	4 28 16 29	4	1	0
281	10 44 47 36	2	-1	0
282	2 14 17 16	1	-1	0
283	45 33 27 13	2	-1	0
284	17 41 7 42	2	-1	0
285	5 22 29 28	4	1	0
286	3 38 23 44	1	-1	0
287	22 29 24 32	2	-1	0
288	37 34 24 47	3	4	0
289	36 7 35 32	3	2	0
290	40 43 9 34	3	2	0
291	15 39 35 38	3	3	0
292	32 49 10 22	4	1	0
293	49 21 12 18	2	-1	0
294	42 9 41 28	4	5	0
295	50 32 5 35	3	2	0
296	47 44 48 19	3	3	0
297	31 21 9 22	3	5	0
298	6 38 4 45	4	4	0
299	19 9 22 26	3	2	0
300	7 9 30 12	2	-1	1
301	19 30 17 9	4	1	0
302	44 26 43 28	3	3	0
303	36 5 48 43	3	2	0
304	16 45 27 18	3	2	0
305	39 45 36 43	4	5	0
306	3 38 31 16	1	-1	0
307	39 21 33 40	3	1	0
308	1 24 9 29	1	-1	0
309	18 35 47 4	4	2	0
310	2 44 43 27	1	-1	0
311	50 4 14 33	3	1	0
312	1 27 13 40	1	-1	0
313	5 37 45 44	2	-1	0
314	43 32 47 40	3	4	0
315	24 11 7 6	4	3	0
316	25 20 32 18	4	3	0
317	9 49 7 11	3	5	0
318	30 18 6 36	3	3	1
319	39 11 10 37	4	5	0
320	33 34 45 27	2	-1	0
321	13 50 33 29	2	-1	0
322	29 46 33 31	4	2	0
323	23 25 8 40	3	2	0
324	4 29 37 7	3	4	0
325	33 37 19 25	2	-1	0
326	41 28 37 18	3	5	0
327	6 17 41 25	3	4	1
328	45 27 25 40	2	-1	0
329	36 17 27 11	3	3	0
330	1 32 25 8	1	-1	0
331	15 7 31 11	3	1	0
332	17 28 37 18	4	4	0
333	48 35 9 10	3	2	0
334	32 22 42 20	4	2	0
335	1 17 12 45	1	-1	0
336	50 19 28 48	3	5	0
337	12 25 21 43	2	-1	0
338	44 38 9 48	3	3	0
339	36 11 34 41	4	2	0
340	9 46 21 31	4	2	0
341	23 43 8 26	4	5	0
342	41 30 45 39	3	3	0
343	41 30 4 37	3	1	0
344	1 18 9 19	1	-1	0
345	1 11 27 33	1	-1	0
346	6 15 24 25	3	3	0
347	2 15 34 40	1	-1	0
348	34 42 17 21	4	1	0
349	40 20 37 48	3	3	0
350	6 14 13 5	3	5	0
351	3 45 15 25	1	-1	0
352	50 33 34 39	4	1	0
353	1 45 28 41	1	-1	0
354	19 25 49 5	2	-1	0
355	15 41 29 22	2	-1	0
356	3 32 19 40	1	-1	0
357	37 46 15 39	4	2	0
358	1 40 34 46	1	-1	0
359	9 10 14 37	4	3	0
360	17 46 16 47	2	-1	0
361	39 46 35 13	4	4	0
362	15 37 49 19	3	2	0
363	25 42 36 38	4	4	0
364	5 26 35 37	2	-1	0
365	25 34 5 7	4	2	0
366	45 11 21 12	2	-1	0
367	2 32 24 39	1	-1	0
368	47 48 5 34	3	5	0
369	22 31 36 16	3	4	0
370	41 6 43 34	4	2	0
371	18 33 35 6	3	5	0
372	32 48 27 12	3	5	0
373	12 6 24 20	2	-1	0
374	1 15 5 46	1	-1	0
375	32 47 12 24	4	5	0
376	33 32 26 38	3	2	0
377	37 8 48 44	4	3	0
378	26 14 33 23	4	5	0
379	1 40 12 36	1	-1	0
380	30 40 26 16	3	5	0
381	1 31 27 13	1	-1	0
382	14 46 4 9	4	1	0
383	31 45 10 23	3	3	0
384	43 11 28 5	3	3	0
385	22 38 6 15	2	-1	0
386	31 44 4 47	4	4	0
387	3 13 36 5	1	-1	0
388	3 12 6 9	1	-1	0
389	32 44 43 23	2	-1	0
390	42 37 11 13	4	1	0
391	12 22 50 16	2	-1	0
392	26 46 13 19	4	5	0
393	27 28 23 10	2	-1	0
394	1 23 11 40	1	-1	0
395	38 35 22 25	3	4	0
396	29 6 19 25	2	-1	0
397	25 15 10 39	3	1	0
398	2 7 28 33	1	-1	0
399	22 43 29 47	4	3	0
400	26 32 47 10	4	1	0
401	1 11 4 14	1	-1	0
402	3 7 13 26	1	-1	0
403	39 40 5 33	3	2	0
404	45 26 6 14	4	5	0
405	48 19 24 4	2	-1	0
406	17 46 36 9	2	-1	0
407	50 41 32 10	4	3	0
408	3 14 34 7	1	-1	0
409	35 18 29 36	4	4	0
410	18 44 4 7	2	-1	0
411	24 31 9 5	4	3	0
412	2 13 15 5	1	-1	0
413	5 14 7 12	2	-1	0
414	3 50 28 49	1	-1	0
415	24 47 27 13	2	-1	0
416	2 8 43 37	1	-1	0
417	8 46 15 45	3	5	0
418	3 32 34 42	1	-1	0
419	1 11 38 8	1	-1	0
420	50 44 4 13	3	3	0
421	16 27 35 46	2	-1	0
422	47 36 18 49	2	-1	0
423	45 25 28 21	3	2	0
424	41 38 19 46	2	-1	0
425	36 4 27 37	3	3	0
426	1 6 40 41	1	-1	0
427	2 12 29 43	1	-1	0
428	3 15 42 6	1	-1	0
429	5 31 7 28	3	4	0
430	3 45 6 28	1	-1	0
431	8 35 47 33	3	5	0
432	44 47 22 20	4	1	0
433	2 12 7 17	1	-1	0
434	3 43 18 26	1	-1	0
435	36 33 14 6	2	-1	0
436	3 35 5 38	1	-1	0
437	1 15 45 18	1	-1	0
438	12 15 36 21	2	-1	0
439	42 30 47 31	4	2	0
440	49 36 8 11	2	-1	0
441	7 28 23 21	3	1	0
442	2 10 33 8	1	-1	0
443	24 47 8 41	4	5	0
444	20 9 39 48	3	2	0
445	41 20 4 38	3	4	0
446	47 34 27 22	3	1	0
447	6 37 48 20	3	3	0
448	6 12 49 40	2	-1	0
449	25 31 41 49	4	4	0
450	2 47 16 25	1	-1	0
451	3 21 6 50	1	-1	0
452	2 37 29 4	1	-1	0
453	48 50 38 22	2	-1	0
454	5 24 16 48	3	3	0
455	34 20 32 31	2	-1	0
456	2 25 11 20	1	-1	0
457	40 26 24 25	3	5	0
458	47 4 35 16	2	-1	0
459	34 8 36 41	4	3	0
460	30 22 11 47	4	5	0
461	14 5 27 34	4	3	0
462	30 27 15 19	2	-1	0
463	3 44 10 13	1	-1	0
464	46 17 5 18	4	1	0
465	3 50 43 16	1	-1	0
466	23 40 47 41	2	-1	0
467	30 28 32 27	3	3	0
468	23 31 29 36	2	-1	0
469	3 26 31 34	1	-1	0
470	2 40 7 8	1	-1	0
471	23 45 46 5	2	-1	0
472	50 26 30 47	4	4	0
473	12 44 13 6	3	3	0
474	36 10 2 13	4	4	0
475	30 7 25 34	4	1	0
476	27 17 33 41	3	3	0
477	26 32 17 30	4	5	0
478	50 33 35 17	3	2	0
479	2 8 28 31	1	-1	0
480	15 29 23 6	4	2	0
481	20 23 12 9	4	4	0
482	14 50 27 26	4	4	0
483	2 49 6 47	1	-1	0
484	5 49 29 8	2	-1	0
485	1 28 7 40	1	-1	0
486	37 21 47 18	2	-1	0
487	1 31 48 14	1	-1	0
488	14 32 29 5	3	3	0
489	10 26 44 45	3	4	0
490	13 32 16 40	2	-1	0
491	38 10 11 9	3	3	0
492	1 16 35 26	1	-1	0
493	2 40 48 12	1	-1	0
494	42 12 49 16	4	2	0
495	47 27 4 19	2	-1	0
496	34 37 35 49	4	4	0
497	41 27 30 31	2	-1	0
498	11 4 47 50	3	1	0
499	13 32 10 29	2	-1	0
500	30 35 16 26	4	1	0
501	43 14 37 48	4	2	0
502	44 41 22 42	4	2	0
503	19 28 30 29	4	3	0
504	24 9 13 28	3	2	0
505	22 16 42 29	2	-1	0
506	41 29 4 11	4	1	0
507	7 10 28 35	3	3	0
508	32 11 12 48	4	2	0
509	28 45 39 7	3	3	0
510	38 31 26 13	4	4	0
511	2 26 42 22	1	-1	0
512	32 27 29 34	4	4	0
513	38 49 7 13	4	5	0
514	4 27 26 7	2	-1	0
515	34 46 50 17	3	5	0
516	8 44 50 40	3	2	0
517	11 21 35 6	2	-1	0
518	15 32 28 33	2	-1	0
519	1 6 34 11	1	-1	0
520	32 44 46 48	2	-1	0
521	3 37 44 4	1	-1	1
522	2 23 38 4	1	-1	0
523	19 41 4 37	3	3	0
524	11 43 37 50	2	-1	0
525	5 31 14 18	3	5	0
526	7 10 11 24	4	3	0
527	32 18 23 21	3	1	0
528	31 18 5 34	2	-1	0
529	19 8 32 20	4	3	0
530	1 19 45 9	1	-1	0
531	33 5 45 15	2	-1	0
532	20 5 39 38	3	5	0
533	31 7 11 12	3	1	0
534	28 36 43 23	3	4	0
535	20 17 37 28	4	5	0
536	11 12 50 44	4	1	0
537	19 22 37 44	2	-1	0
538	27 50 42 49	4	5	0
539	10 40 37 41	4	4	0
540	43 4 38 23	3	4	0
541	16 21 5 32	2	-1	0
542	5 37 19 33	2	-1	0
543	2 25 28 39	1	-1	0
544	3 48 50 4	1	-1	0
545	21 31 13 30	4	5	0
546	1 42 40 36	1	-1	0
547	3 35 23 26	1	-1	0
548	1 16 37 49	1	-1	0
549	3 50 39 20	1	-1	0
550	5 50 7 48	2	-1	0
551	25 39 22 12	4	4	0
552	46 22 18 23	3	5	0
553	6 8 30 32	4	1	0
554	2 14 47 42	1	-1	0
555	16 44 43 38	3	5	0
556	47 46 31 35	3	3	0
557	29 48 6 26	3	1	0
558	6 26 41 32	2	-1	0
559	1 46 12 8	1	-1	0
560	3 27 21 34	1	-1	0
561	44 6 30 8	3	4	0
562	1 6 5 45	1	-1	0
563	29 41 15 22	2	-1	0
564	31 6 37 33	3	4	0
565	3 7 26 22	1	-1	0
566	1 20 37 11	1	-1	0
567	45 27 42 18	3	2	0
568	2 18 20 26	1	-1	0
569	5 42 10 28	3	4	0
570	23 16 4 39	2	-1	0
571	17 32 25 24	2	-1	0
572	2 37 11 6	1	-1	0
573	2 47 16 21	1	-1	0
574	17 35 32 7	3	4	0
575	2 34 38 37	1	-1	0
576	31 11 23 25	4	1	0
577	37 14 39 24	4	1	0
578	2 45 41 42	1	-1	1
579	3 25 18 42	1	-1	0
580	19 41 30 7	3	4	0
581	17 37 47 18	4	4	0
582	34 35 18 19	3	4	0
583	45 30 41 20	4	1	0
584	22 43 29 11	4	2	0
585	13 9 5 39	3	3	0
586	10 48 44 39	4	4	1
587	8 41 10 7	2	-1	0
588	50 47 21 45	2	-1	0
589	30 29 19 46	4	4	0
590	46 38 14 7	3	4	0
591	7 34 6 33	2	-1	0
592	1 25 14 10	1	-1	0
593	1 21 31 25	1	-1	0
594	35 46 30 11	3	5	0
595	17 15 6 11	4	5	0
596	31 17 42 44	4	1	0
597	3 48 19 44	1	-1	0
598	24 8 27 16	4	5	0
599	34 26 30 22	4	1	0
600	3 39 41 48	1	-1	0
601	3 27 20 36	1	-1	0
602	2 36 25 10	1	-1	1
603	12 33 27 24	4	4	0
604	35 19 22 29	2	-1	0
605	36 40 4 45	4	1	0
606	37 41 39 19	4	2	0
607	15 23 7 28	2	-1	0
608	15 24 41 30	3	3	0
609	2 50 38 39	1	-1	0
610	21 23 25 33	4	1	0
611	12 36 39 29	2	-1	0
612	7 19 20 6	4	2	0
613	32 34 6 10	2	-1	0
614	3 31 38 23	1	-1	0
615	2 12 16 46	1	-1	0
616	44 28 41 11	2	-1	0
617	6 4 11 45	4	3	0
618	13 49 11 43	3	2	0
619	46 16 12 25	2	-1	0
620	47 48 10 37	3	1	0
621	25 4 18 14	2	-1	0
622	17 14 7 23	3	3	0
623	1 50 5 10	1	-1	0
624	18 39 41 44	3	3	0
625	19 27 34 26	4	1	0
626	3 17 20 31	1	-1	0
627	38 11 31 35	2	-1	0
628	21 37 33 41	2	-1	0
629	36 48 49 4	2	-1	0
630	2 15 50 46	1	-1	0
631	34 37 45 5	4	4	0
632	32 47 22 28	2	-1	0
633	3 40 50 27	1	-1	0
634	25 27 16 42	4	3	0
635	31 36 32 35	2	-1	0
636	18 25 45 4	4	3	0
637	34 31 5 39	2	-1	0
638	43 14 27 29	4	1	0
639	1 35 10 33	1	-1	0
640	32 45 39 4	2	-1	0
641	20 36 24 41	4	4	0
642	8 32 28 41	2	-1	0
643	36 26 5 31	4	3	0
644	1 40 7 29	1	-1	0
645	32 37 36 16	4	3	0
646	24 29 25 9	3	1	0
647	33 10 24 16	3	2	0
648	3 46 15 26	1	-1	0
649	3 32 46 47	1	-1	0
650	37 33 12 28	4	4	0
651	15 20 40 13	3	5	0
652	3 31 22 36	1	-1	0
653	3 35 10 9	1	-1	0
654	44 36 18 5	2	-1	0
655	49 20 11 42	2	-1	0
656	1 24 18 47	1	-1	0
657	44 28 27 6	4	3	0
658	8 12 28 9	3	5	0
659	43 44 4 12	4	1	0
660	17 48 19 5	4	2	0
661	5 28 27 37	2	-1	0
662	40 39 32 38	4	4	0
663	37 32 25 38	2	-1	0
664	37 31 14 43	2	-1	0
665	20 10 19 8	3	2	0
666	8 27 33 24	3	3	0
667	18 28 24 12	3	5	0
668	3 41 32 26	1	-1	0
669	5 41 33 32	2	-1	0
670	49 41 27 2	4	3	0
671	1 41 22 40	1	-1	0
672	2 22 40 48	1	-1	0
673	30 39 25 8	4	1	0
674	45 36 35 24	3	2	0
675	31 10 16 39	2	-1	0
676	22 14 33 30	4	3	0
677	3 30 47 32	1	-1	0
678	22 34 41 8	2	-1	0
679	43 8 21 14	2	-1	0
680	44 16 38 5	3	3	0
681	31 15 12 45	3	1	0
682	37 25 11 36	3	1	0
683	27 30 37 43	2	-1	0
684	3 38 35 34	1	-1	0
685	37 45 49 7	3	2	0
686	1 17 31 21	1	-1	0
687	16 30 25 8	3	2	0
688	50 48 16 4	3	2	0
689	2 6 39 20	1	-1	0
690	22 21 37 44	2	-1	0
691	28 50 4 40	3	3	0
692	16 30 17 27	2	-1	0
693	14 50 24 7	2	-1	0
694	13 32 39 45	3	3	0
695	38 12 43 21	2	-1	0
696	37 50 22 6	4	1	0
697	45 12 31 18	3	2	0
698	50 13 44 29	4	5	0
699	21 6 42 35	4	2	0
700	28 40 32 47	4	2	0
701	31 9 21 34	4	4	0
702	17 37 21 27	4	2	0
703	2 24 38 48	1	-1	0
704	6 41 22 19	3	1	0
705	50 37 18 44	2	-1	0
706	46 35 27 41	3	2	0
707	3 8 32 42	1	-1	0
708	22 48 49 50	4	1	0
709	1 21 36 18	1	-1	0
710	34 11 45 37	2	-1	0
711	3 23 8 38	1	-1	0
712	39 42 17 41	2	-1	0
713	24 33 42 48	3	4	0
714	32 29 42 36	2	-1	0
715	1 20 15 18	1	-1	0
716	25 33 32 28	4	3	1
717	6 17 39 46	4	1	0
718	28 4 14 39	3	5	0
719	40 21 22 47	3	1	0
720	19 23 12 37	2	-1	0
721	31 6 23 50	2	-1	1
722	37 38 14 35	3	4	0
723	3 7 35 25	1	-1	0
724	3 15 21 13	1	-1	0
725	25 38 29 33	3	1	0
726	3 43 24 46	1	-1	0
727	21 30 5 10	4	2	0
728	18 48 40 28	2	-1	0
729	8 27 40 48	4	1	0
730	38 32 45 19	2	-1	0
731	25 28 32 43	4	5	0
732	22 8 41 14	3	1	0
733	3 14 5 31	1	-1	0
734	27 36 9 7	4	2	0
735	3 50 49 27	1	-1	1
736	1 40 18 22	1	-1	0
737	28 5 16 34	2	-1	0
738	18 35 25 50	2	-1	0
739	15 21 47 16	3	3	0
740	16 13 27 20	2	-1	0
741	17 32 4 19	4	1	0
742	48 29 50 26	2	-1	0
743	21 9 24 8	4	5	0
744	3 43 41 26	1	-1	0
745	4 9 25 19	4	2	0
746	33 9 44 12	2	-1	0
747	19 38 24 34	3	4	0
748	35 32 22 15	2	-1	0
749	3 14 11 8	1	-1	0
750	20 48 40 26	2	-1	0
