Students	750
1	3 28 16 48	1	-1	0
2	1 27 14 9	1	-1	0
3	3 31 4 20	1	-1	0
4	3 12 6 41	1	-1	0
5	1 29 7 48	1	-1	0
6	39 23 19 32	2	-1	0
7	7 40 11 22	2	-1	0
8	37 18 13 10	2	-1	0
9	30 7 15 12	3	5	0
10	26 4 27 12	2	-1	0
11	43 41 31 21	2	-1	0
12	3 19 15 29	1	-1	0
13	3 45 28 26	1	-1	0
14	24 7 10 30	2	-1	0
15	4 49 8 27	3	3	0
16	7 20 30 18	3	2	0
17	24 41 5 20	2	-1	0
18	32 41 23 16	3	1	0
19	1 38 11 32	1	-1	0
20	3 5 48 7	1	-1	0
21	37 38 45 40	2	-1	0
22	23 7 27 37	3	3	0
23	46 20 35 43	3	2	0
24	50 33 37 11	2	-1	0
25	45 13 29 7	4	5	0
26	1 26 4 44	1	-1	0
27	4 38 35 43	2	-1	0
28	36 46 30 38	2	-1	0
29	25 10 4 15	2	-1	0
30	5 19 22 18	2	-1	0
31	37 45 6 12	3	2	0
32	9 18 41 14	2	-1	0
33	10 45 47 7	4	2	0
34	25 20 34 5	4	3	0
35	47 18 6 25	3	2	0
36	50 41 23 47	3	3	0
37	19 8 26 4	4	4	0
38	48 36 5 9	4	2	0
39	31 35 4 29	2	-1	0
40	48 10 27 28	2	-1	0
41	38 4 35 13	4	5	0
42	35 28 44 47	2	-1	0
43	45 11 28 30	4	5	0
44	1 48 14 13	1	-1	0
45	8 11 50 5	3	2	0
46	42 38 36 5	4	3	0
47	3 13 19 50	1	-1	0
48	37 48 8 13	3	1	0
49	46 31 6 34	3	5	0
50	47 7 19 41	3	5	0
51	28 41 46 42	2	-1	0
52	31 6 39 11	4	5	0
53	32 26 39 34	4	2	0
54	2 25 36 47	1	-1	0
55	46 50 33 32	4	3	0
56	2 35 20 44	1	-1	0
57	42 37 8 25	4	4	0
58	22 44 36 49	4	5	0
59	16 38 7 48	4	4	0
60	2 9 29 7	1	-1	0
61	1 22 34 35	1	-1	0
62	8 41 29 48	4	5	0
63	1 5 28 21	1	-1	0
64	3 36 7 6	1	-1	0
65	50 19 40 30	2	-1	0
66	3 26 28 17	1	-1	0
67	2 21 37 50	1	-1	0
68	3 22 39 34	1	-1	0
69	40 12 35 5	2	-1	0
70	1 35 37 29	1	-1	0
71	3 35 6 21	1	-1	0
72	39 27 7 30	2	-1	0
73	2 11 40 47	1	-1	0
74	39 23 28 18	2	-1	0
75	38 36 33 32	2	-1	0
76	44 18 35 5	4	2	0
77	23 27 34 20	2	-1	0
78	11 24 6 4	4	1	0
79	1 15 20 31	1	-1	0
80	24 17 19 29	3	1	1
81	15 35 28 8	2	-1	0
82	1 22 12 15	1	-1	0
83	29 31 36 23	2	-1	0
84	42 40 33 20	3	1	0
85	3 29 38 45	1	-1	0
86	45 39 17 7	2	-1	0
87	16 44 9 47	2	-1	0
88	29 5 1 32	3	5	0
89	47 21 29 8	2	-1	0
90	39 3 42 48	2	-1	0
91	3 33 11 21	1	-1	0
92	2 26 34 45	1	-1	0
93	13 43 45 24	4	5	0
94	4 42 13 18	2	-1	0
95	27 9 24 40	2	-1	0
96	2 5 25 9	1	-1	0
97	13 16 11 9	4	2	0
98	30 22 16 41	2	-1	0
99	19 37 4 8	3	4	0
100	1 24 16 41	1	-1	0
101	28 24 21 22	2	-1	1
102	39 49 31 26	2	-1	0
103	17 43 44 34	2	-1	0
104	22 32 6 21	2	-1	0
105	9 25 34 12	4	3	0
106	37 34 33 3	2	-1	0
107	36 7 4 27	3	1	0
108	8 6 34 40	4	4	0
109	37 27 28 19	2	-1	0
110	1 10 42 45	1	-1	0
111	18 44 28 42	3	2	0
112	31 25 24 48	4	2	0
113	23 21 30 7	4	2	0
114	2 18 9 42	1	-1	0
115	27 7 9 48	4	4	0
116	45 36 18 19	4	1	0
117	37 47 4 19	3	2	0
118	7 20 39 30	3	4	0
119	1 17 34 44	1	-1	0
120	4 36 46 29	4	3	0
121	34 50 21 47	3	1	0
122	7 23 16 40	4	3	0
123	10 19 33 48	3	2	0
124	26 34 7 41	4	2	0
125	19 34 35 7	3	4	1
126	3 17 21 50	1	-1	0
127	2 11 4 15	1	-1	0
128	11 21 34 27	3	3	0
129	21 6 49 7	3	2	0
130	5 7 34 11	4	3	0
131	12 11 30 9	4	5	0
132	25 42 24 33	2	-1	0
133	13 42 19 10	2	-1	0
134	33 6 21 25	2	-1	0
135	37 42 19 35	2	-1	0
136	19 48 50 6	3	2	0
137	3 9 8 34	1	-1	0
138	1 36 13 32	1	-1	0
139	2 45 43 9	1	-1	0
140	5 36 28 18	3	1	0
141	22 26 19 41	3	2	0
142	1 32 15 40	1	-1	0
143	13 49 16 41	2	-1	0
144	15 21 9 19	3	4	0
145	19 11 23 20	3	3	0
146	20 41 37 50	4	1	0
147	14 13 38 37	4	1	0
148	21 11 44 42	2	-1	0
149	16 7 8 19	3	4	0
150	46 18 6 19	3	2	0
151	13 21 39 10	3	3	0
152	24 8 42 12	2	-1	0
153	32 5 39 28	2	-1	0
154	17 16 4 28	3	5	0
155	2 46 13 45	1	-1	0
156	1 15 39 28	1	-1	0
157	25 37 15 4	4	4	0
158	42 24 31 26	4	1	0
159	5 19 24 25	2	-1	0
160	2 39 22 4	1	-1	0
161	37 24 12 41	3	1	0
162	27 8 19 22	4	4	0
163	42 7 13 44	2	-1	0
164	13 18 29 33	4	3	0
165	26 40 44 12	3	5	0
166	29 25 7 12	4	4	0
167	31 27 30 4	2	-1	0
168	31 47 10 8	4	3	0
169	1 4 40 32	1	-1	0
170	1 32 10 33	1	-1	0
171	1 26 24 20	1	-1	0
172	26 5 13 32	4	3	0
173	3 22 20 14	1	-1	0
174	26 36 4 33	4	4	0
175	5 10 48 8	4	5	0
176	36 17 4 19	4	3	0
177	43 39 8 12	2	-1	0
178	16 34 8 25	4	4	0
179	13 11 49 22	4	5	0
180	31 37 45 4	3	5	0
181	15 34 5 22	2	-1	0
182	22 44 43 19	2	-1	0
183	14 48 15 40	2	-1	0
184	47 30 13 50	3	3	0
185	4 11 39 23	4	2	0
186	12 7 50 32	4	4	0
187	3 12 36 5	1	-1	0
188	47 16 21 10	3	3	0
189	5 23 47 45	4	1	0
190	2 11 33 37	1	-1	0
191	4 49 33 19	3	4	0
192	36 7 48 27	4	2	0
193	23 22 29 43	4	1	0
194	43 31 7 12	3	3	0
195	1 29 30 13	1	-1	0
196	18 31 21 25	4	3	0
197	19 20 38 21	2	-1	0
198	49 39 4 5	4	5	0
199	37 7 31 22	2	-1	0
200	22 18 36 37	4	1	0
201	3 39 47 13	1	-1	0
202	10 50 30 49	3	1	0
203	47 24 14 40	4	3	0
204	34 17 26 50	3	5	0
205	38 19 46 22	4	2	0
206	21 14 18 17	2	-1	0
207	27 4 23 45	4	3	0
208	49 18 48 37	3	4	0
209	44 9 28 13	3	1	0
210	47 36 6 8	2	-1	0
211	29 18 30 45	2	-1	0
212	48 36 4 17	4	3	0
213	11 45 46 37	3	5	0
214	31 16 30 10	3	3	0
215	14 7 11 33	3	5	0
216	33 42 47 35	3	4	0
217	15 23 38 44	2	-1	0
218	33 17 9 35	3	4	0
219	37 13 11 17	4	5	0
220	2 45 8 35	1	-1	0
221	3 26 21 4	1	-1	0
222	39 16 45 31	3	4	0
223	48 30 5 27	3	1	0
224	17 8 43 15	3	4	0
225	47 49 5 42	3	2	0
226	2 19 17 40	1	-1	0
227	13 15 14 12	4	4	0
228	1 19 25 14	1	-1	0
229	2 28 38 43	1	-1	0
230	33 28 35 29	2	-1	0
231	3 44 43 42	1	-1	0
232	42 45 26 7	4	5	0
233	36 49 30 4	4	1	0
234	2 23 42 28	1	-1	0
235	18 46 41 39	2	-1	0
236	48 15 28 31	2	-1	0
237	3 39 9 47	1	-1	0
238	35 10 50 20	3	3	0
239	2 9 35 34	1	-1	0
240	21 13 48 8	3	1	0
241	2 7 29 47	1	-1	0
242	32 13 39 50	2	-1	0
243	17 50 22 32	4	3	0
244	3 31 21 25	1	-1	0
245	1 45 48 18	1	-1	0
246	2 18 34 9	1	-1	0
247	2 20 24 42	1	-1	0
248	48 4 14 23	3	4	0
249	10 32 23 30	4	1	0
250	12 22 18 17	2	-1	0
251	23 29 17 28	3	2	0
252	2 18 25 42	1	-1	0
253	41 13 38 9	4	5	0
254	3 12 6 4	1	-1	0
255	2 34 45 19	1	-1	0
256	44 28 5 41	2	-1	0
257	2 24 21 7	1	-1	0
258	2 19 18 17	1	-1	0
259	41 5 14 32	4	4	0
260	2 30 19 14	1	-1	0
261	7 39 4 26	2	-1	0
262	37 38 50 27	2	-1	0
263	13 31 8 12	2	-1	0
264	47 45 4 46	2	-1	0
265	32 29 15 41	2	-1	0
266	35 26 18 28	2	-1	0
267	3 23 17 24	1	-1	0
268	45 31 19 34	4	5	0
269	50 49 33 16	3	4	0
270	4 36 40 11	2	-1	0
271	32 36 10 48	2	-1	0
272	29 9 8 21	2	-1	0
273	38 44 30 17	2	-1	0
274	47 28 46 40	3	3	0
275	3 10 41 15	1	-1	0
276	6 26 44 32	4	4	0
277	36 31 18 32	4	5	0
278	17 8 48 12	4	2	0
279	1 8 24 9	1	-1	0
280	31 33 7 12	4	2	0
281	2 39 8 31	1	-1	0
282	15 42 33 25	3	2	0
283	1 14 43 28	1	-1	0
284	14 45 46 40	4	3	0
285	3 31 15 11	1	-1	0
286	23 14 42 8	2	-1	0
287	21 20 50 4	2	-1	0
288	33 25 50 5	2	-1	1
289	2 48 27 38	1	-1	0
290	6 4 20 15	4	1	0
291	11 6 34 13	2	-1	0
292	3 46 27 28	1	-1	0
293	34 23 13 40	4	2	0
294	44 36 48 12	3	2	0
295	10 12 8 29	2	-1	0
296	42 11 19 28	3	5	0
297	2 42 20 43	1	-1	0
298	17 28 40 4	2	-1	0
299	41 29 40 34	3	2	0
300	47 26 36 38	3	1	0
301	2 39 9 21	1	-1	0
302	49 19 20 26	3	3	0
303	37 42 38 45	2	-1	0
304	17 23 48 32	2	-1	0
305	11 16 33 5	3	1	0
306	36 20 13 5	3	4	0
307	20 24 47 38	3	2	0
308	40 7 16 25	4	2	0
309	4 8 19 49	4	4	0
310	3 30 9 17	1	-1	0
311	29 9 46 43	3	1	0
312	1 32 14 41	1	-1	0
313	3 8 13 24	1	-1	0
314	3 42 33 43	1	-1	0
315	15 19 23 45	2	-1	0
316	32 16 18 21	2	-1	0
317	40 44 24 12	3	3	0
318	41 25 42 29	3	5	0
319	39 31 18 48	4	5	0
320	2 5 9 25	1	-1	0
321	3 25 21 42	1	-1	0
322	35 41 45 37	4	3	0
323	49 28 47 44	2	-1	0
324	48 40 4 34	3	3	0
325	17 7 39 20	4	1	0
326	43 36 23 44	4	2	0
327	27 48 6 15	2	-1	0
328	11 47 43 33	2	-1	0
329	34 28 12 48	4	4	0
330	3 46 30 20	1	-1	0
331	9 37 36 22	3	5	0
332	2 47 35 15	1	-1	0
333	8 25 31 38	3	4	0
334	14 4 27 35	3	5	0
335	14 45 5 10	2	-1	0
336	35 9 46 40	2	-1	0
337	38 9 46 49	3	4	0
338	14 36 31 50	4	5	0
339	13 34 7 36	4	3	0
340	35 25 15 29	3	3	0
341	7 14 22 13	3	4	0
342	49 50 17 48	2	-1	0
343	1 36 22 38	1	-1	0
344	12 25 36 9	2	-1	1
345	33 21 24 9	3	4	0
346	7 49 30 16	2	-1	0
347	32 19 20 43	4	4	0
348	1 5 22 4	1	-1	0
349	3 14 29 20	1	-1	0
350	1 26 11 45	1	-1	0
351	15 11 41 31	4	2	0
352	9 39 16 49	3	1	0
353	34 40 7 8	2	-1	0
354	7 49 14 30	2	-1	0
355	3 27 9 24	1	-1	0
356	15 49 41 33	4	3	0
357	44 16 8 40	4	5	0
358	1 20 19 36	1	-1	0
359	1 9 26 39	1	-1	0
360	23 10 12 33	2	-1	0
361	3 20 26 45	1	-1	0
362	48 9 14 4	3	1	0
363	36 39 14 48	2	-1	0
364	8 15 25 42	2	-1	0
365	13 33 30 11	2	-1	0
366	47 26 13 49	3	5	0
367	35 23 20 38	3	1	0
368	10 4 27 42	3	3	0
369	4 44 8 29	3	5	0
370	42 28 47 34	2	-1	0
371	3 41 26 37	1	-1	0
372	10 40 7 20	3	3	0
373	44 19 20 46	4	2	0
374	2 10 17 22	1	-1	0
375	46 28 40 14	2	-1	0
376	2 31 34 35	1	-1	0
377	47 23 33 27	3	5	0
378	16 42 40 28	2	-1	0
379	37 47 30 6	2	-1	0
380	2 48 10 37	1	-1	0
381	3 39 45 10	1	-1	0
382	24 49 20 11	2	-1	0
383	1 8 20 47	1	-1	0
384	49 24 38 37	2	-1	0
385	4 47 31 17	4	4	0
386	36 12 45 21	3	4	0
387	17 45 15 31	3	1	0
388	40 28 32 36	3	3	0
389	8 37 31 50	4	1	0
390	41 7 6 10	4	4	0
391	1 11 6 20	1	-1	0
392	35 33 30 25	3	2	0
393	1 42 27 40	1	-1	0
394	49 25 38 13	4	1	0
395	41 26 19 14	2	-1	0
396	37 38 21 10	3	1	0
397	3 15 37 34	1	-1	0
398	1 29 11 36	1	-1	0
399	8 32 5 16	2	-1	0
400	24 10 38 7	3	1	0
401	49 29 22 19	3	2	0
402	45 4 24 15	4	4	0
403	1 7 34 45	1	-1	0
404	25 16 35 42	3	1	0
405	29 25 7 48	3	1	0
406	24 48 34 49	4	3	0
407	24 17 48 44	4	4	0
408	2 30 10 11	1	-1	0
409	25 33 35 16	4	5	0
410	4 14 36 21	4	5	0
411	24 19 39 7	4	2	0
412	39 4 34 27	2	-1	0
413	2 44 31 28	1	-1	0
414	24 19 9 36	2	-1	0
415	2 8 21 19	1	-1	0
416	3 19 27 25	1	-1	0
417	15 35 40 33	4	3	0
418	45 36 50 24	2	-1	0
419	20 30 15 28	4	2	1
420	33 32 14 44	3	3	0
421	5 15 31 41	2	-1	0
422	3 39 26 9	1	-1	0
423	1 24 30 6	1	-1	0
424	33 34 35 16	2	-1	0
425	30 5 20 27	2	-1	0
426	17 36 45 30	4	5	0
427	40 39 20 46	2	-1	0
428	20 9 47 8	4	1	0
429	2 50 46 28	1	-1	0
430	3 32 28 35	1	-1	0
431	5 13 25 26	3	5	0
432	31 9 4 37	4	5	0
433	3 39 31 37	1	-1	0
434	16 35 20 29	2	-1	0
435	3 45 33 10	1	-1	0
436	11 22 6 29	2	-1	0
437	7 19 18 4	3	3	0
438	33 22 44 50	4	2	0
439	17 38 20 28	3	1	0
440	1 29 35 27	1	-1	0
441	32 47 41 8	4	1	0
442	44 50 36 28	4	5	0
443	24 13 16 7	2	-1	0
444	17 11 41 38	3	5	0
445	12 26 10 6	4	5	0
446	3 11 36 24	1	-1	0
447	1 30 43 16	1	-1	0
448	24 25 45 40	3	2	0
449	44 21 15 39	4	5	0
450	3 19 16 34	1	-1	0
451	27 35 29 6	2	-1	0
452	4 36 14 49	4	1	0
453	48 23 30 40	4	1	0
454	3 36 24 33	1	-1	0
455	26 7 31 5	4	5	1
456	47 7 11 35	3	2	0
457	2 11 39 23	1	-1	0
458	33 35 50 42	2	-1	0
459	1 5 45 13	1	-1	0
460	27 20 32 41	2	-1	0
461	46 34 17 8	2	-1	0
462	7 42 24 34	4	4	0
463	17 24 22 16	3	4	0
464	3 29 4 11	1	-1	0
465	38 46 41 31	4	4	0
466	42 26 25 4	3	5	0
467	13 7 42 20	2	-1	0
468	1 8 49 26	1	-1	0
469	2 39 28 16	1	-1	0
470	1 14 6 39	1	-1	0
471	43 18 17 25	4	2	0
472	45 5 25 48	2	-1	0
473	9 16 36 25	2	-1	0
474	23 32 31 33	2	-1	0
475	26 15 22 31	3	4	0
476	15 19 35 49	4	5	0
477	16 49 44 8	3	1	0
478	19 28 8 38	2	-1	0
479	1 30 16 7	1	-1	0
480	16 26 5 27	2	-1	0
481	2 31 32 24	1	-1	0
482	3 13 20 5	1	-1	0
483	45 5 8 46	2	-1	0
484	1 4 20 22	1	-1	0
485	1 16 12 27	1	-1	0
486	3 25 34 39	1	-1	0
487	16 34 42 18	4	3	0
488	41 15 17 38	4	5	0
489	14 17 45 40	4	2	0
490	16 33 21 9	2	-1	0
491	50 11 44 15	3	3	0
492	29 42 40 49	4	3	0
493	4 49 35 10	4	4	0
494	35 20 18 42	3	3	0
495	33 44 8 39	3	5	0
496	3 23 47 27	1	-1	0
497	24 26 35 7	2	-1	0
498	15 29 40 16	2	-1	0
499	16 38 42 43	4	2	0
500	28 43 14 15	3	4	0
501	10 40 30 17	4	3	0
502	41 4 45 39	4	3	0
503	17 47 43 34	4	1	0
504	50 13 18 20	2	-1	0
505	22 28 41 21	2	-1	0
506	42 32 31 17	4	5	0
507	16 19 9 40	3	2	0
508	2 19 27 47	1	-1	0
509	43 14 19 45	3	1	0
510	17 34 40 19	3	3	0
511	36 15 29 42	3	1	0
512	6 30 18 15	2	-1	0
513	3 44 22 50	1	-1	0
514	50 25 37 9	2	-1	0
515	33 44 25 50	3	2	0
516	26 10 15 19	3	4	0
517	47 9 25 7	4	3	0
518	3 33 19 31	1	-1	0
519	3 49 39 47	1	-1	0
520	26 34 8 37	2	-1	0
521	12 10 13 11	3	4	0
522	2 42 4 12	1	-1	0
523	32 9 28 50	4	4	0
524	1 24 13 11	1	-1	0
525	10 9 30 32	3	3	0
526	30 9 25 50	2	-1	0
527	2 11 18 16	1	-1	0
528	12 47 4 49	2	-1	0
529	13 45 44 27	4	5	0
530	25 49 48 40	4	3	0
531	2 8 40 30	1	-1	0
532	2 38 9 35	1	-1	0
533	1 33 13 23	1	-1	0
534	46 5 50 28	2	-1	0
535	30 42 46 7	3	2	0
536	4 34 49 5	2	-1	0
537	6 35 31 14	4	2	0
538	21 50 31 42	2	-1	0
539	45 30 14 20	2	-1	0
540	15 18 47 43	3	3	0
541	9 8 42 49	3	4	0
542	15 13 46 17	4	3	0
543	36 33 45 28	4	2	0
544	46 20 19 35	4	3	0
545	1 30 33 32	1	-1	0
546	39 46 23 14	2	-1	0
547	13 47 25 38	2	-1	0
548	11 44 6 12	3	5	0
549	14 6 39 27	2	-1	0
550	21 40 36 49	4	5	0
551	41 29 45 5	4	1	0
552	29 23 37 34	3	2	0
553	50 10 49 7	3	1	0
554	25 45 9 17	3	4	0
555	24 33 19 36	3	1	0
556	26 49 47 44	4	3	0
557	24 19 8 47	4	5	0
558	6 23 25 33	3	2	0
559	12 25 9 27	3	4	0
560	40 44 30 16	2	-1	0
561	7 30 13 26	4	3	0
562	41 13 11 35	4	3	0
563	3 15 5 22	1	-1	0
564	7 45 20 35	4	3	0
565	29 4 41 22	4	1	0
566	1 24 26 40	1	-1	0
567	36 5 20 30	4	5	0
568	35 17 5 49	2	-1	0
569	15 13 44 20	2	-1	0
570	48 10 23 4	4	3	0
571	22 47 26 19	2	-1	0
572	42 20 12 31	4	1	0
573	49 13 50 40	3	3	0
574	3 33 31 21	1	-1	0
575	34 7 41 31	2	-1	0
576	23 26 37 17	2	-1	0
577	26 20 29 24	3	1	0
578	12 27 6 35	2	-1	0
579	36 38 47 39	4	1	0
580	5 50 44 15	3	1	0
581	1 49 43 22	1	-1	0
582	23 34 43 39	2	-1	0
583	14 44 41 35	2	-1	0
584	48 24 42 11	2	-1	0
585	35 9 18 23	4	4	0
586	2 31 33 28	1	-1	0
587	2 15 31 41	1	-1	0
588	2 24 17 7	1	-1	0
589	9 45 42 22	2	-1	0
590	19 50 37 18	4	1	0
591	10 29 33 47	4	3	0
592	46 42 23 28	3	5	0
593	28 6 43 33	2	-1	0
594	11 27 50 31	4	4	0
595	8 24 37 41	2	-1	0
596	41 32 11 43	4	5	0
597	2 28 19 25	1	-1	0
598	17 20 11 12	4	5	0
599	37 7 17 38	2	-1	0
600	5 8 19 15	4	2	0
601	1 33 36 29	1	-1	0
602	11 19 34 32	4	4	0
603	3 16 8 24	1	-1	0
604	33 24 17 10	4	4	0
605	28 9 50 5	4	4	0
606	25 42 38 50	3	3	0
607	10 27 34 23	3	5	0
608	1 34 37 48	1	-1	0
609	30 40 26 44	3	4	0
610	50 6 15 41	3	1	0
611	46 37 14 29	4	4	0
612	35 23 48 33	4	2	0
613	34 13 26 25	3	3	0
614	30 35 10 7	2	-1	0
615	3 35 34 33	1	-1	0
616	48 19 15 7	2	-1	0
617	23 18 47 34	3	1	0
618	34 13 17 40	2	-1	0
619	17 9 8 14	4	5	0
620	44 31 5 6	4	5	0
621	2 24 20 19	1	-1	0
622	9 24 28 47	2	-1	0
623	24 6 4 12	4	4	0
624	44 25 26 38	2	-1	0
625	3 37 42 46	1	-1	0
626	1 4 31 29	1	-1	0
627	46 28 30 31	3	2	0
628	1 49 14 21	1	-1	0
629	7 39 4 9	4	1	0
630	11 49 8 31	2	-1	0
631	1 50 43 35	1	-1	0
632	47 38 26 33	2	-1	0
633	38 29 17 4	3	4	0
634	16 24 7 4	4	5	0
635	23 8 14 35	3	3	0
636	28 5 35 22	4	3	0
637	1 32 31 33	1	-1	0
638	1 9 35 23	1	-1	0
639	5 20 32 39	2	-1	0
640	13 27 44 26	4	3	0
641	29 45 39 22	3	2	0
642	2 19 24 25	1	-1	0
643	2 24 44 38	1	-1	0
644	15 20 41 16	4	3	0
645	26 23 12 2	4	4	0
646	47 26 7 4	3	1	0
647	1 48 8 39	1	-1	0
648	34 49 30 46	2	-1	0
649	21 47 43 27	3	2	0
650	3 37 11 45	1	-1	0
651	29 12 15 41	2	-1	0
652	15 39 22 21	3	2	0
653	2 10 47 22	1	-1	0
654	32 18 8 15	3	4	0
655	33 9 45 40	3	2	0
656	9 16 48 42	2	-1	0
657	29 13 6 48	3	4	0
658	1 37 23 40	1	-1	0
659	3 17 22 30	1	-1	0
660	5 46 9 4	4	5	0
661	1 48 24 44	1	-1	0
662	35 50 9 49	2	-1	0
663	47 25 13 12	2	-1	0
664	24 49 17 50	4	4	0
665	2 11 42 39	1	-1	0
666	1 31 22 25	1	-1	0
667	10 18 50 38	3	4	0
668	2 49 5 22	1	-1	0
669	3 6 19 15	1	-1	0
670	2 22 16 49	1	-1	0
671	44 18 42 30	4	1	0
672	27 19 35 34	4	3	0
673	13 18 31 47	4	1	0
674	45 28 48 29	4	1	0
675	12 9 6 46	2	-1	0
676	38 19 16 24	3	1	0
677	1 11 20 23	1	-1	0
678	11 46 15 20	3	4	0
679	46 41 24 5	3	2	0
680	17 49 29 24	2	-1	0
681	3 25 21 32	1	-1	1
682	3 41 50 8	1	-1	0
683	5 50 43 47	2	-1	0
684	38 39 16 23	2	-1	0
685	13 34 12 44	2	-1	0
686	2 23 9 24	1	-1	0
687	2 10 26 28	1	-1	0
688	10 25 37 17	2	-1	0
689	10 27 22 9	2	-1	0
690	19 22 36 50	3	3	0
691	48 42 46 50	2	-1	0
692	19 5 27 47	4	2	0
693	19 27 9 21	2	-1	0
694	5 7 47 31	3	3	0
695	9 44 22 28	2	-1	0
696	41 35 11 30	4	1	0
697	38 41 39 36	4	2	0
698	24 44 7 42	4	4	0
699	3 5 8 38	1	-1	0
700	33 32 29 36	4	4	0
701	41 22 9 2	2	-1	0
702	3 44 19 21	1	-1	0
703	19 43 39 36	4	3	0
704	30 23 16 37	4	2	0
705	36 7 20 23	2	-1	1
706	19 16 8 39	4	2	0
707	41 37 12 14	3	2	0
708	3 32 44 39	1	-1	0
709	30 15 18 42	4	1	0
710	40 35 12 24	4	5	0
711	34 18 21 35	4	4	0
712	3 22 9 35	1	-1	0
713	3 27 31 32	1	-1	0
714	50 21 16 24	2	-1	0
715	12 19 7 44	3	2	0
716	42 14 18 38	2	-1	0
717	15 4 38 37	3	1	0
718	29 24 49 43	4	3	0
719	41 22 8 20	3	1	0
720	37 22 12 28	2	-1	1
721	42 4 16 10	2	-1	0
722	50 5 37 32	2	-1	0
723	2 29 6 46	1	-1	0
724	12 48 44 49	4	2	0
725	15 44 11 20	2	-1	0
726	33 28 43 20	4	2	0
727	13 37 36 28	4	5	0
728	16 50 49 29	3	1	0
729	35 17 14 46	3	2	0
730	34 49 10 33	2	-1	0
731	2 11 45 29	1	-1	0
732	22 25 19 26	2	-1	0
733	33 42 29 19	2	-1	0
734	43 7 17 13	4	4	0
735	3 45 29 16	1	-1	0
736	24 13 31 47	2	-1	0
737	41 40 17 50	2	-1	0
738	40 11 48 31	4	3	0
739	3 48 31 44	1	-1	0
740	10 19 24 13	2	-1	0
741	1 25 26 37	1	-1	0
742	1 43 12 34	1	-1	0
743	29 7 37 22	2	-1	0
744	12 21 14 42	4	3	0
745	34 16 24 46	3	5	0
746	2 10 5 18	1	-1	0
747	25 22 35 8	3	4	0
748	3 37 5 20	1	-1	0
749	15 21 48 31	3	3	0
750	2 9 35 29	1	-1	0
