Students	750
1	2 33 34 50	1	-1	0
2	34 12 40 10	3	5	0
3	47 12 43 23	4	2	0
4	49 45 4 38	3	2	0
5	3 35 32 28	1	-1	0
6	35 50 7 43	3	3	0
7	3 49 41 18	1	-1	0
8	11 23 19 24	4	4	0
9	43 48 16 7	4	1	0
10	2 46 23 49	1	-1	0
11	21 50 36 13	3	4	0
12	47 45 27 42	2	-1	0
13	39 10 44 11	4	3	0
14	50 47 17 7	2	-1	0
15	35 24 41 49	3	3	1
16	19 24 34 48	3	5	0
17	5 50 16 7	2	-1	0
18	26 37 31 43	2	-1	0
19	23 40 44 5	2	-1	0
20	25 5 30 44	4	3	0
21	25 41 50 9	3	2	0
22	10 32 11 47	4	5	0
23	41 49 26 9	2	-1	0
24	24 36 38 17	2	-1	0
25	38 49 42 46	3	2	0
26	30 28 9 42	3	5	0
27	43 44 36 8	4	5	0
28	38 31 9 28	3	3	0
29	35 48 10 16	4	5	0
30	17 34 49 47	4	3	0
31	3 40 25 12	1	-1	0
32	50 29 19 4	2	-1	0
33	3 17 32 29	1	-1	0
34	26 49 42 32	2	-1	0
35	1 6 16 20	1	-1	0
36	22 50 16 5	4	2	0
37	11 14 30 28	2	-1	0
38	16 18 33 29	4	5	0
39	48 17 7 28	2	-1	0
40	3 24 45 37	1	-1	0
41	8 43 37 32	2	-1	0
42	2 7 35 34	1	-1	0
43	7 35 6 14	3	5	0
44	49 4 44 43	3	4	0
45	3 31 44 11	1	-1	0
46	34 37 18 30	2	-1	0
47	14 40 11 39	4	1	0
48	20 29 38 5	3	4	0
49	45 14 21 50	3	3	0
50	41 33 7 6	3	3	0
51	2 48 26 46	1	-1	0
52	3 8 42 36	1	-1	0
53	2 45 11 21	1	-1	0
54	1 13 24 12	1	-1	0
55	9 5 34 37	4	4	0
56	29 4 30 18	2	-1	0
57	23 47 16 44	4	3	0
58	28 24 10 42	4	2	0
59	42 43 39 27	3	4	0
60	47 28 40 41	4	1	0
61	43 41 20 8	4	4	0
62	35 45 36 41	3	1	0
63	1 48 28 7	1	-1	0
64	6 24 26 17	4	2	0
65	24 19 35 46	4	1	0
66	9 25 11 45	4	1	0
67	8 11 31 38	2	-1	0
68	29 30 35 28	2	-1	0
69	10 14 19 40	2	-1	0
70	9 4 10 21	2	-1	0
71	12 27 36 24	2	-1	0
72	39 30 48 22	2	-1	0
73	33 39 34 17	2	-1	0
74	19 18 41 5	3	5	0
75	6 29 41 11	2	-1	0
76	33 38 15 13	3	1	0
77	20 26 37 29	4	4	0
78	6 49 47 17	3	1	0
79	35 47 23 10	2	-1	0
80	1 18 41 35	1	-1	0
81	49 18 42 7	3	3	0
82	41 10 22 20	4	1	0
83	24 26 13 19	4	1	0
84	20 46 11 38	4	1	0
85	28 39 15 12	3	3	0
86	4 6 45 24	3	3	0
87	42 26 33 48	3	3	0
88	4 8 14 22	2	-1	0
89	31 43 26 30	2	-1	0
90	23 39 37 15	4	3	0
91	11 8 43 7	4	1	0
92	31 15 6 14	2	-1	0
93	31 10 50 6	2	-1	0
94	50 16 15 10	3	4	0
95	49 36 24 29	4	1	0
96	1 31 19 25	1	-1	0
97	42 14 34 20	3	4	0
98	12 16 19 34	4	2	0
99	14 31 17 26	4	5	0
100	28 17 34 7	4	5	1
101	17 22 36 20	2	-1	0
102	50 32 7 35	4	4	0
103	3 32 29 5	1	-1	0
104	3 36 7 31	1	-1	0
105	4 34 16 43	3	4	0
106	29 15 32 26	2	-1	0
107	1 31 13 20	1	-1	0
108	13 28 37 45	2	-1	0
109	3 44 40 23	1	-1	0
110	2 39 29 35	1	-1	0
111	19 4 7 46	2	-1	0
112	34 49 15 46	4	3	0
113	19 17 12 27	2	-1	0
114	12 11 49 35	3	5	0
115	13 16 34 20	3	3	0
116	31 23 45 38	3	2	0
117	38 34 17 28	4	4	0
118	33 17 10 35	4	1	0
119	33 24 44 47	4	3	0
120	33 40 48 32	2	-1	0
121	47 25 24 29	2	-1	0
122	9 26 45 34	3	4	0
123	29 20 33 32	2	-1	0
124	2 48 11 17	1	-1	0
125	48 35 44 7	3	1	0
126	45 12 14 42	4	1	0
127	25 5 34 30	3	5	0
128	15 6 47 17	3	3	0
129	3 35 48 40	1	-1	0
130	8 14 32 13	3	2	0
131	1 32 23 27	1	-1	0
132	33 5 20 17	2	-1	0
133	2 48 24 30	1	-1	0
134	37 33 5 12	4	2	0
135	39 29 24 47	4	1	0
136	29 26 24 50	4	3	0
137	1 4 24 14	1	-1	0
138	35 16 45 42	4	4	0
139	13 32 34 26	3	4	0
140	28 37 16 31	2	-1	0
141	34 39 49 32	4	2	0
142	31 29 4 27	2	-1	0
143	3 47 41 37	1	-1	0
144	11 14 39 17	2	-1	0
145	38 22 41 37	3	4	0
146	4 29 9 49	4	1	0
147	9 25 27 19	4	4	0
148	4 16 6 24	4	2	0
149	1 37 17 41	1	-1	0
150	31 29 34 44	4	5	0
151	16 13 32 18	3	1	0
152	22 32 25 14	4	2	0
153	49 40 7 15	4	1	0
154	41 35 45 38	2	-1	0
155	6 23 34 13	2	-1	0
156	37 8 49 35	2	-1	0
157	3 8 12 50	1	-1	0
158	35 48 10 16	3	3	0
159	9 44 26 5	2	-1	0
160	24 12 45 37	4	2	0
161	3 28 17 4	1	-1	0
162	14 49 24 48	2	-1	0
163	1 22 38 40	1	-1	0
164	9 30 39 14	2	-1	0
165	8 28 49 46	4	1	0
166	39 34 21 31	2	-1	0
167	1 6 30 15	1	-1	0
168	10 47 18 33	3	5	0
169	38 22 29 19	2	-1	0
170	12 28 8 22	3	1	0
171	44 12 15 6	2	-1	0
172	49 7 30 38	4	4	0
173	24 49 6 9	3	2	0
174	4 45 17 33	4	5	0
175	2 7 28 18	1	-1	0
176	47 13 28 5	2	-1	0
177	45 42 43 29	3	1	0
178	2 5 35 49	1	-1	0
179	3 18 50 48	1	-1	0
180	29 45 46 41	2	-1	0
181	26 28 11 33	3	5	0
182	34 40 21 39	4	5	0
183	15 31 38 40	3	4	0
184	45 25 7 5	3	1	0
185	23 29 40 44	2	-1	0
186	44 35 48 47	2	-1	0
187	3 41 27 14	1	-1	0
188	20 12 16 32	4	5	0
189	9 20 34 22	3	4	0
190	5 31 6 13	2	-1	0
191	16 9 24 27	3	2	0
192	1 16 23 50	1	-1	0
193	30 23 44 47	3	5	0
194	26 7 18 21	3	3	0
195	13 35 39 21	4	3	0
196	34 19 45 33	3	1	0
197	20 27 7 17	2	-1	0
198	7 20 41 22	3	4	0
199	35 8 20 42	4	5	0
200	9 18 10 42	3	5	0
201	1 33 12 47	1	-1	0
202	18 27 8 45	4	4	0
203	27 34 15 42	3	2	0
204	1 29 35 17	1	-1	0
205	29 41 49 34	4	5	0
206	42 45 35 7	2	-1	0
207	5 6 4 16	4	4	0
208	25 24 50 11	3	4	0
209	43 19 36 35	2	-1	0
210	19 16 49 17	2	-1	0
211	18 47 43 40	3	4	0
212	25 17 14 19	4	5	0
213	3 30 50 25	1	-1	0
214	22 20 10 13	3	4	0
215	26 6 46 22	2	-1	0
216	50 34 35 15	2	-1	0
217	10 24 20 11	2	-1	0
218	2 19 40 16	1	-1	0
219	6 25 12 13	3	5	0
220	35 22 49 43	4	4	0
221	45 41 6 48	3	2	0
222	18 20 35 26	2	-1	0
223	1 30 45 34	1	-1	0
224	19 16 42 28	2	-1	0
225	32 22 6 48	3	2	0
226	45 4 35 38	3	5	0
227	2 27 4 26	1	-1	0
228	23 8 44 45	2	-1	0
229	3 26 37 11	1	-1	0
230	30 28 23 16	2	-1	0
231	38 42 37 17	3	1	0
232	11 41 21 39	4	3	0
233	43 38 6 28	2	-1	0
234	2 45 47 23	1	-1	0
235	3 46 25 27	1	-1	0
236	49 9 34 30	3	2	0
237	1 37 26 42	1	-1	0
238	2 12 23 31	1	-1	0
239	13 14 33 18	2	-1	0
240	2 28 34 6	1	-1	0
241	20 40 18 16	2	-1	0
242	3 30 18 14	1	-1	0
243	8 14 46 26	4	1	0
244	1 25 21 38	1	-1	0
245	5 37 20 16	3	3	0
246	32 40 29 17	4	3	0
247	45 25 12 10	4	5	0
248	2 20 22 33	1	-1	0
249	2 49 24 27	1	-1	0
250	5 9 32 10	3	4	0
251	35 45 13 49	2	-1	0
252	6 23 15 32	3	4	0
253	45 4 31 22	4	4	0
254	3 49 39 48	1	-1	0
255	27 48 16 41	4	1	0
256	13 37 39 9	2	-1	0
257	26 4 7 37	3	4	0
258	2 50 7 21	1	-1	0
259	37 31 25 23	4	3	0
260	25 33 34 7	3	2	0
261	42 46 9 24	4	3	0
262	9 21 16 45	3	5	0
263	31 46 26 25	3	1	0
264	1 9 15 21	1	-1	0
265	18 38 49 17	4	2	0
266	1 8 20 25	1	-1	0
267	24 30 6 13	3	4	0
268	25 44 21 36	4	3	0
269	17 25 46 32	4	3	0
270	1 31 22 16	1	-1	0
271	41 12 27 5	2	-1	0
272	23 50 21 19	3	5	0
273	41 25 15 24	2	-1	0
274	5 47 34 17	4	1	0
275	7 12 11 6	4	4	0
276	24 4 46 7	4	1	0
277	2 25 35 17	1	-1	0
278	27 48 7 43	3	2	0
279	48 33 10 46	2	-1	0
280	40 41 37 45	4	3	0
281	32 23 29 46	2	-1	0
282	43 24 38 40	2	-1	0
283	50 30 21 20	4	3	0
284	38 18 50 47	2	-1	0
285	30 35 32 15	2	-1	0
286	3 21 20 36	1	-1	0
287	42 37 16 25	4	5	0
288	49 40 10 29	2	-1	0
289	10 9 50 29	4	2	0
290	42 50 14 6	3	5	0
291	1 12 22 20	1	-1	0
292	50 12 39 45	4	3	0
293	1 35 43 14	1	-1	0
294	15 35 50 32	4	1	0
295	50 12 46 13	3	2	0
296	39 48 50 25	3	4	0
297	38 27 43 40	3	5	0
298	23 45 32 39	3	3	0
299	10 44 32 9	4	3	0
300	18 4 42 46	2	-1	0
301	7 49 40 50	2	-1	0
302	46 40 15 21	2	-1	0
303	42 39 17 21	4	3	0
304	30 36 6 34	3	2	0
305	30 31 34 16	4	1	0
306	3 33 12 43	1	-1	0
307	47 25 32 19	4	5	0
308	6 24 9 18	4	3	0
309	38 43 14 45	2	-1	1
310	34 31 48 15	4	4	0
311	9 41 8 46	2	-1	0
312	45 20 26 27	4	1	0
313	32 39 47 18	2	-1	0
314	37 34 18 4	2	-1	0
315	34 33 28 35	3	4	0
316	23 16 4 21	4	1	0
317	2 19 7 22	1	-1	0
318	4 37 9 23	3	3	0
319	10 35 42 27	3	4	0
320	2 10 11 42	1	-1	0
321	21 26 43 42	3	3	0
322	47 49 17 12	4	2	0
323	1 17 14 38	1	-1	0
324	37 48 44 33	4	4	0
325	16 34 29 30	2	-1	0
326	25 44 8 23	4	4	0
327	45 48 25 49	4	2	0
328	23 22 24 12	4	3	0
329	1 47 33 5	1	-1	0
330	2 27 19 41	1	-1	0
331	7 42 43 13	3	4	0
332	9 30 17 24	3	3	0
333	4 26 17 16	4	2	0
334	48 2 27 11	4	2	0
335	30 11 49 15	4	5	0
336	1 47 28 48	1	-1	0
337	12 16 41 22	2	-1	0
338	16 47 41 9	4	3	0
339	21 34 25 35	2	-1	0
340	15 19 38 14	4	5	0
341	14 48 19 5	4	3	0
342	7 28 9 11	4	4	0
343	1 34 28 41	1	-1	0
344	37 32 48 39	2	-1	0
345	47 29 37 35	2	-1	0
346	24 8 6 21	4	5	0
347	3 25 50 21	1	-1	0
348	42 28 44 24	4	2	0
349	24 11 16 34	2	-1	0
350	3 10 15 26	1	-1	0
351	27 32 7 29	3	5	0
352	46 5 18 40	4	2	0
353	32 13 44 29	2	-1	0
354	19 30 18 25	3	1	0
355	29 5 9 17	4	4	0
356	33 34 31 32	4	4	0
357	2 34 27 19	1	-1	0
358	48 30 31 6	2	-1	1
359	25 15 32 2	3	4	0
360	50 38 8 48	4	5	0
361	19 27 32 25	2	-1	0
362	19 5 12 37	3	4	0
363	48 9 28 35	3	5	0
364	2 16 41 40	1	-1	0
365	2 18 20 5	1	-1	0
366	48 8 17 12	4	3	0
367	2 27 45 49	1	-1	0
368	3 6 40 42	1	-1	1
369	50 30 49 14	4	3	0
370	11 31 23 21	4	2	0
371	6 9 20 32	4	4	0
372	13 31 46 17	4	2	0
373	45 47 24 15	3	1	0
374	13 27 9 42	3	5	0
375	30 18 24 34	4	3	0
376	14 50 39 15	4	5	0
377	2 7 4 41	1	-1	0
378	13 45 36 23	4	5	0
379	9 28 5 34	2	-1	0
380	15 7 13 50	3	4	0
381	4 33 50 36	3	3	0
382	12 43 32 22	4	1	0
383	3 11 6 45	1	-1	0
384	10 44 48 31	2	-1	0
385	13 20 23 9	2	-1	0
386	25 16 30 31	4	1	0
387	23 42 40 27	4	5	0
388	29 18 27 9	3	2	0
389	23 50 30 10	2	-1	0
390	30 23 50 16	4	1	0
391	8 36 5 22	4	4	0
392	2 15 16 7	1	-1	0
393	3 41 11 13	1	-1	0
394	9 4 29 46	3	2	0
395	9 23 24 42	2	-1	0
396	26 13 7 48	2	-1	0
397	27 17 42 43	2	-1	0
398	1 33 17 36	1	-1	0
399	31 43 22 4	3	4	0
400	11 44 22 31	3	1	0
401	40 37 44 29	4	1	0
402	21 8 19 27	2	-1	0
403	30 18 45 28	3	5	0
404	3 20 43 47	1	-1	0
405	33 12 31 44	4	1	0
406	49 37 19 8	2	-1	0
407	19 25 42 36	3	3	0
408	2 49 4 43	1	-1	0
409	1 23 28 22	1	-1	0
410	49 34 22 27	4	3	0
411	35 37 49 11	2	-1	0
412	2 25 19 12	1	-1	0
413	47 46 19 35	4	3	0
414	29 49 50 24	2	-1	0
415	48 43 23 33	3	3	0
416	27 29 47 37	4	3	0
417	2 28 31 46	1	-1	0
418	45 27 33 42	2	-1	0
419	1 17 33 10	1	-1	0
420	23 8 39 6	3	1	0
421	3 12 17 21	1	-1	0
422	49 9 22 35	2	-1	0
423	23 22 10 20	3	4	0
424	25 37 42 35	4	3	0
425	3 9 10 20	1	-1	0
426	6 26 17 41	2	-1	0
427	1 8 17 25	1	-1	0
428	3 39 23 12	1	-1	0
429	1 6 9 8	1	-1	0
430	2 24 37 19	1	-1	0
431	13 40 42 32	3	2	0
432	26 22 41 27	2	-1	0
433	16 29 50 6	4	3	0
434	10 7 4 32	4	3	0
435	11 5 50 14	2	-1	0
436	28 10 23 12	2	-1	0
437	13 27 31 40	4	5	0
438	1 7 26 50	1	-1	0
439	30 9 13 6	2	-1	0
440	20 45 25 15	2	-1	0
441	39 13 32 9	2	-1	0
442	2 21 22 35	1	-1	0
443	22 38 31 41	4	5	0
444	48 6 45 25	3	5	0
445	24 32 15 5	2	-1	0
446	2 10 15 20	1	-1	0
447	28 16 45 50	3	4	0
448	49 16 41 6	4	1	0
449	46 42 49 22	2	-1	0
450	29 39 7 24	3	5	0
451	2 11 16 13	1	-1	0
452	12 21 5 31	4	3	0
453	28 6 50 21	2	-1	0
454	3 44 46 45	1	-1	0
455	41 21 23 39	2	-1	0
456	46 16 35 36	2	-1	0
457	49 7 27 43	2	-1	0
458	25 10 50 36	4	1	0
459	50 29 39 30	4	1	1
460	14 42 10 41	4	1	0
461	2 17 46 44	1	-1	0
462	46 20 22 24	2	-1	0
463	3 33 24 44	1	-1	0
464	3 28 46 15	1	-1	0
465	7 23 26 34	3	4	0
466	3 46 29 38	1	-1	0
467	2 45 50 44	1	-1	1
468	9 17 32 7	3	2	0
469	1 41 18 29	1	-1	0
470	10 30 16 15	4	4	0
471	3 50 32 19	1	-1	0
472	19 48 15 33	2	-1	0
473	8 31 20 42	2	-1	0
474	13 29 50 39	4	5	0
475	3 20 34 6	1	-1	0
476	30 22 43 17	3	3	0
477	1 24 14 10	1	-1	0
478	12 50 47 30	3	5	0
479	30 50 48 15	2	-1	0
480	2 20 7 22	1	-1	0
481	10 48 14 25	3	2	0
482	5 26 30 29	3	3	0
483	32 25 36 44	3	5	0
484	2 24 41 32	1	-1	0
485	31 34 11 9	3	5	0
486	22 8 10 28	4	1	0
487	2 39 21 50	1	-1	0
488	2 28 47 13	1	-1	0
489	27 44 23 7	2	-1	0
490	19 48 13 30	4	5	0
491	32 13 22 38	4	2	0
492	1 20 34 26	1	-1	0
493	29 43 33 25	2	-1	0
494	3 16 50 7	1	-1	0
495	36 45 17 9	2	-1	0
496	21 39 25 50	3	1	0
497	3 30 4 22	1	-1	0
498	9 40 27 42	2	-1	1
499	15 49 21 38	3	1	0
500	37 32 48 34	3	5	0
501	3 42 30 32	1	-1	0
502	35 26 28 12	3	5	0
503	46 17 38 9	3	3	0
504	3 35 29 38	1	-1	0
505	1 30 6 13	1	-1	0
506	1 8 17 48	1	-1	0
507	17 37 44 28	3	4	0
508	29 9 32 40	4	2	0
509	11 50 6 24	4	2	0
510	16 27 4 15	3	5	0
511	6 27 43 25	4	3	0
512	15 35 40 41	4	4	0
513	15 18 45 28	3	2	0
514	23 5 15 32	2	-1	0
515	38 46 48 5	4	5	0
516	8 26 10 5	2	-1	0
517	3 36 12 43	1	-1	0
518	19 34 25 44	4	1	0
519	46 37 42 12	3	3	0
520	30 40 12 13	2	-1	0
521	1 25 4 12	1	-1	0
522	24 8 38 15	4	5	0
523	25 26 42 17	2	-1	0
524	25 15 45 12	2	-1	0
525	2 34 10 29	1	-1	0
526	11 46 29 23	4	3	0
527	18 12 45 50	4	2	0
528	14 48 20 22	4	5	0
529	29 15 10 42	4	5	0
530	1 10 46 6	1	-1	0
531	50 13 32 7	4	5	0
532	37 49 42 21	4	4	0
533	37 14 46 26	3	1	0
534	46 19 21 40	3	1	0
535	46 36 44 20	2	-1	0
536	25 39 46 28	3	1	0
537	23 7 24 26	2	-1	0
538	1 12 4 13	1	-1	0
539	10 27 30 12	4	4	0
540	32 48 24 7	3	5	0
541	3 47 45 7	1	-1	0
542	14 50 21 13	2	-1	0
543	28 6 42 47	2	-1	0
544	6 37 23 20	4	5	0
545	2 33 50 5	1	-1	0
546	45 39 47 7	4	3	0
547	3 34 22 45	1	-1	0
548	19 35 7 33	2	-1	0
549	4 35 13 17	3	3	0
550	4 40 38 28	2	-1	0
551	3 50 31 24	1	-1	0
552	35 5 46 30	2	-1	0
553	30 48 20 11	2	-1	0
554	2 25 38 17	1	-1	0
555	29 42 16 24	3	5	0
556	3 36 18 39	1	-1	0
557	25 43 48 7	4	5	0
558	20 31 23 45	3	5	0
559	48 11 43 27	4	2	0
560	29 32 28 48	4	1	0
561	21 49 44 35	2	-1	0
562	15 47 12 14	4	4	0
563	3 18 33 46	1	-1	0
564	17 38 28 33	4	2	0
565	50 8 4 37	4	3	0
566	1 19 16 43	1	-1	0
567	12 9 50 10	4	1	1
568	13 46 47 35	4	1	0
569	32 43 27 36	4	3	0
570	2 40 34 47	1	-1	0
571	30 41 7 26	3	2	0
572	25 23 16 27	3	1	0
573	2 28 38 9	1	-1	0
574	27 14 47 40	2	-1	0
575	2 44 17 48	1	-1	0
576	12 47 25 41	3	5	0
577	1 15 11 44	1	-1	0
578	32 42 20 13	2	-1	0
579	27 39 5 43	4	5	0
580	43 25 44 40	2	-1	0
581	3 22 29 13	1	-1	0
582	6 10 29 42	2	-1	0
583	8 20 5 41	4	3	0
584	43 11 15 31	4	5	0
585	2 10 5 12	1	-1	0
586	10 49 40 27	4	3	0
587	20 7 47 31	4	4	0
588	31 4 17 41	4	1	0
589	8 50 39 6	4	2	0
590	19 16 42 37	3	4	0
591	1 40 29 6	1	-1	0
592	47 43 44 13	4	4	0
593	21 45 36 42	3	5	0
594	23 35 14 13	3	4	0
595	9 36 26 14	4	5	0
596	22 38 5 24	4	2	0
597	6 39 8 46	3	5	0
598	10 25 28 23	2	-1	0
599	25 49 10 40	2	-1	0
600	32 8 49 10	2	-1	0
601	46 44 30 48	2	-1	0
602	50 5 10 25	3	4	0
603	6 41 35 23	4	3	0
604	21 32 13 17	3	3	0
605	49 30 31 22	3	2	0
606	30 35 8 18	2	-1	0
607	36 9 48 46	4	5	0
608	2 6 37 47	1	-1	0
609	3 50 35 45	1	-1	0
610	26 4 37 9	2	-1	0
611	35 19 24 36	4	4	0
612	45 49 19 27	4	1	0
613	9 35 31 4	2	-1	0
614	24 17 37 9	2	-1	0
615	40 8 46 50	2	-1	0
616	2 5 12 32	1	-1	0
617	28 42 6 31	3	1	0
618	19 47 24 32	4	3	0
619	3 10 19 18	1	-1	0
620	8 13 21 47	3	5	0
621	41 35 36 40	3	1	0
622	16 5 9 31	2	-1	0
623	44 46 24 48	2	-1	0
624	40 4 26 13	3	4	0
625	25 43 36 39	3	5	0
626	29 44 22 23	2	-1	0
627	1 12 34 6	1	-1	0
628	32 22 8 27	3	5	0
629	47 4 12 16	3	2	0
630	24 30 18 38	3	1	0
631	2 42 41 23	1	-1	0
632	9 45 13 23	4	4	0
633	2 29 31 37	1	-1	0
634	30 43 29 47	3	1	0
635	9 24 30 8	4	2	0
636	28 44 8 4	2	-1	0
637	4 7 13 5	2	-1	0
638	5 30 13 9	3	4	0
639	26 12 43 48	2	-1	0
640	27 41 44 13	3	5	0
641	10 41 36 13	2	-1	0
642	26 19 20 28	3	5	0
643	37 46 13 5	3	1	0
644	21 30 20 35	4	1	0
645	1 39 24 15	1	-1	0
646	14 41 5 17	3	1	0
647	21 6 11 30	3	1	0
648	3 38 37 46	1	-1	0
649	26 13 6 15	3	3	0
650	20 6 47 50	2	-1	0
651	3 48 10 44	1	-1	0
652	41 35 12 44	2	-1	0
653	17 45 5 33	4	1	0
654	3 43 30 37	1	-1	0
655	2 30 42 23	1	-1	0
656	48 47 7 14	2	-1	0
657	24 34 29 38	2	-1	0
658	35 4 46 32	4	2	0
659	47 41 20 10	2	-1	0
660	13 43 24 37	2	-1	0
661	1 6 5 34	1	-1	0
662	2 7 42 22	1	-1	0
663	43 27 49 16	2	-1	0
664	15 48 28 42	2	-1	0
665	2 37 10 23	1	-1	0
666	2 42 6 30	1	-1	0
667	14 4 8 31	3	3	0
668	3 14 12 38	1	-1	0
669	2 41 7 29	1	-1	0
670	3 39 20 26	1	-1	0
671	5 6 18 36	2	-1	0
672	17 39 31 24	2	-1	0
673	18 15 44 4	4	2	0
674	25 22 36 33	2	-1	0
675	30 36 29 40	3	3	0
676	12 32 19 5	3	5	0
677	46 18 17 39	2	-1	0
678	35 23 4 24	4	5	0
679	3 41 15 46	1	-1	0
680	2 9 12 49	1	-1	0
681	37 47 10 13	4	3	0
682	1 31 49 24	1	-1	0
683	13 30 48 39	4	1	0
684	40 35 31 16	2	-1	0
685	32 17 45 7	4	5	0
686	21 31 44 10	2	-1	0
687	13 16 28 34	4	2	0
688	15 45 18 20	4	2	0
689	23 43 10 11	4	3	0
690	16 27 4 49	4	5	0
691	10 39 49 19	4	1	0
692	18 7 36 48	2	-1	0
693	13 17 5 6	4	1	0
694	29 46 6 44	4	5	0
695	19 6 36 27	2	-1	0
696	41 50 28 16	3	3	0
697	18 6 4 49	3	4	0
698	35 19 32 5	2	-1	0
699	32 10 39 42	4	5	0
700	1 50 4 22	1	-1	0
701	2 10 12 40	1	-1	0
702	9 50 43 41	3	3	0
703	24 21 26 5	2	-1	0
704	3 45 11 17	1	-1	0
705	35 48 17 33	3	5	0
706	8 11 18 26	3	2	0
707	3 33 30 39	1	-1	0
708	25 11 20 38	4	1	0
709	4 40 20 50	2	-1	0
710	1 37 42 8	1	-1	0
711	5 47 21 8	2	-1	0
712	43 9 18 5	3	2	0
713	30 15 19 37	4	1	0
714	34 6 14 12	2	-1	0
715	28 24 9 10	2	-1	0
716	1 23 35 37	1	-1	0
717	47 33 35 13	3	1	0
718	45 36 46 47	4	4	0
719	38 37 27 48	3	3	0
720	27 48 44 33	3	4	0
721	50 49 13 38	3	1	0
722	6 17 48 45	3	4	1
723	3 37 14 38	1	-1	0
724	33 50 12 23	3	5	0
725	27 21 45 32	3	4	0
726	3 17 22 4	1	-1	0
727	45 5 16 20	3	1	0
728	25 42 48 35	4	1	0
729	29 19 42 11	2	-1	0
730	36 47 27 34	3	3	0
731	2 30 16 50	1	-1	0
732	35 44 4 38	2	-1	0
733	49 29 5 42	2	-1	0
734	18 29 46 31	2	-1	0
735	3 17 21 13	1	-1	0
736	24 5 18 8	2	-1	0
737	2 36 24 5	1	-1	0
738	16 48 11 30	2	-1	0
739	18 31 37 45	3	4	0
740	2 11 12 40	1	-1	0
741	35 7 9 48	2	-1	0
742	21 9 22 8	4	3	0
743	1 46 41 45	1	-1	0
744	39 22 28 5	4	4	0
745	18 10 20 24	3	3	0
746	9 24 25 7	2	-1	0
747	3 33 37 46	1	-1	0
748	39 49 8 7	3	5	0
749	1 6 16 35	1	-1	0
750	3 44 34 10	1	-1	0
