Students	750
1	44 11 46 6	3	4	0
2	3 40 27 49	1	-1	0
3	1 37 6 49	1	-1	0
4	33 14 48 35	2	-1	0
5	24 48 6 19	3	5	0
6	43 29 19 17	2	-1	0
7	3 6 36 11	1	-1	0
8	33 41 1 46	2	-1	0
9	47 26 42 12	3	2	0
10	16 27 8 23	4	5	0
11	8 7 29 25	4	1	0
12	13 17 27 29	3	5	0
13	1 48 21 39	1	-1	0
14	41 27 4 42	2	-1	0
15	38 9 36 42	4	3	0
16	3 24 7 18	1	-1	0
17	34 36 42 43	2	-1	0
18	47 50 20 12	2	-1	0
19	36 37 46 38	3	2	0
20	14 16 35 8	3	5	0
21	31 30 33 45	3	4	0
22	28 44 19 26	4	1	0
23	46 23 12 36	3	5	0
24	1 25 20 12	1	-1	0
25	47 12 14 27	4	2	0
26	40 24 21 6	3	5	0
27	2 42 7 23	1	-1	0
28	3 5 50 20	1	-1	0
29	1 20 13 34	1	-1	0
30	40 38 15 36	4	4	0
31	48 37 21 12	2	-1	0
32	38 45 24 44	4	5	0
33	24 18 30 4	4	3	0
34	38 20 44 42	4	2	0
35	2 27 43 31	1	-1	0
36	34 31 19 10	3	5	0
37	3 4 45 6	1	-1	0
38	21 8 25 44	2	-1	0
39	3 24 16 50	1	-1	0
40	4 12 48 25	4	4	0
41	3 35 22 6	1	-1	0
42	10 20 41 4	3	4	0
43	39 28 21 17	2	-1	0
44	10 22 35 33	3	5	0
45	41 26 45 35	2	-1	0
46	1 44 49 21	1	-1	0
47	15 34 35 36	3	5	0
48	43 6 29 34	2	-1	0
49	28 33 9 22	3	4	0
50	46 44 17 32	4	3	0
51	3 37 35 11	1	-1	0
52	3 28 12 19	1	-1	0
53	15 49 6 8	4	1	0
54	3 16 18 28	1	-1	0
55	2 13 48 10	1	-1	0
56	47 34 43 40	4	3	0
57	37 24 32 11	2	-1	0
58	3 37 28 8	1	-1	0
59	32 34 25 50	2	-1	0
60	7 46 18 17	2	-1	0
61	1 4 28 23	1	-1	0
62	1 25 47 23	1	-1	0
63	3 22 37 7	1	-1	0
64	11 45 35 39	4	4	0
65	17 32 12 41	2	-1	0
66	44 35 42 27	3	3	0
67	29 27 20 47	2	-1	0
68	1 13 27 14	1	-1	0
69	3 29 16 11	1	-1	0
70	36 13 45 49	2	-1	0
71	50 33 21 5	3	2	0
72	40 6 8 26	3	5	0
73	1 49 14 28	1	-1	0
74	34 36 24 21	2	-1	0
75	35 5 24 29	3	3	0
76	42 9 44 21	4	2	0
77	21 31 14 28	4	3	0
78	50 25 48 13	2	-1	0
79	19 32 16 27	2	-1	0
80	4 22 5 20	3	1	0
81	41 15 19 12	4	2	0
82	1 43 33 46	1	-1	0
83	21 13 41 8	2	-1	0
84	3 41 43 4	1	-1	0
85	15 30 25 46	3	4	0
86	2 33 35 48	1	-1	0
87	13 14 17 43	2	-1	0
88	2 45 34 9	1	-1	0
89	3 31 48 7	1	-1	1
90	1 29 26 21	1	-1	0
91	2 13 20 39	1	-1	0
92	46 32 29 36	2	-1	0
93	8 7 44 33	2	-1	0
94	26 38 11 16	2	-1	0
95	35 22 4 41	4	2	0
96	1 41 33 8	1	-1	0
97	29 15 20 19	4	1	0
98	42 11 28 45	4	3	0
99	1 47 23 45	1	-1	0
100	43 31 4 15	4	5	0
101	24 36 40 11	4	1	0
102	14 17 46 40	2	-1	0
103	15 23 12 32	3	2	0
104	33 30 20 45	2	-1	0
105	23 18 47 29	4	4	0
106	40 38 10 30	2	-1	0
107	14 10 26 11	3	3	0
108	31 18 24 30	4	1	0
109	9 44 35 48	3	1	0
110	14 35 17 42	3	2	0
111	4 38 17 22	2	-1	0
112	1 37 26 21	1	-1	0
113	2 28 7 4	1	-1	0
114	39 42 17 18	3	4	0
115	5 20 50 43	4	2	0
116	2 29 31 8	1	-1	0
117	36 37 15 26	2	-1	0
118	47 19 37 15	2	-1	0
119	19 41 16 47	3	3	0
120	1 8 44 23	1	-1	0
121	5 44 26 7	3	2	0
122	11 20 25 27	4	4	0
123	32 28 7 20	4	2	0
124	40 19 25 26	2	-1	0
125	1 42 40 15	1	-1	0
126	42 10 21 37	3	4	0
127	2 40 38 48	1	-1	0
128	15 12 40 5	2	-1	0
129	3 33 18 20	1	-1	0
130	44 36 45 10	3	3	0
131	43 8 25 16	4	1	0
132	1 35 13 49	1	-1	0
133	35 31 12 40	2	-1	0
134	2 34 25 44	1	-1	0
135	9 46 26 45	2	-1	0
136	40 20 16 19	4	1	0
137	15 27 43 20	4	1	0
138	50 6 34 42	4	3	0
139	50 38 12 6	3	1	0
140	34 4 8 10	3	1	0
141	2 18 27 32	1	-1	0
142	25 30 36 22	4	4	0
143	13 32 30 46	4	3	0
144	20 50 13 47	2	-1	0
145	18 10 9 31	2	-1	0
146	2 21 5 16	1	-1	0
147	1 31 32 17	1	-1	0
148	24 32 38 19	2	-1	0
149	1 47 31 49	1	-1	0
150	31 14 7 17	4	1	0
151	26 46 19 5	4	1	0
152	39 31 22 50	2	-1	0
153	41 34 37 17	4	5	0
154	9 12 17 27	4	2	0
155	13 15 5 31	2	-1	0
156	3 5 32 16	1	-1	0
157	1 9 44 26	1	-1	0
158	27 12 25 30	3	4	0
159	25 39 20 18	4	2	0
160	39 12 47 16	3	4	0
161	27 8 42 37	3	4	0
162	43 37 36 34	4	1	1
163	40 48 22 26	3	2	0
164	8 9 48 44	4	2	0
165	44 20 12 8	4	3	0
166	36 4 23 27	4	4	0
167	29 15 35 9	4	3	0
168	29 10 20 38	2	-1	0
169	3 46 5 22	1	-1	0
170	15 32 23 21	3	4	0
171	29 33 21 39	3	3	0
172	34 14 47 36	2	-1	0
173	49 10 15 47	2	-1	0
174	18 11 16 15	2	-1	0
175	43 26 41 49	4	4	0
176	9 23 24 46	4	2	0
177	29 6 21 13	3	2	0
178	6 11 19 41	3	4	0
179	2 8 6 21	1	-1	0
180	44 28 8 36	3	3	0
181	37 40 30 18	3	5	0
182	3 25 47 16	1	-1	0
183	19 7 29 32	4	2	0
184	1 14 50 32	1	-1	0
185	28 10 42 38	2	-1	0
186	43 13 15 45	2	-1	0
187	31 39 7 16	2	-1	0
188	2 30 20 39	1	-1	0
189	23 5 13 9	4	4	0
190	24 9 42 45	3	3	0
191	13 9 23 41	2	-1	0
192	26 13 12 4	3	1	0
193	15 13 35 4	3	1	0
194	20 41 6 4	4	1	0
195	41 32 5 44	2	-1	0
196	45 32 10 20	3	5	0
197	17 48 13 43	4	1	0
198	1 50 36 6	1	-1	0
199	8 24 7 32	3	2	0
200	30 50 21 49	3	2	0
201	23 15 22 31	4	3	0
202	24 29 40 39	4	5	1
203	14 49 23 17	3	1	0
204	44 27 45 21	3	4	0
205	36 30 20 17	2	-1	0
206	11 45 40 35	4	1	0
207	2 45 18 44	1	-1	0
208	1 42 29 24	1	-1	0
209	46 44 17 27	2	-1	0
210	37 19 47 29	3	4	0
211	14 5 40 32	3	5	0
212	14 31 17 28	3	3	0
213	1 46 43 16	1	-1	0
214	1 37 16 43	1	-1	0
215	7 43 35 33	3	1	0
216	48 27 25 44	4	3	0
217	16 4 11 23	4	4	0
218	1 20 16 23	1	-1	0
219	13 44 48 34	4	1	0
220	40 37 27 42	3	2	0
221	1 33 46 25	1	-1	0
222	41 21 35 33	2	-1	0
223	1 20 9 50	1	-1	0
224	6 41 36 18	3	2	0
225	17 49 42 48	3	3	0
226	2 43 17 19	1	-1	0
227	1 13 42 29	1	-1	0
228	3 37 45 47	1	-1	0
229	6 34 25 10	2	-1	0
230	12 31 11 13	4	1	0
231	38 19 17 35	3	4	0
232	21 15 28 47	4	5	0
233	36 23 24 22	3	5	0
234	46 4 22 27	3	1	0
235	27 19 45 47	4	3	0
236	30 32 16 42	2	-1	0
237	2 31 15 48	1	-1	0
238	3 15 35 39	1	-1	0
239	50 36 45 10	4	2	0
240	1 49 4 37	1	-1	0
241	37 19 16 21	4	2	0
242	14 10 23 24	2	-1	0
243	12 48 26 10	3	1	0
244	6 25 44 33	4	3	0
245	2 31 8 49	1	-1	0
246	2 32 30 39	1	-1	0
247	2 49 8 40	1	-1	0
248	5 46 15 36	2	-1	0
249	41 9 38 50	3	4	0
250	21 17 44 37	3	2	0
251	2 24 44 19	1	-1	0
252	2 8 39 42	1	-1	0
253	1 33 39 50	1	-1	0
254	18 11 40 24	2	-1	0
255	11 21 30 17	4	3	0
256	46 7 31 48	4	4	0
257	5 37 28 8	2	-1	0
258	2 8 43 13	1	-1	0
259	26 28 18 24	3	5	0
260	2 38 32 8	1	-1	0
261	1 11 26 49	1	-1	0
262	37 11 26 47	4	5	0
263	14 41 42 16	4	2	0
264	49 37 5 25	4	1	0
265	27 23 48 41	4	1	0
266	49 21 24 46	4	1	0
267	1 21 14 25	1	-1	0
268	42 44 41 37	2	-1	0
269	45 14 26 40	2	-1	0
270	46 12 47 14	4	5	0
271	46 21 34 23	4	1	0
272	13 22 41 26	3	5	0
273	24 14 41 21	2	-1	0
274	5 35 11 18	3	3	0
275	11 44 32 31	3	5	0
276	27 20 35 15	4	2	0
277	35 16 20 17	2	-1	0
278	2 16 46 19	1	-1	0
279	4 16 47 27	3	3	0
280	4 7 11 21	3	1	0
281	28 25 8 22	2	-1	0
282	13 46 44 16	2	-1	0
283	40 46 44 30	4	1	0
284	24 26 43 5	3	1	0
285	42 37 44 17	3	5	0
286	2 37 49 22	1	-1	0
287	2 37 39 17	1	-1	0
288	32 20 26 7	2	-1	0
289	19 35 17 42	3	2	0
290	2 16 23 6	1	-1	0
291	9 21 39 40	2	-1	0
292	9 47 42 34	4	1	0
293	1 5 42 36	1	-1	0
294	49 17 48 47	2	-1	0
295	15 29 34 10	2	-1	0
296	25 41 42 48	2	-1	0
297	48 37 12 31	2	-1	0
298	37 15 38 11	2	-1	0
299	18 35 29 4	3	1	0
300	1 14 46 48	1	-1	0
301	44 46 14 37	2	-1	0
302	3 14 15 10	1	-1	0
303	18 8 22 32	2	-1	0
304	33 25 41 22	4	3	0
305	18 20 23 17	3	2	0
306	23 38 4 48	4	4	0
307	25 4 46 15	2	-1	0
308	26 5 43 15	4	2	0
309	1 24 9 46	1	-1	0
310	5 23 20 37	4	5	0
311	41 20 25 17	3	4	0
312	31 37 48 50	2	-1	0
313	3 39 16 47	1	-1	0
314	47 40 26 36	2	-1	0
315	2 36 20 37	1	-1	0
316	11 34 10 33	4	5	0
317	22 40 30 15	3	3	0
318	23 40 50 42	2	-1	0
319	25 29 14 5	4	3	0
320	45 50 38 22	4	4	0
321	46 30 21 37	3	2	0
322	13 21 22 47	4	3	0
323	34 27 25 8	4	2	0
324	14 43 13 24	2	-1	0
325	10 39 17 47	3	4	0
326	50 6 14 5	2	-1	0
327	27 29 26 39	2	-1	0
328	1 10 7 30	1	-1	0
329	13 25 18 38	3	4	0
330	16 45 42 34	2	-1	0
331	32 30 26 17	2	-1	0
332	35 25 18 20	4	5	0
333	38 42 18 45	2	-1	0
334	31 6 39 36	4	3	0
335	23 6 39 37	4	1	0
336	43 17 34 49	2	-1	0
337	5 10 39 40	3	2	0
338	25 14 17 21	3	4	0
339	43 4 11 10	4	1	0
340	5 34 33 22	3	2	0
341	7 27 19 44	2	-1	0
342	17 32 28 24	2	-1	0
343	49 44 32 43	3	4	0
344	14 32 34 35	2	-1	0
345	36 43 24 44	4	5	0
346	3 49 6 16	1	-1	0
347	3 15 20 12	1	-1	0
348	6 4 20 50	3	2	0
349	27 26 13 23	3	5	0
350	20 8 25 50	2	-1	0
351	1 38 10 6	1	-1	0
352	36 31 34 40	4	1	0
353	43 46 40 50	3	3	0
354	11 39 35 4	3	5	0
355	1 7 16 46	1	-1	0
356	31 49 25 10	2	-1	0
357	46 23 40 44	4	1	0
358	3 23 49 10	1	-1	0
359	21 36 50 27	4	4	0
360	3 11 31 25	1	-1	0
361	3 30 19 11	1	-1	0
362	32 5 37 31	2	-1	0
363	21 39 27 30	3	2	0
364	26 35 39 17	2	-1	0
365	39 13 31 25	3	5	1
366	28 31 26 23	3	2	0
367	2 45 9 47	1	-1	0
368	36 23 42 45	3	1	0
369	26 27 31 3	4	5	0
370	1 13 10 37	1	-1	0
371	18 30 47 50	2	-1	0
372	37 9 47 48	4	5	0
373	1 44 23 41	1	-1	0
374	17 38 47 31	2	-1	0
375	35 43 9 24	4	5	0
376	2 43 9 36	1	-1	0
377	3 42 39 43	1	-1	0
378	39 7 50 13	2	-1	0
379	24 23 7 30	2	-1	0
380	11 36 46 19	2	-1	0
381	37 5 35 38	2	-1	0
382	36 49 31 34	3	5	0
383	43 47 48 35	4	5	0
384	3 36 47 30	1	-1	0
385	38 10 50 42	3	4	0
386	28 41 5 24	2	-1	0
387	19 23 17 45	4	5	0
388	17 21 16 29	3	2	0
389	43 30 17 35	4	4	0
390	15 48 4 17	4	2	0
391	29 14 33 36	2	-1	0
392	42 33 39 8	4	3	0
393	43 31 15 4	4	3	0
394	36 13 38 37	4	1	0
395	3 32 45 12	1	-1	0
396	26 46 48 24	2	-1	0
397	1 33 43 24	1	-1	0
398	26 22 5 19	3	5	0
399	1 47 49 16	1	-1	0
400	7 46 30 45	3	5	0
401	6 45 23 18	3	3	0
402	44 48 10 13	4	3	0
403	41 17 25 5	2	-1	0
404	26 11 31 30	3	3	0
405	6 4 14 50	4	1	0
406	35 41 49 25	3	4	0
407	28 38 5 24	2	-1	0
408	19 25 23 42	4	3	0
409	19 9 20 41	3	4	0
410	49 44 22 29	2	-1	0
411	3 45 10 46	1	-1	0
412	1 8 4 42	1	-1	0
413	3 48 44 22	1	-1	0
414	33 11 30 16	3	4	0
415	40 41 43 47	3	4	0
416	25 28 35 15	4	2	0
417	20 47 34 31	2	-1	0
418	37 13 23 42	2	-1	0
419	30 24 19 48	2	-1	0
420	6 34 43 39	3	5	0
421	13 30 47 23	4	4	0
422	1 14 46 27	1	-1	0
423	2 48 35 7	1	-1	0
424	4 18 20 43	4	3	0
425	43 14 49 15	2	-1	1
426	32 29 17 35	2	-1	0
427	23 47 9 7	3	3	0
428	1 9 48 32	1	-1	0
429	32 44 26 46	3	5	0
430	1 20 44 48	1	-1	0
431	40 42 50 24	2	-1	0
432	3 26 18 27	1	-1	0
433	14 20 32 40	4	4	0
434	14 11 45 16	3	2	0
435	50 16 15 8	4	5	0
436	37 25 50 6	4	4	0
437	35 48 24 16	3	3	0
438	26 41 22 47	2	-1	0
439	5 10 50 27	4	1	0
440	11 41 12 28	3	5	0
441	1 49 10 7	1	-1	0
442	2 35 16 5	1	-1	0
443	7 17 13 30	2	-1	0
444	50 20 12 35	4	4	0
445	3 16 7 24	1	-1	0
446	3 10 29 47	1	-1	0
447	50 8 17 25	3	5	0
448	27 41 35 28	2	-1	0
449	45 43 21 49	2	-1	0
450	1 48 47 17	1	-1	0
451	1 31 47 7	1	-1	0
452	9 34 43 49	3	4	0
453	50 26 8 45	4	2	0
454	28 27 12 45	3	3	0
455	40 34 10 44	3	1	0
456	31 30 33 28	4	1	0
457	1 15 12 9	1	-1	0
458	45 42 28 15	4	1	0
459	46 16 24 29	2	-1	0
460	11 20 37 29	3	5	0
461	19 39 26 23	4	1	0
462	2 18 24 27	1	-1	0
463	3 21 41 46	1	-1	0
464	34 49 37 9	2	-1	0
465	35 33 46 25	3	4	0
466	8 10 4 27	4	4	0
467	35 29 9 46	3	5	0
468	8 18 14 7	3	3	0
469	12 37 35 32	4	5	0
470	3 47 29 5	1	-1	0
471	15 25 8 12	2	-1	0
472	3 39 30 47	1	-1	0
473	3 21 50 17	1	-1	0
474	41 6 12 27	4	5	0
475	35 33 46 43	2	-1	0
476	33 24 43 17	2	-1	0
477	48 30 24 26	3	1	0
478	50 33 28 29	3	4	0
479	39 30 4 21	4	5	0
480	8 10 24 28	2	-1	0
481	37 6 46 24	2	-1	0
482	26 35 32 9	3	4	0
483	3 25 32 34	1	-1	0
484	10 28 15 8	2	-1	0
485	5 50 34 45	3	4	0
486	21 45 30 28	4	4	0
487	15 45 24 31	2	-1	0
488	27 35 43 17	2	-1	0
489	2 36 4 5	1	-1	0
490	1 15 7 8	1	-1	0
491	1 42 47 44	1	-1	0
492	2 26 23 10	1	-1	0
493	28 50 18 32	2	-1	0
494	39 11 43 21	3	2	0
495	41 32 50 4	2	-1	0
496	38 14 21 24	3	4	0
497	10 34 18 44	3	2	0
498	2 50 28 40	1	-1	0
499	1 8 48 23	1	-1	0
500	40 19 30 32	2	-1	0
501	3 47 39 31	1	-1	0
502	27 48 50 17	2	-1	0
503	25 43 37 50	4	2	1
504	37 27 41 46	4	5	0
505	1 47 31 22	1	-1	0
506	25 37 28 23	4	3	0
507	24 9 38 33	3	5	0
508	46 32 4 48	2	-1	0
509	1 19 25 36	1	-1	0
510	34 4 36 21	3	3	0
511	18 28 11 42	4	1	1
512	15 36 21 6	4	2	0
513	1 30 42 43	1	-1	0
514	2 24 42 35	1	-1	0
515	1 14 46 42	1	-1	0
516	16 23 32 44	4	4	0
517	38 29 17 31	4	1	0
518	38 7 24 20	2	-1	0
519	4 7 6 32	3	3	0
520	3 9 43 25	1	-1	0
521	3 22 37 49	1	-1	0
522	12 40 50 20	3	4	0
523	20 48 5 29	4	1	0
524	23 40 14 19	2	-1	0
525	1 41 42 15	1	-1	0
526	23 45 24 42	4	5	0
527	1 31 27 24	1	-1	0
528	1 32 6 31	1	-1	0
529	23 34 5 37	3	5	0
530	49 15 14 23	3	2	0
531	13 29 40 24	3	3	0
532	50 6 13 21	4	2	0
533	2 45 18 34	1	-1	0
534	8 44 19 43	2	-1	0
535	9 36 5 37	3	5	0
536	44 49 15 10	2	-1	0
537	31 26 18 48	4	2	0
538	11 38 25 6	4	2	0
539	48 38 26 22	2	-1	0
540	1 26 31 12	1	-1	0
541	3 44 15 37	1	-1	0
542	24 37 50 3	3	5	0
543	1 46 28 12	1	-1	0
544	17 24 44 13	2	-1	0
545	26 24 27 42	3	1	0
546	24 5 11 26	3	4	0
547	31 34 24 50	4	2	0
548	37 11 28 8	2	-1	0
549	19 41 6 8	2	-1	0
550	27 25 30 42	3	2	0
551	17 37 45 21	4	3	0
552	43 48 10 22	2	-1	0
553	35 24 23 50	2	-1	0
554	23 9 28 8	3	2	0
555	3 23 18 13	1	-1	0
556	43 2 26 28	4	3	0
557	39 27 35 12	4	5	0
558	40 16 6 13	2	-1	0
559	26 25 40 24	3	2	0
560	20 18 25 9	4	2	0
561	45 47 29 9	3	1	0
562	2 31 48 13	1	-1	0
563	47 34 38 24	4	1	0
564	43 25 14 33	3	1	0
565	32 29 11 46	2	-1	0
566	49 20 23 35	4	3	0
567	46 18 15 6	3	5	0
568	1 15 24 6	1	-1	0
569	3 23 35 18	1	-1	0
570	41 44 15 49	3	2	0
571	3 39 38 23	1	-1	0
572	29 15 36 14	3	1	0
573	5 36 50 10	4	1	0
574	34 9 37 31	4	2	0
575	15 24 29 4	3	1	0
576	2 49 46 4	1	-1	0
577	48 5 6 13	3	4	0
578	7 22 10 14	4	3	0
579	25 37 4 50	2	-1	0
580	34 19 31 16	2	-1	0
581	41 13 46 25	2	-1	0
582	25 40 41 14	2	-1	0
583	18 13 43 23	3	5	0
584	1 28 45 6	1	-1	0
585	28 22 27 17	2	-1	0
586	3 46 24 41	1	-1	0
587	42 26 49 29	2	-1	0
588	47 49 46 25	4	5	0
589	45 13 48 36	2	-1	0
590	19 41 42 7	2	-1	0
591	1 19 17 12	1	-1	0
592	43 14 32 10	4	4	0
593	32 47 7 39	4	3	0
594	18 50 9 25	2	-1	0
595	3 4 9 46	1	-1	0
596	13 21 31 41	4	3	0
597	44 25 30 14	2	-1	0
598	33 40 4 12	3	4	0
599	2 15 37 4	1	-1	0
600	26 47 14 17	3	3	0
601	3 24 9 6	1	-1	0
602	1 49 20 18	1	-1	0
603	23 15 14 40	3	2	0
604	1 31 39 46	1	-1	0
605	2 17 27 12	1	-1	0
606	3 20 27 18	1	-1	0
607	23 27 49 47	4	5	0
608	9 18 46 42	3	3	0
609	20 48 29 15	2	-1	0
610	47 45 25 11	3	4	0
611	3 36 4 26	1	-1	0
612	1 17 9 29	1	-1	0
613	48 13 14 36	2	-1	0
614	39 11 8 47	2	-1	0
615	3 31 28 7	1	-1	0
616	37 28 39 49	3	2	0
617	29 31 36 32	2	-1	0
618	1 32 20 26	1	-1	0
619	34 12 49 42	4	3	0
620	21 43 46 45	3	4	0
621	15 46 21 6	4	5	0
622	12 34 18 38	4	5	0
623	23 41 47 2	3	5	0
624	1 23 6 38	1	-1	0
625	16 49 33 35	4	5	0
626	17 16 24 21	2	-1	0
627	48 14 47 45	3	2	0
628	7 49 24 50	2	-1	0
629	48 7 34 13	3	4	0
630	25 42 16 28	2	-1	0
631	12 39 20 45	2	-1	0
632	19 26 11 22	2	-1	0
633	4 45 42 12	3	1	0
634	42 17 26 44	4	5	0
635	11 20 22 9	4	4	0
636	28 38 48 12	4	1	0
637	4 44 26 39	2	-1	0
638	1 49 44 29	1	-1	0
639	9 40 42 10	2	-1	0
640	42 25 39 28	3	5	0
641	1 6 5 40	1	-1	0
642	2 14 45 6	1	-1	0
643	27 11 24 42	4	1	0
644	14 37 8 35	3	5	0
645	43 47 30 3	3	1	0
646	32 11 26 14	3	2	0
647	3 24 37 43	1	-1	0
648	33 30 19 44	2	-1	0
649	24 45 28 32	4	3	0
650	18 39 7 31	4	5	0
651	26 32 29 35	3	3	0
652	17 13 49 20	3	2	0
653	3 21 5 42	1	-1	0
654	32 50 40 29	2	-1	0
655	2 43 7 10	1	-1	0
656	36 39 32 27	2	-1	0
657	33 47 22 37	2	-1	0
658	38 31 42 7	3	5	0
659	30 40 34 22	3	3	0
660	32 8 5 35	2	-1	0
661	50 34 43 18	3	2	0
662	45 36 50 44	4	5	0
663	11 12 13 42	2	-1	0
664	1 7 6 11	1	-1	0
665	2 48 23 24	1	-1	0
666	2 14 8 33	1	-1	0
667	3 7 40 50	1	-1	0
668	50 18 34 45	3	2	0
669	26 47 21 9	4	5	0
670	49 40 21 43	3	2	0
671	1 22 28 34	1	-1	0
672	6 48 44 37	2	-1	0
673	7 25 42 6	3	5	0
674	3 38 36 32	1	-1	0
675	25 44 49 43	2	-1	0
676	20 13 36 27	2	-1	0
677	33 50 28 10	3	5	0
678	10 39 8 48	3	1	0
679	2 23 15 7	1	-1	0
680	48 12 28 34	4	2	0
681	9 17 14 6	2	-1	0
682	34 20 13 22	4	5	0
683	26 21 42 20	2	-1	0
684	5 36 17 35	2	-1	0
685	44 23 45 47	2	-1	0
686	3 11 17 33	1	-1	0
687	50 47 45 25	2	-1	0
688	37 39 44 26	4	5	0
689	50 11 14 44	3	2	0
690	46 14 39 37	4	1	0
691	22 47 50 40	2	-1	0
692	39 21 17 44	3	5	0
693	1 4 29 27	1	-1	0
694	19 46 11 47	2	-1	0
695	2 10 31 6	1	-1	0
696	3 40 21 45	1	-1	0
697	47 5 26 27	4	3	0
698	1 9 48 27	1	-1	0
699	40 22 37 5	2	-1	0
700	1 11 41 48	1	-1	0
701	3 9 32 39	1	-1	0
702	24 16 28 49	2	-1	0
703	4 33 48 34	4	5	0
704	4 36 43 47	4	1	0
705	22 32 35 48	3	2	0
706	35 46 16 36	3	2	0
707	9 5 6 27	3	5	0
708	4 31 34 43	3	2	0
709	50 22 21 12	2	-1	0
710	15 18 5 40	3	2	0
711	43 10 28 13	2	-1	0
712	17 32 39 12	2	-1	0
713	3 18 5 45	1	-1	0
714	1 12 39 6	1	-1	0
715	30 46 40 36	4	2	0
716	4 33 21 9	3	5	0
717	34 45 35 17	4	1	0
718	30 16 47 9	3	4	0
719	13 30 43 20	2	-1	0
720	23 6 37 24	4	1	0
721	48 32 45 34	4	5	0
722	1 20 14 25	1	-1	0
723	2 40 26 22	1	-1	0
724	3 48 14 36	1	-1	0
725	4 9 48 10	4	1	0
726	31 25 12 40	4	5	0
727	24 42 20 8	3	4	0
728	25 33 30 12	3	2	0
729	3 19 45 13	1	-1	0
730	34 25 37 19	2	-1	0
731	45 23 7 38	4	5	0
732	2 33 38 48	1	-1	0
733	48 23 30 35	3	5	0
734	2 11 10 22	1	-1	0
735	3 47 25 13	1	-1	0
736	24 31 19 20	4	1	0
737	41 47 5 45	2	-1	0
738	49 36 16 8	2	-1	0
739	25 36 27 29	2	-1	0
740	6 24 33 37	4	5	0
741	26 44 5 37	2	-1	0
742	7 43 17 5	2	-1	0
743	3 28 34 11	1	-1	0
744	16 33 6 8	4	5	0
745	28 41 21 25	3	5	0
746	50 13 20 14	4	2	0
747	22 7 9 34	2	-1	0
748	1 32 21 20	1	-1	0
749	17 34 19 14	4	5	0
750	49 16 8 26	2	-1	0
