Class Times	5
Rooms	40
1	32	A	0
2	83	A	1
3	74	C	0
4	11	C	0
5	31	B	0
6	86	B	0
7	21	A	0
8	40	A	1
9	49	B	1
10	46	A	1
11	56	B	0
12	83	A	1
13	31	B	0
14	97	C	1
15	20	B	0
16	13	C	1
17	32	C	0
18	54	B	0
19	32	C	0
20	49	B	1
21	36	B	0
22	43	B	1
23	42	B	0
24	64	C	1
25	30	C	1
26	69	A	0
27	45	B	1
28	41	A	0
29	48	A	1
30	99	A	1
31	74	C	0
32	49	B	1
33	81	A	1
34	21	A	1
35	47	B	1
36	40	C	1
37	19	A	0
38	25	A	1
39	65	C	0
40	36	B	1
Classes	50
Teachers	25
1	2	5	C	1
2	10	3	C	1
3	18	4	C	1
4	25	1	A	0
5	3	3	C	0
6	6	5	C	0
7	22	4	C	0
8	11	4	C	0
9	5	2	B	0
10	4	1	A	0
11	4	2	B	0
12	8	4	C	0
13	2	3	C	0
14	23	5	C	0
15	17	2	B	0
16	24	1	A	0
17	25	2	B	0
18	23	4	C	0
19	17	3	C	0
20	10	5	C	0
21	8	4	C	0
22	16	1	A	0
23	21	2	B	0
24	20	1	A	0
25	20	5	C	0
26	1	4	C	0
27	21	5	C	0
28	24	2	B	0
29	15	1	A	0
30	15	3	C	0
31	12	4	C	0
32	13	1	A	0
33	11	4	C	0
34	18	4	C	0
35	3	3	C	0
36	9	5	C	0
37	22	5	C	0
38	13	2	B	0
39	6	3	C	0
40	1	5	C	0
41	5	5	C	0
42	19	4	C	0
43	16	3	C	0
44	7	5	C	0
45	7	3	C	0
46	14	3	C	0
47	12	4	C	0
48	9	1	A	0
49	19	5	C	0
50	14	3	C	0
