Students	500
1	1 11 44 43	1	-1	0
2	1 16 10 41	1	-1	0
3	19 26 21 22	2	-1	0
4	2 50 7 13	1	-1	0
5	5 24 8 6	3	3	0
6	50 12 23 24	2	-1	0
7	34 26 7 38	2	-1	0
8	5 37 15 46	3	4	0
9	28 31 25 35	2	-1	0
10	26 16 5 34	4	3	0
11	8 26 40 44	2	-1	0
12	10 14 27 41	3	5	0
13	31 26 25 27	2	-1	0
14	1 38 13 24	1	-1	0
15	1 12 31 6	1	-1	0
16	1 11 28 25	1	-1	0
17	10 33 16 7	4	4	0
18	6 32 19 11	2	-1	0
19	1 36 41 16	1	-1	0
20	3 33 20 27	1	-1	0
21	11 26 19 38	2	-1	0
22	2 25 14 20	1	-1	0
23	45 23 33 15	4	5	0
24	36 13 35 46	2	-1	0
25	13 12 22 33	3	5	0
26	2 30 12 13	1	-1	0
27	31 5 25 7	3	5	0
28	29 44 46 40	4	2	0
29	18 34 24 12	4	3	0
30	32 10 35 14	2	-1	0
31	1 21 33 15	1	-1	0
32	26 7 25 10	2	-1	0
33	12 50 11 17	2	-1	0
34	1 22 24 26	1	-1	0
35	44 26 16 14	2	-1	0
36	36 11 24 41	2	-1	0
37	1 12 35 20	1	-1	0
38	3 18 42 41	1	-1	0
39	47 35 32 39	3	5	0
40	43 47 17 15	3	5	0
41	1 20 7 13	1	-1	0
42	1 18 24 50	1	-1	0
43	42 29 9 14	4	1	0
44	34 40 38 8	4	1	0
45	46 27 21 31	4	5	0
46	10 7 11 35	3	2	0
47	33 43 19 25	4	3	0
48	9 32 22 49	4	2	0
49	9 18 13 45	2	-1	0
50	15 17 16 45	4	1	0
51	30 27 33 35	4	1	0
52	44 36 48 46	4	2	0
53	1 16 8 40	1	-1	0
54	3 13 7 28	1	-1	0
55	8 36 44 26	4	3	0
56	43 33 21 4	4	1	0
57	46 38 12 27	4	2	0
58	5 50 11 23	3	4	0
59	1 42 41 44	1	-1	0
60	2 6 10 43	1	-1	0
61	8 9 26 6	2	-1	0
62	26 50 42 49	2	-1	0
63	14 38 40 36	4	1	0
64	32 4 9 19	4	4	0
65	37 9 50 7	3	5	0
66	25 26 44 10	3	1	0
67	1 46 29 7	1	-1	0
68	12 25 27 20	3	1	0
69	2 37 38 11	1	-1	0
70	9 28 25 13	3	5	0
71	10 22 32 36	3	1	0
72	22 26 33 7	4	3	0
73	49 38 5 8	2	-1	0
74	46 41 22 27	4	3	0
75	1 28 45 15	1	-1	0
76	1 20 10 40	1	-1	0
77	22 7 10 6	4	2	0
78	8 5 13 34	3	2	0
79	4 20 6 34	4	3	0
80	31 10 19 22	2	-1	0
81	33 41 5 7	4	2	0
82	33 37 38 35	2	-1	0
83	47 11 41 34	4	1	0
84	46 23 10 34	3	5	0
85	1 6 7 33	1	-1	0
86	12 32 5 6	3	1	0
87	24 32 13 11	2	-1	0
88	38 46 14 16	4	1	0
89	2 15 38 50	1	-1	0
90	43 25 29 24	2	-1	0
91	23 43 12 27	2	-1	0
92	1 31 35 34	1	-1	0
93	26 21 44 13	3	4	0
94	19 24 12 6	4	3	0
95	33 16 32 50	3	4	0
96	29 21 17 45	4	4	0
97	28 43 10 36	2	-1	0
98	3 49 39 41	1	-1	0
99	6 25 15 34	4	2	0
100	22 49 14 17	2	-1	0
101	5 36 6 16	4	3	0
102	1 22 32 6	1	-1	1
103	45 17 4 14	3	2	0
104	41 16 20 29	4	2	0
105	2 17 49 29	1	-1	0
106	17 39 35 5	4	5	0
107	29 16 25 30	4	5	0
108	5 31 43 13	3	1	0
109	1 45 4 37	1	-1	0
110	19 8 26 6	3	2	0
111	1 40 7 31	1	-1	0
112	18 41 15 28	4	4	0
113	16 14 17 44	4	2	0
114	24 18 25 27	4	1	0
115	26 5 11 46	3	2	0
116	2 28 26 44	1	-1	0
117	3 23 41 28	1	-1	0
118	22 24 9 28	2	-1	0
119	2 7 46 28	1	-1	0
120	42 36 41 35	2	-1	0
121	3 47 6 43	1	-1	0
122	21 22 11 6	4	2	0
123	48 30 9 10	2	-1	0
124	42 30 13 4	3	5	0
125	44 37 22 30	2	-1	0
126	37 46 17 28	2	-1	0
127	39 9 36 28	2	-1	0
128	3 36 48 38	1	-1	0
129	30 42 20 47	4	2	0
130	15 46 23 13	2	-1	0
131	5 15 33 7	4	1	0
132	40 27 25 34	3	4	0
133	17 7 21 34	4	4	0
134	44 15 38 4	4	3	0
135	34 38 16 50	2	-1	0
136	46 50 36 45	4	3	0
137	14 17 49 47	2	-1	0
138	2 38 9 32	1	-1	0
139	2 35 40 14	1	-1	0
140	1 21 39 37	1	-1	0
141	27 7 14 9	2	-1	0
142	3 5 4 28	1	-1	0
143	23 34 28 12	2	-1	0
144	50 48 8 26	2	-1	0
145	9 35 15 24	2	-1	0
146	8 7 37 11	4	1	0
147	2 21 26 43	1	-1	0
148	44 19 34 43	2	-1	0
149	27 35 5 11	4	1	0
150	47 48 24 40	4	5	0
151	10 4 17 28	2	-1	0
152	45 27 48 13	3	2	0
153	19 12 20 18	2	-1	0
154	20 21 28 44	3	3	0
155	24 7 38 18	4	2	0
156	40 32 26 41	4	5	0
157	13 4 25 15	2	-1	0
158	3 21 49 46	1	-1	0
159	13 49 30 31	2	-1	0
160	41 31 24 36	2	-1	0
161	39 34 33 45	3	1	0
162	1 17 41 25	1	-1	0
163	48 34 6 44	4	3	0
164	49 27 34 26	4	3	0
165	40 19 11 31	2	-1	0
166	14 15 16 34	2	-1	0
167	3 20 7 44	1	-1	0
168	2 20 42 19	1	-1	0
169	29 25 14 49	2	-1	0
170	26 17 27 21	3	1	0
171	2 5 39 26	1	-1	0
172	3 15 45 34	1	-1	0
173	2 38 32 11	1	-1	0
174	19 50 25 23	4	5	0
175	37 17 30 26	2	-1	0
176	2 13 26 30	1	-1	0
177	2 47 29 14	1	-1	0
178	2 27 46 20	1	-1	0
179	42 19 39 31	3	2	0
180	40 5 35 44	4	4	0
181	17 27 31 25	4	4	0
182	19 35 50 47	4	3	0
183	3 35 42 46	1	-1	0
184	5 8 25 42	2	-1	0
185	3 25 10 41	1	-1	0
186	49 33 36 20	2	-1	0
187	6 5 11 17	4	4	1
188	23 32 49 25	2	-1	0
189	32 31 28 15	3	1	0
190	1 23 11 24	1	-1	0
191	1 30 24 31	1	-1	0
192	24 17 18 7	3	5	0
193	47 50 37 42	4	4	0
194	1 10 49 33	1	-1	0
195	3 45 33 48	1	-1	0
196	15 39 11 12	2	-1	0
197	2 19 46 17	1	-1	0
198	37 21 17 15	4	3	0
199	20 36 23 32	4	3	0
200	1 33 38 17	1	-1	0
201	40 42 9 8	4	2	0
202	26 39 47 23	4	4	0
203	17 9 16 39	3	1	0
204	12 45 23 10	3	3	0
205	6 11 37 30	3	3	0
206	13 49 28 35	3	1	0
207	24 34 40 29	2	-1	0
208	36 47 44 30	4	3	0
209	16 21 11 23	4	2	0
210	2 15 37 30	1	-1	0
211	1 23 10 34	1	-1	0
212	3 4 24 46	1	-1	0
213	2 11 7 33	1	-1	0
214	19 36 20 25	4	1	0
215	7 21 29 5	3	1	0
216	1 49 45 33	1	-1	0
217	3 32 36 7	1	-1	0
218	18 43 17 25	4	1	1
219	32 28 48 38	2	-1	0
220	8 35 32 12	4	3	0
221	43 27 29 15	4	5	0
222	50 28 38 45	2	-1	0
223	47 19 42 22	3	1	0
224	46 37 10 49	3	5	0
225	27 7 10 32	3	5	0
226	1 23 46 38	1	-1	0
227	13 15 34 42	4	4	0
228	30 16 14 25	2	-1	0
229	46 19 42 12	4	1	0
230	36 29 12 5	4	3	0
231	3 30 39 19	1	-1	0
232	9 36 7 27	4	1	0
233	10 30 14 15	2	-1	0
234	42 44 19 11	3	5	0
235	1 47 16 33	1	-1	0
236	5 17 19 44	3	4	0
237	2 13 31 50	1	-1	0
238	39 18 26 46	3	5	0
239	3 9 37 18	1	-1	0
240	15 41 5 6	3	5	0
241	46 21 26 5	3	5	0
242	22 42 38 40	3	4	0
243	2 40 29 24	1	-1	0
244	21 47 6 31	4	5	0
245	27 16 45 37	2	-1	0
246	48 37 8 34	3	3	0
247	29 4 24 50	3	2	0
248	19 17 16 7	3	1	0
249	14 43 36 39	4	4	0
250	49 11 7 30	2	-1	0
251	44 20 11 9	3	1	0
252	23 14 10 43	4	3	0
253	14 6 7 13	3	4	0
254	12 19 11 48	3	4	0
255	6 31 42 50	2	-1	0
256	8 10 31 50	3	4	0
257	2 10 22 48	1	-1	0
258	46 7 31 50	2	-1	0
259	18 41 17 8	3	2	0
260	24 27 39 4	3	5	0
261	10 16 36 20	4	4	0
262	46 16 13 24	2	-1	0
263	5 47 21 34	4	1	0
264	18 36 35 10	2	-1	0
265	1 14 42 10	1	-1	0
266	20 36 37 25	4	4	0
267	2 8 49 20	1	-1	0
268	46 34 31 6	3	4	0
269	26 28 14 40	3	5	0
270	41 45 18 21	2	-1	0
271	11 7 45 46	3	5	0
272	3 17 14 2	1	-1	0
273	9 20 22 6	4	1	0
274	49 46 26 21	4	5	0
275	1 46 44 48	1	-1	0
276	2 24 7 26	1	-1	0
277	28 31 15 30	3	3	0
278	9 4 50 38	3	5	0
279	42 39 36 46	4	3	0
280	37 7 26 27	4	3	0
281	22 45 6 10	3	4	0
282	44 10 29 45	3	2	0
283	18 50 21 24	3	5	0
284	3 4 22 5	1	-1	0
285	22 13 4 39	2	-1	0
286	14 4 26 10	2	-1	0
287	3 49 42 39	1	-1	0
288	1 28 42 31	1	-1	0
289	30 36 46 40	4	5	0
290	31 12 19 35	4	5	0
291	46 25 18 16	3	2	0
292	2 8 7 20	1	-1	0
293	3 38 28 21	1	-1	1
294	5 46 42 8	2	-1	0
295	38 35 20 37	3	4	0
296	21 41 39 13	3	3	0
297	33 20 38 11	2	-1	0
298	36 4 27 32	2	-1	0
299	26 22 34 46	4	1	0
300	16 38 23 8	3	2	0
301	29 18 40 41	2	-1	0
302	35 14 19 18	3	5	0
303	32 15 37 4	2	-1	0
304	11 27 24 31	2	-1	0
305	47 24 21 45	3	3	0
306	38 49 37 9	2	-1	0
307	8 24 38 28	4	5	0
308	18 46 6 27	2	-1	0
309	38 18 14 28	3	1	0
310	50 22 41 16	4	3	0
311	2 28 5 16	1	-1	0
312	34 33 4 49	4	1	0
313	28 8 40 29	2	-1	0
314	42 44 8 43	3	1	0
315	30 17 23 19	3	5	0
316	44 49 41 7	3	1	0
317	17 15 28 12	4	2	0
318	40 45 50 22	3	3	0
319	42 31 28 16	2	-1	0
320	44 32 35 5	4	1	0
321	39 12 7 2	2	-1	0
322	2 15 7 4	1	-1	0
323	35 44 16 22	4	4	0
324	40 37 50 46	2	-1	0
325	1 4 11 15	1	-1	0
326	32 34 33 35	4	2	0
327	36 22 25 12	4	2	0
328	26 45 16 14	2	-1	0
329	23 31 49 42	4	5	0
330	30 19 8 32	3	1	0
331	2 20 5 12	1	-1	0
332	34 7 31 6	3	2	0
333	3 7 34 4	1	-1	0
334	16 42 39 45	2	-1	0
335	14 47 44 4	4	4	0
336	3 15 42 18	1	-1	0
337	3 35 40 50	1	-1	0
338	28 39 42 11	4	5	0
339	37 47 4 33	4	4	0
340	14 13 19 4	4	4	0
341	49 37 15 40	3	2	0
342	39 33 29 27	2	-1	0
343	9 42 4 44	3	4	0
344	21 13 50 45	3	1	0
345	1 28 10 16	1	-1	0
346	16 28 17 15	4	5	0
347	30 47 12 23	3	3	0
348	48 10 20 40	3	1	0
349	2 24 17 8	1	-1	0
350	27 9 50 33	4	5	0
351	14 10 50 35	2	-1	0
352	35 34 18 45	2	-1	0
353	2 6 41 14	1	-1	0
354	43 8 5 34	2	-1	0
355	1 28 47 6	1	-1	0
356	1 13 24 34	1	-1	0
357	30 11 7 47	2	-1	0
358	12 36 15 39	2	-1	0
359	3 49 14 16	1	-1	0
360	39 29 31 35	3	3	0
361	38 12 37 47	3	5	0
362	11 46 41 35	3	2	0
363	36 31 9 8	4	3	0
364	15 45 4 11	4	4	0
365	3 19 50 28	1	-1	0
366	33 16 21 44	3	2	0
367	11 21 14 43	2	-1	0
368	27 32 37 18	2	-1	0
369	9 21 23 47	2	-1	0
370	50 14 37 17	4	3	0
371	2 50 18 49	1	-1	0
372	23 27 16 37	2	-1	0
373	22 38 32 39	3	2	0
374	5 20 37 10	2	-1	0
375	39 47 31 20	4	5	0
376	14 25 50 38	3	5	0
377	2 8 30 7	1	-1	0
378	21 23 13 5	2	-1	0
379	30 48 35 20	3	5	0
380	1 10 30 43	1	-1	0
381	3 7 9 26	1	-1	0
382	4 6 24 40	2	-1	0
383	3 7 38 25	1	-1	0
384	3 28 16 19	1	-1	0
385	36 6 42 10	3	3	0
386	45 4 43 26	4	3	0
387	3 38 50 36	1	-1	0
388	2 38 44 42	1	-1	0
389	48 16 23 49	4	2	0
390	39 40 17 49	3	2	0
391	33 8 43 26	2	-1	0
392	48 34 24 43	2	-1	0
393	46 12 45 7	4	3	0
394	40 36 22 32	3	1	0
395	3 36 35 27	1	-1	0
396	48 43 7 34	4	2	0
397	42 26 34 13	4	3	0
398	22 21 50 14	3	1	0
399	2 35 37 29	1	-1	0
400	24 33 47 34	4	3	0
401	1 7 45 20	1	-1	0
402	3 47 6 42	1	-1	0
403	24 50 30 21	4	4	0
404	48 6 13 37	3	5	0
405	48 7 36 18	3	5	0
406	22 34 27 26	3	1	0
407	3 49 11 29	1	-1	0
408	19 13 14 30	4	2	0
409	17 27 34 43	2	-1	0
410	1 31 24 32	1	-1	0
411	1 14 4 8	1	-1	0
412	18 21 31 40	2	-1	0
413	3 30 18 8	1	-1	0
414	27 21 19 41	3	1	0
415	45 24 40 12	2	-1	0
416	8 27 36 2	3	3	0
417	41 21 24 36	4	5	0
418	1 44 3 12	1	-1	0
419	19 39 9 49	4	3	0
420	23 41 12 14	2	-1	0
421	16 41 12 28	4	3	0
422	50 16 39 20	2	-1	0
423	36 18 41 31	3	3	0
424	35 9 8 38	3	2	0
425	28 44 13 11	2	-1	0
426	8 43 22 14	3	4	0
427	15 16 45 17	2	-1	0
428	3 23 32 43	1	-1	0
429	46 11 33 39	3	2	0
430	39 13 50 9	4	3	0
431	42 20 11 43	2	-1	0
432	15 8 12 22	4	4	0
433	5 30 41 24	3	1	0
434	2 20 8 21	1	-1	0
435	25 15 8 38	4	5	0
436	15 47 46 37	3	3	0
437	47 19 36 32	3	4	0
438	41 47 38 14	3	2	0
439	23 22 16 37	4	1	0
440	3 49 44 15	1	-1	0
441	31 27 5 38	4	5	0
442	35 30 11 23	3	3	0
443	8 50 29 49	3	1	0
444	31 15 14 24	4	1	0
445	3 47 27 22	1	-1	0
446	39 10 40 47	3	5	0
447	1 17 21 22	1	-1	0
448	20 24 19 31	3	2	0
449	41 27 29 28	3	2	0
450	12 45 42 21	2	-1	0
451	43 24 48 47	2	-1	0
452	4 12 14 17	3	3	0
453	1 47 18 37	1	-1	0
454	5 41 10 12	3	5	0
455	1 46 9 26	1	-1	0
456	24 35 47 38	2	-1	0
457	38 10 12 34	2	-1	0
458	5 37 13 27	4	2	0
459	30 19 29 6	2	-1	0
460	10 4 11 35	4	5	0
461	37 19 9 50	3	3	0
462	50 43 48 23	3	2	0
463	42 9 33 46	3	3	0
464	18 10 4 23	3	1	0
465	28 32 26 49	3	4	0
466	40 21 31 14	4	5	0
467	3 35 20 46	1	-1	0
468	33 28 27 14	3	2	0
469	12 22 39 10	2	-1	0
470	28 36 30 48	3	4	0
471	3 48 13 17	1	-1	0
472	2 21 27 12	1	-1	0
473	36 11 8 34	2	-1	0
474	46 36 48 24	3	5	0
475	30 28 34 48	2	-1	0
476	49 46 43 26	4	2	0
477	46 13 4 14	3	1	0
478	31 46 4 40	3	4	0
479	18 28 35 49	2	-1	0
480	37 19 11 6	3	5	0
481	15 22 41 33	4	2	0
482	13 47 19 27	2	-1	0
483	22 36 18 34	3	3	0
484	27 43 13 50	3	2	0
485	5 22 25 44	4	4	0
486	2 17 5 46	1	-1	0
487	24 19 26 42	2	-1	0
488	12 10 24 5	4	3	0
489	15 26 41 36	4	1	0
490	15 28 46 6	3	1	0
491	1 33 27 26	1	-1	0
492	30 15 5 16	2	-1	0
493	22 21 30 9	2	-1	0
494	39 26 13 22	2	-1	0
495	46 18 14 4	3	1	0
496	31 36 35 33	3	4	0
497	2 5 43 44	1	-1	0
498	13 45 41 43	4	2	0
499	43 46 47 34	2	-1	0
500	6 26 14 27	4	5	0
