Students	500
1	2 7 46 39	1	-1	0
2	16 37 15 40	2	-1	0
3	1 7 20 18	1	-1	0
4	18 49 12 30	3	4	0
5	30 27 35 17	4	5	0
6	47 30 37 50	4	1	0
7	48 23 22 18	3	1	0
8	1 8 47 36	1	-1	0
9	50 13 6 28	3	2	0
10	10 43 5 11	4	3	0
11	1 46 14 50	1	-1	0
12	30 17 21 44	2	-1	0
13	49 37 24 32	2	-1	0
14	32 36 23 5	3	1	0
15	20 36 9 29	2	-1	0
16	19 36 17 10	3	5	0
17	36 30 14 12	2	-1	0
18	18 23 42 30	4	5	0
19	19 46 41 37	3	3	0
20	2 15 14 33	1	-1	0
21	30 9 15 6	4	3	0
22	4 48 35 46	4	2	0
23	3 44 8 49	1	-1	0
24	29 39 33 35	4	5	0
25	3 36 29 32	1	-1	0
26	38 17 21 24	3	4	0
27	30 39 7 20	2	-1	0
28	47 9 43 33	4	5	0
29	13 10 46 15	2	-1	0
30	3 39 44 31	1	-1	0
31	8 10 29 4	3	2	0
32	10 7 40 29	3	3	0
33	4 49 42 24	2	-1	0
34	7 35 26 38	2	-1	0
35	17 16 36 45	3	4	0
36	46 4 29 6	3	3	0
37	1 19 34 45	1	-1	0
38	2 44 33 16	1	-1	0
39	15 12 44 39	2	-1	0
40	8 30 47 36	4	1	0
41	25 11 41 19	2	-1	0
42	4 48 18 32	3	1	0
43	46 14 36 33	3	1	0
44	6 44 40 18	2	-1	0
45	21 50 16 15	3	4	0
46	38 12 13 9	4	4	0
47	1 33 40 12	1	-1	0
48	32 43 36 20	4	3	0
49	47 39 50 14	4	2	0
50	2 33 24 5	1	-1	0
51	44 49 40 27	4	3	0
52	17 26 48 30	4	3	0
53	39 29 25 36	3	3	0
54	20 26 38 16	3	1	0
55	31 47 40 23	4	5	0
56	11 33 7 22	2	-1	0
57	2 13 35 28	1	-1	0
58	2 18 22 32	1	-1	0
59	2 39 15 38	1	-1	0
60	10 33 34 13	4	3	0
61	10 20 22 14	3	3	0
62	24 8 13 20	2	-1	0
63	17 35 11 7	3	1	0
64	12 20 23 30	2	-1	0
65	12 14 44 36	2	-1	0
66	2 15 50 48	1	-1	0
67	23 48 6 38	4	2	0
68	40 48 19 7	4	3	0
69	10 16 36 26	3	4	0
70	1 40 14 34	1	-1	0
71	44 47 5 25	4	3	0
72	45 39 18 20	3	3	0
73	1 27 14 5	1	-1	0
74	3 42 35 49	1	-1	0
75	3 31 8 27	1	-1	0
76	25 26 6 10	4	3	0
77	26 49 25 17	3	1	0
78	1 11 23 4	1	-1	0
79	18 38 40 4	3	4	0
80	30 40 14 28	4	5	0
81	20 12 19 8	3	4	0
82	27 25 15 34	2	-1	0
83	7 29 28 17	2	-1	0
84	35 34 8 38	4	5	0
85	7 34 43 20	2	-1	0
86	46 30 21 5	2	-1	0
87	9 5 21 13	4	3	0
88	10 8 7 25	3	5	0
89	1 7 16 35	1	-1	0
90	1 16 23 37	1	-1	0
91	2 4 35 20	1	-1	0
92	10 7 27 9	3	3	1
93	3 49 46 24	1	-1	0
94	3 43 4 16	1	-1	0
95	5 39 47 24	2	-1	0
96	38 4 7 25	4	4	0
97	40 25 8 16	4	2	0
98	19 25 5 35	3	4	0
99	23 10 5 6	4	3	0
100	37 5 50 33	2	-1	0
101	45 12 38 34	3	5	0
102	36 37 5 45	4	2	0
103	14 47 33 27	3	4	0
104	24 26 8 20	2	-1	0
105	22 36 48 41	4	4	0
106	2 9 39 10	1	-1	0
107	23 6 24 39	2	-1	0
108	29 11 10 34	4	3	0
109	24 26 11 23	3	4	0
110	38 12 19 35	4	5	0
111	3 15 11 12	1	-1	0
112	49 26 9 16	2	-1	0
113	37 43 34 48	3	4	0
114	3 35 41 33	1	-1	0
115	20 30 22 11	4	4	0
116	45 9 4 14	3	1	0
117	36 21 40 39	2	-1	0
118	16 43 26 33	4	4	0
119	5 30 48 37	3	1	0
120	43 22 50 26	4	4	0
121	47 18 34 12	4	2	0
122	37 15 18 27	2	-1	0
123	14 15 21 34	3	3	0
124	2 47 45 12	1	-1	0
125	2 16 36 44	1	-1	0
126	45 20 28 47	4	2	0
127	3 46 26 15	1	-1	0
128	15 9 32 50	4	2	0
129	14 22 27 9	3	1	0
130	1 5 17 14	1	-1	0
131	3 41 6 34	1	-1	0
132	48 7 47 24	2	-1	0
133	32 22 34 50	3	3	0
134	4 29 16 42	2	-1	0
135	9 24 29 5	2	-1	0
136	6 5 16 23	4	5	0
137	50 11 42 34	3	4	0
138	7 9 4 13	2	-1	0
139	1 49 35 28	1	-1	0
140	4 48 47 18	3	3	1
141	2 17 36 23	1	-1	0
142	2 5 14 4	1	-1	0
143	50 4 16 19	3	2	0
144	46 8 34 38	2	-1	0
145	20 41 36 8	2	-1	0
146	36 49 6 28	2	-1	0
147	5 46 22 44	3	2	0
148	13 45 47 24	4	4	0
149	7 29 28 35	3	2	0
150	39 29 13 41	3	2	0
151	22 30 34 8	3	5	0
152	50 5 33 38	3	3	0
153	1 35 40 4	1	-1	0
154	1 42 31 13	1	-1	0
155	2 30 41 18	1	-1	0
156	3 37 10 25	1	-1	0
157	27 23 26 31	4	2	0
158	2 4 44 17	1	-1	0
159	49 35 6 50	2	-1	0
160	16 27 23 12	4	4	0
161	8 25 38 41	4	3	0
162	16 15 36 7	3	3	0
163	50 5 10 36	4	2	0
164	39 15 17 21	2	-1	0
165	8 14 50 10	2	-1	0
166	2 6 7 34	1	-1	0
167	3 50 29 48	1	-1	0
168	3 31 1 49	1	-1	0
169	29 28 10 11	4	4	0
170	44 24 36 37	3	3	0
171	30 35 40 29	4	3	0
172	24 42 22 23	3	5	0
173	35 18 40 5	3	1	0
174	1 6 11 20	1	-1	0
175	16 17 22 30	4	2	0
176	47 44 40 8	2	-1	0
177	37 41 48 28	2	-1	0
178	6 41 40 50	3	2	0
179	12 50 48 47	3	3	0
180	3 34 25 27	1	-1	0
181	47 19 30 20	4	3	0
182	36 29 22 40	2	-1	0
183	39 12 50 21	2	-1	0
184	1 8 12 41	1	-1	0
185	1 45 33 24	1	-1	0
186	4 21 39 20	2	-1	0
187	18 21 34 38	4	4	0
188	24 39 48 45	2	-1	0
189	13 12 37 8	3	4	0
190	5 32 19 45	2	-1	0
191	45 47 48 49	2	-1	0
192	39 10 19 41	3	4	0
193	37 23 17 19	2	-1	0
194	45 46 14 17	2	-1	0
195	21 44 47 29	3	2	0
196	50 13 26 15	3	2	0
197	1 21 32 8	1	-1	0
198	37 43 11 13	4	4	1
199	13 41 18 24	3	1	0
200	21 10 9 44	3	5	0
201	22 49 36 35	2	-1	0
202	34 46 14 49	2	-1	0
203	40 20 49 9	2	-1	0
204	9 17 11 5	2	-1	0
205	1 44 43 41	1	-1	0
206	13 29 5 25	3	2	0
207	2 24 20 27	1	-1	0
208	36 28 22 32	4	2	0
209	38 37 48 29	3	2	0
210	42 30 37 41	4	2	0
211	3 29 16 47	1	-1	0
212	3 14 18 37	1	-1	0
213	8 50 27 17	3	2	0
214	49 29 10 17	3	4	0
215	13 20 10 24	3	3	0
216	2 39 41 13	1	-1	0
217	30 44 34 22	4	1	0
218	45 27 22 26	4	2	0
219	13 47 14 31	3	1	0
220	28 20 40 38	2	-1	0
221	26 29 21 16	2	-1	0
222	2 50 19 13	1	-1	0
223	23 4 41 50	3	5	0
224	11 27 49 15	3	1	0
225	28 27 11 33	3	3	0
226	32 41 45 35	2	-1	0
227	13 30 12 24	2	-1	0
228	23 34 4 19	3	2	0
229	43 24 17 31	3	2	0
230	38 28 15 16	3	5	0
231	39 44 24 45	4	5	0
232	48 19 15 44	2	-1	0
233	48 31 15 44	2	-1	0
234	44 34 39 38	2	-1	0
235	37 5 40 34	4	4	0
236	25 40 50 43	3	4	0
237	25 30 21 20	4	1	0
238	12 43 42 7	4	5	0
239	3 17 48 32	1	-1	0
240	43 8 5 20	3	3	0
241	24 44 21 27	4	1	0
242	34 40 16 22	3	3	0
243	2 41 27 39	1	-1	0
244	44 17 50 24	3	1	0
245	6 30 37 4	2	-1	0
246	1 19 15 40	1	-1	0
247	11 4 27 16	4	3	0
248	46 12 42 39	2	-1	1
249	35 38 14 37	4	3	0
250	50 29 10 44	2	-1	0
251	2 24 39 8	1	-1	0
252	47 35 33 24	3	3	0
253	3 12 23 34	1	-1	0
254	48 38 35 19	4	1	0
255	2 30 33 4	1	-1	0
256	1 18 47 15	1	-1	0
257	34 35 29 23	4	4	0
258	5 23 12 47	4	5	0
259	23 14 20 31	2	-1	0
260	34 30 26 27	2	-1	0
261	44 13 50 21	4	1	0
262	36 42 5 40	3	5	0
263	17 48 46 50	3	3	0
264	1 31 29 11	1	-1	0
265	33 5 31 16	4	5	0
266	2 19 26 41	1	-1	0
267	25 48 30 6	2	-1	0
268	27 43 37 42	4	3	0
269	17 9 41 34	4	2	0
270	3 39 23 10	1	-1	0
271	26 25 9 30	2	-1	0
272	44 38 22 45	3	4	0
273	2 31 36 48	1	-1	0
274	1 41 47 33	1	-1	0
275	1 47 29 9	1	-1	0
276	3 36 5 26	1	-1	0
277	7 29 17 37	4	2	0
278	5 27 34 31	2	-1	0
279	50 38 47 12	3	5	0
280	32 40 34 4	3	4	0
281	1 23 16 47	1	-1	0
282	7 26 32 22	4	1	0
283	48 41 31 6	3	5	1
284	43 7 11 48	4	3	0
285	1 5 43 49	1	-1	0
286	18 7 15 45	2	-1	0
287	4 49 6 26	2	-1	0
288	20 26 21 8	4	1	0
289	2 5 31 4	1	-1	0
290	4 31 16 27	4	3	0
291	22 33 12 14	2	-1	0
292	2 47 11 19	1	-1	0
293	1 46 36 15	1	-1	0
294	40 33 42 8	3	2	0
295	1 38 11 25	1	-1	0
296	40 30 9 12	3	1	0
297	39 28 40 44	4	2	0
298	30 5 29 43	2	-1	0
299	13 48 35 45	2	-1	0
300	49 19 7 38	2	-1	0
301	44 7 9 25	2	-1	0
302	21 27 48 36	4	2	0
303	2 14 24 43	1	-1	0
304	42 13 20 7	3	1	0
305	2 43 34 36	1	-1	0
306	47 5 4 40	3	4	0
307	17 30 26 41	3	2	0
308	16 13 30 10	4	3	0
309	28 49 17 34	4	1	0
310	2 16 45 40	1	-1	0
311	2 29 25 40	1	-1	0
312	30 35 16 34	3	2	0
313	48 35 36 50	4	5	0
314	23 47 16 4	4	3	0
315	34 15 9 4	3	3	1
316	3 32 40 22	1	-1	0
317	12 8 46 30	4	1	0
318	44 16 39 31	2	-1	0
319	7 29 5 12	2	-1	0
320	3 40 38 31	1	-1	0
321	13 6 20 34	3	3	0
322	4 5 19 21	4	5	0
323	37 32 26 20	4	3	0
324	19 32 25 44	4	4	0
325	3 9 48 43	1	-1	0
326	3 28 22 12	1	-1	0
327	42 23 49 38	3	3	0
328	5 27 38 49	2	-1	0
329	23 28 34 6	4	2	0
330	1 25 26 32	1	-1	0
331	46 23 31 27	2	-1	0
332	12 33 44 18	2	-1	0
333	2 11 29 43	1	-1	0
334	14 28 5 22	4	1	0
335	4 9 19 29	2	-1	0
336	41 7 25 11	4	4	0
337	1 46 33 8	1	-1	0
338	28 25 27 38	4	2	0
339	35 22 19 26	4	4	0
340	28 44 8 25	3	4	0
341	39 22 19 25	2	-1	0
342	1 7 28 24	1	-1	0
343	40 7 47 46	2	-1	0
344	2 10 30 24	1	-1	0
345	50 32 19 16	3	2	0
346	31 30 15 10	2	-1	0
347	14 36 50 12	2	-1	0
348	2 11 9 16	1	-1	0
349	35 50 49 20	3	1	0
350	47 18 35 12	3	2	0
351	49 30 39 47	4	2	0
352	13 32 23 43	2	-1	0
353	15 17 25 13	3	1	0
354	10 23 44 9	4	4	0
355	17 41 48 23	3	5	0
356	3 28 26 27	1	-1	0
357	45 49 37 3	3	4	0
358	27 41 14 37	4	1	0
359	11 49 14 45	2	-1	0
360	41 36 20 27	3	1	0
361	48 25 42 13	2	-1	0
362	11 7 31 25	3	1	0
363	14 38 24 48	2	-1	0
364	13 18 43 33	2	-1	0
365	46 23 28 7	4	1	0
366	12 35 6 42	2	-1	0
367	27 4 20 24	2	-1	0
368	7 49 4 33	4	3	0
369	3 20 30 40	1	-1	0
370	12 5 36 13	4	5	0
371	46 38 11 41	4	5	0
372	48 25 31 36	2	-1	0
373	26 47 23 31	4	2	0
374	3 25 17 8	1	-1	0
375	48 42 26 17	3	2	0
376	15 43 49 47	3	4	0
377	25 26 16 40	3	5	0
378	26 40 11 29	2	-1	0
379	17 11 37 47	3	5	0
380	46 11 47 34	3	2	0
381	14 12 5 18	2	-1	0
382	34 49 27 26	2	-1	0
383	9 17 41 14	3	5	0
384	21 7 47 6	4	2	0
385	42 21 39 38	2	-1	0
386	24 6 44 28	2	-1	0
387	14 45 49 21	4	4	0
388	50 21 13 24	2	-1	0
389	15 24 32 11	4	3	0
390	18 47 22 40	4	2	0
391	5 23 36 6	4	3	0
392	29 47 4 32	2	-1	0
393	47 15 37 40	4	5	0
394	1 40 24 30	1	-1	0
395	24 35 6 15	3	2	0
396	2 24 21 16	1	-1	0
397	32 36 18 15	4	3	0
398	4 13 40 16	2	-1	0
399	14 21 50 25	2	-1	0
400	28 35 9 5	2	-1	0
401	6 21 8 45	2	-1	0
402	31 30 37 13	2	-1	0
403	15 40 37 9	4	5	0
404	13 18 45 47	3	4	0
405	41 20 31 45	3	1	0
406	44 6 41 11	4	5	0
407	1 16 47 46	1	-1	0
408	49 33 26 35	4	3	0
409	48 50 20 26	4	5	0
410	8 11 22 18	3	3	0
411	50 30 39 43	3	2	0
412	13 21 28 37	4	4	0
413	31 38 41 44	4	3	1
414	39 15 16 31	3	4	0
415	13 31 45 38	4	5	0
416	50 45 18 46	2	-1	0
417	3 18 22 25	1	-1	0
418	10 18 45 7	2	-1	0
419	46 9 41 32	4	5	0
420	47 26 21 20	3	1	0
421	45 7 5 36	4	3	0
422	31 18 8 47	4	4	0
423	1 48 37 4	1	-1	0
424	1 5 40 45	1	-1	0
425	26 39 6 38	4	4	0
426	27 19 16 40	4	2	0
427	3 5 41 6	1	-1	0
428	40 35 19 20	4	4	0
429	6 33 50 34	3	4	0
430	24 20 10 42	3	2	0
431	1 29 26 7	1	-1	0
432	46 40 26 21	4	5	0
433	46 9 5 30	3	3	0
434	13 10 47 24	2	-1	0
435	49 20 15 36	3	4	0
436	2 4 21 27	1	-1	0
437	15 46 45 22	4	5	0
438	32 37 7 6	2	-1	0
439	2 5 11 33	1	-1	0
440	40 13 8 27	2	-1	0
441	20 29 5 11	4	2	0
442	37 7 36 19	4	1	1
443	25 48 22 36	3	1	0
444	20 35 8 21	3	2	0
445	26 48 33 46	3	4	0
446	47 49 37 38	3	3	0
447	49 37 15 27	4	3	0
448	5 30 27 35	3	5	0
449	49 18 42 20	2	-1	0
450	3 47 23 20	1	-1	0
451	2 38 19 36	1	-1	0
452	10 40 42 43	2	-1	0
453	34 31 36 22	3	2	0
454	33 25 29 36	4	3	0
455	3 26 27 47	1	-1	0
456	40 34 29 8	4	1	0
457	24 49 44 27	4	2	0
458	5 39 41 31	3	2	0
459	50 9 39 22	2	-1	0
460	4 31 44 43	3	3	0
461	9 23 30 8	3	5	0
462	36 12 5 33	4	4	0
463	23 12 44 45	3	2	0
464	22 13 37 31	4	5	0
465	49 7 43 41	2	-1	0
466	39 23 36 49	2	-1	0
467	36 17 30 40	3	2	0
468	2 32 13 30	1	-1	0
469	42 31 50 20	3	3	0
470	37 32 14 10	4	2	0
471	16 43 31 7	4	1	0
472	22 34 32 18	4	5	0
473	9 48 22 41	2	-1	0
474	48 28 16 30	2	-1	0
475	22 5 33 31	2	-1	0
476	16 41 44 39	3	5	0
477	33 38 46 6	2	-1	0
478	1 38 23 48	1	-1	0
479	1 7 21 13	1	-1	0
480	1 17 9 45	1	-1	0
481	2 18 17 46	1	-1	0
482	4 45 28 42	4	4	0
483	40 30 16 15	3	3	0
484	2 9 44 37	1	-1	0
485	29 9 21 8	4	3	0
486	2 4 41 8	1	-1	0
487	48 7 12 3	3	3	0
488	19 25 26 16	3	4	1
489	6 27 48 16	3	1	0
490	37 23 35 34	3	2	0
491	26 34 12 10	2	-1	0
492	32 50 46 24	3	5	0
493	14 16 49 12	4	1	0
494	11 17 50 46	4	4	0
495	46 10 38 14	2	-1	0
496	11 8 44 26	4	3	0
497	1 34 21 11	1	-1	0
498	12 27 48 28	2	-1	0
499	4 49 36 16	4	1	0
500	41 38 23 17	2	-1	0
