Students	500
1	37 16 24 13	2	-1	0
2	4 31 49 15	2	-1	0
3	31 33 50 42	2	-1	0
4	41 24 7 10	4	3	0
5	17 37 16 45	2	-1	0
6	11 31 47 39	4	1	0
7	3 20 14 32	1	-1	0
8	36 39 9 21	4	5	0
9	23 8 43 15	3	3	0
10	3 17 35 42	1	-1	0
11	6 11 42 35	3	5	0
12	19 6 40 25	4	5	0
13	32 22 6 15	3	2	0
14	1 18 6 32	1	-1	0
15	41 23 30 24	4	4	0
16	3 21 45 49	1	-1	0
17	43 27 9 29	2	-1	0
18	3 4 24 21	1	-1	0
19	45 30 9 14	4	2	0
20	12 14 7 28	2	-1	0
21	2 33 20 18	1	-1	0
22	13 25 43 6	2	-1	0
23	38 48 46 50	2	-1	0
24	40 50 37 44	2	-1	0
25	3 5 45 11	1	-1	0
26	47 13 45 44	2	-1	0
27	41 8 7 32	4	1	0
28	2 46 21 23	1	-1	0
29	2 32 20 9	1	-1	0
30	25 32 21 24	4	3	0
31	8 33 43 15	4	5	0
32	33 40 18 41	2	-1	0
33	8 25 49 40	3	5	0
34	4 15 16 31	2	-1	0
35	34 41 17 49	4	2	0
36	26 29 49 15	3	3	0
37	41 7 32 20	2	-1	0
38	3 26 42 14	1	-1	0
39	28 26 41 47	3	1	1
40	6 15 49 45	3	1	0
41	35 31 32 8	2	-1	0
42	6 31 16 7	3	4	0
43	27 5 37 36	3	1	0
44	29 8 36 15	2	-1	0
45	18 5 45 43	3	3	0
46	3 50 36 38	1	-1	0
47	2 25 5 39	1	-1	0
48	14 40 15 39	2	-1	0
49	18 12 31 20	2	-1	0
50	37 11 43 47	4	3	0
51	31 7 41 44	2	-1	0
52	3 9 20 31	1	-1	0
53	1 29 47 36	1	-1	0
54	8 11 6 25	4	2	0
55	2 32 37 31	1	-1	0
56	6 41 15 39	4	5	0
57	30 10 5 42	2	-1	0
58	5 28 13 26	2	-1	0
59	41 39 26 8	4	1	0
60	44 9 35 50	2	-1	0
61	2 50 36 48	1	-1	0
62	3 46 36 11	1	-1	0
63	27 19 47 38	3	3	0
64	25 39 6 38	4	5	0
65	1 18 19 44	1	-1	0
66	22 19 46 38	2	-1	0
67	42 6 9 48	3	3	0
68	1 30 8 21	1	-1	0
69	22 13 11 36	4	2	0
70	37 45 11 50	2	-1	0
71	23 37 32 33	2	-1	0
72	12 46 9 22	3	2	0
73	41 26 31 46	2	-1	0
74	7 34 38 47	3	3	0
75	44 22 38 31	2	-1	0
76	21 24 42 20	2	-1	0
77	15 35 22 47	2	-1	0
78	1 19 49 33	1	-1	0
79	9 19 36 47	2	-1	0
80	11 22 15 39	4	1	0
81	3 34 43 10	1	-1	0
82	3 20 8 27	1	-1	0
83	37 7 23 38	2	-1	0
84	32 50 40 29	2	-1	0
85	26 35 22 47	3	4	0
86	2 8 6 35	1	-1	0
87	3 24 43 45	1	-1	0
88	44 41 48 25	2	-1	0
89	8 32 21 40	4	1	0
90	15 3 4 8	2	-1	0
91	9 42 7 26	2	-1	0
92	40 26 32 10	4	3	0
93	36 29 38 17	3	5	0
94	23 25 30 15	3	4	0
95	1 7 18 40	1	-1	0
96	4 40 42 28	2	-1	0
97	38 43 33 31	4	1	0
98	29 40 11 38	4	1	0
99	35 14 21 4	2	-1	0
100	7 39 10 11	3	5	0
101	30 25 43 26	2	-1	0
102	42 43 40 41	4	1	0
103	7 16 30 37	3	4	0
104	3 14 16 33	1	-1	0
105	17 35 45 38	4	3	0
106	50 31 22 26	4	2	0
107	34 20 10 38	4	3	0
108	5 9 32 47	2	-1	0
109	49 26 44 25	2	-1	0
110	2 31 23 47	1	-1	0
111	19 45 17 35	4	3	0
112	1 17 45 6	1	-1	0
113	1 34 23 14	1	-1	0
114	38 29 44 41	3	5	0
115	24 6 15 44	3	1	0
116	2 50 19 7	1	-1	0
117	2 44 7 9	1	-1	0
118	15 26 35 44	2	-1	0
119	40 41 38 6	3	3	0
120	1 23 28 42	1	-1	0
121	48 41 19 30	4	4	0
122	8 26 49 4	3	4	0
123	15 7 11 36	4	3	0
124	16 32 27 33	4	1	0
125	2 8 13 29	1	-1	0
126	11 22 9 19	4	1	0
127	18 5 50 21	3	1	0
128	29 5 46 14	2	-1	0
129	4 43 10 25	2	-1	0
130	37 18 34 23	2	-1	1
131	31 34 16 8	2	-1	0
132	1 38 25 4	1	-1	0
133	2 33 5 49	1	-1	0
134	44 42 48 37	2	-1	0
135	36 23 42 43	3	4	0
136	34 28 36 20	3	3	0
137	10 27 14 22	2	-1	0
138	28 42 20 30	2	-1	0
139	38 22 47 18	3	4	0
140	21 46 20 26	3	1	0
141	16 21 12 13	4	4	0
142	28 32 29 10	4	5	0
143	3 17 49 29	1	-1	0
144	17 31 30 13	2	-1	0
145	6 21 47 39	4	2	0
146	3 40 47 4	1	-1	0
147	3 4 37 30	1	-1	0
148	43 26 41 8	3	2	0
149	39 17 6 34	3	4	0
150	42 44 5 13	4	1	0
151	3 47 50 48	1	-1	0
152	2 12 49 29	1	-1	0
153	8 15 22 35	3	2	0
154	21 36 41 4	2	-1	0
155	37 6 28 38	4	2	0
156	32 11 33 14	3	5	0
157	3 8 27 38	1	-1	0
158	41 7 14 45	4	4	0
159	6 35 25 29	2	-1	0
160	36 23 35 29	3	3	0
161	41 24 11 12	4	3	0
162	30 8 44 41	3	4	0
163	35 16 21 40	4	5	0
164	44 48 24 6	2	-1	0
165	43 6 9 27	3	1	0
166	3 49 5 6	1	-1	0
167	29 45 47 24	4	1	0
168	6 39 33 35	2	-1	0
169	38 9 22 6	2	-1	0
170	3 26 5 4	1	-1	0
171	15 49 42 41	3	3	0
172	23 11 33 6	2	-1	0
173	26 40 31 22	3	3	0
174	2 16 6 39	1	-1	0
175	49 50 6 9	4	3	0
176	9 50 19 20	3	3	0
177	36 4 46 21	3	5	0
178	35 45 39 9	4	5	0
179	38 33 13 31	2	-1	0
180	16 10 49 5	4	4	0
181	14 12 13 25	2	-1	0
182	19 21 48 44	3	3	0
183	17 25 26 18	2	-1	0
184	45 9 28 35	3	1	0
185	2 6 7 10	1	-1	0
186	30 21 24 37	2	-1	0
187	33 7 15 27	3	3	0
188	25 42 41 10	2	-1	0
189	41 5 28 6	3	4	0
190	36 32 4 45	4	5	0
191	36 20 40 22	3	5	0
192	39 33 46 4	3	3	0
193	41 24 38 44	3	5	0
194	2 42 18 15	1	-1	0
195	49 22 13 37	3	4	0
196	35 6 16 26	2	-1	0
197	44 33 9 49	3	5	0
198	20 9 28 26	4	5	0
199	2 41 39 11	1	-1	0
200	11 46 36 8	4	5	0
201	15 29 7 36	4	1	0
202	2 21 16 26	1	-1	0
203	30 18 16 44	3	5	0
204	9 31 40 32	2	-1	0
205	44 20 39 46	3	3	0
206	10 18 4 41	3	2	0
207	4 41 44 47	2	-1	0
208	32 6 15 45	3	1	0
209	2 41 24 30	1	-1	0
210	37 25 23 36	3	3	0
211	12 24 16 49	2	-1	0
212	13 36 30 26	4	3	0
213	2 28 30 25	1	-1	0
214	2 27 29 32	1	-1	0
215	9 40 34 4	3	1	0
216	19 13 34 17	2	-1	0
217	34 3 6 26	4	4	0
218	34 31 10 4	2	-1	0
219	3 7 27 14	1	-1	0
220	14 24 50 39	2	-1	0
221	3 28 50 12	1	-1	0
222	5 11 47 21	4	5	0
223	1 49 50 24	1	-1	0
224	49 47 26 12	2	-1	0
225	30 29 10 40	2	-1	0
226	40 25 22 48	3	3	0
227	1 31 21 4	1	-1	0
228	27 26 48 39	2	-1	0
229	2 4 23 13	1	-1	0
230	12 41 44 34	4	2	0
231	2 17 13 6	1	-1	0
232	36 41 5 22	4	4	0
233	3 12 27 32	1	-1	0
234	1 27 5 15	1	-1	0
235	20 36 30 13	3	3	0
236	17 47 20 9	4	4	0
237	32 42 45 11	4	1	0
238	35 42 14 21	4	1	0
239	38 42 16 44	3	3	0
240	27 5 30 18	4	3	0
241	46 47 12 18	4	5	0
242	13 39 26 21	2	-1	0
243	13 26 43 7	3	5	0
244	42 48 37 33	3	2	0
245	34 40 13 16	4	5	0
246	20 17 28 48	2	-1	0
247	43 35 26 6	4	1	0
248	31 22 24 20	4	4	0
249	34 39 16 26	3	4	0
250	29 41 32 36	3	1	0
251	16 4 10 48	4	2	0
252	29 18 8 5	2	-1	0
253	14 34 32 12	2	-1	0
254	46 44 18 11	2	-1	0
255	22 46 13 10	4	4	0
256	23 11 29 13	4	4	0
257	37 35 26 42	2	-1	0
258	6 29 46 7	2	-1	0
259	49 36 4 16	4	2	0
260	13 23 4 7	3	4	0
261	2 14 28 39	1	-1	0
262	13 20 42 47	4	3	0
263	29 42 45 17	3	4	0
264	19 11 34 18	2	-1	1
265	1 50 46 20	1	-1	0
266	49 48 36 7	2	-1	0
267	13 45 4 21	3	5	0
268	41 11 43 8	2	-1	0
269	39 47 41 33	2	-1	0
270	6 39 49 28	3	3	0
271	24 29 35 3	3	2	0
272	18 46 33 40	4	3	0
273	13 38 16 7	4	5	0
274	7 41 12 16	2	-1	0
275	22 31 23 26	4	2	0
276	36 29 27 21	3	5	0
277	13 20 39 22	3	2	0
278	7 16 41 13	3	4	0
279	21 14 19 31	3	1	0
280	13 12 17 35	3	4	0
281	45 4 18 41	3	1	0
282	27 44 34 37	2	-1	0
283	5 39 45 29	2	-1	0
284	44 48 49 31	4	5	0
285	49 50 9 13	3	5	0
286	44 21 47 10	3	1	0
287	16 21 26 20	4	1	0
288	50 17 37 4	2	-1	0
289	7 13 12 27	3	2	0
290	24 8 28 11	3	5	0
291	10 40 34 45	2	-1	0
292	26 43 12 13	2	-1	0
293	50 12 23 42	4	4	0
294	47 10 49 32	4	1	0
295	3 27 43 24	1	-1	0
296	39 26 22 49	4	5	0
297	17 36 39 27	2	-1	0
298	2 28 29 20	1	-1	0
299	10 34 29 40	2	-1	0
300	26 42 4 32	2	-1	0
301	10 27 41 36	4	4	0
302	47 50 21 49	3	2	0
303	15 45 25 48	4	1	0
304	9 38 37 31	2	-1	0
305	17 3 36 21	4	1	0
306	32 22 20 37	2	-1	0
307	1 20 34 17	1	-1	0
308	26 16 29 22	2	-1	0
309	2 14 12 6	1	-1	0
310	32 37 38 33	4	4	0
311	3 19 27 12	1	-1	0
312	7 37 19 43	3	3	0
313	12 33 39 21	4	1	0
314	21 19 16 48	3	4	0
315	9 47 42 20	2	-1	0
316	47 40 4 36	4	1	0
317	15 24 39 47	2	-1	0
318	2 10 45 34	1	-1	0
319	31 6 49 32	2	-1	0
320	50 24 35 19	3	5	0
321	5 42 22 31	3	2	0
322	3 37 6 15	1	-1	0
323	24 44 7 28	2	-1	0
324	12 38 43 26	3	3	0
325	43 28 30 45	4	2	0
326	2 27 38 15	1	-1	0
327	44 4 41 50	3	1	0
328	2 38 11 16	1	-1	0
329	6 18 28 47	3	2	0
330	49 41 18 11	3	2	0
331	26 16 24 32	3	5	0
332	40 41 31 25	3	1	0
333	1 24 40 45	1	-1	0
334	19 44 30 5	4	4	0
335	40 48 23 36	3	1	0
336	15 35 50 44	3	2	0
337	17 18 22 7	3	2	0
338	6 18 17 16	2	-1	0
339	1 18 12 24	1	-1	1
340	43 48 17 42	2	-1	0
341	29 22 23 7	2	-1	0
342	29 10 23 39	4	2	0
343	12 16 41 32	4	4	0
344	48 12 29 32	2	-1	0
345	32 43 48 21	2	-1	0
346	3 29 23 7	1	-1	0
347	16 45 20 7	4	3	0
348	49 46 6 44	2	-1	0
349	3 21 44 32	1	-1	0
350	49 21 5 12	3	1	0
351	39 5 48 31	3	3	0
352	40 5 50 48	3	2	0
353	35 43 48 7	4	5	0
354	29 10 14 26	2	-1	0
355	2 21 41 37	1	-1	0
356	46 49 34 42	4	4	0
357	30 26 20 21	2	-1	0
358	9 25 33 39	2	-1	0
359	50 20 7 46	4	5	0
360	13 50 14 48	4	1	0
361	33 42 38 48	4	2	0
362	25 18 39 15	2	-1	0
363	3 20 23 11	1	-1	0
364	2 32 25 42	1	-1	0
365	41 49 12 45	3	4	0
366	2 13 33 6	1	-1	0
367	19 7 49 20	3	5	0
368	10 7 45 5	2	-1	0
369	1 45 34 10	1	-1	0
370	34 50 41 48	2	-1	0
371	36 48 17 45	2	-1	0
372	14 21 15 28	3	5	0
373	32 14 6 8	2	-1	0
374	43 35 31 37	4	2	0
375	40 21 38 22	2	-1	0
376	7 36 49 10	2	-1	0
377	41 34 46 22	3	3	0
378	18 33 39 29	2	-1	0
379	21 48 40 16	2	-1	0
380	33 35 20 40	3	4	0
381	2 27 24 23	1	-1	0
382	2 10 12 4	1	-1	0
383	13 31 49 32	4	5	0
384	47 37 23 31	2	-1	0
385	3 27 25 20	1	-1	1
386	42 34 21 28	3	1	0
387	26 20 5 29	4	2	0
388	3 49 33 18	1	-1	0
389	2 18 24 31	1	-1	0
390	40 49 27 37	2	-1	0
391	20 43 4 18	3	5	0
392	26 37 24 35	3	4	0
393	5 6 45 21	4	1	0
394	3 26 15 8	1	-1	0
395	10 26 14 15	3	3	0
396	41 50 10 7	3	2	0
397	6 14 17 43	3	2	0
398	26 8 45 17	3	5	0
399	42 39 25 32	3	1	0
400	3 23 33 27	1	-1	0
401	13 43 18 49	3	1	0
402	20 45 31 43	2	-1	0
403	43 17 23 6	4	1	0
404	38 9 10 24	2	-1	0
405	3 15 20 39	1	-1	0
406	48 21 31 25	2	-1	0
407	44 17 40 21	2	-1	0
408	21 29 30 26	2	-1	0
409	1 27 26 2	1	-1	0
410	41 33 36 38	3	1	0
411	20 12 7 24	4	5	0
412	5 26 24 33	4	1	0
413	16 42 14 24	2	-1	0
414	15 24 33 26	4	4	0
415	27 39 48 24	2	-1	0
416	1 29 13 37	1	-1	0
417	19 34 50 21	2	-1	0
418	28 20 42 33	3	3	0
419	24 27 31 5	2	-1	0
420	25 24 14 38	4	1	0
421	1 12 24 27	1	-1	0
422	1 22 4 34	1	-1	0
423	25 5 23 14	4	3	0
424	24 9 25 18	4	3	0
425	3 29 31 36	1	-1	0
426	2 16 19 33	1	-1	0
427	22 46 13 7	2	-1	0
428	2 14 11 23	1	-1	0
429	19 4 20 44	4	3	0
430	42 4 20 22	2	-1	0
431	1 36 48 45	1	-1	0
432	2 10 45 24	1	-1	0
433	49 40 33 16	4	1	0
434	23 9 42 48	2	-1	0
435	1 42 45 50	1	-1	0
436	41 20 10 49	4	2	0
437	12 22 45 27	3	3	0
438	40 12 42 19	2	-1	0
439	4 22 15 27	3	5	0
440	24 23 15 5	2	-1	0
441	2 27 43 17	1	-1	0
442	13 30 9 15	2	-1	0
443	10 27 40 32	4	1	0
444	19 38 14 47	4	1	0
445	23 4 13 15	4	5	0
446	35 23 46 8	4	5	0
447	14 27 48 4	2	-1	0
448	1 11 48 44	1	-1	0
449	29 33 43 13	2	-1	0
450	26 17 27 13	3	5	0
451	42 24 23 37	2	-1	0
452	1 50 30 28	1	-1	0
453	24 28 9 46	3	4	0
454	14 49 27 15	4	4	0
455	19 4 37 33	4	5	0
456	1 25 20 26	1	-1	0
457	3 35 26 33	1	-1	0
458	41 28 27 31	2	-1	0
459	43 44 40 11	3	1	0
460	7 21 41 34	2	-1	0
461	1 37 20 17	1	-1	0
462	26 27 48 14	3	5	0
463	3 41 18 47	1	-1	0
464	1 21 20 13	1	-1	0
465	39 11 18 15	2	-1	0
466	33 44 21 30	2	-1	0
467	3 49 42 36	1	-1	0
468	1 45 48 33	1	-1	0
469	50 26 36 14	4	4	0
470	41 17 42 32	3	1	0
471	13 24 15 18	4	5	0
472	28 6 42 27	4	5	0
473	1 37 17 32	1	-1	0
474	41 34 8 39	4	5	0
475	26 29 14 46	4	3	0
476	32 5 35 17	2	-1	0
477	3 11 49 12	1	-1	0
478	41 8 42 27	2	-1	0
479	7 32 27 21	3	3	0
480	13 18 31 30	2	-1	0
481	24 40 29 4	2	-1	0
482	3 14 40 19	1	-1	0
483	2 11 4 41	1	-1	0
484	39 7 19 50	4	2	1
485	7 16 47 10	2	-1	0
486	3 47 37 11	1	-1	0
487	3 23 13 10	1	-1	0
488	39 33 16 21	2	-1	0
489	13 30 24 31	4	5	0
490	2 32 48 16	1	-1	0
491	50 12 46 40	3	2	0
492	47 12 21 49	3	1	0
493	36 30 28 18	3	4	0
494	41 21 9 4	3	3	0
495	33 40 6 29	2	-1	0
496	35 37 12 47	4	2	0
497	2 13 35 12	1	-1	0
498	33 24 47 46	2	-1	0
499	43 36 20 21	3	2	0
500	33 45 38 19	2	-1	0
