Students	1112
0032258	005119 
0032765	002469 
0145931	001444 005724 
0419327	001248 003001 003003 005727 
0556027	001749 003275 007375 
0559777	008500 
0603589	003556 
0634162	002951 004065 006023 
0634284	001162 007076 007127 
0656863	002935 003433 005248 007053 007127 
0657857	008496 008500 008779 
0661924	001893 007006 
0670870	003556 
0671451	003556 
0671926	001767 007124 007127 007364 008765 
0672478	005206 005286 
0677533	002562 007068 007127 
0680495	001162 005227 007043 
0699614	001852 006023 
0701809	001836 002160 006846 
0707575	004051 
0709543	001573 004888 
0709554	004011 007125 
0710449	007372 007374 007381 
0711336	001162 002637 006023 007364 
0711460	001852 002160 006846 
0734613	002637 003026 006502 
0738079	002464 002472 007125 
0739031	007124 007125 007127 008821 
0741435	007398 
0741632	001766 004888 005727 007364 
0741707	002571 
0742063	004885 004888 005258 
0742089	002173 002182 002935 
0742461	003034 003465 003562 
0742549	002992 003275 003277 
0742734	001767 003433 003525 
0742886	007375 007398 
0744133	001752 002464 004815 
0744202	001547 001560 001561 001562 007915 
0744449	002394 005258 006059 
0744475	004014 006042 006044 
0745699	007915 008485 008488 
0745780	003026 
0746084	003441 003556 003562 004017 
0746203	004304 
0746210	003026 004011 
0746537	001766 
0746907	004274 007007 
0747147	006026 
0747562	001864 002472 008767 
0748627	007125 007127 008479 008779 
0748713	003026 006036 006054 008765 
0748765	001178 001185 001838 
0751242	007043 007125 007127 
0751495	002562 007008 
0751788	003433 003441 
0751823	002472 
0752318	001838 005248 
0752553	001193 005724 
0754161	006029 006860 
0754424	005734 007377 007395 
0755048	003034 006059 008763 
0755872	004374 004853 004885 007034 
0756275	003442 003518 003525 
0756732	001573 
0756739	003433 006848 
0768049	005740 005741 007381 
0768235	001237 001248 004280 
0768507	001767 003465 003505 
0768585	001151 001890 001897 003454 
0769020	002637 002951 
0769557	006029 008821 
0769686	007125 007127 
0769851	007076 007364 
0769943	001213 001248 003433 
0770198	003465 003562 006023 
0770471	001213 001248 001845 005734 
0770814	005286 
0771075	001838 007395 
0771438	001213 001248 001763 003556 006023 
0771732	003026 004835 006029 
0771752	001551 
0771876	006059 
0771900	006044 006059 
0772005	002562 006865 007372 
0772032	003275 007375 008500 008779 
0772218	004888 006023 
0772305	001560 008492 008821 
0772504	001151 001193 003556 003562 
0772735	001573 004051 007372 007393 
0772927	001576 001836 004808 
0773014	001843 002669 004013 
0773175	002151 002992 
0773276	005845 007043 
0773385	001856 
0773573	003027 
0773692	002182 006029 
0773772	001893 004808 
0774062	007372 007374 007381 
0775490	006026 
0776956	008441 008500 
0777510	007068 
0778307	004857 004888 005741 006042 
0779081	001424 002856 004274 008765 
0779276	001838 004011 
0779365	004888 
0779966	007393 007395 008441 
0780191	002872 004735 005847 
0780450	001836 006042 007381 007398 
0780485	001189 001843 003525 
0780528	001444 001862 001893 006029 
0780619	001248 007915 
0780735	002472 
0781139	003433 006044 007395 
0781147	005123 
0781191	003026 008796 008821 
0781424	001752 001838 
0781472	001573 002162 002164 
0781523	005741 006042 006059 
0781527	001193 007125 007127 
0781976	002571 004013 006023 
0782876	004830 005159 005227 
0782929	008492 
0783208	005248 007008 
0783456	004807 
0783959	003518 005123 
0784123	004359 004885 
0784558	002164 002173 008763 
0785336	001764 002635 
0785917	001162 007043 007127 
0785955	007372 007398 
0786093	008765 
0786698	003433 008439 008500 008796 
0786916	001852 002160 005258 006029 
0786993	006044 006054 006059 
0787159	001442 001766 007375 007377 008784 
0787430	006023 006539 007043 007127 
0787509	005258 008779 008821 
0787582	006863 
0788425	001766 003433 003562 
0788562	001213 001248 
0788849	004807 004857 006042 
0789284	001185 001836 004359 006023 
0789995	005286 005847 
0790880	001862 004065 005734 
0791975	007395 008439 
0794276	007915 
0794297	007902 008779 
0795445	001836 002992 004046 006042 
0798802	002173 005734 
0799016	001843 001845 002162 002164 
0799414	003277 004297 006863 
0801247	002935 002951 
0802029	002464 006036 006042 006044 
0802127	001547 001560 001562 003026 
0802256	007395 007398 
0802710	003027 005159 
0802766	003277 005206 006044 
0802807	002173 002182 006026 
0803579	008420 008479 
0803706	003027 003442 004017 008763 
0803723	001856 001890 001897 004282 
0804193	001862 001893 
0805926	003026 004065 
0806189	001766 003505 004282 006029 
0806269	002162 002164 
0806452	005741 006059 
0806520	002562 003433 
0806873	002173 002182 006518 
0806882	001151 001193 
0806886	001862 001893 003433 006846 
0807347	004807 005159 008763 
0807702	002571 006059 
0807750	003454 003465 004835 
0807767	007374 008765 
0807993	001843 003518 005221 008492 
0809033	002472 008496 
0809192	002412 006863 
0809224	001213 001248 001845 001897 
0809463	001213 001248 004815 008765 
0809839	002173 002182 004065 
0810196	001194 003465 003556 
0810794	001560 001561 002660 002709 
0810885	003441 003562 004830 004888 
0812298	002394 
0812300	002162 002164 003433 006042 
0812518	007902 007915 008439 008441 
0812628	001213 001237 001248 006023 
0812632	006044 006059 
0812824	002571 008773 
0813147	007375 
0813159	003026 003433 004065 
0813277	001189 001213 001248 003433 
0813366	004808 006036 006042 006054 
0814593	001847 002182 006026 
0814822	006023 007068 007124 007127 
0814828	001862 001893 003441 
0817768	003441 006036 006044 
0818349	001193 007124 007127 
0818384	001213 001237 001248 006023 
0818599	001193 001213 001248 
0818674	003027 004036 004355 005740 
0819118	001194 001196 001843 
0820055	001847 001862 005847 008496 
0822518	003442 007374 007377 007381 
0822717	004297 006863 006865 
0822753	002564 002992 006042 
0823997	003433 005159 005248 005282 007007 
0824299	001151 003433 006865 
0824872	007395 
0824983	007395 007398 
0825024	001468 002562 004355 
0825102	007393 007395 
0825478	001185 004278 004282 008500 
0825559	003433 003525 005734 
0825616	002412 003001 003441 008765 
0825646	001862 007393 
0825743	001559 002935 003433 003525 
0825935	002668 002671 
0825970	004808 
0825990	004888 005724 
0826099	004866 004888 006023 
0826363	003433 003445 004359 
0826565	001566 001568 002412 002472 006042 
0826670	003277 005282 007375 
0827099	003034 006042 
0827209	002992 006042 006059 
0827460	001189 003465 003562 
0827772	005141 005159 006026 007905 
0827786	001162 003433 003525 006023 
0827928	001213 001248 004065 
0827963	002160 002992 008767 
0828017	001836 003556 006846 
0828021	001551 002472 002935 003441 004888 
0828036	006044 006054 006502 006846 
0828065	001189 004879 004888 008492 
0828068	004857 004888 
0828394	006502 007374 007375 007398 
0828467	001189 007395 007398 
0828596	001248 001897 
0828604	006026 
0828705	002472 003003 003442 005123 
0829096	002367 002412 002464 
0829360	002394 002412 002464 
0829376	007372 007902 007915 
0829397	004885 004888 
0829788	004046 006038 006054 
0829796	001193 001248 
0829837	002182 002571 006865 
0829872	003433 007393 007395 008439 
0830141	001193 004046 007125 007127 
0830197	001193 001213 008496 
0830269	006059 007125 
0830276	003442 003518 006544 006585 
0830280	001551 001845 001847 006846 
0830700	001862 003433 004046 
0830791	007125 007127 
0830807	001847 001852 006846 
0830862	006038 006863 006865 
0830886	006846 007127 008779 
0830911	004051 006539 007127 
0831031	003026 007125 
0831413	003445 003556 008765 
0831435	001838 007006 007127 
0831531	001752 006042 006054 006059 
0831703	004065 
0831798	001162 003026 003034 006042 
0831800	004666 004866 007395 
0831966	001179 001213 001248 001897 006846 
0832137	002571 
0832171	002637 003026 007125 
0832248	002472 003275 008763 
0832455	004297 006863 
0832653	001838 003454 004009 
0832718	002935 006042 006044 
0832928	001763 003465 
0833031	001893 006042 
0833188	004017 007043 007068 007124 
0833266	003433 007364 
0833368	002182 003441 
0833438	001193 001864 001893 006846 
0833511	001551 004011 007125 007127 
0833657	002571 
0833695	001213 001248 004046 
0833941	001551 003518 003556 008779 
0834138	005123 006044 006863 006865 
0834343	001444 001845 001862 001890 
0834443	006036 006042 006054 
0834472	001566 001568 003026 003433 
0834495	002935 003027 006029 
0834544	001566 001568 001573 
0834603	002935 004739 
0835804	001547 006054 
0836379	003026 004274 007125 
0836471	006024 007068 007125 007127 
0836898	001162 003026 003433 007007 
0836904	002992 008492 008500 008821 
0843307	006865 
0845664	002394 004857 
0846811	002949 007043 007127 
0847248	006044 006054 006059 
0847254	002939 002945 
0847790	002992 004355 006026 008420 
0847932	002162 002164 007372 008496 
0848150	001856 002160 002992 
0848355	001838 
0848492	001847 006029 006846 
0848562	002472 008496 
0848680	007372 007374 007375 007381 
0848750	002562 007008 007127 
0848789	002571 003027 
0848994	004374 
0849022	002992 003433 
0849243	004046 007068 007127 
0849245	004666 007374 007375 007377 
0849713	002367 002562 004838 004857 
0849809	001566 001568 004808 
0850337	001551 003505 
0850382	001766 003454 003556 008439 
0850564	001468 001893 
0850607	007010 007043 007125 
0850613	002571 006042 
0850690	001193 001838 007043 007076 
0850854	002164 002173 006042 006502 
0851024	003026 003034 006500 
0851033	004009 005734 
0851187	002671 004885 
0851209	002164 002182 006508 
0851297	003026 007125 007127 
0851302	002562 007043 007127 007372 
0851310	002412 003007 006036 006042 
0851403	001764 002162 002164 005734 
0851545	006518 006544 
0851684	001424 004733 005863 
0852088	002464 002472 
0852109	006029 006500 006518 007905 
0852176	001856 001890 
0852192	006023 
0852358	003433 005141 006863 
0852409	004065 
0852456	003442 003465 004011 008496 
0852608	004274 007374 
0852940	001836 002164 002182 
0852945	002412 002469 005248 007124 
0852994	001767 003441 003556 
0853072	002571 006054 006059 
0853174	003003 003454 004011 006029 
0853970	003027 006029 006500 
0853988	004013 006026 007364 
0854032	001836 002951 
0854138	001767 002562 003433 
0854235	001213 003433 003441 003505 
0854345	001838 004835 
0854724	003003 
0855085	003026 003441 006044 006054 
0855155	002951 
0855859	002420 007043 008420 
0856128	002856 
0856959	004013 004853 
0857016	007398 
0857087	001248 001862 006846 008821 
0857382	004857 006036 006054 
0858034	001193 001213 002412 002464 
0858092	004359 004853 004885 004888 
0858114	001151 004017 007375 
0858181	005248 006500 006508 
0858527	001442 001467 
0858850	003007 006042 
0858864	006846 008420 008479 
0858872	001843 001845 005121 006846 
0858924	002564 003454 003505 006038 
0859066	002367 002412 002464 
0859186	002464 003007 006042 006054 
0859231	007034 007043 007076 
0859319	002564 003433 
0859409	004014 007364 008784 
0859564	003275 003433 003525 008779 
0859719	001836 003454 008439 008496 
0860204	003007 003027 007076 
0860257	001763 002571 007881 
0860298	004051 008439 008763 
0860497	002412 002637 002945 
0860532	006846 008479 008492 
0860659	006042 006863 006865 
0860663	002939 002945 
0861180	007372 007374 
0861391	001847 001852 001864 008767 
0861504	004009 
0861648	004733 008479 
0861690	002162 002164 008765 
0861730	003026 006042 006044 
0861815	001836 001845 001847 001864 
0861816	003433 007043 
0862049	002160 006042 008767 
0862152	006846 008420 008479 
0862176	001185 001862 002671 
0865276	002162 002164 006846 
0865346	007372 007374 
0865618	001566 001568 005206 005248 
0865645	001424 004027 004046 004733 005847 
0865667	002992 003518 005221 
0865750	006038 007377 
0865894	001845 001862 002935 006848 
0867125	002856 004013 007010 007364 
0867165	001838 007034 008492 
0867494	002992 004036 004065 007053 
0867801	003433 003525 004857 005724 
0868309	003027 005741 
0869484	001185 001213 001467 002412 
0870197	001763 007374 007375 007381 
0871255	001194 004274 
0871309	002562 004379 004830 004857 
0871681	001193 001465 002856 008765 
0871788	001547 001560 008479 008485 008488 
0873190	002671 003433 003556 007034 
0873557	001185 001847 001862 006026 
0875055	002151 002992 006042 006044 
0876307	001444 001467 003275 007364 
0879882	001764 003433 003441 003562 
0880639	006042 006044 007008 
0881793	001193 003003 
0882323	001845 001847 006846 
0882728	004297 
0883015	001843 005221 
0883488	004274 006518 006539 007008 
0884876	002162 002164 006846 
0885444	002872 006846 
0886011	006860 006865 007902 
0886158	003026 007006 008821 
0886763	002162 002164 007887 
0887130	007034 007076 
0887308	001151 001843 001845 003441 003445 
0887398	003433 003445 007043 
0887467	002394 002464 004808 
0887478	004274 006042 
0887586	007375 
0888075	002162 002164 004835 007372 
0888222	002949 004036 005863 007364 
0888735	002992 003275 007007 
0889384	001764 002709 003433 004014 
0889700	001566 001568 004733 004838 
0889858	001151 004297 006863 
0890043	003454 006502 
0890199	001845 002162 002164 
0890945	003003 005227 005248 007372 
0892206	006846 007374 007377 007381 
0892236	001847 001862 002367 
0892333	003007 003026 006042 006044 
0892458	001845 006042 006044 006846 
0894845	002367 002412 003007 
0896036	001424 001444 008765 
0896217	003277 005282 007372 
0896224	004011 007381 007393 008439 
0896287	002562 006042 006044 007008 
0896476	007374 007375 
0896929	006036 006038 
0896979	001767 003562 007008 
0897034	002420 002562 008439 008773 
0897101	003007 003026 
0897310	001573 002562 006054 
0897911	001189 003441 003442 
0897931	002464 002562 
0898872	003454 006029 
0899135	004830 004853 007377 
0899241	002160 002562 003001 003026 
0899292	004830 004857 005847 
0899316	002571 006044 006054 006555 
0899419	003001 006036 006042 
0899440	003465 003556 004036 
0899481	004017 006042 006044 
0899636	001843 004807 006846 
0900240	002635 002856 003003 007364 
0900371	007374 007375 007381 
0900429	006544 
0900525	004355 
0900541	007374 007375 007381 
0901262	001424 002855 004733 008767 
0901409	003275 007372 007374 007375 
0901481	004830 004838 004857 004866 
0901539	004274 004278 004282 004288 
0901570	003445 003454 007364 
0901688	001843 002160 002872 004288 
0901703	001178 004394 
0901868	001766 003433 003441 
0901946	002162 002164 006042 007053 
0901961	006038 006042 006044 
0902118	008779 008784 
0902217	003442 003454 003525 007377 
0902371	006846 
0902541	003441 
0903064	003433 003562 005741 006518 
0903191	002367 002412 
0903222	007007 008470 008479 008492 
0903229	003003 007007 007008 007043 
0903338	003433 007374 007375 007381 
0903436	007043 
0903449	002856 004013 004835 007364 
0903600	001847 001862 004815 004838 
0903917	001151 001836 002160 
0904003	006023 007010 008784 
0904301	002412 003003 003026 004013 
0904347	006023 008773 
0904506	002160 006029 006860 
0904516	001836 002151 006023 008763 
0904540	004051 004297 
0904680	002151 002855 006024 008765 
0904706	001189 007381 007395 008821 
0904719	003433 006525 007043 
0904752	001747 001752 001765 003525 
0904918	003454 004274 005724 
0905351	007008 007043 007068 007076 
0905453	007372 007377 
0905540	001551 001845 001847 006846 
0905954	001766 007043 
0906035	001151 003442 006038 
0906085	001838 002367 002856 008439 
0906362	007375 007377 007381 
0906447	002855 002992 004009 007364 
0906618	002855 006023 007006 008784 
0906635	007374 007375 007377 
0906738	001573 
0906896	001179 002160 006023 008784 
0906963	002151 002855 004013 006024 
0907063	001836 006024 
0907150	002412 002420 
0907151	006029 006036 006038 
0907155	003001 003007 006023 
0907172	001573 003275 
0907217	002367 002394 002464 002856 
0907248	008441 008492 008496 
0907462	001573 004885 
0907493	002992 007008 007010 008784 
0907596	002856 003275 007381 008439 
0907665	007043 007076 
0907897	001845 001864 008439 
0907914	004017 004027 006038 006044 
0908002	001573 001576 004885 
0908164	001847 001852 006846 
0908461	003433 005734 005847 007364 
0908862	001547 001551 006042 006044 
0908998	001151 001566 001568 001836 004815 
0909091	001444 004278 004282 004288 
0909216	001151 004011 007008 
0909240	002151 004011 004835 008765 
0909560	002367 002412 008420 008439 
0909585	006865 007010 
0909662	002149 004278 004282 004297 
0909692	001551 001845 001847 006846 
0909693	002637 002945 007006 007076 
0909837	001856 003433 004027 006846 
0909942	002160 002855 005847 008439 
0910056	001845 002992 004036 004046 
0910403	003454 004835 006026 007364 
0910421	003026 006029 006036 
0910884	005286 006042 006044 008765 
0911218	001836 003433 007881 
0911361	003433 007364 
0911366	001151 001193 006026 
0911598	003433 005221 006042 
0911706	001151 001178 002635 
0911775	002855 002992 006023 008765 
0911802	001836 002856 007053 
0911807	004011 007374 
0911936	001836 006518 008439 008763 
0911941	001193 001194 002162 002164 
0912081	003007 003027 006042 007125 
0912235	005852 
0912439	001151 001424 
0912695	007374 007375 007381 
0912699	001151 001836 002856 003454 
0912781	001836 002160 006029 008773 
0913115	005724 006501 007010 007034 
0913466	003003 003027 004017 004027 006029 
0913880	001444 002856 006026 008773 
0913946	002856 005121 007007 007043 007364 
0913989	001547 002856 006029 008420 008773 
0914076	003433 005724 006026 007364 
0914256	004885 
0914260	001151 001194 006846 
0914290	001838 002469 002856 
0914299	001838 002469 002856 
0914509	001838 005258 007068 007124 
0914599	001551 004830 004838 004885 
0915006	003441 007364 
0915226	001194 002637 007375 
0915467	003026 
0915543	003001 006042 006044 
0915579	001185 001213 001248 
0915589	002635 006023 008821 
0915622	002856 006029 006036 
0915648	002856 005724 006029 006038 006848 
0915652	001194 001843 001845 002160 
0915740	004274 004666 008420 
0915885	001836 001843 004013 006846 
0916398	003277 006044 006054 006059 
0916427	001766 003454 008784 
0917040	002855 004838 007008 
0917334	001836 002160 004013 006029 
0917702	001193 001424 001444 002872 
0917732	004274 008767 
0917883	002856 005121 005129 
0918009	002160 006029 006848 008784 
0918064	001151 004014 005206 006029 
0918074	003003 006848 007008 007043 
0918118	001576 001845 001847 006846 
0918153	001576 002394 002464 004885 
0918195	001755 003433 003454 
0918277	003003 005248 
0918519	002856 007364 
0919158	002856 007364 008773 
0919283	001836 002160 006029 008765 
0919772	004014 007007 
0919776	003433 004808 006026 007043 
0919825	002394 002412 002464 
0920095	001836 002160 006501 008773 
0920237	004013 006026 007364 
0920248	003433 003442 004274 005741 
0920251	002856 007007 007043 007364 
0920261	001194 005727 
0920400	002855 004009 006500 007007 
0944831	001179 007364 008765 
0945034	002856 003454 007007 008773 
0945264	002992 006525 007010 007364 
0945449	001836 006029 006036 007372 
0945584	002408 002412 006029 
0945635	001838 008439 008784 
0945809	001836 002151 004014 004835 
0945959	002564 006029 006038 006848 
0945969	002160 004014 006848 
0946010	002160 004014 006029 006848 
0947693	003270 003433 004013 
0948095	001151 006036 006865 
0948390	002992 006029 
0948568	002856 004359 005159 006023 
0949279	002408 002412 004361 007364 
0950504	001444 001465 004359 
0950811	001573 004808 005724 007377 
0950942	004838 004885 008765 
0951991	002160 005159 
0952008	001764 006029 007007 008784 
0952211	001151 002872 005734 
0952443	002635 002935 
0952594	001763 006044 006865 
0952783	002160 006029 006848 
0953178	001763 003454 003525 004835 
0954240	001836 002160 003433 
0954641	002160 002367 006042 006848 
0954830	001151 001213 001836 002856 
0954831	001151 
0954917	002408 007010 
0956475	003454 006026 007043 008765 
0957333	003441 006029 006860 
0958186	001151 006029 006860 
0958492	002856 006026 006029 008420 
0958879	002564 006029 006038 007372 
0958897	002367 003433 007374 007381 
0958984	001836 002160 002856 008765 
0959092	002635 002945 003003 
0959189	002160 006029 006846 008765 
0959200	001836 002992 004815 
0959304	002162 002856 004014 006029 006848 
0959337	001749 002992 006042 008773 
0959919	001151 001765 
0960037	001836 002160 006029 008773 
0960068	001843 002151 004013 007008 
0960084	002160 004830 005845 006848 
0960497	003270 003442 007372 
0963413	007006 007364 
0963528	005286 006026 008765 
0964596	002856 004011 006029 007043 
0965861	001151 001838 003454 
0965925	003433 003445 004355 006026 
0965927	003433 003441 004017 004027 007043 
0966077	001151 001836 008765 
0966094	001836 002160 002856 006029 
0966125	004014 005734 007364 
0966268	001151 004288 
0966299	001185 001836 001843 002160 008763 
0966303	004027 004835 006026 
0966414	003433 004359 007010 007364 
0967042	007372 008470 008479 008779 
0967411	003433 004013 005724 006026 
0967532	001151 001566 001568 004808 004815 
0967793	004009 007007 007374 
0967988	002151 003003 004808 006029 
0968216	002856 007372 007374 
0970193	001836 002856 006029 
0970262	001836 002151 004359 004835 
0971073	002856 008420 008439 
0971315	002635 002856 003003 006029 
0972633	003270 008420 008470 008765 
0972660	002160 004036 004807 006029 
0972861	001836 002160 004359 006024 
0973811	001424 002856 002872 005724 
0976244	001162 005221 006023 
0976318	002856 003003 005119 006029 
0976421	003003 008779 
0980544	001767 002856 
0980693	002420 002856 003454 008765 
0981989	001764 007053 007364 008767 
0982172	002992 004013 007007 007043 
0984724	007034 007043 008763 
0985094	001843 006500 007124 
0985440	006500 006518 007364 008439 
0986094	001836 003433 004013 006848 
0986262	003003 005724 006029 006848 
0986367	007372 007374 
0986688	002562 002856 006026 007043 008773 
0986807	002562 002856 004359 
0987243	007372 008779 
0987276	001838 002856 005724 007887 007902 
0987600	002855 004274 006023 007006 
0987613	002856 006038 006042 
0987861	001573 003441 
0987937	001151 001836 002855 008420 
0988100	007372 007374 008765 
0988245	003275 004011 007364 
0988271	001836 002160 002856 
0988355	001179 004036 004835 
0988544	001763 002562 007364 008439 
0988603	002855 005845 006024 006848 
0988620	001838 007007 
0988625	001836 002160 004009 006029 
0988631	001566 001568 003445 006023 
0988657	002856 003454 006026 
0988990	002149 002635 002855 006023 
0989395	003433 004011 007374 
0989401	003433 005258 007364 008439 
0989432	002992 006029 006860 
0989520	002856 005724 
0989590	002151 003433 006846 008439 
0990668	002562 003433 
0991120	002635 002855 007364 008420 
0991213	002855 003442 004274 006023 
0991229	004808 007364 
0991668	001836 005159 005724 
0991672	002367 002412 002856 005724 
0991756	001573 002935 003445 
0991763	001151 001764 004009 006848 
0991769	002856 006029 006860 008765 
0992186	002855 004009 005141 006023 
0992189	001179 001838 006023 008773 
0992223	002992 007053 
0992577	006024 006038 
0992616	001151 001194 001843 002151 006846 
0992744	001836 002160 008765 
0992796	002149 002855 004009 006023 
0992801	001151 006544 006848 
0993169	002367 002412 002856 006029 
0993268	003003 006023 008784 
0993506	001836 002160 003433 004835 008796 
0993517	002856 
0993532	001442 004013 005159 007381 
0993551	001162 002160 004014 006846 
0993566	001764 003442 004278 008767 
0993790	002151 002855 006023 008767 
0993929	001852 006024 006525 006848 
0995269	003270 003433 005121 006023 
0998323	003433 003562 008765 
0998351	001424 002855 004009 006024 
0998784	002856 007887 
0998799	006026 006500 007007 
0998815	002935 007372 008439 
0998885	003442 004014 006023 
0998972	002992 
0999195	001444 002856 004011 005227 
0999689	002562 004014 006026 
0999712	002367 005121 007076 007364 
0999715	001836 002151 002564 006038 
0999733	002939 007372 
0999826	001747 002856 006029 
0999833	005248 005847 007364 
0999896	002367 007010 008784 
1000122	002367 004014 006023 
1000355	002562 002855 006029 007008 
1000750	001151 002562 002855 008767 
1000895	002562 006042 006044 006518 008784 
1000939	004017 006026 
1000990	007006 008765 
1001039	001838 003270 006029 008765 
1001196	001838 002992 007010 008784 
1001351	002855 006501 008767 
1001394	002367 002855 
1001613	001836 002856 006846 008763 
1001806	001838 002855 004011 006023 
1001887	002856 005847 
1001894	002855 006023 008420 008763 
1001905	001162 002855 004017 007877 
1002036	001845 006500 007364 
1002045	001178 002160 002856 006029 006848 
1002047	001836 007364 007374 008763 
1002241	002855 002992 006029 007877 
1002248	002151 005724 006029 006848 
1002364	001151 002151 002856 008765 
1002405	001838 006029 
1002606	002856 007372 
1002706	002856 002992 007007 
1002729	003001 003003 006038 
1002767	002160 004013 
1003020	001836 002160 004013 
1003100	001766 003433 006023 008765 
1003128	002992 007364 008763 
1003389	001764 002855 003441 005141 
1003476	004009 004835 004838 
1003539	003441 006023 008420 008479 
1003644	001843 002855 006023 
1004206	002856 004808 004885 
1004225	002151 002855 004013 006024 
1004324	002855 002992 007364 008767 
1004733	001836 002160 008773 
1004968	006500 006501 007006 007010 
1004997	002992 003454 006023 007881 
1005059	002855 002992 003407 006029 006860 
1005068	004361 007007 007008 
1005082	002855 006023 006026 
1005102	002160 
1005112	004807 006029 006036 007372 
1005149	001442 001444 002151 004359 
1005199	001749 002562 
1005315	002855 004355 006026 007010 
1005346	006500 006508 
1005412	002855 004011 006024 
1005427	002855 005141 007006 007364 
1005451	006518 008439 
1005548	002856 004014 004280 
1005633	005282 
1005720	003433 003525 004011 006026 
1005971	001838 006029 006038 008796 
1006105	001444 002562 002855 008767 
1006438	001836 002855 006024 
1006444	001836 002635 002855 007364 
1006744	001151 002151 002855 003407 006023 
1006799	004274 004355 
1006899	001838 006026 007007 008773 
1007134	006029 006036 006848 008763 
1007196	001442 001444 006029 
1007348	001836 003433 
1007394	002939 006029 006036 
1007458	008779 008784 
1007554	001151 002855 
1007779	001765 003433 003454 
1007799	003003 007010 007364 
1007842	001151 001843 003433 
1007882	006026 007006 007010 008773 
1008282	002855 002992 
1008387	002151 006029 006860 007007 
1008925	002160 004013 006501 006848 
1009103	007010 
1009104	003433 007364 008439 
1009559	001151 002151 002855 008765 
1009729	001151 002855 006029 008765 
1010175	002855 008767 
1010643	001424 001836 002855 004013 
1010750	001151 002855 002872 007007 
1011104	001424 002855 005847 008763 
1013071	001836 002855 006023 008765 
1013197	001749 002855 006029 006848 
1015256	003445 003454 007006 008773 
1015275	001766 006026 007364 008765 
1015706	002162 007374 
1016434	002160 004666 006029 006848 
1016462	001193 001862 002412 006846 
1016793	001162 001843 002160 008439 
1016996	001843 002856 005724 
1017339	002855 006024 007364 008765 
1017412	002562 002855 002935 004011 
1017444	002151 002855 006023 008773 
1017760	001763 003454 007034 008420 
1017832	001424 002855 004013 006023 
1017840	001424 002855 004013 006023 
1018174	002855 004009 007010 007364 
1018252	001838 002855 006501 008765 
1018271	001156 002855 007364 008763 
1018301	002151 002855 005129 006023 
1018817	001424 002855 005847 006023 
1018857	002855 005159 006023 008767 
1018936	002855 002992 004009 006029 
1019006	002855 004013 007010 007364 
1019025	001767 002367 002855 
1019212	002855 005221 007364 008763 
1019674	001156 002855 007008 008765 
1019827	001836 002367 002855 007007 
1019940	002855 005141 006023 008767 
1020083	002562 002855 002992 
1020150	002855 002992 006029 
1020370	002855 005119 
1020478	001151 002855 006023 008763 
1020520	002562 002855 006024 008765 
1020695	002855 003445 007043 007364 
1020727	002855 004274 006024 008763 
1021017	002855 004011 006500 007364 
1021751	002855 003441 004274 006024 
1021867	002151 002635 002855 006023 
1023494	002635 002855 004808 006023 
1023923	002855 004011 
1024213	001151 002855 
1024283	002855 002992 006023 006848 
1024315	002855 005141 006500 008767 
1025035	002855 004274 005847 006500 
1025379	002855 003445 005845 006024 
1025460	001151 002855 006029 
1025508	001424 002855 004013 
1025522	002855 002992 004359 006500 
1025533	002855 004013 006024 007364 
1025569	001151 002855 004359 
1025623	002562 002855 002992 006024 
1025629	002151 002855 006024 008773 
1025644	002367 002855 002992 008767 
1025845	001424 002855 006023 008765 
1027597	002855 006023 008763 
1028249	001424 002855 006023 
1029210	002855 004011 004807 006026 
1029566	002855 004013 006023 
1029737	001836 002855 006024 
1029787	001836 002855 004011 006024 
1030369	002855 003441 007364 008763 
1030683	002855 004011 006023 006500 
1030693	001424 002855 005845 007010 
1032432	002855 006023 006500 007877 
1032769	002855 006023 006500 008763 
1032929	002855 006023 006500 008765 
1034405	002151 002855 006029 
1034578	002367 002412 002855 
1035148	002151 002855 003407 003433 006036 
1036027	002855 002992 004355 006023 
1036225	002151 002855 004359 006023 
1036442	002151 002855 006024 008765 
1037291	002562 002855 003433 005845 
1037338	002855 004013 006023 
1037541	001151 002855 006024 008763 
1037745	002855 004013 005141 006026 
1038303	002855 006023 006500 008767 
1038671	002855 006029 006848 008763 
1039679	001151 001424 002855 008765 
1039831	002855 004014 
1039868	002855 004274 005845 
1039943	002562 002855 003441 007877 
1040045	002855 005141 006023 007877 
1040618	002855 003445 006026 007877 
1040818	002855 004014 006024 007010 
1040868	001838 002855 003445 004359 
1040874	002151 002855 003445 007905 
1041140	001151 002855 007364 008765 
1041559	002367 002855 005119 
1041981	002855 003441 004009 007364 
1042335	001151 002855 005845 006501 
1044157	001424 002562 002855 005845 
1044561	002855 007010 007381 008765 
1044791	002855 003442 008441 
1045379	001836 002855 006023 008763 
1046086	002635 002855 002935 
1046439	002855 006024 007877 007902 
1047318	002855 006029 007877 008779 
1047339	001424 002151 002855 004355 
1049050	002855 006023 
1049299	001836 002855 002992 008765 
1049929	001424 002855 006024 008763 
1050781	001749 002855 006026 008763 
1053105	002855 006023 007364 008763 
1053370	002855 003445 006024 
1054176	001749 002855 004355 006023 
1055078	002855 006023 006848 008773 
1055290	002151 002855 004009 006023 
1055441	002149 002855 004011 006023 
1055590	002855 006029 008763 
1055640	002855 003433 006023 008765 
1056012	002855 004011 006024 
1056096	002855 004274 007007 008767 
1056203	002855 006023 007007 
1056217	001156 002855 004807 006023 
1056270	002855 006023 008765 
1056281	001424 002855 004355 
1056320	001747 002855 
1056600	002855 004355 006023 008439 
1056688	002855 006500 008773 
1056722	002151 002855 003407 006023 
1056738	002855 004009 006848 007007 
1056815	002635 002855 005847 007008 
1056910	002855 007364 008765 
1056963	002151 002855 004009 006023 
1056980	001836 002855 006023 
1057004	002855 005159 005724 008765 
1057520	001151 002855 005121 006026 
1057535	002855 004014 006029 006848 
1057592	001424 002855 005847 006023 
1057779	001424 002855 005845 008765 
1058048	002855 002992 006023 007877 
1058058	002367 002855 007364 008763 
1058180	001755 002855 004009 004815 
1058223	002151 002855 006024 
1058242	002855 003442 006023 
1058421	001151 002855 004011 006023 
1064045	002151 002855 002992 004355 
1064148	002855 006023 007007 
1064270	002855 006023 007364 008765 
1064385	001424 002855 007364 
1064605	001749 001836 002855 
1064780	001151 002855 006023 006500 
1064790	001151 002855 004009 006026 
1065142	002151 002855 004009 006023 
1065183	002855 004017 006029 006042 006501 
1065196	002855 003407 006501 
1065238	002855 003433 005724 
1065271	002855 004014 006023 007010 
1065654	002855 004274 006023 007008 
1065781	002855 006023 007364 008765 
1065796	001151 002151 002855 
1065945	001566 001568 002855 004838 
1066007	001838 002855 004009 006026 
1066308	002855 004274 004359 005141 
1066309	001151 001836 002855 004359 
1066335	002149 002855 003407 006023 
1066679	002635 002855 002992 
1066778	002151 002855 004011 006023 
1066915	002855 004359 006024 
1066924	001836 002855 004011 006023 
1067182	002855 004733 006500 
1067241	003465 
1067251	002562 002855 005845 006501 
1067297	002855 003433 006501 007364 
1067334	002151 002855 004009 006024 
1067377	002855 002992 007364 008763 
1067460	001151 002151 002855 006023 
1067483	002855 004666 007008 008763 
1067502	002635 002855 006023 007364 
1067724	002855 004009 006026 006500 
1067726	002855 004013 004274 
1067748	002562 002855 003407 006023 007010 
1067862	001838 002855 004009 007007 
1067933	002151 002855 004011 006023 
1068052	002855 004009 006023 
1068109	002855 002992 004355 006023 
1068371	002151 002855 007364 008763 
1068383	002855 006024 008765 
1068526	002855 006848 007010 
1073544	002855 006023 007008 007364 
1076009	002149 002855 006023 008765 
1076085	007881 007902 
1076246	001162 001836 002855 008765 
1076274	002855 006023 008767 
1076299	002855 004011 006023 
1076437	001838 002855 006026 008763 
1076531	002855 002992 004011 
1076776	001836 002855 002992 003407 007010 
1076783	002367 002855 007364 008765 
1076854	002855 007364 008773 
1076922	001162 002855 002992 006023 
1076923	002855 004013 006518 007364 
1076989	002151 002855 006024 006518 
1077003	002855 004807 005727 008420 
1077161	002855 002992 006024 
1077257	002855 004808 006024 007010 
1077294	002855 004009 006023 007010 
1077380	001193 001838 002855 
1077413	002855 006500 007364 
1077416	002855 004359 006023 007006 
1077417	002855 004011 006024 
1077482	002855 002992 004359 006024 
1077815	001424 002855 004274 008420 
1077963	002855 004274 
1078413	001151 002855 005141 
1078508	002855 006024 008773 
1078648	002855 004011 006023 007008 
1078680	001151 002151 002855 
1078819	001162 002855 004009 006023 
1078836	001836 002855 006023 
1078921	002149 002855 003407 006023 008763 
1079268	002149 002855 007364 
1079366	002562 002855 003407 004009 007364 
1079384	002855 006023 
1079444	002855 004009 006023 006501 
1079614	001151 002855 004011 007007 
1079771	001836 002562 002855 004359 
1079993	001151 002855 007364 
1080149	001151 002855 006023 008767 
1080398	002367 002855 006023 008767 
1080648	002855 004359 006029 
1080792	002855 002992 007364 008765 
1081006	002855 003433 006026 008765 
1081917	002562 002855 002992 003407 006023 
1081939	001151 002855 004014 006023 
1081952	002855 002992 004009 006023 
1082150	001151 002855 002992 008763 
1082799	002855 004009 006023 
1082905	002855 006023 008767 
1082907	001836 002855 006023 008763 
1082919	001424 002855 002992 004011 
1083080	002855 006024 007364 
1083430	001424 002151 002855 006023 
1083431	002855 002992 006023 007010 
1083594	002151 002855 006023 
1083626	001151 002855 004009 006023 
1083627	001424 002855 006539 008763 
1083812	002856 007034 
1084017	002151 002855 004807 006023 
1084185	002855 004274 006023 
1084187	002855 006023 006848 008765 
1084321	002855 006023 006501 
1084334	001424 001836 002855 004355 
1084462	001566 001568 001764 002855 008765 
1084909	002160 002855 006026 007043 
1085061	002855 004009 006026 007364 
1085324	001843 002855 002935 007364 
1085631	001766 002855 008763 
1086329	004009 007374 007375 
1086489	002855 
1086916	001151 004359 005141 006024 
1088180	001836 002160 002855 004011 
1088192	002855 
1170860	001749 002855 003433 004011 
1172030	001151 007007 
