Class Times	10
Rooms	10
1	85
2	55
3	42
4	72
5	87
6	61
7	13
8	73
9	34
10	96
Classes	100
Teachers	50
1	46
2	7
3	9
4	31
5	9
6	48
7	22
8	26
9	20
10	24
11	39
12	46
13	42
14	43
15	13
16	26
17	38
18	8
19	5
20	11
21	30
22	42
23	17
24	4
25	44
26	40
27	48
28	30
29	43
30	14
31	17
32	47
33	1
34	14
35	8
36	45
37	28
38	39
39	22
40	41
41	21
42	19
43	16
44	49
45	35
46	2
47	33
48	1
49	33
50	15
51	38
52	35
53	2
54	21
55	23
56	41
57	29
58	50
59	15
60	16
61	40
62	28
63	44
64	29
65	20
66	5
67	31
68	19
69	13
70	12
71	37
72	25
73	23
74	47
75	10
76	25
77	27
78	45
79	11
80	27
81	12
82	24
83	50
84	49
85	34
86	36
87	10
88	34
89	4
90	36
91	6
92	6
93	3
94	3
95	18
96	32
97	37
98	7
99	32
100	18
