Class Times	10
Rooms	10
1	57
2	42
3	43
4	96
5	97
6	31
7	83
8	86
9	30
10	23
Classes	100
Teachers	50
1	14
2	38
3	10
4	45
5	19
6	40
7	45
8	14
9	42
10	48
11	8
12	50
13	1
14	48
15	33
16	47
17	21
18	49
19	16
20	36
21	29
22	27
23	50
24	31
25	22
26	25
27	31
28	30
29	19
30	39
31	13
32	15
33	38
34	10
35	25
36	28
37	47
38	24
39	15
40	30
41	22
42	28
43	9
44	39
45	16
46	2
47	40
48	17
49	8
50	27
51	20
52	46
53	41
54	36
55	42
56	20
57	4
58	35
59	21
60	35
61	6
62	34
63	49
64	11
65	7
66	18
67	37
68	6
69	32
70	11
71	33
72	43
73	3
74	43
75	2
76	44
77	29
78	18
79	32
80	23
81	7
82	9
83	37
84	23
85	26
86	17
87	26
88	1
89	34
90	44
91	41
92	5
93	3
94	4
95	5
96	46
97	12
98	13
99	12
100	24
