Class Times	10
Rooms	10
1	31
2	47
3	32
4	88
5	11
6	69
7	87
8	63
9	54
10	92
Classes	100
Teachers	50
1	38
2	48
3	19
4	39
5	15
6	17
7	25
8	13
9	34
10	11
11	3
12	8
13	18
14	27
15	43
16	11
17	36
18	14
19	33
20	6
21	31
22	25
23	14
24	47
25	5
26	29
27	29
28	41
29	8
30	28
31	32
32	49
33	2
34	26
35	19
36	37
37	7
38	49
39	33
40	26
41	7
42	39
43	28
44	10
45	12
46	48
47	44
48	24
49	38
50	41
51	45
52	17
53	23
54	6
55	15
56	32
57	10
58	46
59	2
60	13
61	24
62	9
63	45
64	35
65	40
66	5
67	20
68	34
69	42
70	18
71	1
72	22
73	47
74	43
75	30
76	35
77	22
78	31
79	27
80	4
81	20
82	36
83	40
84	16
85	46
86	23
87	30
88	3
89	44
90	16
91	21
92	50
93	1
94	37
95	9
96	4
97	21
98	12
99	50
100	42
