Students	1000
1	61 29 66 73
2	91 85 70 99
3	15 45 80 67
4	92 65 80 11
5	32 26 85 80
6	30 69 42 29
7	93 2 99 32
8	92 74 10 88
9	46 93 37 80
10	95 74 25 100
11	82 99 36 85
12	11 98 50 20
13	59 41 1 57
14	34 77 36 72
15	28 29 64 8
16	56 29 88 3
17	70 72 64 84
18	42 52 99 61
19	98 78 87 52
20	100 64 52 11
21	65 80 46 41
22	45 95 1 21
23	24 84 93 8
24	86 89 61 64
25	25 19 10 15
26	31 76 71 51
27	23 9 64 26
28	82 18 33 20
29	79 43 19 6
30	56 54 57 42
31	68 44 78 71
32	23 41 48 60
33	78 43 53 87
34	52 42 32 75
35	32 99 8 91
36	48 83 79 64
37	50 43 76 75
38	17 72 67 60
39	9 20 76 97
40	91 98 21 58
41	90 43 64 57
42	67 3 80 66
43	65 75 96 2
44	43 66 31 84
45	56 86 25 81
46	49 36 3 43
47	30 21 56 23
48	23 77 4 43
49	63 4 27 50
50	98 5 42 79
51	84 18 23 80
52	28 85 84 7
53	49 95 77 57
54	79 62 11 40
55	39 3 14 6
56	18 62 15 6
57	70 42 90 2
58	33 32 96 25
59	19 73 88 7
60	35 64 43 65
61	51 49 20 21
62	9 49 98 100
63	39 3 63 41
64	79 34 64 20
65	37 61 21 50
66	90 66 82 36
67	33 18 69 61
68	99 20 70 35
69	21 53 32 17
70	30 47 78 95
71	64 25 99 10
72	24 51 69 21
73	71 6 80 76
74	30 100 64 60
75	93 83 27 15
76	91 40 63 6
77	85 16 38 54
78	62 95 2 31
79	81 45 51 21
80	22 83 97 78
81	99 86 91 82
82	86 95 75 87
83	32 67 15 16
84	57 90 54 62
85	74 51 39 23
86	51 2 83 37
87	30 1 62 65
88	97 21 77 95
89	45 18 79 24
90	11 96 5 81
91	90 77 72 49
92	33 66 68 3
93	44 41 13 54
94	5 35 90 58
95	80 82 40 58
96	88 85 51 14
97	18 88 16 41
98	66 17 53 15
99	58 84 55 40
100	58 57 97 68
101	98 66 70 6
102	79 36 54 20
103	69 63 75 82
104	84 3 39 13
105	46 39 70 76
106	84 29 7 41
107	83 94 40 25
108	95 53 87 8
109	89 57 32 28
110	57 42 36 67
111	12 25 37 51
112	24 49 70 23
113	42 77 79 54
114	47 39 95 11
115	19 97 59 85
116	67 55 62 47
117	52 31 88 55
118	60 53 29 83
119	82 33 18 48
120	87 39 36 40
121	12 91 40 65
122	99 35 15 68
123	92 4 65 7
124	57 71 94 51
125	33 10 51 6
126	73 56 78 22
127	83 91 7 17
128	51 7 86 83
129	3 89 66 73
130	65 13 21 3
131	57 49 20 7
132	36 97 33 79
133	39 9 38 8
134	81 51 30 92
135	54 100 81 2
136	46 40 93 90
137	90 39 16 78
138	57 72 81 66
139	48 28 69 40
140	58 69 60 40
141	56 57 15 62
142	76 65 31 23
143	25 40 51 52
144	22 26 55 65
145	23 11 27 95
146	59 57 82 81
147	92 24 21 6
148	51 59 13 62
149	72 39 95 70
150	59 55 99 7
151	97 67 29 33
152	69 25 3 86
153	89 7 59 41
154	26 50 79 34
155	9 14 10 57
156	99 75 52 92
157	5 72 23 50
158	95 94 92 80
159	83 94 87 60
160	51 48 32 33
161	94 17 44 13
162	76 53 26 31
163	98 43 96 38
164	35 26 99 50
165	21 90 100 67
166	82 57 8 25
167	92 21 41 38
168	48 94 69 21
169	6 78 21 98
170	66 94 24 77
171	86 37 27 61
172	33 11 22 57
173	4 83 10 92
174	38 52 65 70
175	70 82 56 53
176	45 96 26 41
177	84 18 58 75
178	32 4 73 55
179	2 86 10 46
180	92 12 5 35
181	5 85 21 67
182	49 90 94 59
183	88 70 99 17
184	64 56 77 63
185	48 38 21 88
186	4 53 88 32
187	59 33 68 31
188	16 46 45 75
189	85 68 62 64
190	91 56 10 61
191	35 58 12 13
192	73 89 19 93
193	4 12 90 59
194	64 40 9 66
195	38 59 88 100
196	86 62 85 14
197	10 51 98 75
198	71 5 45 27
199	92 82 65 87
200	54 3 92 6
201	86 44 8 27
202	97 41 71 11
203	48 14 80 63
204	60 69 58 46
205	6 3 62 91
206	5 93 34 91
207	51 78 27 33
208	48 59 4 9
209	40 11 84 27
210	45 48 37 83
211	34 5 78 74
212	62 4 69 30
213	97 75 51 15
214	93 71 91 59
215	79 69 8 82
216	37 43 48 18
217	26 44 88 4
218	15 19 39 28
219	63 46 9 73
220	88 42 50 22
221	33 47 84 87
222	5 94 32 69
223	45 51 58 46
224	84 40 97 24
225	26 50 23 29
226	73 45 68 90
227	18 13 8 99
228	25 48 39 29
229	18 95 11 39
230	41 34 82 48
231	73 87 96 9
232	63 47 5 10
233	39 10 62 80
234	76 12 96 64
235	57 65 30 24
236	60 16 48 44
237	97 42 2 11
238	88 10 81 80
239	77 4 86 100
240	33 79 25 28
241	5 95 28 73
242	94 37 21 49
243	44 43 38 87
244	21 25 37 5
245	48 100 91 53
246	80 17 90 23
247	8 76 59 30
248	72 38 6 48
249	57 51 96 99
250	35 63 52 25
251	37 99 23 19
252	89 38 16 72
253	65 10 29 34
254	85 60 3 12
255	90 21 7 65
256	34 85 18 52
257	85 79 63 89
258	4 23 44 16
259	39 24 81 83
260	37 88 83 19
261	28 62 1 15
262	28 50 53 42
263	91 90 22 77
264	26 10 78 30
265	21 4 80 2
266	49 60 26 87
267	93 56 11 30
268	84 92 37 82
269	22 15 34 33
270	5 72 91 40
271	56 68 81 14
272	19 53 93 65
273	12 48 45 79
274	93 72 69 55
275	82 4 81 26
276	4 73 85 13
277	3 80 96 76
278	22 20 63 25
279	22 70 57 39
280	52 25 1 60
281	66 11 81 51
282	82 93 33 92
283	33 85 68 59
284	21 85 73 74
285	4 66 65 10
286	53 87 20 77
287	12 86 89 8
288	99 44 56 43
289	40 81 98 31
290	87 43 17 91
291	56 95 71 82
292	89 2 39 12
293	100 12 26 5
294	34 44 93 79
295	68 47 63 56
296	1 9 70 99
297	92 76 50 29
298	85 11 21 7
299	92 83 18 38
300	33 92 10 54
301	23 50 40 49
302	82 15 80 76
303	81 26 22 85
304	77 82 25 24
305	10 48 81 91
306	81 41 16 46
307	94 14 42 36
308	100 21 95 41
309	62 70 32 37
310	93 5 83 92
311	91 60 62 34
312	78 31 1 55
313	53 7 13 35
314	36 100 8 27
315	88 51 60 23
316	79 48 8 63
317	9 14 48 54
318	61 17 46 64
319	69 15 57 63
320	30 84 65 25
321	65 11 39 8
322	43 69 18 98
323	68 16 12 90
324	18 49 84 96
325	69 37 24 63
326	21 45 38 79
327	55 75 5 99
328	44 75 99 97
329	73 53 26 94
330	99 38 23 62
331	85 6 86 17
332	29 37 55 78
333	100 99 54 84
334	21 79 77 27
335	72 20 43 63
336	6 50 27 8
337	27 80 47 7
338	97 24 22 39
339	58 24 67 72
340	3 1 5 70
341	56 49 2 66
342	15 32 71 9
343	57 46 100 56
344	76 75 20 53
345	30 43 82 58
346	92 86 56 35
347	38 91 66 27
348	11 36 9 95
349	21 100 61 35
350	24 39 49 77
351	35 77 7 48
352	91 76 61 80
353	13 79 58 36
354	60 23 1 63
355	48 50 73 32
356	100 49 63 27
357	61 59 25 34
358	95 100 90 38
359	11 68 57 39
360	27 86 94 63
361	91 71 70 40
362	41 94 22 73
363	70 41 79 68
364	92 27 18 65
365	42 17 68 37
366	96 45 6 62
367	44 25 3 46
368	31 11 6 76
369	70 29 12 88
370	34 1 28 57
371	77 73 35 27
372	58 77 31 93
373	67 55 65 78
374	30 7 1 4
375	24 23 43 3
376	94 35 66 64
377	12 93 42 60
378	6 23 48 40
379	88 83 14 55
380	2 73 23 25
381	38 46 36 55
382	34 61 23 88
383	84 30 63 79
384	100 89 79 49
385	53 71 14 70
386	95 38 24 17
387	49 92 20 5
388	44 12 53 76
389	10 91 30 11
390	46 2 53 5
391	43 62 97 31
392	61 40 99 22
393	14 83 28 10
394	85 99 59 39
395	12 98 3 89
396	77 13 47 15
397	1 98 68 8
398	37 23 65 17
399	95 64 2 47
400	66 29 43 81
401	21 45 52 40
402	42 70 35 39
403	82 10 91 1
404	44 53 91 86
405	25 88 78 59
406	59 4 76 79
407	72 77 57 81
408	27 73 82 49
409	6 10 70 92
410	91 21 64 1
411	91 6 99 55
412	92 43 21 26
413	76 34 51 26
414	17 99 9 79
415	8 7 25 61
416	4 80 72 70
417	5 90 31 8
418	90 73 80 67
419	36 64 26 9
420	75 7 18 52
421	73 99 10 49
422	5 49 95 19
423	43 22 31 1
424	18 40 48 59
425	48 81 36 19
426	79 60 45 67
427	24 75 78 39
428	52 32 1 67
429	24 38 31 41
430	76 96 77 1
431	91 29 50 15
432	37 96 4 61
433	49 18 80 41
434	1 4 21 8
435	26 1 90 45
436	34 1 74 83
437	29 33 77 36
438	6 22 36 46
439	51 77 87 58
440	40 24 76 66
441	14 69 17 7
442	51 46 76 90
443	97 17 22 24
444	89 48 34 3
445	99 48 5 1
446	37 83 91 57
447	50 17 52 21
448	39 11 45 35
449	39 3 21 99
450	33 90 9 82
451	58 11 54 65
452	43 67 97 83
453	29 48 64 46
454	5 43 42 2
455	46 5 32 12
456	86 96 77 70
457	7 14 12 79
458	43 91 49 64
459	90 84 30 18
460	17 36 28 42
461	86 36 38 74
462	64 2 80 69
463	70 92 96 73
464	99 73 13 39
465	72 48 81 5
466	20 62 56 72
467	76 89 20 55
468	48 81 59 2
469	61 67 3 7
470	52 77 72 61
471	73 42 81 64
472	82 49 72 6
473	22 77 95 89
474	64 57 30 7
475	43 99 67 53
476	99 38 53 54
477	16 24 86 51
478	99 11 49 42
479	61 56 65 53
480	53 39 51 82
481	97 7 93 85
482	53 70 86 6
483	77 29 37 51
484	98 34 41 53
485	96 13 6 74
486	53 17 85 88
487	1 65 14 92
488	13 82 11 38
489	97 23 84 20
490	90 96 38 32
491	29 74 89 99
492	37 88 80 13
493	42 18 37 55
494	71 21 2 89
495	45 63 79 22
496	79 6 13 30
497	26 21 88 24
498	49 17 40 43
499	81 92 1 79
500	67 9 75 25
501	73 80 51 47
502	26 53 55 39
503	38 4 71 49
504	61 9 49 84
505	12 82 86 90
506	57 59 35 81
507	92 83 16 14
508	52 19 24 71
509	70 29 83 8
510	81 30 52 89
511	33 37 80 67
512	3 90 7 94
513	75 38 17 39
514	72 64 54 35
515	9 32 42 45
516	24 58 31 68
517	26 38 67 56
518	79 86 57 87
519	91 8 81 41
520	65 95 46 82
521	69 73 75 21
522	98 44 31 32
523	62 48 72 6
524	93 32 39 3
525	100 38 11 81
526	98 1 20 72
527	99 98 75 41
528	72 19 100 63
529	64 12 57 10
530	90 41 65 94
531	12 50 65 58
532	60 28 31 2
533	37 49 30 84
534	20 69 92 68
535	52 30 20 37
536	3 13 84 81
537	9 57 8 41
538	7 71 100 27
539	96 65 40 23
540	82 81 50 93
541	75 20 76 68
542	69 26 76 12
543	1 37 48 54
544	48 49 37 9
545	25 43 46 80
546	49 82 19 72
547	32 83 43 9
548	90 48 20 14
549	94 1 86 74
550	22 60 1 43
551	87 99 2 24
552	13 53 45 21
553	52 6 26 77
554	35 32 40 47
555	58 67 77 88
556	2 70 66 31
557	57 25 97 67
558	53 39 75 64
559	23 76 32 36
560	60 69 16 55
561	29 53 58 79
562	80 35 14 61
563	54 15 95 13
564	76 92 24 47
565	42 37 1 87
566	38 76 40 70
567	15 39 75 88
568	16 35 23 70
569	45 43 57 40
570	12 11 18 85
571	20 27 66 82
572	35 41 6 92
573	85 25 47 98
574	60 32 49 31
575	12 54 73 45
576	69 98 36 75
577	47 86 14 100
578	40 23 81 97
579	75 100 59 60
580	71 64 67 56
581	20 54 94 55
582	98 2 76 97
583	11 92 10 65
584	83 28 1 31
585	95 36 50 51
586	24 48 78 60
587	82 29 14 96
588	72 87 2 47
589	9 81 75 50
590	73 70 33 37
591	61 32 13 98
592	69 98 83 9
593	3 4 26 55
594	55 65 14 81
595	29 31 62 36
596	60 32 16 58
597	19 1 91 42
598	49 70 90 26
599	64 6 2 72
600	23 78 19 81
601	57 13 84 10
602	24 14 27 81
603	3 94 74 20
604	6 14 48 92
605	51 23 79 45
606	24 93 81 71
607	70 33 44 29
608	25 65 54 26
609	48 36 53 67
610	55 51 14 24
611	73 59 71 64
612	75 52 22 65
613	69 71 94 77
614	97 38 26 39
615	92 62 36 21
616	78 19 83 24
617	42 67 66 25
618	64 80 75 29
619	22 40 87 34
620	10 29 14 17
621	15 5 60 61
622	83 71 90 74
623	58 36 92 42
624	59 16 82 53
625	25 45 88 76
626	26 29 35 5
627	96 86 51 4
628	14 95 62 65
629	52 18 25 96
630	64 12 20 63
631	38 81 91 89
632	26 72 14 54
633	95 32 88 31
634	39 85 43 59
635	99 28 1 11
636	98 88 71 6
637	74 86 13 64
638	43 53 62 18
639	33 26 11 13
640	97 25 61 45
641	52 24 31 91
642	83 37 36 13
643	98 70 27 22
644	75 33 16 20
645	66 54 61 38
646	44 24 66 65
647	82 78 6 48
648	84 29 17 10
649	17 72 99 68
650	26 62 80 11
651	100 76 95 78
652	20 55 60 36
653	99 90 4 69
654	96 5 37 71
655	82 93 36 32
656	59 71 82 68
657	30 26 37 29
658	2 44 67 96
659	98 23 69 56
660	44 35 78 7
661	51 88 92 54
662	3 88 28 42
663	22 89 83 74
664	8 80 64 72
665	54 92 100 26
666	81 4 14 75
667	57 94 58 53
668	37 36 73 26
669	52 23 36 73
670	97 78 80 91
671	66 93 28 13
672	40 8 39 85
673	45 66 35 89
674	51 32 61 22
675	18 2 10 32
676	90 68 26 9
677	10 29 49 46
678	12 4 67 31
679	31 6 37 53
680	92 35 9 18
681	34 10 97 88
682	24 71 68 18
683	39 43 76 94
684	50 69 4 72
685	79 32 23 10
686	63 96 25 29
687	31 58 74 53
688	58 92 75 84
689	75 41 100 5
690	41 71 33 2
691	60 46 31 73
692	93 99 72 86
693	94 84 90 63
694	18 46 75 56
695	24 98 43 35
696	85 39 33 68
697	88 74 20 37
698	7 20 93 86
699	21 24 55 69
700	5 40 84 51
701	95 81 66 75
702	73 84 91 74
703	24 20 66 76
704	4 48 58 31
705	23 48 52 29
706	31 4 55 17
707	42 55 34 38
708	64 50 22 72
709	40 72 77 38
710	53 64 63 90
711	81 29 41 74
712	51 92 83 73
713	71 73 55 51
714	58 94 44 92
715	24 38 26 99
716	56 71 88 86
717	84 87 36 70
718	38 78 56 42
719	90 95 93 71
720	44 16 67 45
721	54 70 86 92
722	90 83 12 33
723	14 3 34 9
724	56 14 94 34
725	36 93 23 69
726	77 40 71 32
727	48 87 30 26
728	25 33 49 4
729	85 60 30 17
730	29 75 57 12
731	77 12 25 13
732	10 33 20 12
733	21 3 10 47
734	55 93 98 48
735	15 62 78 50
736	50 94 67 60
737	2 6 55 90
738	34 26 71 89
739	3 48 41 62
740	98 89 48 37
741	61 78 26 50
742	99 21 14 30
743	38 64 29 20
744	85 67 72 92
745	40 83 74 1
746	41 28 43 12
747	10 31 57 54
748	22 57 28 9
749	97 74 55 11
750	79 4 66 29
751	1 73 77 54
752	48 76 8 51
753	85 18 21 61
754	99 58 95 40
755	2 23 43 45
756	70 17 24 88
757	34 83 74 90
758	38 81 3 97
759	38 67 68 80
760	62 56 88 34
761	64 43 29 96
762	69 60 68 30
763	8 53 71 86
764	12 83 91 57
765	38 15 19 48
766	23 55 98 78
767	78 36 23 48
768	49 72 28 42
769	11 23 38 14
770	39 93 41 34
771	84 34 24 29
772	66 22 28 7
773	41 79 5 3
774	47 6 13 40
775	49 8 95 46
776	36 49 91 10
777	75 100 92 68
778	2 15 7 73
779	94 7 50 60
780	94 7 65 9
781	57 25 45 48
782	56 89 13 25
783	88 55 7 62
784	77 29 2 5
785	67 87 48 32
786	72 18 48 68
787	18 96 79 61
788	31 1 100 75
789	4 13 68 96
790	81 33 64 31
791	7 9 56 48
792	25 24 61 95
793	91 18 24 83
794	20 38 31 26
795	21 14 20 42
796	48 78 19 50
797	83 9 66 68
798	82 33 50 16
799	81 100 98 69
800	68 37 44 52
801	99 22 4 92
802	98 70 80 43
803	80 43 15 7
804	8 81 35 60
805	8 94 11 4
806	27 97 65 61
807	6 77 97 91
808	65 2 5 74
809	83 26 47 62
810	50 54 3 92
811	89 59 21 79
812	81 88 90 45
813	21 9 26 86
814	60 65 48 66
815	96 27 56 51
816	97 66 21 23
817	75 42 60 47
818	58 51 69 84
819	18 30 52 93
820	92 74 54 31
821	54 96 4 14
822	46 72 76 64
823	35 86 91 6
824	1 15 39 43
825	36 42 3 37
826	21 64 12 78
827	94 5 57 61
828	97 30 33 6
829	65 34 58 20
830	56 7 100 35
831	58 54 18 49
832	40 26 3 50
833	66 49 18 27
834	41 53 76 91
835	40 56 77 64
836	1 39 4 73
837	28 70 68 61
838	88 90 1 38
839	95 84 12 55
840	19 69 72 83
841	45 89 20 95
842	77 60 93 49
843	33 79 75 91
844	20 1 32 83
845	99 97 20 51
846	37 4 25 72
847	7 22 69 8
848	49 88 9 93
849	91 57 60 17
850	56 100 61 66
851	22 19 55 53
852	91 11 1 93
853	63 82 4 97
854	7 41 80 84
855	56 83 85 39
856	49 13 99 78
857	95 16 33 48
858	78 53 64 36
859	89 17 85 99
860	95 19 16 84
861	46 76 91 74
862	56 32 45 52
863	33 28 32 83
864	47 48 56 90
865	87 4 40 55
866	6 17 33 36
867	77 35 53 4
868	84 54 67 98
869	23 16 73 44
870	95 16 4 32
871	58 30 20 23
872	74 5 24 30
873	35 68 89 29
874	88 57 34 91
875	9 83 80 31
876	52 69 5 60
877	24 93 63 9
878	7 65 57 12
879	11 60 69 92
880	25 6 19 49
881	83 30 10 87
882	20 19 17 12
883	62 52 55 79
884	76 96 82 26
885	47 63 61 11
886	75 35 33 39
887	82 40 98 24
888	34 36 51 49
889	83 42 21 92
890	96 20 83 15
891	77 33 90 28
892	62 72 60 35
893	41 39 69 26
894	73 20 25 7
895	74 77 100 28
896	40 49 57 11
897	65 61 4 79
898	30 57 5 25
899	22 78 27 73
900	54 78 18 50
901	2 39 6 61
902	89 1 75 91
903	22 68 96 1
904	50 71 8 32
905	91 17 34 53
906	15 32 74 49
907	81 16 36 72
908	34 2 9 52
909	33 32 63 71
910	36 92 87 81
911	38 5 30 73
912	28 11 72 85
913	84 74 63 86
914	88 47 37 27
915	34 55 22 11
916	35 71 52 57
917	42 24 97 52
918	86 71 26 12
919	75 74 80 69
920	29 71 90 28
921	62 94 4 96
922	82 49 87 14
923	87 33 9 95
924	82 4 21 63
925	60 48 97 78
926	50 84 43 8
927	18 7 71 93
928	45 42 50 94
929	27 62 4 55
930	31 25 30 2
931	5 44 64 24
932	57 10 85 42
933	95 80 8 88
934	50 71 22 6
935	36 44 29 6
936	45 8 97 9
937	68 42 90 10
938	61 47 71 14
939	54 67 63 37
940	2 26 21 69
941	56 4 81 94
942	73 76 54 96
943	22 95 52 12
944	81 45 58 26
945	14 79 12 51
946	14 31 2 39
947	31 70 42 52
948	45 80 33 17
949	71 70 86 38
950	93 45 80 66
951	71 14 85 55
952	60 2 21 75
953	14 74 41 51
954	46 24 37 31
955	30 6 27 44
956	29 35 94 57
957	90 54 40 95
958	81 43 65 68
959	74 13 81 5
960	35 25 47 8
961	54 9 79 51
962	86 14 84 11
963	37 52 24 75
964	30 50 10 65
965	32 49 20 9
966	94 8 90 42
967	66 62 45 9
968	13 82 34 8
969	71 50 30 92
970	6 41 40 1
971	4 82 98 85
972	76 100 37 73
973	70 37 61 87
974	3 56 82 76
975	83 39 73 19
976	97 100 12 11
977	48 38 44 25
978	81 64 41 44
979	91 50 90 71
980	72 27 6 98
981	17 8 83 32
982	20 37 46 16
983	85 26 45 71
984	93 28 64 95
985	75 27 99 90
986	82 62 46 34
987	35 10 27 79
988	22 98 46 15
989	58 47 100 98
990	43 42 5 16
991	7 25 35 95
992	74 72 8 33
993	44 35 31 14
994	51 75 44 30
995	80 26 47 46
996	7 53 55 15
997	49 81 64 52
998	39 61 84 47
999	43 13 29 10
1000	84 86 95 51
