Students	1000
1	11 81 89 2
2	35 11 46 1
3	57 14 17 1
4	1 9 46 18
5	58 35 38 26
6	66 87 72 15
7	15 88 86 60
8	30 46 67 85
9	12 18 2 34
10	88 59 3 54
11	76 82 4 66
12	40 64 38 9
13	58 47 84 77
14	76 65 31 22
15	45 96 7 6
16	1 88 12 54
17	46 66 82 69
18	28 35 100 65
19	7 75 61 39
20	45 11 12 7
21	19 79 38 69
22	85 81 92 53
23	66 89 60 98
24	58 85 71 82
25	66 51 40 21
26	85 34 12 30
27	92 60 95 84
28	62 29 83 52
29	59 3 66 34
30	35 12 69 91
31	48 1 54 51
32	47 31 61 33
33	100 74 40 65
34	29 16 64 4
35	85 14 88 64
36	75 48 65 19
37	55 35 21 40
38	50 28 6 65
39	93 30 50 10
40	69 36 25 97
41	12 64 23 17
42	71 53 15 60
43	80 91 55 22
44	32 13 84 4
45	59 7 63 19
46	41 89 69 47
47	19 48 64 37
48	6 32 56 3
49	51 17 79 44
50	57 99 69 44
51	23 24 16 77
52	4 83 84 62
53	6 51 90 35
54	88 59 23 90
55	54 87 82 81
56	34 70 47 93
57	27 58 94 29
58	81 14 88 67
59	33 89 86 37
60	36 44 27 18
61	83 81 96 64
62	92 43 85 42
63	53 36 10 45
64	32 27 88 9
65	6 45 43 11
66	35 18 98 14
67	72 30 33 81
68	16 37 39 84
69	13 17 79 78
70	21 52 88 100
71	34 58 35 14
72	11 32 76 51
73	91 71 25 24
74	74 82 40 72
75	33 100 50 45
76	85 7 10 74
77	26 61 33 52
78	14 25 98 42
79	6 80 75 44
80	20 74 88 97
81	90 91 57 31
82	98 21 66 49
83	73 19 89 97
84	84 91 76 22
85	54 43 88 53
86	1 48 82 59
87	83 70 12 93
88	33 60 73 50
89	72 9 67 4
90	3 8 34 21
91	44 5 60 58
92	11 93 98 100
93	72 50 32 31
94	69 8 15 81
95	50 67 69 43
96	82 1 91 89
97	59 72 1 46
98	29 3 25 22
99	26 3 49 91
100	10 18 32 44
101	54 1 15 99
102	98 23 7 59
103	11 66 84 95
104	63 12 76 46
105	42 72 76 90
106	69 95 30 49
107	99 84 6 4
108	72 31 46 97
109	39 86 12 92
110	6 40 36 78
111	82 40 78 12
112	65 72 7 2
113	2 73 84 26
114	30 64 18 61
115	44 58 76 60
116	72 49 25 51
117	62 9 67 21
118	70 72 42 8
119	4 7 53 48
120	60 35 38 12
121	64 38 20 70
122	92 31 56 24
123	81 53 78 39
124	20 73 97 60
125	33 3 29 68
126	13 69 51 38
127	56 83 78 97
128	57 100 45 10
129	23 73 17 68
130	88 74 77 43
131	2 18 11 25
132	32 58 28 2
133	23 71 3 94
134	9 86 46 87
135	84 6 66 8
136	86 46 34 79
137	22 88 98 35
138	8 34 65 74
139	13 5 85 60
140	60 3 28 83
141	6 18 39 96
142	87 73 94 53
143	92 48 30 77
144	50 5 47 63
145	73 82 90 86
146	24 15 10 22
147	95 59 52 70
148	3 21 56 54
149	36 45 60 4
150	53 16 80 90
151	22 77 78 76
152	45 70 40 76
153	73 72 43 44
154	83 88 36 48
155	36 58 57 82
156	12 14 90 16
157	95 11 92 88
158	41 69 43 67
159	41 35 4 42
160	13 98 1 64
161	15 76 33 31
162	27 40 15 48
163	77 2 47 4
164	5 27 28 84
165	45 53 59 6
166	92 43 83 59
167	67 98 95 43
168	62 59 5 83
169	67 66 77 90
170	49 18 22 46
171	49 5 20 89
172	8 17 76 69
173	97 15 77 22
174	47 68 97 45
175	71 65 40 17
176	95 97 20 91
177	32 27 62 51
178	65 26 6 97
179	85 15 12 38
180	5 15 86 68
181	4 83 21 15
182	37 33 25 97
183	56 87 28 63
184	58 65 80 87
185	28 14 31 2
186	70 34 44 80
187	96 8 27 92
188	12 24 88 44
189	56 45 41 83
190	75 24 76 64
191	85 77 44 75
192	87 15 17 35
193	67 74 4 51
194	75 78 70 84
195	96 59 83 99
196	76 61 64 17
197	77 37 62 16
198	22 30 4 56
199	10 69 25 79
200	81 28 44 36
201	36 53 14 60
202	73 62 80 99
203	31 52 86 25
204	58 82 56 60
205	97 74 17 68
206	54 44 30 19
207	38 58 93 36
208	74 79 24 12
209	88 85 53 23
210	10 40 54 85
211	68 56 89 11
212	84 18 36 9
213	90 24 52 26
214	76 91 68 98
215	58 68 93 92
216	82 53 54 10
217	20 27 32 55
218	65 92 95 14
219	70 82 86 65
220	92 90 6 35
221	44 39 18 69
222	69 88 70 50
223	73 44 84 77
224	34 69 15 12
225	79 33 77 43
226	68 57 86 50
227	35 67 37 90
228	25 9 97 39
229	66 27 60 21
230	4 66 16 22
231	83 63 97 54
232	12 4 59 32
233	24 89 65 83
234	22 100 51 98
235	85 54 74 9
236	49 84 42 26
237	17 46 69 33
238	10 85 28 65
239	87 52 16 96
240	45 14 68 83
241	74 75 87 7
242	72 60 67 85
243	56 99 6 81
244	53 16 24 15
245	59 10 63 47
246	87 69 14 63
247	17 63 68 10
248	89 96 73 98
249	30 69 91 10
250	34 84 59 65
251	57 85 61 93
252	85 17 80 14
253	35 87 96 83
254	50 1 3 29
255	2 100 5 62
256	75 45 87 67
257	16 50 18 60
258	12 43 46 94
259	31 18 74 62
260	31 6 2 95
261	31 20 27 44
262	50 89 53 12
263	43 95 79 34
264	36 11 46 64
265	95 4 66 65
266	49 10 86 20
267	21 76 7 57
268	8 31 61 77
269	9 91 58 8
270	84 100 43 26
271	47 76 45 66
272	8 82 81 4
273	44 99 58 31
274	82 50 72 45
275	77 94 47 98
276	50 82 42 52
277	56 26 61 50
278	36 51 7 27
279	43 90 61 73
280	48 8 81 61
281	75 73 39 19
282	5 97 78 69
283	58 67 46 32
284	25 55 9 82
285	37 31 65 38
286	76 43 69 48
287	72 88 24 38
288	83 60 88 69
289	64 70 7 80
290	75 77 19 8
291	1 85 74 61
292	28 1 12 75
293	30 13 18 47
294	81 59 69 45
295	95 66 74 56
296	76 43 82 90
297	90 58 96 67
298	67 7 84 50
299	68 61 45 28
300	86 63 16 43
301	21 79 90 7
302	97 30 59 6
303	45 18 2 12
304	49 36 35 20
305	34 60 63 80
306	69 96 49 84
307	50 8 3 46
308	86 92 74 53
309	52 38 53 79
310	83 17 30 2
311	93 96 25 61
312	8 46 35 52
313	43 73 84 42
314	78 31 50 5
315	29 2 11 83
316	31 10 40 17
317	83 60 99 91
318	92 52 84 70
319	21 36 67 84
320	7 39 78 11
321	34 5 86 65
322	100 83 51 33
323	79 30 15 65
324	11 52 92 73
325	29 77 68 65
326	35 70 14 17
327	90 63 1 34
328	79 80 21 28
329	38 78 35 43
330	37 77 19 96
331	35 78 67 92
332	84 99 97 70
333	45 44 28 40
334	56 17 7 72
335	75 99 38 3
336	2 78 88 38
337	46 88 49 81
338	44 56 58 43
339	5 70 49 66
340	26 20 6 69
341	70 17 53 9
342	65 33 5 95
343	78 87 64 3
344	5 100 20 77
345	45 46 56 40
346	57 29 74 73
347	70 76 31 12
348	71 68 80 83
349	64 23 53 50
350	91 99 2 57
351	78 64 18 45
352	90 32 28 45
353	62 27 24 72
354	14 20 17 41
355	1 98 51 37
356	13 92 16 11
357	80 11 16 24
358	13 1 31 75
359	7 87 9 76
360	74 48 85 100
361	67 35 62 25
362	74 57 70 16
363	63 83 69 78
364	4 40 90 63
365	33 75 16 42
366	7 34 27 6
367	54 94 14 81
368	67 48 15 14
369	16 28 94 89
370	61 98 53 100
371	100 56 24 15
372	74 24 97 17
373	22 57 40 8
374	3 91 5 51
375	52 26 37 12
376	27 76 33 10
377	98 65 19 35
378	22 79 60 81
379	24 37 22 81
380	6 19 60 50
381	91 48 64 19
382	1 66 40 87
383	3 84 96 88
384	23 74 39 14
385	43 24 89 38
386	20 19 58 77
387	8 24 100 4
388	25 96 28 61
389	27 16 1 40
390	76 31 58 34
391	79 41 91 90
392	36 14 100 71
393	2 35 19 25
394	67 32 25 21
395	38 70 53 82
396	28 70 84 56
397	28 80 74 10
398	26 8 100 63
399	35 27 95 21
400	64 74 14 3
401	36 54 84 42
402	67 47 31 77
403	65 18 85 12
404	31 69 59 97
405	50 20 67 57
406	39 36 49 20
407	87 30 11 76
408	24 32 4 96
409	37 42 55 69
410	44 96 66 65
411	65 32 23 80
412	62 85 77 61
413	39 59 5 61
414	23 93 41 17
415	24 6 23 64
416	85 23 69 17
417	85 52 23 61
418	40 32 23 39
419	31 76 2 91
420	41 34 8 3
421	75 90 67 96
422	12 77 85 49
423	91 96 54 75
424	49 17 35 95
425	56 77 80 9
426	9 7 33 12
427	92 86 90 88
428	16 65 59 1
429	34 71 9 50
430	13 29 5 92
431	85 40 39 13
432	7 63 72 14
433	19 32 74 57
434	47 24 76 21
435	9 46 49 85
436	80 100 56 67
437	81 87 17 32
438	53 7 12 90
439	37 48 69 86
440	79 87 37 67
441	14 64 52 82
442	21 77 25 20
443	69 55 73 62
444	48 57 24 99
445	8 63 80 29
446	61 69 47 13
447	49 98 96 30
448	27 63 79 62
449	79 31 57 59
450	72 100 77 81
451	96 2 17 98
452	68 63 97 36
453	43 70 39 95
454	34 35 57 81
455	19 49 62 89
456	94 11 4 14
457	99 90 40 55
458	79 70 67 55
459	79 85 31 4
460	34 98 17 79
461	45 25 33 10
462	34 39 72 44
463	94 47 51 63
464	14 3 83 47
465	24 58 85 16
466	30 12 68 72
467	76 47 44 74
468	33 23 84 32
469	56 60 87 73
470	85 41 39 17
471	27 7 25 66
472	97 61 90 8
473	15 36 11 39
474	42 40 79 88
475	3 31 83 92
476	17 88 32 11
477	25 50 48 70
478	61 33 46 21
479	22 8 13 64
480	19 70 20 26
481	28 44 26 48
482	91 65 32 84
483	99 82 10 43
484	73 61 96 14
485	70 85 86 84
486	81 71 76 48
487	58 47 89 41
488	27 71 74 78
489	15 63 65 67
490	94 63 16 42
491	83 6 70 38
492	69 68 36 89
493	100 89 25 23
494	29 27 46 28
495	19 28 83 10
496	99 93 5 89
497	49 8 22 40
498	46 9 75 68
499	33 64 6 48
500	58 11 56 15
501	85 99 37 82
502	16 85 54 11
503	47 88 20 75
504	70 75 2 35
505	47 1 96 60
506	30 17 37 33
507	67 36 17 49
508	31 88 87 37
509	66 1 57 78
510	41 19 81 71
511	38 93 10 98
512	94 69 8 18
513	14 93 30 50
514	9 86 15 63
515	20 55 97 12
516	58 64 46 34
517	94 14 41 77
518	47 92 52 84
519	81 13 38 39
520	84 71 30 83
521	22 78 62 64
522	60 37 70 92
523	82 71 37 47
524	95 30 73 89
525	10 39 90 60
526	86 91 45 98
527	31 84 98 24
528	46 58 53 9
529	84 38 28 29
530	54 1 27 51
531	26 61 97 100
532	71 14 21 12
533	85 59 37 97
534	10 86 53 49
535	70 32 36 76
536	17 90 60 72
537	55 76 16 75
538	2 31 71 12
539	65 98 54 37
540	80 16 41 97
541	92 37 48 5
542	42 7 99 63
543	33 14 32 11
544	5 100 66 6
545	57 74 86 81
546	99 16 83 2
547	8 87 41 84
548	65 59 27 94
549	81 77 19 67
550	52 27 42 68
551	23 90 7 72
552	43 47 44 80
553	6 25 68 27
554	50 18 96 75
555	8 77 100 95
556	1 15 83 57
557	32 93 25 9
558	15 40 62 41
559	64 62 89 47
560	69 4 94 10
561	95 94 85 28
562	69 3 46 65
563	100 66 5 44
564	77 91 60 100
565	26 21 39 72
566	86 99 100 3
567	32 3 52 100
568	12 91 56 89
569	57 42 5 74
570	58 96 84 4
571	65 7 80 18
572	8 81 22 19
573	23 37 28 89
574	48 88 65 85
575	7 98 76 42
576	74 77 85 71
577	9 67 10 80
578	7 31 81 54
579	42 26 89 57
580	11 14 5 36
581	5 23 100 88
582	91 55 18 1
583	72 84 93 62
584	100 25 80 54
585	99 10 41 93
586	16 75 49 27
587	71 61 67 27
588	35 61 64 84
589	16 60 5 67
590	38 43 17 79
591	27 41 91 87
592	76 33 54 61
593	15 25 62 53
594	68 39 36 54
595	25 93 11 81
596	38 95 29 72
597	79 85 90 54
598	84 78 16 39
599	41 74 45 59
600	35 28 52 98
601	47 11 9 13
602	83 5 21 74
603	44 57 84 68
604	98 76 68 86
605	41 77 45 18
606	63 28 24 90
607	46 87 91 88
608	73 29 70 9
609	11 61 56 23
610	11 13 8 82
611	83 37 70 65
612	13 22 28 1
613	97 14 28 50
614	61 32 91 78
615	2 20 5 44
616	4 96 87 97
617	75 53 41 26
618	22 41 18 81
619	93 96 29 88
620	79 19 68 70
621	65 77 16 24
622	51 20 97 28
623	63 91 37 33
624	65 51 62 2
625	72 54 22 12
626	3 33 94 8
627	91 87 23 89
628	4 57 22 17
629	1 39 66 26
630	29 72 32 12
631	62 81 68 48
632	42 48 68 40
633	90 85 58 35
634	17 65 11 25
635	51 90 100 26
636	69 95 40 97
637	74 47 53 69
638	56 88 30 43
639	20 44 8 53
640	33 98 77 59
641	7 87 52 62
642	66 45 38 88
643	97 31 100 91
644	41 8 52 75
645	39 99 4 52
646	61 84 31 15
647	13 46 32 60
648	50 24 34 45
649	43 5 90 86
650	36 94 81 65
651	4 29 3 88
652	12 26 20 15
653	37 85 28 36
654	4 86 100 57
655	48 46 57 87
656	3 48 41 65
657	96 88 19 95
658	12 79 36 99
659	47 71 20 31
660	50 81 52 27
661	15 74 75 12
662	61 23 12 59
663	75 59 71 96
664	77 46 15 49
665	64 54 58 90
666	71 40 50 80
667	31 17 9 80
668	53 100 45 96
669	68 95 77 98
670	32 34 19 23
671	27 59 71 30
672	38 4 22 46
673	10 22 43 23
674	56 53 86 80
675	7 5 75 53
676	10 49 67 52
677	68 71 16 17
678	7 78 35 90
679	76 90 25 22
680	17 22 2 13
681	11 47 20 16
682	7 76 82 87
683	60 49 47 10
684	58 94 76 32
685	29 61 17 27
686	82 14 93 22
687	77 21 10 18
688	67 11 63 75
689	33 87 5 90
690	20 76 23 71
691	58 8 15 69
692	14 10 75 16
693	74 65 36 93
694	13 99 2 72
695	23 42 26 38
696	33 20 73 47
697	20 11 42 35
698	65 13 89 39
699	8 17 68 66
700	35 40 67 3
701	78 33 23 86
702	65 72 74 52
703	97 8 47 65
704	57 83 31 19
705	49 55 21 68
706	73 4 100 30
707	20 85 27 7
708	64 30 83 15
709	59 90 1 63
710	64 10 13 7
711	94 89 100 70
712	11 52 3 90
713	3 26 91 38
714	19 91 97 45
715	26 28 75 18
716	67 86 66 92
717	15 71 12 73
718	1 33 77 30
719	2 19 30 17
720	60 59 97 96
721	73 7 34 46
722	33 81 34 98
723	9 69 89 76
724	6 59 14 32
725	67 30 26 89
726	90 89 18 63
727	22 74 85 59
728	73 77 20 8
729	69 42 78 4
730	79 73 66 80
731	48 82 100 13
732	63 42 68 66
733	42 72 90 21
734	44 28 21 10
735	69 32 48 87
736	29 39 46 5
737	4 100 88 21
738	80 51 17 53
739	2 13 61 22
740	24 90 25 97
741	100 32 86 77
742	28 47 74 50
743	53 5 7 15
744	85 68 34 33
745	29 10 41 72
746	89 28 79 29
747	100 27 86 82
748	37 53 54 85
749	64 89 34 4
750	54 48 90 77
751	52 36 76 22
752	51 27 18 74
753	61 44 96 76
754	55 85 23 68
755	35 38 12 21
756	4 27 67 100
757	86 89 59 22
758	24 4 25 10
759	24 11 40 47
760	12 7 85 82
761	14 2 88 42
762	21 67 25 54
763	11 46 70 22
764	34 87 10 12
765	88 94 24 39
766	76 58 33 11
767	72 52 8 71
768	75 65 24 17
769	33 71 60 66
770	37 53 18 59
771	90 95 69 91
772	32 47 30 88
773	62 64 16 45
774	34 54 80 18
775	32 49 80 79
776	62 8 91 20
777	24 38 85 15
778	1 60 20 92
779	92 28 25 67
780	84 89 58 81
781	6 68 2 49
782	46 51 48 73
783	13 47 20 74
784	24 72 12 95
785	31 59 70 79
786	84 53 97 29
787	17 32 80 83
788	58 78 79 55
789	33 37 50 61
790	83 42 64 33
791	98 9 80 54
792	80 87 5 1
793	20 91 90 43
794	22 8 97 88
795	52 59 66 51
796	47 62 48 29
797	84 85 49 95
798	71 41 99 22
799	31 54 34 9
800	24 91 79 46
801	26 86 93 19
802	54 31 35 92
803	68 96 51 25
804	24 86 9 77
805	77 3 97 20
806	34 48 94 9
807	1 62 35 38
808	31 66 57 67
809	52 25 26 65
810	4 98 96 20
811	23 1 74 70
812	80 88 36 89
813	23 100 73 44
814	58 39 3 99
815	74 11 84 76
816	79 10 43 25
817	31 9 62 91
818	68 45 85 10
819	14 100 29 13
820	34 61 3 75
821	98 89 58 48
822	30 82 68 10
823	4 5 87 48
824	19 96 63 53
825	76 88 78 80
826	16 30 52 9
827	74 14 56 37
828	26 73 4 17
829	13 60 37 71
830	4 85 26 22
831	16 66 65 38
832	30 80 15 19
833	23 33 28 35
834	26 46 88 51
835	96 89 12 79
836	17 3 87 40
837	62 100 7 93
838	66 76 87 30
839	69 61 88 60
840	41 12 27 56
841	37 99 21 88
842	100 55 51 37
843	98 28 52 62
844	87 20 73 39
845	6 57 95 42
846	31 71 40 61
847	87 8 84 85
848	45 44 76 8
849	65 29 61 86
850	84 11 53 77
851	93 88 7 47
852	25 67 77 78
853	27 35 6 96
854	57 33 84 63
855	86 53 66 13
856	69 91 85 73
857	29 88 62 33
858	36 62 89 51
859	42 49 12 37
860	40 15 48 100
861	30 75 69 66
862	32 17 30 19
863	38 12 30 87
864	94 64 96 90
865	3 87 23 93
866	60 82 11 38
867	100 9 98 32
868	48 73 6 35
869	66 31 100 91
870	53 44 15 65
871	16 65 99 14
872	36 40 45 42
873	55 62 23 100
874	29 76 92 94
875	99 31 84 19
876	100 50 21 39
877	51 52 9 26
878	58 40 38 62
879	86 33 49 57
880	39 36 61 85
881	9 51 32 53
882	39 77 55 20
883	68 64 6 37
884	31 99 63 90
885	39 85 20 74
886	21 24 47 23
887	23 8 99 15
888	48 41 92 51
889	58 6 72 23
890	14 66 64 50
891	57 94 10 21
892	27 6 14 87
893	99 38 14 97
894	23 14 66 68
895	44 56 52 57
896	33 43 95 82
897	87 88 96 85
898	92 100 2 15
899	46 36 89 88
900	56 83 6 20
901	15 62 87 54
902	1 68 74 73
903	96 27 28 35
904	82 11 66 2
905	69 66 23 92
906	52 70 66 89
907	86 100 16 46
908	24 62 55 61
909	52 12 40 66
910	56 17 97 50
911	77 94 22 34
912	11 45 22 71
913	41 81 49 80
914	26 65 3 51
915	100 16 23 98
916	39 20 92 3
917	22 82 11 5
918	62 97 74 89
919	70 5 26 94
920	51 37 31 69
921	84 73 21 31
922	83 64 66 30
923	47 6 12 17
924	73 99 25 96
925	61 92 47 76
926	49 64 13 70
927	17 60 22 87
928	7 58 35 12
929	86 45 7 15
930	69 18 79 64
931	45 94 27 82
932	49 71 6 13
933	43 16 58 38
934	74 84 57 3
935	84 28 8 79
936	26 87 59 81
937	98 53 74 35
938	64 76 62 97
939	3 32 58 76
940	85 34 92 48
941	34 76 39 100
942	56 1 34 7
943	52 65 14 29
944	51 20 72 47
945	74 60 99 84
946	64 11 82 42
947	95 10 12 50
948	38 89 87 76
949	84 3 56 69
950	8 45 10 95
951	52 78 16 21
952	67 83 92 76
953	59 80 68 31
954	32 13 9 5
955	48 18 56 32
956	50 99 74 3
957	48 30 20 6
958	67 29 15 51
959	56 99 87 53
960	12 51 8 32
961	85 44 70 81
962	83 9 61 23
963	85 26 39 93
964	91 74 93 36
965	14 37 77 80
966	96 94 72 34
967	45 1 40 4
968	15 22 77 24
969	21 30 63 18
970	53 47 85 52
971	89 57 18 36
972	53 51 21 24
973	31 75 90 33
974	82 49 90 75
975	23 18 15 50
976	2 1 50 55
977	17 96 28 20
978	97 23 77 24
979	66 70 47 32
980	95 1 22 41
981	31 48 38 97
982	53 67 1 16
983	12 60 67 23
984	39 64 17 6
985	90 88 60 76
986	28 19 72 81
987	9 3 64 58
988	83 67 28 7
989	82 49 75 69
990	87 57 50 18
991	48 52 75 51
992	75 64 78 7
993	59 32 76 70
994	100 3 71 76
995	31 48 13 28
996	24 20 43 58
997	85 24 92 9
998	84 48 14 10
999	9 77 98 44
1000	99 26 77 31
