Students	1000
1	30 43 91 82
2	57 65 15 59
3	95 20 34 91
4	56 99 2 17
5	14 2 100 34
6	5 3 6 54
7	36 74 47 68
8	53 25 61 2
9	7 65 85 48
10	18 11 96 45
11	57 13 92 25
12	31 90 87 5
13	78 59 48 6
14	66 95 94 37
15	7 8 24 47
16	70 73 61 84
17	16 4 31 80
18	37 23 72 36
19	46 65 97 49
20	9 28 42 2
21	81 19 78 30
22	80 74 1 65
23	91 26 86 36
24	7 70 26 12
25	79 27 99 64
26	2 97 9 37
27	42 57 98 19
28	13 75 43 8
29	56 88 38 63
30	4 39 22 36
31	50 75 19 93
32	16 63 19 35
33	26 45 52 76
34	21 32 1 88
35	89 15 84 17
36	88 58 91 13
37	66 86 41 32
38	31 36 85 9
39	41 35 73 29
40	60 46 21 16
41	53 35 16 42
42	31 72 1 56
43	28 13 55 94
44	76 77 58 12
45	21 39 73 67
46	96 4 100 29
47	27 85 56 79
48	20 71 65 39
49	58 9 3 77
50	70 50 38 97
51	62 26 4 82
52	15 36 70 8
53	89 34 86 44
54	63 32 6 43
55	61 68 74 77
56	38 4 44 18
57	95 74 25 26
58	44 87 69 48
59	12 11 65 42
60	96 38 95 50
61	68 1 15 46
62	48 8 84 67
63	73 83 49 84
64	61 73 36 69
65	12 45 76 68
66	59 90 4 70
67	3 31 83 80
68	51 93 71 44
69	39 66 72 24
70	15 87 71 35
71	24 68 89 4
72	23 53 98 80
73	3 55 4 43
74	53 14 77 27
75	41 99 32 91
76	95 98 30 2
77	87 30 61 93
78	3 48 38 5
79	65 10 40 70
80	21 45 83 50
81	38 6 39 30
82	80 16 96 26
83	25 78 67 93
84	25 73 71 3
85	13 84 41 67
86	74 53 65 47
87	79 10 31 96
88	32 20 18 27
89	21 43 9 68
90	20 75 49 87
91	22 95 84 32
92	94 49 26 58
93	12 80 78 27
94	8 44 1 96
95	79 22 9 75
96	75 99 73 86
97	92 65 76 25
98	16 31 78 40
99	70 83 97 86
100	51 12 15 21
101	92 19 61 57
102	89 71 95 19
103	81 5 94 18
104	39 49 21 46
105	54 87 45 8
106	69 37 10 50
107	49 95 34 67
108	32 15 23 58
109	81 49 2 41
110	81 72 9 21
111	49 83 12 37
112	38 66 15 25
113	7 36 54 59
114	54 41 91 74
115	14 54 77 16
116	94 17 31 7
117	62 83 94 93
118	4 97 14 75
119	22 37 54 51
120	63 33 10 98
121	77 3 86 85
122	27 64 26 85
123	32 77 36 30
124	50 74 14 92
125	49 19 100 36
126	30 6 51 94
127	67 7 22 11
128	93 35 59 79
129	50 84 2 85
130	57 26 95 75
131	94 93 58 30
132	87 73 29 48
133	76 60 89 94
134	4 82 9 16
135	18 40 66 21
136	12 100 13 92
137	48 72 68 92
138	66 28 88 68
139	34 1 94 92
140	7 93 67 53
141	64 68 5 42
142	2 86 41 35
143	92 59 40 41
144	72 91 18 41
145	67 78 96 73
146	39 73 86 8
147	36 10 12 96
148	33 62 98 35
149	36 81 24 86
150	24 36 6 9
151	9 10 91 39
152	41 34 98 51
153	36 4 28 8
154	91 66 17 20
155	52 97 20 66
156	26 96 61 64
157	100 76 91 39
158	10 19 68 61
159	38 81 39 77
160	88 17 96 35
161	100 45 13 20
162	56 3 60 79
163	42 26 56 55
164	9 38 15 2
165	91 3 61 47
166	86 26 17 39
167	82 21 63 14
168	73 37 71 72
169	6 69 44 48
170	37 63 94 36
171	49 39 36 95
172	51 42 39 73
173	74 28 72 76
174	79 34 16 28
175	49 39 36 77
176	65 34 2 83
177	75 70 67 36
178	17 26 94 23
179	79 62 40 21
180	28 95 77 42
181	47 42 94 43
182	50 80 59 26
183	20 12 9 23
184	82 66 57 9
185	68 71 50 38
186	25 63 1 24
187	27 17 38 59
188	90 96 46 14
189	84 39 58 24
190	61 82 8 77
191	57 27 33 49
192	55 18 12 23
193	42 82 35 84
194	16 29 46 39
195	44 89 12 61
196	66 80 4 14
197	64 71 24 92
198	12 39 18 26
199	43 6 36 96
200	6 76 39 62
201	98 28 42 73
202	26 99 7 70
203	76 4 8 2
204	75 49 100 79
205	52 82 8 13
206	26 79 23 54
207	68 55 7 39
208	77 87 17 83
209	36 7 62 73
210	98 59 79 60
211	93 60 25 9
212	48 70 73 53
213	55 15 56 24
214	3 70 80 40
215	3 94 77 67
216	81 89 76 38
217	82 97 48 95
218	30 99 89 65
219	48 49 70 77
220	40 77 41 10
221	52 21 98 18
222	59 35 27 14
223	16 46 87 52
224	26 95 22 99
225	69 35 85 92
226	42 45 16 70
227	20 73 90 47
228	97 37 62 64
229	19 59 30 74
230	20 79 88 48
231	50 44 82 63
232	60 39 11 79
233	46 57 50 98
234	62 59 35 92
235	88 52 92 75
236	3 34 85 33
237	61 24 58 1
238	22 80 97 73
239	43 51 91 57
240	9 23 43 36
241	48 20 65 50
242	19 93 58 41
243	91 8 27 86
244	41 54 26 69
245	35 99 7 76
246	14 23 19 88
247	93 84 34 66
248	46 42 6 61
249	63 54 33 51
250	63 42 16 41
251	53 91 42 48
252	16 75 43 87
253	16 26 9 74
254	37 38 42 2
255	94 47 37 64
256	2 66 51 75
257	44 90 24 32
258	54 31 30 6
259	95 67 21 61
260	29 83 99 24
261	63 14 57 83
262	22 74 87 35
263	40 7 46 14
264	86 89 58 7
265	23 83 16 79
266	8 92 68 28
267	60 33 94 30
268	78 96 3 21
269	73 19 91 34
270	39 83 61 88
271	80 35 38 44
272	49 24 20 7
273	8 55 79 37
274	2 98 68 66
275	83 94 93 2
276	75 54 76 55
277	5 77 92 21
278	9 83 81 67
279	77 16 28 86
280	40 76 6 53
281	99 13 89 74
282	57 31 72 40
283	39 53 57 58
284	100 61 39 78
285	43 55 65 53
286	71 16 66 65
287	100 8 91 9
288	22 82 75 37
289	25 70 100 47
290	92 32 62 88
291	80 56 86 41
292	79 91 15 69
293	15 76 17 57
294	2 52 36 6
295	60 19 26 43
296	24 95 9 51
297	52 76 32 88
298	22 48 99 57
299	6 50 71 37
300	14 90 17 70
301	84 76 66 41
302	64 37 72 97
303	92 39 34 82
304	92 33 42 48
305	2 14 8 26
306	1 84 57 15
307	59 87 11 34
308	85 75 60 33
309	8 41 32 49
310	47 74 16 68
311	72 17 71 27
312	11 24 64 82
313	66 50 3 52
314	8 52 83 61
315	26 90 66 25
316	57 33 25 23
317	34 2 31 25
318	63 36 82 12
319	81 22 33 20
320	60 100 98 34
321	97 53 35 91
322	61 35 85 37
323	34 22 56 27
324	26 38 27 8
325	82 64 26 65
326	6 91 75 73
327	72 85 43 59
328	90 67 42 89
329	7 17 90 54
330	7 90 65 23
331	84 9 57 5
332	59 89 63 71
333	64 15 21 69
334	67 14 45 44
335	29 64 86 24
336	6 88 11 3
337	18 55 14 25
338	38 31 15 45
339	6 25 80 70
340	64 97 53 83
341	43 80 72 1
342	43 44 64 22
343	60 29 97 1
344	35 36 45 7
345	14 9 92 85
346	18 73 11 63
347	91 23 52 12
348	92 51 77 22
349	1 19 50 17
350	36 57 93 21
351	70 95 12 73
352	87 24 94 17
353	58 94 46 36
354	17 72 39 88
355	42 76 95 78
356	39 24 42 57
357	88 12 26 28
358	76 48 94 23
359	61 55 63 7
360	67 76 78 87
361	18 56 29 41
362	7 100 57 67
363	73 39 38 45
364	6 21 43 34
365	72 66 9 93
366	21 48 41 1
367	42 85 68 59
368	50 90 48 64
369	55 13 7 68
370	71 81 75 11
371	33 23 73 8
372	6 72 30 12
373	4 36 52 22
374	42 80 46 51
375	81 52 69 35
376	42 38 86 17
377	10 65 44 81
378	54 57 66 60
379	96 97 93 54
380	8 20 15 65
381	95 15 19 50
382	94 78 83 67
383	49 40 25 59
384	5 33 39 74
385	18 76 45 31
386	94 95 23 74
387	25 18 67 86
388	56 11 35 87
389	70 81 4 11
390	81 42 9 52
391	2 28 55 71
392	81 71 90 61
393	78 30 61 69
394	67 54 73 5
395	10 85 11 7
396	86 44 52 71
397	13 5 32 31
398	44 20 67 74
399	62 18 96 27
400	33 59 62 93
401	2 87 53 6
402	96 37 76 59
403	10 76 35 87
404	84 53 19 9
405	59 69 23 20
406	12 24 26 100
407	85 11 80 21
408	39 28 66 98
409	98 4 62 34
410	63 20 80 96
411	21 49 100 12
412	24 37 76 99
413	38 98 68 10
414	3 21 20 9
415	61 30 94 23
416	37 46 67 74
417	90 35 44 83
418	55 93 53 23
419	5 58 72 60
420	71 56 9 6
421	23 29 11 46
422	94 78 13 73
423	49 92 10 15
424	44 62 37 65
425	27 40 5 69
426	52 27 61 77
427	16 6 13 43
428	48 31 27 38
429	49 14 75 59
430	13 59 8 10
431	5 79 55 70
432	67 27 34 82
433	31 40 58 67
434	95 78 93 72
435	88 69 81 24
436	34 28 24 92
437	18 14 99 27
438	75 40 66 68
439	72 74 97 29
440	39 59 12 14
441	74 87 9 1
442	18 26 97 64
443	52 51 27 96
444	78 71 5 27
445	3 5 6 11
446	16 95 31 71
447	22 19 53 52
448	79 58 85 66
449	80 68 91 10
450	92 94 1 96
451	52 88 75 14
452	25 92 10 7
453	79 64 71 99
454	65 23 82 30
455	93 12 50 16
456	93 19 73 92
457	56 63 55 7
458	28 53 14 25
459	35 46 100 37
460	87 35 79 14
461	41 52 86 33
462	32 34 10 63
463	96 76 91 41
464	4 92 26 14
465	20 74 62 87
466	87 62 48 7
467	99 50 75 33
468	21 5 79 42
469	26 21 92 77
470	72 24 14 56
471	20 36 40 39
472	31 75 47 86
473	20 1 67 13
474	98 67 100 62
475	54 36 86 69
476	80 22 17 60
477	52 93 1 6
478	15 72 74 97
479	25 61 15 45
480	3 64 47 21
481	26 71 98 12
482	28 56 23 84
483	61 74 36 4
484	64 65 6 38
485	65 82 55 50
486	40 99 90 88
487	8 50 41 75
488	67 2 23 80
489	98 53 4 27
490	33 70 35 3
491	82 83 50 3
492	26 39 30 100
493	35 75 23 26
494	82 66 52 9
495	53 87 35 59
496	95 29 98 16
497	62 67 4 95
498	55 20 18 2
499	3 66 43 22
500	97 56 27 39
501	59 62 61 71
502	1 68 53 57
503	92 43 31 87
504	50 53 33 7
505	63 28 14 82
506	54 58 91 79
507	27 51 25 90
508	85 26 58 88
509	24 40 14 47
510	70 95 15 75
511	72 91 1 74
512	49 62 23 52
513	6 95 14 55
514	60 25 71 17
515	70 94 1 73
516	63 5 32 83
517	57 82 7 81
518	58 17 61 69
519	69 8 68 72
520	88 74 52 3
521	29 58 6 17
522	56 40 28 33
523	81 79 70 5
524	58 37 86 71
525	7 82 53 85
526	12 1 75 32
527	100 14 87 55
528	53 4 5 36
529	54 59 67 95
530	49 51 34 53
531	91 13 8 56
532	34 91 16 7
533	59 66 6 46
534	98 70 81 91
535	75 68 100 95
536	8 84 31 92
537	3 33 77 50
538	11 5 73 75
539	45 88 98 18
540	28 3 89 47
541	68 81 4 73
542	74 6 41 19
543	28 21 47 61
544	54 77 10 34
545	42 79 6 1
546	14 2 4 12
547	97 3 15 46
548	2 76 44 39
549	73 22 7 31
550	50 97 39 86
551	64 61 70 59
552	33 32 5 86
553	44 82 14 76
554	13 42 89 53
555	65 41 71 17
556	34 21 42 57
557	45 23 69 78
558	57 2 14 89
559	88 57 68 4
560	98 30 14 43
561	71 13 94 31
562	52 32 84 53
563	14 77 8 74
564	22 64 54 24
565	72 9 94 22
566	40 86 54 78
567	28 91 5 34
568	14 69 70 100
569	68 63 19 2
570	69 46 32 21
571	23 97 86 69
572	55 92 76 16
573	38 69 59 48
574	46 7 11 55
575	34 89 100 66
576	64 53 100 47
577	51 33 9 7
578	45 73 86 74
579	17 36 50 65
580	80 50 71 95
581	65 87 45 51
582	34 85 17 20
583	21 95 73 63
584	26 88 78 18
585	26 35 53 22
586	79 65 1 96
587	86 100 52 55
588	31 24 21 73
589	73 48 31 1
590	35 74 89 49
591	96 31 77 9
592	58 95 44 28
593	44 89 41 16
594	67 59 35 49
595	47 68 25 39
596	37 66 29 65
597	87 77 98 94
598	18 96 72 41
599	20 84 53 44
600	20 13 6 80
601	82 32 28 65
602	69 94 20 57
603	88 33 70 73
604	64 68 25 27
605	60 58 81 9
606	61 100 93 65
607	72 43 34 57
608	28 15 37 97
609	92 47 15 60
610	32 70 58 11
611	57 71 66 39
612	42 18 77 76
613	31 85 65 29
614	88 47 89 96
615	42 97 38 17
616	9 79 62 32
617	45 56 19 99
618	53 1 59 21
619	91 96 70 84
620	17 23 50 7
621	62 100 8 37
622	32 81 22 76
623	20 58 63 50
624	66 26 38 81
625	46 36 77 74
626	98 12 89 48
627	5 37 69 98
628	71 61 90 58
629	80 6 5 27
630	51 37 75 81
631	51 33 41 70
632	65 39 6 82
633	22 54 40 25
634	92 63 30 12
635	18 90 98 69
636	61 48 79 98
637	6 75 9 58
638	60 1 81 34
639	91 14 69 70
640	93 79 21 26
641	5 98 55 92
642	50 46 83 25
643	98 99 80 17
644	96 72 78 15
645	39 69 18 65
646	1 36 7 35
647	21 66 55 41
648	45 10 3 1
649	53 27 91 63
650	100 26 81 90
651	85 30 66 40
652	61 50 16 69
653	60 84 30 48
654	48 91 68 100
655	88 6 96 92
656	52 40 78 47
657	81 55 69 6
658	38 13 97 63
659	23 16 95 24
660	63 81 65 26
661	93 91 21 29
662	6 78 83 82
663	7 90 33 99
664	97 32 65 7
665	19 22 11 36
666	89 60 20 41
667	35 41 38 21
668	1 60 59 73
669	66 67 63 43
670	16 27 52 2
671	98 65 79 38
672	48 3 40 93
673	63 20 67 32
674	3 41 11 67
675	5 68 100 75
676	77 38 20 49
677	31 85 28 75
678	45 61 26 1
679	17 51 6 66
680	25 53 39 13
681	80 14 10 29
682	78 8 91 58
683	2 90 44 86
684	74 4 73 95
685	11 35 44 46
686	46 53 21 47
687	50 63 36 3
688	7 71 26 17
689	67 38 95 64
690	88 59 40 64
691	79 39 73 58
692	71 22 97 38
693	1 41 76 64
694	27 79 46 61
695	28 27 67 23
696	98 62 47 25
697	33 50 96 52
698	12 53 39 15
699	34 14 5 99
700	98 10 57 30
701	93 73 11 16
702	70 10 81 14
703	11 28 95 72
704	70 30 8 24
705	24 45 57 88
706	85 27 60 68
707	56 44 83 67
708	17 2 42 55
709	45 85 23 28
710	89 87 97 43
711	15 94 78 3
712	83 63 9 3
713	27 49 29 90
714	24 11 40 4
715	6 10 11 29
716	81 59 35 43
717	76 58 17 73
718	86 9 51 11
719	17 69 70 79
720	45 42 3 97
721	77 66 24 7
722	98 52 84 73
723	10 17 35 61
724	83 19 1 8
725	76 96 73 64
726	63 83 87 1
727	40 3 24 51
728	74 45 51 13
729	95 100 37 19
730	24 43 56 32
731	17 43 14 40
732	88 46 38 67
733	63 8 12 65
734	68 95 18 35
735	12 31 3 50
736	10 69 13 49
737	52 71 64 80
738	18 16 5 10
739	23 94 31 33
740	18 72 27 86
741	35 37 47 39
742	73 19 70 87
743	65 85 59 67
744	28 71 16 11
745	65 93 20 32
746	1 26 30 61
747	70 22 7 75
748	66 74 7 71
749	37 33 4 81
750	16 21 45 86
751	1 59 81 68
752	49 26 54 10
753	70 32 90 67
754	98 78 20 56
755	53 22 44 64
756	86 78 15 42
757	78 41 61 8
758	13 4 65 40
759	68 84 10 60
760	29 11 24 86
761	56 18 6 89
762	12 63 53 69
763	24 42 77 98
764	8 91 21 81
765	83 33 80 85
766	27 42 49 18
767	82 9 50 32
768	52 63 70 16
769	45 76 55 39
770	88 77 96 93
771	96 64 41 20
772	53 63 82 83
773	33 1 20 99
774	56 83 27 33
775	30 21 52 56
776	50 52 67 71
777	47 44 88 13
778	2 12 10 25
779	18 41 81 35
780	13 74 2 23
781	82 90 6 9
782	76 45 48 87
783	75 96 1 15
784	36 70 76 96
785	87 66 6 27
786	32 73 88 57
787	29 56 4 34
788	81 15 57 16
789	9 93 17 75
790	33 31 16 5
791	45 56 11 83
792	33 58 96 13
793	77 27 29 17
794	26 98 43 54
795	52 81 85 51
796	50 72 44 73
797	75 54 92 35
798	64 61 4 70
799	96 46 98 82
800	14 60 71 48
801	18 40 86 7
802	34 20 67 80
803	90 55 20 37
804	66 99 7 29
805	38 81 90 96
806	76 11 24 75
807	91 53 39 66
808	71 90 23 74
809	10 96 18 48
810	24 53 29 94
811	73 39 61 76
812	9 47 29 16
813	13 8 37 85
814	57 2 76 67
815	74 99 27 71
816	1 37 77 78
817	48 73 44 97
818	40 52 91 80
819	89 83 71 26
820	5 18 2 41
821	95 81 7 36
822	15 86 70 38
823	95 57 8 19
824	31 46 59 12
825	59 13 67 51
826	45 36 35 78
827	40 25 42 61
828	64 93 88 33
829	6 19 65 56
830	6 74 62 52
831	49 80 47 19
832	98 95 38 19
833	77 8 41 90
834	95 84 26 27
835	73 57 82 71
836	71 20 35 56
837	91 22 97 89
838	3 89 62 4
839	85 9 44 62
840	61 8 89 80
841	87 45 12 69
842	62 49 51 39
843	100 30 69 37
844	64 53 72 29
845	59 55 66 87
846	96 41 75 10
847	84 90 30 71
848	97 98 4 35
849	85 32 10 50
850	3 80 89 76
851	57 55 1 27
852	62 73 46 97
853	69 78 66 61
854	61 57 16 19
855	23 16 78 5
856	84 14 69 65
857	19 3 78 41
858	39 2 65 58
859	73 41 81 66
860	9 19 58 98
861	48 92 25 67
862	47 85 20 51
863	29 80 50 11
864	37 68 10 77
865	57 69 93 64
866	20 45 59 76
867	30 3 16 66
868	5 42 88 59
869	33 15 76 24
870	43 23 53 50
871	48 45 65 69
872	68 56 63 62
873	75 81 100 52
874	68 8 48 15
875	70 67 42 17
876	54 48 66 86
877	70 24 76 68
878	46 50 12 20
879	55 56 17 79
880	79 58 89 95
881	63 65 67 18
882	82 56 17 22
883	89 94 86 26
884	13 67 52 83
885	64 12 57 95
886	78 57 65 34
887	6 46 61 95
888	42 36 22 19
889	85 61 76 54
890	26 14 49 79
891	100 78 16 2
892	79 56 63 33
893	27 40 29 31
894	42 89 54 27
895	6 44 24 42
896	30 83 86 33
897	15 19 17 31
898	36 52 73 28
899	8 29 100 24
900	14 8 46 74
901	39 94 25 54
902	99 8 50 6
903	26 39 97 85
904	99 16 75 40
905	27 73 23 8
906	62 95 57 63
907	40 66 73 22
908	12 35 67 59
909	35 72 15 68
910	56 59 60 48
911	98 46 20 6
912	100 87 5 82
913	97 80 31 19
914	51 64 70 42
915	88 9 18 31
916	42 4 25 94
917	29 96 45 78
918	5 79 52 98
919	33 51 50 57
920	8 6 2 30
921	66 18 100 81
922	8 37 42 24
923	4 51 55 82
924	41 14 87 16
925	100 94 33 75
926	10 11 39 72
927	14 38 69 15
928	27 21 14 76
929	85 82 31 2
930	95 54 59 34
931	73 70 85 86
932	22 34 77 10
933	67 40 95 36
934	35 82 57 29
935	65 61 40 5
936	4 27 20 82
937	37 7 62 79
938	83 63 23 55
939	86 78 2 67
940	54 78 29 25
941	45 81 40 69
942	61 53 93 49
943	57 45 38 66
944	61 26 43 75
945	34 10 91 86
946	99 15 18 77
947	33 41 10 74
948	9 54 12 87
949	74 9 30 72
950	53 75 12 19
951	57 80 91 95
952	81 77 99 27
953	37 41 6 25
954	69 83 67 60
955	56 31 65 63
956	30 35 93 26
957	84 4 93 98
958	72 9 47 98
959	56 93 51 21
960	12 56 80 28
961	28 47 94 77
962	25 80 30 31
963	74 86 34 32
964	91 82 90 56
965	17 64 30 26
966	26 75 46 58
967	51 95 39 5
968	17 81 47 9
969	55 52 48 57
970	80 66 4 93
971	72 31 25 14
972	18 89 8 99
973	3 80 38 61
974	68 11 47 51
975	10 13 73 44
976	51 69 73 5
977	21 16 54 100
978	6 41 95 47
979	83 86 98 100
980	1 66 11 90
981	25 83 76 57
982	65 2 64 29
983	7 3 24 60
984	39 5 18 19
985	3 78 60 83
986	86 36 62 16
987	84 68 77 56
988	53 58 16 66
989	91 43 56 1
990	33 10 6 29
991	77 97 6 16
992	36 71 52 100
993	99 83 39 45
994	37 17 36 29
995	47 29 2 81
996	43 56 92 67
997	87 2 18 89
998	44 74 38 51
999	32 54 18 16
1000	77 69 78 56
