Students	1000
1	7 22 45 16
2	73 86 32 8
3	98 55 54 42
4	12 80 58 45
5	14 29 34 58
6	99 69 29 77
7	61 49 66 55
8	38 62 2 55
9	70 46 80 1
10	33 32 54 61
11	92 45 87 26
12	26 70 17 58
13	99 72 27 53
14	69 12 13 60
15	60 77 84 28
16	40 25 84 47
17	67 95 97 59
18	15 42 14 22
19	58 83 33 91
20	56 26 74 85
21	37 63 96 75
22	98 45 92 85
23	72 6 38 64
24	75 4 42 94
25	58 81 15 39
26	51 60 66 9
27	61 54 73 48
28	89 96 100 76
29	2 26 76 69
30	100 93 37 29
31	82 89 3 98
32	41 72 94 59
33	78 27 2 44
34	81 2 53 43
35	96 24 79 6
36	31 10 32 46
37	5 48 14 54
38	81 41 18 30
39	39 66 23 20
40	55 86 31 24
41	3 61 91 26
42	76 47 7 60
43	56 28 45 61
44	75 39 91 52
45	50 21 33 66
46	92 36 19 38
47	21 90 52 45
48	57 32 2 42
49	13 58 22 52
50	39 23 86 81
51	4 94 55 14
52	39 97 47 88
53	31 60 64 3
54	75 18 6 51
55	42 99 64 43
56	1 60 65 29
57	33 7 64 81
58	11 33 86 68
59	34 29 43 71
60	45 65 72 33
61	8 74 67 7
62	53 13 99 72
63	68 91 73 23
64	52 61 40 63
65	35 55 14 51
66	81 92 39 44
67	44 87 74 65
68	61 40 13 24
69	11 5 38 4
70	49 9 36 63
71	51 99 68 90
72	62 54 76 87
73	53 22 56 25
74	44 5 80 82
75	47 92 3 2
76	29 25 4 61
77	23 91 85 46
78	72 61 53 85
79	7 28 16 10
80	93 90 78 64
81	26 55 69 40
82	1 19 73 12
83	25 49 77 38
84	89 87 31 71
85	11 38 25 47
86	84 16 96 18
87	71 80 36 37
88	16 70 77 82
89	50 59 38 77
90	93 94 82 57
91	4 73 32 58
92	4 46 73 33
93	41 47 82 16
94	3 86 72 7
95	81 92 4 12
96	92 37 1 2
97	85 54 65 20
98	39 71 88 42
99	56 81 45 13
100	2 40 91 100
101	73 74 93 41
102	6 97 19 30
103	20 68 84 19
104	21 34 39 19
105	52 54 66 65
106	19 85 63 20
107	75 17 7 45
108	88 53 94 49
109	32 46 84 34
110	21 99 76 39
111	55 63 78 6
112	41 57 31 90
113	19 47 84 58
114	96 72 58 26
115	29 34 67 37
116	71 59 29 18
117	72 36 63 21
118	70 49 62 45
119	33 41 80 58
120	22 7 11 73
121	50 90 22 80
122	93 31 65 21
123	97 16 20 1
124	99 36 43 61
125	31 46 43 2
126	89 45 85 74
127	69 26 32 9
128	69 97 59 42
129	49 94 89 32
130	39 70 35 52
131	68 95 60 84
132	98 70 65 67
133	76 32 53 14
134	60 91 97 33
135	90 91 7 65
136	6 70 5 23
137	79 80 48 40
138	78 74 13 57
139	96 3 94 75
140	96 97 16 10
141	20 84 39 93
142	54 58 6 100
143	45 8 77 67
144	85 37 32 55
145	79 36 1 62
146	82 89 98 6
147	7 88 83 49
148	46 62 13 10
149	64 11 66 38
150	47 25 78 3
151	49 84 34 16
152	3 18 57 97
153	52 27 94 39
154	23 17 47 95
155	29 49 38 23
156	25 12 95 26
157	62 28 33 88
158	83 84 8 94
159	53 74 88 44
160	21 67 27 4
161	65 27 50 98
162	50 8 57 37
163	69 79 11 47
164	44 89 79 68
165	44 97 86 49
166	38 44 95 5
167	94 9 58 56
168	19 40 56 37
169	31 69 60 4
170	87 99 68 56
171	32 95 53 15
172	87 79 80 42
173	44 70 76 82
174	68 13 45 67
175	62 50 48 96
176	9 57 61 1
177	8 10 87 32
178	33 51 40 92
179	74 9 96 18
180	29 30 99 94
181	75 71 23 77
182	39 99 4 71
183	97 49 91 71
184	67 15 28 93
185	85 71 49 32
186	59 65 35 17
187	18 49 10 3
188	32 98 27 37
189	79 51 9 12
190	65 35 29 95
191	5 77 68 8
192	43 34 28 23
193	73 13 83 53
194	68 22 89 80
195	61 29 65 38
196	59 40 48 100
197	45 71 3 21
198	41 19 51 92
199	98 88 79 15
200	5 6 79 68
201	56 21 70 23
202	70 42 85 100
203	56 90 19 24
204	16 2 4 81
205	80 51 75 3
206	11 77 52 15
207	64 96 3 39
208	94 88 65 8
209	37 21 59 40
210	13 79 90 91
211	3 32 7 6
212	9 42 22 37
213	58 90 6 61
214	45 38 41 43
215	3 79 39 86
216	36 97 31 98
217	19 80 37 65
218	30 4 37 5
219	21 99 93 62
220	90 43 58 40
221	45 11 65 41
222	36 23 14 98
223	83 20 37 34
224	72 28 38 84
225	20 66 54 100
226	17 5 35 7
227	3 46 19 42
228	4 14 35 28
229	71 96 39 83
230	30 8 6 2
231	52 98 32 11
232	6 60 3 27
233	27 9 94 79
234	40 15 33 50
235	81 11 93 97
236	71 53 26 55
237	21 52 28 1
238	91 75 81 66
239	55 51 46 82
240	3 66 44 56
241	33 6 73 60
242	35 68 63 53
243	67 96 30 64
244	43 89 69 24
245	82 39 22 63
246	92 9 69 78
247	56 49 7 89
248	97 46 4 12
249	66 94 92 22
250	52 12 24 39
251	19 13 84 39
252	10 60 23 66
253	19 40 20 4
254	19 60 62 21
255	82 16 20 46
256	14 83 22 18
257	57 86 51 60
258	83 56 9 19
259	48 22 46 63
260	92 80 51 73
261	89 88 51 50
262	98 46 45 66
263	50 82 25 4
264	72 39 87 74
265	58 5 24 53
266	28 20 92 53
267	6 21 78 91
268	14 29 34 44
269	62 37 43 17
270	56 15 48 51
271	72 100 21 54
272	22 79 29 20
273	67 14 87 75
274	47 94 96 15
275	48 31 20 19
276	83 61 11 7
277	65 53 97 10
278	90 23 6 88
279	2 51 40 66
280	26 54 63 5
281	8 30 61 23
282	52 8 69 48
283	50 81 75 100
284	70 75 85 35
285	90 5 8 93
286	69 10 86 15
287	29 33 16 65
288	69 89 66 87
289	58 35 81 73
290	60 28 75 77
291	25 84 40 79
292	11 100 49 6
293	34 23 46 4
294	86 43 41 11
295	71 59 21 52
296	71 86 40 53
297	97 89 68 23
298	21 28 36 99
299	52 17 55 88
300	79 97 27 68
301	72 66 30 82
302	45 1 57 70
303	48 50 81 62
304	79 27 8 14
305	43 50 12 61
306	49 30 91 6
307	55 26 35 96
308	96 1 31 35
309	2 65 54 39
310	25 87 83 51
311	50 75 17 41
312	40 39 13 19
313	6 4 63 36
314	28 16 54 81
315	40 100 21 94
316	82 5 41 66
317	64 44 74 97
318	60 27 3 63
319	67 11 17 100
320	77 90 35 57
321	8 61 83 25
322	88 94 54 49
323	16 15 81 47
324	53 83 59 37
325	89 51 36 91
326	37 77 76 82
327	30 80 92 34
328	97 42 67 34
329	55 57 13 97
330	83 74 30 58
331	77 21 18 79
332	6 7 90 41
333	4 65 25 84
334	55 92 7 68
335	90 54 49 74
336	74 33 100 26
337	23 49 34 86
338	89 91 62 18
339	93 20 55 10
340	32 33 22 46
341	57 49 25 93
342	10 24 66 4
343	80 85 79 34
344	70 41 65 92
345	69 26 19 71
346	32 95 27 68
347	99 58 84 9
348	99 59 96 78
349	84 30 9 40
350	5 1 52 94
351	85 77 29 91
352	40 36 92 48
353	22 65 29 25
354	49 30 46 100
355	11 78 26 32
356	45 90 19 88
357	78 47 13 8
358	41 29 79 37
359	76 29 17 84
360	82 78 47 39
361	91 83 8 76
362	68 73 62 10
363	35 84 61 74
364	49 73 82 56
365	7 23 20 40
366	82 10 65 49
367	23 33 45 86
368	3 84 77 50
369	46 44 30 39
370	83 95 22 7
371	55 67 8 13
372	53 9 68 27
373	10 53 13 46
374	12 1 54 35
375	99 85 45 12
376	52 69 80 50
377	59 16 3 66
378	90 42 17 24
379	87 26 45 13
380	84 21 30 50
381	56 38 53 57
382	38 9 99 11
383	50 27 83 76
384	89 25 74 100
385	18 1 26 5
386	96 50 46 10
387	72 47 63 66
388	65 25 64 3
389	42 16 29 39
390	71 3 70 79
391	22 31 78 65
392	61 47 88 73
393	55 84 49 51
394	31 30 56 64
395	11 48 73 69
396	40 17 31 45
397	43 24 92 67
398	11 32 18 56
399	30 52 8 57
400	49 43 23 87
401	22 17 23 96
402	8 42 80 54
403	63 58 50 14
404	19 44 77 63
405	82 78 46 72
406	7 70 22 73
407	24 53 73 61
408	35 16 9 87
409	78 81 31 32
410	57 83 23 78
411	97 94 29 12
412	100 99 90 98
413	75 65 90 35
414	77 81 73 48
415	91 26 13 89
416	64 33 90 10
417	10 33 13 8
418	51 60 80 77
419	68 26 7 71
420	23 50 66 29
421	53 65 45 85
422	10 28 85 14
423	56 16 53 85
424	48 32 18 63
425	31 12 64 8
426	52 88 73 14
427	10 36 21 20
428	99 23 22 90
429	22 68 77 85
430	28 6 87 90
431	51 93 94 6
432	53 72 22 97
433	85 37 60 51
434	73 82 31 60
435	51 27 74 82
436	49 61 63 68
437	38 37 14 89
438	63 9 34 94
439	91 94 12 49
440	92 80 32 6
441	7 83 29 11
442	19 9 36 80
443	90 16 89 55
444	8 66 59 76
445	88 99 35 2
446	64 75 39 42
447	90 4 65 22
448	35 96 22 68
449	82 36 64 39
450	23 24 26 61
451	54 3 30 35
452	44 9 61 85
453	62 90 77 66
454	61 80 36 34
455	79 63 17 67
456	8 39 10 4
457	99 39 47 18
458	34 68 12 18
459	40 91 77 33
460	32 64 87 39
461	32 56 58 84
462	41 35 5 4
463	89 61 39 37
464	4 41 34 85
465	72 9 91 74
466	90 67 28 37
467	76 98 8 37
468	64 43 36 40
469	47 98 13 15
470	91 45 98 97
471	10 91 30 94
472	33 17 92 58
473	12 60 86 7
474	66 7 69 85
475	69 29 13 34
476	21 25 53 44
477	24 53 14 48
478	68 54 85 53
479	57 45 87 84
480	48 47 55 68
481	25 95 52 28
482	26 90 50 81
483	76 34 68 54
484	7 99 71 63
485	16 52 17 9
486	62 83 43 76
487	71 49 79 6
488	84 73 92 71
489	1 30 7 46
490	56 33 78 87
491	41 16 74 98
492	56 21 54 94
493	42 80 21 13
494	24 67 4 1
495	71 41 48 15
496	55 68 37 86
497	17 46 40 1
498	35 93 20 8
499	48 5 65 61
500	9 34 32 94
501	96 62 88 32
502	45 70 50 99
503	82 21 46 88
504	90 41 100 24
505	31 77 27 88
506	31 74 40 93
507	63 24 7 62
508	84 40 38 9
509	65 13 50 96
510	43 91 58 85
511	22 83 88 58
512	60 69 79 28
513	45 59 17 50
514	87 2 15 46
515	95 79 10 29
516	81 40 19 86
517	76 69 34 67
518	93 77 58 72
519	70 99 24 63
520	37 62 34 40
521	62 94 73 43
522	88 12 19 95
523	100 1 45 65
524	16 36 34 61
525	82 56 20 39
526	44 42 59 12
527	60 98 19 22
528	44 56 78 25
529	83 17 19 21
530	98 84 91 47
531	22 60 15 61
532	76 88 26 37
533	72 44 38 66
534	71 65 60 17
535	98 34 20 39
536	91 64 45 48
537	37 30 90 43
538	88 23 31 97
539	57 47 87 79
540	40 86 64 80
541	41 62 20 7
542	39 65 67 81
543	52 3 51 74
544	74 49 16 35
545	42 5 43 3
546	70 6 28 54
547	87 76 5 97
548	72 82 80 83
549	32 8 3 66
550	10 5 63 62
551	93 58 80 53
552	65 93 10 40
553	92 46 78 45
554	19 28 61 34
555	35 81 89 64
556	38 64 69 68
557	12 32 73 37
558	93 38 7 45
559	86 22 47 9
560	22 80 34 48
561	65 8 23 67
562	60 65 95 33
563	7 83 77 84
564	15 92 97 30
565	56 29 96 80
566	44 60 35 18
567	69 88 65 5
568	6 88 24 41
569	67 43 34 44
570	74 45 18 99
571	47 28 10 12
572	2 42 11 15
573	70 84 13 81
574	64 18 1 23
575	59 41 61 56
576	95 58 61 83
577	79 91 12 53
578	4 73 43 48
579	65 38 58 71
580	18 43 83 30
581	60 56 30 6
582	19 29 8 63
583	29 80 12 60
584	58 54 11 38
585	62 94 16 3
586	2 91 22 97
587	76 81 58 19
588	52 79 46 29
589	34 7 25 50
590	57 96 69 77
591	42 97 35 56
592	73 12 25 33
593	67 74 100 60
594	60 64 96 41
595	64 91 94 85
596	23 33 45 59
597	37 53 59 29
598	22 68 15 5
599	93 60 92 37
600	45 29 9 92
601	20 96 60 1
602	6 64 12 11
603	82 13 98 56
604	68 86 47 85
605	23 49 8 32
606	38 67 66 81
607	87 75 71 50
608	90 15 81 28
609	59 83 98 75
610	79 45 50 21
611	73 67 99 88
612	89 79 49 29
613	18 20 57 66
614	24 28 54 62
615	65 77 99 81
616	18 45 66 24
617	21 38 40 9
618	59 95 30 17
619	28 75 42 58
620	96 2 56 62
621	40 24 51 2
622	81 37 78 61
623	24 23 68 78
624	63 16 38 62
625	26 91 77 99
626	27 48 10 36
627	83 14 56 25
628	9 39 92 32
629	97 22 31 9
630	6 74 40 24
631	26 78 31 56
632	89 28 51 46
633	78 43 94 5
634	8 29 98 26
635	76 1 100 63
636	50 87 79 60
637	7 12 9 19
638	78 2 61 28
639	48 67 63 7
640	73 94 69 10
641	3 55 58 59
642	4 38 97 52
643	98 89 33 28
644	38 34 49 6
645	23 8 47 31
646	45 81 57 43
647	23 60 46 42
648	85 97 22 20
649	3 53 99 98
650	32 82 78 64
651	82 41 60 70
652	81 49 92 27
653	14 64 18 29
654	81 100 34 96
655	72 4 77 78
656	16 32 11 13
657	19 99 61 20
658	13 26 44 29
659	38 49 100 45
660	68 82 25 59
661	8 78 38 62
662	55 75 23 12
663	65 51 18 19
664	45 83 93 94
665	51 14 57 30
666	52 19 88 47
667	73 7 10 70
668	44 65 91 21
669	44 78 74 79
670	25 75 29 7
671	21 56 45 94
672	16 60 83 44
673	94 29 61 82
674	16 93 26 18
675	7 14 42 76
676	38 94 12 91
677	7 89 2 17
678	100 73 9 68
679	13 10 78 5
680	21 74 81 98
681	42 33 92 11
682	65 72 93 2
683	14 100 65 53
684	89 24 32 10
685	6 77 4 64
686	66 19 47 84
687	77 57 34 61
688	14 18 35 9
689	88 78 35 19
690	85 31 92 42
691	40 62 1 2
692	87 5 41 83
693	61 80 35 44
694	93 33 21 25
695	52 99 4 54
696	100 78 84 2
697	78 54 89 62
698	60 22 38 95
699	3 54 68 24
700	78 55 16 80
701	45 21 54 85
702	88 84 62 91
703	82 24 13 96
704	67 10 52 84
705	35 83 80 69
706	13 46 29 31
707	48 88 11 100
708	68 1 48 2
709	84 66 61 26
710	94 8 54 61
711	100 10 24 1
712	81 19 54 4
713	32 7 82 66
714	13 55 38 21
715	70 31 95 77
716	48 85 8 61
717	38 16 29 51
718	55 31 94 68
719	28 91 8 85
720	27 57 71 2
721	38 61 85 1
722	4 66 47 8
723	100 53 54 78
724	16 43 45 25
725	46 98 47 19
726	68 1 7 77
727	93 15 27 47
728	8 92 26 28
729	62 53 59 88
730	63 60 26 59
731	60 37 96 57
732	74 28 71 34
733	73 71 68 50
734	26 62 71 34
735	25 13 21 87
736	93 13 79 44
737	28 5 29 67
738	31 77 94 85
739	56 58 18 10
740	93 83 14 32
741	42 2 23 29
742	31 68 72 9
743	56 4 73 61
744	49 81 18 72
745	75 10 70 60
746	58 69 43 15
747	22 20 82 83
748	73 76 2 55
749	60 19 46 27
750	41 91 66 3
751	77 88 54 57
752	82 64 1 36
753	95 32 70 25
754	62 89 57 71
755	17 98 38 26
756	55 34 33 23
757	90 67 87 18
758	44 86 89 34
759	73 1 64 31
760	27 17 38 56
761	25 65 78 70
762	5 23 92 45
763	52 20 51 77
764	93 49 27 76
765	29 24 22 2
766	50 14 99 94
767	71 53 78 9
768	10 68 18 81
769	12 38 15 66
770	30 51 36 82
771	31 48 39 10
772	49 9 65 94
773	100 39 17 35
774	63 69 27 50
775	12 46 10 11
776	37 4 15 90
777	37 15 73 71
778	46 47 16 7
779	28 42 39 72
780	40 48 93 78
781	16 63 41 10
782	43 6 27 97
783	87 26 6 61
784	83 23 57 12
785	60 7 63 64
786	71 81 88 96
787	33 90 84 79
788	56 88 35 89
789	66 78 53 19
790	64 12 80 8
791	59 50 75 12
792	37 74 98 28
793	61 42 55 85
794	3 49 11 89
795	91 68 83 50
796	58 59 62 71
797	81 73 38 61
798	95 30 64 17
799	25 15 58 45
800	89 19 75 99
801	99 29 92 20
802	51 89 97 15
803	74 6 75 17
804	1 31 67 96
805	62 50 93 43
806	55 5 30 50
807	21 69 77 41
808	64 31 76 27
809	60 50 36 31
810	62 5 63 10
811	5 55 66 95
812	64 35 67 16
813	32 100 63 98
814	31 51 19 69
815	77 41 9 75
816	44 74 72 87
817	13 10 94 30
818	21 99 38 8
819	22 76 41 31
820	86 1 41 37
821	6 87 93 23
822	14 16 59 48
823	48 54 97 32
824	84 32 26 78
825	71 20 88 17
826	7 71 18 41
827	48 99 51 97
828	49 23 57 72
829	99 18 76 50
830	48 73 58 56
831	17 80 65 36
832	56 95 3 30
833	9 5 100 34
834	15 25 12 39
835	55 83 79 82
836	99 57 24 34
837	73 43 66 98
838	50 11 39 33
839	20 16 94 21
840	45 99 57 38
841	82 37 43 59
842	99 28 95 85
843	24 42 48 81
844	32 88 17 83
845	40 67 24 25
846	59 79 28 37
847	25 92 93 21
848	5 2 64 73
849	31 17 4 12
850	94 68 58 74
851	72 12 47 28
852	35 6 69 15
853	49 5 95 93
854	99 70 44 88
855	63 38 30 56
856	11 22 57 37
857	3 49 68 88
858	55 4 19 15
859	98 8 84 71
860	24 71 51 78
861	38 12 21 61
862	75 67 59 60
863	15 47 50 38
864	45 1 31 96
865	44 100 20 6
866	49 44 69 48
867	99 64 94 95
868	31 91 72 36
869	41 19 47 96
870	95 65 21 100
871	15 73 80 55
872	60 1 33 93
873	69 66 35 28
874	54 51 32 36
875	71 67 14 15
876	29 62 38 71
877	39 100 29 54
878	34 47 65 3
879	94 98 90 97
880	44 15 19 67
881	96 52 97 44
882	75 77 7 67
883	60 43 85 69
884	65 33 3 22
885	9 68 90 28
886	82 47 50 48
887	36 51 100 4
888	88 83 64 23
889	79 1 12 100
890	47 93 64 62
891	4 19 48 81
892	86 23 67 52
893	30 95 59 97
894	77 42 68 7
895	77 22 47 27
896	25 93 6 40
897	25 32 73 67
898	42 15 7 44
899	7 5 78 58
900	79 4 39 5
901	79 37 44 8
902	77 51 98 85
903	28 100 10 3
904	25 87 10 56
905	10 27 56 15
906	58 27 33 49
907	66 97 38 33
908	2 3 24 70
909	87 44 15 11
910	88 51 17 92
911	83 94 100 23
912	11 98 44 21
913	71 88 3 5
914	28 17 6 85
915	52 89 8 14
916	52 3 22 47
917	99 43 36 75
918	22 7 4 10
919	49 61 72 66
920	17 57 98 85
921	74 99 13 86
922	32 33 20 47
923	49 38 35 5
924	23 70 29 21
925	73 11 14 57
926	70 14 57 66
927	18 19 20 63
928	74 59 34 73
929	25 98 60 70
930	73 18 83 14
931	48 52 20 10
932	99 98 65 22
933	81 90 87 84
934	11 72 60 1
935	65 23 83 94
936	64 63 77 54
937	90 68 48 91
938	52 97 57 88
939	38 70 74 67
940	15 85 23 11
941	46 1 43 31
942	93 79 36 18
943	29 76 32 10
944	22 61 59 8
945	17 51 60 89
946	16 20 3 59
947	68 57 10 28
948	21 52 36 100
949	63 11 48 23
950	2 10 75 18
951	66 28 21 73
952	25 71 7 55
953	32 81 53 1
954	37 28 81 30
955	45 66 39 5
956	35 76 64 58
957	68 65 93 66
958	74 89 25 99
959	56 79 50 76
960	53 96 43 98
961	82 90 14 71
962	44 37 26 56
963	81 23 27 44
964	54 38 30 27
965	82 19 44 94
966	68 73 12 16
967	2 96 65 25
968	42 17 28 52
969	27 48 2 84
970	43 99 3 5
971	4 42 13 39
972	4 54 14 48
973	4 62 88 32
974	48 88 64 90
975	89 92 50 28
976	25 89 81 13
977	41 35 7 88
978	2 65 77 81
979	59 66 67 69
980	26 15 93 94
981	80 45 6 13
982	8 67 81 78
983	24 44 43 5
984	32 85 44 54
985	27 54 85 25
986	20 24 80 88
987	65 27 10 76
988	69 1 32 27
989	66 53 82 27
990	84 13 51 86
991	63 32 35 47
992	6 69 2 91
993	47 3 30 42
994	94 40 41 36
995	10 18 59 2
996	26 34 43 83
997	49 78 80 91
998	16 6 78 95
999	11 98 78 86
1000	72 41 92 23
