Students	1000
1	9 81 68 35
2	60 93 48 26
3	11 52 31 94
4	43 94 54 21
5	56 9 13 19
6	41 88 19 73
7	13 100 31 18
8	87 76 23 9
9	17 64 100 80
10	6 34 86 25
11	82 19 10 37
12	16 73 34 38
13	56 13 68 72
14	89 19 31 62
15	11 68 29 64
16	34 52 19 61
17	59 16 6 57
18	33 29 22 41
19	53 19 77 47
20	29 75 60 46
21	44 49 20 1
22	93 60 6 82
23	31 46 1 39
24	34 49 25 74
25	24 96 65 27
26	76 83 52 21
27	94 14 2 99
28	29 58 50 77
29	77 85 69 28
30	24 68 18 2
31	43 22 90 34
32	86 11 18 85
33	80 43 65 96
34	67 89 18 64
35	26 43 62 63
36	6 12 66 58
37	11 16 99 46
38	77 58 22 65
39	91 50 56 66
40	97 61 12 46
41	20 82 89 17
42	16 77 99 26
43	37 38 91 56
44	80 26 82 97
45	15 36 42 2
46	55 2 96 99
47	12 66 97 87
48	35 54 85 91
49	38 39 61 21
50	4 41 12 93
51	29 96 92 80
52	20 3 68 97
53	7 52 8 43
54	87 51 12 8
55	17 87 64 25
56	28 16 38 55
57	56 6 85 35
58	45 4 77 62
59	28 77 65 13
60	50 76 48 46
61	93 70 58 66
62	52 14 1 11
63	55 65 17 83
64	82 1 65 97
65	70 18 48 27
66	77 76 81 95
67	34 67 1 94
68	80 75 85 32
69	29 15 41 24
70	36 45 43 66
71	46 23 68 67
72	46 23 59 73
73	58 72 17 46
74	6 42 17 76
75	35 58 94 48
76	21 82 32 39
77	86 28 71 48
78	93 97 50 31
79	1 41 74 83
80	89 11 26 12
81	97 70 100 77
82	87 35 18 42
83	50 93 17 38
84	51 10 63 39
85	98 75 23 42
86	84 78 24 97
87	29 8 52 30
88	39 37 45 51
89	97 2 99 57
90	52 63 27 53
91	38 15 27 70
92	12 51 15 54
93	66 73 67 61
94	5 27 10 55
95	47 86 99 76
96	80 32 61 21
97	36 61 3 50
98	80 67 11 10
99	60 54 96 34
100	74 41 8 71
101	39 80 30 81
102	73 89 65 15
103	72 60 20 33
104	63 47 9 37
105	42 51 85 80
106	23 19 10 26
107	33 43 79 81
108	27 96 63 83
109	88 59 48 91
110	15 10 66 30
111	63 41 75 13
112	57 86 23 53
113	90 89 14 48
114	51 95 29 57
115	7 34 18 48
116	24 83 55 17
117	57 69 68 2
118	8 46 90 70
119	26 61 85 15
120	64 28 44 73
121	19 41 93 53
122	39 93 17 57
123	88 87 20 6
124	55 32 52 6
125	59 98 16 6
126	76 28 29 12
127	92 59 35 64
128	68 97 6 51
129	81 27 31 59
130	48 85 5 61
131	24 57 46 82
132	11 64 84 27
133	71 4 82 46
134	39 2 56 99
135	28 99 25 33
136	46 54 9 36
137	59 30 98 62
138	54 44 46 83
139	81 37 6 80
140	2 52 71 37
141	53 35 44 63
142	58 93 15 30
143	82 31 69 22
144	49 22 18 84
145	57 33 10 71
146	46 58 97 65
147	30 19 9 65
148	58 26 51 17
149	60 41 30 67
150	61 44 55 47
151	98 2 64 88
152	30 47 87 15
153	26 92 13 60
154	31 96 18 61
155	58 41 19 84
156	82 27 33 16
157	10 78 65 71
158	95 46 77 99
159	93 19 92 47
160	86 41 80 59
161	33 90 68 54
162	40 76 27 67
163	59 2 46 66
164	86 80 54 19
165	63 67 17 65
166	36 10 26 6
167	87 39 50 8
168	9 78 98 13
169	72 40 78 92
170	38 33 44 83
171	5 56 61 38
172	48 67 88 59
173	18 72 41 44
174	53 89 1 6
175	13 21 68 17
176	25 100 40 91
177	52 58 85 75
178	84 39 34 93
179	60 47 13 70
180	12 61 88 85
181	47 64 37 85
182	3 90 9 78
183	48 86 32 73
184	96 49 45 93
185	62 12 37 23
186	64 3 48 5
187	13 7 90 73
188	18 15 69 52
189	63 67 94 31
190	40 15 53 46
191	59 60 78 43
192	64 88 6 98
193	80 85 26 69
194	35 3 39 11
195	81 71 60 55
196	70 74 83 81
197	82 29 28 66
198	29 77 80 12
199	60 51 18 20
200	98 22 19 65
201	12 26 99 52
202	98 16 87 67
203	77 70 90 30
204	10 81 33 98
205	16 9 97 86
206	59 88 29 85
207	5 100 89 57
208	86 56 54 87
209	8 44 63 52
210	96 92 75 66
211	44 31 68 97
212	96 90 30 42
213	10 95 86 31
214	87 4 37 31
215	59 97 67 30
216	9 7 76 19
217	24 33 1 41
218	35 60 97 24
219	6 3 64 70
220	38 28 50 25
221	36 99 58 56
222	85 83 62 59
223	99 20 56 45
224	34 39 47 23
225	22 81 79 25
226	37 91 46 57
227	26 86 65 97
228	63 78 7 100
229	55 59 84 25
230	79 25 3 56
231	99 19 68 35
232	72 82 48 25
233	3 39 9 6
234	9 4 69 57
235	17 55 63 61
236	85 8 99 44
237	58 22 80 47
238	6 22 1 29
239	86 20 90 51
240	77 53 50 87
241	64 23 67 30
242	29 96 1 84
243	54 36 38 85
244	22 48 50 80
245	71 75 43 88
246	1 82 72 41
247	1 32 14 44
248	82 40 29 41
249	6 18 92 81
250	9 78 66 19
251	65 44 85 40
252	82 72 4 89
253	10 41 44 38
254	56 72 90 59
255	30 34 19 38
256	3 4 86 100
257	9 60 20 85
258	62 55 51 31
259	63 48 9 1
260	73 88 1 36
261	58 5 35 90
262	48 60 17 24
263	44 19 37 21
264	35 44 30 9
265	5 95 21 30
266	47 36 90 94
267	87 15 71 6
268	54 74 10 97
269	13 4 31 26
270	51 4 48 92
271	86 90 51 16
272	21 60 15 43
273	28 90 3 9
274	92 93 29 84
275	29 80 35 32
276	27 17 64 85
277	12 86 97 99
278	78 24 32 71
279	53 4 90 29
280	23 36 74 100
281	98 32 57 66
282	18 58 87 1
283	58 44 33 14
284	32 44 39 40
285	88 56 5 48
286	51 48 77 57
287	77 32 85 7
288	28 36 56 41
289	42 64 38 16
290	82 36 51 31
291	10 15 46 40
292	86 67 19 77
293	82 83 92 9
294	41 42 34 3
295	21 25 91 75
296	23 85 86 79
297	10 5 25 12
298	84 69 82 20
299	33 39 75 9
300	69 73 88 49
301	17 51 34 97
302	61 29 30 77
303	98 75 44 39
304	40 25 1 65
305	26 51 41 62
306	72 27 83 33
307	43 11 96 37
308	100 36 13 23
309	11 47 40 98
310	43 68 49 11
311	93 21 92 100
312	11 16 31 50
313	68 39 60 69
314	11 1 40 26
315	67 92 23 15
316	90 78 17 67
317	30 40 88 3
318	3 64 16 97
319	82 32 94 29
320	64 31 35 57
321	84 88 86 9
322	40 31 23 70
323	60 27 80 40
324	55 98 1 51
325	38 27 8 14
326	18 23 52 60
327	85 44 21 11
328	61 17 34 55
329	78 41 92 97
330	90 50 58 38
331	5 8 94 77
332	57 7 72 45
333	22 77 62 40
334	29 21 17 59
335	11 45 93 31
336	39 98 13 21
337	40 88 7 56
338	67 18 52 86
339	53 4 99 11
340	1 92 74 100
341	83 95 23 71
342	47 32 60 43
343	76 8 45 35
344	95 19 46 92
345	54 57 27 73
346	41 3 26 14
347	84 74 97 38
348	49 70 15 89
349	5 79 95 45
350	4 21 93 79
351	77 21 2 20
352	16 54 68 62
353	46 12 63 48
354	83 58 40 30
355	7 58 75 10
356	88 99 94 36
357	100 18 1 32
358	89 63 76 29
359	46 3 37 96
360	2 85 73 1
361	34 9 68 75
362	7 31 55 94
363	78 92 12 81
364	14 95 83 77
365	66 76 69 83
366	5 18 70 20
367	37 73 50 26
368	11 93 25 72
369	7 15 56 79
370	85 79 71 93
371	38 4 81 98
372	12 2 21 14
373	86 92 100 34
374	6 57 93 22
375	14 37 79 44
376	5 72 36 19
377	5 16 93 13
378	100 6 53 74
379	88 31 58 54
380	10 37 50 91
381	60 22 30 9
382	23 41 45 24
383	50 38 58 27
384	11 45 56 34
385	9 40 48 7
386	96 20 23 5
387	69 55 42 44
388	98 24 14 44
389	48 87 76 16
390	21 94 58 70
391	63 37 42 54
392	52 30 50 82
393	53 19 85 80
394	94 39 20 35
395	26 56 7 19
396	90 38 58 61
397	63 62 56 55
398	54 25 69 44
399	36 78 33 12
400	15 96 1 57
401	70 43 87 78
402	15 41 12 79
403	26 20 59 74
404	82 17 42 2
405	97 82 23 15
406	95 100 30 38
407	94 33 28 11
408	78 30 66 9
409	6 9 7 62
410	30 25 34 9
411	90 60 38 13
412	44 70 20 3
413	62 44 80 2
414	84 61 74 88
415	74 72 33 80
416	51 73 1 16
417	26 1 69 56
418	40 42 81 95
419	71 80 84 94
420	55 27 96 56
421	49 30 57 68
422	53 31 67 63
423	25 57 33 34
424	18 26 23 27
425	85 74 54 51
426	3 7 79 45
427	12 52 42 26
428	48 8 17 78
429	59 52 64 34
430	25 76 62 19
431	70 52 59 74
432	67 32 62 23
433	41 26 55 77
434	6 96 74 61
435	84 7 13 76
436	32 57 10 14
437	77 15 24 99
438	34 17 52 27
439	48 33 82 97
440	29 51 30 15
441	42 35 69 66
442	42 69 26 74
443	14 5 39 38
444	12 67 92 90
445	2 83 47 91
446	100 49 69 32
447	9 89 8 11
448	100 54 88 90
449	71 30 31 29
450	51 50 2 80
451	3 24 66 17
452	8 84 96 19
453	45 86 83 22
454	77 63 41 28
455	94 28 92 54
456	23 16 65 49
457	44 46 58 49
458	8 100 44 24
459	96 33 54 39
460	80 60 9 22
461	37 57 59 60
462	79 58 54 93
463	74 21 16 41
464	64 70 26 60
465	82 3 21 23
466	89 2 66 30
467	46 18 3 36
468	25 10 48 27
469	87 55 49 26
470	35 30 78 40
471	96 38 87 17
472	6 22 54 14
473	51 6 44 83
474	34 57 36 17
475	86 15 30 97
476	2 78 94 42
477	61 76 96 55
478	44 90 21 80
479	70 29 51 58
480	84 81 64 4
481	20 63 48 67
482	48 36 47 69
483	87 57 73 83
484	6 83 97 16
485	1 76 6 39
486	50 89 57 19
487	26 61 60 88
488	55 48 92 57
489	32 27 34 17
490	47 5 53 67
491	91 30 79 71
492	21 15 38 8
493	51 65 79 91
494	72 78 18 61
495	8 37 56 49
496	86 55 83 29
497	84 73 100 10
498	11 74 13 70
499	46 77 12 63
500	14 55 36 53
501	11 49 57 77
502	51 22 61 5
503	82 51 47 94
504	49 63 8 89
505	47 88 45 57
506	84 18 62 82
507	74 65 39 15
508	29 18 65 47
509	24 96 73 79
510	60 94 70 90
511	16 2 62 46
512	7 76 18 48
513	43 40 16 84
514	22 29 33 97
515	79 21 92 18
516	98 63 17 49
517	68 64 86 37
518	76 27 85 70
519	3 84 52 45
520	69 18 47 90
521	74 91 88 15
522	32 18 87 52
523	43 90 63 16
524	26 55 66 3
525	40 67 78 72
526	4 58 92 81
527	16 17 33 39
528	10 43 59 95
529	46 35 31 14
530	26 10 95 99
531	29 75 34 47
532	94 83 74 40
533	82 5 55 69
534	3 60 84 73
535	99 57 11 93
536	93 59 57 63
537	90 75 37 29
538	30 79 2 47
539	6 25 95 8
540	55 70 29 69
541	97 99 84 3
542	32 41 67 78
543	48 93 37 83
544	68 95 49 80
545	3 17 2 18
546	100 71 32 66
547	68 82 98 8
548	38 58 71 39
549	1 30 36 44
550	55 67 44 80
551	79 44 33 26
552	40 19 6 98
553	60 17 91 84
554	65 6 70 47
555	2 48 10 31
556	83 69 41 24
557	31 19 57 39
558	68 80 75 28
559	50 57 33 2
560	64 25 91 40
561	29 2 96 13
562	35 49 25 4
563	4 61 37 86
564	84 24 15 96
565	100 92 61 36
566	12 36 30 85
567	84 89 16 37
568	24 39 91 81
569	5 45 36 11
570	23 12 3 8
571	86 74 95 17
572	92 10 28 25
573	37 50 61 39
574	66 69 47 60
575	67 24 30 100
576	80 18 39 89
577	67 6 19 61
578	50 65 74 93
579	98 84 63 99
580	95 18 9 91
581	89 43 99 25
582	29 66 67 32
583	34 55 75 65
584	53 83 39 56
585	36 23 55 57
586	68 81 82 31
587	85 13 90 48
588	77 31 40 59
589	36 46 17 6
590	90 62 46 22
591	97 8 91 71
592	58 61 39 11
593	43 98 33 62
594	66 37 48 58
595	69 59 35 77
596	58 35 3 2
597	80 25 47 74
598	63 79 29 53
599	76 11 29 72
600	64 7 79 46
601	13 56 38 7
602	6 28 56 50
603	84 81 1 85
604	58 99 6 87
605	61 53 90 11
606	44 36 59 93
607	61 51 39 62
608	79 16 5 86
609	12 26 76 100
610	49 31 46 79
611	90 75 68 40
612	49 75 16 22
613	22 9 38 82
614	90 65 37 95
615	99 56 45 90
616	40 32 43 37
617	49 20 75 81
618	10 17 26 22
619	73 62 75 79
620	40 67 56 4
621	61 30 72 100
622	65 50 47 44
623	12 39 7 19
624	61 41 60 69
625	7 70 78 81
626	93 35 6 21
627	47 29 94 36
628	67 74 60 79
629	79 57 39 61
630	11 90 91 44
631	4 33 82 68
632	35 94 45 6
633	69 8 81 65
634	16 41 6 33
635	43 4 47 93
636	27 77 78 70
637	19 90 91 89
638	29 44 76 23
639	95 13 34 36
640	77 79 85 20
641	94 83 48 66
642	21 74 54 84
643	46 75 11 80
644	32 45 61 48
645	29 75 4 37
646	58 63 99 61
647	99 58 42 71
648	39 60 99 76
649	73 11 50 28
650	99 80 91 68
651	74 30 29 41
652	31 29 88 50
653	58 56 29 73
654	35 64 39 42
655	21 4 59 62
656	2 40 61 90
657	88 95 46 11
658	84 92 79 49
659	90 31 15 77
660	78 37 71 62
661	75 25 27 51
662	7 31 1 4
663	68 99 14 59
664	75 1 98 64
665	78 4 75 31
666	12 75 82 50
667	32 40 95 24
668	60 87 3 41
669	34 8 25 22
670	43 77 67 23
671	26 77 9 73
672	6 12 14 86
673	44 34 97 75
674	20 85 32 78
675	7 55 50 83
676	79 38 59 74
677	16 94 25 4
678	72 97 28 30
679	14 85 51 10
680	73 21 47 44
681	27 2 95 16
682	99 75 20 60
683	94 46 67 66
684	12 36 21 73
685	58 84 31 83
686	73 47 36 99
687	95 96 44 9
688	15 81 33 10
689	19 10 17 39
690	89 80 19 51
691	53 64 61 5
692	19 83 77 26
693	47 45 5 15
694	59 53 2 3
695	83 54 13 86
696	37 18 71 80
697	76 83 92 49
698	57 47 69 2
699	42 45 1 46
700	14 75 2 97
701	45 100 31 13
702	45 55 18 21
703	17 88 57 94
704	65 95 39 44
705	94 15 48 30
706	34 24 100 92
707	4 76 87 26
708	66 17 35 42
709	78 60 91 63
710	3 91 34 22
711	30 26 73 51
712	98 79 26 100
713	34 3 11 26
714	67 88 87 61
715	43 18 17 95
716	29 33 3 56
717	98 10 14 62
718	26 60 49 64
719	11 89 20 77
720	75 50 25 83
721	76 11 51 84
722	7 21 39 60
723	94 67 23 43
724	73 52 74 79
725	4 16 21 83
726	89 60 97 20
727	6 96 57 83
728	77 87 100 46
729	54 12 10 41
730	81 57 84 100
731	62 96 74 26
732	19 90 53 64
733	9 93 3 80
734	70 78 71 73
735	51 66 33 73
736	25 58 4 15
737	41 67 1 48
738	11 24 97 53
739	19 80 64 73
740	98 49 81 68
741	23 100 34 59
742	25 6 3 37
743	3 25 43 14
744	95 18 40 24
745	3 40 22 21
746	22 46 26 40
747	57 73 75 4
748	74 35 84 17
749	65 17 87 45
750	98 80 10 91
751	39 38 43 52
752	40 93 5 12
753	90 74 70 61
754	89 32 28 1
755	48 42 21 18
756	63 54 38 81
757	13 85 58 64
758	17 5 61 31
759	2 56 47 34
760	95 22 62 5
761	61 100 21 32
762	18 77 65 17
763	66 23 62 46
764	77 81 67 58
765	58 69 59 24
766	15 69 72 33
767	76 47 45 32
768	93 15 65 37
769	76 38 3 70
770	67 36 63 78
771	50 2 49 63
772	41 80 84 26
773	53 31 27 60
774	90 52 83 93
775	86 100 91 1
776	82 23 89 12
777	69 16 8 49
778	86 83 44 92
779	99 53 14 93
780	47 1 68 37
781	79 57 99 53
782	70 91 82 12
783	60 84 89 8
784	89 78 86 99
785	44 86 17 52
786	53 96 17 15
787	24 44 30 71
788	68 48 89 66
789	31 99 25 30
790	38 87 36 63
791	60 53 92 15
792	75 64 77 19
793	53 36 21 2
794	79 61 65 38
795	12 38 42 23
796	81 71 30 74
797	94 88 68 37
798	4 36 82 6
799	77 83 62 98
800	61 18 90 72
801	84 56 49 41
802	9 2 82 96
803	31 48 82 3
804	48 79 94 52
805	52 10 6 45
806	49 44 51 3
807	76 99 69 80
808	42 81 66 44
809	40 17 6 45
810	3 35 79 5
811	43 17 100 55
812	15 26 95 45
813	90 63 16 35
814	70 67 78 86
815	90 41 14 62
816	61 58 43 48
817	27 45 39 21
818	62 29 23 83
819	63 51 69 30
820	46 74 66 23
821	75 31 46 85
822	8 28 32 48
823	4 93 58 49
824	69 93 74 27
825	63 7 72 89
826	19 45 86 74
827	8 17 35 34
828	34 75 81 63
829	50 43 17 49
830	33 75 50 30
831	70 52 45 92
832	46 89 75 63
833	45 47 64 79
834	14 2 70 17
835	35 69 74 12
836	8 30 1 71
837	69 67 7 6
838	83 95 68 57
839	22 32 43 78
840	38 22 84 33
841	30 63 86 48
842	59 28 22 10
843	51 90 44 74
844	18 56 91 77
845	63 40 32 74
846	13 58 48 98
847	5 67 59 6
848	80 95 27 21
849	46 26 72 35
850	70 45 54 90
851	26 11 21 93
852	42 90 16 96
853	65 35 86 83
854	45 38 99 14
855	65 86 50 72
856	62 73 89 10
857	64 95 59 89
858	65 10 23 15
859	35 48 83 54
860	89 79 18 99
861	69 35 73 70
862	6 73 41 97
863	44 22 11 60
864	55 48 60 85
865	90 71 20 19
866	87 62 22 54
867	76 2 56 50
868	46 54 26 10
869	9 17 33 87
870	29 53 26 95
871	86 44 54 94
872	38 26 65 67
873	5 89 84 62
874	45 22 3 40
875	91 79 99 76
876	88 46 60 70
877	82 98 48 21
878	41 78 79 100
879	45 13 40 93
880	55 87 88 27
881	24 53 8 60
882	54 24 82 78
883	22 3 35 2
884	2 50 8 25
885	88 32 43 29
886	49 14 89 35
887	44 15 1 5
888	13 97 73 32
889	10 89 27 22
890	50 44 100 22
891	28 97 14 90
892	8 96 68 79
893	98 92 30 2
894	87 54 60 69
895	49 44 59 51
896	13 32 73 25
897	3 57 78 64
898	92 82 32 25
899	72 24 85 35
900	15 57 79 92
901	74 22 73 51
902	4 87 15 86
903	8 43 31 100
904	75 21 80 13
905	14 12 31 37
906	99 26 68 73
907	59 20 43 65
908	19 11 87 21
909	49 22 67 90
910	88 41 35 3
911	2 37 64 7
912	70 43 77 56
913	75 88 31 70
914	80 67 54 92
915	64 86 84 71
916	5 50 2 78
917	77 40 42 94
918	18 95 70 88
919	41 35 77 60
920	73 3 98 8
921	38 16 18 5
922	14 73 56 79
923	54 1 13 73
924	96 67 91 97
925	81 75 55 62
926	38 7 41 70
927	24 66 25 59
928	63 49 84 60
929	97 32 65 57
930	37 18 87 6
931	7 35 1 62
932	83 1 19 73
933	36 8 15 49
934	19 84 28 61
935	80 46 41 94
936	14 21 92 62
937	18 23 40 47
938	42 33 28 36
939	50 1 22 41
940	63 81 82 26
941	9 29 20 68
942	79 30 77 100
943	60 34 33 70
944	100 11 62 54
945	96 17 58 87
946	65 87 96 5
947	18 52 26 40
948	20 1 38 9
949	94 20 26 54
950	64 16 99 81
951	60 86 75 32
952	54 69 16 56
953	76 50 78 38
954	7 20 39 1
955	52 20 3 31
956	89 28 81 60
957	57 92 96 41
958	85 43 98 18
959	14 32 56 37
960	13 10 77 6
961	22 40 57 39
962	60 18 86 80
963	3 48 51 91
964	33 67 23 98
965	34 30 85 22
966	76 56 80 47
967	86 61 9 94
968	47 2 26 73
969	72 77 25 62
970	75 38 77 60
971	96 58 11 23
972	13 84 98 80
973	34 22 12 64
974	86 76 29 41
975	97 12 71 30
976	63 36 75 25
977	57 53 96 19
978	40 62 42 36
979	25 71 13 6
980	25 38 32 17
981	99 14 47 36
982	98 96 8 90
983	53 52 55 15
984	74 30 33 98
985	95 99 82 90
986	41 56 34 63
987	6 14 88 34
988	47 84 85 38
989	12 72 83 36
990	92 65 77 62
991	50 40 63 84
992	56 91 1 9
993	72 25 6 90
994	80 4 86 20
995	79 93 42 18
996	72 91 100 76
997	52 28 22 13
998	51 64 5 63
999	71 17 88 92
1000	31 95 7 67
