Students	1000
1	41 34 7 25
2	42 19 88 36
3	11 69 71 15
4	78 95 68 26
5	17 84 83 87
6	95 36 98 57
7	91 77 50 47
8	63 87 77 26
9	72 33 73 11
10	89 46 66 75
11	32 82 26 59
12	49 32 90 78
13	87 35 7 38
14	38 44 29 81
15	51 3 94 78
16	59 67 17 94
17	35 59 47 72
18	58 53 74 17
19	53 63 34 51
20	51 6 48 4
21	3 16 53 25
22	62 44 84 94
23	98 89 77 67
24	31 10 50 97
25	6 4 54 35
26	73 84 42 16
27	2 55 25 56
28	21 44 64 22
29	20 24 9 8
30	82 69 37 51
31	63 57 56 48
32	79 10 4 71
33	44 94 66 61
34	59 60 82 64
35	33 38 93 27
36	92 95 77 94
37	100 72 63 15
38	90 3 77 55
39	41 45 34 90
40	21 3 58 68
41	33 27 17 24
42	2 21 18 96
43	73 37 3 1
44	98 45 83 73
45	76 44 72 93
46	6 97 60 13
47	92 12 49 9
48	19 47 73 82
49	72 71 16 39
50	84 21 10 92
51	69 94 34 88
52	80 71 95 33
53	79 68 74 70
54	67 77 76 35
55	47 1 85 32
56	26 96 60 40
57	100 74 76 50
58	85 31 94 45
59	8 44 83 66
60	93 12 21 49
61	57 48 33 69
62	35 84 77 74
63	67 47 80 16
64	44 48 56 14
65	78 2 32 29
66	27 93 13 83
67	7 49 31 51
68	78 16 20 1
69	33 66 80 21
70	36 75 34 18
71	47 54 62 24
72	81 89 99 7
73	81 13 8 14
74	3 30 36 73
75	71 54 13 65
76	16 58 100 23
77	33 80 73 72
78	15 72 12 92
79	81 29 20 65
80	43 21 82 56
81	27 49 72 75
82	78 64 95 56
83	3 89 56 83
84	5 79 22 88
85	95 69 54 82
86	98 66 45 91
87	44 82 90 97
88	93 82 88 3
89	52 44 7 41
90	18 30 47 87
91	19 34 48 68
92	67 76 16 54
93	92 34 42 79
94	61 3 73 33
95	47 42 75 24
96	31 42 99 85
97	69 96 64 66
98	64 5 98 37
99	83 89 31 33
100	42 61 38 4
101	22 7 11 79
102	14 31 88 94
103	67 31 32 49
104	64 92 46 34
105	15 100 29 84
106	35 31 63 21
107	55 80 9 60
108	36 56 44 41
109	64 37 31 85
110	79 81 46 13
111	38 58 1 26
112	9 16 50 53
113	74 28 75 71
114	32 60 54 55
115	3 38 24 26
116	88 49 39 75
117	36 7 47 48
118	83 95 31 97
119	25 88 33 9
120	60 2 96 37
121	65 24 92 10
122	27 46 14 90
123	61 85 84 46
124	89 80 59 95
125	31 72 10 5
126	34 44 54 25
127	18 76 30 78
128	83 5 65 42
129	49 39 36 93
130	6 47 17 82
131	58 30 93 76
132	86 48 38 53
133	6 12 45 64
134	92 93 55 36
135	58 80 72 43
136	49 28 2 57
137	61 73 65 16
138	12 92 8 47
139	45 95 22 64
140	43 6 89 28
141	71 22 20 100
142	98 67 81 68
143	87 27 1 65
144	71 7 94 42
145	43 18 12 78
146	49 29 34 55
147	42 76 22 49
148	50 40 64 72
149	30 33 97 62
150	8 93 24 66
151	22 55 46 69
152	34 15 13 4
153	60 14 30 92
154	29 99 88 85
155	91 94 44 98
156	79 5 53 2
157	98 40 49 56
158	98 39 21 3
159	1 54 29 96
160	73 93 27 42
161	41 24 78 71
162	29 36 73 24
163	50 85 47 58
164	13 16 71 68
165	14 58 8 67
166	9 90 61 35
167	31 56 69 94
168	15 35 98 8
169	61 87 93 48
170	55 90 5 44
171	4 42 72 44
172	37 22 100 36
173	71 63 69 50
174	74 25 49 70
175	36 41 76 23
176	4 26 19 63
177	43 72 17 93
178	66 21 16 44
179	20 70 61 22
180	20 93 34 56
181	12 72 75 62
182	23 69 2 27
183	36 12 30 99
184	30 76 54 57
185	14 74 30 90
186	37 26 79 52
187	55 33 73 87
188	37 2 84 43
189	26 34 8 80
190	2 47 99 69
191	17 29 44 23
192	15 44 99 93
193	8 31 68 74
194	69 47 96 66
195	32 65 75 81
196	12 73 70 23
197	15 32 77 89
198	36 76 100 53
199	26 83 66 82
200	92 88 86 37
201	7 65 29 40
202	84 64 90 100
203	88 25 9 66
204	97 22 53 24
205	23 14 81 92
206	66 58 38 35
207	23 3 75 96
208	78 26 22 62
209	61 4 99 84
210	92 31 33 51
211	97 22 53 99
212	3 27 9 23
213	90 91 6 43
214	55 65 39 25
215	86 14 40 68
216	57 44 69 81
217	44 5 37 90
218	10 21 72 27
219	49 71 30 47
220	16 93 65 78
221	40 5 76 83
222	94 86 66 96
223	56 52 11 71
224	32 21 20 61
225	50 23 11 33
226	61 53 33 23
227	55 49 79 26
228	4 51 53 87
229	86 89 63 46
230	38 9 50 36
231	49 38 52 40
232	76 15 11 59
233	40 99 38 43
234	40 12 55 79
235	28 32 80 51
236	35 84 16 20
237	45 23 44 57
238	17 43 89 94
239	70 50 3 51
240	80 40 65 60
241	28 12 68 9
242	16 45 9 72
243	74 21 4 59
244	82 60 47 20
245	55 12 19 52
246	57 1 39 94
247	82 30 64 98
248	29 56 49 16
249	86 17 53 32
250	35 34 44 98
251	99 88 22 67
252	26 15 54 70
253	52 20 30 44
254	57 76 44 20
255	81 25 62 53
256	7 71 85 62
257	22 81 52 17
258	55 38 42 97
259	5 2 42 59
260	71 55 44 90
261	86 27 96 19
262	4 75 1 29
263	36 41 7 28
264	78 22 68 89
265	68 41 37 72
266	13 5 20 69
267	85 74 1 18
268	99 98 2 96
269	26 69 80 4
270	32 58 13 94
271	49 2 68 85
272	47 4 17 66
273	34 90 95 46
274	79 67 43 57
275	34 23 7 99
276	95 83 20 49
277	42 6 30 13
278	69 44 21 32
279	33 19 83 94
280	68 91 20 44
281	27 96 58 57
282	52 34 68 37
283	78 37 47 86
284	28 40 69 16
285	49 99 15 67
286	83 23 78 56
287	97 74 41 20
288	8 99 22 51
289	78 13 20 53
290	2 45 99 31
291	38 29 91 27
292	43 99 51 68
293	42 44 98 59
294	78 20 40 84
295	58 95 17 97
296	12 93 29 28
297	26 25 50 54
298	43 14 75 78
299	11 23 10 99
300	63 4 25 97
301	15 34 47 92
302	72 33 51 83
303	23 69 90 39
304	4 13 22 51
305	20 77 34 10
306	95 96 51 33
307	31 97 7 13
308	50 97 61 15
309	19 35 2 26
310	46 2 62 38
311	43 26 15 55
312	74 59 54 5
313	9 76 96 22
314	51 94 71 98
315	2 45 41 42
316	74 20 68 23
317	52 43 36 35
318	10 16 88 66
319	20 54 41 37
320	28 53 10 51
321	50 40 54 10
322	90 87 34 23
323	56 17 3 13
324	86 50 16 54
325	81 48 90 82
326	7 15 78 64
327	35 10 87 22
328	71 19 58 11
329	74 11 18 61
330	92 71 75 89
331	55 16 89 52
332	7 53 50 68
333	9 84 52 94
334	96 99 67 59
335	1 93 3 6
336	96 34 88 63
337	53 35 59 98
338	73 4 59 65
339	83 99 74 36
340	81 56 32 87
341	44 69 32 63
342	81 67 31 96
343	12 87 50 82
344	18 75 52 99
345	86 97 80 71
346	73 86 17 50
347	6 3 8 87
348	30 1 10 18
349	23 49 20 18
350	57 90 81 97
351	73 51 48 15
352	69 24 2 12
353	43 33 32 10
354	77 31 59 79
355	7 2 72 94
356	3 36 22 87
357	51 34 26 47
358	38 26 30 78
359	17 35 3 20
360	46 99 66 87
361	37 20 92 35
362	94 78 1 42
363	24 77 83 50
364	12 92 6 62
365	85 37 77 97
366	76 4 60 80
367	53 27 34 73
368	81 6 14 20
369	83 24 7 2
370	32 66 78 26
371	21 75 83 7
372	80 95 8 69
373	29 23 1 17
374	95 37 43 92
375	58 3 72 10
376	31 93 69 61
377	58 66 90 62
378	22 30 14 35
379	35 21 13 66
380	38 33 71 69
381	38 83 66 34
382	49 17 67 72
383	60 94 46 64
384	13 91 22 52
385	87 16 100 67
386	20 4 73 57
387	20 39 43 22
388	11 88 86 27
389	28 94 99 68
390	48 5 9 60
391	84 48 56 32
392	23 2 77 21
393	64 74 34 27
394	49 89 41 59
395	8 3 15 43
396	1 48 95 12
397	35 11 68 64
398	80 59 29 1
399	42 48 27 25
400	94 56 77 96
401	44 10 31 2
402	89 77 86 53
403	53 61 35 54
404	56 78 2 34
405	48 10 12 61
406	35 40 93 48
407	53 40 50 93
408	32 49 13 27
409	77 90 24 17
410	29 72 42 85
411	1 91 30 35
412	39 6 31 23
413	85 49 98 8
414	34 83 2 91
415	15 94 63 34
416	65 43 38 50
417	94 59 17 68
418	19 94 3 35
419	4 30 94 53
420	17 60 41 18
421	29 21 9 10
422	13 7 28 1
423	91 48 17 46
424	5 79 72 17
425	40 11 9 34
426	61 3 52 30
427	3 70 71 42
428	45 73 47 4
429	7 99 77 63
430	12 1 70 71
431	92 98 26 45
432	38 91 82 34
433	48 95 33 80
434	68 78 73 66
435	47 44 67 79
436	38 67 70 71
437	81 66 69 95
438	88 70 90 26
439	20 48 83 98
440	31 69 96 58
441	60 87 1 96
442	86 73 2 19
443	42 72 15 87
444	12 48 61 58
445	12 34 4 91
446	55 16 42 37
447	89 7 65 55
448	27 67 54 4
449	72 70 85 59
450	30 31 61 84
451	36 72 13 60
452	61 37 84 70
453	50 49 76 59
454	11 56 26 78
455	37 22 17 32
456	28 84 4 39
457	24 10 64 44
458	84 55 93 30
459	61 55 45 92
460	62 66 27 94
461	8 64 56 55
462	87 35 99 49
463	74 20 32 72
464	10 92 94 88
465	65 40 71 17
466	39 14 42 70
467	31 77 99 21
468	11 40 85 89
469	28 57 84 45
470	87 26 58 56
471	77 96 9 48
472	95 14 65 57
473	72 77 67 53
474	69 26 6 21
475	34 51 94 49
476	89 24 86 32
477	82 58 34 26
478	3 75 60 5
479	2 47 93 70
480	38 46 1 88
481	80 8 57 46
482	23 62 32 24
483	43 56 23 95
484	7 22 16 97
485	70 59 53 65
486	72 78 100 44
487	48 80 12 66
488	47 57 23 28
489	61 36 50 11
490	88 8 96 24
491	5 16 25 44
492	83 15 1 28
493	9 8 91 40
494	79 22 78 77
495	50 87 77 23
496	23 56 49 5
497	7 85 55 8
498	25 94 73 8
499	54 88 75 51
500	35 85 71 59
501	71 7 48 22
502	44 4 39 85
503	28 99 17 10
504	9 94 8 47
505	94 68 55 7
506	43 60 51 57
507	62 53 20 12
508	38 26 27 34
509	18 42 53 94
510	29 79 5 86
511	47 10 5 38
512	28 70 32 34
513	81 43 10 97
514	27 50 71 13
515	14 17 62 25
516	2 93 47 58
517	72 76 54 61
518	42 89 10 21
519	23 29 8 61
520	71 13 22 51
521	87 89 57 18
522	100 28 44 23
523	28 12 36 16
524	33 97 5 94
525	65 55 70 50
526	60 10 17 42
527	100 1 50 61
528	23 70 63 90
529	8 43 32 65
530	3 70 20 98
531	94 97 49 80
532	50 89 28 8
533	59 41 89 32
534	32 99 8 79
535	93 96 30 26
536	16 39 34 56
537	97 27 12 5
538	16 42 84 97
539	75 24 21 27
540	31 58 45 87
541	7 94 71 8
542	48 64 31 91
543	60 87 84 98
544	90 34 11 45
545	56 90 18 54
546	49 21 96 86
547	74 76 27 88
548	76 16 41 14
549	28 39 6 80
550	77 6 37 66
551	64 73 65 94
552	80 24 70 82
553	56 5 47 54
554	18 44 75 11
555	40 28 22 63
556	95 73 79 90
557	57 30 92 63
558	65 66 62 27
559	100 41 81 91
560	50 11 6 67
561	18 36 43 16
562	45 67 23 99
563	59 72 22 89
564	81 67 56 8
565	95 83 96 33
566	38 7 45 88
567	19 75 56 62
568	81 12 56 78
569	75 44 93 14
570	96 94 70 57
571	70 73 24 62
572	8 67 68 76
573	79 14 3 73
574	69 70 31 6
575	26 23 74 36
576	94 62 57 96
577	73 42 56 72
578	27 48 78 74
579	9 79 83 94
580	78 77 60 36
581	46 52 97 13
582	65 48 28 83
583	65 96 17 77
584	70 78 84 50
585	79 56 86 99
586	93 28 54 88
587	22 34 41 6
588	98 15 7 2
589	23 62 14 17
590	1 18 96 59
591	21 7 59 95
592	1 56 67 5
593	17 63 22 72
594	60 6 83 22
595	57 55 100 73
596	72 58 50 42
597	92 56 53 99
598	87 18 96 44
599	85 24 64 47
600	75 96 22 1
601	38 49 69 28
602	93 17 28 37
603	9 87 70 13
604	55 88 49 24
605	13 59 88 95
606	8 20 33 41
607	30 31 37 59
608	49 88 63 86
609	100 3 19 37
610	93 55 54 74
611	34 81 29 55
612	82 53 13 69
613	79 51 85 57
614	53 26 65 81
615	7 54 14 35
616	49 54 74 22
617	65 31 21 18
618	15 19 35 47
619	28 20 36 30
620	13 23 99 41
621	58 87 62 86
622	51 67 37 63
623	7 65 21 17
624	14 60 3 56
625	91 61 25 35
626	1 48 7 46
627	53 19 38 70
628	95 48 2 100
629	99 62 9 15
630	30 77 81 100
631	68 38 1 60
632	58 87 81 84
633	43 100 94 59
634	1 89 41 51
635	61 71 19 70
636	27 32 89 68
637	30 42 70 64
638	24 28 90 48
639	63 4 39 88
640	100 47 79 16
641	89 86 34 40
642	41 91 62 30
643	84 64 9 17
644	4 52 21 60
645	90 50 19 59
646	5 90 27 98
647	51 8 74 27
648	73 24 46 15
649	17 31 44 45
650	19 44 41 97
651	56 62 5 9
652	59 1 13 34
653	72 6 91 47
654	45 79 97 18
655	23 33 12 8
656	28 39 49 98
657	32 39 3 73
658	69 84 68 94
659	54 100 35 47
660	80 51 62 15
661	75 24 77 3
662	11 12 6 51
663	94 39 96 79
664	64 23 95 44
665	100 23 90 88
666	19 6 31 24
667	56 67 78 90
668	99 82 80 56
669	56 22 23 90
670	72 92 45 64
671	27 66 79 87
672	74 7 91 68
673	63 95 60 50
674	22 12 7 96
675	85 28 97 55
676	80 45 44 39
677	97 74 43 88
678	52 29 2 65
679	29 83 37 27
680	40 85 51 33
681	34 15 77 80
682	29 4 72 33
683	60 46 75 10
684	23 74 91 3
685	41 27 13 69
686	35 64 95 58
687	43 16 69 47
688	92 59 51 83
689	12 23 9 85
690	77 23 64 22
691	88 93 46 3
692	38 52 61 40
693	50 26 37 63
694	27 23 65 77
695	80 28 43 32
696	47 38 54 65
697	59 28 50 2
698	56 66 3 47
699	15 70 96 8
700	61 8 38 98
701	20 14 98 29
702	42 57 71 37
703	82 18 28 38
704	44 60 73 30
705	22 39 20 77
706	67 62 85 90
707	36 16 19 20
708	35 2 46 60
709	99 95 40 77
710	88 18 81 13
711	22 16 4 63
712	91 85 65 30
713	50 84 16 97
714	30 8 73 57
715	11 15 27 92
716	30 100 9 49
717	73 95 90 81
718	68 67 94 71
719	73 16 68 20
720	81 41 72 80
721	69 87 73 22
722	35 42 27 18
723	49 8 70 7
724	26 54 59 17
725	78 17 60 98
726	5 44 98 15
727	53 78 100 25
728	10 74 41 56
729	10 68 22 73
730	33 58 72 32
731	43 11 12 85
732	15 23 48 22
733	27 43 24 32
734	54 91 8 90
735	61 36 2 52
736	94 57 22 41
737	77 21 57 16
738	61 96 65 47
739	79 10 22 8
740	13 56 83 70
741	43 73 72 7
742	2 37 12 44
743	94 97 31 67
744	57 42 95 16
745	93 11 52 48
746	10 95 26 72
747	19 100 50 66
748	58 59 81 72
749	78 26 2 95
750	100 55 61 53
751	34 89 8 76
752	72 100 68 27
753	18 10 84 37
754	39 62 82 31
755	31 78 13 6
756	55 5 16 37
757	25 90 97 50
758	96 61 39 19
759	7 11 41 62
760	18 9 89 42
761	61 18 34 64
762	72 44 25 61
763	9 91 20 97
764	21 10 40 60
765	72 37 24 76
766	53 42 93 8
767	42 45 40 63
768	97 63 67 12
769	27 39 48 71
770	55 8 15 66
771	94 90 31 34
772	14 37 86 54
773	6 49 99 7
774	49 37 27 48
775	100 29 13 38
776	46 44 84 59
777	60 24 62 86
778	74 49 65 69
779	86 34 39 99
780	59 84 12 74
781	39 71 15 28
782	37 22 36 90
783	58 64 90 73
784	3 35 19 50
785	97 94 1 19
786	14 53 38 46
787	61 80 45 20
788	63 66 5 22
789	82 50 39 31
790	62 99 82 67
791	1 26 20 61
792	93 52 69 21
793	26 29 85 32
794	72 9 84 82
795	53 82 96 11
796	11 96 23 91
797	18 50 94 56
798	82 19 47 91
799	38 13 24 34
800	58 84 39 74
801	30 64 22 36
802	62 96 54 83
803	1 53 16 61
804	48 68 40 36
805	38 43 39 89
806	96 39 25 80
807	97 58 31 2
808	28 10 92 66
809	70 86 89 40
810	46 36 87 79
811	40 44 10 31
812	35 92 72 58
813	1 2 83 58
814	47 57 9 66
815	4 61 3 66
816	61 32 46 64
817	60 79 92 7
818	74 18 17 59
819	31 30 53 94
820	59 82 5 31
821	41 25 31 49
822	35 39 57 92
823	62 17 84 78
824	100 31 79 10
825	47 75 6 67
826	78 94 97 62
827	45 93 56 6
828	79 13 57 47
829	94 17 78 95
830	55 97 2 86
831	15 25 24 22
832	84 11 59 18
833	32 16 21 87
834	9 23 31 43
835	65 45 63 34
836	68 91 4 37
837	5 80 34 63
838	90 10 82 21
839	9 10 33 38
840	85 21 95 16
841	16 29 87 65
842	55 70 66 65
843	10 83 91 57
844	6 64 16 71
845	12 6 34 63
846	87 8 93 69
847	15 95 97 43
848	21 85 28 60
849	11 17 45 64
850	91 83 77 23
851	78 35 53 93
852	97 75 4 67
853	6 4 3 90
854	69 71 9 19
855	49 98 85 12
856	72 5 69 84
857	68 82 45 22
858	35 26 5 58
859	60 64 66 92
860	70 96 13 8
861	43 36 77 2
862	2 36 58 10
863	95 16 9 97
864	39 4 83 30
865	85 99 19 16
866	88 82 90 28
867	37 84 91 23
868	93 91 68 76
869	51 17 83 22
870	10 21 33 48
871	26 14 41 45
872	10 84 64 32
873	3 100 75 57
874	53 96 33 36
875	71 75 61 100
876	67 74 75 81
877	45 41 35 37
878	25 15 18 84
879	93 87 33 71
880	89 34 3 16
881	47 11 9 96
882	95 7 23 2
883	47 36 8 10
884	88 16 5 89
885	28 54 1 63
886	20 16 3 6
887	52 6 79 65
888	8 34 97 31
889	91 86 27 6
890	93 14 5 45
891	73 8 7 96
892	66 98 18 58
893	53 43 93 88
894	54 10 53 40
895	20 18 39 67
896	92 9 28 64
897	31 59 30 69
898	43 13 58 86
899	44 3 49 33
900	42 9 79 26
901	13 6 100 42
902	93 49 15 47
903	94 52 24 20
904	98 69 23 26
905	74 96 42 94
906	73 74 50 24
907	10 1 57 11
908	88 26 67 53
909	16 75 73 50
910	18 70 57 28
911	43 54 78 5
912	76 5 79 60
913	47 99 60 19
914	2 18 10 27
915	15 55 13 98
916	75 4 5 33
917	47 12 54 63
918	70 93 16 48
919	2 26 25 48
920	31 42 100 77
921	16 74 35 26
922	4 50 66 84
923	1 53 35 50
924	7 98 24 25
925	20 22 13 78
926	52 33 86 17
927	78 10 31 63
928	58 19 8 86
929	64 75 92 58
930	83 22 34 33
931	59 42 76 92
932	50 49 81 17
933	79 94 36 7
934	5 15 7 58
935	54 57 38 24
936	76 93 24 37
937	37 19 18 77
938	60 36 10 6
939	69 46 100 68
940	67 91 34 79
941	62 89 67 56
942	62 23 37 43
943	32 79 97 66
944	64 89 95 29
945	80 21 28 29
946	9 14 37 11
947	93 25 70 92
948	66 12 85 76
949	70 34 60 68
950	23 71 86 55
951	28 46 88 9
952	95 91 35 40
953	63 8 89 41
954	73 41 63 25
955	34 54 73 76
956	65 93 22 64
957	28 37 78 94
958	36 25 4 18
959	37 77 2 39
960	90 79 60 95
961	98 80 40 15
962	20 45 34 57
963	81 74 49 4
964	59 19 26 47
965	76 10 37 88
966	73 87 99 10
967	63 25 71 87
968	69 100 81 47
969	94 78 84 88
970	59 2 4 35
971	97 94 68 35
972	4 100 85 25
973	27 5 72 16
974	90 25 49 6
975	71 67 69 76
976	2 95 85 33
977	90 80 18 20
978	32 42 4 10
979	14 94 74 60
980	97 19 33 63
981	69 51 5 60
982	69 2 99 29
983	71 62 90 65
984	26 83 23 63
985	95 11 57 13
986	56 15 45 50
987	53 100 23 61
988	55 98 20 22
989	89 97 21 84
990	24 48 13 82
991	50 30 64 97
992	70 19 81 17
993	18 28 25 85
994	39 57 75 23
995	48 24 37 62
996	53 44 78 81
997	68 43 38 11
998	52 8 13 70
999	35 64 52 96
1000	70 37 44 38
