Students	1000
1	23 98 74 89
2	70 67 82 71
3	85 88 33 1
4	79 12 59 56
5	22 96 15 82
6	49 71 99 22
7	95 14 54 89
8	11 23 47 99
9	5 96 38 87
10	9 95 16 85
11	44 51 77 79
12	86 50 79 99
13	100 65 94 79
14	91 90 44 100
15	46 16 79 10
16	46 95 35 36
17	22 25 83 81
18	100 74 10 84
19	70 5 29 31
20	12 10 76 2
21	51 48 81 26
22	21 61 66 96
23	84 12 95 85
24	61 55 41 40
25	23 48 39 69
26	11 49 83 5
27	98 11 66 55
28	34 27 78 55
29	59 86 49 1
30	23 15 95 34
31	60 44 1 66
32	82 2 46 3
33	44 12 53 25
34	96 37 43 61
35	55 85 10 27
36	91 13 54 37
37	39 56 71 53
38	18 23 100 42
39	81 73 66 68
40	37 95 100 46
41	36 40 77 6
42	45 39 22 18
43	35 12 68 10
44	9 79 10 20
45	47 27 99 74
46	53 41 47 88
47	3 2 4 22
48	89 57 1 17
49	23 33 37 52
50	33 91 22 98
51	70 83 51 18
52	30 87 47 36
53	46 35 28 68
54	75 10 98 92
55	2 16 40 82
56	62 43 25 3
57	43 74 93 72
58	5 97 37 21
59	67 14 35 52
60	22 18 74 15
61	6 19 51 37
62	53 23 27 4
63	80 14 27 81
64	93 22 86 37
65	24 49 93 100
66	67 85 79 88
67	4 46 41 55
68	87 51 25 8
69	61 81 30 57
70	26 51 69 53
71	42 35 95 47
72	15 6 30 21
73	33 20 78 57
74	92 67 50 55
75	99 59 68 35
76	22 94 46 80
77	68 41 39 93
78	2 84 33 11
79	90 27 73 8
80	96 44 14 39
81	56 11 76 71
82	21 29 55 38
83	65 26 30 62
84	8 83 100 17
85	16 22 95 66
86	38 50 30 82
87	17 59 18 45
88	36 94 53 50
89	37 18 100 14
90	57 2 82 9
91	37 25 91 93
92	50 92 49 84
93	25 34 51 80
94	93 87 4 20
95	54 12 84 35
96	25 49 18 70
97	16 94 47 43
98	50 15 56 31
99	7 32 67 95
100	85 25 84 43
101	23 17 9 20
102	7 14 48 39
103	8 29 24 43
104	60 98 59 15
105	32 44 41 57
106	38 92 84 10
107	94 7 36 22
108	99 96 39 73
109	93 58 96 98
110	95 66 31 21
111	74 28 19 46
112	72 96 21 55
113	100 56 76 19
114	57 9 76 17
115	82 7 73 45
116	59 79 39 22
117	59 39 51 80
118	39 70 11 65
119	85 20 4 38
120	8 55 72 1
121	30 93 27 28
122	18 19 43 57
123	46 71 5 84
124	64 39 99 73
125	20 41 65 92
126	29 85 81 66
127	24 63 70 58
128	10 15 26 67
129	52 32 93 47
130	15 31 73 26
131	42 52 72 88
132	33 21 59 72
133	14 36 45 85
134	98 75 41 48
135	23 69 65 98
136	82 9 90 3
137	23 24 37 48
138	41 39 63 69
139	72 46 85 9
140	3 65 16 22
141	14 58 68 79
142	5 82 81 47
143	19 56 72 95
144	68 92 21 15
145	83 89 76 98
146	1 79 97 82
147	45 49 58 51
148	34 73 89 81
149	87 3 88 39
150	86 83 49 38
151	40 5 60 61
152	10 37 69 19
153	21 13 64 24
154	8 86 89 37
155	49 43 31 17
156	37 94 83 96
157	94 7 38 30
158	5 3 82 53
159	63 90 11 50
160	44 5 8 72
161	83 66 46 40
162	67 77 60 38
163	20 47 52 54
164	95 19 54 55
165	34 22 35 4
166	46 29 57 40
167	97 84 72 31
168	53 82 93 66
169	30 44 47 13
170	47 95 83 35
171	50 90 22 11
172	51 96 77 48
173	99 14 67 87
174	24 38 19 81
175	11 29 23 2
176	5 9 47 42
177	3 92 74 40
178	49 43 10 58
179	42 33 67 77
180	94 99 3 58
181	37 47 48 31
182	81 25 52 67
183	58 48 81 16
184	72 88 28 26
185	27 16 33 99
186	67 79 24 82
187	43 18 66 3
188	14 69 32 84
189	78 67 6 43
190	58 87 74 91
191	90 38 17 15
192	19 38 97 30
193	88 22 86 19
194	85 52 28 38
195	99 11 20 25
196	18 1 75 80
197	70 78 2 43
198	33 56 15 72
199	87 4 6 76
200	37 87 63 22
201	47 42 82 10
202	97 47 17 63
203	97 86 5 3
204	18 53 74 83
205	18 49 63 66
206	18 24 100 43
207	99 73 21 8
208	98 96 60 23
209	17 55 1 7
210	16 45 75 37
211	42 35 1 92
212	82 59 30 98
213	7 53 90 89
214	2 85 71 56
215	67 85 77 42
216	72 85 99 30
217	27 56 69 31
218	35 46 1 3
219	96 4 98 13
220	99 69 87 86
221	84 18 88 86
222	53 64 62 11
223	81 5 76 58
224	23 26 99 45
225	20 2 19 61
226	30 8 13 86
227	13 35 97 84
228	82 7 49 58
229	58 68 5 33
230	48 26 84 64
231	32 56 21 86
232	98 49 79 43
233	22 100 46 56
234	34 16 15 20
235	7 59 33 14
236	62 57 100 31
237	36 52 31 5
238	97 85 8 96
239	61 97 19 73
240	78 71 50 85
241	38 96 10 52
242	40 45 52 95
243	30 20 70 69
244	85 89 18 76
245	40 72 52 16
246	27 61 24 11
247	23 20 27 47
248	73 75 1 81
249	35 2 46 95
250	31 78 89 3
251	1 36 28 39
252	87 68 32 11
253	32 67 2 13
254	18 49 78 72
255	62 18 42 24
256	56 8 27 93
257	45 55 3 22
258	78 68 19 65
259	3 77 64 29
260	2 90 50 27
261	76 47 62 31
262	91 64 80 11
263	35 57 76 61
264	58 23 76 20
265	5 92 97 2
266	84 34 56 78
267	59 30 51 55
268	65 18 61 49
269	43 51 80 93
270	71 1 31 89
271	18 75 79 96
272	52 33 86 67
273	90 89 73 71
274	29 14 36 55
275	53 57 67 62
276	73 75 7 67
277	52 71 49 88
278	69 68 40 54
279	28 87 34 84
280	37 2 80 90
281	4 7 19 93
282	85 29 47 64
283	22 10 24 16
284	49 84 36 34
285	75 79 90 29
286	89 1 5 14
287	78 57 88 68
288	75 14 22 25
289	12 15 45 29
290	61 79 35 19
291	75 68 21 38
292	65 71 40 39
293	40 6 19 74
294	64 45 18 62
295	56 44 48 20
296	79 41 84 21
297	82 27 73 67
298	26 82 13 60
299	82 78 68 84
300	19 68 90 100
301	93 28 7 88
302	67 36 2 29
303	57 43 91 84
304	90 48 71 56
305	54 65 83 21
306	98 6 32 52
307	86 84 67 9
308	72 37 29 65
309	97 67 70 36
310	82 35 91 25
311	1 35 95 17
312	23 84 79 93
313	100 72 67 91
314	19 7 98 22
315	35 56 97 18
316	35 97 87 94
317	32 59 20 94
318	85 41 13 44
319	49 33 98 68
320	98 26 18 15
321	50 2 36 92
322	21 50 64 32
323	87 37 66 3
324	32 31 8 80
325	41 20 60 99
326	57 14 43 30
327	18 91 47 60
328	6 3 29 81
329	4 38 26 92
330	46 35 52 65
331	86 13 82 34
332	71 13 60 7
333	13 39 27 88
334	28 14 19 93
335	28 50 33 77
336	29 35 63 88
337	29 100 21 32
338	37 53 25 39
339	28 83 40 29
340	65 54 31 36
341	55 52 47 88
342	98 59 17 75
343	26 57 11 38
344	4 50 81 14
345	44 74 22 26
346	91 11 81 33
347	90 79 7 20
348	85 23 81 64
349	10 31 29 22
350	79 89 86 41
351	26 84 62 39
352	42 96 59 64
353	1 26 27 28
354	16 54 29 87
355	48 77 33 52
356	14 19 16 21
357	92 43 84 89
358	31 5 47 96
359	31 48 13 93
360	27 53 66 34
361	77 19 70 65
362	97 63 79 5
363	43 41 96 99
364	16 55 15 72
365	85 30 18 33
366	34 45 60 48
367	83 8 66 29
368	16 45 76 21
369	73 2 42 81
370	7 70 28 62
371	98 19 58 74
372	29 72 76 80
373	21 82 53 29
374	15 42 56 81
375	50 44 29 74
376	41 52 23 2
377	21 46 55 20
378	70 6 58 38
379	4 14 42 18
380	81 67 73 62
381	68 56 55 35
382	57 78 64 17
383	54 51 83 47
384	91 20 69 18
385	21 83 29 87
386	6 2 95 39
387	66 29 99 83
388	90 21 46 50
389	88 69 22 11
390	30 79 99 93
391	7 33 4 58
392	52 72 13 9
393	57 3 73 42
394	100 76 25 26
395	68 99 11 20
396	31 37 67 89
397	48 13 3 78
398	66 6 33 54
399	31 68 79 15
400	11 53 95 25
401	94 12 97 28
402	50 37 84 79
403	9 90 81 10
404	46 98 53 70
405	58 56 68 28
406	51 81 54 94
407	75 51 40 80
408	38 20 62 1
409	32 85 99 64
410	59 47 55 32
411	60 15 77 71
412	55 5 36 62
413	1 69 80 18
414	68 94 69 93
415	71 96 76 39
416	89 29 27 44
417	55 77 98 58
418	7 87 29 33
419	82 16 66 96
420	16 27 74 65
421	78 33 42 12
422	64 51 92 19
423	78 9 57 27
424	87 71 79 83
425	49 39 40 98
426	59 89 90 80
427	67 61 97 72
428	86 36 71 44
429	70 33 21 72
430	95 72 10 81
431	19 32 56 20
432	6 33 13 79
433	43 44 67 78
434	50 84 44 4
435	79 38 26 49
436	7 42 71 56
437	15 83 43 79
438	17 24 68 92
439	53 4 19 42
440	56 19 35 39
441	19 8 2 66
442	13 3 4 70
443	5 16 8 56
444	82 95 89 66
445	45 35 39 6
446	45 80 63 82
447	60 8 56 11
448	9 18 64 17
449	37 40 69 89
450	9 89 97 67
451	77 69 64 73
452	8 59 89 43
453	37 48 17 35
454	54 39 86 94
455	17 21 96 1
456	56 45 93 67
457	92 70 69 40
458	21 4 95 27
459	90 70 9 6
460	28 26 78 71
461	80 40 55 16
462	68 85 25 77
463	43 16 49 27
464	53 11 49 92
465	41 96 69 71
466	94 79 74 98
467	94 4 38 9
468	3 77 67 49
469	57 72 41 42
470	58 28 18 83
471	24 65 98 70
472	86 67 57 96
473	32 69 46 42
474	36 8 28 84
475	47 39 48 31
476	77 93 69 47
477	13 1 31 81
478	49 80 32 11
479	43 60 56 62
480	40 92 57 73
481	38 78 33 4
482	96 47 57 13
483	27 66 5 75
484	47 31 7 18
485	37 35 28 31
486	80 77 66 87
487	5 81 45 69
488	42 52 55 74
489	99 10 95 46
490	39 71 35 1
491	99 66 50 95
492	98 2 56 49
493	29 72 54 3
494	39 22 5 2
495	5 51 24 46
496	61 14 7 77
497	99 31 100 66
498	40 42 38 94
499	58 51 24 27
500	72 20 34 64
501	8 80 31 94
502	39 21 73 47
503	71 83 88 80
504	55 62 57 84
505	75 18 26 15
506	95 90 81 72
507	41 83 70 9
508	1 90 91 64
509	10 12 95 26
510	7 90 3 81
511	27 60 23 89
512	72 92 69 36
513	78 84 14 98
514	37 62 35 27
515	51 30 81 64
516	54 2 88 85
517	1 61 18 50
518	66 27 24 79
519	68 97 74 37
520	18 23 36 95
521	27 75 2 30
522	21 87 79 97
523	85 17 79 71
524	68 35 13 4
525	40 64 32 59
526	22 95 14 46
527	95 43 42 66
528	99 58 83 91
529	74 23 28 77
530	50 100 77 67
531	30 81 14 66
532	23 78 29 55
533	49 92 82 94
534	12 68 44 33
535	84 87 14 23
536	51 81 60 43
537	84 97 38 90
538	31 69 78 96
539	76 51 57 42
540	58 46 61 66
541	94 79 77 74
542	15 25 26 32
543	83 82 76 21
544	60 73 31 1
545	38 20 7 18
546	49 82 63 77
547	6 31 89 42
548	86 13 52 37
549	18 37 77 83
550	60 97 3 19
551	71 93 45 37
552	44 64 40 94
553	7 70 84 44
554	99 16 66 17
555	37 61 23 76
556	57 12 27 21
557	94 52 35 82
558	64 18 65 66
559	45 97 86 36
560	37 14 4 23
561	50 98 90 75
562	96 47 81 97
563	42 82 68 21
564	68 71 6 37
565	92 76 17 80
566	86 3 46 29
567	19 12 89 83
568	63 94 5 80
569	60 69 20 53
570	7 8 70 22
571	26 69 23 59
572	94 69 16 13
573	32 26 33 52
574	58 53 88 85
575	82 74 67 37
576	39 54 51 20
577	43 66 87 28
578	90 91 9 39
579	76 2 84 1
580	73 81 85 86
581	91 82 44 40
582	97 45 15 22
583	24 9 45 34
584	6 7 29 10
585	31 15 13 46
586	99 78 43 11
587	60 93 96 100
588	20 73 60 77
589	18 83 98 75
590	2 39 64 14
591	73 55 68 75
592	17 24 90 57
593	24 28 81 38
594	87 84 64 63
595	82 69 19 68
596	29 25 99 94
597	15 72 36 76
598	7 87 80 82
599	40 7 35 88
600	76 70 65 43
601	59 70 24 42
602	54 19 4 63
603	90 37 9 16
604	27 66 58 5
605	93 92 84 52
606	5 78 79 59
607	90 94 64 81
608	29 51 50 63
609	21 87 20 75
610	98 54 58 33
611	41 56 62 50
612	92 98 48 97
613	39 29 48 7
614	85 73 97 72
615	93 79 1 54
616	19 61 65 77
617	45 63 57 61
618	99 4 44 34
619	95 60 41 70
620	65 51 66 7
621	6 35 33 85
622	16 15 82 95
623	39 74 3 4
624	56 11 10 25
625	23 78 98 82
626	52 29 87 3
627	39 25 62 44
628	2 88 27 93
629	14 74 3 45
630	69 65 35 42
631	21 86 13 10
632	19 5 47 75
633	63 2 44 98
634	43 17 26 9
635	32 45 53 42
636	24 67 85 96
637	46 27 71 58
638	89 31 45 100
639	64 79 33 57
640	7 38 58 50
641	43 1 93 42
642	85 41 100 3
643	68 9 79 77
644	10 88 23 62
645	4 16 44 90
646	59 25 60 22
647	97 44 4 8
648	42 52 25 31
649	92 41 81 12
650	29 81 32 43
651	11 93 59 42
652	76 64 72 3
653	34 47 97 91
654	98 44 39 79
655	29 17 40 81
656	79 44 78 83
657	15 26 79 8
658	93 57 25 85
659	41 74 79 92
660	47 46 82 66
661	34 68 15 27
662	59 90 58 79
663	95 56 73 98
664	8 11 48 45
665	40 46 82 58
666	39 83 59 82
667	16 19 12 30
668	64 29 34 93
669	48 90 71 1
670	63 2 11 24
671	61 53 26 20
672	42 84 11 89
673	11 83 55 19
674	58 32 95 72
675	86 96 7 66
676	55 28 46 47
677	62 20 87 22
678	88 5 97 93
679	74 54 23 88
680	63 62 28 55
681	41 47 19 1
682	25 30 57 66
683	71 10 51 75
684	82 41 71 51
685	54 86 15 19
686	89 97 64 37
687	35 15 14 93
688	96 41 4 86
689	84 65 12 67
690	62 16 45 61
691	55 37 73 25
692	100 64 28 99
693	44 84 72 95
694	84 100 2 15
695	53 98 48 62
696	100 10 58 73
697	97 8 88 67
698	46 98 55 80
699	63 50 97 86
700	31 11 29 9
701	23 35 53 27
702	76 55 18 38
703	78 94 42 49
704	85 55 17 77
705	59 8 71 47
706	2 100 26 20
707	8 20 70 42
708	73 78 30 87
709	75 76 71 34
710	46 15 7 98
711	25 55 91 5
712	95 48 43 36
713	7 66 32 93
714	20 94 87 66
715	84 39 23 6
716	14 24 57 73
717	81 61 63 8
718	48 24 84 49
719	31 91 21 60
720	61 96 48 17
721	65 83 93 19
722	42 85 71 43
723	17 55 60 41
724	3 19 92 64
725	36 37 28 67
726	60 14 48 95
727	32 43 89 39
728	90 6 76 63
729	70 81 16 1
730	56 55 80 5
731	89 53 15 22
732	25 89 67 57
733	66 54 59 94
734	17 34 69 3
735	44 97 83 98
736	10 15 16 26
737	49 57 78 64
738	52 7 94 69
739	1 76 82 93
740	67 27 92 64
741	93 27 51 82
742	89 88 64 97
743	40 71 26 72
744	10 57 66 99
745	43 39 51 4
746	40 61 94 1
747	33 1 72 76
748	47 53 92 75
749	95 59 93 16
750	61 35 92 3
751	38 90 72 61
752	3 64 34 55
753	7 63 81 18
754	4 9 66 79
755	8 66 14 84
756	27 51 91 84
757	38 97 34 55
758	5 7 47 65
759	4 78 77 61
760	53 19 77 99
761	28 25 70 95
762	94 33 89 97
763	46 58 21 80
764	11 7 83 85
765	29 99 98 33
766	89 7 86 63
767	17 90 64 8
768	88 16 58 56
769	31 67 77 17
770	40 65 71 34
771	51 56 6 55
772	39 20 17 41
773	40 76 52 2
774	35 21 25 95
775	100 20 21 60
776	61 17 70 2
777	68 97 48 32
778	38 19 11 80
779	60 85 97 83
780	40 73 96 10
781	89 21 99 97
782	25 6 60 3
783	16 33 9 18
784	66 28 89 32
785	4 57 23 47
786	82 51 87 89
787	64 38 40 92
788	59 65 78 97
789	31 38 54 80
790	49 73 2 62
791	26 28 1 94
792	35 70 93 61
793	96 18 6 28
794	36 65 40 30
795	71 33 99 60
796	41 25 8 72
797	2 1 27 3
798	62 23 38 85
799	9 34 64 5
800	7 10 22 6
801	60 68 91 74
802	28 19 6 8
803	20 30 72 8
804	18 23 14 20
805	74 91 47 20
806	71 23 64 90
807	31 51 35 99
808	36 41 96 2
809	65 42 82 71
810	28 99 22 90
811	60 78 2 84
812	50 98 63 85
813	80 92 49 62
814	90 18 23 45
815	2 21 66 70
816	14 3 65 7
817	92 98 37 93
818	35 96 29 38
819	32 10 16 52
820	46 81 2 12
821	14 47 20 100
822	23 54 47 44
823	45 77 53 42
824	45 4 62 37
825	55 64 33 51
826	80 23 61 63
827	100 93 59 58
828	15 61 9 24
829	36 50 22 53
830	35 31 26 75
831	39 84 68 89
832	38 94 73 92
833	97 62 50 69
834	56 89 66 58
835	19 85 30 11
836	53 62 22 69
837	25 51 30 77
838	14 39 29 57
839	78 88 7 73
840	85 4 100 90
841	44 79 49 24
842	54 73 81 51
843	76 14 86 13
844	89 14 10 32
845	66 20 80 69
846	44 98 17 80
847	29 95 41 58
848	4 79 84 14
849	30 85 36 96
850	30 85 71 36
851	93 100 8 40
852	17 89 94 98
853	98 51 71 6
854	97 25 75 23
855	79 35 77 22
856	63 35 29 17
857	33 61 60 47
858	30 70 33 4
859	52 45 15 86
860	76 11 36 100
861	98 13 81 85
862	63 41 98 22
863	47 24 69 8
864	88 89 14 74
865	41 75 59 7
866	55 35 71 74
867	3 6 25 10
868	22 37 2 38
869	78 88 63 23
870	23 61 62 87
871	13 69 19 90
872	37 93 5 65
873	68 36 60 10
874	38 76 78 95
875	22 5 20 59
876	17 14 42 70
877	44 9 64 96
878	44 19 32 50
879	30 26 34 11
880	68 18 38 65
881	76 38 4 73
882	51 84 98 5
883	99 43 75 42
884	48 21 71 46
885	35 79 52 57
886	62 93 61 76
887	74 20 52 68
888	88 26 78 97
889	86 84 39 60
890	20 60 80 38
891	35 87 19 8
892	44 63 45 79
893	69 36 21 55
894	32 1 93 51
895	39 11 66 38
896	81 42 87 30
897	4 69 76 38
898	19 42 99 9
899	21 94 29 38
900	2 24 28 18
901	11 34 31 71
902	4 86 71 58
903	26 44 10 15
904	35 93 38 67
905	2 21 81 50
906	97 26 85 60
907	54 98 64 13
908	43 59 67 46
909	62 77 63 15
910	40 95 43 17
911	63 10 90 21
912	21 96 53 42
913	10 93 46 25
914	70 85 13 6
915	93 62 35 85
916	68 37 94 59
917	98 90 100 62
918	6 20 60 82
919	80 51 81 13
920	68 7 31 46
921	84 37 18 4
922	55 11 71 83
923	36 49 22 89
924	85 92 76 67
925	48 92 58 31
926	41 63 66 72
927	93 99 6 72
928	61 46 62 3
929	18 64 74 46
930	72 50 54 12
931	6 57 40 87
932	92 31 66 33
933	19 94 71 39
934	72 14 93 27
935	47 30 66 63
936	23 25 98 71
937	4 54 49 1
938	17 35 100 33
939	100 21 88 2
940	79 33 17 35
941	6 3 31 2
942	25 1 77 4
943	67 2 38 28
944	81 27 55 10
945	11 50 87 95
946	62 93 89 4
947	18 41 68 10
948	41 70 20 37
949	85 95 57 61
950	89 46 26 4
951	100 92 78 65
952	54 41 36 24
953	100 15 93 65
954	83 61 22 1
955	30 29 95 41
956	13 56 10 52
957	82 64 10 63
958	77 41 73 46
959	85 43 21 46
960	21 98 79 34
961	76 79 75 83
962	56 25 79 11
963	70 91 55 30
964	62 23 97 28
965	60 30 6 79
966	45 99 13 80
967	55 90 37 21
968	14 63 19 31
969	85 86 68 94
970	31 24 40 29
971	13 100 55 79
972	19 60 65 100
973	34 80 92 91
974	88 12 35 34
975	25 29 10 20
976	46 80 89 79
977	10 97 60 24
978	19 30 90 13
979	61 43 20 6
980	6 92 29 98
981	21 33 70 15
982	31 92 28 29
983	88 57 100 8
984	14 31 98 77
985	8 7 41 9
986	32 14 91 7
987	98 94 55 65
988	59 32 58 64
989	74 30 37 72
990	83 73 18 54
991	46 47 81 88
992	52 99 10 8
993	24 13 25 67
994	5 15 32 38
995	18 3 29 80
996	87 42 90 46
997	17 47 80 89
998	47 32 7 55
999	55 21 59 16
1000	70 68 76 54
