Class Times	5
Rooms	20
1	68	B	0
2	20	C	0
3	74	A	0
4	24	B	0
5	32	A	1
6	64	B	0
7	98	B	1
8	30	B	0
9	83	C	0
10	13	C	1
11	78	A	0
12	18	A	0
13	57	B	1
14	58	B	0
15	96	A	1
16	39	A	0
17	35	C	1
18	31	B	1
19	10	B	0
20	59	B	0
Classes	50
Teachers	25
1	16	2	B	1
2	24	1	A	1
3	11	5	C	1
4	14	3	C	0
5	24	4	C	0
6	13	5	C	0
7	11	5	C	0
8	5	3	C	0
9	2	4	C	0
10	2	3	C	0
11	19	2	B	0
12	17	4	C	0
13	13	4	C	0
14	6	5	C	0
15	8	4	C	0
16	19	2	B	0
17	15	2	B	0
18	16	2	B	0
19	5	1	A	0
20	7	2	B	0
21	15	4	C	0
22	3	3	C	0
23	25	5	C	0
24	23	5	C	0
25	17	5	C	0
26	8	1	A	0
27	7	5	C	0
28	14	2	B	0
29	12	5	C	0
30	23	3	C	0
31	4	5	C	0
32	20	3	C	0
33	6	1	A	0
34	9	5	C	0
35	21	5	C	0
36	22	4	C	0
37	18	5	C	0
38	3	2	B	0
39	1	2	B	0
40	10	3	C	0
41	12	3	C	0
42	25	1	A	0
43	21	4	C	0
44	1	3	C	0
45	9	1	A	0
46	20	2	B	0
47	4	2	B	0
48	22	5	C	0
49	10	2	B	0
50	18	2	B	0
