Class Times	5
Rooms	20
1	36	A	0
2	88	A	0
3	72	C	0
4	72	A	0
5	54	B	0
6	87	A	0
7	75	C	0
8	94	B	0
9	89	A	0
10	65	A	0
11	86	C	0
12	45	B	0
13	49	B	1
14	54	A	0
15	92	B	0
16	57	B	1
17	73	B	1
18	29	A	0
19	37	A	0
20	85	A	0
Classes	50
Teachers	25
1	13	1	A	1
2	1	1	A	1
3	19	2	B	1
4	21	1	A	0
5	10	4	C	0
6	13	3	C	0
7	18	2	B	0
8	11	3	C	0
9	7	4	C	0
10	5	3	C	0
11	8	2	B	0
12	20	1	A	0
13	7	1	A	0
14	11	1	A	0
15	14	4	C	0
16	25	4	C	0
17	10	1	A	0
18	9	5	C	0
19	18	1	A	0
20	2	4	C	0
21	23	5	C	0
22	16	2	B	0
23	20	1	A	0
24	8	2	B	0
25	9	4	C	0
26	25	2	B	0
27	5	1	A	0
28	3	4	C	0
29	4	4	C	0
30	12	5	C	0
31	3	1	A	0
32	23	1	A	0
33	12	1	A	0
34	24	4	C	0
35	17	5	C	0
36	24	1	A	0
37	2	4	C	0
38	17	1	A	0
39	4	4	C	0
40	1	1	A	0
41	21	2	B	0
42	15	5	C	0
43	6	3	C	0
44	15	5	C	0
45	22	1	A	0
46	22	3	C	0
47	19	5	C	0
48	14	1	A	0
49	6	4	C	0
50	16	4	C	0
