Class Times	5
Rooms	20
1	22	B	0
2	74	A	0
3	11	A	1
4	79	B	0
5	48	C	1
6	51	A	0
7	62	C	0
8	67	A	1
9	60	A	1
10	56	B	1
11	27	B	0
12	23	C	1
13	79	B	0
14	86	A	0
15	55	B	0
16	99	C	0
17	26	A	0
18	73	A	0
19	40	C	1
20	48	A	1
Classes	50
Teachers	25
1	8	3	C	1
2	9	4	C	1
3	13	3	C	1
4	15	2	B	0
5	17	4	C	0
6	22	2	B	0
7	17	3	C	0
8	20	3	C	0
9	6	2	B	0
10	18	5	C	0
11	20	2	B	0
12	21	2	B	0
13	12	2	B	0
14	6	5	C	0
15	21	2	B	0
16	23	4	C	0
17	8	3	C	0
18	22	4	C	0
19	24	3	C	0
20	12	3	C	0
21	18	5	C	0
22	2	5	C	0
23	11	5	C	0
24	14	5	C	0
25	16	5	C	0
26	15	5	C	0
27	7	1	A	0
28	23	2	B	0
29	16	4	C	0
30	3	2	B	0
31	10	4	C	0
32	4	3	C	0
33	1	2	B	0
34	7	4	C	0
35	4	5	C	0
36	11	5	C	0
37	1	3	C	0
38	25	5	C	0
39	25	2	B	0
40	2	2	B	0
41	24	1	A	0
42	10	1	A	0
43	14	2	B	0
44	9	5	C	0
45	13	3	C	0
46	3	3	C	0
47	5	3	C	0
48	5	1	A	0
49	19	1	A	0
50	19	4	C	0
