Students	500
1	35 14 11 7	2	-1	0
2	15 22 30 40	4	4	0
3	38 23 5 18	4	3	0
4	7 25 17 19	4	4	0
5	34 43 32 19	4	1	0
6	49 16 35 34	2	-1	0
7	37 21 49 40	2	-1	0
8	42 28 27 36	3	4	0
9	7 31 6 26	3	5	0
10	17 26 21 39	2	-1	0
11	44 17 20 18	3	5	0
12	2 5 47 9	1	-1	0
13	47 25 41 46	3	3	0
14	27 11 15 24	3	3	0
15	26 33 45 25	4	5	0
16	47 9 34 15	3	2	0
17	2 19 8 41	1	-1	0
18	45 7 38 43	2	-1	0
19	3 42 26 31	1	-1	0
20	6 25 45 7	2	-1	0
21	2 48 42 12	1	-1	0
22	34 6 40 31	2	-1	0
23	1 35 17 5	1	-1	0
24	38 27 15 16	4	3	0
25	21 19 23 18	2	-1	0
26	2 16 4 5	1	-1	0
27	1 12 19 24	1	-1	0
28	11 20 38 42	3	1	1
29	2 42 45 41	1	-1	0
30	8 30 47 22	2	-1	0
31	41 16 7 19	4	2	0
32	2 31 12 22	1	-1	0
33	2 8 19 7	1	-1	0
34	7 37 40 33	4	3	0
35	10 9 14 4	3	3	0
36	44 48 18 33	3	1	0
37	3 45 4 25	1	-1	0
38	34 45 13 31	4	5	0
39	25 50 15 32	4	3	0
40	21 15 22 23	3	4	0
41	2 26 22 5	1	-1	0
42	5 35 8 7	2	-1	0
43	1 12 38 26	1	-1	0
44	33 40 47 9	2	-1	0
45	35 44 10 36	2	-1	0
46	21 47 25 35	4	3	0
47	4 33 37 9	2	-1	0
48	33 15 11 39	4	1	0
49	3 6 14 15	1	-1	0
50	3 25 50 11	1	-1	0
51	49 5 28 30	2	-1	0
52	26 9 14 50	3	4	0
53	34 18 22 5	2	-1	0
54	48 22 25 7	2	-1	0
55	22 25 17 16	4	2	0
56	3 18 34 42	1	-1	0
57	29 50 49 33	4	3	0
58	38 44 34 40	4	2	0
59	25 33 8 31	4	3	0
60	35 21 37 40	2	-1	0
61	32 27 16 50	3	5	0
62	3 29 12 28	1	-1	0
63	23 40 6 9	3	3	0
64	20 23 5 38	2	-1	0
65	10 25 24 17	2	-1	0
66	43 29 48 30	3	4	0
67	11 33 43 15	4	2	0
68	32 39 9 16	2	-1	0
69	10 6 18 14	4	5	0
70	9 16 7 37	3	1	0
71	3 39 4 35	1	-1	0
72	33 34 30 40	4	5	0
73	19 43 29 7	2	-1	0
74	19 39 34 23	2	-1	0
75	2 10 17 42	1	-1	0
76	31 48 11 40	3	2	0
77	41 24 35 33	2	-1	0
78	39 31 13 38	2	-1	0
79	34 19 33 21	2	-1	0
80	24 25 26 39	3	4	0
81	2 16 17 21	1	-1	0
82	30 9 33 35	4	1	0
83	16 33 40 34	3	2	0
84	29 35 37 14	4	1	0
85	42 50 37 5	2	-1	0
86	7 48 43 39	2	-1	0
87	2 26 40 19	1	-1	0
88	49 50 38 26	2	-1	0
89	45 48 20 39	2	-1	0
90	18 44 19 15	2	-1	0
91	1 15 36 35	1	-1	0
92	2 47 32 20	1	-1	0
93	35 24 13 37	4	4	0
94	2 13 42 15	1	-1	0
95	35 44 14 40	4	4	0
96	1 34 30 41	1	-1	0
97	44 30 39 20	4	5	0
98	5 39 34 7	2	-1	0
99	12 8 21 23	2	-1	0
100	2 21 18 50	1	-1	0
101	19 49 41 50	4	1	0
102	4 22 47 32	3	4	0
103	5 32 30 46	3	1	0
104	2 16 21 19	1	-1	0
105	7 21 9 28	3	1	0
106	3 20 47 11	1	-1	0
107	16 40 39 4	2	-1	0
108	2 24 34 18	1	-1	0
109	49 27 38 20	4	5	0
110	19 27 10 17	3	3	0
111	9 24 18 46	2	-1	0
112	27 33 41 12	3	1	0
113	1 26 20 31	1	-1	0
114	1 17 35 25	1	-1	0
115	31 28 15 30	2	-1	0
116	38 18 41 10	3	3	0
117	16 17 38 11	3	5	0
118	12 36 18 39	2	-1	0
119	48 25 6 50	4	4	0
120	9 47 28 32	4	5	0
121	35 20 39 17	2	-1	0
122	9 29 24 38	2	-1	0
123	5 4 31 44	2	-1	0
124	3 44 23 39	1	-1	0
125	49 45 39 46	3	3	0
126	39 38 11 43	4	3	0
127	8 26 33 35	2	-1	0
128	5 47 24 43	2	-1	0
129	31 17 48 50	3	3	0
130	45 46 20 4	4	4	0
131	19 13 9 8	3	2	0
132	43 37 27 16	2	-1	1
133	21 16 36 42	2	-1	0
134	11 13 23 6	2	-1	0
135	8 33 13 45	2	-1	0
136	3 35 41 45	1	-1	0
137	32 43 25 50	2	-1	0
138	10 17 48 23	2	-1	0
139	12 43 22 21	4	4	0
140	13 46 19 14	4	3	0
141	12 29 4 11	2	-1	0
142	16 34 46 10	4	3	0
143	42 5 12 37	3	3	0
144	45 49 7 14	3	5	0
145	1 42 40 30	1	-1	0
146	30 22 32 24	2	-1	0
147	37 34 21 49	4	5	0
148	37 25 21 23	2	-1	0
149	2 27 35 38	1	-1	0
150	46 25 32 19	4	4	0
151	50 25 44 47	3	5	0
152	42 34 49 10	2	-1	0
153	44 40 15 49	3	3	0
154	3 44 7 31	1	-1	0
155	33 47 21 34	3	2	0
156	15 10 44 7	4	3	0
157	33 13 7 35	4	3	0
158	49 27 50 36	3	3	0
159	12 46 16 6	2	-1	0
160	6 29 14 33	2	-1	0
161	43 25 14 7	2	-1	0
162	23 20 47 50	4	1	0
163	13 34 37 27	3	2	0
164	46 39 18 25	2	-1	0
165	1 33 12 50	1	-1	0
166	2 44 28 4	1	-1	0
167	22 18 43 44	3	1	0
168	25 4 7 14	2	-1	0
169	20 38 34 6	3	4	0
170	38 10 41 36	2	-1	0
171	26 28 49 20	4	5	0
172	23 28 18 30	2	-1	0
173	46 31 37 30	3	2	0
174	14 13 20 40	3	4	0
175	26 43 22 38	2	-1	0
176	46 38 8 6	2	-1	0
177	35 14 44 9	2	-1	0
178	10 12 29 31	3	2	0
179	4 13 16 41	3	3	0
180	25 24 21 11	2	-1	0
181	21 48 40 13	2	-1	0
182	8 35 29 4	3	3	0
183	1 46 13 7	1	-1	0
184	10 5 40 8	2	-1	0
185	2 14 31 17	1	-1	0
186	1 36 6 42	1	-1	0
187	3 47 35 19	1	-1	0
188	45 43 9 20	2	-1	0
189	27 16 36 30	4	2	0
190	5 34 18 9	4	4	0
191	12 50 29 44	4	3	0
192	50 41 43 27	4	5	0
193	21 20 11 7	4	5	0
194	15 43 26 27	2	-1	0
195	1 40 16 9	1	-1	0
196	1 17 50 32	1	-1	0
197	27 8 45 23	2	-1	0
198	20 37 42 41	4	1	0
199	6 32 26 12	4	2	0
200	2 15 49 31	1	-1	0
201	22 38 31 15	4	1	0
202	8 30 28 40	3	1	0
203	2 40 50 37	1	-1	0
204	21 7 30 11	4	1	0
205	19 15 45 21	3	3	0
206	43 21 6 22	4	4	0
207	22 50 43 21	3	1	0
208	42 35 4 36	3	3	0
209	13 4 42 46	3	3	0
210	6 26 9 21	3	4	0
211	1 23 4 45	1	-1	0
212	32 24 35 30	2	-1	0
213	17 11 7 32	2	-1	0
214	25 38 33 17	2	-1	0
215	19 50 44 49	4	3	0
216	1 11 4 43	1	-1	0
217	49 6 39 28	3	3	0
218	4 36 18 40	3	3	0
219	45 11 13 10	3	2	0
220	16 43 15 37	3	2	0
221	1 4 40 27	1	-1	0
222	47 29 5 22	4	5	0
223	29 24 28 18	2	-1	0
224	3 11 49 21	1	-1	0
225	2 8 18 43	1	-1	0
226	36 26 48 5	3	4	0
227	3 23 4 14	1	-1	0
228	3 15 6 38	1	-1	0
229	37 39 12 40	3	2	0
230	33 27 16 29	2	-1	0
231	46 22 37 7	2	-1	0
232	36 25 10 42	2	-1	0
233	25 36 10 35	4	1	0
234	7 50 14 23	3	1	0
235	47 34 24 40	2	-1	0
236	47 21 18 38	2	-1	0
237	30 19 41 4	3	2	0
238	48 20 23 45	4	3	0
239	2 6 38 3	1	-1	0
240	3 22 27 33	1	-1	0
241	8 37 12 13	4	3	0
242	30 7 35 45	3	1	0
243	10 36 44 7	2	-1	0
244	1 28 35 4	1	-1	0
245	46 12 6 4	4	1	0
246	41 26 5 31	2	-1	0
247	34 49 44 4	4	2	0
248	3 6 13 9	1	-1	0
249	7 41 6 38	4	1	0
250	1 50 13 43	1	-1	0
251	2 31 9 40	1	-1	0
252	32 43 29 6	3	1	0
253	31 26 42 10	2	-1	0
254	48 49 25 35	2	-1	0
255	36 48 45 26	2	-1	0
256	12 29 22 39	3	3	0
257	45 31 41 33	3	4	0
258	26 33 17 39	3	3	0
259	21 38 46 13	2	-1	0
260	37 24 39 48	2	-1	0
261	2 13 46 21	1	-1	0
262	27 10 24 21	3	4	0
263	25 14 34 8	2	-1	0
264	5 28 13 39	2	-1	0
265	19 16 8 34	4	5	0
266	24 26 33 15	3	2	0
267	3 11 13 17	1	-1	0
268	1 37 33 34	1	-1	0
269	1 36 47 11	1	-1	0
270	2 48 17 21	1	-1	0
271	7 36 42 32	3	3	0
272	1 44 11 17	1	-1	0
273	9 25 10 35	2	-1	0
274	39 37 16 29	3	3	0
275	1 35 30 50	1	-1	0
276	34 47 36 9	2	-1	0
277	47 49 32 14	3	2	0
278	19 48 22 37	3	4	0
279	9 6 41 38	2	-1	0
280	49 19 31 34	2	-1	0
281	10 32 16 11	2	-1	0
282	1 25 45 27	1	-1	0
283	50 7 32 49	2	-1	0
284	31 19 11 22	3	2	0
285	38 11 14 32	3	4	0
286	20 15 12 6	3	5	0
287	2 42 11 33	1	-1	0
288	1 37 7 22	1	-1	0
289	43 10 5 41	2	-1	0
290	36 28 16 21	3	5	0
291	25 5 8 10	2	-1	0
292	9 35 32 27	3	3	0
293	45 14 50 33	2	-1	0
294	2 29 16 20	1	-1	0
295	3 25 48 18	1	-1	0
296	49 9 11 33	3	3	0
297	26 50 5 16	2	-1	0
298	39 4 19 33	4	5	0
299	30 42 45 43	3	3	0
300	31 49 44 4	4	5	0
301	43 37 9 45	2	-1	0
302	17 15 4 47	4	2	0
303	17 36 12 37	2	-1	0
304	1 30 29 17	1	-1	0
305	47 24 30 29	3	5	0
306	37 22 49 12	2	-1	0
307	37 48 28 32	3	5	0
308	29 12 11 32	3	2	0
309	4 13 38 39	4	4	0
310	2 30 17 40	1	-1	0
311	1 41 43 22	1	-1	0
312	2 25 39 21	1	-1	0
313	27 40 24 34	4	4	0
314	3 6 46 14	1	-1	1
315	1 37 41 42	1	-1	0
316	13 43 6 4	2	-1	0
317	22 37 5 42	3	1	0
318	46 23 25 7	3	4	0
319	47 41 45 36	3	3	0
320	18 41 42 34	2	-1	0
321	2 41 37 50	1	-1	0
322	23 15 24 14	2	-1	0
323	50 29 6 43	2	-1	0
324	7 38 6 45	3	3	0
325	1 45 37 7	1	-1	0
326	41 24 6 37	2	-1	0
327	32 45 21 18	3	4	0
328	40 10 41 7	3	5	0
329	13 27 4 16	3	2	0
330	5 42 8 10	2	-1	0
331	45 40 34 7	3	5	0
332	1 19 49 34	1	-1	0
333	4 17 29 39	4	2	0
334	34 35 13 11	2	-1	0
335	7 44 24 23	4	3	0
336	25 21 18 31	3	1	0
337	44 42 32 50	3	1	1
338	47 15 48 40	2	-1	0
339	41 26 13 45	3	1	0
340	1 28 50 11	1	-1	0
341	32 14 50 42	2	-1	0
342	1 48 40 47	1	-1	0
343	44 32 8 30	4	1	0
344	12 8 31 34	4	1	0
345	47 31 21 13	2	-1	0
346	3 24 43 29	1	-1	0
347	3 32 27 17	1	-1	0
348	21 12 2 18	2	-1	0
349	2 41 7 14	1	-1	0
350	6 9 41 10	4	5	0
351	36 22 5 24	2	-1	0
352	36 35 10 5	4	4	0
353	3 27 17 49	1	-1	0
354	27 14 47 24	3	5	0
355	3 26 21 9	1	-1	0
356	41 40 34 23	4	3	0
357	38 18 4 34	2	-1	0
358	2 20 5 19	1	-1	0
359	48 10 24 47	4	4	0
360	1 9 50 49	1	-1	0
361	42 38 36 24	4	5	0
362	3 45 50 46	1	-1	0
363	20 12 23 11	4	1	0
364	15 42 50 14	3	2	0
365	49 45 35 28	3	4	0
366	22 8 11 10	2	-1	0
367	22 18 40 12	4	1	0
368	2 36 29 26	1	-1	0
369	3 18 10 9	1	-1	0
370	9 49 22 6	3	5	0
371	14 45 41 11	3	4	0
372	8 24 13 20	2	-1	0
373	3 21 24 36	1	-1	0
374	2 44 11 46	1	-1	0
375	50 11 10 32	2	-1	0
376	23 22 45 30	4	2	0
377	24 22 39 44	3	2	0
378	7 43 50 4	2	-1	0
379	17 46 26 6	4	1	0
380	10 50 22 46	2	-1	0
381	1 20 38 33	1	-1	0
382	36 4 15 10	4	3	0
383	25 4 8 16	4	1	0
384	21 45 44 24	4	4	0
385	24 12 29 25	4	4	0
386	4 16 15 49	2	-1	0
387	20 16 35 34	3	3	0
388	38 37 5 35	2	-1	0
389	44 49 19 7	4	3	0
390	18 33 40 31	4	1	0
391	3 15 45 16	1	-1	0
392	18 39 50 17	2	-1	0
393	9 13 31 26	4	4	0
394	49 17 14 13	2	-1	0
395	45 37 6 12	3	3	0
396	15 12 35 6	4	5	0
397	23 10 14 39	3	1	0
398	43 25 4 22	3	4	0
399	47 46 16 10	2	-1	0
400	23 49 20 21	3	4	0
401	7 38 29 50	2	-1	0
402	43 13 18 25	3	2	0
403	33 22 21 32	3	1	0
404	46 37 36 34	3	2	0
405	4 10 11 32	2	-1	0
406	15 48 45 32	3	2	0
407	18 36 28 50	4	5	0
408	2 35 18 11	1	-1	0
409	14 38 32 47	3	5	0
410	50 23 49 42	2	-1	0
411	10 12 40 11	2	-1	0
412	3 48 30 5	1	-1	0
413	15 22 19 36	4	1	0
414	40 29 28 4	4	3	0
415	15 20 48 34	3	4	0
416	31 12 40 35	4	1	0
417	33 15 21 13	3	5	0
418	32 25 36 4	3	1	0
419	3 28 11 25	1	-1	0
420	6 4 48 7	4	3	0
421	23 50 45 42	4	4	0
422	3 28 36 33	1	-1	1
423	1 17 25 10	1	-1	0
424	5 47 4 44	4	3	0
425	8 49 9 15	4	4	0
426	14 6 27 41	2	-1	0
427	2 21 11 35	1	-1	0
428	38 5 27 32	4	1	0
429	19 39 16 23	4	3	0
430	42 18 41 40	4	4	0
431	3 43 26 49	1	-1	0
432	13 20 34 21	2	-1	0
433	3 50 4 15	1	-1	0
434	1 11 26 7	1	-1	0
435	2 29 22 16	1	-1	0
436	1 27 42 49	1	-1	0
437	31 9 41 11	2	-1	0
438	38 21 30 4	2	-1	0
439	30 13 21 34	3	5	0
440	18 16 40 6	3	3	0
441	15 41 46 7	3	4	0
442	2 34 21 26	1	-1	0
443	13 9 45 41	2	-1	0
444	4 36 47 17	3	1	0
445	23 21 38 29	3	2	0
446	32 7 30 41	3	2	0
447	41 23 39 10	4	2	0
448	25 9 13 12	4	3	0
449	16 6 12 44	3	4	0
450	44 18 5 48	2	-1	0
451	43 20 32 24	2	-1	0
452	14 4 42 30	4	4	0
453	43 17 7 36	2	-1	0
454	23 46 21 47	3	1	0
455	44 36 14 38	2	-1	0
456	38 48 27 16	4	3	0
457	30 23 27 45	3	2	0
458	1 33 8 23	1	-1	0
459	38 32 24 15	4	4	0
460	2 46 21 18	1	-1	0
461	3 30 49 42	1	-1	0
462	2 43 46 31	1	-1	0
463	8 15 21 4	3	3	0
464	42 25 8 37	2	-1	0
465	9 7 8 43	4	5	0
466	30 31 6 37	4	5	0
467	1 14 11 7	1	-1	0
468	47 7 13 24	4	5	0
469	28 33 22 43	3	3	0
470	30 10 8 50	3	1	0
471	7 16 31 8	2	-1	0
472	2 35 42 17	1	-1	0
473	3 12 47 15	1	-1	0
474	39 9 45 31	2	-1	0
475	43 24 18 8	2	-1	0
476	40 30 24 38	2	-1	0
477	12 39 21 36	2	-1	0
478	2 9 46 34	1	-1	0
479	22 23 17 37	4	5	0
480	11 48 28 32	3	1	0
481	9 38 11 23	3	1	0
482	15 40 31 22	3	3	0
483	7 29 37 22	2	-1	0
484	26 47 16 4	4	2	0
485	7 10 26 16	3	3	0
486	43 21 45 35	3	4	0
487	2 12 25 26	1	-1	0
488	4 49 32 40	2	-1	0
489	42 46 22 18	3	1	0
490	28 32 41 36	2	-1	0
491	50 44 43 19	4	4	0
492	42 34 36 4	3	3	0
493	34 33 9 28	4	4	0
494	46 35 4 43	4	3	0
495	25 11 3 19	2	-1	0
496	41 43 16 42	4	3	0
497	12 42 47 43	2	-1	0
498	35 45 20 38	4	1	0
499	18 8 45 44	3	3	0
500	16 36 47 40	3	3	0
