Class Times	5
Rooms	200
1	24	B	0
2	35	B	1
3	33	A	0
4	82	B	1
5	42	C	0
6	85	B	1
7	55	B	0
8	57	A	0
9	46	C	1
10	29	A	1
11	94	A	0
12	51	A	0
13	97	B	0
14	71	C	1
15	57	C	0
16	29	C	0
17	53	A	1
18	66	B	0
19	31	B	0
20	87	A	1
21	72	A	1
22	68	A	1
23	67	C	1
24	56	B	0
25	41	B	1
26	15	C	1
27	66	B	0
28	64	C	1
29	38	A	1
30	35	C	0
31	69	C	0
32	51	C	0
33	78	B	0
34	56	B	1
35	30	C	0
36	20	C	0
37	61	C	0
38	51	B	0
39	69	C	0
40	38	A	1
41	58	C	0
42	58	C	1
43	38	C	1
44	33	A	1
45	99	B	1
46	77	C	1
47	24	A	0
48	13	C	0
49	60	B	0
50	99	B	1
51	71	A	1
52	16	C	1
53	20	C	0
54	41	B	0
55	97	C	0
56	63	B	1
57	10	A	0
58	13	C	1
59	88	B	0
60	14	C	0
61	50	A	0
62	24	C	0
63	37	A	1
64	24	C	0
65	50	A	0
66	24	B	0
67	15	C	0
68	58	B	0
69	30	B	0
70	60	B	1
71	97	A	0
72	67	B	1
73	16	C	0
74	86	C	1
75	99	C	0
76	13	A	1
77	75	C	0
78	16	C	0
79	24	A	0
80	90	C	1
81	85	B	1
82	73	B	0
83	81	C	0
84	88	A	0
85	71	A	1
86	25	A	0
87	47	C	1
88	14	A	1
89	77	B	1
90	85	A	0
91	31	B	1
92	46	C	1
93	96	A	0
94	83	C	0
95	42	A	1
96	88	C	0
97	96	C	1
98	61	B	0
99	37	A	1
100	68	A	1
101	63	B	1
102	86	A	0
103	51	A	0
104	12	B	1
105	58	C	0
106	14	A	1
107	73	A	1
108	48	B	1
109	34	C	1
110	54	C	1
111	98	C	1
112	27	A	0
113	77	B	1
114	58	B	0
115	14	A	1
116	51	B	1
117	95	C	0
118	65	C	1
119	31	C	1
120	61	B	1
121	86	C	1
122	84	A	1
123	28	B	0
124	83	A	1
125	58	A	1
126	74	B	0
127	83	B	1
128	25	C	0
129	52	A	0
130	79	B	1
131	40	C	1
132	32	A	1
133	81	A	0
134	60	C	1
135	47	B	1
136	54	A	1
137	67	C	1
138	74	B	1
139	10	C	0
140	52	A	1
141	13	B	1
142	26	A	1
143	43	A	0
144	80	C	1
145	40	C	1
146	41	C	1
147	42	C	0
148	30	B	1
149	19	A	1
150	89	C	0
151	10	A	0
152	10	A	1
153	15	A	0
154	44	C	1
155	54	B	1
156	41	C	1
157	88	A	0
158	50	C	0
159	28	A	0
160	76	A	1
161	56	B	1
162	58	C	1
163	66	C	0
164	39	C	1
165	74	B	0
166	73	A	0
167	58	C	1
168	23	C	0
169	37	B	1
170	38	A	1
171	47	B	1
172	22	B	0
173	95	A	1
174	82	A	1
175	66	C	1
176	68	A	1
177	28	C	0
178	37	A	1
179	89	A	1
180	89	B	0
181	61	B	1
182	55	C	0
183	31	B	0
184	63	C	1
185	71	A	0
186	97	B	1
187	39	A	0
188	80	B	1
189	62	A	1
190	86	C	0
191	83	A	1
192	80	B	0
193	80	B	0
194	30	A	1
195	14	B	1
196	76	A	1
197	35	B	1
198	35	B	1
199	96	C	1
200	40	C	0
Classes	1000
Teachers	500
1	398	2	B	1
2	383	3	C	1
3	57	4	C	1
4	324	1	A	1
5	51	1	A	1
6	406	4	C	1
7	53	4	C	1
8	75	1	A	1
9	242	3	C	1
10	365	4	C	1
11	265	2	B	1
12	441	2	B	1
13	51	3	C	1
14	311	4	C	1
15	399	1	A	1
16	395	3	C	1
17	262	1	A	1
18	213	2	B	1
19	417	1	A	1
20	263	3	C	1
21	198	1	A	1
22	412	2	B	1
23	202	2	B	1
24	376	3	C	1
25	181	3	C	1
26	146	2	B	1
27	42	3	C	1
28	176	1	A	1
29	86	3	C	1
30	94	2	B	1
31	137	2	B	1
32	414	2	B	1
33	223	4	C	1
34	313	1	A	1
35	439	1	A	1
36	374	2	B	1
37	224	4	C	1
38	199	1	A	1
39	41	1	A	1
40	425	3	C	1
41	263	2	B	1
42	207	3	C	1
43	349	3	C	1
44	129	1	A	1
45	285	3	C	1
46	466	1	A	1
47	104	4	C	1
48	188	1	A	1
49	489	1	A	1
50	211	1	A	1
51	199	3	C	0
52	75	2	B	0
53	56	3	C	0
54	473	3	C	0
55	30	1	A	0
56	403	4	C	0
57	93	2	B	0
58	436	3	C	0
59	362	4	C	0
60	327	3	C	0
61	413	2	B	0
62	59	3	C	0
63	408	1	A	0
64	107	3	C	0
65	151	4	C	0
66	133	1	A	0
67	481	3	C	0
68	386	3	C	0
69	293	3	C	0
70	343	2	B	0
71	163	3	C	0
72	209	4	C	0
73	453	3	C	0
74	111	1	A	0
75	49	3	C	0
76	397	1	A	0
77	238	1	A	0
78	44	4	C	0
79	86	1	A	0
80	23	3	C	0
81	194	4	C	0
82	186	3	C	0
83	42	4	C	0
84	462	4	C	0
85	239	3	C	0
86	477	2	B	0
87	50	4	C	0
88	311	2	B	0
89	55	4	C	0
90	340	1	A	0
91	33	2	B	0
92	321	4	C	0
93	212	3	C	0
94	197	2	B	0
95	175	2	B	0
96	474	2	B	0
97	309	2	B	0
98	373	2	B	0
99	365	4	C	0
100	364	1	A	0
101	61	2	B	0
102	389	4	C	0
103	291	2	B	0
104	147	4	C	0
105	244	2	B	0
106	466	3	C	0
107	38	3	C	0
108	36	3	C	0
109	427	2	B	0
110	241	4	C	0
111	206	1	A	0
112	83	3	C	0
113	294	3	C	0
114	232	2	B	0
115	93	3	C	0
116	351	3	C	0
117	281	2	B	0
118	238	4	C	0
119	120	3	C	0
120	248	4	C	0
121	28	2	B	0
122	441	2	B	0
123	82	2	B	0
124	108	1	A	0
125	461	2	B	0
126	106	3	C	0
127	208	4	C	0
128	10	3	C	0
129	46	1	A	0
130	468	2	B	0
131	177	3	C	0
132	78	2	B	0
133	222	2	B	0
134	351	4	C	0
135	343	4	C	0
136	227	3	C	0
137	122	1	A	0
138	281	4	C	0
139	291	2	B	0
140	41	1	A	0
141	124	1	A	0
142	36	1	A	0
143	449	3	C	0
144	274	4	C	0
145	157	1	A	0
146	328	2	B	0
147	375	3	C	0
148	23	1	A	0
149	151	2	B	0
150	268	1	A	0
151	62	1	A	0
152	172	1	A	0
153	169	2	B	0
154	27	4	C	0
155	280	4	C	0
156	255	1	A	0
157	30	4	C	0
158	102	1	A	0
159	460	3	C	0
160	499	3	C	0
161	156	3	C	0
162	399	3	C	0
163	98	4	C	0
164	372	4	C	0
165	398	2	B	0
166	358	4	C	0
167	418	4	C	0
168	99	4	C	0
169	349	1	A	0
170	179	2	B	0
171	289	2	B	0
172	236	1	A	0
173	418	1	A	0
174	269	3	C	0
175	437	2	B	0
176	15	3	C	0
177	489	3	C	0
178	378	2	B	0
179	14	4	C	0
180	376	2	B	0
181	39	2	B	0
182	487	1	A	0
183	442	4	C	0
184	220	4	C	0
185	403	2	B	0
186	298	2	B	0
187	2	2	B	0
188	68	2	B	0
189	92	1	A	0
190	414	1	A	0
191	339	3	C	0
192	66	3	C	0
193	29	2	B	0
194	89	1	A	0
195	324	2	B	0
196	49	4	C	0
197	225	2	B	0
198	378	1	A	0
199	121	1	A	0
200	273	3	C	0
201	66	2	B	0
202	101	4	C	0
203	308	4	C	0
204	289	2	B	0
205	344	4	C	0
206	202	4	C	0
207	333	2	B	0
208	34	1	A	0
209	81	1	A	0
210	359	1	A	0
211	483	1	A	0
212	254	3	C	0
213	431	2	B	0
214	240	1	A	0
215	309	4	C	0
216	321	4	C	0
217	161	1	A	0
218	450	1	A	0
219	138	2	B	0
220	377	4	C	0
221	95	3	C	0
222	307	1	A	0
223	103	4	C	0
224	393	4	C	0
225	339	2	B	0
226	185	3	C	0
227	369	4	C	0
228	268	2	B	0
229	355	2	B	0
230	328	4	C	0
231	308	4	C	0
232	103	2	B	0
233	208	1	A	0
234	432	4	C	0
235	425	1	A	0
236	104	4	C	0
237	200	3	C	0
238	146	1	A	0
239	95	1	A	0
240	115	1	A	0
241	313	4	C	0
242	402	1	A	0
243	203	2	B	0
244	274	1	A	0
245	423	2	B	0
246	282	3	C	0
247	347	4	C	0
248	48	2	B	0
249	342	1	A	0
250	219	1	A	0
251	431	2	B	0
252	25	2	B	0
253	39	1	A	0
254	224	1	A	0
255	449	1	A	0
256	374	4	C	0
257	387	3	C	0
258	9	4	C	0
259	314	3	C	0
260	242	3	C	0
261	243	1	A	0
262	468	2	B	0
263	74	2	B	0
264	248	1	A	0
265	360	3	C	0
266	155	2	B	0
267	419	2	B	0
268	184	4	C	0
269	197	4	C	0
270	258	1	A	0
271	116	1	A	0
272	275	2	B	0
273	58	3	C	0
274	84	1	A	0
275	105	1	A	0
276	455	2	B	0
277	368	4	C	0
278	191	1	A	0
279	342	1	A	0
280	37	4	C	0
281	448	1	A	0
282	417	1	A	0
283	437	2	B	0
284	113	1	A	0
285	385	1	A	0
286	394	4	C	0
287	482	2	B	0
288	377	2	B	0
289	282	3	C	0
290	251	1	A	0
291	409	2	B	0
292	445	4	C	0
293	408	4	C	0
294	236	2	B	0
295	462	3	C	0
296	243	4	C	0
297	10	3	C	0
298	78	4	C	0
299	187	1	A	0
300	59	2	B	0
301	448	2	B	0
302	387	4	C	0
303	325	4	C	0
304	379	4	C	0
305	287	1	A	0
306	304	1	A	0
307	379	4	C	0
308	207	2	B	0
309	132	4	C	0
310	220	1	A	0
311	478	4	C	0
312	275	3	C	0
313	84	4	C	0
314	325	4	C	0
315	153	2	B	0
316	457	3	C	0
317	409	3	C	0
318	353	4	C	0
319	5	2	B	0
320	44	1	A	0
321	381	3	C	0
322	218	3	C	0
323	332	2	B	0
324	373	4	C	0
325	221	3	C	0
326	469	1	A	0
327	58	2	B	0
328	416	2	B	0
329	424	4	C	0
330	143	1	A	0
331	262	4	C	0
332	72	4	C	0
333	372	4	C	0
334	415	3	C	0
335	316	4	C	0
336	354	1	A	0
337	433	3	C	0
338	287	3	C	0
339	118	2	B	0
340	183	2	B	0
341	410	3	C	0
342	338	2	B	0
343	11	3	C	0
344	12	3	C	0
345	118	2	B	0
346	405	3	C	0
347	213	2	B	0
348	114	1	A	0
349	70	4	C	0
350	271	1	A	0
351	110	3	C	0
352	168	3	C	0
353	402	3	C	0
354	273	2	B	0
355	186	2	B	0
356	407	4	C	0
357	302	2	B	0
358	69	3	C	0
359	11	2	B	0
360	188	2	B	0
361	210	4	C	0
362	253	2	B	0
363	253	4	C	0
364	223	3	C	0
365	443	2	B	0
366	430	2	B	0
367	165	3	C	0
368	491	3	C	0
369	121	3	C	0
370	301	1	A	0
371	209	4	C	0
372	452	2	B	0
373	279	2	B	0
374	152	2	B	0
375	79	1	A	0
376	166	2	B	0
377	190	1	A	0
378	171	3	C	0
379	48	4	C	0
380	100	2	B	0
381	14	3	C	0
382	122	3	C	0
383	64	4	C	0
384	490	1	A	0
385	231	4	C	0
386	310	1	A	0
387	90	4	C	0
388	70	4	C	0
389	473	2	B	0
390	71	2	B	0
391	492	4	C	0
392	27	4	C	0
393	257	4	C	0
394	136	3	C	0
395	460	4	C	0
396	283	4	C	0
397	147	4	C	0
398	117	2	B	0
399	472	3	C	0
400	235	4	C	0
401	304	1	A	0
402	396	2	B	0
403	76	3	C	0
404	415	2	B	0
405	307	1	A	0
406	233	3	C	0
407	272	4	C	0
408	267	3	C	0
409	141	4	C	0
410	277	1	A	0
411	470	3	C	0
412	169	2	B	0
413	113	2	B	0
414	53	1	A	0
415	26	2	B	0
416	102	4	C	0
417	73	2	B	0
418	137	1	A	0
419	481	2	B	0
420	320	3	C	0
421	168	2	B	0
422	229	3	C	0
423	100	4	C	0
424	295	4	C	0
425	163	1	A	0
426	296	3	C	0
427	286	4	C	0
428	380	2	B	0
429	190	1	A	0
430	419	1	A	0
431	106	3	C	0
432	85	1	A	0
433	422	2	B	0
434	154	4	C	0
435	148	2	B	0
436	239	4	C	0
437	480	2	B	0
438	145	1	A	0
439	175	3	C	0
440	317	2	B	0
441	251	1	A	0
442	332	1	A	0
443	482	3	C	0
444	7	1	A	0
445	110	1	A	0
446	478	1	A	0
447	357	3	C	0
448	200	1	A	0
449	303	2	B	0
450	422	3	C	0
451	467	2	B	0
452	293	2	B	0
453	290	1	A	0
454	195	2	B	0
455	79	2	B	0
456	465	1	A	0
457	24	1	A	0
458	134	4	C	0
459	45	2	B	0
460	244	3	C	0
461	74	2	B	0
462	173	1	A	0
463	176	3	C	0
464	250	2	B	0
465	225	1	A	0
466	438	3	C	0
467	279	1	A	0
468	165	4	C	0
469	245	3	C	0
470	114	4	C	0
471	152	1	A	0
472	464	1	A	0
473	254	2	B	0
474	498	4	C	0
475	3	2	B	0
476	367	4	C	0
477	56	3	C	0
478	297	3	C	0
479	363	3	C	0
480	375	3	C	0
481	346	1	A	0
482	37	4	C	0
483	370	2	B	0
484	335	4	C	0
485	90	1	A	0
486	144	3	C	0
487	329	3	C	0
488	143	4	C	0
489	270	4	C	0
490	315	2	B	0
491	189	2	B	0
492	24	3	C	0
493	68	2	B	0
494	312	4	C	0
495	149	1	A	0
496	219	1	A	0
497	204	2	B	0
498	296	3	C	0
499	228	1	A	0
500	7	3	C	0
501	94	1	A	0
502	50	4	C	0
503	495	4	C	0
504	201	3	C	0
505	19	1	A	0
506	382	4	C	0
507	260	1	A	0
508	38	4	C	0
509	269	4	C	0
510	499	2	B	0
511	389	3	C	0
512	204	2	B	0
513	233	2	B	0
514	357	1	A	0
515	461	3	C	0
516	364	3	C	0
517	20	1	A	0
518	99	3	C	0
519	198	4	C	0
520	124	1	A	0
521	132	4	C	0
522	260	4	C	0
523	477	4	C	0
524	440	3	C	0
525	439	1	A	0
526	240	3	C	0
527	340	2	B	0
528	255	1	A	0
529	410	2	B	0
530	344	3	C	0
531	500	3	C	0
532	192	3	C	0
533	18	2	B	0
534	358	2	B	0
535	193	1	A	0
536	350	4	C	0
537	294	2	B	0
538	295	2	B	0
539	150	1	A	0
540	362	1	A	0
541	495	4	C	0
542	451	1	A	0
543	436	1	A	0
544	440	1	A	0
545	234	1	A	0
546	467	3	C	0
547	435	4	C	0
548	388	4	C	0
549	18	2	B	0
550	43	1	A	0
551	174	4	C	0
552	486	4	C	0
553	480	4	C	0
554	192	3	C	0
555	91	3	C	0
556	47	3	C	0
557	180	2	B	0
558	120	4	C	0
559	26	3	C	0
560	125	3	C	0
561	62	4	C	0
562	369	1	A	0
563	1	2	B	0
564	116	2	B	0
565	326	3	C	0
566	142	2	B	0
567	456	3	C	0
568	88	1	A	0
569	493	2	B	0
570	77	3	C	0
571	497	3	C	0
572	491	2	B	0
573	459	4	C	0
574	214	2	B	0
575	334	3	C	0
576	278	2	B	0
577	141	4	C	0
578	400	4	C	0
579	136	2	B	0
580	211	1	A	0
581	155	3	C	0
582	13	3	C	0
583	231	2	B	0
584	34	1	A	0
585	329	1	A	0
586	445	1	A	0
587	3	3	C	0
588	474	4	C	0
589	382	4	C	0
590	227	4	C	0
591	247	3	C	0
592	338	1	A	0
593	359	2	B	0
594	353	3	C	0
595	60	2	B	0
596	486	4	C	0
597	180	1	A	0
598	497	3	C	0
599	128	2	B	0
600	128	2	B	0
601	465	3	C	0
602	174	4	C	0
603	135	3	C	0
604	427	3	C	0
605	77	2	B	0
606	271	2	B	0
607	32	4	C	0
608	57	2	B	0
609	265	1	A	0
610	97	1	A	0
611	438	4	C	0
612	433	3	C	0
613	47	4	C	0
614	228	4	C	0
615	316	2	B	0
616	46	2	B	0
617	158	4	C	0
618	250	4	C	0
619	284	1	A	0
620	107	2	B	0
621	109	4	C	0
622	413	2	B	0
623	16	1	A	0
624	105	3	C	0
625	327	3	C	0
626	317	4	C	0
627	319	4	C	0
628	404	2	B	0
629	162	1	A	0
630	171	4	C	0
631	28	1	A	0
632	412	2	B	0
633	457	1	A	0
634	215	2	B	0
635	335	1	A	0
636	277	1	A	0
637	126	4	C	0
638	356	3	C	0
639	434	4	C	0
640	276	4	C	0
641	278	3	C	0
642	407	2	B	0
643	153	2	B	0
644	67	2	B	0
645	52	3	C	0
646	472	1	A	0
647	60	2	B	0
648	347	1	A	0
649	22	3	C	0
650	346	2	B	0
651	193	4	C	0
652	498	1	A	0
653	109	1	A	0
654	318	4	C	0
655	172	1	A	0
656	218	1	A	0
657	138	4	C	0
658	134	4	C	0
659	117	3	C	0
660	64	1	A	0
661	13	4	C	0
662	19	4	C	0
663	177	4	C	0
664	446	4	C	0
665	158	2	B	0
666	333	4	C	0
667	442	1	A	0
668	301	2	B	0
669	130	2	B	0
670	454	1	A	0
671	72	1	A	0
672	423	3	C	0
673	162	2	B	0
674	381	3	C	0
675	390	4	C	0
676	266	1	A	0
677	82	3	C	0
678	429	2	B	0
679	361	2	B	0
680	432	4	C	0
681	167	2	B	0
682	160	3	C	0
683	161	4	C	0
684	258	4	C	0
685	404	2	B	0
686	318	2	B	0
687	189	1	A	0
688	380	4	C	0
689	126	3	C	0
690	178	3	C	0
691	203	1	A	0
692	370	1	A	0
693	129	3	C	0
694	125	4	C	0
695	157	4	C	0
696	302	4	C	0
697	384	3	C	0
698	322	3	C	0
699	185	2	B	0
700	384	2	B	0
701	266	1	A	0
702	214	2	B	0
703	87	2	B	0
704	406	2	B	0
705	330	2	B	0
706	222	4	C	0
707	421	2	B	0
708	434	3	C	0
709	17	4	C	0
710	310	4	C	0
711	191	3	C	0
712	52	4	C	0
713	447	3	C	0
714	150	2	B	0
715	455	1	A	0
716	288	2	B	0
717	388	3	C	0
718	463	3	C	0
719	210	4	C	0
720	196	1	A	0
721	471	1	A	0
722	446	4	C	0
723	21	2	B	0
724	217	1	A	0
725	55	3	C	0
726	386	4	C	0
727	354	4	C	0
728	101	1	A	0
729	156	4	C	0
730	205	1	A	0
731	148	2	B	0
732	142	3	C	0
733	15	2	B	0
734	283	1	A	0
735	187	3	C	0
736	215	1	A	0
737	144	4	C	0
738	276	3	C	0
739	401	4	C	0
740	443	1	A	0
741	401	4	C	0
742	17	2	B	0
743	429	1	A	0
744	88	1	A	0
745	286	2	B	0
746	83	2	B	0
747	314	4	C	0
748	154	2	B	0
749	212	2	B	0
750	179	2	B	0
751	119	1	A	0
752	285	2	B	0
753	337	3	C	0
754	435	1	A	0
755	315	3	C	0
756	135	4	C	0
757	426	4	C	0
758	40	4	C	0
759	500	3	C	0
760	170	2	B	0
761	131	2	B	0
762	183	2	B	0
763	400	1	A	0
764	96	3	C	0
765	459	4	C	0
766	385	3	C	0
767	139	4	C	0
768	221	2	B	0
769	299	1	A	0
770	454	4	C	0
771	91	2	B	0
772	89	3	C	0
773	232	4	C	0
774	430	2	B	0
775	323	4	C	0
776	330	4	C	0
777	483	2	B	0
778	32	2	B	0
779	97	1	A	0
780	76	1	A	0
781	292	4	C	0
782	297	1	A	0
783	81	4	C	0
784	230	2	B	0
785	272	1	A	0
786	92	3	C	0
787	6	2	B	0
788	284	4	C	0
789	396	4	C	0
790	405	3	C	0
791	181	3	C	0
792	1	3	C	0
793	475	1	A	0
794	492	3	C	0
795	366	3	C	0
796	469	1	A	0
797	421	4	C	0
798	350	4	C	0
799	447	3	C	0
800	428	2	B	0
801	288	1	A	0
802	267	4	C	0
803	160	4	C	0
804	85	1	A	0
805	12	2	B	0
806	366	1	A	0
807	229	4	C	0
808	195	4	C	0
809	487	1	A	0
810	16	3	C	0
811	40	1	A	0
812	312	1	A	0
813	420	1	A	0
814	237	3	C	0
815	4	4	C	0
816	341	1	A	0
817	392	2	B	0
818	115	3	C	0
819	54	4	C	0
820	331	3	C	0
821	139	1	A	0
822	360	1	A	0
823	270	4	C	0
824	69	2	B	0
825	241	2	B	0
826	464	2	B	0
827	341	1	A	0
828	256	4	C	0
829	205	4	C	0
830	87	4	C	0
831	390	2	B	0
832	488	1	A	0
833	226	4	C	0
834	394	1	A	0
835	112	2	B	0
836	450	1	A	0
837	320	4	C	0
838	456	1	A	0
839	337	1	A	0
840	383	4	C	0
841	484	3	C	0
842	108	2	B	0
843	33	1	A	0
844	471	3	C	0
845	395	2	B	0
846	96	3	C	0
847	451	2	B	0
848	164	1	A	0
849	123	2	B	0
850	319	1	A	0
851	463	4	C	0
852	22	1	A	0
853	119	2	B	0
854	322	1	A	0
855	98	3	C	0
856	123	1	A	0
857	476	3	C	0
858	391	3	C	0
859	298	2	B	0
860	35	2	B	0
861	391	2	B	0
862	131	2	B	0
863	303	4	C	0
864	334	4	C	0
865	111	3	C	0
866	217	2	B	0
867	246	2	B	0
868	127	3	C	0
869	149	3	C	0
870	226	2	B	0
871	300	1	A	0
872	140	2	B	0
873	45	3	C	0
874	206	3	C	0
875	453	2	B	0
876	290	2	B	0
877	234	3	C	0
878	140	4	C	0
879	61	3	C	0
880	496	4	C	0
881	164	2	B	0
882	182	2	B	0
883	323	1	A	0
884	20	4	C	0
885	31	3	C	0
886	326	3	C	0
887	361	2	B	0
888	306	3	C	0
889	424	4	C	0
890	194	2	B	0
891	127	3	C	0
892	426	3	C	0
893	73	1	A	0
894	371	4	C	0
895	167	1	A	0
896	336	4	C	0
897	5	4	C	0
898	393	4	C	0
899	182	1	A	0
900	292	1	A	0
901	490	4	C	0
902	80	2	B	0
903	306	4	C	0
904	4	4	C	0
905	496	4	C	0
906	458	3	C	0
907	184	1	A	0
908	371	3	C	0
909	196	2	B	0
910	230	4	C	0
911	9	4	C	0
912	368	1	A	0
913	2	2	B	0
914	54	1	A	0
915	355	1	A	0
916	6	4	C	0
917	476	2	B	0
918	170	1	A	0
919	300	1	A	0
920	166	4	C	0
921	21	1	A	0
922	264	2	B	0
923	470	2	B	0
924	252	3	C	0
925	159	4	C	0
926	420	2	B	0
927	63	1	A	0
928	305	1	A	0
929	173	4	C	0
930	43	1	A	0
931	397	2	B	0
932	159	2	B	0
933	392	3	C	0
934	261	2	B	0
935	352	2	B	0
936	252	3	C	0
937	479	1	A	0
938	356	3	C	0
939	348	2	B	0
940	245	1	A	0
941	452	3	C	0
942	280	3	C	0
943	331	1	A	0
944	130	3	C	0
945	264	3	C	0
946	259	4	C	0
947	348	1	A	0
948	237	1	A	0
949	216	3	C	0
950	259	4	C	0
951	494	4	C	0
952	80	3	C	0
953	493	3	C	0
954	479	1	A	0
955	336	4	C	0
956	416	1	A	0
957	261	2	B	0
958	216	1	A	0
959	475	4	C	0
960	25	4	C	0
961	363	2	B	0
962	428	2	B	0
963	71	4	C	0
964	112	4	C	0
965	484	1	A	0
966	257	2	B	0
967	246	1	A	0
968	63	4	C	0
969	8	3	C	0
970	31	3	C	0
971	305	2	B	0
972	8	3	C	0
973	235	1	A	0
974	201	3	C	0
975	485	2	B	0
976	247	3	C	0
977	35	2	B	0
978	178	4	C	0
979	367	1	A	0
980	133	4	C	0
981	494	3	C	0
982	145	4	C	0
983	444	4	C	0
984	352	4	C	0
985	299	4	C	0
986	345	4	C	0
987	411	1	A	0
988	458	1	A	0
989	29	1	A	0
990	488	1	A	0
991	65	4	C	0
992	256	3	C	0
993	485	2	B	0
994	65	4	C	0
995	345	2	B	0
996	411	2	B	0
997	249	2	B	0
998	249	2	B	0
999	67	4	C	0
1000	444	1	A	0
