Class Times	5
Rooms	200
1	66	C	1
2	56	A	0
3	82	A	1
4	20	A	0
5	82	C	0
6	16	C	0
7	88	A	0
8	43	A	1
9	83	C	1
10	83	B	0
11	39	B	0
12	87	B	0
13	73	B	1
14	70	A	0
15	60	B	0
16	58	B	0
17	95	C	0
18	36	B	0
19	80	B	1
20	63	C	0
21	16	B	1
22	24	A	1
23	11	B	1
24	84	B	0
25	45	A	0
26	33	A	1
27	43	B	0
28	60	C	0
29	51	B	1
30	20	B	0
31	25	A	1
32	88	C	0
33	11	B	0
34	79	C	0
35	90	C	1
36	50	A	0
37	94	C	0
38	69	A	0
39	42	A	0
40	10	B	1
41	92	C	0
42	36	B	0
43	45	B	0
44	45	C	0
45	84	C	0
46	88	A	0
47	24	A	0
48	49	A	0
49	76	B	1
50	14	B	0
51	66	A	1
52	95	B	0
53	82	B	0
54	74	A	0
55	85	B	1
56	51	B	1
57	48	A	1
58	49	A	0
59	57	B	0
60	66	A	0
61	84	C	0
62	29	B	1
63	25	A	0
64	38	B	0
65	68	A	1
66	69	A	1
67	27	A	1
68	64	A	0
69	76	C	0
70	28	A	1
71	38	B	0
72	62	B	0
73	47	B	1
74	89	A	0
75	99	A	0
76	39	C	0
77	53	A	0
78	11	C	0
79	22	B	1
80	20	A	1
81	74	A	0
82	96	A	0
83	58	B	1
84	45	A	1
85	53	B	1
86	44	A	0
87	99	C	0
88	29	A	0
89	21	A	0
90	31	B	1
91	17	A	1
92	21	B	0
93	28	A	0
94	92	B	1
95	99	B	0
96	71	C	1
97	42	A	0
98	91	C	0
99	37	B	0
100	47	A	0
101	15	B	1
102	68	C	0
103	54	C	1
104	97	C	1
105	49	A	0
106	15	A	1
107	89	C	0
108	27	A	1
109	83	A	1
110	46	A	1
111	69	A	0
112	10	C	0
113	38	A	1
114	62	B	0
115	93	A	1
116	77	C	1
117	23	B	0
118	35	B	1
119	45	C	1
120	52	A	0
121	29	A	0
122	11	A	0
123	45	A	0
124	56	C	0
125	28	A	0
126	56	A	0
127	29	C	0
128	95	A	0
129	32	C	0
130	73	C	0
131	46	B	1
132	72	A	1
133	45	C	1
134	28	B	1
135	78	B	1
136	36	B	0
137	99	C	0
138	76	A	1
139	41	A	0
140	75	B	1
141	13	A	0
142	43	B	0
143	95	B	0
144	76	B	0
145	44	C	1
146	34	C	1
147	43	B	0
148	79	C	1
149	29	A	0
150	98	B	1
151	10	B	0
152	62	B	0
153	67	A	1
154	83	B	1
155	82	A	1
156	93	B	0
157	25	B	1
158	18	B	1
159	72	A	0
160	96	A	0
161	52	A	1
162	74	C	1
163	56	B	1
164	24	C	1
165	76	B	0
166	66	C	1
167	15	C	0
168	55	C	1
169	20	B	1
170	49	A	0
171	47	A	0
172	42	C	1
173	66	A	0
174	56	A	1
175	55	C	0
176	83	C	0
177	98	B	0
178	53	A	1
179	53	A	1
180	38	A	0
181	16	A	1
182	18	C	1
183	55	A	1
184	99	A	0
185	68	B	0
186	62	A	0
187	90	A	0
188	96	A	0
189	23	C	1
190	84	C	1
191	82	A	0
192	84	A	0
193	18	C	0
194	93	C	1
195	84	A	0
196	26	C	0
197	87	B	1
198	45	B	0
199	60	C	0
200	57	B	1
Classes	1000
Teachers	500
1	422	3	C	1
2	446	4	C	1
3	440	3	C	1
4	11	3	C	1
5	54	4	C	1
6	208	4	C	1
7	468	2	B	1
8	35	2	B	1
9	466	3	C	1
10	136	3	C	1
11	375	1	A	1
12	460	4	C	1
13	68	2	B	1
14	443	3	C	1
15	283	4	C	1
16	299	3	C	1
17	79	1	A	1
18	39	3	C	1
19	477	1	A	1
20	181	3	C	1
21	345	3	C	1
22	335	4	C	1
23	310	4	C	1
24	117	2	B	1
25	285	2	B	1
26	132	2	B	1
27	415	2	B	1
28	208	4	C	1
29	431	3	C	1
30	21	1	A	1
31	455	3	C	1
32	461	2	B	1
33	290	1	A	1
34	185	3	C	1
35	187	4	C	1
36	120	3	C	1
37	218	4	C	1
38	214	4	C	1
39	94	2	B	1
40	322	2	B	1
41	126	4	C	1
42	184	3	C	1
43	285	3	C	1
44	320	3	C	1
45	191	4	C	1
46	139	4	C	1
47	257	2	B	1
48	39	1	A	1
49	323	3	C	1
50	370	4	C	1
51	442	1	A	0
52	313	1	A	0
53	380	3	C	0
54	477	2	B	0
55	295	4	C	0
56	368	3	C	0
57	93	2	B	0
58	79	1	A	0
59	392	3	C	0
60	329	1	A	0
61	333	4	C	0
62	293	1	A	0
63	248	3	C	0
64	395	2	B	0
65	210	1	A	0
66	155	3	C	0
67	196	3	C	0
68	225	3	C	0
69	87	2	B	0
70	41	3	C	0
71	298	4	C	0
72	68	4	C	0
73	341	4	C	0
74	367	3	C	0
75	317	1	A	0
76	245	2	B	0
77	215	3	C	0
78	397	4	C	0
79	294	4	C	0
80	234	3	C	0
81	243	1	A	0
82	357	3	C	0
83	253	1	A	0
84	331	2	B	0
85	171	1	A	0
86	250	1	A	0
87	476	2	B	0
88	178	1	A	0
89	332	4	C	0
90	303	2	B	0
91	162	4	C	0
92	306	4	C	0
93	260	2	B	0
94	344	2	B	0
95	133	2	B	0
96	319	1	A	0
97	302	2	B	0
98	64	2	B	0
99	18	1	A	0
100	386	3	C	0
101	205	4	C	0
102	172	1	A	0
103	70	3	C	0
104	300	4	C	0
105	36	4	C	0
106	252	3	C	0
107	11	3	C	0
108	82	3	C	0
109	400	3	C	0
110	346	1	A	0
111	373	3	C	0
112	374	2	B	0
113	246	4	C	0
114	241	1	A	0
115	467	1	A	0
116	193	3	C	0
117	45	4	C	0
118	300	2	B	0
119	103	2	B	0
120	90	3	C	0
121	331	4	C	0
122	308	2	B	0
123	238	4	C	0
124	215	2	B	0
125	33	3	C	0
126	305	1	A	0
127	142	4	C	0
128	412	1	A	0
129	134	1	A	0
130	173	3	C	0
131	110	3	C	0
132	112	1	A	0
133	471	4	C	0
134	185	1	A	0
135	248	1	A	0
136	64	3	C	0
137	55	3	C	0
138	360	4	C	0
139	109	1	A	0
140	209	2	B	0
141	481	4	C	0
142	459	2	B	0
143	280	3	C	0
144	10	2	B	0
145	495	1	A	0
146	167	2	B	0
147	66	2	B	0
148	454	1	A	0
149	243	4	C	0
150	273	3	C	0
151	500	1	A	0
152	30	3	C	0
153	450	1	A	0
154	95	2	B	0
155	188	2	B	0
156	22	3	C	0
157	6	3	C	0
158	480	2	B	0
159	479	2	B	0
160	20	2	B	0
161	63	4	C	0
162	234	3	C	0
163	289	3	C	0
164	455	1	A	0
165	37	1	A	0
166	190	3	C	0
167	403	1	A	0
168	93	4	C	0
169	404	2	B	0
170	152	1	A	0
171	413	3	C	0
172	260	1	A	0
173	137	2	B	0
174	137	2	B	0
175	31	2	B	0
176	91	3	C	0
177	406	1	A	0
178	174	3	C	0
179	71	4	C	0
180	409	3	C	0
181	193	3	C	0
182	222	4	C	0
183	107	1	A	0
184	247	1	A	0
185	423	3	C	0
186	32	1	A	0
187	63	2	B	0
188	239	2	B	0
189	413	1	A	0
190	470	3	C	0
191	303	2	B	0
192	441	1	A	0
193	27	2	B	0
194	480	1	A	0
195	241	1	A	0
196	249	1	A	0
197	291	1	A	0
198	483	1	A	0
199	440	4	C	0
200	315	2	B	0
201	459	2	B	0
202	69	1	A	0
203	278	4	C	0
204	389	2	B	0
205	53	2	B	0
206	359	3	C	0
207	364	1	A	0
208	155	4	C	0
209	279	3	C	0
210	381	4	C	0
211	153	2	B	0
212	43	1	A	0
213	424	2	B	0
214	229	4	C	0
215	486	2	B	0
216	316	3	C	0
217	266	2	B	0
218	281	2	B	0
219	349	1	A	0
220	55	2	B	0
221	83	1	A	0
222	311	2	B	0
223	189	1	A	0
224	113	1	A	0
225	176	4	C	0
226	451	4	C	0
227	188	2	B	0
228	273	2	B	0
229	59	4	C	0
230	441	2	B	0
231	247	1	A	0
232	272	1	A	0
233	337	3	C	0
234	135	1	A	0
235	404	4	C	0
236	353	3	C	0
237	229	4	C	0
238	337	3	C	0
239	269	2	B	0
240	212	3	C	0
241	77	1	A	0
242	296	4	C	0
243	151	1	A	0
244	162	1	A	0
245	283	4	C	0
246	357	1	A	0
247	113	2	B	0
248	35	4	C	0
249	189	3	C	0
250	40	4	C	0
251	414	4	C	0
252	326	2	B	0
253	270	1	A	0
254	496	2	B	0
255	461	3	C	0
256	362	2	B	0
257	425	4	C	0
258	24	3	C	0
259	129	3	C	0
260	490	4	C	0
261	367	4	C	0
262	377	4	C	0
263	263	1	A	0
264	231	3	C	0
265	394	2	B	0
266	270	2	B	0
267	47	1	A	0
268	326	1	A	0
269	222	1	A	0
270	129	2	B	0
271	45	3	C	0
272	226	3	C	0
273	443	3	C	0
274	87	1	A	0
275	378	4	C	0
276	126	1	A	0
277	92	3	C	0
278	41	3	C	0
279	53	4	C	0
280	380	3	C	0
281	196	2	B	0
282	278	3	C	0
283	432	1	A	0
284	132	3	C	0
285	481	2	B	0
286	486	2	B	0
287	405	1	A	0
288	435	1	A	0
289	112	1	A	0
290	456	1	A	0
291	409	2	B	0
292	294	3	C	0
293	255	3	C	0
294	379	1	A	0
295	249	2	B	0
296	462	2	B	0
297	467	1	A	0
298	232	1	A	0
299	119	4	C	0
300	401	3	C	0
301	325	2	B	0
302	49	4	C	0
303	107	4	C	0
304	330	2	B	0
305	16	3	C	0
306	287	2	B	0
307	151	2	B	0
308	46	4	C	0
309	402	2	B	0
310	50	1	A	0
311	50	4	C	0
312	134	4	C	0
313	27	1	A	0
314	88	4	C	0
315	239	4	C	0
316	430	1	A	0
317	91	2	B	0
318	287	3	C	0
319	450	4	C	0
320	475	3	C	0
321	346	1	A	0
322	334	1	A	0
323	389	4	C	0
324	140	3	C	0
325	253	2	B	0
326	277	2	B	0
327	342	3	C	0
328	292	1	A	0
329	442	4	C	0
330	145	2	B	0
331	90	3	C	0
332	71	2	B	0
333	149	2	B	0
334	418	3	C	0
335	311	4	C	0
336	216	2	B	0
337	202	4	C	0
338	436	4	C	0
339	110	4	C	0
340	142	2	B	0
341	309	4	C	0
342	365	3	C	0
343	406	2	B	0
344	44	4	C	0
345	19	4	C	0
346	259	4	C	0
347	366	2	B	0
348	392	4	C	0
349	266	4	C	0
350	70	2	B	0
351	363	1	A	0
352	396	2	B	0
353	8	3	C	0
354	422	3	C	0
355	328	1	A	0
356	408	3	C	0
357	329	3	C	0
358	366	4	C	0
359	252	3	C	0
360	321	3	C	0
361	227	3	C	0
362	99	2	B	0
363	225	4	C	0
364	445	3	C	0
365	391	2	B	0
366	123	3	C	0
367	174	3	C	0
368	119	1	A	0
369	302	2	B	0
370	190	2	B	0
371	101	4	C	0
372	316	3	C	0
373	284	4	C	0
374	125	2	B	0
375	244	2	B	0
376	263	4	C	0
377	40	4	C	0
378	339	2	B	0
379	373	1	A	0
380	6	2	B	0
381	62	2	B	0
382	490	2	B	0
383	131	2	B	0
384	236	1	A	0
385	352	3	C	0
386	280	4	C	0
387	376	1	A	0
388	445	4	C	0
389	279	1	A	0
390	46	1	A	0
391	466	3	C	0
392	282	4	C	0
393	164	1	A	0
394	378	1	A	0
395	385	1	A	0
396	354	1	A	0
397	496	3	C	0
398	338	3	C	0
399	250	4	C	0
400	221	2	B	0
401	207	4	C	0
402	255	3	C	0
403	7	2	B	0
404	267	1	A	0
405	165	1	A	0
406	396	2	B	0
407	127	3	C	0
408	330	3	C	0
409	3	3	C	0
410	135	4	C	0
411	276	2	B	0
412	163	4	C	0
413	109	4	C	0
414	356	2	B	0
415	265	1	A	0
416	56	3	C	0
417	275	2	B	0
418	364	2	B	0
419	361	2	B	0
420	141	1	A	0
421	237	4	C	0
422	160	4	C	0
423	257	4	C	0
424	429	3	C	0
425	420	2	B	0
426	400	2	B	0
427	3	4	C	0
428	173	2	B	0
429	219	3	C	0
430	16	1	A	0
431	451	4	C	0
432	232	3	C	0
433	102	3	C	0
434	376	4	C	0
435	219	1	A	0
436	139	1	A	0
437	361	4	C	0
438	118	4	C	0
439	67	3	C	0
440	48	4	C	0
441	186	2	B	0
442	479	4	C	0
443	299	3	C	0
444	169	3	C	0
445	304	2	B	0
446	83	2	B	0
447	269	3	C	0
448	183	2	B	0
449	444	4	C	0
450	29	2	B	0
451	13	1	A	0
452	286	4	C	0
453	98	2	B	0
454	259	3	C	0
455	407	4	C	0
456	81	4	C	0
457	465	1	A	0
458	76	3	C	0
459	398	4	C	0
460	320	1	A	0
461	158	3	C	0
462	106	3	C	0
463	207	4	C	0
464	23	2	B	0
465	261	2	B	0
466	399	3	C	0
467	313	3	C	0
468	228	1	A	0
469	28	3	C	0
470	38	3	C	0
471	62	1	A	0
472	150	3	C	0
473	274	1	A	0
474	487	2	B	0
475	101	3	C	0
476	221	1	A	0
477	209	1	A	0
478	418	1	A	0
479	124	3	C	0
480	297	3	C	0
481	470	3	C	0
482	268	2	B	0
483	390	4	C	0
484	292	3	C	0
485	76	1	A	0
486	478	4	C	0
487	181	2	B	0
488	125	1	A	0
489	319	3	C	0
490	462	4	C	0
491	424	4	C	0
492	42	1	A	0
493	89	3	C	0
494	397	1	A	0
495	289	4	C	0
496	370	3	C	0
497	284	3	C	0
498	432	2	B	0
499	334	3	C	0
500	214	3	C	0
501	344	4	C	0
502	351	2	B	0
503	499	2	B	0
504	276	2	B	0
505	217	2	B	0
506	489	3	C	0
507	499	2	B	0
508	136	1	A	0
509	355	3	C	0
510	265	1	A	0
511	4	4	C	0
512	340	2	B	0
513	146	2	B	0
514	492	4	C	0
515	325	1	A	0
516	407	1	A	0
517	317	2	B	0
518	464	4	C	0
519	297	1	A	0
520	98	2	B	0
521	277	2	B	0
522	423	1	A	0
523	256	3	C	0
524	315	3	C	0
525	304	3	C	0
526	200	4	C	0
527	274	2	B	0
528	439	2	B	0
529	417	4	C	0
530	106	1	A	0
531	108	3	C	0
532	116	2	B	0
533	282	1	A	0
534	398	4	C	0
535	160	1	A	0
536	349	3	C	0
537	80	1	A	0
538	332	4	C	0
539	95	3	C	0
540	169	2	B	0
541	242	2	B	0
542	33	4	C	0
543	372	4	C	0
544	30	3	C	0
545	351	3	C	0
546	175	2	B	0
547	286	2	B	0
548	187	1	A	0
549	85	2	B	0
550	251	1	A	0
551	394	4	C	0
552	99	4	C	0
553	474	2	B	0
554	251	4	C	0
555	358	1	A	0
556	48	2	B	0
557	347	4	C	0
558	433	4	C	0
559	172	2	B	0
560	242	2	B	0
561	463	2	B	0
562	347	1	A	0
563	454	1	A	0
564	85	1	A	0
565	464	4	C	0
566	402	1	A	0
567	500	3	C	0
568	67	1	A	0
569	262	3	C	0
570	88	1	A	0
571	463	3	C	0
572	13	4	C	0
573	233	4	C	0
574	345	2	B	0
575	368	3	C	0
576	217	4	C	0
577	472	3	C	0
578	9	1	A	0
579	414	3	C	0
580	180	4	C	0
581	184	2	B	0
582	312	4	C	0
583	117	1	A	0
584	149	2	B	0
585	31	3	C	0
586	19	4	C	0
587	267	1	A	0
588	386	3	C	0
589	84	3	C	0
590	175	1	A	0
591	7	2	B	0
592	61	4	C	0
593	131	4	C	0
594	491	1	A	0
595	494	1	A	0
596	29	2	B	0
597	100	4	C	0
598	428	4	C	0
599	220	4	C	0
600	57	2	B	0
601	474	1	A	0
602	51	4	C	0
603	9	1	A	0
604	105	1	A	0
605	448	3	C	0
606	25	4	C	0
607	495	1	A	0
608	56	4	C	0
609	401	1	A	0
610	444	4	C	0
611	238	2	B	0
612	164	2	B	0
613	36	2	B	0
614	197	1	A	0
615	476	4	C	0
616	433	3	C	0
617	146	1	A	0
618	426	4	C	0
619	94	3	C	0
620	261	1	A	0
621	223	2	B	0
622	268	4	C	0
623	57	1	A	0
624	412	3	C	0
625	312	2	B	0
626	121	1	A	0
627	59	4	C	0
628	293	4	C	0
629	179	2	B	0
630	24	2	B	0
631	105	1	A	0
632	25	1	A	0
633	177	4	C	0
634	335	4	C	0
635	198	1	A	0
636	307	1	A	0
637	296	2	B	0
638	340	4	C	0
639	167	1	A	0
640	381	3	C	0
641	310	3	C	0
642	258	4	C	0
643	143	3	C	0
644	497	4	C	0
645	191	4	C	0
646	23	4	C	0
647	80	2	B	0
648	341	1	A	0
649	1	2	B	0
650	122	2	B	0
651	465	1	A	0
652	122	4	C	0
653	179	3	C	0
654	1	3	C	0
655	230	4	C	0
656	460	2	B	0
657	475	3	C	0
658	58	2	B	0
659	199	1	A	0
660	28	1	A	0
661	153	1	A	0
662	148	1	A	0
663	15	2	B	0
664	483	1	A	0
665	436	2	B	0
666	482	2	B	0
667	180	3	C	0
668	223	1	A	0
669	415	2	B	0
670	198	3	C	0
671	154	3	C	0
672	108	1	A	0
673	12	1	A	0
674	417	2	B	0
675	22	2	B	0
676	431	2	B	0
677	395	3	C	0
678	186	1	A	0
679	206	1	A	0
680	37	1	A	0
681	111	2	B	0
682	21	2	B	0
683	5	3	C	0
684	354	2	B	0
685	372	4	C	0
686	144	2	B	0
687	92	1	A	0
688	275	2	B	0
689	118	1	A	0
690	437	2	B	0
691	493	3	C	0
692	194	2	B	0
693	84	2	B	0
694	452	2	B	0
695	298	2	B	0
696	452	1	A	0
697	150	1	A	0
698	393	3	C	0
699	254	3	C	0
700	58	2	B	0
701	307	1	A	0
702	204	4	C	0
703	478	3	C	0
704	393	2	B	0
705	419	3	C	0
706	4	3	C	0
707	61	3	C	0
708	379	1	A	0
709	2	1	A	0
710	358	4	C	0
711	446	3	C	0
712	144	4	C	0
713	448	4	C	0
714	212	4	C	0
715	245	2	B	0
716	438	2	B	0
717	228	1	A	0
718	202	3	C	0
719	339	1	A	0
720	375	1	A	0
721	456	3	C	0
722	194	4	C	0
723	103	4	C	0
724	34	1	A	0
725	308	4	C	0
726	15	1	A	0
727	439	3	C	0
728	163	4	C	0
729	369	1	A	0
730	54	4	C	0
731	473	2	B	0
732	236	4	C	0
733	65	4	C	0
734	374	3	C	0
735	224	2	B	0
736	353	1	A	0
737	89	3	C	0
738	410	4	C	0
739	203	1	A	0
740	77	4	C	0
741	362	4	C	0
742	258	2	B	0
743	384	3	C	0
744	237	4	C	0
745	371	4	C	0
746	148	1	A	0
747	20	3	C	0
748	75	1	A	0
749	391	2	B	0
750	159	2	B	0
751	154	3	C	0
752	32	2	B	0
753	197	2	B	0
754	489	1	A	0
755	369	1	A	0
756	115	4	C	0
757	348	3	C	0
758	143	4	C	0
759	457	4	C	0
760	323	2	B	0
761	457	4	C	0
762	17	4	C	0
763	487	3	C	0
764	240	4	C	0
765	203	1	A	0
766	342	1	A	0
767	485	4	C	0
768	365	1	A	0
769	471	1	A	0
770	42	1	A	0
771	230	1	A	0
772	161	2	B	0
773	482	3	C	0
774	170	1	A	0
775	322	2	B	0
776	384	1	A	0
777	34	1	A	0
778	321	1	A	0
779	288	3	C	0
780	449	1	A	0
781	419	3	C	0
782	494	4	C	0
783	405	1	A	0
784	264	1	A	0
785	75	2	B	0
786	408	2	B	0
787	472	1	A	0
788	65	3	C	0
789	493	2	B	0
790	52	1	A	0
791	210	2	B	0
792	38	4	C	0
793	226	3	C	0
794	468	2	B	0
795	168	1	A	0
796	473	3	C	0
797	416	1	A	0
798	170	1	A	0
799	114	1	A	0
800	447	2	B	0
801	348	4	C	0
802	218	2	B	0
803	73	2	B	0
804	176	1	A	0
805	49	1	A	0
806	291	2	B	0
807	231	1	A	0
808	128	1	A	0
809	360	1	A	0
810	227	4	C	0
811	141	1	A	0
812	96	1	A	0
813	111	3	C	0
814	123	3	C	0
815	73	1	A	0
816	301	1	A	0
817	498	1	A	0
818	272	1	A	0
819	115	3	C	0
820	168	3	C	0
821	60	2	B	0
822	12	1	A	0
823	130	1	A	0
824	200	1	A	0
825	43	1	A	0
826	171	2	B	0
827	438	3	C	0
828	416	4	C	0
829	183	1	A	0
830	81	2	B	0
831	244	4	C	0
832	309	4	C	0
833	449	1	A	0
834	371	3	C	0
835	205	4	C	0
836	145	3	C	0
837	166	1	A	0
838	425	3	C	0
839	288	3	C	0
840	140	3	C	0
841	492	3	C	0
842	66	1	A	0
843	97	3	C	0
844	411	4	C	0
845	363	2	B	0
846	72	1	A	0
847	233	3	C	0
848	124	3	C	0
849	318	1	A	0
850	428	1	A	0
851	421	2	B	0
852	377	4	C	0
853	5	4	C	0
854	324	2	B	0
855	497	1	A	0
856	100	1	A	0
857	240	4	C	0
858	328	2	B	0
859	166	3	C	0
860	403	3	C	0
861	133	3	C	0
862	116	3	C	0
863	485	3	C	0
864	318	2	B	0
865	17	2	B	0
866	158	3	C	0
867	336	4	C	0
868	410	1	A	0
869	121	1	A	0
870	458	3	C	0
871	127	4	C	0
872	426	3	C	0
873	206	1	A	0
874	327	2	B	0
875	352	2	B	0
876	324	1	A	0
877	156	3	C	0
878	114	1	A	0
879	399	3	C	0
880	336	2	B	0
881	2	1	A	0
882	26	1	A	0
883	437	3	C	0
884	26	3	C	0
885	74	1	A	0
886	220	3	C	0
887	305	3	C	0
888	120	3	C	0
889	264	3	C	0
890	333	3	C	0
891	69	3	C	0
892	52	4	C	0
893	195	2	B	0
894	10	3	C	0
895	356	1	A	0
896	152	2	B	0
897	235	1	A	0
898	213	4	C	0
899	491	2	B	0
900	216	3	C	0
901	51	3	C	0
902	388	2	B	0
903	429	4	C	0
904	382	3	C	0
905	435	1	A	0
906	453	3	C	0
907	156	2	B	0
908	147	2	B	0
909	235	3	C	0
910	82	4	C	0
911	147	1	A	0
912	60	4	C	0
913	138	1	A	0
914	159	3	C	0
915	385	4	C	0
916	411	3	C	0
917	96	1	A	0
918	420	4	C	0
919	128	2	B	0
920	382	3	C	0
921	281	2	B	0
922	44	2	B	0
923	301	2	B	0
924	211	4	C	0
925	338	4	C	0
926	469	3	C	0
927	388	3	C	0
928	427	4	C	0
929	458	3	C	0
930	104	3	C	0
931	484	3	C	0
932	271	1	A	0
933	195	4	C	0
934	213	1	A	0
935	355	2	B	0
936	192	2	B	0
937	327	4	C	0
938	14	3	C	0
939	161	1	A	0
940	306	1	A	0
941	290	2	B	0
942	182	1	A	0
943	74	1	A	0
944	430	3	C	0
945	387	1	A	0
946	246	1	A	0
947	262	3	C	0
948	434	3	C	0
949	295	3	C	0
950	484	3	C	0
951	314	4	C	0
952	359	2	B	0
953	447	1	A	0
954	383	1	A	0
955	138	3	C	0
956	271	4	C	0
957	130	3	C	0
958	383	2	B	0
959	86	1	A	0
960	421	1	A	0
961	14	2	B	0
962	192	1	A	0
963	390	2	B	0
964	256	2	B	0
965	178	1	A	0
966	78	4	C	0
967	498	3	C	0
968	86	3	C	0
969	427	2	B	0
970	157	4	C	0
971	18	4	C	0
972	343	1	A	0
973	102	4	C	0
974	182	1	A	0
975	165	3	C	0
976	157	4	C	0
977	254	4	C	0
978	488	4	C	0
979	104	4	C	0
980	488	4	C	0
981	469	2	B	0
982	177	1	A	0
983	97	2	B	0
984	387	4	C	0
985	47	1	A	0
986	8	1	A	0
987	434	1	A	0
988	201	2	B	0
989	72	1	A	0
990	204	2	B	0
991	224	2	B	0
992	78	3	C	0
993	201	2	B	0
994	453	2	B	0
995	343	2	B	0
996	350	2	B	0
997	211	4	C	0
998	314	2	B	0
999	350	1	A	0
1000	199	4	C	0
