Class Times	5
Rooms	200
1	15	C	0
2	49	B	1
3	21	A	0
4	20	C	1
5	81	C	0
6	58	B	1
7	57	C	0
8	53	C	0
9	41	A	1
10	64	A	1
11	94	B	1
12	84	A	0
13	58	B	1
14	74	A	0
15	40	B	1
16	50	A	1
17	88	C	0
18	40	B	1
19	62	A	1
20	38	B	0
21	18	C	0
22	67	A	0
23	68	B	0
24	27	C	1
25	32	B	0
26	95	C	0
27	32	C	0
28	82	C	0
29	69	A	1
30	15	B	1
31	48	A	1
32	71	A	1
33	56	B	1
34	18	C	0
35	76	C	0
36	24	A	0
37	41	A	1
38	96	C	0
39	45	B	1
40	53	B	0
41	84	C	0
42	33	A	1
43	31	C	0
44	49	B	0
45	88	A	1
46	16	B	1
47	91	B	0
48	99	A	1
49	58	A	1
50	60	C	0
51	80	B	1
52	47	A	1
53	24	B	0
54	71	B	0
55	29	B	1
56	47	A	0
57	46	B	1
58	48	B	1
59	35	A	1
60	35	B	0
61	73	C	0
62	51	C	0
63	87	C	1
64	34	A	0
65	28	A	1
66	32	B	0
67	99	A	1
68	36	A	1
69	30	B	0
70	58	B	0
71	76	B	1
72	15	C	1
73	48	A	1
74	40	A	1
75	81	B	0
76	13	C	1
77	77	A	1
78	48	A	1
79	59	A	1
80	36	A	0
81	59	A	0
82	14	A	0
83	12	A	0
84	86	B	1
85	62	C	0
86	72	B	0
87	38	A	0
88	50	C	0
89	21	B	1
90	95	A	1
91	61	B	1
92	52	B	0
93	30	B	0
94	25	C	0
95	32	C	1
96	68	C	0
97	66	C	0
98	23	A	1
99	15	C	1
100	96	A	0
101	46	C	1
102	80	B	0
103	50	B	1
104	18	B	0
105	56	B	1
106	16	B	0
107	68	C	1
108	74	C	1
109	38	C	0
110	25	C	0
111	59	C	0
112	96	A	0
113	70	C	1
114	92	B	0
115	32	C	1
116	45	B	1
117	77	B	1
118	93	C	0
119	51	B	1
120	57	C	1
121	20	A	1
122	75	C	1
123	76	B	1
124	78	A	0
125	13	A	1
126	26	B	1
127	77	B	0
128	84	C	1
129	93	B	1
130	65	B	1
131	65	B	1
132	37	B	1
133	95	B	1
134	71	C	1
135	47	A	0
136	49	A	0
137	80	B	1
138	40	C	1
139	36	B	0
140	53	C	0
141	28	A	1
142	97	C	0
143	24	C	0
144	59	C	0
145	57	C	0
146	35	B	1
147	54	B	0
148	54	B	1
149	86	B	0
150	38	B	1
151	21	C	0
152	60	C	0
153	72	B	1
154	89	C	1
155	39	A	1
156	83	B	0
157	20	B	0
158	54	A	1
159	73	C	1
160	45	A	1
161	80	C	0
162	25	B	1
163	18	B	1
164	15	C	0
165	86	C	1
166	91	A	1
167	62	C	0
168	48	B	1
169	42	B	0
170	85	A	0
171	94	C	0
172	69	B	0
173	76	B	0
174	90	B	1
175	85	B	0
176	20	B	1
177	50	B	1
178	61	B	1
179	78	C	1
180	40	A	1
181	55	A	0
182	10	C	0
183	47	C	1
184	34	C	0
185	97	C	1
186	63	C	0
187	13	B	1
188	60	C	1
189	61	C	1
190	41	A	1
191	93	C	1
192	88	B	0
193	28	A	0
194	88	C	1
195	15	A	0
196	35	B	1
197	37	A	0
198	16	A	1
199	13	C	1
200	19	C	1
Classes	1000
Teachers	500
1	433	2	B	1
2	94	3	C	1
3	394	2	B	1
4	305	2	B	1
5	410	3	C	1
6	205	4	C	1
7	294	2	B	1
8	169	1	A	1
9	246	4	C	1
10	217	2	B	1
11	381	4	C	1
12	302	2	B	1
13	56	4	C	1
14	318	2	B	1
15	495	2	B	1
16	361	2	B	1
17	256	3	C	1
18	349	1	A	1
19	302	3	C	1
20	420	3	C	1
21	446	4	C	1
22	264	3	C	1
23	196	3	C	1
24	320	2	B	1
25	280	2	B	1
26	39	2	B	1
27	382	3	C	1
28	352	1	A	1
29	317	4	C	1
30	484	1	A	1
31	368	2	B	1
32	400	3	C	1
33	72	1	A	1
34	314	3	C	1
35	155	4	C	1
36	495	4	C	1
37	446	2	B	1
38	120	3	C	1
39	364	3	C	1
40	59	1	A	1
41	361	2	B	1
42	477	4	C	1
43	8	4	C	1
44	94	3	C	1
45	285	1	A	1
46	324	3	C	1
47	494	2	B	1
48	75	4	C	1
49	380	3	C	1
50	23	1	A	1
51	301	4	C	0
52	404	2	B	0
53	277	1	A	0
54	75	1	A	0
55	54	2	B	0
56	483	2	B	0
57	435	2	B	0
58	352	3	C	0
59	2	3	C	0
60	183	3	C	0
61	213	1	A	0
62	484	2	B	0
63	76	2	B	0
64	364	1	A	0
65	158	2	B	0
66	56	2	B	0
67	389	4	C	0
68	470	2	B	0
69	72	4	C	0
70	177	2	B	0
71	150	1	A	0
72	255	3	C	0
73	214	4	C	0
74	214	1	A	0
75	499	3	C	0
76	222	4	C	0
77	448	2	B	0
78	497	4	C	0
79	334	4	C	0
80	55	4	C	0
81	368	3	C	0
82	202	2	B	0
83	346	4	C	0
84	367	3	C	0
85	375	1	A	0
86	244	3	C	0
87	449	2	B	0
88	437	2	B	0
89	289	1	A	0
90	374	2	B	0
91	7	3	C	0
92	120	3	C	0
93	343	3	C	0
94	88	3	C	0
95	465	2	B	0
96	275	4	C	0
97	41	3	C	0
98	82	4	C	0
99	26	2	B	0
100	239	2	B	0
101	309	2	B	0
102	13	3	C	0
103	453	1	A	0
104	70	3	C	0
105	383	3	C	0
106	204	1	A	0
107	140	4	C	0
108	86	3	C	0
109	292	4	C	0
110	241	4	C	0
111	337	3	C	0
112	346	1	A	0
113	426	3	C	0
114	53	2	B	0
115	131	4	C	0
116	388	2	B	0
117	12	1	A	0
118	137	3	C	0
119	181	4	C	0
120	206	3	C	0
121	33	1	A	0
122	81	3	C	0
123	388	3	C	0
124	270	4	C	0
125	436	4	C	0
126	177	4	C	0
127	461	3	C	0
128	45	3	C	0
129	128	2	B	0
130	402	4	C	0
131	286	3	C	0
132	257	3	C	0
133	3	3	C	0
134	338	1	A	0
135	412	3	C	0
136	406	2	B	0
137	485	1	A	0
138	141	4	C	0
139	474	2	B	0
140	499	1	A	0
141	128	3	C	0
142	264	2	B	0
143	208	3	C	0
144	395	2	B	0
145	317	3	C	0
146	462	3	C	0
147	256	2	B	0
148	116	4	C	0
149	496	3	C	0
150	275	3	C	0
151	463	1	A	0
152	134	3	C	0
153	424	1	A	0
154	417	3	C	0
155	168	2	B	0
156	322	3	C	0
157	98	3	C	0
158	494	4	C	0
159	161	3	C	0
160	224	2	B	0
161	217	4	C	0
162	70	3	C	0
163	293	1	A	0
164	335	4	C	0
165	220	2	B	0
166	390	3	C	0
167	253	3	C	0
168	391	2	B	0
169	410	4	C	0
170	265	3	C	0
171	219	2	B	0
172	449	1	A	0
173	245	2	B	0
174	436	2	B	0
175	333	4	C	0
176	135	1	A	0
177	55	1	A	0
178	442	1	A	0
179	189	1	A	0
180	223	1	A	0
181	7	1	A	0
182	103	1	A	0
183	343	4	C	0
184	5	2	B	0
185	417	2	B	0
186	323	1	A	0
187	209	1	A	0
188	287	3	C	0
189	433	3	C	0
190	163	2	B	0
191	84	4	C	0
192	459	1	A	0
193	253	2	B	0
194	373	1	A	0
195	467	4	C	0
196	478	3	C	0
197	297	4	C	0
198	489	2	B	0
199	241	2	B	0
200	431	4	C	0
201	18	1	A	0
202	59	4	C	0
203	12	3	C	0
204	41	3	C	0
205	301	3	C	0
206	158	3	C	0
207	349	4	C	0
208	116	4	C	0
209	193	1	A	0
210	117	3	C	0
211	409	3	C	0
212	224	4	C	0
213	245	4	C	0
214	423	1	A	0
215	443	3	C	0
216	102	3	C	0
217	363	3	C	0
218	284	2	B	0
219	411	3	C	0
220	203	1	A	0
221	141	2	B	0
222	136	4	C	0
223	6	4	C	0
224	451	1	A	0
225	77	1	A	0
226	422	1	A	0
227	31	2	B	0
228	268	4	C	0
229	355	4	C	0
230	43	2	B	0
231	160	3	C	0
232	231	1	A	0
233	100	3	C	0
234	223	4	C	0
235	294	2	B	0
236	192	3	C	0
237	335	1	A	0
238	182	3	C	0
239	363	3	C	0
240	489	3	C	0
241	182	3	C	0
242	450	2	B	0
243	405	2	B	0
244	339	2	B	0
245	29	3	C	0
246	232	2	B	0
247	246	1	A	0
248	326	1	A	0
249	49	2	B	0
250	321	1	A	0
251	383	4	C	0
252	58	3	C	0
253	193	4	C	0
254	202	2	B	0
255	101	3	C	0
256	207	4	C	0
257	174	2	B	0
258	118	3	C	0
259	74	4	C	0
260	435	4	C	0
261	199	3	C	0
262	65	2	B	0
263	183	4	C	0
264	103	4	C	0
265	419	4	C	0
266	380	4	C	0
267	13	4	C	0
268	443	3	C	0
269	40	4	C	0
270	17	4	C	0
271	191	2	B	0
272	399	2	B	0
273	452	2	B	0
274	379	4	C	0
275	232	2	B	0
276	307	1	A	0
277	491	2	B	0
278	187	3	C	0
279	109	1	A	0
280	331	3	C	0
281	11	3	C	0
282	448	1	A	0
283	355	1	A	0
284	325	2	B	0
285	374	2	B	0
286	293	4	C	0
287	373	3	C	0
288	230	2	B	0
289	439	1	A	0
290	108	2	B	0
291	268	2	B	0
292	21	2	B	0
293	291	4	C	0
294	439	3	C	0
295	79	2	B	0
296	345	2	B	0
297	280	2	B	0
298	77	3	C	0
299	491	3	C	0
300	260	2	B	0
301	130	1	A	0
302	459	3	C	0
303	423	1	A	0
304	286	3	C	0
305	40	2	B	0
306	30	2	B	0
307	188	1	A	0
308	37	4	C	0
309	295	4	C	0
310	386	3	C	0
311	161	2	B	0
312	451	1	A	0
313	291	4	C	0
314	239	4	C	0
315	81	2	B	0
316	334	1	A	0
317	456	4	C	0
318	73	1	A	0
319	318	4	C	0
320	203	4	C	0
321	153	4	C	0
322	305	4	C	0
323	187	2	B	0
324	86	4	C	0
325	338	3	C	0
326	33	3	C	0
327	238	2	B	0
328	137	3	C	0
329	172	4	C	0
330	328	1	A	0
331	426	4	C	0
332	194	1	A	0
333	240	3	C	0
334	254	3	C	0
335	133	2	B	0
336	93	2	B	0
337	328	4	C	0
338	9	3	C	0
339	384	4	C	0
340	132	2	B	0
341	62	1	A	0
342	421	1	A	0
343	234	4	C	0
344	51	1	A	0
345	238	4	C	0
346	398	1	A	0
347	274	2	B	0
348	441	2	B	0
349	132	1	A	0
350	416	1	A	0
351	271	1	A	0
352	470	4	C	0
353	455	3	C	0
354	412	2	B	0
355	112	4	C	0
356	487	1	A	0
357	140	3	C	0
358	51	4	C	0
359	25	3	C	0
360	90	2	B	0
361	292	4	C	0
362	135	4	C	0
363	22	2	B	0
364	123	1	A	0
365	28	2	B	0
366	213	3	C	0
367	477	4	C	0
368	163	1	A	0
369	136	4	C	0
370	105	4	C	0
371	488	2	B	0
372	466	1	A	0
373	462	3	C	0
374	8	2	B	0
375	200	3	C	0
376	308	2	B	0
377	30	4	C	0
378	395	3	C	0
379	90	1	A	0
380	387	3	C	0
381	475	1	A	0
382	431	2	B	0
383	493	1	A	0
384	351	2	B	0
385	487	4	C	0
386	420	2	B	0
387	421	4	C	0
388	131	1	A	0
389	2	2	B	0
390	422	4	C	0
391	336	4	C	0
392	340	1	A	0
393	28	1	A	0
394	112	2	B	0
395	24	4	C	0
396	221	3	C	0
397	382	2	B	0
398	329	3	C	0
399	4	2	B	0
400	115	2	B	0
401	119	4	C	0
402	385	3	C	0
403	178	1	A	0
404	6	2	B	0
405	358	2	B	0
406	130	4	C	0
407	147	2	B	0
408	289	3	C	0
409	240	4	C	0
410	133	2	B	0
411	47	3	C	0
412	61	1	A	0
413	148	2	B	0
414	270	2	B	0
415	287	2	B	0
416	391	2	B	0
417	261	1	A	0
418	254	1	A	0
419	18	2	B	0
420	378	4	C	0
421	225	1	A	0
422	83	4	C	0
423	23	2	B	0
424	390	4	C	0
425	24	2	B	0
426	303	1	A	0
427	210	1	A	0
428	45	2	B	0
429	316	2	B	0
430	257	1	A	0
431	457	1	A	0
432	306	3	C	0
433	60	1	A	0
434	125	1	A	0
435	108	1	A	0
436	447	2	B	0
437	73	2	B	0
438	19	4	C	0
439	440	1	A	0
440	482	4	C	0
441	110	3	C	0
442	468	1	A	0
443	185	2	B	0
444	266	4	C	0
445	472	4	C	0
446	68	1	A	0
447	450	2	B	0
448	4	2	B	0
449	155	4	C	0
450	354	4	C	0
451	392	4	C	0
452	307	1	A	0
453	117	3	C	0
454	15	1	A	0
455	260	2	B	0
456	34	2	B	0
457	258	4	C	0
458	481	3	C	0
459	285	2	B	0
460	284	2	B	0
461	198	1	A	0
462	468	3	C	0
463	313	1	A	0
464	122	4	C	0
465	445	3	C	0
466	169	2	B	0
467	478	3	C	0
468	124	2	B	0
469	233	4	C	0
470	181	2	B	0
471	399	3	C	0
472	406	3	C	0
473	358	2	B	0
474	176	3	C	0
475	282	1	A	0
476	231	2	B	0
477	165	3	C	0
478	296	4	C	0
479	277	2	B	0
480	485	4	C	0
481	229	1	A	0
482	397	3	C	0
483	76	3	C	0
484	453	3	C	0
485	229	4	C	0
486	89	1	A	0
487	211	2	B	0
488	216	1	A	0
489	362	1	A	0
490	418	4	C	0
491	83	2	B	0
492	43	3	C	0
493	11	3	C	0
494	106	1	A	0
495	118	2	B	0
496	15	4	C	0
497	400	4	C	0
498	172	4	C	0
499	283	1	A	0
500	402	3	C	0
501	377	1	A	0
502	427	1	A	0
503	127	1	A	0
504	93	2	B	0
505	125	2	B	0
506	273	3	C	0
507	153	2	B	0
508	378	2	B	0
509	476	2	B	0
510	486	1	A	0
511	416	4	C	0
512	210	2	B	0
513	185	1	A	0
514	160	4	C	0
515	259	3	C	0
516	126	4	C	0
517	104	2	B	0
518	304	4	C	0
519	384	3	C	0
520	145	1	A	0
521	190	3	C	0
522	492	1	A	0
523	377	1	A	0
524	152	3	C	0
525	88	4	C	0
526	324	4	C	0
527	475	1	A	0
528	347	4	C	0
529	428	3	C	0
530	165	3	C	0
531	480	4	C	0
532	372	1	A	0
533	279	3	C	0
534	296	2	B	0
535	381	4	C	0
536	362	4	C	0
537	179	4	C	0
538	121	3	C	0
539	138	2	B	0
540	1	1	A	0
541	350	4	C	0
542	271	1	A	0
543	5	2	B	0
544	74	2	B	0
545	488	3	C	0
546	372	1	A	0
547	369	2	B	0
548	21	1	A	0
549	104	4	C	0
550	69	1	A	0
551	347	3	C	0
552	279	1	A	0
553	319	2	B	0
554	46	3	C	0
555	198	2	B	0
556	31	1	A	0
557	437	3	C	0
558	178	4	C	0
559	457	2	B	0
560	333	3	C	0
561	14	2	B	0
562	60	3	C	0
563	404	3	C	0
564	180	3	C	0
565	371	2	B	0
566	100	2	B	0
567	226	4	C	0
568	204	2	B	0
569	47	3	C	0
570	367	4	C	0
571	174	2	B	0
572	269	2	B	0
573	220	4	C	0
574	38	3	C	0
575	99	3	C	0
576	219	4	C	0
577	323	2	B	0
578	189	1	A	0
579	326	3	C	0
580	144	1	A	0
581	44	1	A	0
582	144	4	C	0
583	447	3	C	0
584	102	4	C	0
585	345	4	C	0
586	315	3	C	0
587	351	3	C	0
588	308	1	A	0
589	195	1	A	0
590	175	2	B	0
591	329	1	A	0
592	154	3	C	0
593	325	4	C	0
594	496	1	A	0
595	180	2	B	0
596	19	2	B	0
597	322	1	A	0
598	69	4	C	0
599	356	4	C	0
600	354	4	C	0
601	281	2	B	0
602	64	2	B	0
603	247	3	C	0
604	458	4	C	0
605	150	3	C	0
606	206	4	C	0
607	205	3	C	0
608	476	4	C	0
609	230	3	C	0
610	57	4	C	0
611	64	1	A	0
612	188	3	C	0
613	415	3	C	0
614	259	3	C	0
615	440	3	C	0
616	397	1	A	0
617	321	2	B	0
618	143	1	A	0
619	221	2	B	0
620	216	2	B	0
621	290	3	C	0
622	87	4	C	0
623	50	2	B	0
624	320	1	A	0
625	145	2	B	0
626	339	3	C	0
627	411	4	C	0
628	265	2	B	0
629	473	3	C	0
630	467	4	C	0
631	48	3	C	0
632	195	3	C	0
633	370	3	C	0
634	429	1	A	0
635	316	4	C	0
636	366	1	A	0
637	473	4	C	0
638	200	3	C	0
639	121	2	B	0
640	276	4	C	0
641	414	2	B	0
642	123	4	C	0
643	22	1	A	0
644	156	4	C	0
645	273	4	C	0
646	162	4	C	0
647	248	4	C	0
648	89	4	C	0
649	87	2	B	0
650	288	4	C	0
651	393	4	C	0
652	413	3	C	0
653	427	2	B	0
654	309	4	C	0
655	469	4	C	0
656	370	4	C	0
657	493	4	C	0
658	111	2	B	0
659	419	4	C	0
660	151	3	C	0
661	250	4	C	0
662	387	4	C	0
663	407	1	A	0
664	486	2	B	0
665	154	2	B	0
666	17	2	B	0
667	25	4	C	0
668	225	2	B	0
669	336	3	C	0
670	159	2	B	0
671	405	4	C	0
672	386	2	B	0
673	311	4	C	0
674	122	2	B	0
675	58	1	A	0
676	379	3	C	0
677	109	1	A	0
678	124	4	C	0
679	101	3	C	0
680	127	4	C	0
681	37	3	C	0
682	472	4	C	0
683	92	1	A	0
684	42	1	A	0
685	278	3	C	0
686	248	1	A	0
687	95	2	B	0
688	46	2	B	0
689	171	4	C	0
690	190	4	C	0
691	50	3	C	0
692	299	4	C	0
693	34	4	C	0
694	465	4	C	0
695	385	3	C	0
696	357	4	C	0
697	357	1	A	0
698	267	2	B	0
699	262	3	C	0
700	26	3	C	0
701	272	2	B	0
702	344	3	C	0
703	38	3	C	0
704	152	2	B	0
705	331	4	C	0
706	149	2	B	0
707	482	2	B	0
708	263	4	C	0
709	237	4	C	0
710	208	2	B	0
711	393	2	B	0
712	438	3	C	0
713	85	3	C	0
714	79	4	C	0
715	236	3	C	0
716	42	3	C	0
717	319	1	A	0
718	441	1	A	0
719	425	4	C	0
720	375	4	C	0
721	191	4	C	0
722	415	3	C	0
723	105	3	C	0
724	44	3	C	0
725	67	3	C	0
726	9	3	C	0
727	392	4	C	0
728	36	2	B	0
729	299	1	A	0
730	432	1	A	0
731	366	4	C	0
732	212	4	C	0
733	252	2	B	0
734	14	3	C	0
735	330	3	C	0
736	300	4	C	0
737	156	1	A	0
738	199	4	C	0
739	356	4	C	0
740	85	3	C	0
741	269	3	C	0
742	466	2	B	0
743	337	3	C	0
744	212	4	C	0
745	498	3	C	0
746	281	2	B	0
747	3	4	C	0
748	157	4	C	0
749	96	1	A	0
750	119	2	B	0
751	32	4	C	0
752	99	3	C	0
753	314	4	C	0
754	430	1	A	0
755	456	2	B	0
756	134	2	B	0
757	234	3	C	0
758	201	4	C	0
759	344	3	C	0
760	401	2	B	0
761	396	4	C	0
762	341	1	A	0
763	167	2	B	0
764	233	1	A	0
765	95	4	C	0
766	480	2	B	0
767	244	3	C	0
768	389	2	B	0
769	258	2	B	0
770	408	1	A	0
771	39	1	A	0
772	330	1	A	0
773	147	4	C	0
774	49	1	A	0
775	164	4	C	0
776	228	3	C	0
777	35	2	B	0
778	91	3	C	0
779	80	4	C	0
780	159	3	C	0
781	407	2	B	0
782	65	4	C	0
783	327	2	B	0
784	424	4	C	0
785	129	4	C	0
786	327	4	C	0
787	371	2	B	0
788	474	3	C	0
789	498	2	B	0
790	438	4	C	0
791	27	1	A	0
792	186	1	A	0
793	106	4	C	0
794	376	4	C	0
795	173	2	B	0
796	53	1	A	0
797	282	2	B	0
798	369	2	B	0
799	283	1	A	0
800	215	2	B	0
801	16	2	B	0
802	278	1	A	0
803	166	4	C	0
804	403	4	C	0
805	54	4	C	0
806	418	2	B	0
807	243	4	C	0
808	164	4	C	0
809	414	2	B	0
810	458	3	C	0
811	261	1	A	0
812	304	1	A	0
813	310	2	B	0
814	138	3	C	0
815	481	4	C	0
816	276	4	C	0
817	71	2	B	0
818	490	2	B	0
819	479	2	B	0
820	84	3	C	0
821	179	3	C	0
822	401	4	C	0
823	52	3	C	0
824	209	3	C	0
825	342	1	A	0
826	63	1	A	0
827	215	3	C	0
828	207	1	A	0
829	139	3	C	0
830	348	4	C	0
831	442	2	B	0
832	497	4	C	0
833	464	2	B	0
834	445	4	C	0
835	142	3	C	0
836	298	2	B	0
837	63	2	B	0
838	192	4	C	0
839	35	1	A	0
840	500	3	C	0
841	97	4	C	0
842	303	4	C	0
843	151	1	A	0
844	429	4	C	0
845	342	3	C	0
846	350	4	C	0
847	62	2	B	0
848	226	2	B	0
849	96	4	C	0
850	251	1	A	0
851	157	1	A	0
852	52	2	B	0
853	27	1	A	0
854	29	3	C	0
855	266	3	C	0
856	227	3	C	0
857	290	2	B	0
858	461	1	A	0
859	149	4	C	0
860	129	1	A	0
861	353	4	C	0
862	236	3	C	0
863	348	4	C	0
864	403	1	A	0
865	251	1	A	0
866	237	2	B	0
867	173	2	B	0
868	255	1	A	0
869	492	3	C	0
870	408	2	B	0
871	68	2	B	0
872	162	2	B	0
873	222	4	C	0
874	1	1	A	0
875	171	2	B	0
876	295	4	C	0
877	82	3	C	0
878	353	2	B	0
879	168	3	C	0
880	464	4	C	0
881	78	1	A	0
882	432	4	C	0
883	107	4	C	0
884	454	3	C	0
885	297	4	C	0
886	115	4	C	0
887	61	3	C	0
888	409	3	C	0
889	444	3	C	0
890	360	1	A	0
891	78	1	A	0
892	300	4	C	0
893	114	1	A	0
894	243	3	C	0
895	111	1	A	0
896	91	4	C	0
897	71	3	C	0
898	57	1	A	0
899	48	3	C	0
900	148	3	C	0
901	32	4	C	0
902	500	1	A	0
903	20	4	C	0
904	67	1	A	0
905	92	3	C	0
906	340	4	C	0
907	186	3	C	0
908	197	1	A	0
909	460	4	C	0
910	469	3	C	0
911	36	2	B	0
912	142	2	B	0
913	110	4	C	0
914	360	2	B	0
915	166	2	B	0
916	313	1	A	0
917	252	1	A	0
918	262	3	C	0
919	463	1	A	0
920	242	2	B	0
921	218	2	B	0
922	211	3	C	0
923	170	2	B	0
924	113	4	C	0
925	247	3	C	0
926	218	1	A	0
927	490	2	B	0
928	274	4	C	0
929	359	3	C	0
930	272	1	A	0
931	365	3	C	0
932	454	3	C	0
933	434	2	B	0
934	311	4	C	0
935	332	4	C	0
936	194	2	B	0
937	359	3	C	0
938	288	1	A	0
939	298	1	A	0
940	167	1	A	0
941	196	2	B	0
942	126	1	A	0
943	365	3	C	0
944	10	1	A	0
945	197	2	B	0
946	10	1	A	0
947	176	2	B	0
948	479	4	C	0
949	312	4	C	0
950	250	3	C	0
951	184	3	C	0
952	434	3	C	0
953	263	1	A	0
954	413	3	C	0
955	107	1	A	0
956	113	3	C	0
957	394	2	B	0
958	267	2	B	0
959	452	4	C	0
960	80	3	C	0
961	460	3	C	0
962	483	1	A	0
963	306	2	B	0
964	315	1	A	0
965	428	3	C	0
966	184	4	C	0
967	16	2	B	0
968	341	4	C	0
969	175	3	C	0
970	146	3	C	0
971	471	2	B	0
972	170	2	B	0
973	376	3	C	0
974	249	2	B	0
975	97	1	A	0
976	228	1	A	0
977	425	3	C	0
978	146	3	C	0
979	143	3	C	0
980	430	3	C	0
981	98	3	C	0
982	312	3	C	0
983	455	4	C	0
984	471	1	A	0
985	227	1	A	0
986	444	2	B	0
987	332	1	A	0
988	201	2	B	0
989	66	2	B	0
990	235	3	C	0
991	242	1	A	0
992	20	2	B	0
993	310	2	B	0
994	396	2	B	0
995	398	4	C	0
996	114	1	A	0
997	139	4	C	0
998	249	2	B	0
999	235	4	C	0
1000	66	1	A	0
