Class Times	5
Rooms	200
1	38	B	1
2	80	C	0
3	12	C	0
4	75	A	1
5	82	B	1
6	64	B	0
7	24	A	0
8	58	B	1
9	10	B	0
10	77	B	1
11	56	A	1
12	15	C	1
13	82	A	1
14	74	A	0
15	84	B	1
16	72	B	0
17	15	A	1
18	46	B	0
19	35	C	0
20	70	A	0
21	47	C	0
22	40	C	0
23	54	C	1
24	75	B	1
25	31	B	0
26	41	C	1
27	41	B	1
28	98	B	0
29	94	C	0
30	65	B	0
31	97	C	0
32	12	A	0
33	16	C	1
34	83	B	0
35	44	C	1
36	59	A	1
37	57	C	1
38	54	B	0
39	87	C	0
40	68	A	0
41	71	C	0
42	57	C	0
43	87	A	0
44	15	A	0
45	84	A	1
46	19	C	0
47	57	A	0
48	40	C	1
49	69	A	1
50	62	A	1
51	50	A	1
52	85	C	0
53	43	B	1
54	98	A	1
55	44	A	1
56	88	A	1
57	90	B	0
58	23	C	1
59	95	B	1
60	42	C	0
61	37	A	1
62	28	C	1
63	84	C	1
64	84	B	0
65	61	A	0
66	65	B	1
67	30	A	0
68	57	A	0
69	43	B	0
70	55	A	0
71	80	B	1
72	23	C	0
73	94	A	0
74	97	C	1
75	81	C	0
76	31	A	1
77	92	B	0
78	86	B	0
79	40	C	0
80	90	C	0
81	47	B	0
82	21	C	1
83	70	B	1
84	86	B	1
85	66	B	0
86	77	A	1
87	20	A	1
88	65	B	1
89	39	B	1
90	89	A	0
91	39	C	1
92	71	A	1
93	88	C	1
94	62	C	0
95	84	A	1
96	34	B	0
97	16	C	1
98	91	B	1
99	39	C	0
100	50	C	0
101	97	A	1
102	64	B	1
103	46	B	1
104	60	A	1
105	34	C	1
106	93	A	0
107	51	B	1
108	74	A	1
109	53	A	0
110	22	A	0
111	84	A	0
112	58	C	0
113	20	C	1
114	35	B	0
115	99	C	1
116	74	C	1
117	94	B	1
118	52	B	1
119	72	C	1
120	26	A	1
121	64	C	1
122	94	B	0
123	72	C	1
124	28	B	0
125	46	B	1
126	65	C	0
127	42	B	0
128	34	C	0
129	92	A	1
130	32	B	0
131	94	C	0
132	57	A	1
133	51	B	1
134	49	B	1
135	17	C	0
136	13	B	0
137	94	C	0
138	99	C	0
139	48	A	0
140	27	C	0
141	82	B	0
142	61	B	1
143	50	C	0
144	14	B	1
145	80	A	1
146	52	C	0
147	54	C	1
148	78	C	0
149	36	A	0
150	85	B	0
151	15	B	0
152	23	C	1
153	85	B	1
154	80	C	1
155	17	C	0
156	27	A	1
157	35	B	1
158	42	A	1
159	98	A	1
160	99	B	1
161	49	B	0
162	15	B	0
163	98	A	1
164	29	C	1
165	40	C	0
166	60	A	0
167	26	B	1
168	96	B	1
169	17	B	0
170	84	C	0
171	87	B	1
172	48	C	1
173	41	C	1
174	44	C	1
175	86	C	0
176	50	C	0
177	65	C	1
178	62	B	0
179	22	C	0
180	78	A	0
181	56	C	1
182	97	C	0
183	76	C	0
184	62	C	0
185	39	A	1
186	22	B	0
187	70	A	0
188	79	B	1
189	53	B	0
190	35	A	1
191	67	B	0
192	31	A	1
193	75	B	0
194	51	A	1
195	53	B	1
196	99	A	0
197	78	B	0
198	65	A	0
199	25	A	1
200	14	B	1
Classes	1000
Teachers	500
1	375	1	A	1
2	33	3	C	1
3	377	4	C	1
4	358	3	C	1
5	44	4	C	1
6	429	2	B	1
7	170	4	C	1
8	343	1	A	1
9	82	1	A	1
10	488	4	C	1
11	249	2	B	1
12	217	1	A	1
13	298	3	C	1
14	30	4	C	1
15	161	2	B	1
16	247	1	A	1
17	97	3	C	1
18	270	3	C	1
19	92	1	A	1
20	294	3	C	1
21	109	1	A	1
22	119	4	C	1
23	446	3	C	1
24	442	2	B	1
25	182	4	C	1
26	310	1	A	1
27	490	2	B	1
28	337	3	C	1
29	229	4	C	1
30	298	3	C	1
31	283	3	C	1
32	352	3	C	1
33	147	1	A	1
34	296	1	A	1
35	167	2	B	1
36	48	3	C	1
37	497	3	C	1
38	88	3	C	1
39	81	4	C	1
40	192	2	B	1
41	257	2	B	1
42	347	2	B	1
43	395	4	C	1
44	101	1	A	1
45	346	4	C	1
46	109	1	A	1
47	341	3	C	1
48	59	4	C	1
49	140	4	C	1
50	301	4	C	1
51	500	4	C	0
52	177	1	A	0
53	496	1	A	0
54	282	2	B	0
55	64	2	B	0
56	240	4	C	0
57	229	3	C	0
58	306	1	A	0
59	366	2	B	0
60	332	3	C	0
61	184	3	C	0
62	493	4	C	0
63	376	1	A	0
64	379	1	A	0
65	390	2	B	0
66	485	2	B	0
67	11	1	A	0
68	153	2	B	0
69	380	1	A	0
70	365	4	C	0
71	226	1	A	0
72	264	3	C	0
73	5	4	C	0
74	97	4	C	0
75	415	2	B	0
76	266	2	B	0
77	89	2	B	0
78	329	1	A	0
79	168	1	A	0
80	104	4	C	0
81	414	3	C	0
82	244	1	A	0
83	405	4	C	0
84	396	4	C	0
85	440	2	B	0
86	369	3	C	0
87	328	4	C	0
88	326	1	A	0
89	239	1	A	0
90	272	4	C	0
91	18	3	C	0
92	303	4	C	0
93	410	3	C	0
94	416	2	B	0
95	314	4	C	0
96	18	4	C	0
97	250	2	B	0
98	179	1	A	0
99	425	2	B	0
100	43	2	B	0
101	141	3	C	0
102	488	2	B	0
103	434	4	C	0
104	268	1	A	0
105	29	2	B	0
106	428	1	A	0
107	65	4	C	0
108	117	2	B	0
109	441	4	C	0
110	312	1	A	0
111	212	4	C	0
112	304	1	A	0
113	355	2	B	0
114	210	2	B	0
115	326	4	C	0
116	217	1	A	0
117	172	2	B	0
118	276	1	A	0
119	328	3	C	0
120	427	3	C	0
121	318	1	A	0
122	332	2	B	0
123	177	1	A	0
124	385	4	C	0
125	381	3	C	0
126	197	3	C	0
127	220	3	C	0
128	377	2	B	0
129	322	4	C	0
130	11	2	B	0
131	331	3	C	0
132	34	1	A	0
133	120	2	B	0
134	495	3	C	0
135	221	1	A	0
136	402	3	C	0
137	245	1	A	0
138	494	1	A	0
139	110	2	B	0
140	397	2	B	0
141	51	2	B	0
142	67	2	B	0
143	421	4	C	0
144	381	2	B	0
145	132	1	A	0
146	161	3	C	0
147	491	1	A	0
148	308	1	A	0
149	6	3	C	0
150	248	1	A	0
151	459	1	A	0
152	380	2	B	0
153	156	4	C	0
154	435	1	A	0
155	437	3	C	0
156	446	1	A	0
157	51	2	B	0
158	145	4	C	0
159	120	2	B	0
160	288	4	C	0
161	335	4	C	0
162	267	4	C	0
163	69	3	C	0
164	366	2	B	0
165	451	1	A	0
166	269	1	A	0
167	489	3	C	0
168	239	3	C	0
169	90	2	B	0
170	379	2	B	0
171	32	1	A	0
172	87	2	B	0
173	373	4	C	0
174	284	4	C	0
175	452	3	C	0
176	436	3	C	0
177	406	2	B	0
178	152	2	B	0
179	19	4	C	0
180	473	4	C	0
181	265	4	C	0
182	375	3	C	0
183	362	4	C	0
184	454	4	C	0
185	466	1	A	0
186	418	3	C	0
187	147	3	C	0
188	53	3	C	0
189	96	2	B	0
190	429	2	B	0
191	345	2	B	0
192	117	1	A	0
193	357	4	C	0
194	40	4	C	0
195	405	1	A	0
196	301	1	A	0
197	22	2	B	0
198	241	4	C	0
199	339	4	C	0
200	452	1	A	0
201	443	2	B	0
202	85	3	C	0
203	140	4	C	0
204	19	3	C	0
205	31	1	A	0
206	81	3	C	0
207	353	4	C	0
208	469	3	C	0
209	200	3	C	0
210	185	3	C	0
211	492	3	C	0
212	173	2	B	0
213	211	1	A	0
214	207	3	C	0
215	425	3	C	0
216	151	3	C	0
217	197	2	B	0
218	8	4	C	0
219	412	4	C	0
220	180	3	C	0
221	352	4	C	0
222	50	2	B	0
223	104	2	B	0
224	434	1	A	0
225	56	4	C	0
226	436	2	B	0
227	77	1	A	0
228	337	1	A	0
229	413	3	C	0
230	136	1	A	0
231	321	3	C	0
232	180	3	C	0
233	418	4	C	0
234	250	4	C	0
235	190	1	A	0
236	68	2	B	0
237	188	3	C	0
238	262	1	A	0
239	346	2	B	0
240	184	3	C	0
241	443	3	C	0
242	192	1	A	0
243	324	2	B	0
244	108	3	C	0
245	185	4	C	0
246	360	1	A	0
247	69	1	A	0
248	24	2	B	0
249	220	4	C	0
250	261	2	B	0
251	193	1	A	0
252	201	4	C	0
253	293	2	B	0
254	368	3	C	0
255	299	2	B	0
256	71	4	C	0
257	293	3	C	0
258	213	4	C	0
259	438	3	C	0
260	228	3	C	0
261	289	4	C	0
262	394	2	B	0
263	72	1	A	0
264	67	3	C	0
265	221	1	A	0
266	457	2	B	0
267	406	2	B	0
268	233	2	B	0
269	114	4	C	0
270	95	3	C	0
271	27	1	A	0
272	287	4	C	0
273	422	3	C	0
274	472	3	C	0
275	473	2	B	0
276	395	3	C	0
277	230	1	A	0
278	202	1	A	0
279	402	4	C	0
280	153	1	A	0
281	76	1	A	0
282	135	4	C	0
283	243	3	C	0
284	107	1	A	0
285	227	3	C	0
286	371	1	A	0
287	403	1	A	0
288	253	1	A	0
289	236	3	C	0
290	433	3	C	0
291	442	4	C	0
292	272	4	C	0
293	266	3	C	0
294	126	4	C	0
295	168	1	A	0
296	353	4	C	0
297	136	2	B	0
298	480	2	B	0
299	243	2	B	0
300	274	2	B	0
301	409	1	A	0
302	38	4	C	0
303	498	3	C	0
304	389	4	C	0
305	83	4	C	0
306	159	3	C	0
307	269	4	C	0
308	61	1	A	0
309	288	3	C	0
310	186	4	C	0
311	335	3	C	0
312	93	4	C	0
313	496	3	C	0
314	5	3	C	0
315	459	4	C	0
316	209	3	C	0
317	304	1	A	0
318	227	1	A	0
319	462	3	C	0
320	334	2	B	0
321	70	2	B	0
322	55	4	C	0
323	209	1	A	0
324	233	2	B	0
325	286	3	C	0
326	240	1	A	0
327	321	3	C	0
328	137	2	B	0
329	73	3	C	0
330	355	4	C	0
331	374	3	C	0
332	76	2	B	0
333	200	3	C	0
334	241	3	C	0
335	451	1	A	0
336	456	2	B	0
337	66	1	A	0
338	91	4	C	0
339	372	1	A	0
340	142	1	A	0
341	463	3	C	0
342	440	2	B	0
343	23	4	C	0
344	101	1	A	0
345	263	1	A	0
346	175	4	C	0
347	141	3	C	0
348	6	2	B	0
349	16	2	B	0
350	173	4	C	0
351	65	3	C	0
352	283	3	C	0
353	190	4	C	0
354	187	1	A	0
355	80	3	C	0
356	213	4	C	0
357	226	2	B	0
358	90	3	C	0
359	225	4	C	0
360	261	1	A	0
361	150	3	C	0
362	178	1	A	0
363	43	1	A	0
364	194	1	A	0
365	396	4	C	0
366	158	2	B	0
367	232	2	B	0
368	461	4	C	0
369	83	3	C	0
370	408	4	C	0
371	286	2	B	0
372	276	2	B	0
373	100	1	A	0
374	386	4	C	0
375	372	1	A	0
376	317	1	A	0
377	45	4	C	0
378	415	4	C	0
379	95	3	C	0
380	330	1	A	0
381	125	2	B	0
382	236	3	C	0
383	205	1	A	0
384	309	3	C	0
385	263	3	C	0
386	181	4	C	0
387	468	3	C	0
388	106	3	C	0
389	350	1	A	0
390	369	3	C	0
391	330	4	C	0
392	172	4	C	0
393	73	4	C	0
394	32	4	C	0
395	223	1	A	0
396	49	4	C	0
397	471	4	C	0
398	54	4	C	0
399	386	4	C	0
400	152	1	A	0
401	447	1	A	0
402	102	1	A	0
403	371	1	A	0
404	52	1	A	0
405	435	1	A	0
406	412	3	C	0
407	218	1	A	0
408	464	4	C	0
409	253	1	A	0
410	7	1	A	0
411	252	2	B	0
412	56	2	B	0
413	498	3	C	0
414	89	4	C	0
415	159	4	C	0
416	329	4	C	0
417	282	3	C	0
418	15	4	C	0
419	391	4	C	0
420	340	2	B	0
421	362	3	C	0
422	130	3	C	0
423	77	2	B	0
424	134	2	B	0
425	305	2	B	0
426	148	2	B	0
427	480	4	C	0
428	482	1	A	0
429	354	1	A	0
430	176	3	C	0
431	252	3	C	0
432	445	4	C	0
433	478	3	C	0
434	445	1	A	0
435	218	1	A	0
436	467	1	A	0
437	306	2	B	0
438	274	3	C	0
439	182	2	B	0
440	21	2	B	0
441	62	1	A	0
442	106	2	B	0
443	245	1	A	0
444	237	1	A	0
445	404	1	A	0
446	364	4	C	0
447	275	3	C	0
448	469	3	C	0
449	75	2	B	0
450	333	3	C	0
451	477	1	A	0
452	31	4	C	0
453	79	3	C	0
454	113	4	C	0
455	235	3	C	0
456	424	1	A	0
457	64	3	C	0
458	195	4	C	0
459	290	1	A	0
460	49	1	A	0
461	162	3	C	0
462	475	2	B	0
463	169	3	C	0
464	167	1	A	0
465	340	4	C	0
466	468	1	A	0
467	311	4	C	0
468	271	4	C	0
469	285	1	A	0
470	292	4	C	0
471	55	1	A	0
472	224	3	C	0
473	441	3	C	0
474	368	1	A	0
475	26	1	A	0
476	107	2	B	0
477	203	2	B	0
478	500	2	B	0
479	195	4	C	0
480	102	2	B	0
481	494	4	C	0
482	363	2	B	0
483	171	2	B	0
484	492	3	C	0
485	22	3	C	0
486	79	3	C	0
487	171	2	B	0
488	453	1	A	0
489	16	3	C	0
490	244	3	C	0
491	176	1	A	0
492	310	2	B	0
493	477	2	B	0
494	238	2	B	0
495	462	1	A	0
496	164	3	C	0
497	193	1	A	0
498	474	3	C	0
499	420	4	C	0
500	235	2	B	0
501	296	1	A	0
502	307	1	A	0
503	122	2	B	0
504	183	1	A	0
505	333	2	B	0
506	414	1	A	0
507	254	1	A	0
508	417	2	B	0
509	165	3	C	0
510	17	1	A	0
511	356	1	A	0
512	23	3	C	0
513	289	1	A	0
514	222	3	C	0
515	417	3	C	0
516	357	1	A	0
517	262	2	B	0
518	388	3	C	0
519	196	4	C	0
520	66	3	C	0
521	463	4	C	0
522	34	4	C	0
523	82	2	B	0
524	8	3	C	0
525	113	4	C	0
526	327	1	A	0
527	320	2	B	0
528	169	2	B	0
529	314	2	B	0
530	408	3	C	0
531	130	3	C	0
532	388	2	B	0
533	256	3	C	0
534	331	3	C	0
535	246	3	C	0
536	215	2	B	0
537	13	3	C	0
538	389	2	B	0
539	125	2	B	0
540	420	2	B	0
541	232	1	A	0
542	215	4	C	0
543	490	2	B	0
544	151	2	B	0
545	467	4	C	0
546	350	3	C	0
547	495	4	C	0
548	397	3	C	0
549	72	3	C	0
550	91	2	B	0
551	279	3	C	0
552	75	2	B	0
553	485	2	B	0
554	351	3	C	0
555	157	3	C	0
556	271	4	C	0
557	99	1	A	0
558	423	2	B	0
559	80	4	C	0
560	28	1	A	0
561	338	4	C	0
562	450	4	C	0
563	96	4	C	0
564	374	4	C	0
565	349	1	A	0
566	311	4	C	0
567	234	2	B	0
568	382	3	C	0
569	87	2	B	0
570	373	2	B	0
571	138	1	A	0
572	14	4	C	0
573	334	2	B	0
574	257	1	A	0
575	246	1	A	0
576	343	4	C	0
577	47	3	C	0
578	280	1	A	0
579	207	2	B	0
580	392	2	B	0
581	256	4	C	0
582	25	2	B	0
583	17	3	C	0
584	181	2	B	0
585	13	3	C	0
586	238	1	A	0
587	313	4	C	0
588	478	4	C	0
589	54	4	C	0
590	409	3	C	0
591	347	3	C	0
592	242	1	A	0
593	28	1	A	0
594	265	3	C	0
595	356	3	C	0
596	472	2	B	0
597	454	3	C	0
598	143	1	A	0
599	458	4	C	0
600	70	2	B	0
601	201	4	C	0
602	360	3	C	0
603	351	3	C	0
604	3	2	B	0
605	476	1	A	0
606	154	1	A	0
607	392	1	A	0
608	487	2	B	0
609	155	2	B	0
610	143	4	C	0
611	150	2	B	0
612	223	1	A	0
613	359	1	A	0
614	307	1	A	0
615	126	4	C	0
616	37	2	B	0
617	291	4	C	0
618	305	3	C	0
619	479	4	C	0
620	393	2	B	0
621	84	2	B	0
622	144	3	C	0
623	128	2	B	0
624	26	1	A	0
625	179	2	B	0
626	196	1	A	0
627	41	3	C	0
628	137	2	B	0
629	385	1	A	0
630	486	1	A	0
631	155	3	C	0
632	464	2	B	0
633	342	2	B	0
634	10	3	C	0
635	174	3	C	0
636	449	3	C	0
637	92	4	C	0
638	249	2	B	0
639	363	2	B	0
640	486	3	C	0
641	433	2	B	0
642	422	1	A	0
643	131	4	C	0
644	365	2	B	0
645	484	1	A	0
646	349	2	B	0
647	99	2	B	0
648	237	1	A	0
649	437	3	C	0
650	294	1	A	0
651	61	2	B	0
652	270	4	C	0
653	59	3	C	0
654	191	4	C	0
655	47	3	C	0
656	255	3	C	0
657	430	2	B	0
658	474	3	C	0
659	299	2	B	0
660	292	4	C	0
661	327	1	A	0
662	230	2	B	0
663	163	4	C	0
664	242	3	C	0
665	231	1	A	0
666	57	4	C	0
667	390	3	C	0
668	376	4	C	0
669	403	1	A	0
670	216	1	A	0
671	367	2	B	0
672	27	3	C	0
673	46	3	C	0
674	400	3	C	0
675	186	3	C	0
676	68	2	B	0
677	29	3	C	0
678	399	1	A	0
679	24	1	A	0
680	174	2	B	0
681	439	4	C	0
682	111	4	C	0
683	455	1	A	0
684	188	2	B	0
685	455	3	C	0
686	163	2	B	0
687	382	2	B	0
688	189	1	A	0
689	383	4	C	0
690	370	4	C	0
691	430	4	C	0
692	170	1	A	0
693	9	2	B	0
694	285	1	A	0
695	315	2	B	0
696	448	2	B	0
697	358	2	B	0
698	124	1	A	0
699	132	4	C	0
700	489	1	A	0
701	222	4	C	0
702	105	2	B	0
703	84	4	C	0
704	71	2	B	0
705	308	1	A	0
706	53	4	C	0
707	129	2	B	0
708	315	2	B	0
709	439	4	C	0
710	124	4	C	0
711	119	1	A	0
712	128	2	B	0
713	110	4	C	0
714	453	4	C	0
715	135	1	A	0
716	228	2	B	0
717	46	4	C	0
718	63	2	B	0
719	144	2	B	0
720	465	2	B	0
721	148	2	B	0
722	138	2	B	0
723	139	1	A	0
724	345	3	C	0
725	273	1	A	0
726	9	3	C	0
727	139	1	A	0
728	158	3	C	0
729	134	2	B	0
730	407	4	C	0
731	105	3	C	0
732	122	1	A	0
733	2	1	A	0
734	142	1	A	0
735	199	2	B	0
736	432	1	A	0
737	264	4	C	0
738	57	4	C	0
739	354	1	A	0
740	344	3	C	0
741	131	1	A	0
742	460	4	C	0
743	432	3	C	0
744	401	4	C	0
745	260	4	C	0
746	413	3	C	0
747	378	4	C	0
748	290	4	C	0
749	378	3	C	0
750	199	1	A	0
751	108	2	B	0
752	457	4	C	0
753	112	2	B	0
754	210	3	C	0
755	39	4	C	0
756	383	2	B	0
757	259	3	C	0
758	295	3	C	0
759	291	2	B	0
760	259	3	C	0
761	416	3	C	0
762	401	3	C	0
763	393	4	C	0
764	471	3	C	0
765	278	1	A	0
766	322	2	B	0
767	211	4	C	0
768	431	2	B	0
769	214	1	A	0
770	45	2	B	0
771	187	2	B	0
772	175	2	B	0
773	470	1	A	0
774	149	1	A	0
775	342	2	B	0
776	7	3	C	0
777	341	2	B	0
778	58	2	B	0
779	465	2	B	0
780	287	1	A	0
781	421	3	C	0
782	410	1	A	0
783	323	4	C	0
784	313	1	A	0
785	205	3	C	0
786	267	4	C	0
787	216	2	B	0
788	224	1	A	0
789	78	4	C	0
790	394	1	A	0
791	160	2	B	0
792	183	3	C	0
793	4	3	C	0
794	398	4	C	0
795	247	3	C	0
796	234	4	C	0
797	303	2	B	0
798	62	2	B	0
799	129	2	B	0
800	166	4	C	0
801	98	4	C	0
802	316	2	B	0
803	115	3	C	0
804	203	1	A	0
805	387	1	A	0
806	424	1	A	0
807	212	3	C	0
808	251	1	A	0
809	214	3	C	0
810	370	1	A	0
811	162	1	A	0
812	149	2	B	0
813	85	3	C	0
814	58	2	B	0
815	118	1	A	0
816	37	4	C	0
817	156	4	C	0
818	15	2	B	0
819	127	4	C	0
820	254	2	B	0
821	359	1	A	0
822	428	1	A	0
823	268	3	C	0
824	219	2	B	0
825	466	3	C	0
826	44	4	C	0
827	419	1	A	0
828	302	3	C	0
829	312	4	C	0
830	52	1	A	0
831	111	3	C	0
832	281	4	C	0
833	251	1	A	0
834	30	3	C	0
835	367	2	B	0
836	339	4	C	0
837	404	1	A	0
838	127	1	A	0
839	317	1	A	0
840	116	1	A	0
841	74	3	C	0
842	258	2	B	0
843	279	2	B	0
844	33	1	A	0
845	166	3	C	0
846	483	2	B	0
847	391	4	C	0
848	460	1	A	0
849	423	1	A	0
850	165	4	C	0
851	133	2	B	0
852	411	2	B	0
853	399	1	A	0
854	450	1	A	0
855	398	3	C	0
856	60	1	A	0
857	191	1	A	0
858	10	3	C	0
859	118	3	C	0
860	431	4	C	0
861	189	1	A	0
862	284	3	C	0
863	300	2	B	0
864	323	1	A	0
865	302	3	C	0
866	297	4	C	0
867	98	1	A	0
868	316	4	C	0
869	277	3	C	0
870	154	4	C	0
871	14	1	A	0
872	449	1	A	0
873	164	2	B	0
874	476	4	C	0
875	36	3	C	0
876	40	1	A	0
877	115	4	C	0
878	60	3	C	0
879	121	4	C	0
880	419	4	C	0
881	25	4	C	0
882	133	2	B	0
883	336	1	A	0
884	411	3	C	0
885	231	3	C	0
886	121	2	B	0
887	194	4	C	0
888	94	2	B	0
889	42	4	C	0
890	198	1	A	0
891	78	1	A	0
892	2	2	B	0
893	309	1	A	0
894	387	3	C	0
895	202	3	C	0
896	160	1	A	0
897	86	3	C	0
898	112	2	B	0
899	493	3	C	0
900	481	1	A	0
901	318	4	C	0
902	86	1	A	0
903	255	1	A	0
904	297	2	B	0
905	325	4	C	0
906	325	1	A	0
907	320	4	C	0
908	300	4	C	0
909	444	2	B	0
910	36	3	C	0
911	100	2	B	0
912	146	3	C	0
913	470	4	C	0
914	361	3	C	0
915	178	3	C	0
916	198	4	C	0
917	39	1	A	0
918	295	1	A	0
919	63	2	B	0
920	338	2	B	0
921	208	2	B	0
922	481	4	C	0
923	41	4	C	0
924	42	1	A	0
925	21	1	A	0
926	479	3	C	0
927	461	1	A	0
928	94	1	A	0
929	260	3	C	0
930	114	3	C	0
931	208	3	C	0
932	88	3	C	0
933	336	4	C	0
934	491	1	A	0
935	103	3	C	0
936	204	1	A	0
937	361	2	B	0
938	103	3	C	0
939	273	3	C	0
940	384	2	B	0
941	258	1	A	0
942	458	3	C	0
943	248	3	C	0
944	319	1	A	0
945	35	2	B	0
946	364	1	A	0
947	225	3	C	0
948	497	3	C	0
949	344	4	C	0
950	426	4	C	0
951	219	3	C	0
952	278	3	C	0
953	157	3	C	0
954	426	1	A	0
955	483	4	C	0
956	12	1	A	0
957	456	4	C	0
958	487	3	C	0
959	438	2	B	0
960	48	2	B	0
961	38	2	B	0
962	275	4	C	0
963	3	1	A	0
964	35	4	C	0
965	499	1	A	0
966	444	3	C	0
967	93	3	C	0
968	74	1	A	0
969	475	4	C	0
970	145	1	A	0
971	4	1	A	0
972	447	3	C	0
973	50	2	B	0
974	324	3	C	0
975	319	2	B	0
976	12	3	C	0
977	116	4	C	0
978	407	2	B	0
979	146	1	A	0
980	280	2	B	0
981	448	4	C	0
982	281	3	C	0
983	277	2	B	0
984	384	3	C	0
985	427	3	C	0
986	204	4	C	0
987	400	3	C	0
988	206	4	C	0
989	482	4	C	0
990	484	2	B	0
991	1	2	B	0
992	20	2	B	0
993	123	3	C	0
994	206	4	C	0
995	123	4	C	0
996	20	4	C	0
997	499	1	A	0
998	348	1	A	0
999	348	3	C	0
1000	1	2	B	0
