Class Times	5
Rooms	200
1	84	C	1
2	62	B	0
3	66	B	0
4	48	A	0
5	29	A	1
6	53	A	0
7	43	B	1
8	21	B	1
9	94	A	1
10	29	C	1
11	99	A	1
12	47	C	0
13	25	A	0
14	30	B	1
15	84	A	1
16	62	B	0
17	92	B	1
18	99	A	0
19	37	B	1
20	33	C	1
21	19	C	1
22	62	B	0
23	51	C	0
24	97	B	0
25	98	B	0
26	76	C	0
27	34	B	0
28	94	C	0
29	68	A	0
30	69	B	1
31	18	C	0
32	29	A	1
33	17	A	1
34	89	A	0
35	25	A	1
36	25	C	0
37	30	A	1
38	56	C	0
39	23	A	0
40	74	B	1
41	33	C	1
42	47	C	1
43	92	C	0
44	17	B	1
45	48	C	1
46	20	B	0
47	76	A	0
48	59	B	1
49	47	C	1
50	13	A	1
51	68	C	0
52	54	C	0
53	37	B	1
54	64	C	0
55	23	B	1
56	43	B	0
57	25	B	1
58	44	C	1
59	97	A	1
60	70	B	0
61	46	A	1
62	56	B	1
63	37	C	1
64	89	B	1
65	31	C	0
66	12	C	1
67	64	B	0
68	87	A	0
69	22	B	0
70	43	B	0
71	23	B	1
72	45	A	1
73	75	A	1
74	93	C	0
75	83	B	1
76	59	C	1
77	60	A	1
78	94	C	0
79	30	A	1
80	83	A	1
81	24	B	0
82	97	A	0
83	54	B	0
84	74	C	1
85	96	B	1
86	50	C	0
87	42	C	0
88	62	B	0
89	33	B	1
90	62	C	1
91	49	B	0
92	60	B	1
93	60	B	0
94	21	B	0
95	79	A	1
96	27	C	0
97	45	B	1
98	51	A	1
99	68	C	1
100	28	C	1
101	22	C	0
102	62	B	0
103	90	A	0
104	68	A	0
105	50	A	0
106	87	C	0
107	44	A	0
108	82	A	0
109	13	C	0
110	79	C	1
111	35	C	1
112	31	A	1
113	84	C	1
114	46	A	0
115	61	A	1
116	33	B	1
117	94	A	1
118	71	B	0
119	52	C	1
120	71	B	0
121	96	A	0
122	71	A	0
123	25	A	1
124	22	A	0
125	56	B	0
126	49	C	0
127	65	A	0
128	66	B	0
129	88	A	0
130	80	A	1
131	10	B	0
132	21	A	0
133	98	C	0
134	74	A	0
135	42	A	0
136	46	A	1
137	43	B	1
138	52	A	0
139	36	A	0
140	32	A	1
141	38	C	1
142	49	C	0
143	45	B	0
144	16	A	0
145	46	B	1
146	52	C	1
147	28	A	1
148	62	C	0
149	43	B	1
150	15	B	1
151	38	C	0
152	94	A	1
153	20	C	1
154	46	A	1
155	22	C	0
156	77	C	1
157	38	C	0
158	89	C	0
159	68	C	1
160	76	B	1
161	96	B	1
162	77	A	1
163	69	C	1
164	67	B	0
165	85	A	0
166	55	A	0
167	18	C	0
168	64	A	0
169	48	C	0
170	38	B	0
171	47	A	1
172	20	C	1
173	14	B	0
174	74	A	0
175	77	C	1
176	63	B	0
177	19	C	0
178	15	A	0
179	28	B	0
180	46	C	0
181	38	B	1
182	12	A	1
183	86	C	1
184	89	C	0
185	84	B	0
186	17	A	1
187	96	B	0
188	49	C	0
189	68	C	0
190	65	B	0
191	73	C	0
192	55	B	0
193	83	A	0
194	24	A	0
195	30	C	0
196	60	B	0
197	68	A	1
198	21	B	0
199	36	C	0
200	44	A	1
Classes	1000
Teachers	500
1	234	4	C	1
2	84	4	C	1
3	64	4	C	1
4	478	2	B	1
5	345	1	A	1
6	100	1	A	1
7	365	4	C	1
8	442	4	C	1
9	155	4	C	1
10	216	4	C	1
11	123	3	C	1
12	231	4	C	1
13	4	4	C	1
14	130	3	C	1
15	382	1	A	1
16	262	2	B	1
17	61	2	B	1
18	74	4	C	1
19	309	3	C	1
20	142	1	A	1
21	492	3	C	1
22	309	2	B	1
23	377	4	C	1
24	51	2	B	1
25	116	4	C	1
26	65	3	C	1
27	230	3	C	1
28	454	3	C	1
29	28	4	C	1
30	384	3	C	1
31	461	4	C	1
32	280	4	C	1
33	441	4	C	1
34	219	4	C	1
35	73	2	B	1
36	4	3	C	1
37	388	1	A	1
38	442	1	A	1
39	398	3	C	1
40	422	4	C	1
41	145	3	C	1
42	478	2	B	1
43	141	4	C	1
44	372	1	A	1
45	35	1	A	1
46	220	1	A	1
47	171	1	A	1
48	157	4	C	1
49	358	4	C	1
50	119	1	A	1
51	475	2	B	0
52	34	2	B	0
53	445	1	A	0
54	426	3	C	0
55	16	1	A	0
56	313	3	C	0
57	300	4	C	0
58	464	1	A	0
59	490	2	B	0
60	362	2	B	0
61	452	2	B	0
62	38	3	C	0
63	169	3	C	0
64	155	3	C	0
65	29	1	A	0
66	168	4	C	0
67	179	4	C	0
68	400	3	C	0
69	98	3	C	0
70	189	2	B	0
71	193	1	A	0
72	294	3	C	0
73	154	4	C	0
74	13	3	C	0
75	55	1	A	0
76	498	2	B	0
77	51	2	B	0
78	371	3	C	0
79	382	4	C	0
80	95	2	B	0
81	400	2	B	0
82	232	3	C	0
83	171	3	C	0
84	498	2	B	0
85	326	4	C	0
86	304	1	A	0
87	353	2	B	0
88	96	4	C	0
89	58	3	C	0
90	41	1	A	0
91	105	1	A	0
92	296	4	C	0
93	133	4	C	0
94	451	4	C	0
95	84	3	C	0
96	75	4	C	0
97	474	1	A	0
98	169	2	B	0
99	6	4	C	0
100	223	3	C	0
101	316	3	C	0
102	289	4	C	0
103	253	4	C	0
104	17	1	A	0
105	340	2	B	0
106	292	1	A	0
107	359	2	B	0
108	327	2	B	0
109	480	4	C	0
110	251	4	C	0
111	354	3	C	0
112	320	2	B	0
113	193	4	C	0
114	433	3	C	0
115	339	2	B	0
116	486	1	A	0
117	406	3	C	0
118	489	4	C	0
119	486	2	B	0
120	202	2	B	0
121	457	2	B	0
122	292	1	A	0
123	453	2	B	0
124	310	4	C	0
125	347	2	B	0
126	378	4	C	0
127	281	2	B	0
128	202	2	B	0
129	11	4	C	0
130	91	2	B	0
131	481	3	C	0
132	274	2	B	0
133	500	4	C	0
134	269	2	B	0
135	44	1	A	0
136	75	4	C	0
137	253	4	C	0
138	52	3	C	0
139	421	4	C	0
140	492	2	B	0
141	66	2	B	0
142	228	4	C	0
143	106	2	B	0
144	50	4	C	0
145	470	1	A	0
146	214	1	A	0
147	170	2	B	0
148	487	2	B	0
149	262	2	B	0
150	27	4	C	0
151	360	2	B	0
152	186	2	B	0
153	82	2	B	0
154	422	1	A	0
155	154	3	C	0
156	323	2	B	0
157	389	4	C	0
158	93	2	B	0
159	64	4	C	0
160	273	3	C	0
161	77	3	C	0
162	403	1	A	0
163	354	2	B	0
164	238	1	A	0
165	110	1	A	0
166	461	4	C	0
167	209	4	C	0
168	455	4	C	0
169	269	2	B	0
170	130	1	A	0
171	303	3	C	0
172	372	2	B	0
173	24	3	C	0
174	267	2	B	0
175	18	1	A	0
176	261	4	C	0
177	483	1	A	0
178	194	2	B	0
179	217	3	C	0
180	180	1	A	0
181	222	3	C	0
182	71	2	B	0
183	216	4	C	0
184	179	2	B	0
185	404	1	A	0
186	165	1	A	0
187	457	2	B	0
188	407	3	C	0
189	93	2	B	0
190	485	2	B	0
191	362	2	B	0
192	375	4	C	0
193	211	2	B	0
194	274	2	B	0
195	225	3	C	0
196	326	3	C	0
197	160	2	B	0
198	151	1	A	0
199	276	4	C	0
200	10	1	A	0
201	116	4	C	0
202	311	4	C	0
203	101	4	C	0
204	327	1	A	0
205	399	3	C	0
206	106	2	B	0
207	12	3	C	0
208	370	2	B	0
209	431	4	C	0
210	487	2	B	0
211	246	1	A	0
212	56	1	A	0
213	228	2	B	0
214	480	4	C	0
215	343	2	B	0
216	26	2	B	0
217	247	1	A	0
218	415	2	B	0
219	338	4	C	0
220	125	2	B	0
221	136	1	A	0
222	180	2	B	0
223	291	1	A	0
224	252	1	A	0
225	239	2	B	0
226	151	1	A	0
227	293	2	B	0
228	241	1	A	0
229	217	4	C	0
230	62	2	B	0
231	112	2	B	0
232	206	4	C	0
233	13	4	C	0
234	288	2	B	0
235	282	4	C	0
236	482	3	C	0
237	407	4	C	0
238	204	1	A	0
239	243	1	A	0
240	426	2	B	0
241	66	2	B	0
242	255	1	A	0
243	200	4	C	0
244	215	4	C	0
245	55	2	B	0
246	195	3	C	0
247	298	3	C	0
248	342	3	C	0
249	250	2	B	0
250	17	1	A	0
251	455	2	B	0
252	270	2	B	0
253	431	4	C	0
254	308	3	C	0
255	249	2	B	0
256	9	3	C	0
257	52	4	C	0
258	423	4	C	0
259	111	3	C	0
260	181	3	C	0
261	109	4	C	0
262	463	3	C	0
263	201	4	C	0
264	29	3	C	0
265	479	3	C	0
266	368	3	C	0
267	88	2	B	0
268	226	1	A	0
269	80	1	A	0
270	157	2	B	0
271	6	4	C	0
272	312	3	C	0
273	48	4	C	0
274	239	3	C	0
275	485	2	B	0
276	472	3	C	0
277	85	2	B	0
278	315	3	C	0
279	48	4	C	0
280	331	1	A	0
281	399	2	B	0
282	197	4	C	0
283	388	1	A	0
284	351	2	B	0
285	227	2	B	0
286	57	2	B	0
287	300	4	C	0
288	258	3	C	0
289	445	1	A	0
290	242	2	B	0
291	312	3	C	0
292	351	2	B	0
293	43	3	C	0
294	27	4	C	0
295	50	3	C	0
296	214	1	A	0
297	438	3	C	0
298	37	2	B	0
299	413	1	A	0
300	168	3	C	0
301	365	3	C	0
302	479	4	C	0
303	275	1	A	0
304	194	4	C	0
305	45	4	C	0
306	295	2	B	0
307	134	4	C	0
308	186	1	A	0
309	432	4	C	0
310	398	4	C	0
311	297	1	A	0
312	336	2	B	0
313	16	4	C	0
314	117	1	A	0
315	158	4	C	0
316	366	3	C	0
317	293	4	C	0
318	113	2	B	0
319	321	3	C	0
320	483	1	A	0
321	197	4	C	0
322	413	2	B	0
323	226	3	C	0
324	307	2	B	0
325	417	1	A	0
326	47	1	A	0
327	26	3	C	0
328	363	2	B	0
329	43	2	B	0
330	491	2	B	0
331	325	4	C	0
332	397	1	A	0
333	490	3	C	0
334	59	4	C	0
335	303	1	A	0
336	491	3	C	0
337	408	2	B	0
338	264	4	C	0
339	287	1	A	0
340	107	4	C	0
341	495	2	B	0
342	468	4	C	0
343	249	1	A	0
344	328	4	C	0
345	353	2	B	0
346	76	1	A	0
347	113	1	A	0
348	12	1	A	0
349	417	2	B	0
350	383	1	A	0
351	163	1	A	0
352	259	3	C	0
353	350	2	B	0
354	477	3	C	0
355	315	3	C	0
356	397	2	B	0
357	215	1	A	0
358	41	3	C	0
359	182	1	A	0
360	385	3	C	0
361	159	1	A	0
362	423	4	C	0
363	361	4	C	0
364	402	1	A	0
365	177	3	C	0
366	383	2	B	0
367	409	3	C	0
368	368	2	B	0
369	373	1	A	0
370	500	4	C	0
371	79	1	A	0
372	424	3	C	0
373	245	2	B	0
374	78	2	B	0
375	275	3	C	0
376	54	4	C	0
377	245	4	C	0
378	489	2	B	0
379	451	1	A	0
380	175	2	B	0
381	465	2	B	0
382	189	2	B	0
383	435	2	B	0
384	140	3	C	0
385	14	3	C	0
386	108	2	B	0
387	418	2	B	0
388	403	3	C	0
389	360	2	B	0
390	465	3	C	0
391	263	2	B	0
392	392	4	C	0
393	229	1	A	0
394	135	2	B	0
395	385	2	B	0
396	9	3	C	0
397	122	3	C	0
398	427	1	A	0
399	31	2	B	0
400	230	1	A	0
401	159	1	A	0
402	18	2	B	0
403	348	4	C	0
404	345	3	C	0
405	126	3	C	0
406	311	3	C	0
407	208	2	B	0
408	196	1	A	0
409	121	3	C	0
410	260	1	A	0
411	391	3	C	0
412	206	3	C	0
413	188	2	B	0
414	58	3	C	0
415	165	1	A	0
416	289	2	B	0
417	469	2	B	0
418	40	1	A	0
419	416	3	C	0
420	472	1	A	0
421	11	2	B	0
422	310	4	C	0
423	439	4	C	0
424	446	4	C	0
425	416	1	A	0
426	444	4	C	0
427	233	4	C	0
428	424	1	A	0
429	247	4	C	0
430	287	2	B	0
431	101	3	C	0
432	224	2	B	0
433	276	3	C	0
434	145	1	A	0
435	33	3	C	0
436	173	4	C	0
437	318	4	C	0
438	127	2	B	0
439	330	2	B	0
440	72	2	B	0
441	212	1	A	0
442	72	4	C	0
443	450	1	A	0
444	347	1	A	0
445	112	2	B	0
446	254	2	B	0
447	277	4	C	0
448	367	4	C	0
449	346	1	A	0
450	316	3	C	0
451	82	3	C	0
452	91	1	A	0
453	60	4	C	0
454	10	1	A	0
455	20	4	C	0
456	199	4	C	0
457	288	2	B	0
458	218	3	C	0
459	100	4	C	0
460	57	2	B	0
461	77	2	B	0
462	7	2	B	0
463	147	3	C	0
464	81	4	C	0
465	160	2	B	0
466	387	1	A	0
467	446	3	C	0
468	161	3	C	0
469	469	2	B	0
470	137	2	B	0
471	474	4	C	0
472	3	1	A	0
473	53	1	A	0
474	336	3	C	0
475	175	2	B	0
476	90	3	C	0
477	173	1	A	0
478	387	2	B	0
479	463	3	C	0
480	162	4	C	0
481	138	4	C	0
482	88	4	C	0
483	320	4	C	0
484	432	2	B	0
485	108	1	A	0
486	111	4	C	0
487	207	2	B	0
488	140	4	C	0
489	282	1	A	0
490	334	1	A	0
491	135	4	C	0
492	363	2	B	0
493	105	4	C	0
494	329	1	A	0
495	440	2	B	0
496	163	1	A	0
497	240	2	B	0
498	428	3	C	0
499	268	4	C	0
500	436	4	C	0
501	466	1	A	0
502	141	4	C	0
503	412	4	C	0
504	56	3	C	0
505	484	3	C	0
506	420	4	C	0
507	254	1	A	0
508	60	3	C	0
509	76	4	C	0
510	271	3	C	0
511	350	3	C	0
512	99	1	A	0
513	414	3	C	0
514	164	4	C	0
515	355	1	A	0
516	231	1	A	0
517	346	2	B	0
518	208	4	C	0
519	381	2	B	0
520	434	2	B	0
521	181	3	C	0
522	44	3	C	0
523	435	2	B	0
524	129	4	C	0
525	62	4	C	0
526	370	1	A	0
527	134	3	C	0
528	415	4	C	0
529	339	3	C	0
530	71	4	C	0
531	92	1	A	0
532	408	4	C	0
533	104	3	C	0
534	224	1	A	0
535	34	2	B	0
536	143	1	A	0
537	54	2	B	0
538	270	3	C	0
539	273	3	C	0
540	496	3	C	0
541	92	3	C	0
542	119	4	C	0
543	45	2	B	0
544	386	3	C	0
545	297	4	C	0
546	323	4	C	0
547	484	4	C	0
548	493	2	B	0
549	204	4	C	0
550	476	1	A	0
551	302	4	C	0
552	19	4	C	0
553	162	1	A	0
554	96	3	C	0
555	87	4	C	0
556	114	3	C	0
557	294	3	C	0
558	199	3	C	0
559	200	2	B	0
560	182	3	C	0
561	430	4	C	0
562	69	3	C	0
563	414	1	A	0
564	359	4	C	0
565	236	2	B	0
566	198	3	C	0
567	80	2	B	0
568	449	3	C	0
569	434	3	C	0
570	448	3	C	0
571	473	2	B	0
572	281	2	B	0
573	227	4	C	0
574	284	2	B	0
575	46	3	C	0
576	223	1	A	0
577	441	3	C	0
578	340	2	B	0
579	35	3	C	0
580	170	1	A	0
581	285	1	A	0
582	298	2	B	0
583	284	3	C	0
584	497	3	C	0
585	83	3	C	0
586	405	2	B	0
587	324	2	B	0
588	438	2	B	0
589	307	1	A	0
590	355	3	C	0
591	183	4	C	0
592	278	1	A	0
593	103	4	C	0
594	420	3	C	0
595	296	2	B	0
596	177	4	C	0
597	266	2	B	0
598	404	2	B	0
599	467	4	C	0
600	286	4	C	0
601	402	2	B	0
602	85	2	B	0
603	264	2	B	0
604	42	3	C	0
605	378	2	B	0
606	393	3	C	0
607	314	2	B	0
608	447	4	C	0
609	390	2	B	0
610	448	1	A	0
611	395	3	C	0
612	367	2	B	0
613	188	1	A	0
614	318	3	C	0
615	313	1	A	0
616	246	3	C	0
617	427	1	A	0
618	103	4	C	0
619	122	1	A	0
620	358	1	A	0
621	377	1	A	0
622	437	2	B	0
623	187	1	A	0
624	233	2	B	0
625	380	3	C	0
626	468	4	C	0
627	40	2	B	0
628	447	3	C	0
629	115	1	A	0
630	342	4	C	0
631	236	3	C	0
632	373	3	C	0
633	148	4	C	0
634	32	3	C	0
635	302	1	A	0
636	241	2	B	0
637	150	3	C	0
638	440	2	B	0
639	90	3	C	0
640	94	3	C	0
641	322	1	A	0
642	412	1	A	0
643	127	1	A	0
644	221	1	A	0
645	430	2	B	0
646	280	4	C	0
647	419	3	C	0
648	172	4	C	0
649	341	1	A	0
650	392	1	A	0
651	19	2	B	0
652	375	2	B	0
653	222	1	A	0
654	488	2	B	0
655	191	1	A	0
656	107	4	C	0
657	126	3	C	0
658	357	4	C	0
659	390	4	C	0
660	15	1	A	0
661	104	1	A	0
662	464	3	C	0
663	70	2	B	0
664	79	2	B	0
665	252	3	C	0
666	59	4	C	0
667	137	1	A	0
668	488	3	C	0
669	331	3	C	0
670	114	4	C	0
671	343	4	C	0
672	192	4	C	0
673	419	4	C	0
674	449	2	B	0
675	184	4	C	0
676	24	1	A	0
677	225	4	C	0
678	248	4	C	0
679	149	2	B	0
680	257	3	C	0
681	7	4	C	0
682	391	2	B	0
683	192	3	C	0
684	466	1	A	0
685	306	4	C	0
686	46	2	B	0
687	235	4	C	0
688	32	4	C	0
689	470	1	A	0
690	117	2	B	0
691	272	4	C	0
692	301	2	B	0
693	467	4	C	0
694	456	3	C	0
695	210	2	B	0
696	131	3	C	0
697	384	4	C	0
698	138	2	B	0
699	156	2	B	0
700	210	1	A	0
701	49	3	C	0
702	97	1	A	0
703	120	3	C	0
704	83	1	A	0
705	190	3	C	0
706	406	1	A	0
707	272	2	B	0
708	433	3	C	0
709	332	4	C	0
710	161	3	C	0
711	369	4	C	0
712	352	3	C	0
713	22	2	B	0
714	232	3	C	0
715	290	4	C	0
716	97	4	C	0
717	324	2	B	0
718	33	2	B	0
719	471	4	C	0
720	67	4	C	0
721	187	3	C	0
722	429	4	C	0
723	38	2	B	0
724	74	2	B	0
725	147	4	C	0
726	411	4	C	0
727	409	3	C	0
728	68	4	C	0
729	329	3	C	0
730	183	1	A	0
731	395	1	A	0
732	381	1	A	0
733	139	3	C	0
734	458	2	B	0
735	174	1	A	0
736	156	1	A	0
737	428	1	A	0
738	290	2	B	0
739	396	4	C	0
740	212	2	B	0
741	459	4	C	0
742	30	3	C	0
743	21	4	C	0
744	258	4	C	0
745	259	1	A	0
746	277	3	C	0
747	291	2	B	0
748	450	4	C	0
749	473	3	C	0
750	244	3	C	0
751	86	3	C	0
752	235	2	B	0
753	454	1	A	0
754	237	2	B	0
755	349	3	C	0
756	174	4	C	0
757	305	4	C	0
758	396	2	B	0
759	36	2	B	0
760	453	4	C	0
761	242	3	C	0
762	421	4	C	0
763	213	4	C	0
764	219	1	A	0
765	494	4	C	0
766	211	1	A	0
767	146	1	A	0
768	256	1	A	0
769	81	4	C	0
770	437	4	C	0
771	1	3	C	0
772	251	3	C	0
773	1	2	B	0
774	36	1	A	0
775	8	3	C	0
776	481	4	C	0
777	405	4	C	0
778	129	4	C	0
779	221	4	C	0
780	133	2	B	0
781	267	3	C	0
782	124	1	A	0
783	15	2	B	0
784	120	3	C	0
785	136	1	A	0
786	61	4	C	0
787	158	2	B	0
788	87	4	C	0
789	439	3	C	0
790	459	3	C	0
791	357	3	C	0
792	178	3	C	0
793	497	1	A	0
794	260	1	A	0
795	152	2	B	0
796	132	3	C	0
797	268	2	B	0
798	452	1	A	0
799	337	3	C	0
800	338	1	A	0
801	494	3	C	0
802	333	1	A	0
803	304	3	C	0
804	305	3	C	0
805	68	1	A	0
806	317	1	A	0
807	198	2	B	0
808	337	1	A	0
809	63	2	B	0
810	149	2	B	0
811	380	4	C	0
812	322	1	A	0
813	190	4	C	0
814	146	3	C	0
815	496	1	A	0
816	185	4	C	0
817	99	4	C	0
818	371	3	C	0
819	386	1	A	0
820	102	1	A	0
821	213	4	C	0
822	334	4	C	0
823	250	4	C	0
824	164	2	B	0
825	176	4	C	0
826	366	4	C	0
827	65	3	C	0
828	244	2	B	0
829	2	2	B	0
830	444	3	C	0
831	144	1	A	0
832	458	1	A	0
833	128	2	B	0
834	176	3	C	0
835	332	4	C	0
836	95	1	A	0
837	283	1	A	0
838	123	4	C	0
839	184	1	A	0
840	67	1	A	0
841	376	2	B	0
842	23	4	C	0
843	344	2	B	0
844	143	1	A	0
845	456	3	C	0
846	356	2	B	0
847	301	2	B	0
848	425	2	B	0
849	499	1	A	0
850	31	2	B	0
851	178	2	B	0
852	374	1	A	0
853	321	3	C	0
854	418	1	A	0
855	243	3	C	0
856	185	3	C	0
857	325	1	A	0
858	306	1	A	0
859	63	1	A	0
860	475	2	B	0
861	167	1	A	0
862	482	1	A	0
863	39	4	C	0
864	229	3	C	0
865	125	1	A	0
866	144	3	C	0
867	3	1	A	0
868	493	4	C	0
869	460	1	A	0
870	205	4	C	0
871	361	3	C	0
872	344	4	C	0
873	28	3	C	0
874	330	3	C	0
875	317	3	C	0
876	333	3	C	0
877	499	1	A	0
878	118	4	C	0
879	166	3	C	0
880	121	1	A	0
881	266	2	B	0
882	299	4	C	0
883	5	4	C	0
884	410	3	C	0
885	393	2	B	0
886	209	2	B	0
887	23	2	B	0
888	69	3	C	0
889	256	2	B	0
890	150	3	C	0
891	285	3	C	0
892	78	3	C	0
893	153	2	B	0
894	369	2	B	0
895	115	1	A	0
896	240	3	C	0
897	349	1	A	0
898	118	1	A	0
899	94	1	A	0
900	364	4	C	0
901	131	4	C	0
902	220	3	C	0
903	471	4	C	0
904	37	2	B	0
905	279	3	C	0
906	401	2	B	0
907	30	4	C	0
908	132	1	A	0
909	102	4	C	0
910	201	1	A	0
911	295	2	B	0
912	356	4	C	0
913	389	2	B	0
914	109	3	C	0
915	47	2	B	0
916	42	2	B	0
917	73	2	B	0
918	21	4	C	0
919	39	2	B	0
920	196	1	A	0
921	299	3	C	0
922	2	4	C	0
923	205	4	C	0
924	110	4	C	0
925	376	3	C	0
926	374	4	C	0
927	25	4	C	0
928	348	1	A	0
929	271	4	C	0
930	191	4	C	0
931	128	4	C	0
932	124	2	B	0
933	255	3	C	0
934	248	4	C	0
935	70	3	C	0
936	166	4	C	0
937	429	1	A	0
938	476	3	C	0
939	203	3	C	0
940	167	1	A	0
941	364	2	B	0
942	234	1	A	0
943	5	4	C	0
944	89	4	C	0
945	341	4	C	0
946	142	2	B	0
947	278	3	C	0
948	152	3	C	0
949	98	3	C	0
950	335	3	C	0
951	8	2	B	0
952	265	4	C	0
953	462	3	C	0
954	411	1	A	0
955	203	4	C	0
956	139	1	A	0
957	261	3	C	0
958	328	2	B	0
959	352	1	A	0
960	207	2	B	0
961	379	2	B	0
962	279	2	B	0
963	495	4	C	0
964	443	4	C	0
965	286	4	C	0
966	308	3	C	0
967	265	3	C	0
968	53	1	A	0
969	379	3	C	0
970	335	1	A	0
971	401	3	C	0
972	218	3	C	0
973	153	2	B	0
974	195	1	A	0
975	237	3	C	0
976	436	1	A	0
977	49	1	A	0
978	86	2	B	0
979	425	2	B	0
980	263	3	C	0
981	20	2	B	0
982	314	2	B	0
983	14	2	B	0
984	462	1	A	0
985	477	1	A	0
986	460	3	C	0
987	238	2	B	0
988	89	3	C	0
989	283	2	B	0
990	394	1	A	0
991	172	4	C	0
992	443	2	B	0
993	319	1	A	0
994	394	3	C	0
995	25	4	C	0
996	148	1	A	0
997	22	4	C	0
998	410	1	A	0
999	257	3	C	0
1000	319	3	C	0
