Students	500
1	15 124 779 950	1	-1	0
2	37 774 252 320	1	-1	0
3	407 819 857 571	3	3	0
4	33 479 943 722	1	-1	0
5	124 566 769 277	3	2	0
6	629 933 522 698	2	-1	0
7	183 343 916 924	2	-1	0
8	302 57 149 705	3	1	0
9	212 692 686 448	4	3	0
10	8 610 362 689	1	-1	0
11	25 729 894 308	1	-1	0
12	992 333 686 884	3	1	0
13	46 729 983 746	1	-1	0
14	380 941 755 735	3	4	0
15	940 886 744 323	2	-1	0
16	737 321 140 800	4	1	0
17	26 118 469 188	1	-1	0
18	784 988 270 467	3	3	0
19	904 291 369 650	3	1	0
20	490 535 634 569	3	1	0
21	952 875 814 102	4	2	0
22	28 468 832 552	1	-1	0
23	21 73 465 988	1	-1	0
24	388 257 788 937	3	2	0
25	105 604 316 557	2	-1	0
26	475 345 243 761	4	4	0
27	420 287 667 933	3	2	0
28	44 233 149 539	1	-1	0
29	829 736 697 554	3	1	0
30	534 603 408 738	2	-1	0
31	29 839 621 395	1	-1	0
32	723 153 810 538	3	4	0
33	33 59 348 83	1	-1	0
34	710 997 420 637	3	3	0
35	615 649 155 774	2	-1	0
36	679 422 930 620	4	4	0
37	910 619 593 368	3	3	0
38	52 532 750 777	3	1	0
39	626 611 874 426	4	1	0
40	432 277 567 51	2	-1	0
41	298 117 225 249	3	2	0
42	211 536 77 997	4	1	0
43	753 393 216 908	3	2	0
44	4 404 274 87	1	-1	0
45	8 979 477 721	1	-1	0
46	974 242 369 549	4	3	0
47	9 94 113 268	1	-1	0
48	685 244 916 894	4	4	0
49	65 665 564 895	4	4	0
50	138 889 410 920	2	-1	0
51	44 592 103 388	1	-1	0
52	587 243 581 464	2	-1	0
53	40 502 443 979	1	-1	0
54	264 632 255 450	2	-1	0
55	340 825 182 612	2	-1	0
56	180 692 924 64	2	-1	0
57	714 739 148 907	3	3	0
58	588 760 341 76	2	-1	0
59	101 913 164 974	3	3	0
60	166 823 248 982	3	2	0
61	19 234 573 465	1	-1	0
62	702 468 939 155	3	4	0
63	528 87 141 843	4	1	0
64	41 845 463 106	1	-1	0
65	19 221 255 390	1	-1	0
66	5 371 440 851	1	-1	0
67	8 461 138 871	1	-1	0
68	75 810 92 749	4	4	0
69	535 884 650 780	4	2	0
70	28 418 647 127	1	-1	0
71	48 463 385 178	1	-1	0
72	70 549 493 533	2	-1	0
73	348 845 606 192	2	-1	0
74	138 111 867 250	4	4	0
75	502 286 536 433	3	3	0
76	262 119 954 772	2	-1	0
77	347 87 983 266	4	1	0
78	27 270 974 338	1	-1	0
79	426 402 380 372	4	2	0
80	589 234 77 465	3	1	0
81	19 532 392 908	1	-1	0
82	879 641 466 402	3	4	0
83	365 195 523 918	4	4	0
84	881 566 633 562	2	-1	0
85	877 63 630 817	4	2	0
86	105 514 617 116	2	-1	0
87	43 113 148 247	1	-1	0
88	74 876 140 870	2	-1	0
89	554 598 592 568	4	4	0
90	370 413 905 863	4	4	0
91	66 216 973 652	3	1	0
92	887 817 252 672	4	1	0
93	51 391 190 232	4	2	0
94	275 327 667 160	4	3	0
95	568 338 455 978	3	4	0
96	587 548 218 570	3	2	0
97	69 999 694 559	2	-1	0
98	953 285 863 85	2	-1	0
99	950 584 95 53	3	2	0
100	47 955 885 766	1	-1	0
101	100 125 400 259	4	4	0
102	23 723 768 757	1	-1	0
103	739 369 325 730	3	4	0
104	707 597 734 590	3	2	0
105	41 403 515 777	1	-1	0
106	357 342 292 739	3	4	0
107	510 574 136 250	4	3	0
108	405 502 753 246	2	-1	0
109	33 463 262 648	1	-1	0
110	8 789 148 951	1	-1	0
111	314 107 390 398	3	3	0
112	859 730 898 483	3	1	0
113	373 664 170 966	2	-1	0
114	41 431 146 68	1	-1	0
115	9 451 819 296	1	-1	0
116	794 679 701 184	2	-1	0
117	386 910 395 947	4	1	0
118	8 869 716 825	1	-1	0
119	478 586 771 707	3	4	0
120	581 211 868 52	2	-1	0
121	410 148 739 696	4	3	0
122	38 952 688 503	1	-1	0
123	531 526 455 139	2	-1	0
124	248 335 193 977	4	2	0
125	790 448 503 689	2	-1	0
126	6 257 424 694	1	-1	0
127	20 546 708 367	1	-1	0
128	9 479 344 859	1	-1	0
129	6 148 274 112	1	-1	0
130	486 770 337 79	2	-1	0
131	215 390 740 994	2	-1	0
132	757 791 80 685	4	1	0
133	397 913 168 107	2	-1	0
134	131 738 221 776	3	2	0
135	140 310 480 713	4	2	0
136	323 899 787 422	4	4	0
137	843 700 754 143	4	4	0
138	804 654 927 102	2	-1	0
139	817 851 748 170	3	1	0
140	364 299 954 333	2	-1	0
141	730 903 426 51	2	-1	0
142	49 148 834 203	1	-1	0
143	773 53 104 711	2	-1	0
144	7 911 868 877	1	-1	0
145	910 304 359 492	3	1	0
146	34 305 249 56	1	-1	0
147	669 114 120 364	4	3	0
148	531 360 671 567	3	1	0
149	986 512 73 616	2	-1	0
150	20 714 662 507	1	-1	0
151	483 546 73 883	3	1	1
152	10 111 932 432	1	-1	0
153	142 256 888 948	3	4	0
154	519 62 341 573	4	3	0
155	780 877 182 728	4	3	0
156	49 984 877 460	1	-1	0
157	241 205 618 183	2	-1	0
158	487 324 996 976	3	4	0
159	701 893 120 690	4	2	0
160	2 387 583 439	1	-1	0
161	13 200 914 170	1	-1	0
162	750 747 905 479	3	2	0
163	156 633 437 210	3	2	0
164	430 988 300 489	3	1	0
165	944 64 782 975	2	-1	0
166	853 421 768 866	4	1	0
167	609 884 167 615	2	-1	0
168	25 258 632 285	1	-1	0
169	3 167 430 801	1	-1	0
170	782 616 721 164	4	3	0
171	28 643 881 647	1	-1	0
172	499 657 918 739	2	-1	0
173	30 343 378 747	1	-1	0
174	947 59 427 659	2	-1	0
175	565 115 482 611	4	2	0
176	899 525 200 902	4	4	0
177	78 790 509 439	3	1	0
178	711 592 874 715	3	2	0
179	670 561 807 568	2	-1	0
180	301 310 714 239	2	-1	0
181	67 818 342 112	2	-1	0
182	31 117 57 491	1	-1	0
183	827 478 197 975	3	2	0
184	629 779 397 107	3	2	0
185	34 702 629 246	1	-1	0
186	138 296 638 590	4	3	0
187	552 330 853 534	3	4	0
188	675 612 166 255	3	2	0
189	753 525 812 852	3	4	0
190	195 471 68 523	3	3	0
191	956 901 386 502	3	2	0
192	7 628 479 208	1	-1	0
193	92 233 914 996	2	-1	0
194	998 549 543 774	3	4	0
195	202 465 462 160	2	-1	0
196	21 377 806 950	1	-1	0
197	730 732 865 460	3	1	0
198	260 752 580 186	2	-1	0
199	20 264 968 975	1	-1	0
200	964 649 797 240	2	-1	0
201	203 280 121 706	3	1	0
202	388 891 740 272	3	2	0
203	22 385 598 280	1	-1	0
204	201 824 63 60	4	4	0
205	713 627 295 775	2	-1	0
206	926 598 224 606	2	-1	0
207	857 733 960 516	3	1	0
208	117 299 815 307	2	-1	0
209	40 330 857 803	1	-1	0
210	866 362 728 850	4	1	0
211	971 903 334 574	3	1	0
212	45 60 88 551	1	-1	0
213	1 596 891 905	1	-1	0
214	626 528 218 93	4	1	0
215	34 209 749 562	1	-1	0
216	438 476 838 894	3	2	0
217	4 688 641 257	1	-1	0
218	73 284 486 382	2	-1	0
219	336 195 477 694	2	-1	0
220	862 123 680 488	3	4	0
221	202 827 378 914	4	1	0
222	360 790 265 594	2	-1	0
223	70 395 848 481	2	-1	0
224	39 667 716 618	1	-1	0
225	797 762 854 401	4	1	0
226	46 162 845 847	1	-1	0
227	982 753 560 589	4	1	0
228	891 283 699 484	4	4	0
229	239 465 497 641	4	3	0
230	4 192 848 617	1	-1	0
231	375 515 332 276	4	3	0
232	933 263 563 377	4	2	0
233	178 77 656 224	4	4	0
234	46 319 901 964	1	-1	0
235	13 453 155 412	1	-1	0
236	4 374 461 788	1	-1	0
237	37 910 110 871	1	-1	0
238	117 977 53 543	2	-1	0
239	47 782 667 726	1	-1	0
240	64 880 689 909	3	4	0
241	11 527 583 999	1	-1	0
242	876 636 408 380	4	2	0
243	199 294 372 131	4	1	0
244	90 119 199 309	2	-1	0
245	322 787 90 606	2	-1	0
246	778 943 732 118	4	3	0
247	874 543 707 723	4	4	0
248	46 818 480 519	1	-1	0
249	27 796 301 411	1	-1	0
250	836 385 138 238	4	4	0
251	179 470 527 425	4	2	0
252	2 305 154 987	1	-1	0
253	866 902 654 887	4	1	0
254	577 467 844 906	3	3	0
255	784 702 568 86	3	1	0
256	494 231 284 257	2	-1	0
257	191 895 75 276	2	-1	0
258	22 712 226 660	1	-1	0
259	265 844 666 462	4	2	0
260	48 780 971 445	1	-1	0
261	48 640 604 763	1	-1	0
262	898 603 938 151	2	-1	0
263	401 490 210 370	3	1	0
264	113 476 249 820	4	2	0
265	534 663 157 255	2	-1	0
266	320 312 961 107	4	2	0
267	2 349 893 685	1	-1	0
268	788 291 948 81	3	3	0
269	42 402 404 962	1	-1	0
270	50 738 625 663	1	-1	0
271	1 162 119 68	1	-1	0
272	601 500 608 891	2	-1	0
273	865 766 317 389	3	3	0
274	633 891 884 979	2	-1	0
275	15 378 923 524	1	-1	0
276	482 313 965 449	4	4	0
277	201 435 309 818	2	-1	0
278	46 867 947 603	1	-1	0
279	189 316 397 671	3	2	0
280	264 499 56 287	4	3	0
281	16 93 937 988	1	-1	0
282	531 222 52 581	2	-1	0
283	190 424 806 634	4	1	0
284	41 390 446 881	1	-1	0
285	634 931 574 459	4	3	0
286	535 368 545 617	4	2	0
287	2 856 423 840	1	-1	0
288	954 549 635 889	2	-1	0
289	316 504 203 435	3	2	0
290	375 911 711 150	2	-1	0
291	507 434 931 326	4	3	0
292	427 364 754 328	4	4	0
293	25 516 973 427	1	-1	0
294	187 979 821 909	2	-1	0
295	110 778 499 694	2	-1	0
296	756 351 465 552	2	-1	0
297	996 948 607 228	3	2	0
298	44 110 367 287	1	-1	0
299	528 487 734 557	4	2	0
300	506 807 897 250	4	1	0
301	103 903 258 476	2	-1	0
302	922 271 156 531	2	-1	0
303	272 182 295 312	3	2	0
304	261 75 609 236	2	-1	0
305	29 836 491 629	1	-1	0
306	463 992 609 52	2	-1	0
307	478 221 426 515	2	-1	0
308	137 611 580 144	4	4	0
309	21 557 222 886	1	-1	0
310	30 220 152 986	1	-1	0
311	846 932 880 437	4	3	0
312	6 565 441 386	1	-1	0
313	803 345 700 531	4	3	0
314	635 556 360 427	3	4	0
315	21 179 228 388	1	-1	0
316	1000 882 907 657	2	-1	0
317	497 839 730 445	4	4	0
318	72 818 907 983	2	-1	0
319	702 751 551 823	2	-1	0
320	292 887 574 645	4	4	0
321	34 195 643 721	1	-1	0
322	92 259 426 379	2	-1	0
323	649 191 813 836	2	-1	0
324	325 313 527 216	2	-1	0
325	31 972 59 609	1	-1	0
326	719 181 351 483	3	2	0
327	14 176 342 931	1	-1	0
328	11 948 188 568	1	-1	0
329	34 550 671 127	1	-1	0
330	580 380 205 195	4	3	0
331	912 778 235 303	2	-1	0
332	243 916 851 480	2	-1	0
333	668 181 254 977	3	3	0
334	999 565 737 825	3	4	0
335	809 859 877 214	4	3	0
336	29 504 973 592	1	-1	0
337	7 295 872 61	1	-1	0
338	525 294 338 803	3	4	0
339	779 52 933 912	2	-1	0
340	479 324 923 273	4	1	0
341	64 409 595 954	4	3	0
342	275 947 538 935	2	-1	0
343	336 908 737 903	3	3	0
344	79 463 556 805	3	2	0
345	484 835 57 840	4	3	0
346	469 211 534 281	4	2	0
347	490 718 349 151	2	-1	0
348	522 574 983 807	4	4	0
349	122 622 996 829	3	3	0
350	291 398 368 96	4	1	0
351	559 753 672 634	4	2	0
352	170 609 237 645	2	-1	0
353	827 65 52 187	2	-1	0
354	164 493 835 323	4	2	0
355	40 85 235 110	1	-1	0
356	972 540 446 958	3	2	0
357	256 831 990 729	4	2	0
358	499 79 322 561	2	-1	0
359	383 828 992 589	2	-1	0
360	39 357 240 820	1	-1	0
361	743 270 486 880	4	1	0
362	782 231 886 417	3	1	0
363	730 794 238 708	3	4	0
364	243 1000 270 706	2	-1	0
365	32 536 96 227	1	-1	0
366	273 520 850 306	4	1	0
367	30 248 995 178	1	-1	0
368	859 229 173 899	3	4	0
369	773 594 691 867	3	3	0
370	714 325 140 940	2	-1	0
371	284 528 665 541	2	-1	0
372	37 394 208 270	1	-1	0
373	445 63 129 358	2	-1	0
374	870 280 896 294	2	-1	0
375	16 826 493 295	1	-1	0
376	178 639 232 999	2	-1	0
377	154 839 237 610	4	4	0
378	618 563 741 349	4	2	0
379	690 409 407 942	2	-1	0
380	352 658 800 426	3	1	0
381	934 436 931 949	4	4	0
382	43 337 192 240	1	-1	0
383	899 954 311 85	4	2	0
384	837 909 183 776	3	1	0
385	700 940 521 962	4	1	0
386	24 564 786 207	1	-1	0
387	19 969 819 681	1	-1	0
388	985 516 220 786	4	2	0
389	469 334 310 466	3	4	0
390	1 451 402 310	1	-1	0
391	144 298 599 569	3	1	0
392	452 556 531 426	4	4	0
393	275 208 113 863	4	1	0
394	190 843 809 179	3	2	0
395	14 221 136 831	1	-1	0
396	703 358 241 801	2	-1	0
397	11 350 236 980	1	-1	0
398	40 281 310 993	1	-1	0
399	707 749 972 391	3	4	0
400	960 934 78 318	4	4	0
401	48 488 314 120	1	-1	0
402	491 473 824 836	4	2	0
403	785 512 640 900	4	4	0
404	413 873 783 493	2	-1	0
405	954 758 937 761	4	2	0
406	9 236 909 576	1	-1	0
407	690 610 458 333	2	-1	0
408	504 963 683 837	2	-1	0
409	44 173 370 880	1	-1	0
410	539 235 271 575	3	2	0
411	650 574 183 303	4	1	0
412	887 346 556 829	3	2	0
413	47 672 909 870	1	-1	0
414	247 841 883 826	4	2	0
415	411 882 174 484	2	-1	0
416	497 312 206 476	4	4	0
417	820 81 96 167	3	1	0
418	47 449 549 463	1	-1	0
419	39 449 200 462	1	-1	0
420	13 735 600 908	1	-1	0
421	991 378 589 888	3	1	0
422	846 241 707 896	4	2	0
423	18 494 575 493	1	-1	0
424	728 306 275 508	3	1	0
425	244 870 814 641	4	2	0
426	206 925 362 264	3	1	0
427	16 614 198 709	1	-1	0
428	36 571 739 705	1	-1	0
429	23 263 259 728	1	-1	0
430	825 432 787 935	3	1	0
431	465 201 247 903	2	-1	0
432	405 118 84 698	2	-1	0
433	33 118 845 409	1	-1	0
434	429 953 615 972	3	4	0
435	873 939 108 419	3	3	0
436	576 910 193 78	3	1	0
437	647 721 881 175	4	3	0
438	715 180 652 193	4	2	0
439	914 788 964 749	4	4	0
440	35 829 642 808	1	-1	0
441	661 673 203 246	2	-1	0
442	69 391 443 599	3	2	0
443	623 596 766 209	3	4	0
444	940 104 481 815	3	1	0
445	32 874 262 488	1	-1	0
446	945 295 138 478	4	3	0
447	731 712 74 881	2	-1	0
448	456 690 796 195	2	-1	0
449	781 948 598 495	2	-1	0
450	681 299 998 205	4	2	0
451	385 513 720 917	4	3	0
452	509 800 193 790	2	-1	0
453	878 895 479 237	4	4	0
454	358 766 566 600	2	-1	0
455	145 642 529 194	4	4	0
456	503 271 491 398	3	1	0
457	220 724 825 464	4	3	0
458	108 739 214 901	4	3	0
459	39 899 588 659	1	-1	0
460	47 139 597 796	1	-1	0
461	693 804 589 812	2	-1	0
462	15 251 129 798	1	-1	0
463	351 866 256 389	4	1	0
464	211 63 85 135	4	3	0
465	34 950 858 786	1	-1	0
466	946 853 93 274	4	3	0
467	378 784 209 223	3	3	0
468	284 559 713 886	4	1	0
469	44 116 787 814	1	-1	0
470	9 954 315 865	1	-1	0
471	20 377 238 951	1	-1	0
472	284 312 531 422	2	-1	0
473	22 334 152 496	1	-1	0
474	749 659 484 120	4	2	0
475	960 421 766 921	4	4	0
476	47 252 368 481	1	-1	0
477	38 732 354 537	1	-1	0
478	151 626 600 929	3	4	0
479	21 805 806 783	1	-1	0
480	326 240 887 457	4	1	0
481	302 706 68 798	3	2	0
482	21 170 410 858	1	-1	0
483	26 923 340 927	1	-1	0
484	699 309 105 160	2	-1	0
485	7 673 776 91	1	-1	0
486	277 543 311 102	3	2	0
487	122 764 319 616	3	1	0
488	812 73 736 734	3	4	0
489	173 480 310 605	2	-1	0
490	217 227 126 882	4	1	0
491	690 844 575 368	4	1	0
492	37 486 866 753	1	-1	0
493	836 849 401 583	3	1	0
494	183 823 248 574	3	3	0
495	292 894 921 910	4	1	0
496	566 557 465 388	2	-1	0
497	29 787 648 943	1	-1	0
498	640 858 575 63	3	2	0
499	544 746 250 1000	2	-1	0
500	12 285 301 984	1	-1	0
