Students	500
1	212 136 383 952	4	3	0
2	988 700 722 454	3	4	0
3	40 265 902 562	1	-1	0
4	96 497 878 779	4	2	0
5	215 929 452 372	2	-1	0
6	566 293 335 633	2	-1	0
7	794 336 159 822	4	3	0
8	185 418 368 832	3	3	0
9	591 432 125 184	3	1	0
10	760 185 197 281	4	4	0
11	205 104 927 724	2	-1	0
12	477 539 748 371	4	1	0
13	971 333 896 517	2	-1	0
14	456 614 792 209	4	3	0
15	578 236 904 507	3	1	0
16	30 514 229 995	1	-1	0
17	65 365 703 331	3	2	0
18	552 293 852 554	2	-1	0
19	595 110 882 267	3	2	0
20	18 530 695 766	1	-1	0
21	982 662 769 204	3	3	0
22	219 562 382 474	2	-1	0
23	866 436 60 442	4	3	0
24	879 408 972 97	4	2	0
25	214 135 779 443	2	-1	0
26	242 58 65 842	2	-1	0
27	799 618 217 122	3	3	0
28	43 533 434 918	1	-1	0
29	396 362 1000 780	3	2	0
30	653 328 759 197	3	1	0
31	661 849 337 939	4	3	0
32	20 80 827 861	1	-1	0
33	329 267 475 539	2	-1	0
34	648 66 245 553	4	4	0
35	8 819 858 836	1	-1	0
36	329 572 98 653	2	-1	0
37	77 724 386 309	3	2	0
38	74 476 575 105	4	3	0
39	847 504 955 372	3	3	0
40	973 559 735 85	4	1	0
41	452 217 345 789	4	4	0
42	70 185 440 80	4	4	0
43	26 986 789 655	1	-1	0
44	852 743 408 911	4	2	0
45	715 962 146 635	2	-1	0
46	627 788 395 807	4	1	0
47	221 670 230 891	2	-1	0
48	316 429 580 982	3	1	0
49	8 867 428 728	1	-1	0
50	969 212 847 316	3	4	0
51	74 375 332 445	2	-1	0
52	43 807 255 785	1	-1	0
53	7 850 769 245	1	-1	0
54	871 688 544 294	2	-1	0
55	750 440 190 88	3	2	0
56	254 492 899 220	2	-1	0
57	267 577 530 520	3	2	0
58	1 432 995 820	1	-1	0
59	768 586 409 236	3	1	0
60	39 351 757 844	1	-1	0
61	828 540 210 139	3	3	0
62	860 819 588 792	2	-1	0
63	849 667 337 641	3	1	0
64	14 267 885 753	1	-1	0
65	97 724 387 651	3	3	0
66	467 203 619 1000	4	2	0
67	933 668 350 343	2	-1	0
68	56 639 773 291	2	-1	0
69	34 145 909 182	1	-1	0
70	381 889 294 464	2	-1	0
71	53 891 129 327	4	4	0
72	38 400 432 413	1	-1	0
73	899 334 402 226	4	3	0
74	260 395 273 845	2	-1	0
75	780 564 81 171	3	4	0
76	668 956 358 938	2	-1	0
77	68 807 967 228	4	3	0
78	162 386 439 61	2	-1	0
79	598 196 656 404	4	4	0
80	30 913 526 126	1	-1	0
81	541 649 559 661	4	1	0
82	636 289 770 543	2	-1	0
83	721 906 553 63	2	-1	0
84	491 662 661 438	4	4	0
85	602 816 632 494	2	-1	0
86	1 761 104 395	1	-1	0
87	996 236 319 645	4	4	0
88	648 527 243 861	4	3	0
89	1 837 724 809	1	-1	0
90	877 666 703 61	4	3	0
91	310 52 62 676	2	-1	0
92	54 376 243 593	2	-1	0
93	283 916 963 569	2	-1	0
94	785 261 301 801	2	-1	0
95	28 967 828 601	1	-1	0
96	484 740 676 193	2	-1	0
97	53 963 83 331	4	3	0
98	95 569 58 59	2	-1	0
99	38 612 453 567	1	-1	0
100	775 599 667 781	3	2	0
101	27 894 963 760	1	-1	0
102	207 110 899 385	3	3	0
103	660 703 100 61	4	1	0
104	715 472 592 945	4	2	0
105	6 54 408 886	1	-1	0
106	351 299 852 447	2	-1	0
107	857 213 824 207	2	-1	0
108	779 668 929 767	3	4	0
109	825 292 163 710	2	-1	0
110	5 633 851 563	1	-1	0
111	806 370 422 974	3	2	0
112	7 205 233 313	1	-1	0
113	946 769 272 436	3	1	0
114	426 497 116 233	2	-1	0
115	25 837 415 186	1	-1	0
116	338 722 256 617	4	1	0
117	985 485 330 159	3	3	0
118	622 526 394 246	4	2	0
119	373 581 429 345	3	2	0
120	994 409 71 920	4	2	0
121	222 910 420 941	2	-1	0
122	175 865 719 514	4	2	0
123	212 96 824 880	3	4	0
124	180 962 911 238	3	3	0
125	662 920 191 621	2	-1	0
126	888 346 955 555	2	-1	0
127	25 570 939 961	1	-1	1
128	3 754 645 602	1	-1	0
129	411 643 103 472	3	4	0
130	633 101 981 839	4	4	0
131	838 528 732 71	3	3	0
132	860 220 415 802	3	4	0
133	929 828 556 816	3	3	0
134	35 182 624 761	1	-1	0
135	950 59 266 258	2	-1	0
136	49 458 671 166	1	-1	0
137	67 577 319 749	4	1	0
138	9 976 382 435	1	-1	0
139	3 971 356 51	1	-1	0
140	993 326 223 374	3	1	0
141	11 734 236 891	1	-1	0
142	407 954 978 440	2	-1	0
143	26 801 760 573	1	-1	0
144	365 512 88 893	3	4	0
145	41 586 493 617	1	-1	0
146	3 468 610 702	1	-1	0
147	230 618 848 739	2	-1	0
148	46 977 97 453	1	-1	0
149	144 508 697 424	4	2	0
150	857 118 887 202	3	2	0
151	372 513 538 763	4	3	0
152	41 127 832 385	1	-1	0
153	147 484 66 808	2	-1	0
154	755 469 686 282	3	1	0
155	334 932 660 64	2	-1	0
156	42 116 267 601	1	-1	0
157	919 951 992 123	3	2	0
158	113 372 752 807	4	3	0
159	679 634 712 709	4	2	0
160	69 144 823 654	3	4	0
161	707 112 272 511	3	1	0
162	9 900 140 302	1	-1	0
163	17 806 603 665	1	-1	0
164	169 91 242 271	3	3	0
165	607 846 579 652	3	4	0
166	614 429 320 861	3	2	0
167	699 181 381 629	2	-1	0
168	673 255 86 498	3	4	0
169	31 552 336 310	1	-1	0
170	726 166 794 589	4	3	0
171	38 63 493 720	1	-1	0
172	36 645 655 727	1	-1	0
173	62 923 507 227	3	1	0
174	40 853 973 832	1	-1	0
175	509 347 99 564	4	1	0
176	13 691 452 437	1	-1	0
177	2 110 486 619	1	-1	0
178	1 917 660 551	1	-1	0
179	334 225 490 835	3	4	0
180	241 874 455 154	2	-1	0
181	58 379 62 796	2	-1	0
182	389 975 301 816	3	2	0
183	420 346 228 85	4	4	0
184	236 102 473 572	4	2	0
185	188 558 814 265	3	1	0
186	564 885 993 848	3	3	0
187	42 122 405 982	1	-1	0
188	423 88 689 502	3	2	0
189	914 162 407 728	4	4	0
190	230 168 711 390	3	2	0
191	11 586 710 616	1	-1	0
192	501 587 416 164	2	-1	0
193	26 138 988 687	1	-1	0
194	105 765 654 620	2	-1	1
195	330 439 239 564	3	4	0
196	699 491 646 967	2	-1	0
197	18 715 475 928	1	-1	0
198	163 867 437 57	3	1	0
199	399 651 511 144	2	-1	0
200	718 896 756 950	3	4	0
201	38 659 714 378	1	-1	0
202	27 68 956 990	1	-1	0
203	756 133 841 730	2	-1	0
204	578 971 792 427	4	2	0
205	716 692 977 588	3	1	0
206	161 157 479 829	2	-1	0
207	41 593 653 121	1	-1	0
208	947 921 702 254	3	3	1
209	328 526 903 984	2	-1	0
210	462 919 88 560	2	-1	0
211	31 447 558 623	1	-1	0
212	350 886 176 489	2	-1	0
213	31 695 314 357	1	-1	0
214	753 268 840 875	2	-1	1
215	245 419 722 993	4	2	0
216	333 234 187 873	4	1	0
217	49 814 339 760	1	-1	0
218	484 658 741 322	4	2	0
219	349 572 784 734	2	-1	0
220	17 990 813 203	1	-1	0
221	50 133 809 148	1	-1	0
222	25 828 545 681	1	-1	0
223	24 500 391 316	1	-1	0
224	877 630 415 437	4	1	0
225	455 409 548 684	2	-1	0
226	889 428 619 551	4	1	0
227	12 390 79 375	1	-1	0
228	663 967 258 183	3	3	0
229	670 774 543 924	3	4	0
230	511 85 428 409	2	-1	0
231	34 723 749 973	1	-1	0
232	40 89 634 570	1	-1	0
233	820 792 913 854	3	1	0
234	542 674 469 137	2	-1	0
235	262 441 562 58	4	2	0
236	556 764 234 585	3	3	0
237	342 670 557 422	3	3	0
238	799 370 343 601	2	-1	0
239	168 134 614 396	4	1	0
240	37 584 634 447	1	-1	0
241	47 180 536 117	1	-1	0
242	904 537 527 926	3	2	0
243	35 435 844 218	1	-1	0
244	87 787 314 93	3	1	0
245	518 688 236 884	3	2	0
246	43 419 869 599	1	-1	0
247	83 956 517 182	4	3	0
248	133 146 241 847	3	4	0
249	643 368 526 164	4	3	0
250	11 615 383 291	1	-1	0
251	21 689 281 131	1	-1	0
252	49 966 495 75	1	-1	0
253	23 449 897 355	1	-1	0
254	732 652 172 206	4	1	0
255	287 213 454 866	4	2	0
256	281 747 519 527	4	1	0
257	954 969 388 320	4	3	0
258	867 273 842 627	4	4	0
259	492 53 800 156	2	-1	0
260	587 771 470 371	4	4	0
261	49 741 712 322	1	-1	0
262	229 710 173 202	2	-1	0
263	24 469 653 782	1	-1	0
264	7 501 831 882	1	-1	0
265	14 711 888 528	1	-1	0
266	28 734 188 535	1	-1	0
267	605 428 390 902	2	-1	0
268	538 285 728 337	3	1	0
269	783 364 629 815	3	2	0
270	444 349 323 215	2	-1	0
271	886 586 597 176	4	4	0
272	834 860 251 865	2	-1	0
273	24 331 648 658	1	-1	0
274	198 260 526 631	4	3	0
275	903 752 130 479	2	-1	0
276	869 350 438 970	2	-1	0
277	49 181 68 915	1	-1	0
278	443 742 150 415	4	3	0
279	55 475 709 640	3	4	0
280	329 319 441 494	4	3	0
281	5 868 857 228	1	-1	0
282	56 851 341 441	4	1	0
283	890 625 698 513	2	-1	1
284	23 689 562 755	1	-1	0
285	640 158 122 162	4	3	0
286	987 93 740 773	2	-1	0
287	210 971 677 302	2	-1	0
288	72 443 135 68	3	2	0
289	943 740 691 263	3	3	0
290	317 390 186 457	2	-1	0
291	17 689 179 508	1	-1	0
292	89 587 520 985	3	2	0
293	39 326 353 378	1	-1	0
294	879 181 457 249	4	1	0
295	450 496 218 629	4	3	0
296	182 970 461 724	2	-1	0
297	552 806 406 924	2	-1	0
298	203 977 362 956	4	3	0
299	256 483 503 482	3	1	0
300	216 279 327 930	3	2	0
301	78 98 1000 672	2	-1	0
302	626 391 980 478	3	3	0
303	39 684 898 334	1	-1	0
304	78 276 728 106	3	3	0
305	11 733 848 207	1	-1	0
306	916 669 633 365	4	2	0
307	640 867 864 684	3	2	0
308	791 920 548 820	3	3	0
309	6 736 949 671	1	-1	0
310	722 588 882 862	3	1	0
311	36 779 898 862	1	-1	0
312	12 974 603 561	1	-1	0
313	175 497 971 295	3	3	0
314	322 461 880 440	4	2	0
315	762 309 494 969	2	-1	0
316	34 385 864 902	1	-1	0
317	335 461 648 154	4	1	0
318	929 186 309 503	2	-1	0
319	323 958 560 228	3	4	0
320	454 698 356 359	4	4	0
321	965 173 619 427	2	-1	0
322	985 629 136 931	2	-1	0
323	336 962 351 939	2	-1	0
324	31 251 160 839	1	-1	0
325	646 451 446 279	4	4	0
326	100 402 680 240	2	-1	0
327	636 451 141 498	4	3	0
328	1000 434 137 679	2	-1	0
329	904 267 957 657	3	4	0
330	38 918 838 953	1	-1	0
331	853 616 145 899	4	3	0
332	948 377 51 537	3	4	0
333	274 823 748 893	3	4	0
334	915 505 105 254	3	1	0
335	14 124 149 318	1	-1	0
336	432 832 623 473	3	3	0
337	570 539 724 424	2	-1	0
338	27 444 369 674	1	-1	0
339	488 119 264 844	4	2	0
340	833 689 423 367	2	-1	0
341	149 926 426 148	3	2	1
342	540 769 486 602	4	4	0
343	201 397 719 155	4	4	0
344	70 381 279 106	4	2	0
345	860 598 311 842	3	3	0
346	160 645 834 347	4	4	0
347	203 654 611 488	4	2	0
348	454 962 273 660	2	-1	0
349	36 58 113 684	1	-1	0
350	895 943 538 512	2	-1	0
351	538 847 880 216	4	1	0
352	672 293 755 298	3	1	0
353	28 151 993 419	1	-1	0
354	207 580 993 757	4	2	0
355	256 87 920 850	2	-1	0
356	18 950 592 875	1	-1	0
357	13 212 134 162	1	-1	0
358	35 205 198 902	1	-1	0
359	803 832 218 695	2	-1	1
360	668 933 73 74	2	-1	0
361	184 249 790 960	3	3	0
362	216 289 922 794	3	1	0
363	349 434 779 491	3	3	0
364	129 878 985 435	3	4	0
365	817 197 457 81	2	-1	0
366	997 192 820 994	2	-1	0
367	3 953 180 203	1	-1	0
368	976 364 567 323	2	-1	0
369	49 752 506 56	1	-1	0
370	806 536 108 112	4	3	0
371	568 596 742 734	3	2	0
372	133 553 752 661	2	-1	0
373	61 483 801 443	3	1	0
374	551 472 263 965	3	1	0
375	471 689 656 859	3	1	0
376	21 652 569 891	1	-1	0
377	292 168 941 85	2	-1	0
378	884 441 511 590	3	3	0
379	604 391 235 148	2	-1	0
380	967 462 163 840	2	-1	0
381	31 381 614 591	1	-1	0
382	4 728 510 125	1	-1	0
383	192 544 483 170	2	-1	0
384	17 629 379 490	1	-1	0
385	999 720 780 107	4	3	0
386	478 839 87 977	4	1	0
387	402 781 945 74	2	-1	0
388	97 960 812 132	2	-1	0
389	792 416 102 740	2	-1	0
390	870 725 977 200	2	-1	0
391	27 363 649 573	1	-1	0
392	202 230 749 969	3	4	0
393	406 345 384 523	4	3	0
394	632 577 656 536	4	4	0
395	736 174 361 892	2	-1	0
396	803 386 736 725	3	2	0
397	420 600 749 58	2	-1	0
398	570 974 269 740	2	-1	0
399	43 775 383 150	1	-1	0
400	32 199 734 229	1	-1	0
401	595 544 203 772	3	3	0
402	784 937 76 579	4	4	0
403	834 482 409 406	4	3	0
404	985 712 642 957	2	-1	0
405	310 861 394 280	3	2	0
406	743 529 622 108	2	-1	0
407	439 916 537 479	2	-1	0
408	879 669 863 163	4	3	0
409	108 124 326 835	4	1	0
410	379 215 833 682	3	2	0
411	233 656 106 654	2	-1	0
412	332 212 278 235	4	2	0
413	4 925 439 676	1	-1	0
414	586 782 458 925	3	4	0
415	721 467 67 114	2	-1	0
416	928 938 976 587	2	-1	0
417	20 513 113 769	1	-1	0
418	688 777 826 723	3	4	0
419	661 182 963 398	2	-1	0
420	26 899 795 622	1	-1	0
421	897 955 309 944	3	2	0
422	589 518 407 494	2	-1	0
423	88 904 996 964	3	1	0
424	844 126 554 299	4	3	0
425	812 852 350 193	3	1	0
426	833 421 726 703	4	2	0
427	384 957 133 430	3	1	0
428	529 764 574 921	3	2	0
429	54 293 191 156	2	-1	0
430	154 503 457 785	2	-1	0
431	651 929 317 671	2	-1	0
432	431 103 668 254	2	-1	0
433	133 553 663 786	4	4	0
434	3 908 971 578	1	-1	0
435	441 270 93 788	3	3	0
436	221 810 310 57	3	4	0
437	372 450 853 289	2	-1	0
438	238 506 851 569	3	2	0
439	206 506 658 745	4	2	0
440	310 335 609 329	4	2	0
441	348 447 757 688	4	4	0
442	411 214 513 778	2	-1	0
443	39 804 823 432	1	-1	0
444	44 803 896 826	1	-1	0
445	894 367 619 398	3	4	0
446	257 542 919 530	3	1	0
447	8 749 208 911	1	-1	0
448	671 796 549 715	3	1	0
449	103 188 411 956	2	-1	0
450	697 881 259 934	3	1	0
451	640 481 357 830	2	-1	0
452	869 93 681 264	2	-1	0
453	221 106 923 588	4	4	0
454	570 213 859 267	4	3	0
455	491 725 755 552	3	4	0
456	73 237 516 113	2	-1	0
457	43 739 494 821	1	-1	0
458	11 789 195 55	1	-1	0
459	968 500 633 259	4	3	0
460	880 183 350 671	4	2	0
461	17 845 771 668	1	-1	0
462	433 850 110 607	4	1	0
463	887 941 462 811	4	1	0
464	33 970 507 743	1	-1	0
465	294 824 313 566	2	-1	0
466	10 365 288 58	1	-1	0
467	486 481 518 426	3	3	0
468	19 791 106 307	1	-1	0
469	649 302 717 564	4	4	0
470	963 289 316 290	2	-1	0
471	675 435 711 763	4	4	0
472	440 354 607 100	4	1	0
473	281 54 920 949	2	-1	0
474	842 595 768 656	4	2	0
475	36 887 748 346	1	-1	0
476	738 911 380 986	4	2	0
477	20 127 260 645	1	-1	0
478	35 165 822 810	1	-1	0
479	15 270 396 334	1	-1	0
480	673 621 146 636	4	4	0
481	37 135 416 870	1	-1	0
482	380 777 456 414	4	2	0
483	31 976 397 533	1	-1	0
484	613 758 616 518	4	4	0
485	588 970 267 949	2	-1	0
486	514 992 530 775	2	-1	0
487	782 709 56 908	3	1	0
488	849 721 817 179	2	-1	0
489	955 404 767 159	3	3	0
490	371 954 913 394	3	4	0
491	19 562 379 310	1	-1	0
492	22 899 523 457	1	-1	0
493	853 310 994 389	4	4	0
494	35 245 609 441	1	-1	0
495	285 192 805 806	3	4	0
496	336 373 948 586	2	-1	0
497	7 902 64 985	1	-1	0
498	49 593 1000 618	1	-1	0
499	798 553 762 199	3	2	0
500	781 716 599 382	4	2	0
