Students	500
1	40 510 862 163	1	-1	0
2	556 529 355 442	2	-1	0
3	593 719 735 695	3	2	0
4	861 510 366 70	4	3	0
5	266 691 954 402	3	2	0
6	36 933 122 824	1	-1	0
7	19 513 617 580	1	-1	0
8	669 561 286 398	3	4	0
9	642 800 235 734	3	1	0
10	20 366 877 426	1	-1	0
11	342 420 745 116	4	3	0
12	459 412 71 874	4	1	0
13	26 407 688 682	1	-1	0
14	568 639 711 284	4	3	0
15	464 958 573 599	2	-1	0
16	738 721 769 324	3	3	0
17	201 68 454 606	2	-1	0
18	809 775 677 259	2	-1	0
19	47 842 860 604	1	-1	0
20	415 301 987 73	3	3	0
21	35 364 990 778	1	-1	0
22	29 468 377 899	1	-1	0
23	43 274 247 497	1	-1	0
24	27 60 160 751	1	-1	0
25	26 90 446 820	1	-1	0
26	13 426 326 435	1	-1	0
27	65 356 998 89	2	-1	0
28	54 900 353 416	4	2	0
29	3 53 360 671	1	-1	0
30	301 605 474 789	4	4	0
31	40 912 171 906	1	-1	0
32	873 472 680 813	3	4	0
33	180 153 363 863	4	1	0
34	114 994 539 787	2	-1	0
35	225 73 525 952	4	1	0
36	13 931 117 429	1	-1	0
37	329 103 362 843	2	-1	0
38	990 676 614 977	2	-1	0
39	690 189 842 940	2	-1	0
40	130 614 894 783	3	1	0
41	674 88 477 523	3	4	0
42	23 413 266 936	1	-1	0
43	143 493 453 195	3	1	0
44	32 931 469 309	1	-1	0
45	925 970 876 499	3	4	0
46	722 467 583 201	3	1	0
47	745 427 971 968	4	2	0
48	947 191 737 213	2	-1	0
49	179 293 228 87	2	-1	0
50	23 995 507 365	1	-1	0
51	973 130 846 602	3	3	0
52	723 823 922 985	3	2	0
53	679 616 401 993	4	4	0
54	936 875 417 671	3	4	0
55	610 755 973 833	2	-1	0
56	266 162 442 799	4	1	0
57	45 950 964 273	1	-1	0
58	566 591 957 904	3	1	0
59	5 145 675 233	1	-1	0
60	295 479 929 403	3	3	0
61	327 397 759 693	3	1	0
62	527 788 311 402	4	1	0
63	738 488 252 712	3	2	0
64	182 968 723 959	2	-1	0
65	112 146 850 682	2	-1	0
66	956 810 686 775	4	1	0
67	708 827 985 223	4	4	0
68	6 302 139 445	1	-1	0
69	789 958 759 493	3	4	0
70	232 334 766 784	4	2	0
71	275 483 702 237	2	-1	0
72	449 817 778 156	3	3	0
73	20 981 862 762	1	-1	0
74	141 749 903 156	2	-1	0
75	685 440 593 648	3	2	0
76	259 615 538 458	3	3	0
77	527 892 806 494	4	3	0
78	809 489 250 591	3	4	0
79	330 918 699 789	2	-1	0
80	6 404 315 220	1	-1	0
81	679 992 123 475	4	1	0
82	782 261 480 469	3	1	0
83	15 612 673 965	1	-1	0
84	223 808 632 924	3	4	0
85	445 435 909 885	3	2	0
86	16 561 681 525	1	-1	0
87	50 244 1000 68	1	-1	0
88	340 560 206 655	4	2	0
89	358 296 621 472	3	4	0
90	396 805 760 408	2	-1	0
91	582 255 137 325	4	4	0
92	696 494 832 326	4	4	0
93	728 515 467 824	4	3	0
94	130 815 427 440	2	-1	0
95	298 459 843 491	3	2	0
96	154 267 231 981	3	3	0
97	219 882 877 763	3	2	0
98	33 164 661 112	1	-1	0
99	424 765 193 678	3	3	0
100	467 894 690 331	3	1	0
101	316 761 810 234	2	-1	0
102	13 784 877 217	1	-1	0
103	745 738 264 654	3	3	0
104	616 511 241 219	3	3	0
105	458 87 577 228	3	3	0
106	107 861 650 996	3	4	0
107	903 873 162 325	2	-1	0
108	683 218 96 692	3	1	0
109	568 966 538 929	4	3	0
110	38 185 408 366	1	-1	0
111	5 553 653 388	1	-1	0
112	962 737 671 432	2	-1	0
113	166 489 509 361	3	3	0
114	4 723 199 819	1	-1	0
115	802 369 545 322	3	2	0
116	43 610 721 665	1	-1	0
117	15 69 570 781	1	-1	0
118	42 239 284 199	1	-1	0
119	83 898 816 909	3	2	0
120	19 953 580 645	1	-1	0
121	304 781 230 837	2	-1	0
122	824 956 817 799	3	4	0
123	814 970 594 149	3	1	0
124	573 510 773 994	3	1	0
125	215 561 256 775	3	4	0
126	562 867 63 469	3	1	0
127	21 991 334 976	1	-1	0
128	554 382 442 636	3	3	0
129	713 872 587 254	4	3	0
130	876 517 77 835	3	2	0
131	50 437 586 991	1	-1	0
132	650 253 977 311	2	-1	0
133	832 755 696 236	2	-1	0
134	825 489 89 698	4	1	0
135	595 417 610 98	2	-1	0
136	49 480 159 938	1	-1	0
137	560 291 801 379	3	4	0
138	12 723 798 203	1	-1	0
139	994 541 548 557	4	4	0
140	3 86 240 311	1	-1	0
141	846 183 565 572	2	-1	0
142	33 430 94 277	1	-1	0
143	32 165 566 464	1	-1	0
144	17 527 633 130	1	-1	0
145	182 557 199 535	3	4	0
146	2 592 468 793	1	-1	0
147	93 903 198 992	4	3	0
148	897 361 998 152	2	-1	0
149	40 139 408 640	1	-1	0
150	37 825 704 884	1	-1	0
151	6 613 228 965	1	-1	0
152	136 953 641 981	2	-1	0
153	21 890 589 617	1	-1	0
154	286 648 358 109	2	-1	0
155	573 920 796 150	3	4	0
156	158 851 619 87	4	2	0
157	172 724 961 347	4	1	0
158	382 61 604 364	4	3	0
159	374 788 344 471	3	4	1
160	736 988 91 278	4	3	0
161	365 409 898 864	4	4	0
162	24 734 108 136	1	-1	0
163	904 509 511 139	3	4	0
164	42 979 920 568	1	-1	0
165	80 260 287 548	4	2	0
166	205 935 933 128	3	1	0
167	754 243 72 182	2	-1	0
168	151 333 828 564	3	4	0
169	635 939 724 834	3	1	0
170	625 452 905 743	2	-1	0
171	44 251 272 949	1	-1	0
172	681 627 92 220	4	1	0
173	504 890 387 685	3	4	0
174	172 544 177 161	2	-1	0
175	98 560 607 720	2	-1	0
176	588 860 402 165	4	1	0
177	879 376 344 406	3	4	0
178	909 747 737 752	3	4	0
179	162 436 952 288	4	1	0
180	395 167 898 459	4	4	0
181	822 526 176 487	4	1	0
182	126 682 631 468	2	-1	0
183	308 315 927 843	4	4	0
184	10 296 546 106	1	-1	0
185	455 663 424 802	2	-1	0
186	331 868 416 399	3	4	0
187	409 694 950 857	2	-1	0
188	822 309 949 106	3	4	0
189	623 548 94 621	4	4	0
190	345 592 69 691	3	2	0
191	859 349 451 499	2	-1	0
192	689 522 599 628	4	2	0
193	1 770 307 959	1	-1	0
194	420 655 740 770	3	2	0
195	551 261 236 865	2	-1	0
196	112 188 581 146	4	3	0
197	191 750 251 658	4	2	0
198	845 823 278 585	4	4	0
199	46 182 513 543	1	-1	0
200	657 737 764 575	3	3	0
201	183 198 311 867	3	2	0
202	417 355 951 521	4	4	0
203	803 609 542 568	3	4	0
204	448 789 76 800	4	1	0
205	30 949 146 603	1	-1	0
206	974 277 425 170	4	3	0
207	23 211 489 1000	1	-1	0
208	794 168 712 279	2	-1	0
209	30 219 724 860	1	-1	0
210	1 690 501 760	1	-1	0
211	611 822 307 916	3	3	0
212	977 57 85 808	2	-1	0
213	619 474 531 697	4	1	0
214	78 603 899 940	4	2	0
215	215 314 844 704	2	-1	0
216	283 646 66 946	3	4	0
217	5 477 809 615	1	-1	0
218	40 520 571 703	1	-1	0
219	49 742 343 441	1	-1	0
220	396 322 380 801	2	-1	0
221	505 971 782 211	2	-1	0
222	771 756 711 896	3	4	0
223	747 54 151 146	2	-1	0
224	261 290 239 450	2	-1	0
225	421 798 276 663	2	-1	0
226	832 174 708 569	3	4	0
227	48 932 956 501	1	-1	0
228	967 956 54 178	4	4	0
229	163 839 858 111	4	4	0
230	15 388 513 478	1	-1	0
231	630 316 791 669	3	2	0
232	650 837 486 600	3	3	0
233	20 625 894 642	1	-1	0
234	947 239 421 683	2	-1	0
235	178 456 734 737	3	1	0
236	41 414 495 781	1	-1	0
237	446 214 319 577	3	2	0
238	116 611 368 928	2	-1	0
239	492 303 649 593	2	-1	0
240	230 865 219 393	4	3	0
241	980 486 888 572	4	2	0
242	814 640 896 797	2	-1	0
243	156 895 592 281	3	2	0
244	408 220 384 74	4	4	0
245	47 621 214 400	1	-1	0
246	915 667 133 944	3	2	0
247	48 450 914 406	1	-1	0
248	4 102 953 649	1	-1	0
249	443 516 403 719	3	1	0
250	39 122 261 650	1	-1	0
251	100 562 651 452	4	3	0
252	9 450 352 889	1	-1	0
253	425 92 801 322	3	1	0
254	15 629 185 62	1	-1	0
255	652 319 169 701	2	-1	0
256	751 157 630 277	3	3	0
257	688 574 647 740	4	2	0
258	39 905 719 943	1	-1	0
259	651 677 976 912	2	-1	0
260	4 179 371 561	1	-1	0
261	497 934 401 479	4	4	0
262	528 939 274 412	4	2	0
263	765 478 697 358	2	-1	0
264	225 262 341 66	3	2	0
265	145 384 123 554	3	1	0
266	848 437 987 443	3	2	0
267	596 188 475 121	4	1	0
268	598 576 200 982	2	-1	0
269	114 313 979 273	3	4	0
270	699 404 378 170	3	3	0
271	510 732 781 562	4	3	0
272	18 742 117 147	1	-1	0
273	454 363 207 279	3	3	0
274	685 305 68 841	4	2	0
275	115 510 613 874	2	-1	0
276	279 262 575 58	2	-1	0
277	671 301 823 693	2	-1	0
278	1 278 394 938	1	-1	0
279	514 366 741 722	4	3	0
280	8 460 76 903	1	-1	0
281	753 752 523 923	3	4	0
282	26 800 998 181	1	-1	0
283	294 677 977 171	2	-1	0
284	282 814 470 777	2	-1	0
285	288 991 402 523	4	1	0
286	5 619 228 627	1	-1	0
287	958 962 189 551	2	-1	0
288	292 653 240 511	2	-1	0
289	485 852 237 530	4	2	0
290	752 329 589 151	3	1	0
291	134 722 81 466	4	3	0
292	453 198 357 496	2	-1	0
293	650 439 345 332	2	-1	0
294	21 529 286 389	1	-1	0
295	152 85 271 695	3	2	0
296	520 96 712 389	4	3	0
297	147 574 516 208	2	-1	0
298	15 88 184 452	1	-1	0
299	48 124 56 591	1	-1	0
300	985 319 316 823	2	-1	0
301	226 430 566 524	2	-1	0
302	13 81 650 156	1	-1	0
303	320 909 539 967	2	-1	0
304	954 702 61 518	4	1	0
305	18 974 967 425	1	-1	0
306	81 590 927 649	4	3	0
307	529 987 633 499	4	4	0
308	382 453 304 138	3	2	0
309	16 314 192 276	1	-1	0
310	9 558 523 952	1	-1	1
311	193 57 123 382	2	-1	0
312	673 216 487 184	2	-1	0
313	934 768 577 974	3	2	0
314	236 418 87 396	2	-1	0
315	562 845 957 148	2	-1	0
316	539 102 784 562	3	3	0
317	64 873 126 239	2	-1	0
318	37 111 142 963	1	-1	0
319	607 451 280 479	3	2	0
320	259 596 567 118	3	4	0
321	366 946 381 763	3	1	0
322	29 895 230 362	1	-1	0
323	290 882 547 695	4	2	0
324	138 653 226 446	2	-1	0
325	770 204 296 819	4	1	0
326	842 96 547 335	4	2	0
327	677 721 314 982	4	2	0
328	132 620 360 83	2	-1	0
329	439 135 815 796	4	1	0
330	28 281 356 345	1	-1	0
331	201 270 415 787	2	-1	0
332	35 211 734 254	1	-1	0
333	156 615 439 984	2	-1	0
334	639 929 332 431	3	3	0
335	242 841 677 620	3	1	0
336	705 291 412 109	4	2	0
337	322 251 363 875	4	1	0
338	30 576 996 491	1	-1	0
339	50 627 947 939	1	-1	0
340	287 807 632 78	3	1	0
341	589 721 218 722	4	1	0
342	936 888 707 185	3	3	0
343	556 419 878 436	4	4	0
344	272 909 251 893	4	3	0
345	30 389 649 695	1	-1	0
346	8 954 156 487	1	-1	0
347	913 334 851 753	4	3	0
348	338 189 818 335	4	1	0
349	17 874 586 472	1	-1	0
350	742 836 257 512	3	4	0
351	858 523 126 257	4	3	0
352	206 398 70 868	3	3	0
353	119 317 620 762	2	-1	0
354	417 248 599 920	2	-1	0
355	628 653 612 284	2	-1	0
356	955 247 958 963	3	3	0
357	36 591 575 335	1	-1	0
358	753 545 424 748	4	3	0
359	56 972 987 707	4	1	0
360	645 892 296 154	3	4	0
361	925 82 59 359	3	3	0
362	11 165 198 563	1	-1	0
363	319 317 283 835	4	3	0
364	171 653 497 71	3	2	0
365	830 894 170 626	2	-1	0
366	453 413 79 982	4	2	0
367	169 377 855 453	3	2	0
368	493 182 920 993	4	1	0
369	90 813 688 430	2	-1	0
370	869 934 758 580	4	3	0
371	813 307 587 704	4	1	0
372	172 684 727 495	3	4	0
373	40 122 331 433	1	-1	0
374	36 563 129 156	1	-1	0
375	507 480 153 723	3	3	0
376	306 198 430 889	2	-1	0
377	39 418 453 459	1	-1	0
378	264 442 332 342	3	1	0
379	5 265 542 825	1	-1	0
380	48 363 144 939	1	-1	0
381	365 874 387 841	4	3	0
382	27 838 614 965	1	-1	0
383	462 516 947 354	4	2	0
384	737 392 980 301	2	-1	0
385	333 329 177 762	3	4	0
386	333 777 264 908	2	-1	0
387	33 433 302 509	1	-1	0
388	194 743 583 647	3	2	0
389	719 281 953 608	4	1	0
390	9 149 481 600	1	-1	0
391	36 907 309 475	1	-1	0
392	624 447 888 865	3	3	0
393	433 256 225 417	3	4	0
394	53 563 868 274	2	-1	0
395	403 537 685 362	2	-1	0
396	401 404 729 309	4	1	0
397	840 611 255 428	3	1	0
398	210 912 764 92	2	-1	0
399	18 478 714 687	1	-1	0
400	28 413 242 813	1	-1	0
401	295 151 352 504	3	4	0
402	244 58 896 100	2	-1	0
403	40 442 240 765	1	-1	0
404	915 865 258 950	3	4	0
405	32 208 129 203	1	-1	0
406	18 515 664 612	1	-1	0
407	857 103 836 838	4	1	0
408	57 359 207 592	3	1	0
409	651 121 518 77	3	2	0
410	865 622 120 59	3	1	0
411	710 137 733 490	2	-1	0
412	738 717 684 837	4	3	0
413	543 766 507 523	3	4	0
414	400 614 980 789	2	-1	0
415	855 639 381 617	2	-1	0
416	984 710 892 242	2	-1	0
417	47 896 275 843	1	-1	0
418	455 271 496 308	3	1	0
419	593 851 384 402	3	2	0
420	454 89 558 965	4	2	0
421	629 808 654 115	2	-1	0
422	39 251 235 787	1	-1	0
423	118 288 892 177	4	1	0
424	977 564 732 966	3	3	1
425	875 887 114 876	4	2	0
426	35 133 472 185	1	-1	0
427	700 175 328 185	4	3	0
428	887 380 150 372	4	3	0
429	49 257 388 817	1	-1	0
430	636 596 425 566	4	1	0
431	210 729 576 798	2	-1	0
432	13 822 414 881	1	-1	0
433	10 203 750 200	1	-1	0
434	45 448 729 641	1	-1	0
435	588 604 153 725	2	-1	0
436	861 305 394 912	4	4	0
437	733 106 186 491	4	4	0
438	719 972 142 123	3	3	0
439	421 987 482 691	3	3	0
440	6 368 165 412	1	-1	0
441	132 624 273 784	4	2	0
442	38 786 935 976	1	-1	0
443	632 173 182 825	3	4	0
444	519 796 295 759	3	1	1
445	808 781 472 705	4	4	0
446	223 831 713 128	2	-1	0
447	825 452 74 939	2	-1	0
448	12 332 304 461	1	-1	0
449	773 759 575 126	3	2	0
450	149 355 766 657	4	4	0
451	24 275 114 241	1	-1	0
452	56 75 314 488	3	4	0
453	32 450 408 212	1	-1	0
454	49 781 263 670	1	-1	0
455	945 860 137 482	3	2	0
456	900 857 322 358	4	2	0
457	27 291 955 690	1	-1	0
458	665 373 624 133	4	4	0
459	834 855 653 761	2	-1	0
460	22 458 300 146	1	-1	0
461	759 305 284 600	3	1	0
462	692 784 410 242	3	4	0
463	46 318 559 587	1	-1	0
464	512 749 121 738	2	-1	0
465	222 175 552 449	4	1	0
466	753 503 437 629	4	2	0
467	3 58 894 224	1	-1	0
468	288 190 830 238	4	3	0
469	933 1000 218 543	4	2	1
470	409 733 902 636	4	1	0
471	450 910 703 545	4	4	0
472	726 973 784 647	3	4	0
473	17 348 491 647	1	-1	0
474	738 73 722 556	4	2	0
475	35 153 784 382	1	-1	0
476	591 514 698 611	3	4	0
477	30 730 151 480	1	-1	0
478	934 896 496 839	2	-1	0
479	315 303 534 675	4	4	0
480	434 214 239 280	2	-1	0
481	861 204 319 487	4	1	0
482	44 228 459 222	1	-1	0
483	821 322 319 230	3	4	0
484	20 379 382 723	1	-1	0
485	79 855 975 600	4	1	0
486	150 326 244 599	2	-1	0
487	446 527 253 990	4	3	0
488	17 425 992 160	1	-1	0
489	413 70 117 205	3	4	0
490	24 874 529 723	1	-1	0
491	379 175 377 330	4	2	0
492	138 348 300 912	3	4	0
493	488 714 924 673	4	2	0
494	428 258 161 881	4	3	0
495	22 828 938 208	1	-1	0
496	30 878 681 926	1	-1	0
497	671 332 951 748	4	3	0
498	930 329 860 753	2	-1	0
499	349 288 333 146	2	-1	0
500	16 130 671 763	1	-1	0
