Students	500
1	45 234 449 921	1	-1	0
2	9 476 981 86	1	-1	0
3	377 380 216 277	4	1	0
4	192 283 279 537	4	3	0
5	713 143 183 508	2	-1	0
6	798 800 724 556	4	1	0
7	5 405 177 113	1	-1	0
8	588 784 420 491	2	-1	0
9	50 144 235 989	1	-1	0
10	256 725 328 756	4	1	0
11	183 366 667 324	3	2	0
12	785 611 730 770	4	4	0
13	652 906 304 765	4	1	0
14	712 544 646 671	3	4	0
15	6 931 626 681	1	-1	0
16	153 442 105 523	4	2	0
17	908 280 597 543	2	-1	0
18	44 776 977 200	1	-1	0
19	638 445 266 621	4	2	0
20	171 865 967 839	4	2	0
21	672 602 755 348	3	2	0
22	844 236 1000 436	3	1	0
23	969 146 611 923	3	3	0
24	475 502 72 570	3	3	0
25	309 178 913 745	4	3	0
26	244 313 249 632	3	2	0
27	586 996 526 979	2	-1	0
28	988 987 145 905	3	3	0
29	586 496 482 995	2	-1	0
30	18 104 326 178	1	-1	0
31	3 546 386 446	1	-1	0
32	604 209 366 505	2	-1	0
33	367 326 422 401	4	1	0
34	745 634 711 110	4	2	0
35	440 108 121 658	3	2	0
36	374 750 65 336	4	2	0
37	3 354 843 887	1	-1	0
38	524 376 326 1000	2	-1	0
39	71 408 714 613	4	1	0
40	187 390 328 969	4	3	0
41	439 473 88 61	3	1	0
42	26 147 109 894	1	-1	0
43	487 979 186 123	2	-1	0
44	704 271 326 488	4	4	0
45	101 139 457 397	2	-1	0
46	412 441 269 665	3	3	0
47	50 323 136 309	1	-1	0
48	611 146 305 737	3	4	0
49	30 257 656 930	1	-1	0
50	593 96 538 364	2	-1	0
51	25 561 906 456	1	-1	0
52	921 589 237 369	2	-1	0
53	13 719 242 263	1	-1	0
54	249 547 762 714	2	-1	0
55	39 776 908 84	1	-1	0
56	33 941 590 900	1	-1	0
57	456 789 151 150	2	-1	0
58	2 815 825 740	1	-1	0
59	948 73 834 947	4	4	0
60	160 494 396 517	3	4	0
61	979 987 214 328	2	-1	0
62	345 938 99 693	3	2	0
63	802 875 158 647	2	-1	0
64	106 998 869 833	4	3	0
65	44 691 360 872	1	-1	0
66	993 759 751 855	3	2	0
67	204 243 629 107	4	3	0
68	264 651 274 980	3	1	0
69	252 885 598 519	3	3	0
70	824 80 656 539	4	1	0
71	349 687 545 223	2	-1	0
72	12 508 935 283	1	-1	0
73	853 936 725 516	3	3	0
74	43 130 314 88	1	-1	0
75	899 366 467 578	2	-1	0
76	27 707 651 207	1	-1	0
77	25 684 542 454	1	-1	0
78	900 811 139 872	4	4	0
79	371 323 995 500	3	1	0
80	904 602 379 932	2	-1	0
81	466 610 671 871	2	-1	0
82	48 410 450 623	1	-1	0
83	973 464 438 304	4	4	0
84	110 313 453 205	4	1	0
85	708 835 64 84	4	4	0
86	888 400 564 666	2	-1	0
87	32 110 195 279	1	-1	0
88	223 896 205 774	4	4	0
89	8 604 786 321	1	-1	0
90	27 947 441 704	1	-1	0
91	376 151 157 802	2	-1	0
92	2 769 154 443	1	-1	0
93	779 316 949 714	2	-1	0
94	12 997 842 84	1	-1	0
95	414 53 268 915	2	-1	0
96	42 554 700 199	1	-1	0
97	41 917 116 390	1	-1	0
98	969 233 948 333	3	1	0
99	626 771 541 224	4	4	0
100	556 713 985 279	4	3	0
101	563 874 739 839	4	3	0
102	148 327 89 706	2	-1	0
103	950 394 296 294	3	2	0
104	137 879 718 110	4	1	0
105	29 157 262 84	1	-1	0
106	751 80 978 72	2	-1	0
107	18 667 706 539	1	-1	0
108	962 613 875 660	2	-1	1
109	855 384 336 777	3	4	0
110	836 266 678 446	2	-1	0
111	310 52 339 707	2	-1	0
112	9 940 425 579	1	-1	0
113	14 888 280 394	1	-1	1
114	729 326 322 104	3	3	0
115	226 261 777 956	3	1	0
116	475 1000 571 412	4	1	0
117	699 151 625 650	4	4	0
118	93 535 432 382	2	-1	0
119	44 424 195 899	1	-1	0
120	656 538 175 371	4	1	0
121	254 116 746 316	2	-1	0
122	47 375 482 82	1	-1	0
123	624 315 335 642	4	3	0
124	730 299 930 386	3	3	0
125	479 279 95 716	4	1	0
126	14 409 449 490	1	-1	0
127	148 522 810 157	3	2	0
128	24 369 52 750	1	-1	0
129	393 119 750 924	2	-1	0
130	168 263 959 521	4	3	0
131	12 479 672 495	1	-1	0
132	47 857 217 280	1	-1	0
133	6 167 486 925	1	-1	0
134	372 747 94 672	3	2	0
135	40 622 885 590	1	-1	0
136	966 564 538 518	3	4	0
137	119 680 661 804	2	-1	0
138	19 882 319 480	1	-1	0
139	388 426 434 136	3	2	0
140	427 351 888 979	4	4	0
141	889 395 466 553	4	4	0
142	317 753 467 940	2	-1	0
143	159 835 857 969	2	-1	0
144	520 883 147 477	4	2	0
145	304 205 982 920	3	1	0
146	261 826 573 270	4	4	0
147	780 643 330 598	3	4	0
148	92 125 621 469	4	3	0
149	19 507 256 52	1	-1	1
150	34 976 344 105	1	-1	0
151	448 233 485 160	4	2	0
152	111 338 455 872	4	2	0
153	43 193 679 1000	1	-1	0
154	19 894 435 872	1	-1	0
155	548 59 463 123	4	1	0
156	339 814 673 340	2	-1	0
157	37 502 392 567	1	-1	0
158	759 69 371 705	4	2	0
159	419 737 678 494	3	4	0
160	897 502 342 261	3	4	0
161	895 970 700 979	3	4	0
162	343 354 74 832	2	-1	0
163	26 595 96 973	1	-1	0
164	823 133 126 942	3	1	0
165	283 952 698 394	3	1	0
166	47 661 870 860	1	-1	0
167	259 53 961 521	3	1	0
168	42 174 446 347	1	-1	0
169	616 954 859 657	3	3	0
170	179 745 338 68	2	-1	0
171	518 627 960 242	2	-1	0
172	55 424 269 185	4	3	0
173	161 938 258 453	3	1	0
174	527 62 648 927	3	3	0
175	538 739 322 805	2	-1	0
176	425 458 812 91	4	3	0
177	37 827 832 178	1	-1	0
178	119 416 162 831	2	-1	0
179	304 517 105 763	3	3	0
180	855 898 818 988	4	3	0
181	408 352 472 196	4	1	0
182	740 465 749 864	2	-1	0
183	683 455 539 441	4	3	0
184	887 206 170 840	4	2	0
185	729 582 576 937	3	1	0
186	22 95 451 566	1	-1	0
187	33 254 709 616	1	-1	0
188	46 808 615 842	1	-1	0
189	305 516 666 67	2	-1	0
190	460 545 401 125	4	3	0
191	303 889 687 73	2	-1	0
192	1 754 405 338	1	-1	0
193	57 839 848 371	3	1	0
194	601 659 835 313	2	-1	0
195	46 500 611 539	1	-1	0
196	24 240 129 246	1	-1	0
197	69 245 806 66	2	-1	0
198	225 549 861 858	2	-1	0
199	834 763 525 825	3	3	0
200	169 240 708 488	3	4	0
201	251 775 662 769	3	2	0
202	486 408 633 766	4	1	0
203	200 521 384 446	4	1	0
204	207 640 649 157	4	3	0
205	840 109 211 959	3	1	0
206	14 238 885 492	1	-1	0
207	511 633 978 394	3	1	0
208	455 87 707 531	3	2	0
209	869 907 415 413	3	2	0
210	142 437 692 500	4	2	0
211	756 897 637 165	2	-1	1
212	604 82 447 989	3	1	0
213	423 420 996 410	4	2	0
214	198 501 755 286	3	1	0
215	12 943 991 51	1	-1	0
216	376 981 840 353	3	1	0
217	10 908 680 679	1	-1	0
218	197 491 635 73	2	-1	0
219	47 640 658 893	1	-1	0
220	468 666 557 854	2	-1	0
221	59 637 443 242	2	-1	0
222	808 530 348 261	3	3	0
223	50 979 854 802	1	-1	0
224	10 496 517 665	1	-1	0
225	411 154 869 300	3	4	0
226	314 942 57 376	4	4	0
227	941 528 237 215	2	-1	0
228	307 842 641 226	2	-1	0
229	573 165 840 65	3	2	0
230	3 748 364 144	1	-1	0
231	896 895 725 944	2	-1	0
232	525 395 793 607	4	1	1
233	41 700 85 126	1	-1	0
234	19 172 981 342	1	-1	0
235	849 671 325 474	3	2	0
236	214 910 261 697	4	4	0
237	37 902 992 214	1	-1	0
238	477 855 548 164	2	-1	0
239	784 614 286 944	2	-1	0
240	792 821 830 555	4	1	0
241	470 851 151 662	3	2	0
242	808 81 425 405	4	3	0
243	86 790 647 156	3	1	1
244	702 98 591 507	3	1	0
245	357 699 813 801	2	-1	0
246	33 220 98 298	1	-1	0
247	385 412 91 685	4	2	0
248	998 410 786 837	3	1	0
249	177 422 499 70	3	1	0
250	144 795 765 321	2	-1	0
251	754 993 819 691	4	4	0
252	669 610 873 719	3	2	0
253	93 110 547 205	2	-1	0
254	44 337 396 931	1	-1	0
255	662 418 106 608	4	3	0
256	50 423 127 338	1	-1	0
257	683 101 341 88	3	3	0
258	317 591 642 734	4	2	0
259	512 480 634 391	2	-1	0
260	187 363 367 775	3	4	0
261	738 896 365 709	4	4	0
262	26 724 380 456	1	-1	0
263	828 910 965 798	4	4	0
264	822 404 85 507	3	2	0
265	934 674 912 727	4	1	0
266	237 931 691 772	2	-1	0
267	477 391 830 735	4	1	0
268	11 132 728 665	1	-1	0
269	425 983 84 471	3	3	0
270	381 768 119 290	4	3	0
271	439 386 81 656	2	-1	0
272	544 280 762 898	2	-1	0
273	240 67 485 574	4	4	0
274	30 167 703 948	1	-1	0
275	50 440 941 592	1	-1	0
276	573 373 546 488	2	-1	0
277	1000 302 880 994	3	1	0
278	225 121 291 567	2	-1	0
279	16 924 167 760	1	-1	0
280	341 108 355 595	4	2	0
281	41 92 397 872	1	-1	0
282	539 140 572 443	3	1	0
283	438 290 701 383	3	3	0
284	888 277 178 370	4	3	0
285	6 510 839 898	1	-1	0
286	219 397 198 251	4	2	0
287	14 103 506 469	1	-1	0
288	743 764 155 419	2	-1	0
289	19 661 907 191	1	-1	0
290	998 605 83 386	3	3	0
291	304 283 795 122	4	4	0
292	456 467 57 529	3	1	0
293	259 580 898 482	4	4	0
294	764 129 659 157	3	1	0
295	832 221 183 246	3	1	0
296	64 303 536 365	3	1	0
297	604 440 991 421	3	4	0
298	38 535 734 561	1	-1	0
299	957 136 174 429	4	2	0
300	215 633 342 774	3	2	0
301	7 292 900 895	1	-1	0
302	242 984 251 591	3	4	0
303	112 805 161 879	3	3	0
304	644 641 498 485	3	3	0
305	180 294 123 602	2	-1	0
306	696 589 271 51	2	-1	0
307	36 154 331 856	1	-1	0
308	771 921 265 769	2	-1	0
309	43 794 969 812	1	-1	0
310	221 695 127 602	2	-1	0
311	48 614 752 377	1	-1	0
312	462 888 305 101	4	4	0
313	592 106 726 976	4	3	0
314	433 577 560 485	2	-1	0
315	781 919 708 596	4	2	0
316	938 700 201 424	3	2	0
317	231 721 109 859	3	1	0
318	114 654 756 237	3	3	0
319	658 568 84 473	2	-1	0
320	611 74 647 382	4	4	0
321	277 471 717 217	3	4	0
322	23 613 246 428	1	-1	0
323	28 907 347 806	1	-1	0
324	488 651 157 130	2	-1	0
325	354 952 92 669	4	1	0
326	46 547 220 829	1	-1	0
327	4 628 167 652	1	-1	0
328	338 502 597 308	3	3	0
329	973 198 345 860	2	-1	0
330	574 128 339 328	3	3	0
331	90 698 209 505	4	3	0
332	551 382 114 961	4	1	0
333	803 923 333 851	3	1	0
334	943 941 610 311	2	-1	0
335	6 722 108 604	1	-1	0
336	507 178 821 885	3	4	0
337	9 533 233 534	1	-1	0
338	359 505 550 995	4	2	0
339	522 190 910 992	4	2	0
340	765 961 541 605	3	2	0
341	750 834 656 203	2	-1	0
342	689 613 371 389	4	4	0
343	724 348 371 967	2	-1	0
344	170 743 645 177	2	-1	0
345	980 269 263 862	4	3	0
346	44 937 769 660	1	-1	0
347	554 100 427 610	2	-1	0
348	618 291 333 176	4	4	0
349	722 334 412 876	3	1	0
350	113 55 196 661	4	2	0
351	599 466 112 313	2	-1	0
352	630 125 319 303	2	-1	0
353	314 192 637 738	3	2	0
354	318 873 337 822	4	4	0
355	26 285 307 705	1	-1	0
356	17 665 286 922	1	-1	0
357	440 200 306 346	2	-1	0
358	651 782 516 604	2	-1	0
359	956 880 820 520	4	4	0
360	19 127 92 373	1	-1	0
361	698 406 771 797	3	1	0
362	166 712 347 957	3	4	0
363	965 89 478 393	4	2	0
364	809 318 844 522	2	-1	0
365	855 80 991 82	4	4	1
366	109 806 591 492	3	4	0
367	772 452 525 555	3	2	0
368	949 987 894 732	4	2	0
369	50 353 998 904	1	-1	0
370	403 337 189 283	2	-1	0
371	80 109 516 149	3	1	0
372	384 985 407 385	3	2	0
373	744 882 151 983	4	2	0
374	3 221 814 321	1	-1	0
375	983 619 579 291	3	2	0
376	315 227 319 973	2	-1	0
377	213 313 509 677	3	1	0
378	869 316 500 430	2	-1	0
379	46 260 602 820	1	-1	0
380	676 516 581 906	3	3	0
381	891 732 325 63	2	-1	0
382	228 598 601 800	4	4	0
383	759 528 813 214	2	-1	0
384	688 243 803 202	2	-1	0
385	747 347 405 954	3	2	0
386	663 596 173 284	2	-1	0
387	29 151 297 964	1	-1	0
388	154 190 196 604	4	3	0
389	25 504 832 448	1	-1	0
390	27 845 746 933	1	-1	0
391	620 292 896 117	2	-1	0
392	200 933 191 554	4	4	0
393	914 130 471 226	3	1	0
394	635 778 790 588	4	2	0
395	12 453 361 892	1	-1	0
396	717 570 213 978	4	3	0
397	733 521 129 667	2	-1	0
398	382 812 95 723	3	3	0
399	763 370 179 758	2	-1	0
400	381 221 658 245	2	-1	0
401	648 169 172 96	4	4	0
402	804 258 445 457	2	-1	1
403	14 955 709 357	1	-1	0
404	40 225 880 111	1	-1	0
405	330 965 615 74	3	2	0
406	43 794 720 488	1	-1	0
407	369 940 319 178	3	3	0
408	648 65 331 780	4	4	0
409	664 858 247 823	3	4	0
410	306 274 599 963	3	2	0
411	312 265 396 313	3	3	0
412	433 921 54 618	3	1	0
413	686 583 217 393	2	-1	0
414	83 761 775 703	4	2	0
415	937 296 137 129	2	-1	0
416	64 201 998 411	4	2	0
417	474 246 405 194	2	-1	0
418	83 824 104 423	2	-1	0
419	999 793 400 610	2	-1	0
420	31 754 678 787	1	-1	0
421	974 175 551 585	2	-1	0
422	840 502 366 707	4	3	0
423	160 777 900 563	4	3	0
424	132 496 422 97	2	-1	0
425	21 382 279 966	1	-1	0
426	18 364 582 612	1	-1	0
427	869 489 821 654	4	4	0
428	914 508 607 935	3	2	0
429	79 786 442 100	4	1	0
430	36 79 410 190	1	-1	0
431	50 832 810 251	1	-1	0
432	6 577 774 121	1	-1	0
433	425 239 198 306	3	2	0
434	732 900 517 152	3	2	0
435	889 616 420 436	3	3	0
436	43 256 480 371	1	-1	1
437	355 669 55 92	3	3	0
438	562 215 64 475	2	-1	0
439	759 776 229 447	2	-1	0
440	80 931 276 243	2	-1	0
441	658 561 911 442	4	1	0
442	384 537 514 295	3	4	0
443	266 105 854 956	2	-1	0
444	31 523 512 587	1	-1	0
445	194 163 582 637	3	2	0
446	888 701 162 708	4	1	0
447	941 62 826 298	4	1	0
448	256 704 158 806	2	-1	0
449	147 515 903 486	2	-1	0
450	388 690 853 578	2	-1	0
451	706 391 392 529	3	1	0
452	6 524 537 392	1	-1	0
453	19 296 112 764	1	-1	0
454	295 615 875 668	4	1	0
455	711 209 97 504	3	4	0
456	947 838 453 598	3	1	0
457	49 642 436 215	1	-1	0
458	369 537 660 818	2	-1	0
459	35 462 704 488	1	-1	0
460	14 801 794 416	1	-1	0
461	21 205 934 723	1	-1	0
462	172 768 269 605	3	2	0
463	260 343 725 840	3	2	0
464	441 419 157 748	2	-1	0
465	514 558 638 81	3	2	0
466	451 668 241 477	2	-1	0
467	728 678 836 624	4	4	0
468	48 824 896 356	1	-1	0
469	312 831 688 363	2	-1	0
470	126 767 393 468	4	1	0
471	522 836 457 364	3	1	0
472	582 137 771 715	4	1	0
473	133 623 283 578	3	4	0
474	222 191 603 176	4	3	0
475	37 953 939 581	1	-1	0
476	21 566 109 165	1	-1	0
477	35 702 552 661	1	-1	0
478	864 848 752 81	4	3	0
479	825 82 53 395	2	-1	0
480	1 158 936 931	1	-1	0
481	750 65 512 793	3	2	0
482	177 621 473 96	4	3	0
483	758 265 984 297	4	1	0
484	753 518 333 681	3	2	0
485	48 517 774 375	1	-1	0
486	839 821 487 638	4	2	0
487	10 198 294 982	1	-1	0
488	13 883 248 562	1	-1	0
489	9 374 405 142	1	-1	0
490	994 754 327 669	3	1	0
491	24 588 918 427	1	-1	0
492	518 821 97 146	4	4	0
493	61 811 200 452	4	2	0
494	94 63 409 769	2	-1	0
495	923 596 404 545	3	2	0
496	963 830 242 75	3	1	0
497	708 902 871 614	3	1	0
498	616 485 944 858	4	1	0
499	16 441 829 506	1	-1	0
500	456 737 564 237	2	-1	0
