Students	1000
1	26 16 27 49
2	18 23 9 2
3	12 48 47 28
4	7 41 46 12
5	36 34 42 11
6	20 34 47 28
7	46 12 32 16
8	34 18 23 30
9	45 46 35 4
10	1 49 34 47
11	25 40 49 23
12	3 2 20 19
13	27 46 9 18
14	24 39 35 25
15	20 41 29 49
16	30 18 10 12
17	33 7 36 19
18	42 39 14 41
19	35 22 16 7
20	16 14 1 32
21	41 50 44 37
22	44 21 31 20
23	4 11 24 8
24	4 46 24 19
25	28 17 47 33
26	44 30 40 10
27	3 9 14 28
28	41 33 14 29
29	2 22 16 18
30	31 11 12 35
31	11 45 50 41
32	36 7 4 20
33	39 33 26 6
34	40 30 16 2
35	5 45 24 36
36	44 17 18 25
37	3 48 19 21
38	7 31 3 28
39	28 26 32 17
40	6 32 1 21
41	42 40 43 46
42	45 36 31 22
43	32 14 22 23
44	29 42 24 15
45	35 43 19 46
46	20 1 41 3
47	46 39 22 29
48	30 8 43 35
49	40 20 13 49
50	47 20 12 44
51	24 15 1 50
52	26 15 1 38
53	43 39 26 22
54	42 33 40 38
55	39 31 4 42
56	27 34 6 49
57	43 42 29 48
58	25 4 29 13
59	44 42 2 4
60	9 16 37 19
61	29 9 20 39
62	42 8 4 12
63	34 36 38 4
64	41 28 23 27
65	3 31 16 5
66	22 21 17 47
67	12 50 31 2
68	39 32 50 45
69	46 50 42 2
70	20 18 31 30
71	15 6 40 4
72	5 6 48 42
73	24 1 47 36
74	44 18 14 11
75	14 27 6 44
76	6 39 14 34
77	6 27 22 50
78	43 31 12 29
79	1 43 37 50
80	21 2 29 50
81	44 16 11 22
82	49 6 20 24
83	25 8 21 4
84	36 40 30 13
85	10 33 45 38
86	49 3 7 26
87	40 23 32 4
88	31 45 20 33
89	12 33 7 15
90	7 5 50 6
91	47 1 15 24
92	30 41 5 32
93	26 40 49 36
94	26 15 50 29
95	7 32 40 18
96	39 36 35 4
97	41 38 12 32
98	48 26 6 37
99	41 18 25 20
100	39 11 5 12
101	11 17 26 7
102	23 22 32 4
103	33 30 35 20
104	8 41 6 19
105	1 46 30 10
106	30 21 42 23
107	43 23 28 7
108	13 11 34 36
109	43 26 11 9
110	16 3 6 7
111	35 10 46 30
112	13 29 19 24
113	45 2 27 21
114	32 22 5 31
115	32 7 2 41
116	2 3 45 6
117	6 40 28 35
118	16 25 7 6
119	30 20 36 33
120	50 42 24 14
121	47 15 38 9
122	28 24 25 46
123	22 39 36 26
124	30 15 3 29
125	14 17 25 24
126	12 5 3 14
127	31 27 40 17
128	27 46 13 45
129	6 37 5 17
130	12 46 38 50
131	39 40 45 43
132	34 42 36 41
133	36 17 14 25
134	23 10 21 37
135	32 45 15 40
136	39 49 6 16
137	44 22 24 17
138	16 7 3 2
139	28 16 37 42
140	34 13 18 46
141	19 13 5 35
142	14 39 49 21
143	43 45 49 17
144	34 37 7 1
145	47 40 10 12
146	19 20 5 7
147	45 1 40 48
148	1 36 48 21
149	21 28 10 11
150	33 8 37 15
151	24 28 23 17
152	15 34 13 25
153	26 12 17 41
154	2 21 41 17
155	38 7 32 48
156	27 4 39 30
157	40 39 41 12
158	30 39 8 31
159	1 2 32 31
160	36 16 26 1
161	33 42 50 11
162	49 2 37 48
163	46 9 8 18
164	35 45 16 43
165	39 35 3 13
166	7 3 9 23
167	2 30 18 48
168	4 44 8 48
169	21 41 8 4
170	6 40 38 34
171	9 31 3 33
172	39 49 15 33
173	6 27 21 49
174	7 15 29 3
175	10 16 13 45
176	29 45 19 21
177	27 38 23 35
178	16 47 18 15
179	41 20 8 18
180	20 34 49 9
181	50 17 11 20
182	1 24 22 19
183	29 21 39 22
184	6 19 41 11
185	42 4 21 29
186	2 7 39 15
187	13 45 44 38
188	49 37 21 2
189	15 25 27 16
190	43 19 18 40
191	19 5 37 49
192	32 9 37 23
193	24 25 15 50
194	47 17 13 48
195	48 42 27 16
196	11 39 38 48
197	10 13 42 47
198	37 48 50 30
199	12 35 49 48
200	36 19 48 12
201	23 21 42 9
202	33 2 16 41
203	26 49 33 15
204	40 9 39 28
205	35 48 9 39
206	44 38 43 16
207	42 18 6 44
208	36 20 10 11
209	12 8 43 33
210	10 21 29 13
211	9 22 17 28
212	8 15 5 29
213	37 22 45 16
214	2 48 20 39
215	41 39 35 42
216	44 31 39 29
217	24 7 40 9
218	21 2 34 22
219	31 10 21 9
220	29 43 6 42
221	13 25 7 15
222	10 32 38 13
223	15 45 48 14
224	10 21 4 23
225	8 14 4 16
226	14 33 26 8
227	2 26 8 17
228	40 37 32 7
229	12 48 13 19
230	44 28 26 25
231	15 13 33 40
232	20 31 2 14
233	9 2 31 26
234	42 21 44 23
235	3 32 13 43
236	25 27 3 20
237	39 50 15 10
238	24 30 20 4
239	20 28 21 34
240	48 31 28 15
241	21 13 12 18
242	16 42 18 33
243	38 14 35 19
244	11 1 17 36
245	45 50 25 18
246	16 17 32 22
247	34 47 28 6
248	28 38 17 35
249	26 31 38 41
250	30 47 7 4
251	2 46 6 37
252	30 2 48 16
253	23 29 19 15
254	38 28 45 4
255	27 49 9 42
256	14 5 3 32
257	2 39 21 12
258	44 24 42 46
259	6 47 13 39
260	5 14 45 28
261	22 2 13 19
262	2 14 34 26
263	12 50 22 26
264	10 24 2 39
265	42 43 37 5
266	18 39 41 33
267	48 46 26 34
268	39 50 41 40
269	45 37 47 27
270	2 28 50 30
271	25 47 5 49
272	17 42 16 20
273	2 29 7 42
274	25 35 10 36
275	42 5 20 43
276	41 47 13 38
277	11 35 48 15
278	45 42 37 12
279	30 2 28 36
280	45 7 49 47
281	16 31 24 13
282	5 30 34 26
283	21 12 5 11
284	34 6 35 2
285	29 15 24 23
286	41 38 10 7
287	14 35 13 39
288	36 8 42 9
289	13 21 36 39
290	20 28 35 44
291	41 48 31 26
292	41 1 27 40
293	35 11 44 33
294	18 29 17 37
295	48 33 19 9
296	6 41 7 26
297	38 8 12 23
298	50 5 37 34
299	30 23 46 40
300	33 42 24 37
301	20 47 39 27
302	19 6 3 43
303	36 45 34 50
304	46 20 15 28
305	23 16 32 27
306	28 3 44 5
307	29 40 30 25
308	18 15 19 40
309	3 10 33 21
310	1 32 25 26
311	16 50 9 45
312	37 44 49 42
313	43 20 48 15
314	18 1 25 47
315	7 10 16 30
316	15 17 21 49
317	16 46 25 40
318	49 26 9 4
319	33 47 48 29
320	8 10 37 4
321	36 18 5 39
322	29 17 11 21
323	20 2 24 25
324	48 24 4 37
325	15 30 39 26
326	43 37 20 19
327	47 44 41 12
328	11 20 29 41
329	3 23 37 28
330	5 40 27 38
331	36 46 1 14
332	20 5 2 27
333	28 39 42 29
334	27 14 38 36
335	23 20 11 46
336	26 31 48 14
337	22 47 20 4
338	50 49 13 42
339	23 4 15 48
340	50 21 37 10
341	34 1 5 21
342	4 1 47 32
343	18 12 40 49
344	12 44 3 21
345	31 36 13 39
346	38 31 27 4
347	14 26 28 4
348	38 36 33 22
349	22 42 16 7
350	21 16 19 27
351	15 8 12 16
352	7 17 11 16
353	25 6 2 5
354	24 50 18 22
355	35 3 48 45
356	49 15 44 46
357	37 28 7 13
358	12 38 23 30
359	13 10 17 30
360	38 29 28 5
361	28 25 26 42
362	19 43 45 31
363	49 18 11 24
364	19 25 31 30
365	27 23 42 16
366	26 15 11 1
367	4 28 2 45
368	7 38 6 41
369	35 17 11 1
370	41 48 30 10
371	28 35 18 32
372	12 49 45 26
373	40 28 37 16
374	23 19 50 46
375	31 21 25 8
376	4 26 12 40
377	16 14 3 13
378	26 3 8 38
379	36 1 28 49
380	26 22 36 44
381	11 4 8 47
382	16 13 41 14
383	44 50 34 32
384	33 4 46 15
385	48 25 19 46
386	22 39 43 5
387	4 39 1 43
388	46 23 11 28
389	48 36 27 46
390	26 21 29 2
391	43 23 8 19
392	10 14 5 31
393	39 48 26 25
394	4 40 9 33
395	20 10 43 15
396	36 14 34 10
397	25 30 36 6
398	21 42 3 5
399	45 39 36 3
400	4 22 21 6
401	11 4 14 6
402	16 33 48 37
403	10 44 35 29
404	13 8 6 10
405	36 12 35 3
406	24 10 5 23
407	25 15 34 3
408	30 47 42 18
409	32 49 47 41
410	49 48 45 24
411	18 46 8 48
412	24 11 50 8
413	21 49 31 23
414	34 47 36 40
415	30 45 24 14
416	8 24 19 22
417	49 27 30 6
418	18 23 17 39
419	11 3 32 7
420	17 48 1 20
421	12 18 34 5
422	36 34 17 22
423	24 9 49 37
424	30 16 4 23
425	21 45 17 4
426	10 4 16 47
427	11 23 34 14
428	3 26 15 46
429	43 28 49 24
430	21 32 23 29
431	47 19 26 21
432	39 12 47 10
433	50 22 40 4
434	17 39 19 43
435	21 12 18 49
436	43 35 29 32
437	18 32 14 24
438	35 46 6 44
439	10 7 12 32
440	49 12 23 24
441	8 44 13 16
442	4 32 30 41
443	21 4 30 26
444	25 42 10 19
445	26 18 6 48
446	1 10 42 11
447	43 41 49 25
448	46 26 13 5
449	26 21 31 10
450	19 4 40 42
451	45 17 40 36
452	25 2 20 7
453	10 1 27 29
454	6 13 2 48
455	35 38 12 39
456	19 5 12 38
457	18 35 5 48
458	33 20 43 34
459	9 19 17 16
460	21 44 29 6
461	13 49 30 43
462	22 8 15 7
463	47 12 25 39
464	21 31 10 30
465	47 8 10 7
466	30 29 31 39
467	29 9 39 37
468	19 29 48 16
469	19 44 22 18
470	32 49 3 11
471	35 28 5 4
472	42 20 27 7
473	39 19 14 10
474	5 14 37 1
475	43 44 1 20
476	31 2 10 11
477	10 26 23 12
478	15 50 4 18
479	38 6 11 30
480	35 25 40 50
481	42 17 46 39
482	42 5 11 36
483	24 40 44 47
484	36 5 32 47
485	13 1 4 42
486	20 38 44 13
487	36 43 31 3
488	47 27 4 40
489	17 23 28 30
490	46 5 22 23
491	48 33 13 4
492	47 1 21 3
493	49 46 21 20
494	49 46 21 2
495	7 26 32 8
496	38 1 40 33
497	6 26 43 21
498	1 30 4 45
499	15 32 11 47
500	19 2 21 39
501	45 9 21 18
502	26 11 50 36
503	35 1 4 27
504	31 18 46 32
505	9 44 23 28
506	45 41 42 39
507	23 38 33 41
508	38 9 15 37
509	12 47 28 1
510	34 23 10 8
511	36 34 30 23
512	8 28 33 10
513	26 34 20 7
514	50 37 31 2
515	50 28 34 37
516	39 44 1 9
517	4 21 48 30
518	20 33 48 38
519	46 36 16 41
520	47 43 26 29
521	32 33 31 29
522	23 8 45 22
523	19 39 10 43
524	25 13 12 22
525	2 32 41 37
526	43 31 17 34
527	38 2 42 45
528	2 3 20 4
529	5 21 40 4
530	7 35 18 13
531	2 31 28 45
532	19 22 18 23
533	37 19 3 6
534	19 50 17 2
535	32 37 7 49
536	4 33 30 20
537	13 30 8 15
538	20 22 2 40
539	42 2 8 22
540	5 42 1 41
541	46 29 41 38
542	49 10 13 40
543	38 28 49 46
544	18 1 28 36
545	25 37 28 42
546	45 32 7 42
547	9 36 5 47
548	43 47 31 12
549	14 42 7 31
550	26 48 14 11
551	2 28 21 1
552	46 8 44 17
553	25 39 48 23
554	16 11 6 37
555	42 1 7 2
556	41 10 46 34
557	6 20 17 14
558	39 14 6 30
559	17 21 35 27
560	29 26 24 35
561	43 48 13 7
562	13 39 19 3
563	44 28 31 16
564	28 49 50 35
565	32 37 11 18
566	9 24 19 41
567	21 19 1 3
568	14 12 43 30
569	43 11 30 44
570	24 40 44 32
571	26 28 29 5
572	50 7 2 47
573	27 44 20 37
574	45 11 44 16
575	46 48 28 14
576	26 35 6 29
577	41 20 23 32
578	29 48 22 27
579	5 15 23 20
580	4 2 5 6
581	21 9 16 2
582	16 14 50 2
583	16 8 40 28
584	38 17 15 35
585	12 20 49 44
586	37 24 41 28
587	49 10 3 30
588	42 20 27 45
589	33 6 37 43
590	13 36 11 6
591	10 5 36 2
592	43 35 16 1
593	37 2 31 48
594	41 17 38 25
595	13 39 3 22
596	6 35 8 2
597	3 30 50 6
598	44 11 49 28
599	21 1 10 47
600	48 29 37 50
601	44 7 18 32
602	45 33 23 20
603	7 49 47 30
604	3 6 25 38
605	30 50 12 14
606	40 47 36 26
607	44 28 14 49
608	44 15 36 42
609	17 34 42 24
610	13 2 48 7
611	43 28 22 37
612	1 39 46 17
613	48 46 18 31
614	9 25 10 31
615	24 17 49 6
616	31 26 23 39
617	5 16 40 29
618	37 1 19 39
619	33 7 5 11
620	34 22 33 15
621	26 48 25 38
622	47 9 16 48
623	48 43 38 27
624	7 19 27 40
625	28 11 24 44
626	40 25 9 2
627	47 45 17 11
628	38 12 48 16
629	30 10 50 4
630	46 47 18 34
631	23 9 42 31
632	39 3 4 28
633	33 39 14 37
634	35 46 8 30
635	20 17 21 6
636	17 15 50 13
637	16 35 36 26
638	35 47 6 7
639	43 15 31 22
640	17 50 13 25
641	24 48 32 42
642	49 50 18 10
643	17 4 10 32
644	41 7 35 38
645	8 45 43 11
646	48 28 11 22
647	40 37 43 48
648	11 45 8 44
649	12 21 6 44
650	35 40 42 23
651	12 10 36 19
652	7 2 47 18
653	48 25 19 6
654	37 36 1 49
655	24 45 4 11
656	34 22 28 48
657	31 48 29 15
658	37 19 2 27
659	26 24 38 12
660	20 22 36 32
661	18 11 28 23
662	45 6 32 47
663	27 28 17 6
664	9 28 15 35
665	11 27 25 40
666	14 19 25 44
667	43 12 27 6
668	17 31 39 43
669	5 26 16 38
670	10 37 40 32
671	11 42 10 3
672	26 43 31 4
673	18 48 19 34
674	46 45 6 22
675	31 45 24 21
676	13 1 17 2
677	50 36 33 26
678	49 25 23 45
679	43 19 35 15
680	48 25 2 50
681	14 8 22 25
682	41 47 31 23
683	25 50 5 27
684	45 29 5 4
685	35 26 1 46
686	47 32 33 46
687	47 39 27 44
688	14 18 20 22
689	40 37 20 17
690	32 42 27 24
691	39 36 43 32
692	11 40 10 31
693	18 21 38 11
694	5 24 18 30
695	33 14 5 12
696	33 47 38 23
697	37 40 24 14
698	24 7 29 15
699	35 1 20 49
700	50 25 30 20
701	10 1 33 14
702	48 16 36 22
703	16 21 1 45
704	17 23 8 26
705	47 28 18 7
706	50 12 5 35
707	34 41 1 27
708	1 38 3 35
709	9 6 13 30
710	18 49 19 30
711	40 2 48 21
712	10 18 28 36
713	23 44 46 37
714	6 32 14 46
715	30 31 6 14
716	18 22 42 46
717	50 9 21 19
718	31 11 29 17
719	21 5 23 20
720	41 25 29 3
721	28 5 36 33
722	8 3 9 24
723	11 31 47 10
724	47 21 36 2
725	13 4 7 19
726	3 31 6 50
727	42 11 8 35
728	5 43 40 8
729	12 46 39 49
730	36 23 15 26
731	27 16 38 41
732	49 30 18 42
733	7 42 3 24
734	26 9 15 46
735	43 22 11 9
736	14 37 29 2
737	24 25 33 30
738	28 11 6 13
739	4 15 5 34
740	48 49 37 31
741	33 24 27 5
742	34 24 18 48
743	16 13 21 12
744	28 33 46 32
745	4 15 30 5
746	39 18 34 19
747	41 35 1 13
748	10 11 5 21
749	50 11 5 19
750	19 43 14 13
751	26 37 41 38
752	5 21 46 36
753	3 22 31 50
754	1 46 31 7
755	26 21 36 35
756	35 9 36 40
757	47 49 21 48
758	1 45 19 14
759	41 15 48 4
760	28 7 2 45
761	16 39 2 15
762	28 4 33 13
763	9 2 33 11
764	28 48 33 4
765	23 46 8 28
766	47 50 48 34
767	16 6 7 30
768	8 7 35 46
769	34 37 31 1
770	15 49 25 10
771	31 9 25 41
772	14 9 1 31
773	32 4 50 43
774	9 12 15 2
775	16 11 42 39
776	6 21 43 45
777	37 13 35 28
778	38 12 30 1
779	12 40 49 36
780	48 26 16 6
781	1 22 9 13
782	32 37 49 35
783	39 28 20 14
784	9 40 41 47
785	32 13 30 33
786	29 3 13 27
787	14 15 18 22
788	21 48 45 19
789	28 8 29 20
790	43 15 26 36
791	31 15 50 13
792	47 20 4 30
793	13 29 15 46
794	17 29 15 40
795	25 41 27 43
796	39 5 7 29
797	40 16 43 44
798	50 45 26 2
799	45 23 46 41
800	46 30 20 6
801	26 37 31 30
802	49 29 35 32
803	47 44 32 28
804	36 6 23 31
805	42 20 39 11
806	24 19 17 6
807	39 49 25 41
808	13 9 5 47
809	30 43 13 14
810	44 39 23 19
811	42 46 47 50
812	3 35 6 17
813	13 1 31 20
814	31 9 27 44
815	28 1 50 48
816	22 16 47 27
817	31 12 50 47
818	41 42 27 31
819	3 32 4 8
820	28 37 35 1
821	46 18 24 45
822	35 36 48 49
823	40 35 33 39
824	45 36 28 4
825	30 16 11 21
826	48 27 14 2
827	30 17 47 22
828	36 13 26 39
829	30 2 36 34
830	50 40 39 28
831	18 25 43 48
832	24 1 32 14
833	29 28 26 10
834	22 40 31 26
835	25 3 39 26
836	31 48 21 33
837	7 12 47 3
838	26 4 18 47
839	46 38 44 10
840	21 16 22 19
841	2 49 35 45
842	37 23 17 50
843	46 1 27 6
844	35 30 11 19
845	31 39 7 37
846	15 19 45 23
847	18 20 14 2
848	44 14 6 11
849	50 21 14 22
850	10 45 9 38
851	37 39 13 20
852	27 16 38 20
853	25 47 13 45
854	27 47 42 41
855	45 40 5 35
856	16 10 29 23
857	28 37 12 29
858	30 9 12 20
859	50 9 3 7
860	9 19 34 29
861	48 50 42 27
862	18 45 13 27
863	38 3 33 35
864	17 2 47 16
865	47 16 22 7
866	47 6 27 15
867	1 19 33 40
868	13 7 46 1
869	2 17 28 7
870	14 7 36 10
871	21 45 36 3
872	8 24 4 17
873	41 17 34 13
874	17 32 10 24
875	1 8 27 14
876	9 8 33 45
877	8 12 31 28
878	4 34 29 27
879	2 50 5 30
880	37 40 33 4
881	26 46 39 42
882	15 12 21 32
883	6 34 33 45
884	24 18 10 35
885	33 15 21 8
886	32 6 25 49
887	50 37 14 38
888	31 7 29 2
889	44 10 23 19
890	29 30 40 44
891	47 49 13 12
892	30 12 35 34
893	39 44 1 21
894	2 19 41 47
895	35 31 30 32
896	38 4 2 19
897	50 14 5 38
898	1 47 34 8
899	3 6 28 48
900	39 28 22 49
901	50 37 24 26
902	31 39 42 2
903	10 1 20 47
904	27 7 4 29
905	30 42 15 12
906	38 5 45 8
907	7 14 10 47
908	29 33 40 12
909	33 26 48 29
910	25 15 9 19
911	11 6 34 17
912	1 32 9 28
913	11 36 23 39
914	36 40 16 31
915	19 45 12 30
916	8 49 17 27
917	17 47 6 30
918	21 7 35 14
919	26 15 32 35
920	35 26 32 41
921	50 46 14 39
922	49 14 37 26
923	48 1 37 40
924	49 26 47 25
925	26 19 32 20
926	17 26 27 49
927	38 23 17 1
928	22 7 11 37
929	2 35 20 5
930	10 26 44 38
931	34 46 18 31
932	25 38 35 22
933	14 37 28 4
934	20 12 11 50
935	43 17 1 41
936	29 12 9 19
937	41 21 5 8
938	19 44 17 14
939	8 12 15 41
940	6 42 12 37
941	47 44 1 39
942	44 26 15 29
943	12 32 41 8
944	47 34 36 33
945	32 1 49 10
946	32 49 27 8
947	32 9 31 7
948	18 34 23 3
949	32 35 21 37
950	40 39 12 29
951	50 26 40 14
952	36 22 43 37
953	28 50 8 43
954	2 37 42 8
955	32 43 40 23
956	18 43 46 50
957	31 12 37 15
958	32 10 14 12
959	37 28 4 27
960	12 14 29 40
961	20 32 15 40
962	43 32 9 13
963	1 20 32 35
964	24 6 48 45
965	38 45 3 8
966	10 12 20 16
967	14 11 43 31
968	21 11 50 3
969	50 25 21 27
970	35 39 28 14
971	17 13 37 47
972	36 37 27 43
973	23 24 13 4
974	47 26 45 14
975	38 41 4 40
976	27 45 20 25
977	41 12 45 6
978	20 44 9 13
979	1 34 17 24
980	24 27 6 23
981	35 20 49 18
982	48 10 43 9
983	39 13 33 36
984	38 43 39 10
985	37 26 42 18
986	26 1 38 14
987	6 12 15 17
988	35 29 6 4
989	28 40 43 26
990	30 33 5 35
991	28 1 16 35
992	32 34 7 43
993	2 16 40 4
994	11 22 10 13
995	3 8 24 26
996	2 18 32 16
997	14 27 19 45
998	48 15 33 50
999	45 35 47 6
1000	18 6 20 19
