Students	1000
1	31 1 17 29
2	22 40 35 9
3	44 47 7 34
4	20 35 15 11
5	35 12 42 45
6	29 12 25 7
7	20 5 47 35
8	36 33 2 47
9	24 44 18 6
10	40 21 41 6
11	7 37 22 3
12	13 32 21 25
13	11 2 12 17
14	50 15 6 19
15	31 24 9 49
16	22 19 11 36
17	12 26 25 46
18	31 47 26 33
19	35 13 26 44
20	29 2 33 1
21	38 40 42 6
22	7 20 34 33
23	11 30 17 13
24	35 45 5 43
25	7 50 18 14
26	17 45 13 28
27	20 27 40 19
28	45 36 18 42
29	9 36 2 10
30	31 6 32 34
31	37 6 45 42
32	22 40 26 27
33	8 31 27 35
34	17 22 49 43
35	31 29 16 1
36	4 13 26 12
37	32 45 44 28
38	22 31 45 50
39	14 20 40 42
40	12 28 16 24
41	2 27 5 48
42	12 39 29 1
43	39 31 41 24
44	7 47 6 27
45	26 20 28 49
46	11 2 5 46
47	32 38 23 22
48	33 8 35 47
49	7 43 22 39
50	2 24 11 20
51	12 22 25 5
52	37 17 24 6
53	30 2 3 35
54	7 15 35 32
55	11 26 48 46
56	2 20 27 39
57	11 10 50 23
58	44 43 2 33
59	12 43 40 20
60	20 10 31 4
61	19 34 4 21
62	12 1 4 31
63	20 17 29 18
64	19 15 17 43
65	18 29 19 17
66	21 31 42 7
67	15 12 25 21
68	49 37 8 13
69	31 28 23 15
70	34 4 44 32
71	33 30 42 25
72	22 1 34 38
73	21 24 29 23
74	20 47 18 31
75	29 10 26 2
76	48 18 14 10
77	17 25 34 3
78	33 13 4 47
79	7 31 49 25
80	10 41 15 1
81	12 33 24 16
82	33 25 43 14
83	48 17 14 15
84	21 38 14 25
85	28 36 12 33
86	1 32 36 8
87	42 47 8 19
88	29 24 3 25
89	34 35 28 39
90	4 16 36 12
91	4 8 24 42
92	2 12 35 47
93	36 50 4 11
94	46 12 3 32
95	16 12 11 10
96	37 16 22 29
97	28 20 41 4
98	39 47 48 6
99	8 38 33 30
100	45 20 44 6
101	6 2 45 33
102	8 22 27 32
103	2 15 43 44
104	49 32 17 45
105	48 9 12 44
106	19 1 6 40
107	47 33 49 42
108	48 31 33 43
109	28 13 21 41
110	20 37 40 8
111	10 27 15 14
112	3 18 28 20
113	33 49 1 16
114	41 45 24 38
115	42 45 28 41
116	28 4 22 8
117	11 15 6 49
118	27 35 41 38
119	45 18 43 22
120	7 31 45 35
121	30 25 37 34
122	1 6 9 50
123	47 6 15 9
124	4 20 28 50
125	42 39 16 17
126	4 28 45 24
127	30 6 47 5
128	24 28 40 14
129	29 30 45 27
130	36 22 39 48
131	41 17 47 13
132	32 13 36 9
133	26 35 47 6
134	50 22 8 19
135	40 21 49 33
136	43 8 11 42
137	29 16 4 14
138	18 50 16 17
139	22 33 28 12
140	6 25 3 28
141	46 6 38 3
142	31 35 49 43
143	26 37 1 11
144	42 38 20 26
145	41 1 20 26
146	14 25 19 23
147	29 17 34 12
148	14 6 12 21
149	2 49 25 5
150	24 44 43 27
151	35 20 45 29
152	12 42 1 19
153	16 14 39 24
154	31 34 49 46
155	17 38 36 22
156	42 35 37 47
157	1 29 10 37
158	48 44 40 50
159	29 14 16 32
160	32 22 31 11
161	40 47 48 14
162	5 23 44 45
163	36 15 42 29
164	47 38 28 22
165	44 49 43 46
166	30 32 19 23
167	40 15 1 43
168	36 6 30 42
169	23 22 34 13
170	44 35 32 19
171	36 42 48 16
172	4 29 20 33
173	32 15 33 44
174	18 47 21 42
175	8 4 6 28
176	33 2 25 24
177	16 2 43 27
178	31 45 42 16
179	28 40 47 10
180	42 47 20 29
181	35 41 2 37
182	42 13 8 15
183	38 23 20 4
184	2 44 23 25
185	13 48 46 14
186	20 2 7 43
187	11 20 18 8
188	40 9 20 23
189	26 45 32 19
190	4 7 45 18
191	7 29 24 45
192	36 37 14 20
193	1 30 42 50
194	26 29 19 15
195	24 19 28 3
196	10 19 17 16
197	40 47 39 2
198	1 34 10 14
199	48 33 46 40
200	33 3 48 34
201	43 12 7 48
202	21 1 33 44
203	20 10 1 13
204	18 43 13 17
205	49 34 45 4
206	34 41 25 5
207	45 39 35 10
208	5 24 17 42
209	16 13 21 6
210	41 17 20 28
211	19 38 35 30
212	24 13 46 11
213	6 16 38 31
214	34 23 17 14
215	46 28 21 37
216	5 25 36 32
217	14 15 49 13
218	47 33 9 4
219	1 20 18 46
220	24 35 20 27
221	42 32 30 48
222	24 9 32 34
223	21 42 10 15
224	22 50 15 39
225	45 10 1 31
226	42 33 18 39
227	25 21 18 32
228	42 45 11 31
229	41 16 11 31
230	40 34 39 21
231	31 21 11 43
232	21 3 29 9
233	23 7 37 24
234	15 29 28 7
235	12 3 22 32
236	10 26 48 44
237	24 15 18 2
238	46 10 20 12
239	36 46 20 2
240	5 28 30 44
241	48 3 32 29
242	46 15 44 7
243	7 27 37 8
244	38 25 7 43
245	16 21 27 1
246	2 43 13 34
247	37 26 47 38
248	21 28 44 41
249	26 46 39 45
250	7 13 3 32
251	34 36 45 5
252	19 15 27 49
253	24 10 16 43
254	35 2 1 43
255	29 37 22 8
256	28 30 11 31
257	31 23 29 48
258	50 38 32 31
259	38 33 18 23
260	36 43 39 2
261	20 23 15 41
262	21 13 22 4
263	40 13 48 23
264	46 42 43 37
265	45 31 9 42
266	30 37 24 25
267	8 50 30 33
268	15 22 39 8
269	32 21 36 15
270	1 38 49 28
271	41 45 47 18
272	23 48 8 27
273	6 3 31 39
274	31 40 39 7
275	14 35 43 32
276	35 9 36 50
277	50 26 10 35
278	35 13 9 28
279	9 33 18 38
280	37 28 39 1
281	48 38 37 33
282	20 10 40 30
283	39 30 6 16
284	15 21 1 24
285	35 45 49 20
286	37 33 48 17
287	15 21 42 8
288	32 10 48 49
289	27 19 9 32
290	22 36 42 46
291	9 4 48 25
292	31 39 15 35
293	33 32 8 29
294	35 38 37 9
295	7 46 44 31
296	29 40 23 19
297	39 33 26 8
298	19 3 35 45
299	49 40 16 8
300	20 3 47 25
301	16 34 37 32
302	9 21 12 23
303	2 13 17 36
304	10 50 15 5
305	11 14 16 37
306	42 22 24 50
307	37 36 15 5
308	2 20 34 1
309	12 33 6 45
310	19 42 15 17
311	15 31 28 45
312	19 45 46 28
313	3 11 23 48
314	43 48 2 46
315	10 33 23 6
316	38 30 47 40
317	29 24 50 17
318	11 27 10 22
319	49 18 4 16
320	38 14 1 41
321	35 21 32 46
322	18 49 13 32
323	12 42 46 15
324	27 25 45 23
325	33 21 42 17
326	49 27 14 12
327	47 23 36 34
328	31 17 27 34
329	44 33 42 48
330	48 32 30 14
331	30 27 8 2
332	32 38 3 33
333	31 7 39 41
334	37 19 36 8
335	16 47 41 12
336	36 6 42 11
337	45 46 12 10
338	28 38 29 32
339	16 7 24 47
340	36 45 18 5
341	49 29 28 13
342	8 22 17 4
343	41 15 16 46
344	15 26 41 2
345	38 21 47 6
346	12 40 38 10
347	25 22 5 26
348	49 36 50 3
349	15 6 17 25
350	40 20 44 28
351	43 28 45 6
352	20 2 48 31
353	10 8 49 44
354	14 46 15 22
355	38 21 17 2
356	43 40 27 15
357	31 20 25 4
358	38 31 5 40
359	19 13 31 26
360	8 14 39 13
361	36 46 18 7
362	25 17 30 41
363	38 8 9 1
364	2 42 50 16
365	45 32 28 25
366	41 23 31 29
367	13 32 46 21
368	24 39 12 17
369	9 38 8 15
370	36 41 31 34
371	43 20 10 37
372	3 16 42 4
373	39 27 20 49
374	30 39 49 2
375	24 37 38 18
376	4 50 17 33
377	19 38 44 42
378	42 2 13 11
379	28 36 32 42
380	1 17 7 33
381	17 5 20 4
382	17 18 39 33
383	47 28 42 45
384	23 13 7 18
385	22 35 17 48
386	20 35 44 13
387	3 28 23 13
388	16 23 12 37
389	36 25 20 39
390	16 28 11 12
391	17 41 10 29
392	50 17 45 39
393	8 34 50 45
394	34 1 12 44
395	22 48 7 32
396	43 20 45 5
397	47 1 23 32
398	40 23 44 19
399	33 22 28 42
400	5 27 29 49
401	12 6 14 11
402	15 20 3 47
403	41 35 48 33
404	38 19 3 46
405	8 32 23 48
406	47 24 35 17
407	7 37 6 26
408	28 41 46 35
409	18 26 43 9
410	9 35 36 24
411	50 37 46 40
412	50 45 11 12
413	14 28 18 30
414	14 13 24 11
415	38 16 8 22
416	32 1 45 23
417	42 20 38 48
418	32 8 30 31
419	25 30 21 43
420	46 29 28 13
421	50 32 14 13
422	28 33 22 25
423	21 42 16 23
424	31 50 44 20
425	8 13 19 43
426	19 2 26 36
427	12 50 34 20
428	16 27 22 12
429	11 44 2 48
430	27 12 3 39
431	5 18 44 15
432	4 26 3 46
433	7 29 31 39
434	13 18 31 33
435	39 23 22 37
436	1 11 30 14
437	13 28 1 14
438	39 44 47 6
439	35 48 41 31
440	43 2 4 33
441	41 32 33 14
442	39 32 16 1
443	29 19 42 32
444	48 5 39 4
445	50 38 33 17
446	30 3 12 32
447	28 23 5 6
448	40 46 31 26
449	33 14 1 16
450	7 38 31 11
451	19 37 16 1
452	39 50 28 43
453	8 10 26 17
454	38 33 37 30
455	46 38 40 20
456	36 3 29 33
457	5 34 30 17
458	45 40 37 34
459	40 15 14 46
460	36 32 46 38
461	28 21 42 38
462	9 41 25 38
463	25 17 49 32
464	17 43 38 2
465	26 32 16 1
466	40 46 12 7
467	29 32 12 3
468	37 45 8 20
469	37 5 7 46
470	46 14 31 42
471	34 39 17 31
472	17 18 26 41
473	7 44 48 33
474	33 2 23 17
475	32 10 12 24
476	49 24 3 7
477	23 49 24 12
478	11 4 27 10
479	4 12 20 32
480	20 14 41 37
481	44 25 4 36
482	46 31 34 7
483	19 38 41 30
484	34 19 32 13
485	42 38 21 6
486	30 32 50 44
487	9 40 19 34
488	16 21 33 2
489	24 44 16 7
490	24 26 49 41
491	10 31 45 9
492	43 5 25 2
493	40 28 41 33
494	48 43 4 40
495	45 26 14 30
496	21 13 10 1
497	42 18 1 13
498	31 14 11 8
499	29 9 27 37
500	19 31 22 6
501	48 2 14 22
502	32 39 40 47
503	1 4 8 30
504	49 17 48 32
505	46 48 25 9
506	1 48 6 31
507	33 2 8 3
508	20 43 33 4
509	40 50 45 15
510	38 39 21 9
511	22 46 23 9
512	25 26 48 2
513	4 20 2 39
514	11 32 22 36
515	39 40 46 31
516	21 22 3 14
517	11 34 37 45
518	9 32 50 21
519	21 49 29 8
520	8 40 12 30
521	2 39 28 3
522	50 1 49 14
523	23 8 28 44
524	3 25 28 39
525	39 40 6 23
526	18 40 15 24
527	28 38 27 25
528	40 41 33 13
529	41 37 18 8
530	39 11 22 2
531	33 34 14 25
532	49 1 15 2
533	37 34 29 18
534	32 36 23 14
535	2 28 46 26
536	49 44 42 26
537	31 11 36 43
538	43 34 39 38
539	16 47 49 37
540	22 13 38 44
541	32 20 37 39
542	16 3 30 44
543	11 34 15 48
544	48 43 44 47
545	45 22 46 7
546	41 27 35 7
547	31 28 15 30
548	46 7 21 44
549	33 37 5 2
550	20 18 1 26
551	48 33 21 35
552	24 14 35 33
553	27 36 50 24
554	31 12 43 47
555	21 46 44 31
556	22 5 37 49
557	2 36 39 33
558	9 24 31 32
559	4 5 18 35
560	27 42 15 48
561	33 6 40 42
562	11 22 25 49
563	28 10 5 20
564	9 40 32 22
565	18 42 49 3
566	7 3 41 39
567	2 24 18 41
568	48 43 35 3
569	49 14 29 7
570	37 31 12 22
571	23 19 41 48
572	9 41 2 7
573	28 3 26 35
574	18 7 13 2
575	46 13 29 12
576	14 3 50 18
577	30 48 18 9
578	10 49 25 42
579	47 9 19 3
580	14 15 45 47
581	22 46 49 23
582	21 28 6 37
583	7 2 50 40
584	6 21 32 48
585	47 41 24 9
586	30 29 36 17
587	47 16 26 35
588	38 47 37 44
589	11 13 27 33
590	30 3 21 26
591	23 22 11 20
592	38 35 5 25
593	3 35 28 6
594	24 48 23 27
595	41 20 36 47
596	36 43 18 39
597	40 30 39 7
598	19 6 40 48
599	27 39 36 12
600	13 21 18 38
601	38 27 31 25
602	16 26 15 23
603	37 29 45 9
604	39 4 30 7
605	8 46 29 47
606	42 36 10 20
607	42 43 30 49
608	37 4 6 46
609	23 43 46 45
610	1 28 21 19
611	40 25 32 41
612	10 18 25 11
613	37 1 23 32
614	6 2 15 47
615	46 44 1 35
616	3 7 42 43
617	36 7 2 49
618	19 13 27 45
619	40 20 48 10
620	20 15 10 33
621	27 5 9 7
622	34 11 29 5
623	11 15 8 27
624	9 39 17 10
625	42 15 17 13
626	4 33 38 28
627	37 6 13 45
628	18 41 25 20
629	38 10 14 18
630	1 50 11 23
631	9 45 12 3
632	48 1 7 41
633	20 45 25 12
634	50 33 1 39
635	44 15 5 42
636	45 47 8 14
637	31 22 8 3
638	47 14 37 50
639	1 5 31 49
640	4 24 46 23
641	31 40 1 23
642	33 42 39 43
643	18 7 19 47
644	40 31 39 30
645	18 11 35 50
646	1 13 11 8
647	16 38 10 11
648	8 46 22 19
649	5 17 41 35
650	22 14 49 2
651	39 7 15 37
652	36 25 10 40
653	12 8 30 38
654	8 9 6 15
655	29 47 36 39
656	46 8 30 49
657	47 22 40 26
658	43 27 47 24
659	36 8 28 50
660	49 41 47 2
661	3 34 50 16
662	6 11 3 28
663	37 42 10 7
664	26 33 45 10
665	31 50 39 18
666	44 18 35 27
667	38 49 46 28
668	25 20 15 41
669	1 35 21 2
670	47 11 31 22
671	3 43 44 41
672	46 39 8 47
673	18 23 26 24
674	35 7 48 21
675	24 41 16 38
676	44 23 12 46
677	43 30 41 15
678	5 22 44 15
679	40 6 41 8
680	4 9 50 42
681	21 23 20 17
682	21 9 4 23
683	38 34 20 10
684	34 25 42 14
685	11 38 16 40
686	19 25 22 40
687	37 30 48 9
688	8 16 21 7
689	16 45 27 7
690	6 8 45 47
691	32 50 9 38
692	27 6 41 50
693	42 32 28 29
694	4 6 36 40
695	39 6 18 49
696	21 38 22 14
697	18 17 42 37
698	47 32 19 29
699	16 45 28 23
700	41 27 48 2
701	49 7 2 37
702	4 1 12 44
703	34 18 22 45
704	28 27 10 49
705	29 12 3 24
706	33 35 41 1
707	20 23 24 26
708	48 33 42 20
709	3 11 44 12
710	22 38 1 30
711	42 18 17 21
712	37 50 9 43
713	7 33 14 27
714	31 43 29 18
715	22 46 48 26
716	48 18 28 12
717	38 40 41 42
718	34 30 12 38
719	28 44 11 17
720	38 36 5 8
721	39 4 41 48
722	23 47 19 33
723	6 11 13 43
724	30 11 42 41
725	16 11 6 4
726	50 37 40 42
727	22 21 20 11
728	26 19 4 6
729	33 4 49 8
730	13 42 32 26
731	38 6 40 19
732	47 17 16 49
733	13 6 36 8
734	12 29 31 35
735	42 39 29 30
736	20 36 29 10
737	48 27 17 41
738	39 49 38 16
739	7 49 22 38
740	35 2 48 25
741	27 23 33 8
742	31 9 15 33
743	7 39 10 36
744	43 24 22 29
745	33 34 45 15
746	8 19 40 33
747	4 31 39 22
748	46 1 40 34
749	11 33 35 12
750	50 35 45 43
751	45 24 14 49
752	1 17 12 3
753	39 9 42 12
754	38 45 4 19
755	16 11 33 48
756	26 42 19 27
757	46 7 48 45
758	29 35 14 32
759	3 5 32 29
760	48 49 46 33
761	46 4 30 12
762	24 43 20 29
763	19 43 21 15
764	6 39 17 18
765	39 38 22 8
766	35 5 50 40
767	4 20 3 24
768	31 49 4 18
769	36 37 21 4
770	34 47 43 1
771	30 9 20 45
772	42 27 28 43
773	50 30 36 27
774	40 47 16 27
775	23 48 4 38
776	50 25 42 45
777	22 1 16 46
778	35 9 17 43
779	15 33 31 19
780	20 19 17 15
781	12 40 13 50
782	17 18 2 15
783	47 30 29 8
784	28 44 33 26
785	16 7 13 11
786	14 38 5 12
787	34 38 30 25
788	8 10 47 39
789	10 24 42 28
790	33 8 30 14
791	37 11 42 40
792	18 17 9 24
793	13 1 8 22
794	21 2 50 38
795	43 17 48 4
796	36 5 49 31
797	17 43 44 28
798	29 11 20 28
799	3 16 9 25
800	4 26 31 40
801	7 47 22 23
802	5 4 9 17
803	30 41 18 37
804	22 4 26 29
805	29 37 44 38
806	38 45 17 41
807	49 20 28 10
808	46 3 9 42
809	37 31 33 6
810	43 48 11 40
811	35 23 14 24
812	39 50 9 31
813	32 6 19 48
814	26 28 12 36
815	1 43 24 33
816	8 32 45 39
817	8 15 18 33
818	3 18 30 17
819	30 29 17 28
820	29 16 6 9
821	37 24 7 40
822	17 1 40 37
823	50 27 22 40
824	35 12 27 11
825	30 40 15 23
826	23 44 24 40
827	14 39 4 8
828	2 30 15 14
829	39 36 8 6
830	30 5 29 34
831	29 18 17 28
832	41 25 32 27
833	26 29 9 27
834	47 27 42 45
835	34 50 41 45
836	26 32 27 5
837	47 5 14 44
838	1 23 2 43
839	48 30 28 37
840	19 44 5 26
841	25 10 37 15
842	11 19 35 48
843	4 28 5 34
844	20 29 39 42
845	46 37 38 21
846	47 39 43 26
847	21 50 26 30
848	24 49 27 39
849	12 48 29 27
850	39 1 16 37
851	12 29 10 20
852	7 30 3 29
853	38 31 49 13
854	18 11 15 3
855	29 9 41 48
856	2 31 48 9
857	25 8 18 12
858	17 13 1 6
859	16 2 25 41
860	1 30 38 39
861	12 32 39 38
862	29 15 17 27
863	19 38 4 6
864	42 24 45 40
865	20 10 21 32
866	45 32 34 1
867	41 7 46 36
868	19 31 44 46
869	7 20 31 46
870	50 34 9 18
871	41 34 23 10
872	37 21 46 39
873	7 42 14 37
874	11 38 19 31
875	36 25 24 27
876	31 27 50 41
877	5 47 46 41
878	31 12 1 47
879	50 34 48 10
880	32 37 19 44
881	2 16 24 28
882	32 17 45 49
883	37 48 28 9
884	30 27 46 26
885	40 29 25 20
886	14 23 46 7
887	39 31 17 49
888	30 1 32 46
889	15 37 46 21
890	15 20 6 34
891	49 3 41 14
892	34 8 50 24
893	7 46 33 15
894	16 49 36 30
895	27 43 39 25
896	20 46 33 24
897	10 26 30 19
898	48 6 43 22
899	7 49 20 34
900	47 32 40 48
901	30 27 19 5
902	36 35 23 40
903	4 22 31 26
904	47 11 5 36
905	13 34 7 38
906	12 5 36 16
907	43 34 2 36
908	14 47 29 27
909	19 25 11 44
910	16 25 24 35
911	48 22 28 2
912	29 40 25 41
913	7 40 15 39
914	15 33 49 46
915	26 9 48 18
916	32 5 46 2
917	46 12 31 41
918	24 36 37 22
919	14 29 13 25
920	26 42 43 34
921	8 37 26 47
922	19 12 37 7
923	20 16 1 12
924	46 9 34 49
925	24 39 26 30
926	49 14 3 29
927	36 49 32 23
928	3 30 38 44
929	50 30 49 39
930	30 49 40 1
931	38 47 14 37
932	9 21 29 10
933	32 46 29 3
934	43 18 14 36
935	37 20 19 24
936	11 46 44 28
937	28 38 4 13
938	6 8 37 34
939	47 44 3 41
940	21 26 25 12
941	25 43 38 29
942	50 15 17 9
943	12 21 34 22
944	22 43 39 14
945	31 37 46 24
946	50 7 6 1
947	23 24 9 12
948	34 23 39 22
949	29 42 43 32
950	6 39 16 44
951	17 33 41 27
952	26 23 1 37
953	1 35 26 24
954	8 11 47 2
955	15 10 17 9
956	18 19 47 50
957	20 49 3 5
958	8 41 9 30
959	16 23 20 9
960	22 48 25 23
961	11 25 33 2
962	21 42 46 15
963	37 12 31 36
964	19 11 1 32
965	46 29 34 10
966	21 33 43 34
967	2 24 25 18
968	49 41 33 20
969	47 3 18 37
970	30 6 23 4
971	28 32 37 4
972	21 39 42 7
973	30 32 33 3
974	33 17 32 11
975	5 31 19 6
976	36 25 38 14
977	27 26 46 31
978	36 16 19 5
979	44 16 10 22
980	31 44 25 30
981	27 28 50 33
982	46 36 7 27
983	16 45 47 38
984	20 14 2 35
985	27 35 32 48
986	1 12 6 30
987	48 49 19 29
988	37 7 18 23
989	47 13 32 1
990	21 27 50 39
991	15 35 4 31
992	5 32 4 2
993	36 42 12 8
994	33 30 39 29
995	41 18 34 2
996	25 45 22 14
997	5 6 29 3
998	40 19 45 34
999	50 26 42 49
1000	15 43 14 30
