Students	1000
1	40 48 6 36
2	41 20 21 44
3	36 17 26 32
4	50 28 31 19
5	12 5 25 43
6	20 11 23 12
7	30 21 3 46
8	39 32 47 29
9	44 23 29 17
10	43 33 38 50
11	7 26 25 35
12	42 14 3 43
13	40 45 3 46
14	28 48 15 1
15	10 46 43 27
16	8 1 43 41
17	33 1 41 18
18	35 13 21 23
19	34 3 18 9
20	25 46 40 31
21	3 14 41 9
22	16 11 7 28
23	33 8 30 47
24	18 1 25 49
25	37 29 25 40
26	34 11 49 32
27	14 34 25 50
28	2 37 48 11
29	50 25 32 11
30	38 43 9 2
31	44 15 49 8
32	41 6 17 8
33	39 38 10 5
34	11 29 37 7
35	11 25 29 38
36	43 41 20 6
37	30 36 37 27
38	27 10 29 4
39	45 48 50 22
40	10 5 19 29
41	24 37 22 36
42	26 31 22 27
43	23 24 50 48
44	4 13 2 44
45	21 17 5 26
46	46 35 41 23
47	37 19 2 12
48	10 2 6 8
49	15 6 27 1
50	45 7 28 39
51	10 38 42 24
52	22 9 28 19
53	6 47 46 2
54	5 40 14 45
55	6 40 23 8
56	15 49 44 6
57	27 10 31 9
58	16 31 47 6
59	38 43 40 2
60	13 33 6 11
61	5 19 39 20
62	7 39 46 3
63	49 12 1 5
64	2 30 27 14
65	9 29 42 21
66	48 37 24 35
67	33 34 8 20
68	36 1 24 8
69	35 12 45 30
70	5 17 19 18
71	3 40 33 44
72	9 5 20 34
73	25 41 1 48
74	33 41 40 8
75	3 39 38 27
76	17 1 36 16
77	37 16 30 49
78	2 14 32 37
79	13 15 16 48
80	7 8 29 38
81	18 38 34 23
82	14 11 15 45
83	36 26 17 46
84	32 16 48 15
85	9 39 20 46
86	30 28 34 40
87	44 16 20 5
88	28 9 26 49
89	28 13 19 2
90	33 36 4 27
91	5 16 18 2
92	6 7 10 8
93	3 32 27 23
94	21 7 36 17
95	50 18 26 43
96	34 43 24 40
97	49 35 1 23
98	4 14 47 26
99	13 39 17 2
100	30 2 32 26
101	46 44 22 23
102	15 7 26 27
103	39 7 6 27
104	39 8 20 49
105	11 2 50 5
106	33 42 6 15
107	48 5 9 17
108	31 16 1 29
109	40 19 34 45
110	12 13 42 31
111	32 45 17 34
112	16 15 45 13
113	28 42 22 18
114	14 22 8 6
115	25 41 28 31
116	21 34 7 33
117	3 40 25 37
118	25 46 32 49
119	5 29 7 50
120	26 48 21 47
121	22 4 30 19
122	7 35 40 28
123	33 3 22 43
124	13 21 15 28
125	8 39 42 43
126	17 49 15 3
127	8 29 10 36
128	23 29 34 39
129	22 27 26 30
130	15 9 37 29
131	36 33 7 6
132	42 48 4 24
133	32 26 25 46
134	25 11 35 14
135	11 22 49 16
136	11 12 49 16
137	38 45 21 39
138	45 15 46 47
139	6 5 38 41
140	47 25 23 22
141	13 11 35 27
142	1 6 15 35
143	46 15 50 36
144	39 41 26 22
145	3 30 19 6
146	27 29 34 49
147	12 29 26 42
148	16 35 31 39
149	8 1 18 10
150	22 36 32 40
151	47 12 16 1
152	32 41 37 23
153	39 2 38 3
154	46 44 26 38
155	35 37 14 12
156	13 33 16 5
157	1 24 34 39
158	17 49 33 34
159	19 28 16 33
160	49 47 6 22
161	25 42 37 14
162	46 39 1 16
163	19 21 10 17
164	23 30 48 8
165	17 13 18 40
166	19 32 25 30
167	41 4 22 5
168	1 45 10 23
169	33 24 3 50
170	5 31 24 36
171	46 9 13 22
172	36 7 2 29
173	12 14 38 1
174	26 28 25 40
175	17 20 43 37
176	22 19 14 15
177	16 4 9 25
178	38 12 36 45
179	13 11 8 32
180	15 31 13 18
181	11 16 26 50
182	26 44 50 8
183	35 38 17 13
184	50 34 20 44
185	43 3 6 29
186	40 33 43 41
187	19 50 15 17
188	26 28 50 40
189	14 44 42 19
190	21 47 6 14
191	26 6 9 44
192	10 9 39 38
193	21 25 12 23
194	32 28 27 36
195	1 26 19 16
196	32 20 35 39
197	35 27 17 26
198	34 1 14 20
199	45 38 35 25
200	45 37 40 32
201	10 13 2 42
202	3 16 49 29
203	8 22 16 32
204	33 13 35 34
205	30 26 29 17
206	43 11 10 20
207	32 16 31 46
208	40 38 50 5
209	30 21 26 22
210	3 21 41 45
211	37 36 41 12
212	31 26 6 32
213	30 48 5 16
214	40 20 18 7
215	1 15 27 32
216	20 30 46 49
217	34 48 18 19
218	3 2 35 37
219	21 20 29 43
220	8 31 34 13
221	19 13 15 25
222	20 41 23 14
223	7 27 21 32
224	12 40 41 17
225	27 33 7 34
226	35 46 48 43
227	30 45 17 28
228	13 39 41 34
229	43 6 11 41
230	9 15 42 40
231	49 40 1 4
232	45 6 19 3
233	48 26 8 31
234	37 11 2 41
235	7 49 12 41
236	26 32 16 27
237	41 31 34 49
238	15 45 19 2
239	12 48 27 45
240	48 8 43 22
241	2 21 49 6
242	31 2 35 5
243	12 14 32 1
244	34 11 28 44
245	10 37 6 13
246	43 10 25 4
247	38 16 42 43
248	26 23 32 6
249	31 30 39 33
250	15 10 6 46
251	14 39 47 25
252	45 25 40 3
253	27 36 30 48
254	29 1 13 36
255	47 14 42 11
256	9 40 28 8
257	12 35 43 1
258	50 3 38 4
259	9 40 10 49
260	19 40 34 11
261	41 15 32 9
262	25 30 22 15
263	43 17 20 26
264	10 25 46 11
265	33 41 32 11
266	50 10 20 29
267	33 25 5 4
268	32 18 40 24
269	39 41 12 31
270	24 26 18 2
271	37 43 14 15
272	19 20 3 16
273	26 24 15 22
274	7 39 1 2
275	4 17 23 32
276	22 11 50 40
277	36 14 4 46
278	39 40 10 38
279	35 23 37 40
280	36 6 24 49
281	28 6 44 17
282	1 35 47 5
283	46 5 31 32
284	31 28 21 27
285	44 32 40 35
286	40 33 35 12
287	19 21 30 22
288	40 2 12 13
289	11 23 42 47
290	12 4 15 41
291	40 7 24 37
292	32 21 9 14
293	47 49 18 42
294	29 12 20 50
295	6 20 47 16
296	37 42 18 9
297	16 43 13 6
298	11 28 32 43
299	27 21 33 36
300	46 11 45 6
301	8 49 38 23
302	5 6 13 44
303	15 49 20 44
304	13 30 22 38
305	1 20 14 42
306	39 44 8 21
307	37 42 16 5
308	46 27 23 38
309	8 18 14 49
310	20 3 50 30
311	48 23 29 33
312	23 6 31 15
313	10 11 35 2
314	32 3 23 31
315	45 13 9 8
316	40 15 8 36
317	45 18 8 40
318	42 19 38 33
319	20 10 4 37
320	3 26 27 6
321	29 44 40 50
322	34 14 24 1
323	16 15 36 44
324	20 42 8 15
325	41 30 4 20
326	38 36 44 39
327	45 15 42 48
328	21 37 39 17
329	25 29 36 3
330	17 14 18 28
331	42 10 43 34
332	14 49 2 46
333	23 41 26 11
334	48 17 39 30
335	30 26 38 6
336	48 25 17 34
337	2 19 29 25
338	45 32 20 40
339	11 12 24 27
340	37 13 39 44
341	8 9 38 31
342	4 30 13 48
343	19 42 40 8
344	38 42 15 39
345	36 9 41 12
346	13 24 14 37
347	47 31 10 11
348	18 47 36 44
349	10 37 38 41
350	36 5 50 31
351	28 16 35 38
352	14 40 36 43
353	1 6 2 14
354	37 48 9 16
355	3 4 50 48
356	39 7 22 17
357	31 17 16 38
358	20 39 31 2
359	28 21 9 8
360	33 30 44 19
361	31 49 12 21
362	43 2 41 17
363	37 27 42 33
364	11 18 22 45
365	11 45 22 29
366	24 43 41 1
367	44 31 17 50
368	23 15 43 9
369	15 30 42 9
370	15 2 3 1
371	18 9 38 17
372	12 32 14 6
373	24 29 13 37
374	16 45 23 8
375	1 42 17 10
376	21 42 3 44
377	33 17 11 34
378	25 10 28 23
379	50 28 6 36
380	28 16 12 2
381	21 34 36 4
382	15 18 32 36
383	46 27 9 20
384	4 49 43 33
385	12 41 1 48
386	39 46 10 12
387	32 10 5 18
388	38 44 47 5
389	16 44 11 4
390	26 29 28 43
391	27 49 21 9
392	16 32 20 31
393	42 14 4 22
394	10 47 14 32
395	21 49 24 32
396	22 29 11 46
397	45 39 20 37
398	18 14 22 7
399	41 2 18 11
400	18 45 46 3
401	50 24 19 30
402	46 30 14 40
403	43 35 46 45
404	31 6 10 3
405	4 28 12 29
406	2 45 1 41
407	5 41 46 14
408	34 44 48 13
409	40 43 49 16
410	26 39 32 1
411	31 18 21 9
412	30 19 45 21
413	48 11 3 23
414	10 38 48 11
415	39 45 17 37
416	22 33 29 37
417	46 44 49 10
418	17 50 33 38
419	5 34 43 41
420	38 47 15 7
421	42 20 48 3
422	44 17 11 49
423	35 25 37 4
424	8 21 35 7
425	6 10 44 48
426	27 16 31 18
427	22 26 36 25
428	43 16 23 50
429	20 4 5 28
430	10 47 15 49
431	39 37 2 49
432	39 40 34 3
433	46 37 9 16
434	46 3 39 11
435	31 48 13 43
436	20 11 41 3
437	11 44 8 18
438	1 17 42 19
439	31 10 35 30
440	36 5 11 13
441	8 14 42 13
442	1 30 4 27
443	5 24 17 10
444	35 38 13 4
445	2 17 34 47
446	42 6 14 20
447	24 4 5 21
448	50 34 28 9
449	49 35 50 13
450	20 18 49 28
451	44 28 38 15
452	25 8 32 30
453	43 32 37 31
454	34 15 3 9
455	44 21 2 15
456	38 45 35 14
457	44 9 14 3
458	10 18 42 43
459	3 28 35 44
460	41 23 15 10
461	46 32 2 6
462	33 40 41 42
463	11 25 41 22
464	20 47 50 46
465	17 10 31 16
466	48 36 5 26
467	39 49 45 38
468	47 45 49 25
469	40 46 11 45
470	45 14 46 27
471	42 31 11 38
472	50 41 9 36
473	48 36 24 22
474	10 18 2 39
475	33 12 13 14
476	28 17 25 44
477	13 46 1 42
478	18 40 38 30
479	29 22 47 37
480	17 32 18 25
481	37 24 49 33
482	49 40 26 35
483	26 35 45 1
484	42 38 2 40
485	6 2 44 41
486	46 6 16 43
487	22 26 50 41
488	1 20 21 31
489	10 3 41 25
490	11 31 41 8
491	24 15 33 26
492	5 26 38 12
493	5 34 20 14
494	25 43 37 40
495	48 43 21 31
496	4 43 12 32
497	34 44 26 28
498	2 11 49 21
499	44 2 31 14
500	39 11 22 38
501	34 17 39 45
502	38 30 11 37
503	17 44 8 48
504	29 19 44 9
505	39 8 43 9
506	38 27 50 40
507	13 8 3 15
508	13 4 32 2
509	35 44 26 27
510	3 31 37 32
511	18 20 43 46
512	27 15 29 25
513	28 30 20 33
514	38 46 32 47
515	14 45 47 27
516	50 35 1 43
517	50 1 26 22
518	26 10 47 25
519	3 10 16 47
520	27 49 17 16
521	26 49 18 41
522	19 34 40 17
523	11 38 33 18
524	4 12 22 46
525	8 4 10 12
526	9 8 33 15
527	49 35 12 6
528	11 45 49 32
529	16 22 5 11
530	49 41 30 13
531	21 48 43 44
532	10 41 23 46
533	44 22 23 9
534	10 13 26 40
535	29 7 49 5
536	25 50 2 42
537	26 49 44 45
538	14 37 36 38
539	7 23 38 36
540	28 21 48 12
541	30 26 11 38
542	28 30 25 31
543	42 35 19 32
544	48 47 18 46
545	4 9 7 34
546	4 33 25 39
547	4 45 46 29
548	32 26 39 5
549	35 36 31 43
550	26 50 13 4
551	6 10 11 49
552	8 32 39 45
553	26 32 15 19
554	22 7 29 17
555	46 40 48 41
556	16 8 28 22
557	1 43 23 32
558	48 37 47 28
559	22 50 31 17
560	50 47 1 44
561	8 5 34 13
562	13 19 16 2
563	29 24 19 49
564	3 6 49 9
565	3 35 43 40
566	46 38 12 23
567	47 49 33 11
568	17 8 2 12
569	34 9 23 22
570	16 29 45 40
571	48 8 25 13
572	48 47 13 23
573	45 31 10 14
574	22 6 43 41
575	13 25 32 39
576	47 10 37 25
577	3 35 29 23
578	35 27 40 3
579	42 44 39 2
580	36 13 20 48
581	38 11 13 16
582	42 25 18 3
583	1 26 19 15
584	17 26 23 9
585	28 19 4 31
586	2 18 42 7
587	1 32 42 7
588	6 50 41 35
589	32 34 11 24
590	8 31 22 36
591	49 38 36 21
592	2 29 40 27
593	32 2 43 33
594	47 7 20 35
595	7 36 1 50
596	50 14 1 22
597	31 34 23 21
598	31 33 47 35
599	34 42 45 8
600	38 26 21 43
601	25 42 44 34
602	3 7 20 10
603	42 9 14 25
604	7 11 2 32
605	13 31 3 36
606	6 16 27 49
607	30 20 22 4
608	15 17 22 39
609	34 32 17 45
610	42 33 25 30
611	48 34 8 10
612	23 2 37 31
613	50 35 13 48
614	10 39 47 6
615	4 48 26 11
616	29 16 7 2
617	15 34 21 7
618	22 21 18 13
619	24 43 18 41
620	33 34 28 3
621	4 48 41 19
622	50 27 11 49
623	6 31 27 44
624	2 18 16 21
625	45 16 48 33
626	14 29 27 10
627	32 46 33 43
628	7 40 50 44
629	23 13 20 21
630	34 21 31 16
631	15 45 21 35
632	32 50 43 5
633	2 46 35 44
634	24 5 34 49
635	48 40 34 23
636	43 7 25 36
637	49 36 18 25
638	37 35 45 22
639	47 12 23 48
640	32 3 41 45
641	16 33 40 46
642	32 36 31 1
643	27 30 22 35
644	14 48 1 31
645	21 12 4 48
646	36 4 35 41
647	50 45 3 48
648	7 32 23 37
649	40 22 3 9
650	40 38 46 41
651	9 42 39 37
652	43 1 3 22
653	24 8 35 25
654	7 44 13 25
655	19 45 9 24
656	7 35 3 24
657	22 47 31 29
658	10 49 33 19
659	27 14 13 28
660	26 24 39 50
661	47 19 26 31
662	46 12 40 45
663	30 26 29 49
664	13 48 12 1
665	36 43 15 21
666	47 8 31 49
667	12 24 9 49
668	12 5 22 8
669	22 11 17 48
670	11 7 10 13
671	47 3 42 20
672	14 21 40 10
673	28 47 49 23
674	22 21 35 4
675	16 38 44 29
676	20 25 48 30
677	5 41 16 33
678	14 2 13 29
679	10 33 30 3
680	21 6 46 3
681	29 5 4 17
682	12 7 14 19
683	11 26 28 27
684	35 37 42 40
685	20 26 21 4
686	35 5 2 19
687	38 21 17 35
688	24 16 38 8
689	43 13 10 15
690	14 1 41 6
691	26 7 39 33
692	4 22 50 25
693	38 35 25 23
694	36 19 22 48
695	10 6 34 49
696	19 7 47 5
697	13 28 33 5
698	19 13 47 21
699	23 37 9 19
700	17 13 39 1
701	10 37 35 41
702	8 28 39 26
703	15 40 34 33
704	3 2 40 32
705	46 24 23 17
706	35 17 24 5
707	45 27 9 47
708	20 22 24 1
709	50 48 8 28
710	47 11 22 12
711	29 36 37 9
712	36 10 9 32
713	40 21 28 1
714	31 16 21 19
715	46 18 2 26
716	38 33 48 47
717	14 6 4 30
718	49 2 35 50
719	5 7 40 22
720	28 47 26 11
721	21 48 15 9
722	35 49 23 33
723	30 29 27 4
724	31 15 8 27
725	30 8 38 34
726	36 23 20 9
727	48 7 47 15
728	42 20 6 41
729	12 23 31 10
730	42 33 47 4
731	27 12 30 44
732	42 7 50 20
733	37 26 35 4
734	16 2 4 41
735	50 36 3 46
736	9 33 35 18
737	27 11 8 7
738	41 17 35 22
739	19 7 13 37
740	44 19 25 16
741	28 34 31 38
742	18 38 24 10
743	22 1 14 25
744	48 50 21 11
745	27 21 17 23
746	45 19 29 8
747	18 5 40 34
748	14 18 21 48
749	16 21 20 3
750	8 33 2 24
751	15 42 29 33
752	40 27 49 19
753	21 34 37 32
754	26 45 20 19
755	12 18 38 25
756	26 45 36 31
757	25 9 24 40
758	36 16 2 11
759	39 41 22 44
760	44 42 18 3
761	39 33 31 15
762	33 6 12 40
763	45 6 42 10
764	37 28 7 12
765	23 17 10 29
766	38 7 40 2
767	11 31 28 24
768	30 18 43 35
769	28 46 48 32
770	31 15 7 44
771	25 28 24 17
772	35 4 34 31
773	46 18 32 5
774	23 7 17 9
775	46 47 13 50
776	1 43 7 39
777	11 13 15 2
778	47 36 33 3
779	34 35 33 13
780	26 1 45 18
781	4 7 34 23
782	30 45 26 22
783	6 24 37 18
784	18 26 39 22
785	16 30 31 17
786	3 19 5 36
787	8 18 32 17
788	16 48 28 13
789	23 13 24 36
790	19 29 44 24
791	3 25 41 16
792	23 40 32 45
793	5 35 39 20
794	26 46 8 47
795	20 24 27 13
796	13 15 45 12
797	33 5 24 40
798	28 39 11 12
799	16 17 26 8
800	23 2 46 26
801	50 11 26 3
802	32 29 6 28
803	45 30 46 18
804	23 35 5 48
805	30 43 47 15
806	9 18 42 44
807	14 11 12 13
808	40 39 48 43
809	48 46 47 22
810	29 1 5 4
811	42 37 13 8
812	35 30 21 14
813	17 32 6 36
814	16 5 35 48
815	41 5 27 38
816	25 16 26 1
817	32 30 4 12
818	37 7 41 14
819	34 31 42 4
820	19 37 2 42
821	6 3 46 31
822	49 28 6 48
823	18 25 23 11
824	3 9 24 5
825	37 43 7 20
826	37 18 40 22
827	47 22 32 14
828	2 12 28 44
829	45 44 30 9
830	3 11 14 9
831	4 34 10 30
832	32 3 10 40
833	32 25 30 19
834	4 25 49 32
835	34 10 1 38
836	29 9 23 11
837	26 42 29 22
838	18 31 34 39
839	45 13 16 44
840	49 39 7 40
841	24 39 4 2
842	33 37 27 17
843	41 40 45 47
844	35 19 32 31
845	4 37 20 15
846	23 49 7 39
847	32 22 18 24
848	39 38 37 43
849	8 11 49 41
850	41 47 1 43
851	13 23 39 12
852	48 38 45 23
853	18 16 15 49
854	6 18 34 17
855	44 14 32 1
856	50 10 38 44
857	21 32 45 43
858	41 46 32 31
859	9 10 36 30
860	10 48 8 46
861	14 50 28 29
862	35 15 43 28
863	8 48 15 34
864	32 46 49 43
865	15 30 33 31
866	41 50 32 7
867	41 8 38 32
868	12 33 28 7
869	33 22 37 35
870	16 26 39 10
871	6 5 2 9
872	19 16 43 41
873	9 14 26 37
874	18 4 1 16
875	14 10 45 27
876	44 41 16 22
877	31 26 11 45
878	9 4 36 28
879	2 12 34 4
880	19 5 35 1
881	16 35 28 10
882	32 6 10 30
883	48 24 19 25
884	23 10 28 14
885	20 27 1 33
886	14 9 16 6
887	14 49 5 8
888	40 38 30 24
889	23 18 46 7
890	41 44 21 33
891	36 33 38 49
892	30 33 7 18
893	7 33 35 18
894	1 30 34 12
895	45 32 16 29
896	9 10 18 39
897	15 31 44 21
898	16 46 25 26
899	45 25 32 11
900	6 44 39 21
901	16 41 1 40
902	42 47 11 35
903	1 48 24 45
904	19 28 17 30
905	3 25 2 13
906	4 48 47 15
907	50 36 32 39
908	46 16 15 40
909	47 17 27 40
910	7 30 36 4
911	46 22 32 36
912	12 28 17 10
913	3 25 47 17
914	14 36 19 45
915	3 45 18 5
916	21 9 48 35
917	8 7 26 2
918	31 9 4 20
919	15 14 5 21
920	35 20 50 45
921	32 25 17 1
922	50 9 17 30
923	2 49 9 41
924	11 34 19 17
925	20 28 40 4
926	3 29 12 13
927	16 2 44 8
928	30 25 7 26
929	28 20 17 30
930	50 36 2 30
931	17 48 10 50
932	42 29 21 31
933	50 2 49 25
934	16 1 42 38
935	47 27 11 4
936	13 6 9 43
937	13 28 1 4
938	24 40 29 36
939	12 11 9 3
940	22 48 38 8
941	2 17 13 34
942	43 37 2 10
943	11 27 32 5
944	31 23 14 36
945	25 32 38 22
946	20 18 7 40
947	10 7 13 45
948	21 3 5 19
949	23 14 13 28
950	28 31 15 16
951	10 12 4 31
952	3 2 5 13
953	2 41 30 14
954	50 23 1 46
955	12 22 1 41
956	21 42 23 16
957	48 16 27 14
958	7 32 17 25
959	10 17 23 35
960	3 35 20 5
961	30 6 14 20
962	40 35 20 39
963	1 43 3 10
964	44 16 6 23
965	24 36 18 19
966	32 19 3 6
967	50 22 23 7
968	16 48 22 15
969	50 10 19 2
970	1 21 19 44
971	9 40 48 36
972	42 39 46 25
973	4 43 20 41
974	2 38 33 1
975	15 23 1 2
976	23 36 5 16
977	45 40 42 33
978	42 15 27 30
979	49 8 13 15
980	27 25 34 45
981	39 22 3 28
982	46 16 32 25
983	44 32 21 13
984	1 19 25 50
985	24 16 29 12
986	19 43 7 18
987	49 43 48 32
988	29 30 18 11
989	25 45 7 28
990	33 10 1 28
991	45 36 28 42
992	30 15 16 1
993	1 4 9 5
994	13 7 24 47
995	7 50 39 9
996	33 43 44 12
997	46 4 23 1
998	17 11 19 20
999	15 18 26 32
1000	11 22 38 49
