Class Times	5
Rooms	10
1	15	B	0
2	25	A	1
3	98	C	1
4	68	C	1
5	15	C	1
6	95	C	0
7	63	A	0
8	65	A	0
9	71	B	0
10	82	A	1
Classes	300
Teachers	150
1	21	4	C	1
2	101	5	C	1
3	121	1	A	1
4	99	1	A	1
5	69	1	A	1
6	79	2	B	1
7	114	5	C	1
8	21	3	C	1
9	143	1	A	1
10	145	2	B	1
11	36	3	C	1
12	70	2	B	1
13	126	2	B	1
14	111	1	A	1
15	97	4	C	1
16	131	4	C	0
17	91	2	B	0
18	149	3	C	0
19	100	4	C	0
20	42	5	C	0
21	98	3	C	0
22	61	5	C	0
23	120	2	B	0
24	85	2	B	0
25	40	3	C	0
26	86	5	C	0
27	48	4	C	0
28	29	1	A	0
29	40	3	C	0
30	22	4	C	0
31	140	3	C	0
32	24	3	C	0
33	31	3	C	0
34	8	2	B	0
35	108	1	A	0
36	85	3	C	0
37	146	1	A	0
38	72	5	C	0
39	61	1	A	0
40	143	5	C	0
41	88	2	B	0
42	102	5	C	0
43	106	1	A	0
44	141	4	C	0
45	74	1	A	0
46	80	1	A	0
47	132	2	B	0
48	125	2	B	0
49	122	3	C	0
50	118	4	C	0
51	100	5	C	0
52	22	5	C	0
53	146	4	C	0
54	55	4	C	0
55	129	3	C	0
56	62	3	C	0
57	31	3	C	0
58	104	5	C	0
59	117	1	A	0
60	17	2	B	0
61	73	5	C	0
62	58	4	C	0
63	81	5	C	0
64	82	2	B	0
65	84	5	C	0
66	123	3	C	0
67	115	2	B	0
68	45	3	C	0
69	27	2	B	0
70	12	1	A	0
71	43	5	C	0
72	6	5	C	0
73	109	2	B	0
74	81	3	C	0
75	112	5	C	0
76	20	2	B	0
77	123	5	C	0
78	147	4	C	0
79	89	3	C	0
80	16	4	C	0
81	67	2	B	0
82	136	5	C	0
83	112	4	C	0
84	144	5	C	0
85	4	5	C	0
86	97	2	B	0
87	41	3	C	0
88	134	5	C	0
89	4	3	C	0
90	107	5	C	0
91	56	3	C	0
92	39	2	B	0
93	84	2	B	0
94	113	2	B	0
95	19	2	B	0
96	88	3	C	0
97	49	5	C	0
98	30	5	C	0
99	39	2	B	0
100	60	2	B	0
101	149	4	C	0
102	106	4	C	0
103	129	5	C	0
104	6	3	C	0
105	37	3	C	0
106	86	4	C	0
107	80	2	B	0
108	64	3	C	0
109	69	5	C	0
110	128	2	B	0
111	54	5	C	0
112	135	1	A	0
113	142	5	C	0
114	53	1	A	0
115	59	3	C	0
116	110	2	B	0
117	101	4	C	0
118	76	2	B	0
119	71	4	C	0
120	96	1	A	0
121	115	5	C	0
122	92	3	C	0
123	41	1	A	0
124	132	2	B	0
125	104	3	C	0
126	147	5	C	0
127	67	2	B	0
128	50	4	C	0
129	77	1	A	0
130	60	1	A	0
131	91	1	A	0
132	93	4	C	0
133	48	3	C	0
134	58	2	B	0
135	125	5	C	0
136	74	4	C	0
137	35	1	A	0
138	1	1	A	0
139	56	2	B	0
140	46	1	A	0
141	16	3	C	0
142	98	4	C	0
143	95	3	C	0
144	34	5	C	0
145	79	2	B	0
146	12	1	A	0
147	142	2	B	0
148	113	2	B	0
149	36	3	C	0
150	34	1	A	0
151	109	3	C	0
152	133	3	C	0
153	1	3	C	0
154	42	2	B	0
155	7	2	B	0
156	57	3	C	0
157	19	2	B	0
158	120	2	B	0
159	15	4	C	0
160	145	5	C	0
161	90	3	C	0
162	49	3	C	0
163	17	1	A	0
164	134	2	B	0
165	20	5	C	0
166	64	5	C	0
167	27	1	A	0
168	128	5	C	0
169	28	2	B	0
170	33	1	A	0
171	139	5	C	0
172	136	4	C	0
173	57	1	A	0
174	45	4	C	0
175	122	5	C	0
176	70	3	C	0
177	126	2	B	0
178	59	3	C	0
179	148	4	C	0
180	14	5	C	0
181	138	1	A	0
182	8	3	C	0
183	26	5	C	0
184	144	5	C	0
185	26	4	C	0
186	77	4	C	0
187	23	4	C	0
188	11	2	B	0
189	13	4	C	0
190	99	3	C	0
191	75	5	C	0
192	14	3	C	0
193	30	4	C	0
194	135	5	C	0
195	121	2	B	0
196	65	4	C	0
197	94	2	B	0
198	2	1	A	0
199	140	3	C	0
200	131	3	C	0
201	2	3	C	0
202	72	4	C	0
203	102	3	C	0
204	38	1	A	0
205	103	4	C	0
206	46	3	C	0
207	35	4	C	0
208	96	2	B	0
209	133	1	A	0
210	33	2	B	0
211	124	5	C	0
212	95	1	A	0
213	50	1	A	0
214	148	3	C	0
215	114	2	B	0
216	52	1	A	0
217	139	1	A	0
218	118	4	C	0
219	90	4	C	0
220	15	5	C	0
221	93	4	C	0
222	28	5	C	0
223	138	3	C	0
224	38	4	C	0
225	117	2	B	0
226	23	4	C	0
227	89	1	A	0
228	141	4	C	0
229	150	2	B	0
230	3	1	A	0
231	3	3	C	0
232	13	1	A	0
233	53	4	C	0
234	82	4	C	0
235	55	4	C	0
236	32	3	C	0
237	103	5	C	0
238	29	1	A	0
239	111	5	C	0
240	110	2	B	0
241	65	1	A	0
242	7	3	C	0
243	73	1	A	0
244	116	2	B	0
245	124	1	A	0
246	37	5	C	0
247	5	4	C	0
248	108	3	C	0
249	130	1	A	0
250	54	2	B	0
251	11	4	C	0
252	52	4	C	0
253	150	1	A	0
254	92	5	C	0
255	44	1	A	0
256	107	4	C	0
257	10	2	B	0
258	105	5	C	0
259	43	1	A	0
260	75	5	C	0
261	51	4	C	0
262	24	2	B	0
263	25	1	A	0
264	105	1	A	0
265	66	5	C	0
266	32	2	B	0
267	10	4	C	0
268	130	1	A	0
269	68	1	A	0
270	71	2	B	0
271	116	3	C	0
272	66	5	C	0
273	68	3	C	0
274	18	2	B	0
275	44	4	C	0
276	51	5	C	0
277	137	3	C	0
278	9	4	C	0
279	78	3	C	0
280	9	2	B	0
281	83	5	C	0
282	63	5	C	0
283	5	2	B	0
284	87	3	C	0
285	127	3	C	0
286	76	5	C	0
287	62	1	A	0
288	119	1	A	0
289	127	4	C	0
290	63	2	B	0
291	94	3	C	0
292	25	1	A	0
293	18	1	A	0
294	137	5	C	0
295	119	1	A	0
296	83	1	A	0
297	47	3	C	0
298	87	1	A	0
299	78	2	B	0
300	47	5	C	0
