Class Times	5
Rooms	10
1	71	B	1
2	22	C	1
3	63	C	1
4	88	A	1
5	36	A	1
6	93	C	1
7	76	C	1
8	77	A	1
9	38	C	0
10	34	A	0
Classes	300
Teachers	150
1	78	3	C	1
2	106	3	C	1
3	127	3	C	1
4	133	1	A	1
5	95	1	A	1
6	67	3	C	1
7	121	2	B	1
8	118	5	C	1
9	88	1	A	1
10	73	3	C	1
11	60	5	C	1
12	141	5	C	1
13	79	4	C	1
14	122	4	C	1
15	111	4	C	1
16	98	4	C	0
17	68	1	A	0
18	66	5	C	0
19	50	5	C	0
20	20	3	C	0
21	41	3	C	0
22	75	4	C	0
23	94	1	A	0
24	41	5	C	0
25	53	3	C	0
26	112	3	C	0
27	27	5	C	0
28	11	2	B	0
29	149	4	C	0
30	21	2	B	0
31	117	1	A	0
32	95	5	C	0
33	112	2	B	0
34	106	4	C	0
35	23	1	A	0
36	91	5	C	0
37	124	4	C	0
38	4	3	C	0
39	108	3	C	0
40	60	4	C	0
41	87	2	B	0
42	8	5	C	0
43	97	4	C	0
44	27	4	C	0
45	9	5	C	0
46	150	3	C	0
47	71	3	C	0
48	52	5	C	0
49	76	4	C	0
50	64	4	C	0
51	43	3	C	0
52	141	2	B	0
53	23	4	C	0
54	9	1	A	0
55	48	2	B	0
56	13	5	C	0
57	93	1	A	0
58	54	3	C	0
59	65	4	C	0
60	26	2	B	0
61	61	4	C	0
62	26	3	C	0
63	78	5	C	0
64	37	4	C	0
65	35	5	C	0
66	30	4	C	0
67	117	5	C	0
68	108	4	C	0
69	19	1	A	0
70	73	2	B	0
71	1	4	C	0
72	24	2	B	0
73	44	2	B	0
74	92	3	C	0
75	14	5	C	0
76	3	3	C	0
77	32	2	B	0
78	53	1	A	0
79	64	1	A	0
80	22	5	C	0
81	47	1	A	0
82	18	3	C	0
83	109	5	C	0
84	139	5	C	0
85	132	4	C	0
86	96	5	C	0
87	147	4	C	0
88	83	3	C	0
89	113	5	C	0
90	79	3	C	0
91	92	5	C	0
92	148	5	C	0
93	131	3	C	0
94	21	2	B	0
95	42	5	C	0
96	44	4	C	0
97	51	2	B	0
98	105	2	B	0
99	71	2	B	0
100	119	3	C	0
101	83	2	B	0
102	51	5	C	0
103	31	5	C	0
104	89	3	C	0
105	136	3	C	0
106	131	5	C	0
107	29	4	C	0
108	101	4	C	0
109	46	5	C	0
110	148	2	B	0
111	116	1	A	0
112	57	3	C	0
113	96	2	B	0
114	81	4	C	0
115	48	4	C	0
116	81	2	B	0
117	36	2	B	0
118	42	1	A	0
119	123	2	B	0
120	14	4	C	0
121	69	5	C	0
122	47	1	A	0
123	50	1	A	0
124	63	5	C	0
125	134	2	B	0
126	74	1	A	0
127	116	2	B	0
128	129	3	C	0
129	120	4	C	0
130	10	5	C	0
131	84	1	A	0
132	38	5	C	0
133	100	2	B	0
134	4	5	C	0
135	147	5	C	0
136	115	2	B	0
137	118	4	C	0
138	138	3	C	0
139	33	2	B	0
140	13	4	C	0
141	85	5	C	0
142	55	5	C	0
143	142	5	C	0
144	137	4	C	0
145	119	3	C	0
146	149	2	B	0
147	32	2	B	0
148	97	1	A	0
149	57	4	C	0
150	139	4	C	0
151	1	1	A	0
152	58	1	A	0
153	61	5	C	0
154	80	2	B	0
155	33	2	B	0
156	69	5	C	0
157	15	4	C	0
158	45	4	C	0
159	56	1	A	0
160	76	1	A	0
161	87	3	C	0
162	65	4	C	0
163	52	2	B	0
164	49	5	C	0
165	46	1	A	0
166	35	5	C	0
167	121	2	B	0
168	54	1	A	0
169	104	2	B	0
170	104	4	C	0
171	113	2	B	0
172	109	3	C	0
173	134	4	C	0
174	77	4	C	0
175	115	5	C	0
176	29	1	A	0
177	72	3	C	0
178	107	1	A	0
179	56	4	C	0
180	114	2	B	0
181	40	4	C	0
182	3	5	C	0
183	59	4	C	0
184	132	1	A	0
185	68	5	C	0
186	127	2	B	0
187	111	1	A	0
188	62	2	B	0
189	36	2	B	0
190	63	1	A	0
191	133	1	A	0
192	105	1	A	0
193	40	2	B	0
194	31	2	B	0
195	138	3	C	0
196	16	5	C	0
197	2	5	C	0
198	24	3	C	0
199	146	4	C	0
200	150	1	A	0
201	62	4	C	0
202	45	5	C	0
203	55	2	B	0
204	89	4	C	0
205	11	4	C	0
206	2	1	A	0
207	74	4	C	0
208	58	2	B	0
209	82	2	B	0
210	43	4	C	0
211	80	1	A	0
212	17	3	C	0
213	103	4	C	0
214	90	4	C	0
215	12	5	C	0
216	59	4	C	0
217	17	5	C	0
218	15	5	C	0
219	94	2	B	0
220	144	4	C	0
221	85	2	B	0
222	110	1	A	0
223	22	4	C	0
224	126	2	B	0
225	107	1	A	0
226	10	1	A	0
227	123	3	C	0
228	120	2	B	0
229	28	4	C	0
230	8	3	C	0
231	70	4	C	0
232	136	2	B	0
233	143	4	C	0
234	122	1	A	0
235	100	1	A	0
236	49	5	C	0
237	70	3	C	0
238	144	4	C	0
239	67	3	C	0
240	128	5	C	0
241	143	4	C	0
242	93	5	C	0
243	19	4	C	0
244	39	3	C	0
245	126	4	C	0
246	137	2	B	0
247	140	4	C	0
248	90	2	B	0
249	142	2	B	0
250	12	1	A	0
251	86	2	B	0
252	37	1	A	0
253	72	1	A	0
254	98	5	C	0
255	103	1	A	0
256	130	2	B	0
257	140	4	C	0
258	102	2	B	0
259	130	5	C	0
260	5	1	A	0
261	66	3	C	0
262	135	2	B	0
263	82	2	B	0
264	146	2	B	0
265	88	3	C	0
266	39	5	C	0
267	125	2	B	0
268	102	2	B	0
269	18	3	C	0
270	99	4	C	0
271	7	1	A	0
272	91	1	A	0
273	5	5	C	0
274	99	4	C	0
275	16	5	C	0
276	114	5	C	0
277	86	3	C	0
278	6	4	C	0
279	6	5	C	0
280	101	5	C	0
281	38	4	C	0
282	128	5	C	0
283	84	3	C	0
284	124	2	B	0
285	30	5	C	0
286	145	3	C	0
287	75	1	A	0
288	129	3	C	0
289	77	2	B	0
290	7	2	B	0
291	125	2	B	0
292	20	1	A	0
293	110	5	C	0
294	28	1	A	0
295	145	5	C	0
296	25	5	C	0
297	135	3	C	0
298	25	4	C	0
299	34	1	A	0
300	34	2	B	0
