Class Times	5
Rooms	10
1	11	B	0
2	57	A	0
3	43	A	1
4	10	B	0
5	59	B	0
6	12	B	0
7	41	C	0
8	87	B	0
9	18	A	0
10	40	C	1
Classes	300
Teachers	150
1	40	3	C	1
2	100	3	C	1
3	129	1	A	1
4	129	2	B	1
5	149	3	C	1
6	69	4	C	1
7	42	5	C	1
8	122	2	B	1
9	137	3	C	1
10	6	3	C	1
11	145	4	C	1
12	62	4	C	1
13	91	5	C	1
14	37	4	C	1
15	59	2	B	1
16	30	2	B	0
17	103	2	B	0
18	104	3	C	0
19	20	1	A	0
20	28	2	B	0
21	92	3	C	0
22	44	1	A	0
23	88	5	C	0
24	97	1	A	0
25	140	5	C	0
26	38	5	C	0
27	60	5	C	0
28	70	4	C	0
29	73	3	C	0
30	17	2	B	0
31	121	4	C	0
32	22	4	C	0
33	68	2	B	0
34	12	2	B	0
35	77	3	C	0
36	26	2	B	0
37	70	2	B	0
38	148	1	A	0
39	106	2	B	0
40	35	4	C	0
41	118	1	A	0
42	85	1	A	0
43	49	4	C	0
44	37	5	C	0
45	44	3	C	0
46	118	5	C	0
47	135	5	C	0
48	81	3	C	0
49	131	2	B	0
50	148	5	C	0
51	52	1	A	0
52	145	1	A	0
53	27	1	A	0
54	80	5	C	0
55	68	4	C	0
56	141	3	C	0
57	97	1	A	0
58	84	4	C	0
59	25	3	C	0
60	48	2	B	0
61	144	5	C	0
62	1	1	A	0
63	16	1	A	0
64	82	2	B	0
65	103	2	B	0
66	86	1	A	0
67	139	2	B	0
68	51	3	C	0
69	104	3	C	0
70	67	2	B	0
71	12	4	C	0
72	146	5	C	0
73	78	3	C	0
74	31	3	C	0
75	55	1	A	0
76	100	5	C	0
77	122	5	C	0
78	41	3	C	0
79	55	4	C	0
80	28	4	C	0
81	42	1	A	0
82	17	2	B	0
83	113	2	B	0
84	93	4	C	0
85	130	3	C	0
86	123	5	C	0
87	57	2	B	0
88	34	3	C	0
89	150	5	C	0
90	76	1	A	0
91	106	4	C	0
92	88	3	C	0
93	10	3	C	0
94	80	5	C	0
95	123	4	C	0
96	87	3	C	0
97	93	2	B	0
98	108	1	A	0
99	11	5	C	0
100	113	5	C	0
101	127	4	C	0
102	45	5	C	0
103	67	5	C	0
104	101	3	C	0
105	36	3	C	0
106	73	5	C	0
107	40	1	A	0
108	116	2	B	0
109	81	4	C	0
110	32	5	C	0
111	116	3	C	0
112	135	1	A	0
113	18	2	B	0
114	141	1	A	0
115	20	5	C	0
116	26	3	C	0
117	18	1	A	0
118	138	4	C	0
119	121	5	C	0
120	86	2	B	0
121	108	1	A	0
122	136	1	A	0
123	146	3	C	0
124	114	3	C	0
125	102	4	C	0
126	136	3	C	0
127	98	2	B	0
128	51	3	C	0
129	92	2	B	0
130	66	1	A	0
131	7	2	B	0
132	79	3	C	0
133	139	2	B	0
134	66	2	B	0
135	126	4	C	0
136	114	1	A	0
137	53	4	C	0
138	6	1	A	0
139	144	2	B	0
140	149	1	A	0
141	72	2	B	0
142	14	1	A	0
143	107	5	C	0
144	89	3	C	0
145	143	4	C	0
146	143	1	A	0
147	43	4	C	0
148	10	5	C	0
149	45	5	C	0
150	137	3	C	0
151	65	5	C	0
152	65	1	A	0
153	107	1	A	0
154	48	5	C	0
155	3	5	C	0
156	54	3	C	0
157	71	4	C	0
158	60	2	B	0
159	14	5	C	0
160	132	3	C	0
161	112	4	C	0
162	74	1	A	0
163	127	3	C	0
164	4	2	B	0
165	94	5	C	0
166	78	3	C	0
167	32	1	A	0
168	82	4	C	0
169	39	5	C	0
170	69	1	A	0
171	147	4	C	0
172	77	1	A	0
173	64	5	C	0
174	74	4	C	0
175	95	4	C	0
176	117	3	C	0
177	43	1	A	0
178	111	5	C	0
179	54	5	C	0
180	29	2	B	0
181	38	2	B	0
182	7	1	A	0
183	24	3	C	0
184	25	5	C	0
185	50	5	C	0
186	36	2	B	0
187	128	2	B	0
188	76	4	C	0
189	83	2	B	0
190	112	4	C	0
191	131	3	C	0
192	110	4	C	0
193	63	3	C	0
194	133	2	B	0
195	49	5	C	0
196	126	5	C	0
197	75	3	C	0
198	13	4	C	0
199	58	3	C	0
200	72	4	C	0
201	124	5	C	0
202	102	4	C	0
203	142	4	C	0
204	46	2	B	0
205	64	1	A	0
206	147	3	C	0
207	39	1	A	0
208	115	2	B	0
209	56	4	C	0
210	23	1	A	0
211	84	3	C	0
212	98	2	B	0
213	109	4	C	0
214	29	5	C	0
215	15	5	C	0
216	83	5	C	0
217	75	3	C	0
218	62	5	C	0
219	89	2	B	0
220	99	2	B	0
221	19	4	C	0
222	1	2	B	0
223	4	1	A	0
224	117	5	C	0
225	115	4	C	0
226	9	5	C	0
227	130	1	A	0
228	23	3	C	0
229	61	5	C	0
230	2	3	C	0
231	11	3	C	0
232	53	4	C	0
233	33	4	C	0
234	58	2	B	0
235	15	2	B	0
236	134	4	C	0
237	90	2	B	0
238	90	5	C	0
239	85	2	B	0
240	24	5	C	0
241	111	3	C	0
242	16	5	C	0
243	30	2	B	0
244	57	1	A	0
245	59	5	C	0
246	63	3	C	0
247	8	2	B	0
248	21	3	C	0
249	120	3	C	0
250	87	1	A	0
251	120	3	C	0
252	2	3	C	0
253	5	1	A	0
254	3	2	B	0
255	95	3	C	0
256	71	3	C	0
257	96	3	C	0
258	34	5	C	0
259	61	5	C	0
260	125	2	B	0
261	96	4	C	0
262	35	4	C	0
263	33	3	C	0
264	125	2	B	0
265	46	2	B	0
266	79	5	C	0
267	140	3	C	0
268	99	2	B	0
269	128	2	B	0
270	22	3	C	0
271	31	2	B	0
272	105	1	A	0
273	21	3	C	0
274	5	1	A	0
275	124	5	C	0
276	91	2	B	0
277	19	5	C	0
278	47	4	C	0
279	13	4	C	0
280	8	4	C	0
281	119	1	A	0
282	41	5	C	0
283	133	3	C	0
284	27	1	A	0
285	138	5	C	0
286	110	5	C	0
287	56	4	C	0
288	134	4	C	0
289	150	1	A	0
290	142	3	C	0
291	52	5	C	0
292	94	4	C	0
293	101	2	B	0
294	9	3	C	0
295	132	5	C	0
296	47	1	A	0
297	109	2	B	0
298	119	1	A	0
299	105	4	C	0
300	50	4	C	0
