Class Times	5
Rooms	10
1	87	C	0
2	30	C	1
3	59	B	0
4	10	C	0
5	34	B	1
6	88	A	0
7	30	B	1
8	42	A	1
9	41	C	0
10	19	C	1
Classes	300
Teachers	150
1	47	5	C	1
2	92	3	C	1
3	96	4	C	1
4	78	3	C	1
5	93	3	C	1
6	18	1	A	1
7	96	2	B	1
8	41	4	C	1
9	16	5	C	1
10	66	1	A	1
11	140	1	A	1
12	103	5	C	1
13	144	2	B	1
14	110	5	C	1
15	52	5	C	1
16	61	3	C	0
17	39	5	C	0
18	150	4	C	0
19	136	4	C	0
20	103	1	A	0
21	59	5	C	0
22	133	2	B	0
23	69	2	B	0
24	107	4	C	0
25	67	4	C	0
26	65	2	B	0
27	70	1	A	0
28	144	5	C	0
29	9	4	C	0
30	57	1	A	0
31	35	3	C	0
32	112	4	C	0
33	98	2	B	0
34	14	1	A	0
35	16	2	B	0
36	30	1	A	0
37	71	4	C	0
38	111	5	C	0
39	30	2	B	0
40	85	5	C	0
41	43	2	B	0
42	63	2	B	0
43	17	1	A	0
44	8	3	C	0
45	134	3	C	0
46	58	2	B	0
47	88	4	C	0
48	121	4	C	0
49	60	1	A	0
50	50	4	C	0
51	14	4	C	0
52	139	1	A	0
53	140	2	B	0
54	31	1	A	0
55	46	2	B	0
56	131	4	C	0
57	64	5	C	0
58	148	4	C	0
59	81	4	C	0
60	83	3	C	0
61	21	2	B	0
62	27	4	C	0
63	29	1	A	0
64	42	1	A	0
65	25	4	C	0
66	76	3	C	0
67	141	4	C	0
68	89	3	C	0
69	63	1	A	0
70	27	5	C	0
71	132	2	B	0
72	104	5	C	0
73	44	3	C	0
74	86	2	B	0
75	109	3	C	0
76	44	4	C	0
77	135	5	C	0
78	130	2	B	0
79	31	2	B	0
80	138	2	B	0
81	106	3	C	0
82	62	1	A	0
83	92	2	B	0
84	97	1	A	0
85	3	1	A	0
86	76	3	C	0
87	25	3	C	0
88	128	3	C	0
89	91	2	B	0
90	26	3	C	0
91	72	1	A	0
92	34	3	C	0
93	52	1	A	0
94	116	3	C	0
95	17	4	C	0
96	43	5	C	0
97	114	3	C	0
98	69	2	B	0
99	99	4	C	0
100	109	2	B	0
101	148	2	B	0
102	145	3	C	0
103	116	2	B	0
104	41	4	C	0
105	10	4	C	0
106	9	2	B	0
107	95	2	B	0
108	149	5	C	0
109	142	1	A	0
110	53	2	B	0
111	29	2	B	0
112	28	3	C	0
113	108	3	C	0
114	86	1	A	0
115	74	4	C	0
116	150	5	C	0
117	3	1	A	0
118	5	3	C	0
119	94	4	C	0
120	97	1	A	0
121	12	3	C	0
122	112	5	C	0
123	108	2	B	0
124	51	4	C	0
125	80	5	C	0
126	72	2	B	0
127	22	1	A	0
128	77	2	B	0
129	79	2	B	0
130	73	5	C	0
131	79	2	B	0
132	131	3	C	0
133	61	5	C	0
134	121	4	C	0
135	82	4	C	0
136	59	2	B	0
137	71	2	B	0
138	94	1	A	0
139	1	1	A	0
140	80	1	A	0
141	107	4	C	0
142	74	4	C	0
143	102	3	C	0
144	149	5	C	0
145	87	1	A	0
146	48	1	A	0
147	89	1	A	0
148	39	2	B	0
149	95	2	B	0
150	33	2	B	0
151	126	4	C	0
152	106	1	A	0
153	36	3	C	0
154	65	2	B	0
155	45	1	A	0
156	13	1	A	0
157	34	4	C	0
158	54	3	C	0
159	78	2	B	0
160	49	2	B	0
161	143	5	C	0
162	134	3	C	0
163	6	4	C	0
164	82	5	C	0
165	68	2	B	0
166	15	1	A	0
167	8	1	A	0
168	75	5	C	0
169	66	1	A	0
170	118	4	C	0
171	135	3	C	0
172	10	4	C	0
173	37	1	A	0
174	73	5	C	0
175	132	3	C	0
176	141	1	A	0
177	139	4	C	0
178	46	3	C	0
179	18	1	A	0
180	88	3	C	0
181	104	1	A	0
182	101	4	C	0
183	143	3	C	0
184	118	3	C	0
185	49	1	A	0
186	111	4	C	0
187	100	4	C	0
188	145	1	A	0
189	87	2	B	0
190	64	3	C	0
191	11	1	A	0
192	42	3	C	0
193	99	4	C	0
194	146	4	C	0
195	1	5	C	0
196	93	1	A	0
197	33	4	C	0
198	102	1	A	0
199	90	5	C	0
200	128	5	C	0
201	32	2	B	0
202	11	1	A	0
203	81	1	A	0
204	83	5	C	0
205	38	4	C	0
206	26	1	A	0
207	137	3	C	0
208	91	5	C	0
209	119	3	C	0
210	138	1	A	0
211	101	5	C	0
212	142	2	B	0
213	90	5	C	0
214	4	1	A	0
215	48	4	C	0
216	62	5	C	0
217	6	5	C	0
218	77	3	C	0
219	15	2	B	0
220	4	3	C	0
221	55	5	C	0
222	114	3	C	0
223	146	3	C	0
224	133	1	A	0
225	110	2	B	0
226	35	3	C	0
227	45	1	A	0
228	7	1	A	0
229	105	2	B	0
230	7	4	C	0
231	75	1	A	0
232	23	1	A	0
233	50	5	C	0
234	55	5	C	0
235	51	3	C	0
236	19	1	A	0
237	13	3	C	0
238	12	3	C	0
239	68	4	C	0
240	2	3	C	0
241	129	4	C	0
242	67	3	C	0
243	123	3	C	0
244	125	5	C	0
245	100	5	C	0
246	58	3	C	0
247	21	1	A	0
248	28	5	C	0
249	32	2	B	0
250	54	4	C	0
251	22	4	C	0
252	84	1	A	0
253	53	2	B	0
254	115	4	C	0
255	127	3	C	0
256	60	3	C	0
257	147	2	B	0
258	57	2	B	0
259	130	2	B	0
260	2	1	A	0
261	125	5	C	0
262	136	2	B	0
263	126	4	C	0
264	19	4	C	0
265	40	2	B	0
266	147	1	A	0
267	124	5	C	0
268	84	3	C	0
269	137	3	C	0
270	47	2	B	0
271	36	5	C	0
272	24	1	A	0
273	20	1	A	0
274	127	3	C	0
275	56	1	A	0
276	113	1	A	0
277	20	5	C	0
278	24	4	C	0
279	40	5	C	0
280	123	4	C	0
281	113	4	C	0
282	38	3	C	0
283	117	2	B	0
284	37	2	B	0
285	23	4	C	0
286	129	3	C	0
287	5	4	C	0
288	98	4	C	0
289	124	1	A	0
290	85	3	C	0
291	56	3	C	0
292	119	1	A	0
293	122	2	B	0
294	115	3	C	0
295	122	3	C	0
296	70	5	C	0
297	117	1	A	0
298	120	1	A	0
299	120	1	A	0
300	105	3	C	0
