Class Times	5
Rooms	10
1	54	B	1
2	38	A	1
3	17	A	1
4	66	C	1
5	61	B	1
6	89	A	0
7	49	A	0
8	69	B	1
9	58	A	1
10	29	B	1
Classes	300
Teachers	150
1	107	5	C	1
2	114	4	C	1
3	148	2	B	1
4	79	1	A	1
5	128	2	B	1
6	120	5	C	1
7	92	3	C	1
8	41	4	C	1
9	105	1	A	1
10	8	2	B	1
11	84	3	C	1
12	127	5	C	1
13	139	1	A	1
14	16	1	A	1
15	113	5	C	1
16	124	2	B	0
17	59	3	C	0
18	76	3	C	0
19	23	2	B	0
20	122	4	C	0
21	137	5	C	0
22	124	2	B	0
23	22	4	C	0
24	61	1	A	0
25	107	5	C	0
26	73	3	C	0
27	117	5	C	0
28	144	3	C	0
29	20	1	A	0
30	117	1	A	0
31	27	2	B	0
32	34	5	C	0
33	60	3	C	0
34	81	1	A	0
35	127	5	C	0
36	101	2	B	0
37	104	5	C	0
38	91	3	C	0
39	36	1	A	0
40	130	1	A	0
41	87	3	C	0
42	138	1	A	0
43	130	1	A	0
44	133	1	A	0
45	68	3	C	0
46	75	2	B	0
47	48	1	A	0
48	32	4	C	0
49	128	4	C	0
50	149	1	A	0
51	115	3	C	0
52	31	2	B	0
53	110	4	C	0
54	115	3	C	0
55	43	3	C	0
56	146	2	B	0
57	4	5	C	0
58	69	4	C	0
59	51	4	C	0
60	3	5	C	0
61	131	1	A	0
62	53	5	C	0
63	38	4	C	0
64	6	5	C	0
65	10	4	C	0
66	148	1	A	0
67	71	5	C	0
68	30	1	A	0
69	29	2	B	0
70	20	5	C	0
71	28	1	A	0
72	100	3	C	0
73	75	5	C	0
74	82	2	B	0
75	92	2	B	0
76	57	3	C	0
77	38	1	A	0
78	3	1	A	0
79	131	3	C	0
80	135	4	C	0
81	116	3	C	0
82	28	1	A	0
83	76	4	C	0
84	8	3	C	0
85	19	2	B	0
86	112	1	A	0
87	35	3	C	0
88	146	3	C	0
89	101	4	C	0
90	111	3	C	0
91	23	4	C	0
92	89	3	C	0
93	43	1	A	0
94	83	4	C	0
95	71	1	A	0
96	13	1	A	0
97	65	3	C	0
98	121	4	C	0
99	70	3	C	0
100	142	3	C	0
101	51	1	A	0
102	136	4	C	0
103	91	5	C	0
104	74	2	B	0
105	105	1	A	0
106	11	2	B	0
107	132	5	C	0
108	80	4	C	0
109	72	4	C	0
110	69	1	A	0
111	48	5	C	0
112	60	4	C	0
113	125	2	B	0
114	18	3	C	0
115	84	1	A	0
116	26	2	B	0
117	93	1	A	0
118	36	1	A	0
119	116	4	C	0
120	6	4	C	0
121	137	3	C	0
122	57	1	A	0
123	26	4	C	0
124	56	1	A	0
125	30	4	C	0
126	85	5	C	0
127	97	4	C	0
128	108	3	C	0
129	119	3	C	0
130	100	2	B	0
131	139	1	A	0
132	67	4	C	0
133	125	1	A	0
134	83	2	B	0
135	9	4	C	0
136	65	5	C	0
137	110	4	C	0
138	147	4	C	0
139	118	5	C	0
140	106	4	C	0
141	10	4	C	0
142	56	3	C	0
143	22	4	C	0
144	142	2	B	0
145	77	2	B	0
146	62	3	C	0
147	74	2	B	0
148	80	5	C	0
149	66	2	B	0
150	133	5	C	0
151	122	2	B	0
152	9	3	C	0
153	138	5	C	0
154	106	5	C	0
155	85	2	B	0
156	5	3	C	0
157	118	1	A	0
158	132	5	C	0
159	104	3	C	0
160	54	2	B	0
161	98	2	B	0
162	50	1	A	0
163	55	1	A	0
164	77	4	C	0
165	68	4	C	0
166	114	3	C	0
167	19	3	C	0
168	150	4	C	0
169	47	2	B	0
170	46	5	C	0
171	50	1	A	0
172	37	5	C	0
173	136	4	C	0
174	58	3	C	0
175	112	4	C	0
176	55	4	C	0
177	70	2	B	0
178	88	1	A	0
179	141	4	C	0
180	16	5	C	0
181	88	1	A	0
182	144	1	A	0
183	140	3	C	0
184	27	5	C	0
185	49	2	B	0
186	103	2	B	0
187	1	4	C	0
188	73	5	C	0
189	49	3	C	0
190	135	1	A	0
191	53	1	A	0
192	119	3	C	0
193	58	4	C	0
194	21	4	C	0
195	86	1	A	0
196	52	4	C	0
197	99	4	C	0
198	113	2	B	0
199	2	4	C	0
200	66	2	B	0
201	37	4	C	0
202	129	1	A	0
203	2	1	A	0
204	98	5	C	0
205	78	3	C	0
206	129	4	C	0
207	95	4	C	0
208	18	5	C	0
209	109	1	A	0
210	35	3	C	0
211	45	4	C	0
212	7	1	A	0
213	97	1	A	0
214	67	5	C	0
215	79	2	B	0
216	17	4	C	0
217	7	3	C	0
218	82	2	B	0
219	5	4	C	0
220	123	3	C	0
221	120	1	A	0
222	62	2	B	0
223	63	3	C	0
224	44	4	C	0
225	143	3	C	0
226	12	3	C	0
227	29	3	C	0
228	102	1	A	0
229	99	2	B	0
230	59	2	B	0
231	109	2	B	0
232	47	3	C	0
233	123	5	C	0
234	31	2	B	0
235	78	1	A	0
236	103	5	C	0
237	147	3	C	0
238	21	2	B	0
239	94	4	C	0
240	87	5	C	0
241	24	2	B	0
242	14	4	C	0
243	34	4	C	0
244	15	1	A	0
245	42	4	C	0
246	121	4	C	0
247	93	3	C	0
248	4	1	A	0
249	64	4	C	0
250	13	1	A	0
251	54	1	A	0
252	11	1	A	0
253	24	4	C	0
254	61	3	C	0
255	86	4	C	0
256	40	5	C	0
257	150	5	C	0
258	52	3	C	0
259	149	5	C	0
260	126	4	C	0
261	96	5	C	0
262	32	2	B	0
263	140	3	C	0
264	108	1	A	0
265	46	2	B	0
266	94	1	A	0
267	81	2	B	0
268	39	1	A	0
269	44	4	C	0
270	25	1	A	0
271	111	2	B	0
272	90	3	C	0
273	17	2	B	0
274	96	5	C	0
275	102	2	B	0
276	141	2	B	0
277	33	2	B	0
278	89	2	B	0
279	40	3	C	0
280	134	2	B	0
281	39	3	C	0
282	14	1	A	0
283	64	5	C	0
284	72	4	C	0
285	134	2	B	0
286	12	2	B	0
287	25	1	A	0
288	45	4	C	0
289	145	3	C	0
290	41	5	C	0
291	63	5	C	0
292	42	1	A	0
293	143	1	A	0
294	95	1	A	0
295	145	2	B	0
296	33	4	C	0
297	1	1	A	0
298	15	2	B	0
299	90	5	C	0
300	126	5	C	0
