Class Times	5
Rooms	10
1	56	B	0
2	51	A	0
3	46	B	0
4	56	B	0
5	41	C	0
6	65	B	1
7	11	C	1
8	18	C	1
9	19	B	1
10	89	B	0
Classes	300
Teachers	150
1	36	4	C	1
2	41	3	C	1
3	44	1	A	1
4	74	5	C	1
5	113	4	C	1
6	136	5	C	1
7	131	3	C	1
8	28	2	B	1
9	11	3	C	1
10	120	4	C	1
11	106	4	C	1
12	94	4	C	1
13	12	1	A	1
14	130	1	A	1
15	78	1	A	1
16	43	2	B	0
17	32	2	B	0
18	111	4	C	0
19	77	1	A	0
20	129	3	C	0
21	105	5	C	0
22	18	2	B	0
23	134	2	B	0
24	43	5	C	0
25	138	1	A	0
26	53	5	C	0
27	119	1	A	0
28	7	4	C	0
29	80	1	A	0
30	125	1	A	0
31	132	5	C	0
32	132	5	C	0
33	26	5	C	0
34	60	1	A	0
35	129	4	C	0
36	51	5	C	0
37	17	1	A	0
38	121	2	B	0
39	35	4	C	0
40	104	4	C	0
41	109	1	A	0
42	127	3	C	0
43	9	4	C	0
44	65	2	B	0
45	20	3	C	0
46	115	3	C	0
47	16	2	B	0
48	73	4	C	0
49	39	1	A	0
50	48	3	C	0
51	35	2	B	0
52	111	2	B	0
53	55	3	C	0
54	54	1	A	0
55	70	1	A	0
56	51	2	B	0
57	88	4	C	0
58	148	1	A	0
59	69	2	B	0
60	137	1	A	0
61	22	1	A	0
62	90	5	C	0
63	82	2	B	0
64	23	2	B	0
65	148	4	C	0
66	25	4	C	0
67	75	1	A	0
68	89	2	B	0
69	6	2	B	0
70	38	2	B	0
71	134	2	B	0
72	9	5	C	0
73	143	1	A	0
74	133	2	B	0
75	86	5	C	0
76	48	4	C	0
77	44	1	A	0
78	23	3	C	0
79	1	4	C	0
80	36	3	C	0
81	30	2	B	0
82	124	5	C	0
83	91	4	C	0
84	38	4	C	0
85	120	3	C	0
86	29	2	B	0
87	45	2	B	0
88	118	4	C	0
89	113	5	C	0
90	91	5	C	0
91	58	5	C	0
92	63	3	C	0
93	139	5	C	0
94	145	3	C	0
95	69	5	C	0
96	11	4	C	0
97	13	5	C	0
98	68	1	A	0
99	13	3	C	0
100	74	2	B	0
101	92	5	C	0
102	66	1	A	0
103	54	1	A	0
104	102	5	C	0
105	16	5	C	0
106	53	4	C	0
107	4	3	C	0
108	45	5	C	0
109	50	4	C	0
110	20	5	C	0
111	90	1	A	0
112	58	3	C	0
113	109	2	B	0
114	88	2	B	0
115	119	2	B	0
116	96	2	B	0
117	84	1	A	0
118	14	3	C	0
119	15	1	A	0
120	115	5	C	0
121	71	2	B	0
122	92	1	A	0
123	66	1	A	0
124	89	2	B	0
125	127	3	C	0
126	104	4	C	0
127	98	1	A	0
128	72	2	B	0
129	14	2	B	0
130	78	1	A	0
131	139	2	B	0
132	145	3	C	0
133	83	2	B	0
134	1	4	C	0
135	137	1	A	0
136	114	4	C	0
137	24	2	B	0
138	52	5	C	0
139	57	2	B	0
140	17	2	B	0
141	110	5	C	0
142	79	5	C	0
143	56	1	A	0
144	28	2	B	0
145	105	1	A	0
146	98	2	B	0
147	75	5	C	0
148	135	4	C	0
149	5	4	C	0
150	100	5	C	0
151	46	3	C	0
152	37	2	B	0
153	84	3	C	0
154	2	4	C	0
155	86	2	B	0
156	19	1	A	0
157	101	3	C	0
158	34	2	B	0
159	12	3	C	0
160	147	2	B	0
161	60	2	B	0
162	125	1	A	0
163	124	4	C	0
164	87	4	C	0
165	87	2	B	0
166	34	3	C	0
167	135	4	C	0
168	6	3	C	0
169	118	4	C	0
170	107	1	A	0
171	26	3	C	0
172	100	1	A	0
173	146	1	A	0
174	55	5	C	0
175	19	4	C	0
176	149	2	B	0
177	10	5	C	0
178	126	4	C	0
179	96	2	B	0
180	150	5	C	0
181	63	1	A	0
182	97	3	C	0
183	30	5	C	0
184	122	1	A	0
185	64	4	C	0
186	97	1	A	0
187	116	3	C	0
188	102	4	C	0
189	77	2	B	0
190	37	4	C	0
191	7	4	C	0
192	101	2	B	0
193	47	3	C	0
194	114	5	C	0
195	80	5	C	0
196	128	2	B	0
197	94	4	C	0
198	150	4	C	0
199	2	2	B	0
200	49	2	B	0
201	99	4	C	0
202	62	5	C	0
203	67	3	C	0
204	70	2	B	0
205	133	2	B	0
206	117	5	C	0
207	122	3	C	0
208	49	2	B	0
209	65	3	C	0
210	42	1	A	0
211	117	5	C	0
212	32	1	A	0
213	108	2	B	0
214	10	3	C	0
215	41	3	C	0
216	138	5	C	0
217	147	1	A	0
218	136	4	C	0
219	21	2	B	0
220	24	1	A	0
221	140	4	C	0
222	149	4	C	0
223	128	2	B	0
224	107	3	C	0
225	116	4	C	0
226	141	4	C	0
227	27	5	C	0
228	81	1	A	0
229	126	2	B	0
230	143	3	C	0
231	29	5	C	0
232	3	1	A	0
233	40	5	C	0
234	25	1	A	0
235	83	4	C	0
236	4	4	C	0
237	81	4	C	0
238	82	4	C	0
239	22	4	C	0
240	15	5	C	0
241	108	5	C	0
242	123	3	C	0
243	8	5	C	0
244	67	4	C	0
245	103	2	B	0
246	50	2	B	0
247	21	2	B	0
248	62	1	A	0
249	31	4	C	0
250	99	4	C	0
251	61	3	C	0
252	31	4	C	0
253	144	2	B	0
254	112	1	A	0
255	144	2	B	0
256	142	2	B	0
257	46	2	B	0
258	140	3	C	0
259	112	1	A	0
260	93	4	C	0
261	56	2	B	0
262	52	4	C	0
263	18	1	A	0
264	8	5	C	0
265	61	2	B	0
266	123	3	C	0
267	85	4	C	0
268	121	1	A	0
269	95	4	C	0
270	5	1	A	0
271	57	3	C	0
272	110	4	C	0
273	27	5	C	0
274	95	2	B	0
275	142	3	C	0
276	141	3	C	0
277	146	5	C	0
278	85	3	C	0
279	79	2	B	0
280	93	2	B	0
281	103	5	C	0
282	40	1	A	0
283	73	4	C	0
284	72	4	C	0
285	59	4	C	0
286	76	5	C	0
287	42	5	C	0
288	131	3	C	0
289	106	2	B	0
290	130	5	C	0
291	64	4	C	0
292	68	2	B	0
293	39	3	C	0
294	47	3	C	0
295	71	1	A	0
296	76	1	A	0
297	3	2	B	0
298	59	2	B	0
299	33	5	C	0
300	33	5	C	0
