Students	500
1	22 267 251 188	4	3	0
2	139 70 189 207	4	3	0
3	213 38 197 114	4	5	0
4	203 129 40 104	4	3	0
5	147 76 99 34	4	5	0
6	221 260 83 229	2	-1	0
7	83 143 248 98	3	3	0
8	293 199 286 29	2	-1	0
9	9 219 150 280	1	-1	0
10	183 220 62 16	2	-1	0
11	153 111 267 228	3	2	0
12	7 247 258 276	1	-1	0
13	15 196 26 211	1	-1	0
14	181 194 226 232	4	1	0
15	106 160 90 245	3	5	0
16	269 219 217 162	2	-1	0
17	6 117 244 254	1	-1	0
18	70 87 125 168	3	1	0
19	15 267 236 48	1	-1	0
20	142 160 182 239	4	4	0
21	85 35 254 261	3	1	0
22	272 16 44 118	4	3	0
23	109 230 300 231	4	1	0
24	12 285 225 22	1	-1	0
25	293 72 285 62	4	5	1
26	149 187 75 32	3	5	0
27	299 289 157 29	4	3	0
28	21 292 99 136	2	-1	0
29	35 192 42 294	4	2	0
30	182 159 104 299	2	-1	0
31	47 97 236 243	2	-1	0
32	14 276 199 287	1	-1	0
33	140 167 81 232	3	1	0
34	215 80 116 84	3	2	0
35	213 67 216 278	2	-1	0
36	276 294 107 39	2	-1	0
37	145 47 270 203	4	4	0
38	91 282 152 162	3	4	0
39	47 51 151 287	2	-1	0
40	144 290 227 113	4	4	0
41	289 70 163 103	2	-1	0
42	134 291 98 176	3	4	0
43	13 243 118 174	1	-1	0
44	275 66 280 154	2	-1	0
45	11 230 262 84	1	-1	0
46	3 205 210 283	1	-1	0
47	231 187 147 148	4	5	0
48	10 44 35 132	1	-1	0
49	7 37 288 297	1	-1	0
50	62 95 155 168	2	-1	0
51	294 42 163 56	3	1	0
52	87 282 132 299	2	-1	0
53	105 200 81 47	4	1	0
54	141 131 25 286	4	1	0
55	64 48 257 222	2	-1	0
56	256 62 65 96	2	-1	0
57	24 292 215 204	4	4	0
58	6 125 16 244	1	-1	0
59	10 259 129 125	1	-1	0
60	230 297 16 42	3	1	0
61	143 56 133 65	3	1	0
62	25 263 193 17	4	3	0
63	9 215 118 116	1	-1	0
64	68 297 182 125	2	-1	0
65	5 136 217 220	1	-1	0
66	73 176 98 203	3	2	0
67	272 225 266 202	4	1	0
68	223 285 31 166	2	-1	0
69	267 28 179 113	4	5	0
70	156 66 95 152	3	3	0
71	5 275 149 43	1	-1	0
72	7 116 273 245	1	-1	0
73	17 25 264 109	2	-1	0
74	269 220 80 258	3	5	0
75	53 120 31 110	3	3	0
76	143 55 177 276	4	4	0
77	40 158 184 22	2	-1	0
78	255 168 144 45	2	-1	0
79	157 284 156 85	3	3	0
80	229 46 296 144	3	1	0
81	269 251 48 223	4	2	0
82	6 224 69 258	1	-1	0
83	150 185 72 265	3	5	0
84	84 64 297 233	2	-1	0
85	3 251 54 226	1	-1	0
86	142 150 247 79	3	5	0
87	78 99 183 169	4	4	0
88	208 107 253 255	3	1	0
89	272 34 259 35	2	-1	0
90	6 47 142 209	1	-1	0
91	281 116 193 299	3	2	0
92	4 133 113 135	1	-1	0
93	206 127 40 200	4	2	0
94	261 213 215 83	2	-1	0
95	15 179 36 140	1	-1	0
96	102 100 200 40	3	3	0
97	128 260 285 183	3	4	0
98	239 261 116 192	2	-1	0
99	230 47 165 28	3	4	0
100	20 203 81 157	4	5	0
101	65 198 209 203	3	4	0
102	52 16 125 277	3	4	0
103	10 263 273 261	1	-1	0
104	6 64 279 117	1	-1	0
105	132 29 32 186	4	5	0
106	239 31 293 190	4	5	0
107	1 48 180 105	1	-1	0
108	153 202 125 176	2	-1	0
109	291 253 269 39	2	-1	0
110	22 248 86 209	2	-1	0
111	49 177 88 205	3	5	0
112	293 100 34 169	4	3	0
113	93 229 149 193	4	1	0
114	36 96 16 221	3	1	0
115	16 186 178 224	3	3	0
116	6 266 197 186	1	-1	0
117	19 150 78 238	2	-1	0
118	238 252 94 243	4	3	0
119	85 98 273 159	4	5	0
120	58 132 130 85	3	5	1
121	162 241 107 55	3	2	0
122	98 180 173 155	2	-1	0
123	15 142 250 223	1	-1	0
124	188 238 195 62	2	-1	0
125	8 108 168 16	1	-1	0
126	86 231 291 133	3	1	0
127	9 280 108 242	1	-1	0
128	55 224 85 35	4	1	0
129	98 58 247 177	4	5	0
130	100 53 91 122	2	-1	0
131	3 298 26 160	1	-1	0
132	201 141 140 236	3	5	0
133	2 23 136 184	1	-1	0
134	1 128 112 269	1	-1	0
135	82 241 65 170	2	-1	0
136	226 96 124 289	3	4	0
137	282 188 200 40	4	4	0
138	85 60 288 105	4	4	0
139	11 187 239 178	1	-1	0
140	61 290 194 100	3	5	0
141	281 149 51 195	2	-1	0
142	7 98 164 74	1	-1	0
143	147 67 132 23	4	3	0
144	280 16 53 133	2	-1	0
145	261 224 85 155	2	-1	0
146	5 21 110 258	1	-1	0
147	233 275 103 26	4	5	0
148	219 25 154 167	4	1	0
149	2 249 234 199	1	-1	0
150	224 292 147 219	2	-1	0
151	1 125 73 64	1	-1	0
152	45 31 51 133	4	1	0
153	91 276 54 299	4	1	0
154	35 254 221 229	2	-1	0
155	169 128 50 256	3	4	0
156	28 173 169 249	4	5	0
157	156 34 25 161	4	1	0
158	12 41 240 93	1	-1	0
159	27 169 281 163	4	4	0
160	205 78 42 157	2	-1	0
161	6 27 66 63	1	-1	0
162	26 70 165 34	4	5	0
163	255 134 65 190	4	5	0
164	232 41 190 122	4	4	0
165	103 236 129 30	3	4	0
166	191 81 37 26	3	2	0
167	232 49 255 50	2	-1	0
168	61 210 180 33	4	3	0
169	105 81 91 159	2	-1	0
170	47 272 233 41	3	5	0
171	7 240 195 41	1	-1	0
172	102 30 177 72	2	-1	0
173	10 224 78 28	1	-1	0
174	200 70 31 39	2	-1	0
175	257 150 135 153	4	4	0
176	87 22 186 61	4	3	0
177	177 128 193 60	3	5	0
178	172 220 110 97	3	5	0
179	60 128 42 185	3	1	0
180	260 153 136 87	3	1	0
181	92 159 62 177	2	-1	0
182	222 240 239 94	3	2	0
183	101 265 50 36	2	-1	0
184	175 105 51 207	2	-1	0
185	14 237 154 104	1	-1	0
186	141 267 257 296	2	-1	0
187	18 70 242 85	2	-1	0
188	12 235 36 118	1	-1	0
189	13 132 281 166	1	-1	0
190	44 287 18 243	2	-1	0
191	228 104 119 60	3	4	0
192	11 55 262 255	1	-1	0
193	36 275 180 290	4	5	0
194	127 193 22 184	3	4	0
195	170 261 23 117	4	1	0
196	243 218 48 110	2	-1	0
197	180 277 47 129	4	2	0
198	239 135 133 297	4	5	0
199	156 46 294 79	2	-1	0
200	1 283 42 104	1	-1	0
201	218 284 282 258	4	2	1
202	13 101 154 290	1	-1	0
203	270 201 102 101	4	4	0
204	67 196 18 123	2	-1	0
205	144 268 176 265	2	-1	0
206	69 241 162 17	4	5	0
207	151 19 289 177	3	2	0
208	5 228 235 209	1	-1	0
209	231 96 247 52	3	2	0
210	213 259 222 214	4	5	0
211	51 245 138 87	2	-1	0
212	146 130 270 192	3	1	1
213	15 293 230 17	1	-1	0
214	269 71 34 210	3	2	0
215	262 212 57 218	3	2	0
216	17 275 263 161	4	3	0
217	14 74 102 110	1	-1	0
218	114 81 61 109	3	2	0
219	3 44 212 62	1	-1	0
220	49 119 275 262	3	1	0
221	253 78 49 30	4	5	0
222	11 31 205 141	1	-1	0
223	197 217 147 274	4	2	0
224	53 149 105 52	3	2	0
225	27 123 258 71	2	-1	0
226	13 82 111 51	1	-1	0
227	186 183 29 291	3	1	0
228	11 50 187 132	1	-1	0
229	287 123 63 102	2	-1	0
230	39 236 50 19	4	3	0
231	12 74 29 285	1	-1	0
232	160 122 115 206	3	1	0
233	247 147 206 73	4	3	0
234	62 194 132 84	2	-1	0
235	32 197 288 196	2	-1	0
236	26 131 290 30	4	1	0
237	158 292 112 153	2	-1	0
238	248 89 92 185	3	4	0
239	13 28 255 65	1	-1	0
240	300 83 215 142	2	-1	0
241	18 185 174 230	2	-1	0
242	169 69 162 135	4	2	0
243	167 152 64 226	4	4	0
244	117 214 249 101	3	1	0
245	12 187 283 76	1	-1	0
246	3 39 82 174	1	-1	0
247	2 288 297 120	1	-1	0
248	8 168 254 209	1	-1	0
249	189 16 216 165	4	1	0
250	13 44 85 137	1	-1	0
251	285 261 208 68	4	3	0
252	215 228 239 285	2	-1	0
253	284 226 122 38	3	3	0
254	214 277 171 179	2	-1	0
255	115 53 49 57	3	2	0
256	3 291 126 298	1	-1	0
257	235 134 225 41	4	4	0
258	136 260 152 116	4	5	0
259	5 55 72 295	1	-1	0
260	100 175 298 167	4	3	0
261	208 219 116 100	2	-1	0
262	58 163 166 191	3	3	0
263	162 217 77 85	2	-1	0
264	40 247 175 229	3	5	0
265	163 248 142 242	3	1	0
266	29 64 128 291	3	3	0
267	126 16 223 195	3	3	0
268	45 180 118 81	4	4	0
269	4 213 225 137	1	-1	0
270	50 113 86 172	4	2	0
271	138 30 206 300	3	3	1
272	245 290 168 37	2	-1	0
273	60 185 78 218	2	-1	0
274	194 266 202 144	3	4	0
275	91 161 269 226	2	-1	0
276	151 271 118 147	3	1	0
277	298 45 236 261	4	5	0
278	58 260 54 93	3	4	0
279	157 204 169 232	3	3	0
280	14 189 191 123	1	-1	0
281	137 193 108 248	4	4	0
282	15 295 143 170	1	-1	0
283	39 169 154 97	3	5	0
284	144 18 145 64	3	1	0
285	124 153 29 68	4	1	0
286	249 284 177 158	2	-1	0
287	5 236 238 26	1	-1	0
288	51 191 208 55	4	3	0
289	218 65 265 205	3	1	0
290	99 88 60 154	2	-1	0
291	130 89 93 184	3	3	0
292	15 254 171 256	1	-1	0
293	190 234 78 23	2	-1	0
294	236 166 159 98	2	-1	0
295	294 114 144 148	4	1	0
296	3 293 107 96	1	-1	0
297	1 105 133 98	1	-1	0
298	10 76 65 144	1	-1	0
299	2 158 201 159	1	-1	0
300	4 119 260 154	1	-1	0
301	13 297 55 207	1	-1	0
302	288 240 245 215	3	4	0
303	1 131 229 74	1	-1	0
304	7 141 257 26	1	-1	0
305	22 252 90 284	3	1	0
306	23 116 57 173	2	-1	0
307	245 241 234 30	2	-1	0
308	62 168 131 46	3	1	0
309	202 38 196 125	2	-1	0
310	11 229 76 155	1	-1	0
311	14 213 193 290	1	-1	0
312	110 58 49 22	4	2	0
313	280 83 122 239	3	5	0
314	238 68 43 150	2	-1	0
315	10 110 60 159	1	-1	0
316	86 176 254 24	3	4	0
317	284 272 147 173	4	5	0
318	238 289 126 237	4	1	0
319	82 111 291 260	2	-1	0
320	41 289 177 101	4	1	0
321	6 76 189 104	1	-1	0
322	257 105 94 225	4	3	0
323	79 159 184 28	3	4	0
324	123 210 105 191	3	2	0
325	65 215 198 203	2	-1	0
326	153 142 165 162	2	-1	0
327	180 162 189 196	3	4	0
328	115 206 107 190	2	-1	0
329	10 89 212 227	1	-1	0
330	55 34 296 120	3	5	0
331	10 263 35 87	1	-1	0
332	225 75 178 161	2	-1	0
333	186 42 48 97	3	4	0
334	1 55 49 227	1	-1	0
335	4 84 209 271	1	-1	0
336	166 290 211 66	2	-1	0
337	190 260 47 281	4	3	0
338	24 31 212 284	4	4	0
339	81 183 174 54	4	2	0
340	23 279 260 238	2	-1	0
341	72 74 157 18	4	2	0
342	88 55 247 80	3	1	0
343	205 140 220 42	4	2	0
344	5 91 73 114	1	-1	0
345	205 162 158 191	3	5	0
346	133 260 223 110	2	-1	0
347	12 268 206 191	1	-1	0
348	1 110 41 198	1	-1	0
349	140 240 54 250	3	1	0
350	266 108 20 89	2	-1	0
351	21 115 49 144	2	-1	0
352	174 123 221 293	2	-1	0
353	251 208 155 75	2	-1	0
354	257 252 48 231	2	-1	0
355	115 174 23 24	4	3	0
356	85 226 216 96	3	1	0
357	10 73 80 190	1	-1	0
358	102 226 134 170	2	-1	0
359	124 239 187 60	2	-1	0
360	124 295 195 72	3	2	0
361	6 67 180 167	1	-1	0
362	98 283 177 252	2	-1	0
363	130 274 260 127	4	3	0
364	5 149 81 31	1	-1	0
365	39 210 279 179	4	1	0
366	44 96 172 28	3	1	0
367	105 106 84 188	2	-1	0
368	20 115 272 145	2	-1	0
369	13 54 27 124	1	-1	0
370	18 209 288 45	4	3	0
371	116 220 288 86	3	3	0
372	281 32 19 118	3	3	0
373	163 101 237 37	2	-1	0
374	27 72 209 85	2	-1	0
375	136 285 191 278	4	1	0
376	15 212 234 191	1	-1	0
377	243 251 200 33	4	4	0
378	6 115 61 136	1	-1	0
379	3 210 116 230	1	-1	0
380	20 78 264 74	3	2	0
381	49 44 67 58	4	3	0
382	6 234 201 72	1	-1	0
383	214 240 86 241	4	5	0
384	152 240 274 135	2	-1	0
385	9 39 23 126	1	-1	0
386	12 90 111 133	1	-1	0
387	208 233 51 28	3	4	0
388	87 77 284 269	2	-1	0
389	11 246 287 219	1	-1	0
390	3 212 152 171	1	-1	0
391	30 154 42 240	2	-1	0
392	1 85 106 268	1	-1	0
393	196 268 252 228	2	-1	0
394	18 58 241 254	2	-1	0
395	231 48 102 261	4	2	0
396	21 201 180 256	3	5	0
397	4 207 157 236	1	-1	0
398	242 24 145 285	3	4	0
399	61 37 119 176	4	2	0
400	122 270 124 105	2	-1	0
401	71 192 146 184	4	3	0
402	293 51 157 73	4	1	0
403	227 179 38 196	2	-1	0
404	17 39 267 105	3	2	0
405	6 243 162 67	1	-1	0
406	276 94 245 231	3	2	0
407	277 22 287 50	2	-1	0
408	36 180 49 97	4	4	0
409	234 242 231 221	2	-1	0
410	229 153 29 198	3	1	0
411	10 182 288 171	1	-1	0
412	300 52 220 256	3	2	0
413	52 231 288 106	4	1	0
414	37 58 126 202	3	2	0
415	133 214 280 40	4	4	0
416	292 242 231 259	3	5	0
417	182 75 294 181	3	3	0
418	121 147 18 145	2	-1	0
419	151 232 292 101	2	-1	0
420	222 116 70 194	3	5	0
421	223 74 95 291	2	-1	0
422	289 217 30 178	3	5	0
423	148 20 208 50	3	2	0
424	211 226 150 216	3	3	0
425	187 54 135 213	4	5	0
426	226 289 142 110	3	5	0
427	15 157 40 144	1	-1	0
428	299 233 269 290	3	3	0
429	131 166 126 136	3	2	0
430	12 259 267 129	1	-1	0
431	134 181 87 238	3	1	0
432	218 54 236 136	4	2	0
433	113 83 4 59	4	3	0
434	295 250 243 180	2	-1	0
435	75 58 246 164	3	5	0
436	6 29 74 171	1	-1	0
437	38 59 214 50	2	-1	0
438	139 53 262 121	4	1	0
439	111 198 247 115	2	-1	0
440	102 39 209 19	2	-1	0
441	4 291 181 45	1	-1	0
442	12 261 186 197	1	-1	0
443	47 124 125 100	4	3	0
444	263 58 71 221	4	2	0
445	128 215 50 257	3	3	0
446	12 140 91 219	1	-1	0
447	97 289 285 48	4	3	0
448	9 213 278 133	1	-1	0
449	31 147 270 34	2	-1	0
450	158 135 168 189	3	5	0
451	163 159 279 73	3	3	0
452	7 188 192 35	1	-1	0
453	224 204 75 216	2	-1	0
454	107 39 86 232	4	3	0
455	9 270 150 290	1	-1	0
456	6 294 43 54	1	-1	0
457	226 161 52 280	4	2	0
458	26 51 55 238	4	5	0
459	82 238 101 130	4	2	0
460	227 35 121 110	3	2	0
461	132 66 167 62	4	3	0
462	197 65 81 288	4	4	0
463	1 248 124 27	1	-1	0
464	275 287 91 165	4	4	0
465	300 139 114 221	2	-1	0
466	266 24 258 208	3	2	0
467	95 143 159 79	2	-1	0
468	194 228 101 24	2	-1	0
469	97 219 59 53	4	1	0
470	6 214 232 111	1	-1	0
471	227 146 61 71	3	3	0
472	231 146 242 96	2	-1	0
473	184 130 132 243	2	-1	0
474	233 22 58 44	3	2	0
475	114 203 278 90	2	-1	0
476	287 115 90 232	2	-1	0
477	6 235 36 274	1	-1	0
478	128 277 234 89	4	4	0
479	13 237 66 203	1	-1	0
480	189 220 206 285	3	1	0
481	95 119 123 125	4	3	0
482	293 222 21 212	2	-1	0
483	281 247 224 91	3	4	0
484	169 215 210 255	2	-1	0
485	195 202 103 256	4	1	0
486	4 131 200 30	1	-1	0
487	7 169 252 107	1	-1	0
488	13 112 286 261	1	-1	0
489	270 81 205 288	2	-1	0
490	97 199 44 228	2	-1	0
491	17 276 86 215	4	2	0
492	9 217 172 166	1	-1	0
493	4 203 114 70	1	-1	0
494	2 34 23 93	1	-1	0
495	7 150 210 232	1	-1	0
496	51 281 46 165	4	3	0
497	14 118 240 200	1	-1	0
498	11 167 245 154	1	-1	0
499	278 130 48 258	2	-1	0
500	5 130 91 169	1	-1	0
