Students	500
1	12 46 185 235	1	-1	0
2	253 126 172 194	3	5	0
3	189 20 218 250	4	2	0
4	165 107 105 190	2	-1	0
5	271 158 294 19	3	1	0
6	238 92 109 255	3	2	0
7	18 35 85 288	2	-1	0
8	235 178 257 25	4	2	0
9	47 247 37 51	4	2	0
10	267 143 217 97	4	4	0
11	212 79 181 190	2	-1	0
12	7 35 31 170	1	-1	0
13	2 118 162 270	1	-1	0
14	111 164 27 203	3	1	0
15	265 134 105 162	3	1	0
16	3 87 101 132	1	-1	0
17	10 163 254 295	1	-1	0
18	178 151 189 260	2	-1	0
19	284 179 200 247	3	1	0
20	138 238 248 23	2	-1	0
21	285 80 31 157	3	2	0
22	289 80 282 288	2	-1	0
23	13 239 185 224	1	-1	0
24	288 271 36 80	2	-1	0
25	111 31 295 230	3	2	0
26	12 149 78 85	1	-1	0
27	13 109 268 111	1	-1	0
28	198 256 94 214	2	-1	0
29	12 53 76 138	1	-1	0
30	269 112 76 180	4	4	0
31	66 211 73 131	3	5	0
32	54 279 50 165	3	1	0
33	156 65 70 21	4	5	0
34	76 199 249 97	2	-1	0
35	7 246 225 29	1	-1	0
36	25 32 130 134	4	2	0
37	10 188 162 111	1	-1	0
38	3 92 56 270	1	-1	0
39	176 263 63 274	4	2	0
40	10 300 148 91	1	-1	0
41	63 181 58 109	2	-1	0
42	8 202 198 293	1	-1	0
43	289 124 57 137	4	1	0
44	113 264 134 271	3	4	0
45	183 73 256 288	3	5	0
46	59 182 190 184	3	4	0
47	210 247 189 187	3	1	0
48	168 193 156 288	4	2	0
49	275 27 136 176	4	3	0
50	255 176 293 18	2	-1	0
51	71 95 294 76	3	3	0
52	14 57 144 92	1	-1	0
53	244 66 164 253	3	5	0
54	71 196 224 227	3	1	0
55	249 216 235 130	3	1	0
56	259 25 206 279	4	5	0
57	263 18 278 144	4	5	0
58	40 84 258 175	3	4	0
59	2 60 165 188	1	-1	0
60	31 152 75 270	4	4	0
61	8 170 282 268	1	-1	0
62	12 107 105 65	1	-1	0
63	144 273 280 120	4	3	0
64	247 250 26 83	2	-1	0
65	131 122 151 106	2	-1	0
66	243 47 129 50	2	-1	0
67	29 143 184 93	2	-1	0
68	3 79 287 280	1	-1	0
69	10 149 247 140	1	-1	0
70	12 160 153 54	1	-1	0
71	1 290 26 111	1	-1	0
72	146 117 91 255	4	1	0
73	70 282 182 117	4	1	0
74	84 45 48 112	2	-1	0
75	199 44 169 156	3	5	1
76	1 146 265 94	1	-1	0
77	250 168 51 175	2	-1	0
78	77 173 172 205	2	-1	0
79	11 189 169 147	1	-1	0
80	79 122 282 132	3	5	0
81	32 56 150 170	4	5	0
82	9 20 240 242	1	-1	0
83	109 29 185 160	3	4	0
84	256 183 97 134	3	3	0
85	140 251 70 174	3	3	0
86	5 167 166 43	1	-1	0
87	203 227 231 116	2	-1	0
88	263 127 281 242	2	-1	0
89	4 188 247 32	1	-1	0
90	3 135 207 175	1	-1	0
91	67 238 100 69	3	1	0
92	80 50 276 186	2	-1	0
93	9 253 150 300	1	-1	0
94	7 46 23 271	1	-1	0
95	143 151 264 36	4	2	1
96	69 173 50 296	4	4	0
97	134 190 159 53	2	-1	0
98	190 263 214 111	2	-1	0
99	212 145 32 244	3	4	0
100	2 137 61 79	1	-1	0
101	7 166 172 57	1	-1	0
102	14 30 161 170	1	-1	0
103	167 169 65 210	3	1	0
104	50 289 119 290	2	-1	0
105	15 215 24 227	1	-1	0
106	92 173 234 186	2	-1	0
107	13 281 186 99	1	-1	0
108	211 66 262 99	4	4	0
109	153 283 202 64	2	-1	0
110	172 298 292 107	4	2	0
111	13 224 159 300	1	-1	0
112	295 44 135 96	3	3	0
113	145 224 168 295	3	5	0
114	6 254 127 136	1	-1	0
115	184 143 67 265	2	-1	0
116	49 101 34 191	2	-1	0
117	282 175 218 200	2	-1	0
118	5 111 98 114	1	-1	0
119	136 17 298 229	3	2	0
120	207 232 176 295	3	2	0
121	72 110 284 114	2	-1	0
122	1 43 96 91	1	-1	0
123	61 158 294 21	2	-1	0
124	237 204 109 150	4	4	0
125	47 200 267 22	3	2	0
126	268 288 164 289	4	4	0
127	133 226 255 156	3	3	0
128	49 114 263 72	2	-1	0
129	231 177 142 121	3	1	0
130	3 206 293 73	1	-1	0
131	265 298 132 22	4	2	0
132	8 256 28 148	1	-1	0
133	124 195 18 249	2	-1	0
134	210 288 126 65	4	2	0
135	249 208 42 168	3	4	0
136	267 40 225 24	3	1	0
137	225 262 71 246	2	-1	0
138	191 103 194 213	3	2	0
139	141 58 25 285	3	5	0
140	13 127 190 180	1	-1	0
141	168 282 61 105	4	4	0
142	12 30 18 253	1	-1	0
143	65 19 159 273	4	4	0
144	98 167 227 289	2	-1	0
145	96 288 275 31	4	2	0
146	3 103 112 97	1	-1	0
147	184 204 21 198	3	2	0
148	100 23 107 177	3	4	0
149	6 147 38 294	1	-1	0
150	127 175 29 77	2	-1	0
151	210 240 114 104	2	-1	0
152	121 208 265 288	3	2	0
153	138 216 225 289	3	4	0
154	1 218 56 98	1	-1	0
155	241 69 25 58	4	1	0
156	7 215 144 40	1	-1	0
157	46 78 285 114	4	3	0
158	274 138 81 209	3	4	0
159	12 252 25 260	1	-1	0
160	243 196 89 90	4	4	0
161	272 237 119 49	3	4	0
162	136 214 185 205	2	-1	0
163	11 241 222 96	1	-1	0
164	3 286 109 224	1	-1	0
165	3 40 202 88	1	-1	0
166	179 260 60 180	2	-1	0
167	6 214 195 163	1	-1	0
168	186 277 100 243	2	-1	0
169	55 187 268 242	4	2	0
170	275 100 250 71	3	3	0
171	91 235 203 226	3	3	0
172	59 204 221 104	3	4	0
173	59 148 211 137	2	-1	0
174	117 126 103 211	3	3	0
175	193 128 29 186	3	1	0
176	34 251 215 53	4	4	0
177	30 43 226 265	2	-1	0
178	100 268 23 218	4	5	0
179	75 82 144 209	3	1	0
180	165 279 85 185	2	-1	0
181	292 217 299 81	4	2	0
182	17 91 299 214	3	3	0
183	294 99 175 289	2	-1	0
184	185 167 209 281	4	1	0
185	7 151 65 184	1	-1	0
186	1 186 117 251	1	-1	0
187	245 293 237 177	4	2	0
188	125 126 128 200	4	4	0
189	9 122 49 133	1	-1	0
190	296 93 286 182	2	-1	1
191	221 26 158 122	4	1	0
192	96 141 280 265	4	5	0
193	186 157 206 270	4	1	0
194	225 39 269 179	2	-1	0
195	6 158 51 44	1	-1	0
196	7 168 82 260	1	-1	0
197	147 188 24 207	2	-1	0
198	101 275 300 210	2	-1	0
199	76 125 178 66	2	-1	0
200	190 98 201 197	3	5	0
201	195 71 58 160	3	5	0
202	50 209 185 46	2	-1	0
203	238 68 44 187	2	-1	0
204	7 227 72 122	1	-1	0
205	10 46 42 73	1	-1	0
206	256 47 116 198	4	5	0
207	145 195 68 277	4	2	0
208	161 88 191 226	2	-1	0
209	250 204 98 231	3	3	0
210	166 110 182 106	3	2	0
211	196 193 89 227	3	1	0
212	148 189 212 29	4	3	0
213	9 141 80 246	1	-1	0
214	106 82 147 42	2	-1	0
215	91 142 282 218	3	2	0
216	78 238 101 275	3	5	0
217	194 207 170 268	2	-1	0
218	4 241 32 131	1	-1	0
219	4 22 195 82	1	-1	0
220	249 67 277 181	4	4	0
221	3 142 221 292	1	-1	0
222	58 282 158 28	3	2	0
223	141 253 94 269	2	-1	0
224	9 127 192 139	1	-1	0
225	61 188 238 137	2	-1	0
226	176 100 38 103	2	-1	0
227	8 211 140 43	1	-1	0
228	89 228 107 252	3	3	0
229	240 54 50 166	4	4	0
230	280 115 17 41	3	1	0
231	71 94 271 273	2	-1	0
232	182 178 127 132	2	-1	0
233	240 288 33 261	3	1	0
234	12 94 187 113	1	-1	0
235	276 153 233 258	3	1	0
236	289 106 189 295	4	1	0
237	53 109 229 92	3	3	0
238	202 44 235 16	4	5	0
239	48 108 75 161	3	4	0
240	102 210 187 217	2	-1	0
241	146 201 184 222	4	2	0
242	31 287 280 94	4	2	0
243	194 230 204 131	3	4	0
244	199 279 63 227	2	-1	0
245	120 267 86 64	3	1	0
246	17 90 139 256	4	5	0
247	194 167 17 271	4	2	0
248	221 138 178 39	3	4	0
249	295 293 31 215	4	1	0
250	118 132 204 244	2	-1	0
251	166 193 95 117	2	-1	0
252	146 263 17 228	3	1	0
253	75 170 144 197	3	2	0
254	194 291 212 214	4	3	0
255	278 256 287 294	4	4	0
256	15 277 240 248	1	-1	0
257	101 100 220 92	3	4	0
258	31 159 107 181	4	2	0
259	123 32 190 193	4	1	0
260	76 149 138 171	4	3	0
261	228 118 171 37	2	-1	0
262	274 45 85 22	2	-1	0
263	208 99 162 215	2	-1	0
264	298 235 27 233	3	1	0
265	274 125 121 268	2	-1	0
266	280 150 170 229	4	4	0
267	10 162 212 193	1	-1	0
268	158 236 285 280	4	2	0
269	142 292 16 124	4	4	0
270	158 122 253 176	4	3	0
271	12 62 171 253	1	-1	0
272	8 157 268 97	1	-1	0
273	9 203 252 40	1	-1	0
274	122 131 192 60	2	-1	0
275	23 177 285 52	3	4	0
276	98 266 77 53	4	4	0
277	122 128 92 140	3	5	0
278	249 91 250 106	2	-1	0
279	288 163 78 26	4	1	0
280	192 175 102 113	4	2	0
281	149 285 20 143	4	1	0
282	120 297 253 224	2	-1	0
283	51 262 20 261	2	-1	0
284	74 159 58 40	2	-1	0
285	62 255 248 182	3	3	0
286	233 144 191 267	4	2	0
287	23 297 157 52	4	2	0
288	192 65 295 28	2	-1	0
289	279 131 62 237	4	1	0
290	189 23 92 195	4	3	0
291	86 230 44 263	3	2	0
292	105 112 48 100	2	-1	0
293	199 273 118 222	4	5	0
294	46 289 241 283	2	-1	0
295	61 282 240 162	2	-1	0
296	110 267 49 145	3	4	0
297	268 251 246 110	4	5	0
298	179 200 203 17	2	-1	0
299	1 237 202 266	1	-1	0
300	8 105 65 202	1	-1	0
301	10 104 78 210	1	-1	0
302	59 185 32 270	4	3	0
303	269 84 275 160	2	-1	0
304	14 166 72 252	1	-1	0
305	206 300 117 38	2	-1	0
306	249 33 100 170	4	5	0
307	271 139 59 109	3	1	0
308	40 66 261 213	3	1	0
309	157 136 204 43	3	5	0
310	210 124 278 211	3	5	0
311	215 185 277 115	3	3	0
312	5 174 17 27	1	-1	0
313	292 286 242 231	3	2	0
314	102 255 220 74	4	1	0
315	5 183 55 65	1	-1	0
316	299 240 121 132	3	4	0
317	283 46 108 124	2	-1	0
318	137 61 141 281	2	-1	0
319	111 221 268 22	2	-1	0
320	141 133 82 97	3	3	0
321	263 221 178 102	4	1	0
322	50 264 236 122	4	3	0
323	149 133 266 264	3	1	0
324	115 242 228 61	3	3	0
325	215 54 73 84	3	5	0
326	105 118 98 175	2	-1	0
327	118 259 273 37	2	-1	0
328	14 53 211 24	1	-1	0
329	86 104 63 270	3	4	1
330	70 154 135 159	4	4	0
331	21 47 60 212	3	3	0
332	104 221 232 23	4	1	0
333	32 225 83 170	2	-1	0
334	37 289 281 107	3	4	0
335	144 190 150 95	4	1	0
336	11 206 142 228	1	-1	0
337	43 190 208 277	4	4	0
338	10 93 224 177	1	-1	0
339	1 92 159 218	1	-1	0
340	1 77 242 293	1	-1	0
341	252 189 195 190	3	4	0
342	9 251 293 266	1	-1	0
343	127 19 51 238	4	3	0
344	99 240 18 67	4	1	0
345	96 181 223 100	2	-1	0
346	102 221 206 218	3	2	0
347	79 191 48 58	4	1	0
348	86 58 260 34	2	-1	0
349	78 25 220 250	4	4	0
350	182 202 60 255	4	1	0
351	195 115 119 26	2	-1	0
352	127 49 117 156	3	1	0
353	269 31 255 271	4	5	0
354	202 280 235 146	2	-1	0
355	12 163 110 207	1	-1	0
356	278 284 194 31	3	5	0
357	155 32 279 215	3	1	0
358	231 37 130 27	3	5	0
359	192 284 215 234	3	1	0
360	143 171 29 42	2	-1	0
361	77 198 265 279	3	5	0
362	281 272 268 185	4	1	0
363	213 19 299 33	3	1	0
364	300 278 72 20	3	2	0
365	1 219 95 54	1	-1	0
366	154 120 217 35	2	-1	0
367	117 26 163 235	3	5	0
368	9 294 233 58	1	-1	0
369	5 300 287 75	1	-1	0
370	87 214 16 72	2	-1	0
371	14 287 109 296	1	-1	0
372	7 154 43 17	1	-1	0
373	272 216 78 52	3	1	0
374	12 201 84 52	1	-1	0
375	12 35 120 163	1	-1	0
376	24 62 145 226	2	-1	0
377	36 238 224 123	4	2	0
378	290 189 166 190	3	2	0
379	260 196 144 79	2	-1	0
380	226 130 88 166	4	4	0
381	128 22 224 296	2	-1	0
382	289 93 75 247	2	-1	0
383	226 42 74 47	4	2	0
384	223 241 34 272	4	4	0
385	280 174 38 273	4	5	0
386	5 86 27 62	1	-1	0
387	9 145 244 184	1	-1	0
388	5 119 124 100	1	-1	1
389	246 93 142 76	2	-1	0
390	2 129 116 25	1	-1	0
391	119 207 193 268	4	2	1
392	276 46 293 176	3	3	0
393	154 161 108 135	2	-1	0
394	165 110 248 67	2	-1	0
395	227 49 205 170	3	1	0
396	167 53 187 208	2	-1	0
397	105 143 139 115	2	-1	0
398	13 267 246 16	1	-1	0
399	239 57 147 88	3	4	0
400	2 56 156 282	1	-1	0
401	164 34 204 111	2	-1	0
402	5 295 28 160	1	-1	0
403	269 239 30 52	4	1	0
404	167 215 170 41	4	2	0
405	8 283 129 271	1	-1	0
406	181 37 143 123	4	5	0
407	19 209 213 255	3	4	0
408	14 169 289 139	1	-1	0
409	116 61 87 227	4	3	0
410	78 91 285 95	2	-1	0
411	14 158 123 223	1	-1	0
412	17 267 169 229	4	3	0
413	241 52 164 66	2	-1	0
414	51 36 85 61	3	4	0
415	264 269 260 277	2	-1	0
416	223 139 70 221	4	5	0
417	98 122 235 143	3	5	0
418	12 195 211 184	1	-1	0
419	194 127 126 295	3	2	0
420	58 132 293 192	4	2	0
421	8 137 194 17	1	-1	0
422	133 125 263 77	4	1	0
423	264 96 284 102	3	1	0
424	7 88 137 111	1	-1	0
425	119 106 105 176	3	1	0
426	45 35 44 116	4	5	0
427	13 45 78 199	1	-1	0
428	11 197 179 279	1	-1	0
429	12 102 193 225	1	-1	0
430	242 128 197 276	3	5	0
431	179 247 217 66	4	5	0
432	255 291 182 236	3	4	0
433	68 106 121 85	3	4	0
434	293 280 67 255	3	1	0
435	227 79 188 285	3	2	0
436	11 165 231 67	1	-1	0
437	211 260 42 234	4	2	0
438	171 214 74 48	2	-1	0
439	13 185 202 277	1	-1	0
440	37 206 154 61	2	-1	0
441	146 158 212 26	3	2	0
442	6 238 171 79	1	-1	0
443	261 155 45 293	3	2	0
444	194 284 260 144	2	-1	0
445	283 113 79 257	3	2	0
446	64 81 137 36	3	1	0
447	10 124 199 22	1	-1	0
448	14 148 159 282	1	-1	0
449	267 196 290 293	4	4	0
450	70 215 64 197	4	1	0
451	15 18 265 175	1	-1	0
452	189 168 50 167	2	-1	0
453	168 74 200 111	2	-1	0
454	142 22 80 230	4	3	1
455	181 222 84 255	3	3	0
456	90 98 220 31	2	-1	0
457	31 87 277 283	3	1	0
458	10 118 24 208	1	-1	0
459	25 182 255 205	3	4	0
460	188 300 107 73	2	-1	0
461	8 142 128 57	1	-1	0
462	6 77 68 52	1	-1	0
463	131 298 264 263	3	5	0
464	282 22 190 64	2	-1	0
465	3 170 118 287	1	-1	0
466	10 22 173 172	1	-1	0
467	194 27 219 208	2	-1	0
468	9 27 20 220	1	-1	0
469	7 82 243 278	1	-1	0
470	2 194 206 105	1	-1	0
471	220 70 296 200	3	2	0
472	220 217 162 85	4	5	0
473	238 190 223 51	4	5	0
474	7 43 258 54	1	-1	0
475	6 160 235 105	1	-1	0
476	9 248 33 276	1	-1	0
477	13 138 73 42	1	-1	0
478	44 218 61 241	4	2	0
479	3 268 289 107	1	-1	0
480	6 227 129 188	1	-1	0
481	44 93 134 224	2	-1	0
482	169 250 248 104	2	-1	0
483	194 214 273 103	3	2	0
484	275 102 256 192	2	-1	1
485	186 149 153 99	4	5	0
486	35 168 32 118	4	3	0
487	8 245 260 64	1	-1	0
488	7 236 180 103	1	-1	0
489	18 65 269 155	4	5	0
490	245 98 43 117	4	3	0
491	151 261 77 106	2	-1	0
492	13 222 148 249	1	-1	0
493	278 85 168 238	3	1	0
494	217 268 129 266	4	1	0
495	116 88 91 117	2	-1	0
496	188 148 257 159	4	3	0
497	12 114 184 238	1	-1	0
498	284 96 136 252	4	2	0
499	11 162 150 199	1	-1	0
500	3 224 83 88	1	-1	0
