Students	500
1	9 176 294 18	1	-1	0
2	298 60 297 56	3	5	0
3	151 257 61 28	4	4	0
4	22 136 34 236	2	-1	0
5	98 158 95 175	2	-1	0
6	260 30 222 226	2	-1	0
7	221 77 76 75	3	3	0
8	2 207 279 284	1	-1	0
9	1 130 155 91	1	-1	0
10	128 154 29 280	3	2	0
11	164 63 129 160	4	3	0
12	104 181 62 148	4	5	0
13	182 70 104 137	2	-1	0
14	196 41 244 183	4	5	0
15	100 88 61 283	3	2	0
16	7 162 18 228	1	-1	0
17	49 122 219 251	3	1	0
18	272 94 221 239	2	-1	0
19	15 74 242 232	1	-1	0
20	40 213 128 59	3	2	0
21	4 68 101 279	1	-1	0
22	273 94 281 147	3	3	0
23	217 68 34 118	2	-1	0
24	2 87 179 277	1	-1	0
25	233 17 176 171	4	5	0
26	2 19 40 54	1	-1	0
27	180 26 187 186	3	5	0
28	198 53 193 140	4	5	0
29	286 86 119 54	2	-1	0
30	136 260 34 172	4	4	0
31	9 203 112 244	1	-1	0
32	175 223 244 202	2	-1	0
33	135 195 18 124	2	-1	0
34	6 105 127 256	1	-1	0
35	161 138 291 254	3	5	0
36	300 122 289 250	4	2	0
37	17 277 181 186	3	4	0
38	15 95 133 288	1	-1	0
39	6 70 69 22	1	-1	0
40	203 98 243 57	4	3	0
41	253 124 51 182	3	2	0
42	108 112 121 206	2	-1	0
43	247 41 20 285	2	-1	0
44	15 216 168 189	1	-1	0
45	118 31 209 169	4	3	0
46	183 246 272 207	4	4	0
47	275 162 297 34	3	4	0
48	155 101 120 173	2	-1	0
49	146 262 66 189	4	2	0
50	276 92 68 161	3	2	0
51	97 273 104 91	2	-1	0
52	135 292 76 43	3	5	0
53	248 43 180 200	4	3	0
54	17 229 209 115	2	-1	0
55	113 277 233 293	2	-1	0
56	4 247 131 20	1	-1	0
57	103 152 171 212	2	-1	0
58	112 198 289 236	4	5	0
59	25 212 285 45	4	1	0
60	164 173 228 229	2	-1	0
61	12 120 163 66	1	-1	0
62	240 88 17 262	4	5	0
63	7 136 41 116	1	-1	0
64	100 289 93 250	2	-1	0
65	31 69 175 95	2	-1	0
66	99 233 207 227	4	5	0
67	75 31 42 45	3	4	0
68	195 297 246 143	4	3	0
69	6 151 83 270	1	-1	0
70	286 184 22 120	2	-1	0
71	139 39 242 237	4	4	0
72	75 157 219 282	4	5	0
73	157 185 227 24	2	-1	0
74	220 160 84 241	3	3	0
75	11 37 246 298	1	-1	0
76	223 110 177 210	2	-1	0
77	201 19 83 102	2	-1	0
78	191 203 289 208	3	5	0
79	90 115 20 78	4	3	0
80	49 19 264 210	3	5	0
81	256 123 46 17	2	-1	0
82	206 262 157 189	2	-1	0
83	1 119 178 177	1	-1	1
84	34 170 147 284	2	-1	0
85	34 150 183 110	3	5	0
86	15 203 123 224	1	-1	0
87	175 168 28 242	3	4	0
88	198 177 257 80	3	4	0
89	3 212 300 280	1	-1	0
90	269 214 262 260	4	5	0
91	138 60 285 276	4	2	0
92	273 259 146 225	3	3	0
93	19 296 126 28	3	1	0
94	12 58 141 148	1	-1	0
95	14 153 223 274	1	-1	0
96	205 259 140 88	3	3	0
97	69 182 296 283	4	4	0
98	150 47 104 267	4	1	0
99	164 142 122 278	2	-1	0
100	185 224 272 299	4	1	0
101	10 165 271 110	1	-1	0
102	156 171 160 91	4	2	0
103	24 204 93 300	3	3	0
104	72 114 20 162	3	2	0
105	96 21 124 296	2	-1	0
106	160 125 109 60	3	3	0
107	14 293 100 176	1	-1	0
108	294 36 61 299	4	5	0
109	3 223 178 262	1	-1	0
110	219 209 81 186	2	-1	0
111	230 108 107 95	3	3	0
112	74 103 217 258	3	5	0
113	5 28 59 119	1	-1	0
114	12 72 235 39	1	-1	0
115	248 63 26 72	3	1	0
116	180 119 81 78	2	-1	0
117	21 154 160 128	3	1	0
118	39 183 221 167	4	5	0
119	255 17 35 183	4	5	0
120	3 182 204 197	1	-1	0
121	59 192 117 279	3	5	0
122	195 48 128 60	2	-1	0
123	5 128 233 127	1	-1	0
124	257 197 21 91	3	1	0
125	147 266 30 242	2	-1	0
126	291 177 67 55	3	1	0
127	17 156 27 177	3	1	0
128	103 19 220 294	3	2	0
129	10 214 30 232	1	-1	0
130	76 180 245 30	4	5	0
131	2 154 62 37	1	-1	0
132	222 62 169 273	2	-1	0
133	40 199 241 128	4	4	0
134	5 36 196 22	1	-1	0
135	293 273 274 90	4	1	0
136	8 119 283 275	1	-1	0
137	55 113 20 24	3	3	0
138	193 113 101 95	4	5	0
139	61 144 219 249	2	-1	0
140	10 145 92 22	1	-1	0
141	12 144 213 90	1	-1	0
142	119 160 262 180	3	1	0
143	180 249 269 181	3	2	0
144	47 52 182 175	4	4	0
145	14 291 201 54	1	-1	0
146	219 165 297 35	4	5	0
147	7 239 165 234	1	-1	0
148	3 179 52 284	1	-1	0
149	16 41 199 70	2	-1	0
150	95 136 59 297	2	-1	0
151	13 184 113 213	1	-1	0
152	262 115 263 57	4	1	0
153	111 16 298 36	3	4	0
154	196 122 214 174	4	3	0
155	256 238 172 239	4	3	0
156	242 181 262 100	4	3	0
157	80 93 79 288	4	5	0
158	150 90 123 64	3	1	0
159	300 62 276 187	2	-1	0
160	102 178 183 190	3	3	0
161	11 53 48 243	1	-1	0
162	170 87 96 299	4	5	0
163	4 161 33 93	1	-1	0
164	109 138 179 204	2	-1	0
165	219 186 211 233	2	-1	0
166	1 89 97 258	1	-1	0
167	218 260 300 100	3	5	0
168	56 213 118 255	3	5	0
169	131 66 113 184	4	5	0
170	36 69 90 157	2	-1	0
171	15 79 57 281	1	-1	0
172	15 266 141 101	1	-1	0
173	105 199 66 275	2	-1	0
174	94 268 73 78	3	2	0
175	245 223 234 239	3	4	0
176	4 254 201 143	1	-1	0
177	153 171 37 34	2	-1	0
178	287 110 176 105	3	5	0
179	9 53 58 25	1	-1	0
180	11 268 231 235	1	-1	1
181	159 91 18 167	4	5	0
182	258 73 57 91	2	-1	0
183	8 160 118 93	1	-1	0
184	226 256 137 39	2	-1	0
185	14 130 53 265	1	-1	0
186	157 135 100 130	2	-1	0
187	215 165 52 135	4	5	0
188	74 249 242 217	4	2	0
189	130 264 269 50	4	3	0
190	18 55 214 218	4	3	0
191	253 293 16 44	4	3	0
192	253 209 31 140	3	1	0
193	253 73 258 55	2	-1	0
194	91 58 233 111	4	3	0
195	6 291 21 42	1	-1	0
196	214 90 162 289	2	-1	0
197	111 191 257 212	3	5	0
198	29 69 257 111	3	5	0
199	167 174 116 87	2	-1	0
200	44 142 88 139	3	5	0
201	5 289 262 94	1	-1	0
202	9 35 116 40	1	-1	0
203	136 90 294 287	2	-1	0
204	105 118 292 100	4	1	0
205	270 146 226 89	2	-1	0
206	10 261 240 76	1	-1	0
207	157 16 167 278	2	-1	0
208	8 221 247 118	1	-1	0
209	292 55 207 128	4	2	0
210	4 23 167 17	1	-1	0
211	20 213 115 166	3	2	0
212	261 244 108 167	3	1	0
213	296 292 254 79	2	-1	0
214	221 100 179 294	2	-1	0
215	12 243 46 135	1	-1	0
216	198 182 199 268	3	3	0
217	60 120 179 238	2	-1	0
218	99 121 199 115	2	-1	0
219	7 27 197 151	1	-1	0
220	110 235 22 125	4	1	0
221	21 86 172 196	2	-1	0
222	10 152 44 30	1	-1	0
223	131 95 202 172	4	3	0
224	31 182 37 162	2	-1	0
225	211 271 237 269	3	3	0
226	15 224 179 263	1	-1	0
227	4 145 58 51	1	-1	0
228	11 104 296 260	1	-1	0
229	113 229 102 115	3	3	0
230	250 236 273 65	3	5	0
231	5 154 149 63	1	-1	0
232	16 155 208 176	2	-1	0
233	105 173 104 269	3	4	0
234	168 179 159 164	4	5	0
235	182 234 80 194	3	3	0
236	267 25 45 266	2	-1	0
237	97 211 182 93	2	-1	0
238	1 123 200 196	1	-1	0
239	232 259 61 96	4	1	0
240	234 19 121 89	4	4	0
241	211 201 197 26	2	-1	0
242	35 117 131 126	2	-1	0
243	5 240 263 61	1	-1	0
244	244 156 23 166	3	3	0
245	44 232 130 75	4	5	0
246	108 288 189 39	2	-1	0
247	220 113 59 154	3	4	0
248	82 123 159 158	3	4	0
249	201 67 228 234	4	1	0
250	171 182 273 293	2	-1	0
251	21 138 127 246	4	2	0
252	151 74 137 295	2	-1	0
253	174 237 170 74	2	-1	0
254	97 220 284 20	3	4	0
255	92 207 64 269	2	-1	0
256	219 20 263 269	2	-1	0
257	4 64 278 80	1	-1	0
258	67 166 83 64	4	2	0
259	141 263 115 235	2	-1	0
260	10 271 107 70	1	-1	0
261	127 216 64 241	4	3	0
262	60 170 106 159	2	-1	0
263	35 212 297 199	2	-1	0
264	157 236 65 280	3	1	0
265	189 150 139 278	3	4	0
266	233 114 129 65	4	3	0
267	208 154 182 293	2	-1	0
268	289 47 300 190	3	1	0
269	86 147 160 97	4	1	0
270	265 270 177 189	4	3	0
271	12 200 157 170	1	-1	0
272	1 139 124 188	1	-1	0
273	243 32 165 112	2	-1	1
274	78 160 260 120	4	3	0
275	126 209 103 245	4	3	0
276	169 259 203 90	2	-1	0
277	11 83 188 132	1	-1	0
278	285 286 164 168	4	3	0
279	218 143 187 163	4	3	0
280	54 69 116 149	4	2	0
281	150 293 258 67	4	2	0
282	112 255 69 277	2	-1	0
283	216 162 190 159	3	1	0
284	215 201 232 162	2	-1	0
285	8 217 273 203	1	-1	0
286	89 208 161 245	4	5	0
287	111 113 60 194	3	1	0
288	292 94 127 39	4	1	0
289	5 208 278 107	1	-1	0
290	276 103 79 99	3	3	0
291	228 164 257 119	3	2	0
292	39 147 157 292	4	3	0
293	25 282 144 236	4	3	0
294	246 35 251 117	2	-1	0
295	158 237 213 160	4	5	0
296	188 24 51 157	3	3	0
297	78 93 270 73	4	5	0
298	77 270 68 276	2	-1	0
299	238 171 164 236	2	-1	0
300	46 64 180 142	4	2	0
301	11 85 117 283	1	-1	0
302	99 80 250 29	3	5	0
303	199 247 209 153	2	-1	0
304	116 138 95 62	3	3	0
305	3 54 36 94	1	-1	0
306	228 224 170 190	3	5	0
307	1 223 298 283	1	-1	0
308	234 286 179 98	3	2	0
309	112 67 56 25	3	3	1
310	135 62 189 25	4	4	0
311	144 34 167 156	3	3	0
312	15 257 81 38	1	-1	0
313	11 52 285 119	1	-1	0
314	79 271 201 193	3	5	0
315	167 145 92 65	2	-1	0
316	136 173 55 108	2	-1	1
317	84 148 255 60	4	1	0
318	9 240 30 32	1	-1	0
319	207 47 181 219	2	-1	0
320	123 117 245 91	2	-1	0
321	216 127 125 178	4	2	0
322	18 219 217 53	2	-1	0
323	136 103 55 45	3	4	0
324	2 53 93 59	1	-1	1
325	109 51 119 148	3	2	0
326	236 260 33 161	4	1	0
327	206 142 236 148	2	-1	0
328	3 118 297 16	1	-1	0
329	27 268 48 193	2	-1	0
330	240 75 91 110	2	-1	0
331	139 25 102 164	4	4	0
332	6 220 93 162	1	-1	0
333	296 129 253 200	4	1	0
334	52 36 164 204	2	-1	0
335	151 171 79 188	3	1	0
336	8 203 193 145	1	-1	0
337	3 109 159 26	1	-1	0
338	240 231 87 259	2	-1	0
339	14 197 58 278	1	-1	0
340	120 233 284 143	3	5	0
341	72 238 57 58	3	5	0
342	90 95 219 277	4	4	0
343	144 118 191 184	4	5	0
344	173 50 208 42	2	-1	0
345	149 287 231 175	3	5	1
346	151 32 86 150	3	2	0
347	233 279 283 194	4	4	0
348	119 267 70 219	4	4	0
349	114 41 63 154	2	-1	0
350	98 132 139 34	3	1	0
351	252 68 114 243	4	1	0
352	12 89 157 85	1	-1	0
353	137 26 205 99	2	-1	0
354	9 130 186 240	1	-1	0
355	137 217 138 121	3	2	0
356	181 132 225 244	3	2	0
357	158 127 132 52	4	2	0
358	144 83 107 87	2	-1	0
359	217 239 113 143	3	4	0
360	3 38 208 232	1	-1	0
361	13 236 63 179	1	-1	0
362	203 239 86 65	2	-1	0
363	191 21 260 131	3	5	0
364	8 91 60 102	1	-1	0
365	19 95 205 20	2	-1	0
366	98 273 58 31	3	3	0
367	219 127 234 157	4	1	0
368	62 294 265 299	4	2	0
369	12 231 129 146	1	-1	0
370	31 229 217 216	3	3	0
371	114 133 277 59	3	4	0
372	8 24 200 201	1	-1	0
373	246 51 124 92	2	-1	0
374	233 109 171 179	2	-1	0
375	9 264 83 79	1	-1	0
376	184 287 55 210	3	4	0
377	7 21 235 49	1	-1	0
378	250 221 108 67	4	4	0
379	46 103 105 218	2	-1	0
380	15 173 186 157	1	-1	0
381	266 192 161 100	2	-1	0
382	10 251 68 253	1	-1	0
383	257 137 249 17	2	-1	0
384	289 277 111 89	4	1	0
385	200 47 148 190	4	1	0
386	170 57 209 246	3	5	0
387	246 32 146 78	4	2	0
388	102 230 41 91	2	-1	0
389	170 229 213 152	4	4	0
390	13 217 35 48	1	-1	0
391	39 210 219 36	4	1	0
392	20 28 182 65	2	-1	0
393	81 215 28 113	2	-1	0
394	134 86 88 266	3	1	0
395	238 267 224 33	3	3	0
396	241 277 288 182	4	2	0
397	142 117 43 47	2	-1	0
398	5 218 186 152	1	-1	0
399	90 245 129 123	4	4	0
400	271 155 60 185	3	2	0
401	205 196 204 29	3	1	0
402	125 272 239 150	2	-1	0
403	30 61 87 92	2	-1	0
404	160 122 103 172	4	5	0
405	12 32 174 254	1	-1	0
406	60 16 52 76	2	-1	0
407	10 35 68 225	1	-1	0
408	112 16 193 52	2	-1	0
409	215 116 296 216	4	2	0
410	70 142 183 62	2	-1	0
411	216 115 279 68	3	2	0
412	228 21 187 37	2	-1	0
413	126 229 224 113	2	-1	0
414	93 233 296 154	4	1	0
415	286 221 239 266	4	5	0
416	149 221 126 120	2	-1	0
417	15 82 294 148	1	-1	0
418	176 247 106 147	2	-1	0
419	13 180 130 215	1	-1	0
420	270 179 265 20	3	3	0
421	155 207 168 236	2	-1	0
422	297 77 60 232	2	-1	0
423	1 200 133 18	1	-1	0
424	49 180 282 230	3	2	0
425	284 294 180 188	3	4	0
426	264 148 24 182	4	2	0
427	145 88 90 37	3	1	0
428	211 90 17 156	2	-1	0
429	9 99 207 72	1	-1	0
430	25 48 149 228	3	2	0
431	85 292 39 135	3	5	0
432	165 86 80 226	2	-1	0
433	3 59 167 219	1	-1	0
434	13 218 115 155	1	-1	0
435	145 51 92 184	2	-1	0
436	84 179 67 293	2	-1	0
437	12 44 147 106	1	-1	0
438	7 134 289 147	1	-1	0
439	6 118 195 266	1	-1	0
440	14 194 267 97	1	-1	0
441	12 141 65 199	1	-1	0
442	279 257 82 153	4	5	0
443	127 293 288 177	3	3	0
444	121 132 133 42	2	-1	0
445	16 205 224 153	3	4	0
446	237 227 130 51	4	4	0
447	7 73 242 111	1	-1	0
448	8 117 27 144	1	-1	0
449	92 277 118 99	2	-1	0
450	24 179 97 284	2	-1	0
451	247 51 164 278	3	2	0
452	104 257 172 236	4	4	0
453	143 120 239 284	3	1	0
454	236 17 249 142	4	3	0
455	8 260 24 213	1	-1	0
456	88 127 36 180	4	4	0
457	291 220 41 86	4	1	0
458	19 197 202 24	4	4	0
459	60 26 176 69	2	-1	0
460	15 144 72 61	1	-1	0
461	6 110 288 157	1	-1	0
462	106 49 298 116	4	4	0
463	173 31 141 137	4	4	0
464	3 45 267 125	1	-1	0
465	177 17 61 269	2	-1	0
466	209 108 271 29	2	-1	0
467	104 123 254 266	4	1	0
468	136 271 264 191	2	-1	0
469	249 137 232 193	2	-1	0
470	250 202 226 216	3	1	0
471	8 45 38 251	1	-1	0
472	9 290 179 104	1	-1	0
473	4 225 58 130	1	-1	0
474	85 116 249 155	4	2	0
475	15 103 139 70	1	-1	0
476	79 88 123 152	2	-1	0
477	27 277 151 136	2	-1	0
478	248 121 134 141	4	3	0
479	208 151 65 270	4	5	0
480	4 285 141 191	1	-1	0
481	131 85 207 186	4	5	0
482	1 157 253 53	1	-1	0
483	15 41 290 269	1	-1	0
484	124 281 31 184	3	3	0
485	206 31 175 292	4	5	0
486	83 218 139 84	2	-1	0
487	230 37 181 189	3	4	0
488	239 61 50 256	4	5	0
489	50 100 45 233	2	-1	0
490	113 281 82 289	2	-1	0
491	5 55 249 231	1	-1	0
492	75 234 63 220	4	3	0
493	170 211 86 160	3	5	0
494	132 239 114 242	3	5	0
495	247 192 116 102	3	5	1
496	36 174 16 203	3	2	0
497	208 193 280 51	3	2	1
498	14 66 162 241	1	-1	0
499	17 223 49 47	2	-1	0
500	10 188 203 116	1	-1	0
