Class Times	10
Rooms	10
1	55	A	0
2	50	C	1
3	28	A	0
4	56	C	0
5	38	C	1
6	26	C	1
7	13	B	1
8	63	B	0
9	44	B	1
10	78	C	0
Classes	50
Teachers	25
1	24	3	C	1
2	13	3	C	1
3	6	1	A	1
4	14	1	A	0
5	6	5	C	0
6	7	3	C	0
7	11	5	C	0
8	1	1	A	0
9	11	5	C	0
10	7	4	C	0
11	17	1	A	0
12	24	2	B	0
13	9	4	C	0
14	22	5	C	0
15	8	1	A	0
16	14	1	A	0
17	23	2	B	0
18	16	3	C	0
19	21	4	C	0
20	9	4	C	0
21	1	3	C	0
22	20	1	A	0
23	15	5	C	0
24	8	4	C	0
25	13	4	C	0
26	5	5	C	0
27	25	5	C	0
28	20	2	B	0
29	12	4	C	0
30	18	5	C	0
31	18	5	C	0
32	5	2	B	0
33	12	4	C	0
34	21	2	B	0
35	22	1	A	0
36	23	5	C	0
37	17	4	C	0
38	4	3	C	0
39	19	4	C	0
40	25	2	B	0
41	15	2	B	0
42	2	1	A	0
43	16	5	C	0
44	4	1	A	0
45	2	1	A	0
46	19	4	C	0
47	10	3	C	0
48	10	4	C	0
49	3	5	C	0
50	3	1	A	0
