Class Times	10
Rooms	10
1	41	C	1
2	65	A	1
3	13	C	1
4	50	B	0
5	35	C	0
6	68	C	1
7	90	B	0
8	64	C	1
9	50	A	0
10	82	B	0
Classes	50
Teachers	25
1	5	4	C	1
2	7	1	A	1
3	14	1	A	1
4	7	3	C	0
5	17	1	A	0
6	3	4	C	0
7	6	2	B	0
8	12	3	C	0
9	1	4	C	0
10	11	1	A	0
11	9	2	B	0
12	22	1	A	0
13	19	4	C	0
14	4	2	B	0
15	16	2	B	0
16	8	5	C	0
17	1	2	B	0
18	9	1	A	0
19	18	3	C	0
20	24	2	B	0
21	8	4	C	0
22	11	2	B	0
23	23	4	C	0
24	6	5	C	0
25	24	3	C	0
26	13	2	B	0
27	17	4	C	0
28	13	2	B	0
29	18	1	A	0
30	20	1	A	0
31	2	4	C	0
32	3	5	C	0
33	2	1	A	0
34	25	2	B	0
35	19	3	C	0
36	20	4	C	0
37	23	4	C	0
38	22	1	A	0
39	16	4	C	0
40	10	5	C	0
41	25	2	B	0
42	12	5	C	0
43	10	2	B	0
44	14	4	C	0
45	15	2	B	0
46	4	5	C	0
47	21	1	A	0
48	5	4	C	0
49	15	1	A	0
50	21	4	C	0
