Students	500
1	3 19 5 46	1	-1	0
2	26 45 40 23	3	1	0
3	10 16 41 44	3	2	0
4	16 23 48 19	3	5	0
5	4 20 18 36	4	3	0
6	2 16 33 42	1	-1	0
7	31 43 16 4	3	5	0
8	9 47 49 50	4	5	0
9	7 9 12 43	3	3	0
10	3 28 50 25	1	-1	0
11	49 9 43 46	3	2	0
12	1 11 32 48	1	-1	0
13	12 29 26 23	4	2	0
14	38 25 47 18	2	-1	0
15	34 11 46 25	3	1	0
16	3 37 4 21	1	-1	0
17	26 43 7 41	4	1	0
18	27 8 9 4	3	2	0
19	46 35 7 50	4	3	0
20	34 49 23 12	4	3	0
21	25 15 39 32	2	-1	0
22	17 21 5 16	2	-1	0
23	40 49 26 20	3	1	0
24	17 21 9 25	4	2	0
25	2 13 19 25	1	-1	0
26	3 44 24 19	1	-1	0
27	5 12 21 8	3	1	0
28	7 29 44 14	4	2	0
29	37 30 8 48	3	1	0
30	31 21 19 11	2	-1	0
31	18 43 38 25	3	3	0
32	2 16 8 5	1	-1	0
33	3 21 43 30	1	-1	0
34	46 21 26 36	3	2	0
35	3 23 28 5	1	-1	0
36	1 5 41 23	1	-1	0
37	2 5 47 38	1	-1	0
38	17 11 28 32	2	-1	0
39	1 24 18 46	1	-1	0
40	18 19 32 45	4	3	0
41	1 25 7 18	1	-1	0
42	3 31 42 1	1	-1	0
43	4 31 9 23	4	1	0
44	18 35 36 46	4	1	0
45	39 34 1 46	2	-1	0
46	1 19 46 43	1	-1	0
47	27 12 47 1	3	4	0
48	2 40 37 50	1	-1	0
49	2 21 29 46	1	-1	0
50	34 28 13 8	2	-1	0
51	50 34 48 46	3	5	0
52	30 8 41 17	4	5	0
53	3 10 19 29	1	-1	0
54	5 11 23 25	3	3	0
55	13 36 28 34	4	3	0
56	1 38 15 48	1	-1	0
57	25 46 33 19	4	2	0
58	40 48 9 39	3	4	0
59	3 36 35 9	1	-1	0
60	1 15 39 34	1	-1	0
61	10 34 24 20	3	1	0
62	15 19 46 11	4	2	0
63	38 14 43 9	4	5	0
64	19 25 4 46	3	2	0
65	2 41 46 25	1	-1	0
66	41 48 20 30	3	2	0
67	27 41 37 32	2	-1	0
68	35 42 14 20	2	-1	0
69	16 24 40 9	2	-1	0
70	37 34 22 27	2	-1	0
71	1 29 20 23	1	-1	0
72	46 21 31 7	3	1	0
73	47 31 35 30	2	-1	0
74	50 41 33 32	3	1	0
75	16 21 26 17	2	-1	0
76	27 45 7 5	2	-1	0
77	44 16 27 28	2	-1	0
78	1 6 27 45	1	-1	0
79	30 50 10 6	4	4	0
80	2 10 28 44	1	-1	0
81	35 15 40 38	4	5	0
82	23 34 40 18	4	2	0
83	3 5 31 29	1	-1	0
84	3 35 24 46	1	-1	0
85	2 21 14 43	1	-1	0
86	35 27 8 11	4	4	0
87	2 16 21 7	1	-1	0
88	26 6 18 17	4	2	0
89	3 4 38 42	1	-1	0
90	3 27 29 39	1	-1	0
91	5 34 20 48	2	-1	0
92	43 5 38 9	3	1	0
93	14 17 13 12	4	2	0
94	3 44 15 47	1	-1	0
95	37 6 50 30	2	-1	0
96	16 9 40 44	4	2	0
97	1 32 25 10	1	-1	0
98	24 28 36 44	4	4	0
99	7 39 32 10	3	1	0
100	2 32 41 19	1	-1	0
101	11 40 6 18	3	3	0
102	1 14 44 29	1	-1	0
103	12 27 33 36	3	4	0
104	39 23 9 36	4	4	0
105	12 38 8 44	3	4	0
106	14 12 11 45	3	2	0
107	12 10 26 43	2	-1	0
108	30 25 8 19	2	-1	0
109	1 43 47 44	1	-1	0
110	47 4 49 25	3	5	0
111	7 41 42 14	2	-1	0
112	14 13 43 34	3	4	0
113	13 44 3 50	4	1	0
114	20 39 37 13	4	5	0
115	12 34 6 50	2	-1	0
116	1 12 7 28	1	-1	0
117	45 8 11 7	4	2	0
118	46 49 9 40	3	5	0
119	1 42 8 13	1	-1	0
120	3 46 16 36	1	-1	0
121	11 24 28 36	4	3	0
122	30 20 11 22	3	1	0
123	25 8 11 14	2	-1	0
124	5 18 6 4	3	2	0
125	18 49 5 29	3	3	0
126	30 39 45 20	2	-1	0
127	14 17 7 27	4	4	0
128	28 39 49 14	4	1	0
129	3 34 17 28	1	-1	0
130	42 38 24 27	4	3	0
131	11 42 12 28	3	2	0
132	9 27 23 42	3	5	0
133	35 50 31 34	4	2	0
134	1 36 17 24	1	-1	0
135	45 14 24 18	4	4	0
136	1 35 43 10	1	-1	0
137	1 47 8 22	1	-1	0
138	17 4 44 50	4	5	0
139	39 8 9 47	4	1	0
140	3 49 9 25	1	-1	0
141	8 43 20 11	2	-1	0
142	1 40 49 22	1	-1	0
143	30 45 39 50	4	5	0
144	3 50 39 22	1	-1	0
145	14 7 36 22	3	3	0
146	3 17 20 6	1	-1	0
147	6 39 35 9	3	5	0
148	2 11 14 19	1	-1	0
149	6 19 29 11	2	-1	0
150	11 33 39 29	3	2	0
151	48 34 17 36	2	-1	0
152	5 28 46 21	2	-1	0
153	46 40 45 34	4	5	0
154	29 20 48 41	2	-1	0
155	10 9 24 12	4	1	0
156	20 33 46 5	3	1	0
157	39 22 7 33	3	3	0
158	33 50 43 39	2	-1	0
159	1 46 40 18	1	-1	0
160	1 47 19 14	1	-1	0
161	46 12 34 35	2	-1	0
162	3 39 20 42	1	-1	0
163	3 23 40 45	1	-1	0
164	47 27 38 45	3	2	0
165	3 37 7 30	1	-1	0
166	14 12 47 34	4	1	0
167	31 10 6 25	2	-1	0
168	2 45 30 6	1	-1	0
169	19 31 20 45	4	2	0
170	31 45 41 13	4	2	0
171	14 48 19 20	4	2	0
172	13 43 48 50	2	-1	0
173	8 44 25 14	2	-1	0
174	1 49 14 40	1	-1	0
175	44 34 41 45	3	3	0
176	6 8 16 9	3	5	0
177	12 47 15 28	2	-1	0
178	32 12 7 30	4	4	0
179	30 21 22 31	2	-1	0
180	23 31 26 25	3	2	0
181	27 6 47 10	4	5	0
182	14 41 11 7	4	2	0
183	11 28 16 15	3	2	0
184	3 24 45 28	1	-1	0
185	48 13 49 22	2	-1	0
186	2 25 27 8	1	-1	0
187	39 25 49 27	2	-1	0
188	29 33 7 20	3	5	0
189	20 33 32 42	4	2	1
190	3 8 35 9	1	-1	0
191	2 12 23 40	1	-1	0
192	35 12 40 29	3	5	0
193	45 36 26 46	4	5	0
194	28 5 36 12	2	-1	0
195	1 13 20 6	1	-1	0
196	37 30 7 31	3	1	0
197	4 15 30 44	3	4	0
198	2 26 36 16	1	-1	0
199	43 40 16 48	2	-1	0
200	4 45 41 20	3	4	0
201	11 19 21 33	2	-1	0
202	3 37 47 41	1	-1	0
203	50 14 49 28	2	-1	0
204	29 32 35 38	4	1	0
205	37 39 22 5	4	1	0
206	2 26 9 44	1	-1	0
207	16 4 14 20	4	5	0
208	11 43 49 23	3	3	0
209	3 18 23 33	1	-1	0
210	2 30 7 4	1	-1	0
211	42 25 10 8	2	-1	0
212	1 37 6 49	1	-1	0
213	27 12 8 33	4	4	0
214	5 8 9 17	4	4	0
215	9 45 28 38	4	2	0
216	2 25 9 15	1	-1	0
217	37 48 34 19	3	4	0
218	1 44 9 33	1	-1	0
219	31 44 50 46	2	-1	0
220	1 34 24 19	1	-1	0
221	32 15 39 41	2	-1	0
222	1 23 35 10	1	-1	1
223	28 12 10 23	3	4	0
224	7 40 22 8	3	3	0
225	36 8 4 7	2	-1	0
226	3 33 34 42	1	-1	0
227	25 23 34 15	2	-1	0
228	30 6 10 47	4	3	0
229	3 34 49 17	1	-1	0
230	33 20 24 21	2	-1	0
231	14 11 46 36	2	-1	0
232	47 40 4 16	3	5	0
233	3 49 38 24	1	-1	0
234	1 29 36 18	1	-1	0
235	7 28 49 24	4	3	0
236	26 46 44 5	2	-1	0
237	38 40 25 20	4	5	0
238	1 30 23 25	1	-1	0
239	49 19 31 9	2	-1	0
240	38 42 6 37	4	5	0
241	21 46 13 45	4	3	0
242	3 11 35 28	1	-1	0
243	50 31 26 15	2	-1	0
244	6 12 28 50	4	1	0
245	44 9 29 45	3	1	0
246	1 10 5 24	1	-1	0
247	15 4 21 27	2	-1	0
248	5 14 40 6	3	3	0
249	1 26 30 12	1	-1	0
250	2 23 15 41	1	-1	0
251	26 10 9 4	2	-1	0
252	34 30 22 19	4	3	0
253	3 15 19 5	1	-1	0
254	4 22 19 12	4	4	0
255	26 34 45 40	3	1	0
256	7 42 41 31	4	1	0
257	45 13 15 5	3	2	0
258	17 30 18 29	2	-1	0
259	1 39 10 20	1	-1	0
260	19 22 32 20	4	2	0
261	15 31 28 42	4	1	0
262	21 18 24 31	3	5	0
263	5 13 43 34	2	-1	0
264	43 36 26 24	2	-1	0
265	43 36 5 30	4	1	0
266	38 5 47 21	4	1	0
267	6 45 40 39	3	4	0
268	1 26 28 15	1	-1	0
269	29 19 7 32	4	1	0
270	42 46 36 35	2	-1	0
271	42 5 46 44	3	3	0
272	21 48 23 6	3	2	0
273	2 15 23 32	1	-1	0
274	35 29 10 16	4	2	0
275	47 39 38 20	3	4	0
276	47 31 23 21	3	1	0
277	3 25 43 29	1	-1	0
278	2 30 50 42	1	-1	0
279	3 34 6 12	1	-1	0
280	6 37 14 22	3	2	0
281	18 49 22 50	2	-1	0
282	14 46 18 34	3	1	0
283	1 26 16 40	1	-1	0
284	14 50 13 26	3	2	0
285	39 31 37 12	4	1	0
286	2 27 25 10	1	-1	0
287	46 32 40 26	3	1	0
288	33 6 14 17	2	-1	0
289	3 10 46 12	1	-1	0
290	7 41 12 26	4	1	0
291	42 27 18 23	3	5	0
292	37 34 22 42	4	1	0
293	4 21 45 9	4	2	0
294	46 35 16 10	2	-1	0
295	29 15 42 6	3	3	0
296	8 31 24 4	4	3	0
297	3 24 21 13	1	-1	0
298	1 5 43 32	1	-1	0
299	24 32 27 4	4	3	0
300	21 39 33 32	3	3	0
301	9 33 34 26	4	3	0
302	1 35 44 10	1	-1	0
303	10 22 48 32	4	3	0
304	12 26 48 43	4	1	0
305	44 18 25 36	2	-1	0
306	25 35 49 19	2	-1	0
307	6 36 13 46	2	-1	0
308	45 5 7 20	2	-1	0
309	33 29 44 26	2	-1	0
310	35 16 28 27	4	1	0
311	7 49 26 45	4	2	0
312	45 18 50 49	2	-1	0
313	1 8 49 45	1	-1	0
314	22 39 21 48	2	-1	0
315	48 29 47 16	3	5	0
316	2 37 25 19	1	-1	0
317	5 18 22 31	2	-1	0
318	6 28 46 5	4	3	0
319	21 15 37 28	2	-1	0
320	8 45 17 23	3	2	0
321	13 46 34 8	4	2	0
322	32 15 46 36	3	1	0
323	41 8 30 39	3	1	0
324	2 42 7 34	1	-1	0
325	41 21 50 24	4	3	0
326	49 13 9 26	3	5	0
327	33 25 41 6	4	2	0
328	37 22 50 34	2	-1	0
329	22 9 30 26	2	-1	0
330	50 47 38 15	3	1	0
331	2 48 9 18	1	-1	0
332	11 45 8 49	2	-1	0
333	40 36 24 17	3	2	0
334	10 4 30 46	4	2	0
335	3 46 25 49	1	-1	0
336	33 43 36 40	2	-1	0
337	36 22 15 28	4	4	0
338	23 39 43 34	2	-1	0
339	47 14 20 45	3	2	0
340	3 19 49 50	1	-1	0
341	13 6 9 33	2	-1	0
342	19 15 37 45	3	3	0
343	48 8 46 24	4	1	0
344	17 43 38 41	2	-1	0
345	3 50 33 39	1	-1	0
346	10 22 28 18	2	-1	0
347	49 27 15 11	4	4	0
348	30 21 17 33	4	5	0
349	2 7 40 5	1	-1	0
350	22 18 26 45	3	3	0
351	42 16 5 21	4	4	0
352	2 17 43 6	1	-1	0
353	24 3 23 26	4	3	0
354	31 4 49 20	4	5	0
355	8 25 22 23	3	2	0
356	15 8 12 9	3	5	0
357	17 37 7 39	2	-1	0
358	29 34 16 30	3	4	0
359	43 36 30 20	2	-1	0
360	18 49 33 27	4	3	0
361	2 26 32 4	1	-1	0
362	45 30 22 50	4	2	0
363	32 27 42 33	4	3	0
364	21 44 15 50	4	2	0
365	33 37 25 38	2	-1	1
366	12 31 22 45	4	4	0
367	3 35 32 39	1	-1	0
368	3 49 8 37	1	-1	0
369	2 48 44 28	1	-1	0
370	3 33 39 16	1	-1	0
371	13 42 18 31	2	-1	0
372	37 38 36 18	4	2	0
373	1 18 6 16	1	-1	0
374	23 48 32 38	4	4	0
375	2 17 50 31	1	-1	0
376	50 41 45 31	4	1	0
377	3 27 22 11	1	-1	0
378	8 13 17 30	4	3	0
379	19 18 7 8	2	-1	0
380	31 5 22 12	2	-1	0
381	11 34 39 7	2	-1	0
382	13 19 32 25	3	1	0
383	34 16 9 37	3	5	0
384	38 29 13 5	2	-1	0
385	40 10 12 13	3	5	0
386	8 37 20 34	3	1	0
387	39 30 10 37	4	5	0
388	15 26 28 38	4	4	0
389	27 26 6 24	2	-1	0
390	39 46 6 10	2	-1	0
391	21 24 50 49	3	5	0
392	16 13 12 6	4	4	0
393	11 35 6 17	4	1	0
394	18 45 47 40	4	2	0
395	19 33 48 25	4	2	0
396	38 12 33 11	2	-1	0
397	1 30 48 7	1	-1	0
398	1 46 16 39	1	-1	0
399	5 25 43 8	4	3	0
400	1 10 14 12	1	-1	0
401	26 20 15 13	3	1	0
402	27 50 40 39	2	-1	0
403	3 38 4 5	1	-1	0
404	49 14 44 5	4	1	0
405	2 20 35 9	1	-1	0
406	15 47 21 30	4	1	0
407	2 44 8 18	1	-1	0
408	43 33 10 14	2	-1	0
409	2 25 39 24	1	-1	0
410	3 13 35 45	1	-1	0
411	10 45 6 19	3	2	0
412	8 23 15 18	4	2	0
413	1 5 27 37	1	-1	0
414	47 21 46 48	4	4	0
415	35 5 40 24	4	1	0
416	29 35 24 8	2	-1	0
417	43 28 17 22	3	1	0
418	32 50 46 40	3	5	0
419	32 35 6 25	2	-1	0
420	7 41 48 18	2	-1	0
421	47 35 40 15	3	3	0
422	21 5 18 25	2	-1	0
423	42 29 8 36	4	3	0
424	22 28 8 48	4	4	0
425	2 22 31 25	1	-1	0
426	31 16 14 6	3	3	0
427	50 27 40 6	3	3	0
428	39 5 4 50	4	3	0
429	36 11 32 20	3	1	0
430	2 23 14 26	1	-1	0
431	10 30 46 6	2	-1	0
432	30 39 13 5	2	-1	0
433	3 26 43 13	1	-1	0
434	3 21 32 50	1	-1	0
435	43 19 12 31	4	3	0
436	18 44 9 25	4	2	0
437	15 40 44 29	3	1	0
438	30 28 49 38	3	5	0
439	11 20 35 28	3	1	0
440	3 47 44 4	1	-1	0
441	29 38 25 5	4	2	0
442	9 30 38 35	3	5	0
443	21 36 5 13	3	3	0
444	18 20 47 4	4	2	0
445	46 28 47 11	4	4	0
446	10 21 8 31	3	2	0
447	2 41 6 23	1	-1	0
448	1 39 20 13	1	-1	0
449	23 19 15 42	2	-1	0
450	35 17 10 16	2	-1	0
451	13 7 28 49	3	5	0
452	20 9 49 5	3	4	0
453	34 28 43 25	3	4	0
454	35 29 38 21	2	-1	0
455	21 39 46 22	2	-1	0
456	33 12 21 32	2	-1	0
457	30 21 33 22	3	2	0
458	21 11 38 31	3	2	0
459	35 13 15 21	2	-1	0
460	2 32 20 17	1	-1	0
461	48 15 4 31	2	-1	0
462	14 30 12 20	3	2	0
463	41 27 5 12	4	1	0
464	4 40 43 28	3	2	0
465	3 44 37 43	1	-1	0
466	10 46 5 30	2	-1	0
467	21 47 19 6	4	4	0
468	2 20 43 40	1	-1	0
469	41 7 30 27	4	1	0
470	3 12 8 23	1	-1	0
471	18 36 31 16	3	5	0
472	2 33 19 48	1	-1	0
473	1 48 31 8	1	-1	0
474	47 29 11 39	3	3	0
475	29 33 40 16	4	1	0
476	28 5 35 44	3	3	0
477	12 20 4 45	2	-1	0
478	12 43 26 47	2	-1	0
479	4 6 21 27	4	1	0
480	2 23 47 5	1	-1	0
481	9 43 28 19	4	4	0
482	1 30 45 36	1	-1	0
483	50 6 35 34	4	1	0
484	8 45 41 26	3	1	0
485	30 26 19 27	4	5	0
486	8 9 43 37	3	1	0
487	1 25 20 24	1	-1	0
488	36 26 49 13	3	1	0
489	4 29 25 37	3	5	0
490	3 36 37 47	1	-1	0
491	10 16 46 29	3	2	0
492	17 7 29 9	2	-1	0
493	37 17 36 40	4	3	0
494	13 31 35 27	3	4	0
495	2 26 36 7	1	-1	0
496	18 6 14 34	4	5	0
497	24 16 47 34	4	5	0
498	4 40 21 6	3	2	0
499	23 45 35 27	2	-1	0
500	40 24 36 11	2	-1	0
