Students	500
1	10 41 17 4	2	-1	0
2	20 38 49 9	2	-1	0
3	11 9 46 14	2	-1	0
4	4 27 25 36	2	-1	0
5	41 50 12 32	4	3	0
6	10 46 33 34	3	1	0
7	2 50 16 13	1	-1	0
8	43 28 40 17	3	2	0
9	3 25 20 38	1	-1	0
10	38 26 34 50	2	-1	0
11	12 42 38 6	2	-1	0
12	48 31 8 30	3	4	0
13	28 32 19 29	3	5	0
14	27 43 44 19	2	-1	0
15	18 26 8 50	4	4	0
16	3 25 38 27	1	-1	0
17	44 10 35 46	3	3	0
18	3 22 43 25	1	-1	0
19	1 28 7 49	1	-1	0
20	3 5 24 35	1	-1	0
21	32 22 26 11	3	2	0
22	1 46 4 48	1	-1	0
23	16 4 22 19	3	4	0
24	39 35 48 29	3	1	0
25	20 48 38 49	2	-1	0
26	11 9 4 29	3	3	0
27	1 40 23 26	1	-1	0
28	18 30 7 26	4	5	0
29	2 8 7 48	1	-1	0
30	33 12 39 43	4	1	0
31	41 24 21 6	2	-1	0
32	29 49 32 40	2	-1	0
33	46 10 45 7	2	-1	0
34	24 5 23 19	2	-1	0
35	1 23 47 13	1	-1	0
36	41 46 23 47	3	1	0
37	38 20 31 47	4	2	0
38	1 29 41 27	1	-1	0
39	16 27 24 30	2	-1	0
40	3 23 44 38	1	-1	0
41	25 36 22 37	4	2	0
42	1 35 10 43	1	-1	0
43	47 49 5 9	2	-1	0
44	39 11 50 8	2	-1	0
45	24 34 18 25	2	-1	0
46	49 7 33 23	3	2	1
47	31 23 40 47	3	2	0
48	28 44 25 26	4	4	0
49	43 35 15 41	2	-1	0
50	18 21 43 28	4	4	0
51	34 12 37 30	3	5	0
52	37 40 35 11	2	-1	0
53	30 42 33 41	4	3	0
54	44 30 20 19	4	2	0
55	3 40 21 11	1	-1	0
56	37 16 19 29	4	4	0
57	25 37 5 13	3	4	0
58	18 39 20 50	4	4	0
59	21 7 50 9	2	-1	0
60	34 12 20 42	3	4	0
61	3 45 49 28	1	-1	0
62	31 11 26 18	3	2	0
63	50 12 18 29	4	2	0
64	11 6 19 30	4	4	0
65	40 36 30 20	4	2	0
66	13 21 44 20	4	3	0
67	49 27 11 10	2	-1	0
68	36 22 30 6	3	4	0
69	46 44 30 19	3	1	0
70	1 18 38 22	1	-1	0
71	40 50 28 17	2	-1	0
72	1 41 28 26	1	-1	0
73	3 46 47 9	1	-1	0
74	16 5 46 14	2	-1	0
75	18 17 15 50	4	1	0
76	44 16 27 14	2	-1	0
77	13 6 23 44	3	5	0
78	44 50 7 13	3	3	0
79	22 36 6 42	3	1	0
80	30 46 3 34	2	-1	0
81	22 11 9 19	3	2	0
82	30 37 28 38	4	2	0
83	11 10 8 50	2	-1	0
84	3 27 33 39	1	-1	0
85	47 23 42 31	3	1	0
86	2 38 31 14	1	-1	0
87	48 22 44 40	4	1	0
88	14 12 45 28	2	-1	0
89	7 24 48 28	3	1	0
90	2 45 38 24	1	-1	0
91	38 15 18 33	4	4	0
92	8 28 40 19	2	-1	0
93	3 5 47 4	1	-1	0
94	2 34 27 12	1	-1	0
95	30 43 9 21	3	4	0
96	2 19 12 41	1	-1	0
97	2 27 36 10	1	-1	0
98	36 39 44 38	2	-1	0
99	37 30 18 20	3	4	0
100	22 39 38 40	3	3	0
101	1 5 21 7	1	-1	0
102	16 39 41 26	2	-1	0
103	37 3 34 13	2	-1	0
104	1 38 45 40	1	-1	0
105	41 39 16 21	3	4	0
106	13 30 32 40	4	1	0
107	21 25 31 48	4	4	0
108	38 33 45 9	2	-1	0
109	33 50 26 46	3	2	0
110	39 24 26 43	3	5	0
111	40 9 13 14	3	5	0
112	3 41 31 21	1	-1	0
113	20 5 4 40	4	3	0
114	1 15 35 30	1	-1	0
115	27 21 28 16	4	3	0
116	10 33 19 44	2	-1	0
117	16 15 19 36	2	-1	0
118	37 39 21 40	2	-1	0
119	2 46 45 24	1	-1	0
120	9 28 48 50	3	2	0
121	50 33 25 34	4	5	0
122	29 49 23 5	4	2	0
123	2 42 16 41	1	-1	0
124	44 50 10 6	2	-1	0
125	47 44 12 16	2	-1	0
126	36 12 14 39	2	-1	0
127	45 13 10 11	3	2	0
128	3 9 34 40	1	-1	0
129	1 5 41 23	1	-1	0
130	1 20 28 44	1	-1	1
131	2 30 17 15	1	-1	0
132	47 4 5 27	2	-1	0
133	49 5 10 18	3	5	0
134	48 37 31 28	2	-1	0
135	1 21 23 22	1	-1	0
136	40 31 4 9	2	-1	0
137	32 36 39 35	2	-1	0
138	5 27 49 20	3	4	0
139	22 47 16 9	3	1	0
140	43 36 23 29	2	-1	0
141	13 34 22 35	2	-1	0
142	4 41 12 38	4	4	0
143	6 24 11 50	3	5	0
144	2 14 39 24	1	-1	0
145	35 15 11 5	2	-1	0
146	2 24 49 19	1	-1	0
147	3 10 4 7	1	-1	0
148	43 36 9 5	3	1	0
149	40 38 13 31	2	-1	0
150	3 13 35 37	1	-1	0
151	12 38 5 43	3	2	0
152	18 12 24 42	4	4	0
153	24 12 17 10	4	4	0
154	1 25 27 31	1	-1	0
155	3 21 44 11	1	-1	0
156	17 30 47 37	3	1	0
157	22 41 33 44	3	3	0
158	49 36 16 14	4	2	0
159	3 31 38 26	1	-1	0
160	5 40 23 38	4	4	0
161	3 37 6 42	1	-1	0
162	20 25 35 31	4	3	0
163	2 49 42 38	1	-1	0
164	30 43 6 48	2	-1	0
165	41 20 11 13	2	-1	0
166	31 49 24 47	2	-1	0
167	2 14 12 25	1	-1	0
168	7 25 20 8	3	4	0
169	31 42 11 30	2	-1	0
170	1 35 6 44	1	-1	0
171	1 7 22 11	1	-1	0
172	49 14 4 19	2	-1	0
173	41 48 23 42	2	-1	0
174	20 46 47 11	2	-1	0
175	3 35 26 41	1	-1	0
176	16 18 24 9	3	4	0
177	19 32 8 31	4	3	0
178	1 22 7 36	1	-1	0
179	1 30 21 37	1	-1	0
180	50 26 25 44	3	1	0
181	3 10 22 44	1	-1	0
182	24 11 40 45	2	-1	0
183	3 28 37 6	1	-1	0
184	48 38 34 7	2	-1	0
185	27 8 10 44	3	3	0
186	33 46 10 30	2	-1	0
187	9 21 14 12	3	1	0
188	42 40 14 41	4	1	0
189	35 30 13 43	3	3	0
190	21 31 41 8	4	3	0
191	35 39 45 4	4	4	0
192	2 25 36 44	1	-1	0
193	28 5 24 6	3	1	0
194	28 44 12 16	4	1	0
195	3 40 43 15	1	-1	0
196	5 23 43 16	2	-1	0
197	1 49 45 39	1	-1	0
198	50 5 46 47	4	1	0
199	31 30 40 48	4	3	0
200	12 27 25 48	2	-1	0
201	31 33 20 28	3	4	0
202	27 50 44 23	4	2	0
203	11 47 25 21	2	-1	0
204	1 6 44 36	1	-1	0
205	2 28 30 23	1	-1	0
206	3 33 46 41	1	-1	0
207	1 40 13 44	1	-1	0
208	28 10 27 15	2	-1	0
209	2 5 11 46	1	-1	0
210	14 32 40 11	4	2	0
211	50 15 29 48	2	-1	0
212	12 43 31 30	2	-1	0
213	7 17 37 29	3	2	0
214	10 33 46 24	2	-1	0
215	46 7 20 16	2	-1	0
216	20 32 48 17	4	1	0
217	44 25 11 20	3	4	0
218	49 43 25 29	3	2	0
219	31 24 23 27	4	4	0
220	49 31 8 44	3	4	0
221	23 40 24 13	2	-1	0
222	41 20 21 7	2	-1	0
223	3 30 15 44	1	-1	0
224	1 18 13 20	1	-1	0
225	38 46 10 48	2	-1	0
226	10 25 15 48	2	-1	0
227	13 4 24 17	4	1	0
228	43 14 22 13	3	1	0
229	49 10 29 20	3	5	0
230	28 22 37 36	3	2	0
231	8 14 29 17	4	5	0
232	6 32 4 41	4	2	0
233	27 31 47 49	2	-1	0
234	45 32 16 37	2	-1	0
235	28 35 19 20	3	4	0
236	28 1 33 13	3	2	0
237	36 30 43 14	2	-1	0
238	13 22 6 2	4	4	0
239	28 5 23 40	2	-1	0
240	31 15 18 24	3	1	0
241	14 38 36 5	4	2	0
242	39 6 41 9	4	4	0
243	45 19 16 8	3	1	0
244	50 48 21 18	3	1	0
245	32 20 28 34	3	5	0
246	44 27 39 13	4	2	0
247	13 38 16 32	3	1	0
248	2 18 13 21	1	-1	0
249	26 24 41 17	3	5	0
250	9 32 13 11	3	3	0
251	3 23 24 43	1	-1	0
252	30 23 24 27	3	4	0
253	30 13 47 19	2	-1	0
254	1 9 44 12	1	-1	0
255	34 23 36 40	4	5	0
256	30 6 27 45	4	1	0
257	30 41 43 29	4	2	0
258	37 42 50 38	3	3	0
259	6 28 20 22	4	5	0
260	33 36 29 34	4	1	1
261	2 19 44 12	1	-1	0
262	34 28 47 38	3	4	0
263	1 49 40 30	1	-1	0
264	36 28 17 27	3	3	0
265	1 42 9 29	1	-1	0
266	1 13 10 14	1	-1	0
267	3 30 13 41	1	-1	0
268	3 39 21 23	1	-1	0
269	17 29 7 25	2	-1	0
270	37 29 43 42	4	4	0
271	2 23 36 31	1	-1	0
272	38 44 33 5	2	-1	0
273	43 16 30 29	2	-1	0
274	33 22 30 25	4	5	0
275	35 6 49 16	3	1	0
276	11 34 32 8	2	-1	0
277	1 12 23 44	1	-1	0
278	6 22 26 44	4	2	0
279	5 39 50 4	3	5	0
280	33 4 24 45	3	2	0
281	3 35 45 33	1	-1	0
282	8 28 16 11	4	5	0
283	3 12 38 17	1	-1	0
284	10 20 48 23	4	2	0
285	8 36 46 7	2	-1	0
286	37 28 21 8	2	-1	0
287	35 48 31 42	2	-1	0
288	3 17 50 45	1	-1	0
289	13 31 22 41	3	3	0
290	26 50 37 21	2	-1	0
291	29 4 44 36	2	-1	0
292	13 23 19 22	4	2	0
293	2 10 32 14	1	-1	0
294	41 39 33 8	4	4	0
295	9 39 25 5	4	5	0
296	28 5 41 17	4	1	0
297	44 8 15 14	3	5	0
298	23 18 4 41	3	5	0
299	29 23 44 38	2	-1	0
300	32 23 10 33	3	3	0
301	36 13 21 29	4	4	0
302	9 10 46 33	4	1	0
303	16 50 21 22	3	4	0
304	16 48 13 24	4	4	0
305	24 48 9 17	4	2	0
306	1 15 11 45	1	-1	0
307	1 16 26 22	1	-1	0
308	22 47 9 14	3	3	0
309	8 47 35 30	3	1	0
310	24 37 6 10	3	3	0
311	34 13 33 37	2	-1	0
312	32 6 37 5	2	-1	0
313	41 5 30 4	4	1	0
314	32 49 38 8	2	-1	0
315	1 28 45 19	1	-1	0
316	40 30 50 49	4	4	0
317	2 21 19 12	1	-1	0
318	1 30 7 40	1	-1	0
319	8 33 22 23	2	-1	0
320	47 50 5 18	4	5	0
321	41 11 26 9	3	1	0
322	10 26 11 49	3	3	0
323	23 18 11 13	2	-1	0
324	4 49 13 23	3	1	0
325	24 16 33 43	3	5	0
326	3 43 23 27	1	-1	0
327	2 42 19 18	1	-1	0
328	18 36 11 44	2	-1	0
329	23 15 33 19	4	1	0
330	3 12 15 9	1	-1	0
331	23 6 21 25	2	-1	0
332	32 36 12 15	3	1	0
333	8 12 50 49	3	1	0
334	30 28 50 38	2	-1	0
335	46 20 2 48	4	5	0
336	45 27 43 23	4	4	0
337	13 22 33 19	2	-1	0
338	11 10 26 13	4	1	0
339	7 24 5 21	4	5	0
340	22 43 5 7	2	-1	0
341	30 6 29 34	3	2	0
342	35 47 29 50	2	-1	0
343	19 18 16 29	3	4	0
344	24 42 32 26	3	2	0
345	20 49 48 9	2	-1	0
346	25 21 13 49	4	2	0
347	35 19 24 21	3	5	0
348	9 22 33 49	2	-1	0
349	10 23 42 38	2	-1	0
350	30 24 27 9	4	1	0
351	34 46 22 38	4	5	0
352	5 49 48 27	2	-1	0
353	2 45 35 32	1	-1	0
354	18 14 45 38	2	-1	0
355	49 38 1 48	3	2	0
356	42 7 26 18	2	-1	0
357	22 30 25 46	4	2	0
358	2 6 9 17	1	-1	0
359	2 28 10 42	1	-1	0
360	6 39 5 46	2	-1	0
361	4 16 17 28	3	2	0
362	26 28 24 40	3	2	0
363	2 50 26 39	1	-1	0
364	39 31 49 28	4	5	0
365	15 49 30 18	4	5	0
366	50 37 43 19	3	1	0
367	11 24 27 30	4	1	0
368	43 21 17 29	2	-1	0
369	47 11 20 50	2	-1	0
370	23 5 6 11	4	5	0
371	2 36 24 20	1	-1	0
372	10 8 21 26	2	-1	0
373	28 21 15 48	2	-1	0
374	38 49 40 37	4	1	1
375	10 22 48 49	4	1	0
376	31 19 21 22	3	2	0
377	22 32 18 6	4	3	0
378	1 17 20 9	1	-1	0
379	41 10 20 25	3	4	0
380	3 49 23 5	1	-1	0
381	7 14 32 11	2	-1	0
382	26 46 19 16	3	4	0
383	20 9 28 12	3	4	0
384	3 46 31 4	1	-1	0
385	8 11 4 1	2	-1	0
386	1 36 8 7	1	-1	0
387	27 36 37 8	3	3	0
388	20 30 41 34	2	-1	0
389	7 22 11 38	2	-1	0
390	10 41 16 28	4	3	0
391	22 6 42 10	2	-1	0
392	4 20 6 47	3	3	0
393	30 6 43 42	2	-1	0
394	26 6 22 34	3	1	0
395	23 18 8 45	2	-1	0
396	35 44 12 13	2	-1	0
397	3 36 38 49	1	-1	0
398	12 17 42 32	3	1	0
399	3 30 49 33	1	-1	0
400	1 34 19 38	1	-1	0
401	1 16 7 41	1	-1	0
402	1 9 32 33	1	-1	0
403	1 13 48 31	1	-1	0
404	3 25 31 37	1	-1	0
405	19 11 20 26	2	-1	0
406	48 21 37 47	3	2	0
407	3 31 27 12	1	-1	0
408	37 42 17 4	3	5	0
409	2 50 47 11	1	-1	0
410	16 22 12 32	3	4	0
411	1 19 13 5	1	-1	0
412	1 6 20 12	1	-1	0
413	30 19 6 5	4	1	0
414	50 44 20 45	2	-1	0
415	6 39 28 29	2	-1	0
416	6 18 5 23	2	-1	0
417	2 29 39 6	1	-1	0
418	17 35 36 23	4	3	0
419	44 38 29 30	4	5	0
420	48 37 30 36	3	5	0
421	28 35 5 22	2	-1	0
422	3 45 43 20	1	-1	0
423	10 28 13 4	3	3	0
424	49 16 15 2	2	-1	0
425	19 35 34 20	3	3	0
426	30 14 12 11	3	2	0
427	12 33 23 31	4	2	0
428	1 8 32 17	1	-1	0
429	10 29 48 6	4	4	0
430	23 47 34 27	4	3	0
431	1 23 46 17	1	-1	0
432	42 18 38 6	3	4	0
433	6 10 20 39	2	-1	0
434	22 17 39 34	4	2	0
435	24 18 15 40	2	-1	0
436	1 23 14 4	1	-1	0
437	43 40 8 4	2	-1	0
438	3 8 33 4	1	-1	0
439	5 27 48 26	4	3	0
440	9 28 24 18	3	3	0
441	34 42 5 36	4	4	0
442	3 28 18 8	1	-1	0
443	2 47 44 10	1	-1	0
444	8 44 46 39	3	5	0
445	21 30 35 34	4	2	0
446	20 50 19 5	4	1	0
447	47 43 11 25	4	3	0
448	12 17 20 47	4	4	0
449	6 27 37 5	2	-1	0
450	19 33 39 7	3	3	0
451	24 41 9 13	2	-1	0
452	48 50 15 29	2	-1	0
453	50 44 9 46	2	-1	0
454	41 47 30 18	4	3	0
455	20 9 16 29	3	2	0
456	15 27 43 13	4	3	0
457	3 13 8 10	1	-1	0
458	3 39 35 7	1	-1	0
459	24 15 22 36	3	2	0
460	18 10 48 11	3	3	0
461	16 4 9 28	4	5	0
462	14 9 33 40	3	4	0
463	27 41 8 4	3	4	0
464	2 49 28 41	1	-1	0
465	33 10 46 42	4	2	0
466	42 35 25 44	4	2	0
467	29 22 24 38	3	3	0
468	40 14 10 47	4	2	0
469	3 35 14 18	1	-1	0
470	15 35 11 37	4	2	0
471	47 8 11 26	3	2	0
472	49 31 42 46	3	1	0
473	2 9 5 43	1	-1	0
474	43 6 27 11	3	1	0
475	16 39 41 42	4	5	0
476	45 7 23 37	4	3	0
477	8 11 36 39	2	-1	0
478	3 8 7 9	1	-1	0
479	15 14 43 28	4	5	0
480	35 45 30 47	2	-1	0
481	7 49 36 4	2	-1	0
482	50 33 45 28	3	3	0
483	25 10 44 31	2	-1	0
484	12 23 38 7	2	-1	0
485	30 33 8 12	3	3	0
486	48 23 26 50	4	1	0
487	31 23 50 19	3	1	0
488	27 20 23 13	4	4	0
489	23 50 48 30	3	1	0
490	35 31 21 16	2	-1	0
491	2 45 48 20	1	-1	0
492	7 9 14 43	2	-1	0
493	41 48 24 23	4	5	0
494	29 43 24 18	4	2	0
495	19 11 44 8	4	5	0
496	2 34 43 49	1	-1	0
497	1 4 41 45	1	-1	0
498	26 12 4 17	4	3	0
499	3 31 29 33	1	-1	0
500	43 33 46 12	2	-1	0
