Students	500
1	1 21 27 33	1	-1	0
2	2 22 36 49	1	-1	0
3	15 31 17 8	3	1	0
4	22 24 17 19	3	1	0
5	28 39 40 15	4	2	0
6	42 24 11 10	2	-1	0
7	45 47 32 30	4	1	0
8	2 28 32 7	1	-1	0
9	3 29 47 12	1	-1	0
10	17 25 49 30	4	1	0
11	1 42 5 12	1	-1	0
12	42 9 41 14	3	5	0
13	16 28 49 37	2	-1	0
14	47 26 27 7	3	5	0
15	49 27 4 21	2	-1	0
16	48 40 34 30	4	3	0
17	50 9 38 17	4	4	1
18	2 16 34 47	1	-1	0
19	13 20 34 38	2	-1	0
20	26 43 8 41	2	-1	0
21	32 25 21 37	2	-1	0
22	2 30 41 45	1	-1	0
23	1 46 44 6	1	-1	0
24	49 13 25 33	3	2	0
25	20 7 39 50	3	5	0
26	42 19 5 10	2	-1	0
27	3 46 32 43	1	-1	0
28	45 50 22 43	3	5	0
29	3 32 19 8	1	-1	0
30	1 28 16 29	1	-1	0
31	39 13 43 26	3	1	0
32	20 32 18 13	2	-1	0
33	1 43 36 4	1	-1	0
34	2 35 12 17	1	-1	0
35	7 41 27 33	4	5	0
36	41 6 46 10	4	1	0
37	38 41 37 30	3	3	0
38	22 23 14 38	4	3	0
39	40 18 37 35	4	4	0
40	6 17 44 31	4	3	0
41	1 9 12 8	1	-1	0
42	2 39 36 5	1	-1	0
43	36 27 44 26	2	-1	0
44	14 12 32 29	4	2	0
45	9 5 10 24	2	-1	0
46	43 42 27 18	3	1	0
47	12 33 6 30	4	5	0
48	22 38 18 20	3	3	0
49	2 42 32 37	1	-1	0
50	4 15 24 18	3	2	0
51	2 34 47 13	1	-1	0
52	1 40 49 31	1	-1	0
53	2 42 24 27	1	-1	0
54	44 36 50 37	2	-1	0
55	24 15 27 33	2	-1	0
56	37 31 29 1	2	-1	0
57	19 35 11 16	4	5	0
58	5 30 28 19	3	4	0
59	36 32 22 26	3	5	0
60	1 40 23 38	1	-1	0
61	13 31 9 22	4	4	0
62	49 27 22 20	3	1	0
63	38 9 35 41	3	4	0
64	18 37 16 45	4	2	0
65	39 31 19 24	4	2	0
66	28 36 31 32	4	2	0
67	1 8 25 7	1	-1	0
68	14 40 31 33	4	3	0
69	45 5 7 44	3	4	0
70	2 33 23 25	1	-1	0
71	2 50 36 7	1	-1	0
72	2 42 5 18	1	-1	0
73	1 28 47 30	1	-1	0
74	20 16 40 44	2	-1	0
75	32 34 35 49	3	1	0
76	31 26 44 42	3	4	0
77	3 10 5 30	1	-1	0
78	37 7 13 14	2	-1	0
79	2 23 24 38	1	-1	0
80	10 31 11 21	4	4	0
81	40 4 36 2	2	-1	0
82	1 15 20 48	1	-1	0
83	2 20 46 47	1	-1	0
84	47 49 7 41	4	2	0
85	36 31 17 46	3	5	0
86	35 34 12 39	3	5	0
87	7 20 37 49	4	4	0
88	1 42 22 26	1	-1	0
89	38 31 15 11	3	5	0
90	11 9 48 45	4	3	0
91	42 15 47 37	4	3	0
92	24 14 20 50	4	3	0
93	47 43 31 45	4	5	0
94	15 37 44 21	3	3	0
95	2 10 5 26	1	-1	0
96	36 24 27 32	2	-1	0
97	50 15 33 24	4	4	0
98	35 50 34 32	3	3	0
99	23 11 40 10	3	3	0
100	48 46 25 12	4	2	0
101	20 25 24 15	2	-1	0
102	44 49 13 25	2	-1	0
103	26 25 39 21	2	-1	0
104	43 19 7 30	4	2	0
105	32 35 12 10	4	1	0
106	1 37 49 30	1	-1	0
107	14 32 36 4	4	5	0
108	48 28 19 49	3	2	1
109	35 30 41 45	4	5	0
110	17 34 33 31	4	1	0
111	38 28 4 44	4	1	0
112	25 47 8 42	2	-1	0
113	37 42 22 21	2	-1	1
114	30 45 15 16	2	-1	0
115	48 21 41 33	4	4	0
116	3 32 15 29	1	-1	0
117	26 36 48 28	3	3	0
118	1 11 40 6	1	-1	0
119	38 26 29 5	4	3	0
120	12 25 16 34	3	4	0
121	2 33 13 35	1	-1	0
122	3 38 47 7	1	-1	0
123	43 34 12 44	2	-1	0
124	38 13 24 7	4	5	0
125	40 12 10 46	2	-1	0
126	32 41 11 36	4	5	0
127	7 14 40 48	3	5	0
128	2 11 39 14	1	-1	0
129	3 33 22 11	1	-1	0
130	13 40 46 48	2	-1	0
131	3 4 41 29	1	-1	0
132	8 24 22 45	4	3	0
133	48 23 46 40	3	4	0
134	1 29 19 40	1	-1	0
135	49 36 46 41	2	-1	0
136	2 30 6 34	1	-1	0
137	2 16 29 17	1	-1	0
138	12 35 28 38	2	-1	0
139	17 33 40 50	4	1	0
140	3 25 21 10	1	-1	0
141	1 34 41 35	1	-1	0
142	35 26 17 38	2	-1	0
143	21 31 50 40	2	-1	0
144	21 45 46 20	4	4	0
145	14 10 40 30	4	2	0
146	44 19 30 11	2	-1	0
147	28 26 6 39	3	2	0
148	3 28 15 23	1	-1	0
149	3 32 35 31	1	-1	0
150	9 31 29 46	2	-1	0
151	39 24 36 9	2	-1	0
152	30 49 16 11	4	1	0
153	44 20 33 8	4	3	0
154	37 32 17 11	4	4	0
155	1 17 36 45	1	-1	0
156	2 5 7 46	1	-1	0
157	27 34 40 30	2	-1	0
158	1 31 40 22	1	-1	0
159	20 11 18 50	2	-1	0
160	17 5 4 34	2	-1	0
161	31 46 17 15	3	5	0
162	1 14 35 16	1	-1	0
163	19 18 6 35	2	-1	0
164	39 33 22 16	2	-1	0
165	49 18 14 21	2	-1	0
166	36 44 13 37	3	2	0
167	1 25 42 48	1	-1	0
168	50 47 46 48	2	-1	0
169	35 17 23 21	2	-1	0
170	25 34 23 10	3	1	0
171	48 20 41 15	3	3	0
172	33 21 9 41	2	-1	0
173	2 41 21 43	1	-1	1
174	1 46 15 28	1	-1	0
175	31 16 12 29	3	5	0
176	20 26 50 21	4	5	0
177	12 37 6 28	4	3	0
178	49 23 18 43	2	-1	0
179	2 8 4 21	1	-1	0
180	44 25 49 46	4	4	0
181	4 45 34 13	2	-1	0
182	3 35 33 27	1	-1	0
183	12 13 45 47	3	4	0
184	27 50 14 11	2	-1	0
185	3 22 31 21	1	-1	0
186	2 27 24 28	1	-1	0
187	43 45 39 12	2	-1	0
188	34 29 35 4	2	-1	0
189	21 35 46 10	2	-1	0
190	30 18 19 14	2	-1	0
191	7 44 26 16	2	-1	0
192	2 24 5 14	1	-1	0
193	40 14 23 35	2	-1	0
194	50 32 10 14	2	-1	0
195	27 20 30 9	4	3	0
196	17 5 48 29	2	-1	0
197	3 19 41 38	1	-1	0
198	2 32 21 28	1	-1	0
199	23 11 6 31	2	-1	0
200	29 19 37 42	4	4	0
201	41 21 25 8	2	-1	0
202	23 25 43 33	4	1	0
203	39 40 15 43	4	1	0
204	46 24 8 14	4	5	0
205	41 42 26 36	2	-1	0
206	6 18 12 46	3	5	0
207	28 25 22 7	3	1	0
208	44 49 36 25	2	-1	0
209	21 33 44 29	2	-1	0
210	11 45 35 33	4	2	0
211	22 4 5 40	3	4	0
212	19 4 15 34	4	2	0
213	28 12 49 37	2	-1	0
214	14 6 43 20	2	-1	0
215	35 19 33 6	2	-1	0
216	2 39 30 48	1	-1	0
217	11 28 35 40	4	5	0
218	9 34 50 28	4	3	0
219	1 8 32 7	1	-1	0
220	19 12 18 24	4	2	0
221	38 8 17 24	3	1	0
222	23 46 9 50	2	-1	0
223	27 19 6 50	2	-1	0
224	2 36 50 13	1	-1	0
225	3 11 4 41	1	-1	0
226	15 8 44 32	2	-1	0
227	2 4 27 38	1	-1	0
228	1 13 45 34	1	-1	0
229	21 40 18 14	3	1	0
230	34 5 22 41	2	-1	0
231	28 4 40 9	2	-1	0
232	17 43 44 27	2	-1	0
233	2 10 19 40	1	-1	0
234	18 20 33 25	2	-1	0
235	2 27 45 49	1	-1	0
236	50 43 15 19	4	3	0
237	2 39 21 19	1	-1	0
238	3 12 31 29	1	-1	0
239	1 11 17 15	1	-1	0
240	33 40 27 22	4	3	0
241	3 31 47 26	1	-1	0
242	20 19 31 5	4	1	0
243	37 32 7 38	4	1	0
244	3 19 4 33	1	-1	0
245	2 15 30 50	1	-1	0
246	21 8 42 43	2	-1	0
247	47 5 34 13	3	1	0
248	31 13 20 21	2	-1	0
249	2 5 4 36	1	-1	0
250	36 14 29 40	3	1	0
251	2 43 29 47	1	-1	0
252	6 10 16 44	4	2	0
253	46 50 28 20	2	-1	0
254	4 12 33 42	3	2	0
255	30 49 9 39	2	-1	0
256	26 21 40 5	3	4	0
257	2 17 12 23	1	-1	0
258	1 15 20 6	1	-1	0
259	49 26 15 8	3	3	0
260	3 5 23 33	1	-1	0
261	9 50 4 44	4	2	0
262	32 29 12 9	4	2	0
263	45 12 40 33	3	2	0
264	11 19 21 6	2	-1	0
265	14 10 28 33	2	-1	0
266	3 37 42 19	1	-1	0
267	28 14 17 25	4	3	1
268	2 26 42 32	1	-1	0
269	26 34 12 14	4	1	0
270	50 15 48 29	2	-1	0
271	33 5 30 17	2	-1	0
272	47 11 6 35	2	-1	0
273	2 37 48 13	1	-1	0
274	28 38 10 31	4	5	0
275	16 32 49 24	2	-1	0
276	49 12 23 6	2	-1	0
277	36 29 40 19	3	3	0
278	2 31 32 16	1	-1	0
279	42 29 4 32	4	3	0
280	1 27 5 18	1	-1	0
281	11 49 38 23	4	2	0
282	16 43 34 46	4	5	0
283	2 34 15 38	1	-1	0
284	24 33 25 28	3	2	0
285	2 31 10 20	1	-1	0
286	2 26 45 33	1	-1	0
287	1 39 42 45	1	-1	0
288	2 37 17 30	1	-1	0
289	42 11 16 46	2	-1	0
290	24 48 43 19	2	-1	0
291	3 37 28 10	1	-1	0
292	4 36 8 7	2	-1	0
293	2 47 48 33	1	-1	0
294	24 7 5 37	3	3	0
295	45 38 20 13	2	-1	0
296	36 15 44 19	2	-1	0
297	36 34 38 15	4	3	0
298	18 20 28 46	4	5	0
299	6 34 43 17	3	2	0
300	43 20 27 25	2	-1	0
301	7 50 36 44	2	-1	0
302	30 28 47 9	4	3	0
303	8 37 5 43	2	-1	0
304	1 49 32 43	1	-1	0
305	11 10 30 43	3	2	0
306	45 30 42 14	2	-1	0
307	32 40 25 50	2	-1	0
308	18 31 12 32	3	2	0
309	50 20 42 11	4	1	0
310	20 23 15 32	3	4	0
311	14 30 41 21	2	-1	0
312	47 35 44 22	2	-1	0
313	3 5 42 49	1	-1	0
314	2 6 45 5	1	-1	0
315	3 7 25 30	1	-1	0
316	16 26 17 7	4	1	0
317	29 18 50 33	3	2	0
318	3 37 35 43	1	-1	0
319	1 29 40 43	1	-1	0
320	2 31 37 7	1	-1	0
321	39 42 50 19	2	-1	0
322	2 43 4 30	1	-1	0
323	37 18 10 48	4	2	0
324	25 36 42 45	3	2	0
325	41 46 36 39	2	-1	0
326	42 44 40 17	4	1	0
327	36 42 32 21	2	-1	0
328	48 25 22 38	4	5	0
329	2 44 30 36	1	-1	0
330	45 40 17 47	3	2	0
331	1 8 27 32	1	-1	0
332	42 41 21 25	4	2	0
333	8 18 14 39	4	2	0
334	1 10 37 30	1	-1	0
335	5 25 32 36	4	4	0
336	34 49 48 31	3	5	0
337	8 4 46 37	3	4	1
338	3 10 23 29	1	-1	0
339	41 21 46 28	3	4	0
340	3 47 5 9	1	-1	0
341	38 13 17 23	3	1	0
342	2 5 19 25	1	-1	0
343	1 34 15 44	1	-1	0
344	6 22 42 18	4	1	0
345	14 7 22 44	2	-1	0
346	1 38 43 30	1	-1	0
347	2 36 35 29	1	-1	0
348	13 5 7 31	4	2	0
349	3 32 8 48	1	-1	0
350	2 13 10 34	1	-1	0
351	24 47 12 14	3	5	0
352	6 46 22 21	4	2	0
353	1 47 21 10	1	-1	0
354	31 40 10 44	3	4	0
355	50 13 36 8	2	-1	0
356	48 8 17 35	4	3	0
357	2 33 32 26	1	-1	0
358	35 5 4 13	4	4	0
359	3 23 5 39	1	-1	0
360	38 4 6 35	3	2	0
361	14 34 44 43	4	4	0
362	1 38 24 30	1	-1	0
363	30 10 9 27	4	3	0
364	18 20 42 29	4	4	0
365	41 15 33 17	2	-1	0
366	18 50 13 16	2	-1	1
367	1 43 13 34	1	-1	0
368	2 15 6 34	1	-1	0
369	1 37 10 50	1	-1	0
370	2 15 44 17	1	-1	0
371	48 41 34 33	3	3	0
372	3 26 29 17	1	-1	0
373	1 14 50 16	1	-1	0
374	3 27 6 7	1	-1	0
375	7 27 23 22	2	-1	0
376	13 31 27 39	2	-1	0
377	7 6 16 32	4	3	0
378	46 30 19 36	2	-1	0
379	2 13 27 36	1	-1	0
380	2 9 7 12	1	-1	0
381	3 21 48 44	1	-1	0
382	43 38 24 40	3	5	0
383	31 29 48 22	4	2	0
384	48 28 27 46	4	2	0
385	10 38 11 49	4	5	0
386	38 48 36 45	2	-1	0
387	16 48 4 9	2	-1	0
388	3 12 19 32	1	-1	0
389	46 45 20 50	4	3	0
390	15 22 43 20	4	4	0
391	14 33 12 37	4	2	0
392	2 4 24 39	1	-1	0
393	6 46 35 18	3	1	0
394	35 39 32 47	4	3	0
395	2 35 6 30	1	-1	0
396	1 26 18 40	1	-1	0
397	29 41 7 28	2	-1	0
398	2 48 32 18	1	-1	0
399	14 20 49 50	2	-1	0
400	23 42 11 7	4	1	0
401	50 12 18 7	3	5	0
402	23 21 31 16	3	1	0
403	25 12 14 33	2	-1	0
404	3 23 18 34	1	-1	0
405	16 28 4 29	4	3	0
406	42 20 38 30	4	5	0
407	20 27 29 8	3	3	0
408	41 21 17 15	4	1	1
409	27 37 35 19	3	3	0
410	3 18 46 41	1	-1	0
411	27 34 41 10	3	5	0
412	50 35 24 47	4	5	0
413	2 46 25 29	1	-1	0
414	28 39 16 50	2	-1	0
415	28 18 6 34	2	-1	0
416	1 35 6 46	1	-1	0
417	3 50 23 38	1	-1	0
418	17 24 5 35	2	-1	0
419	30 4 23 21	2	-1	0
420	43 28 30 21	3	3	0
421	26 46 15 20	2	-1	0
422	37 36 15 21	4	2	0
423	11 6 24 34	4	5	0
424	30 27 44 48	4	4	0
425	1 17 45 19	1	-1	0
426	1 31 6 29	1	-1	0
427	3 6 45 43	1	-1	0
428	12 43 8 28	4	1	0
429	47 20 37 9	3	1	0
430	2 43 25 48	1	-1	0
431	44 15 6 7	2	-1	0
432	25 15 48 36	2	-1	0
433	1 32 33 21	1	-1	0
434	44 20 45 26	2	-1	0
435	2 15 47 36	1	-1	0
436	6 15 14 38	4	5	0
437	30 29 18 44	2	-1	0
438	42 43 21 9	4	5	0
439	2 11 45 21	1	-1	0
440	1 48 27 34	1	-1	0
441	18 32 20 27	3	1	0
442	8 11 50 28	4	3	0
443	14 46 12 31	3	5	0
444	1 38 46 50	1	-1	0
445	11 5 42 21	4	3	0
446	3 36 20 14	1	-1	0
447	50 6 45 47	4	3	0
448	25 32 22 41	3	5	0
449	25 42 48 22	4	1	0
450	1 14 40 24	1	-1	0
451	7 43 4 8	2	-1	0
452	2 19 45 28	1	-1	0
453	2 25 38 46	1	-1	0
454	2 17 35 26	1	-1	1
455	23 32 47 12	3	2	0
456	43 11 13 15	2	-1	0
457	1 29 44 13	1	-1	0
458	33 16 45 12	4	4	0
459	16 50 24 21	3	2	0
460	23 5 24 48	3	5	0
461	11 43 5 12	4	4	0
462	16 34 11 47	2	-1	0
463	3 10 40 45	1	-1	0
464	17 21 6 10	4	5	0
465	2 31 6 14	1	-1	0
466	26 11 48 12	2	-1	0
467	39 17 49 41	4	5	0
468	15 47 30 24	2	-1	0
469	15 38 30 7	3	4	0
470	42 36 6 33	4	3	0
471	16 25 26 4	2	-1	0
472	39 29 45 30	3	4	0
473	26 32 16 23	2	-1	0
474	3 11 28 41	1	-1	0
475	9 25 44 34	3	1	0
476	46 23 29 25	2	-1	0
477	3 22 48 18	1	-1	0
478	3 35 33 7	1	-1	0
479	5 23 26 32	3	3	0
480	12 42 41 37	4	5	0
481	2 40 9 45	1	-1	0
482	19 47 7 27	3	5	0
483	45 13 22 46	4	1	0
484	46 28 7 41	3	5	0
485	21 26 41 37	2	-1	0
486	36 15 47 5	4	5	0
487	48 11 35 47	3	1	0
488	27 8 35 15	3	3	0
489	39 45 50 19	3	1	0
490	46 31 9 21	3	2	0
491	1 48 21 45	1	-1	0
492	1 5 10 31	1	-1	0
493	15 10 46 22	2	-1	0
494	22 40 11 23	2	-1	0
495	33 12 21 15	3	5	0
496	5 18 7 25	4	4	0
497	19 16 28 30	4	1	0
498	2 17 16 43	1	-1	0
499	37 42 47 14	3	4	0
500	5 24 34 15	4	5	0
