Students	500
1	20 11 8 7	4	3	0
2	13 11 14 7	3	1	0
3	20 5 16 19	2	-1	0
4	1 20 10 16	1	-1	0
5	13 15 6 7	2	-1	0
6	3 7 5 6	2	-1	0
7	1 6 2 10	1	-1	0
8	20 15 6 3	2	-1	0
9	19 15 17 20	2	-1	0
10	15 2 20 3	2	-1	0
11	19 9 12 14	4	4	0
12	2 18 7 17	3	1	0
13	5 19 16 20	4	1	0
14	1 5 9 4	1	-1	0
15	18 4 7 19	2	-1	0
16	6 9 19 4	4	2	0
17	19 6 4 5	3	4	0
18	8 16 10 4	2	-1	0
19	19 18 2 5	3	2	0
20	15 16 2 17	4	3	0
21	15 19 10 11	2	-1	0
22	16 15 4 20	3	4	0
23	4 9 7 20	3	3	0
24	2 9 6 13	3	1	0
25	17 16 3 19	2	-1	0
26	8 6 20 12	4	1	0
27	17 7 14 18	4	2	0
28	10 17 12 4	4	3	0
29	3 17 8 4	3	4	0
30	12 3 16 5	4	2	0
31	1 16 5 20	1	-1	0
32	5 13 15 6	4	3	0
33	8 2 5 18	4	2	0
34	2 6 16 9	4	1	0
35	17 18 2 7	3	1	0
36	1 11 4 13	1	-1	0
37	15 9 2 13	2	-1	0
38	10 17 5 9	2	-1	0
39	10 7 14 9	4	3	0
40	13 3 11 9	2	-1	0
41	20 17 19 14	3	1	0
42	12 5 18 16	3	1	0
43	4 17 10 5	4	4	0
44	13 11 18 19	3	3	0
45	19 4 18 14	2	-1	0
46	1 5 16 17	1	-1	0
47	1 7 5 6	1	-1	0
48	1 9 8 7	1	-1	0
49	6 18 17 4	2	-1	0
50	1 6 20 17	1	-1	0
51	17 6 8 10	4	1	0
52	7 4 6 17	3	1	0
53	9 8 20 5	2	-1	0
54	18 20 14 12	3	2	0
55	6 9 18 3	2	-1	0
56	18 5 20 4	4	1	0
57	13 12 20 10	4	4	0
58	1 7 2 20	1	-1	0
59	17 20 3 8	3	3	0
60	1 4 19 2	1	-1	0
61	13 14 5 18	2	-1	0
62	8 4 11 12	2	-1	0
63	19 2 5 13	4	2	0
64	5 9 14 20	4	3	0
65	1 14 12 5	1	-1	0
66	3 12 6 11	4	4	0
67	16 3 5 6	4	4	0
68	16 2 5 18	3	2	0
69	1 6 14 3	1	-1	0
70	4 13 18 12	2	-1	0
71	1 4 3 8	1	-1	0
72	6 10 19 2	4	3	0
73	5 11 8 20	2	-1	0
74	15 3 10 6	2	-1	0
75	10 8 11 4	2	-1	0
76	1 9 2 7	1	-1	0
77	1 10 9 7	1	-1	0
78	1 12 6 16	1	-1	0
79	1 9 3 14	1	-1	0
80	8 4 9 3	4	3	0
81	1 7 15 11	1	-1	0
82	1 16 18 14	1	-1	0
83	16 5 2 14	3	4	0
84	17 12 10 9	4	4	0
85	15 16 4 8	3	4	0
86	1 14 5 10	1	-1	0
87	7 6 3 8	2	-1	0
88	18 7 8 19	2	-1	0
89	1 20 5 11	1	-1	0
90	1 3 8 20	1	-1	0
91	16 17 14 19	3	2	0
92	16 19 5 9	4	2	0
93	16 4 19 2	4	4	0
94	9 13 14 17	2	-1	0
95	13 8 11 16	4	4	0
96	12 17 18 20	2	-1	0
97	13 6 18 19	3	1	0
98	9 19 6 18	4	2	0
99	1 7 16 18	1	-1	0
100	8 5 7 10	3	3	0
101	18 12 17 15	3	3	0
102	13 19 9 8	4	4	0
103	18 7 16 14	3	3	0
104	11 6 17 13	3	1	0
105	1 12 15 4	1	-1	0
106	1 16 4 2	1	-1	0
107	9 13 4 19	4	1	0
108	15 4 11 20	2	-1	0
109	1 8 9 20	1	-1	0
110	7 3 5 10	3	3	0
111	11 8 13 12	3	2	0
112	15 10 12 19	2	-1	0
113	5 18 11 14	3	4	0
114	15 13 8 11	2	-1	0
115	1 14 18 8	1	-1	0
116	16 3 6 9	4	2	0
117	4 11 9 3	4	4	0
118	16 5 11 17	4	4	0
119	8 17 9 16	3	1	0
120	4 18 15 19	3	3	0
121	2 7 19 20	4	2	0
122	1 8 13 5	1	-1	0
123	10 11 2 4	4	1	0
124	1 18 13 10	1	-1	0
125	14 20 17 13	4	3	0
126	10 7 8 15	4	3	0
127	1 5 18 11	1	-1	0
128	7 19 18 8	3	3	0
129	1 11 14 19	1	-1	0
130	2 9 4 17	3	3	0
131	2 18 8 4	2	-1	0
132	9 14 3 17	4	1	0
133	15 4 3 20	2	-1	0
134	3 8 15 19	4	2	0
135	11 16 3 12	4	2	0
136	8 16 17 15	4	4	0
137	1 14 18 16	1	-1	0
138	2 17 16 20	4	1	0
139	15 18 2 7	4	3	0
140	16 17 19 8	2	-1	0
141	13 14 17 5	3	4	0
142	1 20 11 14	1	-1	0
143	20 5 9 18	4	3	0
144	13 18 7 12	2	-1	0
145	12 17 9 19	2	-1	0
146	6 14 13 7	2	-1	0
147	19 16 4 5	4	3	0
148	1 19 7 5	1	-1	0
149	14 2 4 12	3	3	0
150	11 18 15 17	2	-1	0
151	9 11 10 14	3	4	0
152	4 12 9 15	4	4	0
153	5 6 20 19	2	-1	0
154	2 15 12 14	4	2	0
155	13 15 11 19	3	3	0
156	12 8 4 10	4	4	0
157	1 19 20 17	1	-1	0
158	15 13 8 7	3	1	0
159	2 11 4 15	2	-1	0
160	20 8 18 6	3	4	0
161	1 12 19 2	1	-1	0
162	20 17 15 7	2	-1	0
163	10 17 11 15	3	2	0
164	11 14 5 13	4	3	0
165	19 15 10 6	3	2	0
166	1 2 14 18	1	-1	0
167	8 7 6 3	4	2	0
168	14 20 15 19	3	2	0
169	16 5 3 11	3	2	0
170	18 3 4 2	4	4	0
171	17 19 7 6	4	1	0
172	1 8 12 20	1	-1	0
173	3 6 12 16	2	-1	0
174	18 19 9 8	3	4	0
175	18 4 14 20	3	4	0
176	4 10 12 6	2	-1	0
177	19 12 20 4	3	3	0
178	7 11 10 18	4	2	0
179	1 9 4 20	1	-1	0
180	9 7 6 12	4	4	0
181	1 16 14 12	1	-1	0
182	7 2 10 8	4	3	0
183	20 12 16 9	2	-1	0
184	11 2 3 7	2	-1	0
185	10 18 6 19	4	1	0
186	1 16 12 9	1	-1	0
187	1 2 19 4	1	-1	0
188	3 14 5 15	4	1	1
189	2 7 13 20	4	4	0
190	7 15 20 4	2	-1	0
191	12 20 5 19	2	-1	0
192	18 19 6 12	4	1	0
193	6 8 19 3	2	-1	0
194	5 3 13 4	4	4	0
195	6 5 8 9	3	2	0
196	18 10 12 4	2	-1	0
197	14 18 16 7	3	1	0
198	1 17 11 5	1	-1	0
199	14 4 6 3	3	2	0
200	20 19 15 2	4	1	0
201	17 2 5 8	4	1	0
202	1 11 6 7	1	-1	0
203	1 11 9 20	1	-1	0
204	12 16 7 11	4	4	0
205	1 3 6 13	1	-1	0
206	7 18 9 20	3	2	0
207	16 5 10 12	4	2	0
208	13 20 16 19	2	-1	0
209	14 20 3 11	2	-1	0
210	20 4 18 17	2	-1	0
211	4 14 11 16	2	-1	0
212	1 20 19 2	1	-1	0
213	7 11 14 13	4	4	0
214	5 15 4 7	4	1	0
215	4 12 5 19	3	4	0
216	11 17 14 6	2	-1	0
217	6 16 7 18	3	3	0
218	16 12 3 4	4	2	0
219	6 14 2 18	2	-1	0
220	1 3 13 11	1	-1	0
221	4 16 20 18	3	4	0
222	10 3 8 4	2	-1	0
223	6 11 10 8	4	1	0
224	1 4 19 17	1	-1	0
225	16 18 6 4	3	4	0
226	9 3 12 11	4	3	0
227	4 5 10 13	4	3	0
228	2 9 11 19	4	4	0
229	5 6 4 19	2	-1	0
230	1 11 3 8	1	-1	0
231	3 5 17 8	2	-1	0
232	2 15 16 13	2	-1	0
233	11 7 5 10	2	-1	0
234	13 19 18 3	2	-1	0
235	15 3 16 5	3	1	0
236	4 14 18 9	4	1	0
237	18 13 9 20	2	-1	0
238	2 3 16 17	2	-1	0
239	9 11 15 4	3	4	0
240	5 17 18 19	3	3	0
241	5 18 13 17	3	2	0
242	15 4 17 10	3	3	0
243	4 14 9 15	2	-1	0
244	1 17 12 15	1	-1	0
245	15 10 8 19	2	-1	0
246	1 8 15 17	1	-1	1
247	1 18 16 11	1	-1	0
248	1 4 5 6	1	-1	0
249	17 19 8 3	3	4	0
250	6 19 7 13	4	3	0
251	4 8 6 7	2	-1	0
252	15 2 4 18	2	-1	0
253	3 19 17 6	4	3	0
254	16 8 3 10	3	1	0
255	1 18 10 11	1	-1	0
256	1 12 8 19	1	-1	0
257	1 2 10 19	1	-1	0
258	19 18 14 17	3	1	0
259	20 12 11 16	4	3	0
260	1 3 16 4	1	-1	0
261	19 13 17 16	3	1	0
262	10 12 13 9	2	-1	0
263	14 13 18 16	4	3	0
264	1 12 2 14	1	-1	0
265	1 17 20 18	1	-1	0
266	1 14 11 17	1	-1	0
267	8 20 17 5	4	3	0
268	5 8 16 10	3	1	0
269	14 4 19 18	4	1	0
270	1 5 11 12	1	-1	0
271	4 14 13 17	4	3	0
272	1 6 4 20	1	-1	0
273	16 10 9 11	4	3	0
274	1 13 10 8	1	-1	0
275	1 5 11 12	1	-1	0
276	1 20 11 14	1	-1	0
277	1 4 20 7	1	-1	0
278	19 4 12 16	4	1	0
279	9 16 13 11	2	-1	0
280	17 11 15 2	3	1	0
281	1 16 14 2	1	-1	0
282	17 20 4 11	2	-1	0
283	13 4 19 17	3	2	0
284	16 18 20 13	4	1	0
285	15 4 18 12	3	2	0
286	4 16 6 14	3	1	0
287	17 6 9 20	3	4	0
288	18 4 19 20	2	-1	0
289	20 4 8 5	3	4	0
290	20 9 7 13	4	2	0
291	8 15 4 10	2	-1	0
292	14 13 20 5	2	-1	0
293	15 8 3 2	3	4	0
294	1 9 6 13	1	-1	0
295	1 13 14 18	1	-1	0
296	1 18 19 13	1	-1	0
297	10 8 15 6	4	1	0
298	1 15 12 18	1	-1	0
299	9 12 13 14	3	4	0
300	4 20 10 14	3	2	0
301	6 18 5 16	2	-1	0
302	19 7 6 10	2	-1	0
303	1 14 5 10	1	-1	0
304	9 17 7 13	4	3	0
305	17 9 7 4	3	2	0
306	2 8 17 10	4	1	0
307	15 8 7 5	2	-1	0
308	7 4 13 18	2	-1	0
309	3 19 4 16	3	1	0
310	15 16 10 9	4	2	0
311	11 20 16 8	4	1	0
312	1 8 2 12	1	-1	0
313	16 6 17 3	3	3	1
314	20 19 14 9	4	4	0
315	3 5 18 20	4	4	0
316	6 13 12 7	2	-1	0
317	16 5 2 8	4	2	0
318	16 6 8 13	4	4	0
319	17 19 7 6	3	3	0
320	1 20 5 16	1	-1	0
321	1 19 8 6	1	-1	0
322	12 3 17 19	2	-1	0
323	4 7 16 10	4	4	0
324	1 4 15 16	1	-1	0
325	1 3 10 14	1	-1	0
326	10 7 4 15	4	2	0
327	9 20 16 5	3	3	0
328	15 9 5 12	3	2	0
329	1 2 16 12	1	-1	0
330	4 2 11 9	4	1	0
331	18 17 19 7	2	-1	0
332	1 11 17 8	1	-1	0
333	13 2 9 8	3	1	0
334	12 4 13 16	4	4	0
335	1 4 5 7	1	-1	0
336	1 12 19 18	1	-1	0
337	1 12 11 19	1	-1	0
338	1 19 3 10	1	-1	0
339	1 15 9 18	1	-1	0
340	16 8 12 14	4	1	0
341	18 6 15 13	2	-1	0
342	3 18 8 6	2	-1	0
343	14 18 15 11	2	-1	0
344	1 20 19 16	1	-1	0
345	5 3 6 12	2	-1	0
346	5 3 10 4	3	1	0
347	11 20 12 8	3	2	0
348	1 17 16 7	1	-1	0
349	6 15 4 16	4	4	0
350	11 16 15 20	4	2	0
351	9 7 2 12	3	4	0
352	1 15 11 10	1	-1	0
353	16 18 6 4	3	2	0
354	16 2 4 19	4	4	0
355	6 14 16 4	3	1	0
356	8 17 16 9	4	3	0
357	1 8 14 19	1	-1	0
358	8 9 2 4	4	3	0
359	12 9 14 7	4	2	0
360	1 15 20 13	1	-1	0
361	6 18 16 19	4	2	0
362	1 14 15 18	1	-1	0
363	14 9 19 4	2	-1	0
364	1 20 13 6	1	-1	0
365	16 7 5 6	4	3	0
366	20 3 11 2	2	-1	0
367	19 6 18 20	2	-1	0
368	1 18 14 4	1	-1	0
369	4 18 14 9	3	1	0
370	15 10 16 4	3	3	0
371	16 14 2 6	2	-1	0
372	9 13 17 5	3	2	0
373	3 16 19 15	3	3	0
374	1 20 18 11	1	-1	0
375	9 13 8 3	3	2	0
376	14 9 18 3	3	4	0
377	11 12 5 7	4	3	0
378	1 19 11 20	1	-1	0
379	20 19 8 4	4	1	0
380	1 4 5 2	1	-1	0
381	15 6 8 5	2	-1	0
382	1 8 13 6	1	-1	0
383	19 16 4 11	3	4	0
384	6 14 4 9	3	2	0
385	1 14 5 17	1	-1	0
386	13 6 11 12	4	1	0
387	12 18 11 17	2	-1	0
388	8 14 10 19	4	1	0
389	1 7 13 17	1	-1	0
390	1 6 11 8	1	-1	0
391	12 15 2 6	2	-1	0
392	18 7 15 6	3	2	0
393	6 3 15 10	2	-1	0
394	18 11 2 4	4	1	0
395	2 8 9 3	4	3	0
396	20 10 12 17	2	-1	0
397	1 5 20 12	1	-1	0
398	15 6 3 18	2	-1	0
399	1 17 14 3	1	-1	0
400	1 17 4 12	1	-1	0
401	15 9 8 2	2	-1	0
402	6 3 11 15	4	3	0
403	18 16 7 2	4	3	0
404	1 17 12 2	1	-1	0
405	6 13 11 19	4	4	0
406	20 5 2 15	2	-1	0
407	12 15 20 19	2	-1	0
408	15 5 10 16	4	1	0
409	1 14 18 13	1	-1	0
410	2 19 10 12	3	3	0
411	3 11 10 17	3	1	0
412	17 3 19 14	4	3	0
413	15 8 6 4	3	4	0
414	3 11 6 10	4	1	0
415	17 7 15 13	2	-1	0
416	15 5 2 19	3	2	0
417	12 4 20 11	4	1	0
418	1 5 7 20	1	-1	0
419	3 15 10 16	4	2	0
420	4 16 5 12	3	1	0
421	20 19 12 6	3	2	0
422	15 13 5 16	3	1	0
423	7 3 11 13	2	-1	0
424	19 20 12 17	2	-1	0
425	5 11 19 12	4	3	0
426	3 2 14 15	4	2	0
427	3 10 14 7	4	2	0
428	4 6 11 20	2	-1	0
429	5 7 20 3	4	3	0
430	4 19 18 15	3	1	0
431	20 10 12 13	2	-1	0
432	5 11 20 7	4	1	0
433	6 2 16 15	3	3	0
434	5 7 17 15	3	1	0
435	8 19 10 9	4	1	0
436	9 10 7 4	4	4	0
437	7 3 12 15	2	-1	0
438	11 16 8 12	2	-1	0
439	16 17 2 18	4	3	0
440	13 16 17 3	4	1	0
441	10 4 13 18	2	-1	0
442	2 9 6 15	2	-1	0
443	1 19 7 4	1	-1	0
444	2 11 17 5	3	3	0
445	1 9 5 16	1	-1	0
446	3 17 10 18	3	2	0
447	20 7 12 3	4	4	0
448	8 12 20 7	4	1	0
449	11 2 14 17	4	2	0
450	1 14 2 19	1	-1	0
451	3 5 19 14	4	3	0
452	8 5 9 2	2	-1	0
453	1 15 2 19	1	-1	0
454	1 9 2 5	1	-1	0
455	1 15 18 12	1	-1	0
456	1 20 16 7	1	-1	0
457	6 18 5 12	2	-1	0
458	15 19 9 7	4	3	0
459	1 18 16 14	1	-1	0
460	14 5 12 19	3	2	0
461	9 16 2 3	3	1	0
462	9 15 18 20	4	1	0
463	12 16 15 2	3	3	0
464	1 6 10 20	1	-1	0
465	1 9 17 14	1	-1	0
466	1 20 9 17	1	-1	0
467	12 18 6 17	2	-1	0
468	6 15 4 20	4	2	0
469	14 9 6 5	2	-1	0
470	13 17 20 6	4	2	0
471	1 14 17 8	1	-1	0
472	9 4 16 7	4	4	0
473	17 18 3 5	3	3	0
474	13 2 11 1	3	2	0
475	13 20 14 11	3	1	0
476	9 2 4 6	3	3	0
477	6 3 7 13	2	-1	0
478	11 6 12 8	3	3	0
479	2 4 7 14	3	4	0
480	19 16 4 17	3	4	0
481	19 20 16 2	2	-1	0
482	5 18 2 17	2	-1	0
483	17 10 7 13	3	1	0
484	15 6 10 20	4	3	0
485	17 10 18 8	4	2	0
486	1 16 17 11	1	-1	0
487	1 18 14 6	1	-1	0
488	1 20 13 8	1	-1	0
489	2 17 9 15	4	3	0
490	12 9 6 19	2	-1	0
491	7 8 3 20	2	-1	0
492	5 7 13 9	4	3	0
493	20 14 18 2	3	1	0
494	15 16 10 8	2	-1	0
495	11 8 9 6	2	-1	0
496	13 2 12 20	4	1	0
497	1 20 14 17	1	-1	0
498	13 15 6 3	4	2	0
499	1 7 4 16	1	-1	0
500	8 7 20 13	3	4	0
