Students	500
1	1 14 5 6	1	-1	0
2	1 17 14 18	1	-1	1
3	1 4 20 9	1	-1	0
4	16 17 3 8	2	-1	0
5	7 19 12 11	4	1	0
6	1 6 16 3	1	-1	0
7	1 7 4 2	1	-1	0
8	12 7 3 9	3	4	0
9	8 2 11 10	4	1	0
10	12 4 10 7	3	3	0
11	1 18 15 3	1	-1	0
12	19 10 7 9	4	2	0
13	20 19 9 11	3	3	0
14	1 2 4 10	1	-1	0
15	2 19 16 7	2	-1	0
16	16 18 6 12	2	-1	1
17	9 6 13 12	3	3	0
18	14 10 19 9	4	1	0
19	5 9 4 1	3	2	0
20	4 8 16 11	2	-1	1
21	9 6 13 17	3	3	0
22	13 17 9 4	2	-1	0
23	6 16 18 3	4	1	0
24	19 14 17 12	2	-1	0
25	14 11 16 9	4	1	0
26	16 5 6 14	3	2	0
27	1 17 20 9	1	-1	0
28	2 9 8 7	2	-1	0
29	12 20 13 9	4	4	0
30	8 20 15 13	3	2	0
31	1 12 17 5	1	-1	0
32	3 4 9 7	4	1	0
33	6 7 18 3	3	3	0
34	19 17 20 5	3	2	0
35	7 5 19 11	4	1	0
36	16 7 2 10	2	-1	0
37	17 13 8 6	3	3	0
38	15 5 13 17	2	-1	0
39	9 7 20 5	3	4	0
40	17 18 1 19	2	-1	0
41	9 17 7 18	2	-1	0
42	1 11 19 4	1	-1	0
43	2 19 15 3	4	4	0
44	8 14 20 9	3	3	0
45	16 8 15 14	4	4	0
46	1 18 11 10	1	-1	0
47	11 17 15 4	4	1	0
48	5 13 2 11	3	2	0
49	8 9 11 5	4	2	0
50	1 3 12 20	1	-1	0
51	8 3 5 2	4	3	0
52	2 8 3 6	2	-1	0
53	15 17 18 5	3	3	0
54	18 10 11 15	4	1	0
55	6 19 13 12	2	-1	0
56	5 18 19 11	2	-1	0
57	4 2 11 20	3	1	0
58	1 12 17 6	1	-1	0
59	16 10 3 6	4	3	0
60	1 5 13 8	1	-1	0
61	7 11 2 5	4	3	0
62	1 5 10 17	1	-1	0
63	1 16 4 13	1	-1	0
64	1 13 20 3	1	-1	0
65	1 10 15 18	1	-1	0
66	1 17 15 9	1	-1	0
67	11 16 17 3	4	3	0
68	1 20 18 6	1	-1	0
69	1 20 2 11	1	-1	0
70	16 8 17 19	4	2	0
71	15 19 13 11	4	4	0
72	18 17 15 2	3	2	0
73	1 12 18 7	1	-1	0
74	1 15 10 3	1	-1	0
75	1 6 4 7	1	-1	0
76	14 11 15 7	2	-1	0
77	1 10 6 8	1	-1	0
78	16 3 17 13	2	-1	0
79	1 20 5 19	1	-1	0
80	1 11 5 6	1	-1	0
81	11 4 13 8	2	-1	0
82	16 8 19 13	3	2	0
83	1 15 11 18	1	-1	0
84	13 9 5 7	2	-1	0
85	6 16 3 18	2	-1	0
86	2 19 17 3	4	1	0
87	11 20 14 10	2	-1	0
88	5 19 8 20	3	2	0
89	12 18 4 3	2	-1	0
90	8 3 18 16	4	2	0
91	13 7 12 4	4	4	0
92	3 9 16 13	3	2	0
93	6 11 2 16	4	2	0
94	16 10 6 8	2	-1	0
95	20 13 19 9	3	3	0
96	14 17 5 19	3	3	0
97	6 3 4 5	3	4	0
98	5 16 15 13	3	4	0
99	5 10 2 19	3	2	0
100	7 2 16 20	4	1	0
101	3 6 17 12	2	-1	0
102	1 3 15 6	1	-1	0
103	4 18 20 2	3	1	0
104	9 18 16 4	3	4	0
105	18 17 14 20	2	-1	0
106	1 18 7 17	1	-1	0
107	20 15 18 5	2	-1	0
108	1 3 18 12	1	-1	0
109	12 5 4 7	4	4	0
110	14 15 6 10	4	3	0
111	9 5 16 2	3	2	0
112	8 15 3 7	4	2	0
113	6 5 3 17	2	-1	0
114	5 6 12 16	2	-1	0
115	15 2 14 4	4	4	0
116	6 13 17 18	4	1	0
117	1 4 20 19	1	-1	0
118	13 19 15 2	3	1	0
119	1 19 5 6	1	-1	0
120	15 9 18 16	4	3	0
121	5 2 16 13	4	1	0
122	6 20 11 5	3	3	0
123	6 16 4 15	4	4	0
124	1 5 11 10	1	-1	0
125	10 16 3 18	3	1	0
126	6 10 17 19	4	2	0
127	14 6 18 9	3	2	0
128	4 10 8 13	2	-1	0
129	4 3 17 7	4	3	0
130	9 6 19 5	4	1	0
131	1 7 17 20	1	-1	0
132	7 10 15 18	2	-1	0
133	1 2 15 18	1	-1	0
134	13 16 15 9	4	4	0
135	13 4 8 15	2	-1	0
136	8 17 6 15	2	-1	0
137	1 11 5 18	1	-1	0
138	4 3 9 6	2	-1	0
139	1 2 20 10	1	-1	0
140	12 15 14 10	3	1	0
141	17 3 7 15	4	1	0
142	7 3 10 13	4	1	0
143	15 11 8 9	3	4	0
144	11 2 20 10	4	1	0
145	1 19 7 11	1	-1	0
146	1 19 20 13	1	-1	0
147	1 15 10 7	1	-1	0
148	3 20 11 12	4	1	0
149	5 9 19 20	2	-1	0
150	1 5 6 20	1	-1	0
151	20 17 11 8	4	1	0
152	5 15 2 14	3	1	0
153	5 15 10 6	2	-1	0
154	9 4 15 3	4	4	0
155	4 16 13 19	2	-1	0
156	2 4 6 17	2	-1	0
157	17 8 20 18	3	2	0
158	3 14 9 4	2	-1	0
159	16 9 12 4	4	1	0
160	7 9 13 5	2	-1	0
161	8 14 7 6	4	2	0
162	5 2 19 8	2	-1	0
163	5 11 13 9	2	-1	0
164	1 6 12 7	1	-1	0
165	19 10 6 9	4	2	0
166	1 2 19 13	1	-1	0
167	9 16 2 20	4	2	0
168	9 10 17 8	4	1	0
169	1 20 10 2	1	-1	0
170	6 3 18 16	4	4	0
171	9 18 15 11	2	-1	0
172	1 9 7 16	1	-1	0
173	5 20 9 14	3	3	0
174	10 3 5 9	4	3	0
175	1 9 15 5	1	-1	0
176	19 4 17 2	3	1	0
177	10 11 18 2	2	-1	1
178	1 8 2 9	1	-1	0
179	14 3 13 12	2	-1	0
180	6 3 4 14	2	-1	0
181	14 19 18 13	4	3	0
182	20 14 12 9	3	3	0
183	1 11 7 2	1	-1	0
184	18 5 16 11	2	-1	0
185	6 11 18 3	3	3	0
186	1 8 19 3	1	-1	0
187	7 18 14 10	4	3	0
188	1 4 17 20	1	-1	0
189	12 9 17 18	2	-1	0
190	10 17 7 19	4	4	0
191	1 8 5 11	1	-1	0
192	3 17 6 2	2	-1	0
193	4 7 16 13	4	3	0
194	15 16 8 6	2	-1	0
195	12 15 11 14	4	1	0
196	10 13 5 14	4	1	0
197	14 5 16 3	4	3	0
198	19 14 15 2	2	-1	0
199	8 5 10 18	3	1	0
200	13 19 12 6	3	2	0
201	15 8 6 16	3	4	0
202	1 18 10 7	1	-1	0
203	6 5 19 10	4	1	0
204	6 15 4 11	2	-1	0
205	19 9 5 6	2	-1	0
206	1 17 10 16	1	-1	0
207	1 9 10 12	1	-1	0
208	1 6 11 10	1	-1	0
209	1 14 17 20	1	-1	0
210	16 4 15 19	3	3	0
211	1 11 2 6	1	-1	0
212	4 16 13 15	4	3	0
213	1 20 14 10	1	-1	0
214	2 7 4 14	2	-1	0
215	12 9 10 20	3	4	0
216	12 14 7 5	2	-1	0
217	19 7 8 2	3	3	0
218	18 10 17 14	3	2	0
219	16 15 8 10	3	3	0
220	6 3 14 20	2	-1	0
221	2 16 15 14	3	4	0
222	6 13 20 3	2	-1	0
223	5 9 13 11	4	3	0
224	2 3 16 10	4	1	0
225	1 19 9 7	1	-1	0
226	1 5 12 8	1	-1	0
227	1 9 18 16	1	-1	0
228	1 15 12 13	1	-1	0
229	6 20 17 3	4	3	0
230	7 19 9 20	2	-1	0
231	15 14 7 12	4	1	0
232	1 6 9 2	1	-1	0
233	1 17 10 6	1	-1	0
234	15 12 17 7	2	-1	0
235	3 8 5 6	2	-1	0
236	12 19 11 3	2	-1	0
237	4 6 3 13	3	2	0
238	18 8 17 4	4	2	0
239	7 4 11 2	4	2	0
240	1 14 2 6	1	-1	0
241	5 12 20 10	3	4	0
242	13 12 7 2	2	-1	0
243	1 5 11 20	1	-1	0
244	9 5 13 16	3	3	0
245	1 2 15 11	1	-1	0
246	1 13 3 4	1	-1	0
247	3 5 9 17	3	2	0
248	7 6 8 16	4	1	0
249	6 12 3 5	4	2	0
250	9 8 3 14	2	-1	0
251	1 9 12 7	1	-1	0
252	8 19 3 14	4	3	0
253	17 13 14 6	3	1	0
254	2 6 15 11	3	4	0
255	1 20 16 7	1	-1	0
256	19 13 20 3	2	-1	0
257	9 18 6 16	2	-1	0
258	12 7 18 14	4	1	0
259	12 11 14 10	3	3	0
260	8 3 14 17	2	-1	0
261	15 4 8 2	4	3	0
262	11 17 3 20	2	-1	0
263	4 9 8 7	4	2	0
264	14 3 15 17	3	1	0
265	1 7 11 12	1	-1	0
266	4 13 8 11	2	-1	0
267	1 13 15 12	1	-1	0
268	1 6 16 19	1	-1	0
269	1 15 4 18	1	-1	0
270	19 15 5 7	4	1	0
271	16 2 14 18	3	2	0
272	7 14 13 20	3	3	0
273	15 6 10 20	3	1	0
274	9 12 17 18	3	4	0
275	7 12 14 16	3	3	0
276	3 6 17 18	4	3	0
277	5 18 20 15	2	-1	0
278	7 8 9 16	3	3	0
279	13 12 8 18	2	-1	0
280	19 3 16 12	4	1	0
281	13 7 19 11	2	-1	0
282	1 16 3 4	1	-1	0
283	7 13 16 14	3	4	0
284	2 3 10 17	2	-1	0
285	8 13 17 4	3	4	0
286	19 2 12 10	2	-1	0
287	1 8 7 12	1	-1	0
288	3 16 15 19	2	-1	0
289	7 12 20 5	4	1	0
290	1 10 3 8	1	-1	0
291	1 18 15 4	1	-1	0
292	6 20 16 17	4	3	0
293	1 4 10 18	1	-1	0
294	1 12 18 5	1	-1	0
295	17 2 12 4	4	3	0
296	2 13 19 17	4	1	0
297	1 10 15 2	1	-1	0
298	18 16 20 14	3	2	0
299	17 2 16 5	3	3	0
300	17 8 19 20	3	4	0
301	7 3 8 20	4	2	0
302	14 17 16 3	2	-1	0
303	1 15 6 9	1	-1	0
304	12 13 19 4	4	4	0
305	3 15 10 16	4	2	0
306	6 11 12 20	3	4	0
307	14 18 10 2	3	2	0
308	15 8 18 16	3	4	0
309	2 18 7 16	3	4	0
310	1 8 9 7	1	-1	0
311	1 16 18 15	1	-1	0
312	1 17 8 12	1	-1	0
313	20 15 16 18	4	4	0
314	1 12 9 10	1	-1	0
315	3 16 12 11	4	2	0
316	18 16 13 12	3	3	0
317	12 14 8 3	3	1	0
318	9 4 15 7	4	3	0
319	15 4 12 6	2	-1	0
320	1 17 14 18	1	-1	0
321	7 12 2 8	4	1	0
322	7 13 14 20	3	4	0
323	5 15 2 17	2	-1	0
324	1 18 17 11	1	-1	0
325	19 12 5 20	4	3	0
326	4 18 3 12	2	-1	0
327	15 18 2 12	4	2	0
328	16 11 9 15	3	2	0
329	6 2 11 19	2	-1	0
330	13 16 17 3	3	3	0
331	1 7 6 5	1	-1	0
332	3 14 11 10	2	-1	0
333	10 19 15 8	2	-1	0
334	2 10 4 5	3	1	0
335	2 19 13 8	2	-1	0
336	8 15 10 4	2	-1	0
337	1 20 9 18	1	-1	0
338	1 10 2 15	1	-1	0
339	12 11 18 3	3	1	0
340	5 3 10 2	4	3	0
341	9 4 10 2	2	-1	0
342	19 4 12 20	2	-1	0
343	12 14 3 11	3	1	0
344	12 7 3 8	4	2	0
345	7 12 18 8	4	4	0
346	5 14 2 9	2	-1	0
347	1 9 18 11	1	-1	0
348	9 2 8 12	4	3	0
349	9 5 2 11	2	-1	0
350	7 3 14 16	4	4	0
351	16 14 10 11	3	2	0
352	8 9 12 5	3	2	0
353	19 8 20 18	4	2	0
354	20 10 16 7	4	3	0
355	1 4 5 13	1	-1	0
356	5 17 14 13	2	-1	0
357	1 14 7 20	1	-1	0
358	17 7 18 2	4	1	0
359	13 15 4 16	3	4	0
360	13 15 1 8	2	-1	0
361	2 7 13 9	3	2	0
362	4 6 8 13	3	4	1
363	2 5 4 1	2	-1	0
364	6 10 3 8	4	4	1
365	5 4 8 17	2	-1	0
366	4 7 19 8	2	-1	0
367	8 15 18 2	3	1	0
368	1 2 17 13	1	-1	0
369	8 15 16 18	2	-1	0
370	18 4 20 10	4	4	0
371	1 8 18 16	1	-1	0
372	7 6 12 8	3	1	0
373	18 4 2 19	4	2	0
374	2 6 17 12	4	3	0
375	1 6 10 3	1	-1	0
376	19 4 18 12	2	-1	0
377	7 8 12 11	4	1	1
378	1 3 9 6	1	-1	0
379	4 6 9 19	2	-1	0
380	20 3 16 9	2	-1	0
381	1 16 2 4	1	-1	0
382	16 9 2 10	2	-1	0
383	1 8 19 10	1	-1	0
384	17 14 5 9	4	4	0
385	12 16 19 8	4	4	0
386	1 6 17 4	1	-1	0
387	7 11 20 19	3	1	0
388	1 16 10 13	1	-1	0
389	18 19 10 12	4	3	0
390	1 8 14 19	1	-1	0
391	15 17 6 13	2	-1	0
392	1 6 11 16	1	-1	0
393	4 14 9 7	3	1	0
394	1 14 16 9	1	-1	0
395	2 15 19 6	3	2	0
396	1 3 8 20	1	-1	0
397	1 15 13 16	1	-1	0
398	2 3 18 14	2	-1	0
399	17 13 10 18	3	1	0
400	7 4 15 17	3	3	0
401	17 5 6 18	4	4	0
402	1 3 20 13	1	-1	0
403	14 19 10 11	4	4	0
404	1 20 14 10	1	-1	0
405	1 14 5 10	1	-1	0
406	2 16 19 12	4	1	0
407	2 9 12 16	4	4	0
408	3 19 18 8	4	3	0
409	1 15 4 3	1	-1	0
410	17 7 10 14	3	2	0
411	15 6 19 17	2	-1	0
412	19 14 18 3	2	-1	0
413	5 19 9 11	2	-1	0
414	3 9 4 14	4	3	0
415	10 12 15 8	3	1	0
416	13 14 5 18	2	-1	0
417	1 9 14 19	1	-1	0
418	1 8 16 4	1	-1	0
419	3 7 15 8	3	4	0
420	18 12 6 10	2	-1	0
421	7 6 8 14	4	3	0
422	12 4 10 20	2	-1	0
423	20 6 7 18	2	-1	0
424	12 3 18 17	2	-1	0
425	7 18 6 5	3	2	0
426	8 9 7 2	3	4	0
427	17 11 8 19	2	-1	0
428	12 20 4 7	2	-1	0
429	17 11 3 16	3	2	0
430	3 19 10 2	3	3	0
431	5 9 15 17	4	4	0
432	16 6 3 13	4	4	0
433	8 18 4 13	3	1	0
434	9 12 16 2	2	-1	0
435	7 6 5 14	2	-1	0
436	1 14 12 20	1	-1	0
437	1 15 10 14	1	-1	0
438	5 14 19 3	4	4	0
439	13 20 7 19	3	4	0
440	4 15 7 14	4	4	0
441	19 8 18 6	3	3	0
442	11 7 9 4	4	1	0
443	1 17 20 10	1	-1	0
444	2 14 19 9	2	-1	0
445	8 18 3 4	3	3	0
446	11 6 10 14	3	1	0
447	17 8 18 10	4	1	0
448	6 15 20 10	3	3	0
449	7 14 16 3	3	2	0
450	7 2 14 20	4	4	1
451	3 16 6 4	4	2	0
452	1 13 12 11	1	-1	0
453	15 8 17 14	3	3	0
454	3 10 11 6	4	2	0
455	10 19 18 14	2	-1	0
456	1 3 2 19	1	-1	0
457	14 4 12 8	2	-1	0
458	9 5 10 14	2	-1	0
459	10 3 17 5	3	4	0
460	2 18 13 15	2	-1	0
461	6 4 10 13	2	-1	0
462	10 12 3 17	3	4	0
463	4 7 6 2	4	3	0
464	7 13 15 2	2	-1	0
465	1 6 18 14	1	-1	0
466	1 7 19 3	1	-1	0
467	10 20 17 5	3	3	0
468	13 5 11 10	4	3	0
469	12 7 15 3	4	1	0
470	3 14 16 2	3	2	0
471	11 6 9 8	4	4	0
472	15 3 12 8	4	3	0
473	2 16 4 10	3	2	0
474	1 8 17 12	1	-1	0
475	7 9 13 5	2	-1	0
476	1 6 4 12	1	-1	0
477	1 11 19 12	1	-1	0
478	1 9 8 19	1	-1	0
479	8 18 12 19	4	1	0
480	7 18 4 8	4	1	0
481	6 5 4 13	4	3	0
482	1 3 6 13	1	-1	0
483	15 20 4 8	2	-1	0
484	1 20 15 17	1	-1	0
485	8 20 1 12	3	3	0
486	1 9 19 12	1	-1	0
487	16 20 5 13	2	-1	0
488	7 10 17 8	3	2	0
489	9 11 14 8	3	1	0
490	1 2 15 16	1	-1	0
491	3 19 4 13	2	-1	0
492	1 17 12 15	1	-1	0
493	3 20 12 9	4	3	0
494	6 10 3 17	2	-1	0
495	7 11 14 18	2	-1	0
496	4 17 8 18	3	3	0
497	1 13 14 7	1	-1	0
498	11 3 17 7	3	3	0
499	10 13 5 9	2	-1	0
500	7 12 9 15	3	3	0
