Students	500
1	1 13 2 9	1	-1	0
2	1 7 12 9	1	-1	0
3	13 20 6 11	3	3	0
4	19 15 4 3	2	-1	0
5	14 18 5 10	3	2	0
6	1 4 11 18	1	-1	0
7	6 4 16 9	4	2	0
8	1 19 13 4	1	-1	0
9	13 18 9 19	3	3	0
10	1 11 9 20	1	-1	0
11	1 6 4 7	1	-1	0
12	1 11 19 15	1	-1	0
13	1 10 5 2	1	-1	0
14	1 3 14 18	1	-1	0
15	14 5 3 19	4	4	0
16	12 17 9 20	2	-1	0
17	1 10 18 16	1	-1	0
18	1 9 11 18	1	-1	0
19	2 8 3 4	3	1	0
20	1 13 6 15	1	-1	0
21	14 12 17 5	2	-1	0
22	16 20 13 8	4	4	0
23	15 8 4 13	2	-1	0
24	2 7 8 5	3	2	0
25	20 3 6 19	3	4	0
26	15 12 11 13	4	3	0
27	3 9 16 4	3	3	0
28	20 7 4 19	4	1	0
29	12 20 16 13	2	-1	0
30	16 3 12 17	3	1	0
31	14 7 15 10	4	2	0
32	4 19 10 14	3	4	0
33	15 3 11 8	4	1	0
34	19 2 11 9	4	2	0
35	7 11 5 8	4	3	0
36	18 7 16 10	3	4	0
37	1 14 3 2	1	-1	0
38	6 14 7 2	4	3	0
39	20 10 16 3	2	-1	0
40	17 10 3 6	4	1	0
41	20 8 11 9	4	2	0
42	1 10 5 8	1	-1	0
43	7 20 9 5	3	2	0
44	18 17 11 5	4	4	0
45	1 18 10 14	1	-1	0
46	1 4 9 10	1	-1	0
47	7 2 18 20	4	3	0
48	6 4 18 19	2	-1	0
49	11 13 20 8	3	2	0
50	6 18 10 7	4	1	1
51	8 10 3 15	2	-1	0
52	11 10 4 6	4	2	0
53	1 9 19 7	1	-1	0
54	11 5 2 8	2	-1	0
55	14 12 9 13	4	3	0
56	19 14 10 12	2	-1	0
57	16 17 3 10	2	-1	0
58	7 17 5 8	2	-1	0
59	9 12 4 18	2	-1	0
60	20 15 14 6	4	4	0
61	10 4 14 6	4	1	0
62	10 13 11 14	3	2	0
63	15 20 3 14	4	3	0
64	7 14 13 5	4	3	0
65	9 3 5 16	3	3	0
66	10 12 9 11	4	4	0
67	8 10 11 9	2	-1	0
68	19 10 16 7	3	3	0
69	13 11 16 15	4	1	0
70	15 9 20 16	2	-1	0
71	18 10 14 9	3	3	0
72	14 16 4 12	2	-1	0
73	1 17 15 16	1	-1	0
74	12 15 17 5	4	1	0
75	9 4 16 12	3	4	0
76	4 11 5 10	4	4	0
77	11 5 15 14	4	1	0
78	18 5 6 3	3	1	0
79	8 14 19 7	2	-1	0
80	1 20 2 6	1	-1	0
81	1 5 2 19	1	-1	0
82	8 13 19 3	4	1	0
83	3 7 19 14	4	3	0
84	8 20 3 2	2	-1	0
85	1 20 14 2	1	-1	0
86	7 17 4 2	2	-1	0
87	1 20 13 4	1	-1	0
88	8 12 16 4	2	-1	0
89	12 16 20 7	2	-1	0
90	3 12 13 16	4	3	0
91	2 9 11 20	2	-1	0
92	7 12 5 10	4	4	0
93	10 15 6 5	2	-1	0
94	11 9 12 19	2	-1	0
95	12 17 20 19	4	4	0
96	2 15 3 16	4	3	0
97	8 20 12 6	4	3	0
98	4 9 13 2	4	1	0
99	14 17 3 20	2	-1	0
100	1 12 8 14	1	-1	0
101	17 11 9 3	3	3	0
102	1 17 5 14	1	-1	0
103	4 18 17 10	3	2	0
104	12 17 7 16	4	4	0
105	7 14 16 3	4	1	0
106	11 18 12 8	2	-1	0
107	1 3 16 12	1	-1	0
108	15 13 2 8	3	1	0
109	7 8 6 3	4	1	0
110	17 10 20 14	2	-1	0
111	2 15 4 11	2	-1	0
112	18 2 4 16	2	-1	0
113	2 9 4 16	3	3	0
114	9 10 13 20	2	-1	0
115	1 11 17 13	1	-1	0
116	20 18 15 19	3	3	0
117	1 10 6 15	1	-1	0
118	2 7 11 15	2	-1	0
119	14 12 15 13	3	2	0
120	8 12 4 11	2	-1	0
121	7 3 11 14	4	2	0
122	7 17 4 5	4	1	0
123	19 8 10 20	3	3	0
124	18 6 9 16	2	-1	0
125	1 12 4 15	1	-1	0
126	19 20 12 2	4	3	0
127	1 11 2 4	1	-1	0
128	1 14 3 7	1	-1	0
129	8 10 17 11	3	1	0
130	1 12 5 10	1	-1	0
131	11 12 7 14	3	4	0
132	20 16 2 15	2	-1	0
133	1 14 2 18	1	-1	0
134	13 5 11 18	4	1	0
135	4 17 6 18	4	1	0
136	17 11 4 16	4	4	0
137	1 16 6 15	1	-1	0
138	1 17 19 15	1	-1	0
139	19 18 15 12	3	1	0
140	1 2 12 6	1	-1	0
141	12 13 4 6	2	-1	0
142	10 2 4 11	3	4	0
143	1 14 19 10	1	-1	0
144	16 8 18 4	2	-1	0
145	16 6 14 15	4	1	0
146	1 10 8 13	1	-1	0
147	4 9 17 20	3	4	0
148	2 15 17 9	2	-1	0
149	11 8 2 6	3	1	0
150	4 3 9 13	2	-1	0
151	3 15 2 16	4	4	0
152	6 9 20 4	2	-1	0
153	15 3 4 20	2	-1	0
154	1 20 11 14	1	-1	0
155	8 5 6 18	2	-1	0
156	11 9 20 16	4	4	0
157	16 8 5 17	3	4	0
158	18 6 9 12	4	2	0
159	20 13 19 15	2	-1	0
160	9 16 10 18	2	-1	0
161	9 3 10 18	3	2	0
162	19 16 7 20	4	4	0
163	1 10 18 5	1	-1	0
164	11 6 9 8	3	2	0
165	8 6 3 9	3	2	0
166	1 9 6 12	1	-1	0
167	10 17 7 18	4	3	0
168	1 14 6 18	1	-1	0
169	8 19 4 12	2	-1	0
170	3 10 9 4	4	3	0
171	1 3 7 4	1	-1	0
172	8 14 9 6	3	1	0
173	8 3 15 16	4	4	0
174	1 6 2 9	1	-1	0
175	1 9 8 5	1	-1	0
176	1 15 7 6	1	-1	0
177	16 6 17 3	4	1	0
178	1 19 15 17	1	-1	0
179	18 8 12 20	2	-1	0
180	1 10 6 19	1	-1	0
181	12 20 19 7	2	-1	0
182	9 18 6 7	2	-1	0
183	9 2 14 17	3	4	0
184	1 13 12 4	1	-1	0
185	9 4 11 14	2	-1	0
186	12 6 5 7	3	2	0
187	17 3 10 19	4	4	0
188	9 7 19 4	2	-1	0
189	10 5 18 2	4	3	0
190	1 4 6 2	1	-1	0
191	7 14 6 9	2	-1	0
192	18 11 19 2	2	-1	0
193	11 19 10 5	3	1	0
194	1 2 16 3	1	-1	0
195	3 10 17 6	3	4	0
196	1 11 18 16	1	-1	0
197	6 13 9 16	2	-1	0
198	3 7 8 1	3	1	0
199	5 3 18 13	3	1	0
200	2 16 6 18	2	-1	0
201	14 13 7 16	4	1	0
202	19 17 11 16	4	1	0
203	4 2 7 8	2	-1	0
204	1 2 16 8	1	-1	0
205	11 10 15 12	2	-1	0
206	1 13 4 18	1	-1	0
207	1 14 5 17	1	-1	0
208	12 20 18 13	3	3	0
209	13 3 5 20	3	4	0
210	9 3 15 16	2	-1	0
211	7 16 17 3	3	1	0
212	9 8 4 13	3	2	0
213	10 15 8 3	4	4	0
214	9 13 5 2	2	-1	0
215	1 6 17 12	1	-1	0
216	1 7 19 20	1	-1	0
217	1 19 13 14	1	-1	0
218	1 3 19 10	1	-1	0
219	9 15 7 19	3	3	0
220	12 13 4 8	3	3	0
221	18 13 2 8	3	1	0
222	14 7 13 18	4	2	0
223	6 10 4 5	3	4	0
224	3 11 2 7	2	-1	0
225	1 2 6 5	1	-1	0
226	16 14 19 10	4	3	0
227	14 11 12 16	2	-1	0
228	6 11 15 3	2	-1	0
229	1 6 9 5	1	-1	0
230	1 7 17 3	1	-1	0
231	13 15 10 17	3	2	0
232	20 11 7 14	3	2	0
233	18 14 5 15	4	3	0
234	1 20 10 4	1	-1	0
235	10 19 8 18	2	-1	0
236	4 20 6 3	4	1	0
237	6 4 12 11	3	2	0
238	9 16 19 8	2	-1	0
239	8 11 9 6	3	3	0
240	16 19 4 3	4	3	0
241	8 17 9 10	3	4	0
242	2 18 4 3	2	-1	0
243	12 19 10 14	2	-1	0
244	8 19 2 10	2	-1	0
245	16 11 7 18	4	1	0
246	13 19 16 7	2	-1	0
247	6 10 12 18	4	4	0
248	1 6 9 15	1	-1	0
249	5 20 7 13	2	-1	0
250	11 14 2 20	2	-1	0
251	1 11 6 15	1	-1	0
252	3 10 6 4	4	3	0
253	9 8 13 20	4	4	0
254	14 8 2 18	3	2	0
255	6 9 11 19	3	2	0
256	4 9 16 3	4	3	0
257	1 10 17 4	1	-1	0
258	1 20 3 16	1	-1	0
259	1 10 6 8	1	-1	0
260	1 9 17 12	1	-1	0
261	6 11 10 20	3	1	0
262	15 20 12 5	3	1	0
263	4 13 18 11	4	3	0
264	17 9 20 10	2	-1	0
265	18 4 12 20	2	-1	0
266	1 19 9 13	1	-1	0
267	1 5 7 6	1	-1	0
268	14 12 19 10	2	-1	0
269	15 18 11 16	4	3	0
270	17 15 9 18	2	-1	0
271	16 20 18 17	3	3	0
272	9 15 18 12	2	-1	0
273	12 8 7 20	3	2	0
274	2 13 4 12	3	2	0
275	2 20 11 5	4	2	0
276	2 18 8 5	4	1	0
277	5 8 4 7	4	3	0
278	19 4 6 15	4	4	0
279	5 17 2 4	3	1	0
280	1 6 14 13	1	-1	0
281	15 7 16 18	2	-1	0
282	2 9 19 14	4	2	0
283	9 6 15 16	3	4	0
284	4 20 10 19	4	4	0
285	7 2 3 8	3	4	0
286	12 11 10 4	3	4	0
287	16 2 7 15	2	-1	0
288	17 18 19 9	4	4	0
289	1 10 4 7	1	-1	0
290	14 3 2 20	4	2	0
291	1 3 16 8	1	-1	0
292	17 9 7 20	4	3	0
293	8 5 11 9	4	4	0
294	1 6 20 7	1	-1	0
295	8 16 19 11	3	1	0
296	1 14 7 17	1	-1	0
297	17 13 18 5	3	4	0
298	20 12 7 14	3	1	0
299	1 14 18 10	1	-1	0
300	18 3 6 9	3	4	0
301	12 5 13 3	3	4	0
302	7 11 19 17	4	3	0
303	1 13 9 8	1	-1	0
304	1 10 18 9	1	-1	0
305	20 17 15 7	3	4	0
306	8 14 18 9	3	2	0
307	5 2 18 15	4	3	0
308	16 18 7 8	4	1	0
309	10 6 2 3	2	-1	0
310	19 2 13 11	3	3	0
311	17 8 5 12	2	-1	0
312	13 9 7 3	2	-1	0
313	1 14 4 18	1	-1	0
314	20 11 10 5	3	4	0
315	8 15 17 19	2	-1	0
316	1 5 10 12	1	-1	0
317	4 12 16 17	2	-1	0
318	1 5 4 6	1	-1	0
319	5 8 4 16	2	-1	0
320	1 19 20 12	1	-1	0
321	8 16 13 4	2	-1	0
322	1 9 18 10	1	-1	0
323	20 17 16 6	4	2	0
324	4 17 14 9	3	3	0
325	1 5 10 4	1	-1	0
326	7 17 9 12	2	-1	0
327	1 20 17 14	1	-1	0
328	16 7 19 8	2	-1	0
329	1 15 5 8	1	-1	0
330	17 18 20 6	3	4	0
331	19 4 10 12	3	2	0
332	12 5 15 17	3	4	0
333	16 12 5 8	4	1	0
334	7 12 10 15	3	2	0
335	19 10 2 5	4	1	0
336	1 16 11 14	1	-1	0
337	1 6 10 9	1	-1	0
338	12 8 15 16	4	4	0
339	3 17 2 6	4	4	0
340	1 5 20 15	1	-1	0
341	1 16 9 8	1	-1	0
342	1 13 3 16	1	-1	0
343	18 2 11 10	2	-1	0
344	9 3 18 11	4	1	0
345	1 16 9 20	1	-1	0
346	13 15 16 19	3	3	0
347	9 7 12 16	3	4	0
348	19 4 17 7	4	3	1
349	15 14 4 8	4	3	0
350	7 18 4 16	4	4	0
351	1 6 18 11	1	-1	0
352	3 2 9 12	3	4	0
353	13 7 14 20	3	4	0
354	1 6 15 12	1	-1	0
355	11 4 18 14	2	-1	0
356	16 6 5 7	2	-1	0
357	11 10 15 14	2	-1	0
358	1 15 11 16	1	-1	0
359	18 4 8 15	3	3	0
360	7 8 19 20	4	4	0
361	5 16 14 9	3	3	0
362	11 15 9 10	2	-1	0
363	1 18 15 7	1	-1	0
364	7 20 11 8	4	4	0
365	8 3 17 20	2	-1	0
366	9 8 17 14	3	1	0
367	1 20 12 3	1	-1	0
368	1 12 18 6	1	-1	0
369	6 18 2 7	4	4	0
370	11 8 12 7	4	1	0
371	20 19 10 14	2	-1	0
372	20 13 3 4	2	-1	0
373	2 20 12 13	3	3	0
374	11 4 6 19	3	1	0
375	6 5 15 17	4	3	0
376	10 5 11 9	3	1	0
377	10 18 12 8	3	1	0
378	4 16 14 19	2	-1	0
379	1 13 11 16	1	-1	0
380	18 2 14 5	4	3	0
381	8 18 11 7	4	1	0
382	1 18 14 2	1	-1	0
383	15 19 10 17	2	-1	0
384	1 6 12 17	1	-1	0
385	15 7 16 14	2	-1	0
386	11 15 19 4	2	-1	0
387	1 5 10 14	1	-1	0
388	5 2 16 10	2	-1	0
389	7 10 8 17	4	2	0
390	9 11 2 14	4	3	0
391	1 2 3 16	1	-1	0
392	3 20 4 10	3	3	0
393	2 7 5 19	3	4	0
394	5 18 11 17	3	4	0
395	11 4 17 7	2	-1	0
396	19 18 17 14	4	3	0
397	19 9 8 18	4	4	0
398	8 9 3 5	2	-1	0
399	16 13 6 4	3	2	0
400	1 15 9 3	1	-1	0
401	6 19 2 15	2	-1	0
402	2 15 16 12	4	4	0
403	1 13 16 11	1	-1	0
404	7 18 2 9	2	-1	0
405	1 11 8 16	1	-1	0
406	18 14 10 20	2	-1	0
407	10 16 4 13	2	-1	0
408	18 7 3 14	2	-1	0
409	14 18 12 16	3	4	0
410	10 16 14 15	4	1	0
411	16 15 6 3	2	-1	0
412	1 5 7 13	1	-1	0
413	11 19 8 6	3	1	0
414	12 17 15 7	3	1	0
415	1 2 11 14	1	-1	0
416	1 10 6 13	1	-1	0
417	20 19 4 12	3	3	0
418	1 12 17 9	1	-1	0
419	7 2 13 9	2	-1	0
420	13 15 16 9	4	4	0
421	4 9 20 10	2	-1	0
422	10 11 4 15	4	2	0
423	1 9 19 4	1	-1	0
424	16 19 3 4	4	2	0
425	10 2 8 11	2	-1	0
426	8 9 10 11	3	3	0
427	10 1 2 11	3	1	0
428	6 3 2 10	3	3	0
429	5 13 15 14	2	-1	0
430	12 19 8 14	3	4	0
431	15 4 8 16	3	4	0
432	16 7 6 20	4	2	0
433	1 9 14 18	1	-1	0
434	7 10 17 8	2	-1	0
435	15 13 16 7	4	3	0
436	13 14 8 10	2	-1	0
437	2 6 7 9	4	2	0
438	17 3 15 8	4	2	0
439	1 16 7 12	1	-1	0
440	2 17 13 14	4	3	0
441	3 4 10 9	2	-1	0
442	13 17 3 16	2	-1	0
443	8 6 11 4	2	-1	0
444	2 15 10 7	4	4	0
445	20 19 2 10	3	2	0
446	1 10 3 11	1	-1	0
447	1 19 17 10	1	-1	0
448	13 2 20 18	3	1	0
449	20 12 7 8	2	-1	0
450	5 3 17 9	3	1	0
451	13 16 2 5	2	-1	0
452	15 3 14 17	2	-1	0
453	1 15 6 4	1	-1	0
454	16 2 17 15	4	2	0
455	19 8 14 20	3	1	0
456	14 3 7 15	4	4	0
457	6 13 11 19	4	2	0
458	7 4 9 3	4	3	0
459	18 15 9 3	4	1	0
460	8 20 13 19	3	4	0
461	1 10 20 14	1	-1	0
462	9 10 8 13	3	2	0
463	12 10 15 18	3	4	0
464	16 11 14 13	2	-1	0
465	15 13 4 2	3	2	0
466	9 19 11 5	4	2	0
467	5 13 7 15	3	1	0
468	20 17 19 5	2	-1	0
469	19 9 18 2	4	4	0
470	15 17 14 5	2	-1	0
471	1 2 17 15	1	-1	0
472	9 3 15 5	3	1	0
473	2 16 18 14	2	-1	0
474	15 11 5 10	4	2	0
475	2 12 5 3	4	3	0
476	1 7 6 10	1	-1	0
477	2 19 16 14	2	-1	0
478	20 18 10 8	4	1	0
479	19 7 10 8	2	-1	0
480	11 8 17 13	2	-1	0
481	1 6 13 16	1	-1	0
482	5 15 6 16	2	-1	0
483	18 19 17 7	4	4	0
484	1 13 14 2	1	-1	0
485	20 16 5 10	4	2	0
486	1 4 2 17	1	-1	0
487	4 15 11 7	4	4	0
488	20 2 16 9	4	1	0
489	15 8 2 12	2	-1	0
490	8 17 14 9	2	-1	0
491	20 14 16 3	3	2	0
492	13 11 7 6	2	-1	0
493	14 16 18 12	3	2	0
494	1 20 12 15	1	-1	0
495	15 20 17 5	3	2	0
496	1 18 4 3	1	-1	0
497	14 2 15 18	3	4	0
498	1 13 14 15	1	-1	0
499	7 2 16 4	4	4	0
500	4 20 17 14	3	3	0
