Class Times	5
Rooms	200
1	40	C	1
2	10	B	0
3	81	C	0
4	43	C	1
5	59	B	1
6	65	C	0
7	20	A	1
8	36	C	0
9	54	A	1
10	23	B	1
11	19	A	1
12	94	B	1
13	62	B	0
14	79	A	1
15	46	B	0
16	22	C	0
17	50	B	0
18	35	B	1
19	12	A	0
20	18	A	0
21	42	C	0
22	81	B	0
23	26	B	0
24	13	C	0
25	27	C	1
26	96	C	0
27	95	C	1
28	19	A	1
29	80	C	1
30	69	B	0
31	19	B	0
32	19	C	1
33	52	B	1
34	90	B	1
35	51	B	0
36	82	C	0
37	74	A	1
38	97	A	1
39	17	C	1
40	66	A	1
41	34	A	1
42	86	C	0
43	83	A	0
44	27	C	0
45	43	A	0
46	36	C	0
47	63	C	1
48	65	B	0
49	68	B	0
50	65	B	0
51	71	C	1
52	52	B	1
53	58	A	1
54	62	C	1
55	31	B	1
56	77	B	0
57	37	C	0
58	74	A	1
59	40	B	1
60	25	C	0
61	26	B	0
62	35	A	1
63	99	A	1
64	71	A	1
65	45	A	0
66	70	C	0
67	92	C	1
68	93	B	0
69	22	C	1
70	56	B	0
71	18	A	1
72	24	B	0
73	21	B	1
74	48	A	1
75	40	B	0
76	70	B	1
77	12	C	0
78	77	A	1
79	97	B	0
80	42	C	0
81	70	B	0
82	72	B	0
83	53	A	1
84	63	B	1
85	75	A	1
86	24	A	1
87	93	B	1
88	83	A	0
89	75	B	0
90	14	A	1
91	47	B	0
92	34	B	0
93	62	A	1
94	13	A	0
95	12	C	0
96	90	C	1
97	51	C	0
98	93	A	0
99	41	A	0
100	66	A	1
101	52	A	0
102	79	C	1
103	52	B	1
104	71	C	0
105	56	B	1
106	92	C	0
107	17	B	0
108	94	A	0
109	86	B	0
110	31	C	1
111	85	B	1
112	27	A	1
113	21	B	1
114	39	C	0
115	66	A	0
116	35	B	0
117	49	C	0
118	68	B	0
119	90	A	1
120	52	A	0
121	31	A	1
122	35	B	0
123	49	B	0
124	86	B	1
125	46	A	1
126	50	B	1
127	17	C	0
128	13	B	0
129	63	C	0
130	59	C	0
131	93	A	0
132	68	C	0
133	40	A	1
134	48	C	1
135	95	C	0
136	19	A	0
137	23	B	1
138	70	B	0
139	48	B	0
140	68	A	1
141	57	B	0
142	79	A	1
143	90	B	0
144	12	C	0
145	44	B	1
146	15	B	0
147	88	C	0
148	26	C	1
149	92	C	0
150	57	B	0
151	27	C	1
152	82	B	1
153	23	C	0
154	43	C	0
155	10	C	0
156	86	A	0
157	26	A	0
158	76	C	1
159	75	A	0
160	24	A	0
161	27	A	0
162	83	A	1
163	12	A	0
164	58	A	0
165	35	C	1
166	59	A	0
167	77	C	0
168	14	A	1
169	20	A	1
170	60	B	0
171	85	C	0
172	99	B	1
173	47	C	1
174	55	A	0
175	56	A	0
176	54	C	0
177	50	C	1
178	43	A	1
179	41	B	1
180	88	C	0
181	80	A	0
182	27	C	1
183	95	A	0
184	87	C	0
185	54	B	0
186	11	B	1
187	39	A	0
188	65	C	1
189	56	A	0
190	14	A	1
191	42	C	0
192	49	C	0
193	95	A	0
194	27	B	0
195	60	C	0
196	40	B	1
197	97	B	1
198	87	A	1
199	73	A	1
200	99	A	1
Classes	1000
Teachers	500
1	477	4	C	1
2	290	2	B	1
3	334	4	C	1
4	42	2	B	1
5	167	2	B	1
6	53	1	A	1
7	64	3	C	1
8	74	2	B	1
9	327	3	C	1
10	446	1	A	1
11	319	2	B	1
12	103	1	A	1
13	328	3	C	1
14	65	3	C	1
15	432	2	B	1
16	158	1	A	1
17	329	3	C	1
18	305	3	C	1
19	428	4	C	1
20	3	2	B	1
21	378	2	B	1
22	384	3	C	1
23	76	1	A	1
24	487	4	C	1
25	373	3	C	1
26	182	4	C	1
27	497	4	C	1
28	91	3	C	1
29	376	3	C	1
30	365	4	C	1
31	62	1	A	1
32	327	4	C	1
33	6	4	C	1
34	135	3	C	1
35	357	1	A	1
36	402	4	C	1
37	81	4	C	1
38	264	3	C	1
39	461	2	B	1
40	469	3	C	1
41	342	3	C	1
42	134	1	A	1
43	250	1	A	1
44	178	2	B	1
45	449	2	B	1
46	424	2	B	1
47	298	2	B	1
48	320	1	A	1
49	464	3	C	1
50	356	2	B	1
51	330	2	B	0
52	402	4	C	0
53	341	4	C	0
54	466	4	C	0
55	455	3	C	0
56	212	2	B	0
57	373	4	C	0
58	272	4	C	0
59	166	4	C	0
60	167	4	C	0
61	236	1	A	0
62	470	4	C	0
63	301	1	A	0
64	70	3	C	0
65	110	1	A	0
66	310	2	B	0
67	325	1	A	0
68	332	2	B	0
69	463	4	C	0
70	231	1	A	0
71	388	1	A	0
72	192	4	C	0
73	341	1	A	0
74	21	4	C	0
75	193	3	C	0
76	28	1	A	0
77	488	2	B	0
78	337	1	A	0
79	228	1	A	0
80	36	1	A	0
81	301	4	C	0
82	280	3	C	0
83	361	1	A	0
84	220	3	C	0
85	16	3	C	0
86	416	4	C	0
87	267	4	C	0
88	12	3	C	0
89	116	4	C	0
90	194	2	B	0
91	491	1	A	0
92	143	4	C	0
93	207	4	C	0
94	24	1	A	0
95	295	3	C	0
96	423	2	B	0
97	463	1	A	0
98	462	2	B	0
99	293	1	A	0
100	87	4	C	0
101	391	3	C	0
102	300	2	B	0
103	227	3	C	0
104	255	3	C	0
105	240	4	C	0
106	88	4	C	0
107	284	4	C	0
108	409	1	A	0
109	32	1	A	0
110	8	3	C	0
111	295	1	A	0
112	159	1	A	0
113	97	3	C	0
114	60	1	A	0
115	362	1	A	0
116	173	3	C	0
117	442	2	B	0
118	49	1	A	0
119	490	4	C	0
120	132	4	C	0
121	131	2	B	0
122	290	2	B	0
123	97	1	A	0
124	76	4	C	0
125	231	3	C	0
126	149	1	A	0
127	358	2	B	0
128	9	2	B	0
129	464	3	C	0
130	5	1	A	0
131	264	3	C	0
132	255	3	C	0
133	91	2	B	0
134	269	2	B	0
135	384	2	B	0
136	342	1	A	0
137	321	1	A	0
138	252	4	C	0
139	296	2	B	0
140	298	1	A	0
141	378	2	B	0
142	209	1	A	0
143	60	1	A	0
144	349	3	C	0
145	442	3	C	0
146	113	3	C	0
147	146	4	C	0
148	37	4	C	0
149	101	3	C	0
150	351	1	A	0
151	177	3	C	0
152	218	3	C	0
153	35	4	C	0
154	415	3	C	0
155	131	3	C	0
156	297	1	A	0
157	443	2	B	0
158	18	4	C	0
159	176	2	B	0
160	413	2	B	0
161	44	3	C	0
162	465	4	C	0
163	252	3	C	0
164	379	3	C	0
165	361	4	C	0
166	51	1	A	0
167	385	2	B	0
168	336	3	C	0
169	365	1	A	0
170	453	4	C	0
171	288	1	A	0
172	440	1	A	0
173	86	4	C	0
174	163	4	C	0
175	8	2	B	0
176	237	2	B	0
177	41	2	B	0
178	484	1	A	0
179	369	4	C	0
180	75	4	C	0
181	427	1	A	0
182	21	2	B	0
183	42	2	B	0
184	207	2	B	0
185	339	4	C	0
186	198	4	C	0
187	175	3	C	0
188	175	1	A	0
189	47	1	A	0
190	160	1	A	0
191	89	3	C	0
192	491	2	B	0
193	320	1	A	0
194	443	4	C	0
195	352	4	C	0
196	335	1	A	0
197	291	4	C	0
198	377	2	B	0
199	471	1	A	0
200	217	1	A	0
201	130	3	C	0
202	142	1	A	0
203	354	4	C	0
204	86	3	C	0
205	379	3	C	0
206	214	3	C	0
207	182	2	B	0
208	433	4	C	0
209	238	2	B	0
210	279	3	C	0
211	407	3	C	0
212	284	2	B	0
213	205	4	C	0
214	209	3	C	0
215	343	4	C	0
216	291	3	C	0
217	267	3	C	0
218	193	1	A	0
219	328	2	B	0
220	6	2	B	0
221	374	3	C	0
222	100	3	C	0
223	311	1	A	0
224	132	3	C	0
225	437	2	B	0
226	45	3	C	0
227	262	4	C	0
228	401	3	C	0
229	19	2	B	0
230	181	3	C	0
231	418	1	A	0
232	105	2	B	0
233	46	2	B	0
234	226	3	C	0
235	268	3	C	0
236	78	1	A	0
237	427	4	C	0
238	204	4	C	0
239	333	3	C	0
240	308	2	B	0
241	433	2	B	0
242	183	1	A	0
243	418	3	C	0
244	417	2	B	0
245	370	4	C	0
246	71	1	A	0
247	339	3	C	0
248	224	1	A	0
249	478	3	C	0
250	375	1	A	0
251	322	1	A	0
252	465	1	A	0
253	156	1	A	0
254	215	2	B	0
255	347	2	B	0
256	33	1	A	0
257	293	3	C	0
258	70	4	C	0
259	401	1	A	0
260	123	3	C	0
261	116	4	C	0
262	214	2	B	0
263	447	2	B	0
264	29	3	C	0
265	235	2	B	0
266	4	3	C	0
267	213	3	C	0
268	492	4	C	0
269	316	2	B	0
270	233	3	C	0
271	335	1	A	0
272	146	2	B	0
273	56	2	B	0
274	364	4	C	0
275	29	2	B	0
276	383	1	A	0
277	172	2	B	0
278	332	3	C	0
279	415	4	C	0
280	102	4	C	0
281	5	1	A	0
282	51	1	A	0
283	416	4	C	0
284	276	1	A	0
285	27	2	B	0
286	404	2	B	0
287	282	1	A	0
288	377	3	C	0
289	306	3	C	0
290	153	4	C	0
291	283	2	B	0
292	100	1	A	0
293	189	3	C	0
294	195	3	C	0
295	391	1	A	0
296	41	3	C	0
297	425	4	C	0
298	204	4	C	0
299	156	3	C	0
300	208	2	B	0
301	34	1	A	0
302	466	3	C	0
303	282	3	C	0
304	152	3	C	0
305	405	2	B	0
306	432	3	C	0
307	153	2	B	0
308	217	3	C	0
309	54	4	C	0
310	213	4	C	0
311	383	2	B	0
312	194	3	C	0
313	90	1	A	0
314	98	3	C	0
315	441	3	C	0
316	54	1	A	0
317	414	2	B	0
318	249	4	C	0
319	200	4	C	0
320	43	1	A	0
321	468	4	C	0
322	200	2	B	0
323	486	4	C	0
324	389	2	B	0
325	177	3	C	0
326	431	2	B	0
327	96	2	B	0
328	366	3	C	0
329	478	2	B	0
330	467	2	B	0
331	174	1	A	0
332	410	3	C	0
333	238	3	C	0
334	170	4	C	0
335	137	3	C	0
336	225	1	A	0
337	259	3	C	0
338	393	1	A	0
339	280	3	C	0
340	170	2	B	0
341	103	2	B	0
342	452	2	B	0
343	99	2	B	0
344	191	2	B	0
345	277	4	C	0
346	371	1	A	0
347	249	2	B	0
348	429	4	C	0
349	61	3	C	0
350	250	1	A	0
351	420	2	B	0
352	362	2	B	0
353	83	2	B	0
354	208	3	C	0
355	454	4	C	0
356	104	4	C	0
357	323	1	A	0
358	279	3	C	0
359	64	3	C	0
360	90	1	A	0
361	13	4	C	0
362	113	4	C	0
363	420	1	A	0
364	304	1	A	0
365	265	4	C	0
366	222	4	C	0
367	340	2	B	0
368	109	2	B	0
369	483	4	C	0
370	331	1	A	0
371	346	3	C	0
372	499	1	A	0
373	300	4	C	0
374	351	1	A	0
375	50	4	C	0
376	461	4	C	0
377	216	3	C	0
378	154	3	C	0
379	245	2	B	0
380	144	1	A	0
381	398	2	B	0
382	322	1	A	0
383	251	1	A	0
384	82	2	B	0
385	414	1	A	0
386	456	4	C	0
387	346	2	B	0
388	82	3	C	0
389	222	2	B	0
390	251	1	A	0
391	102	1	A	0
392	367	3	C	0
393	453	1	A	0
394	53	4	C	0
395	163	3	C	0
396	45	1	A	0
397	326	4	C	0
398	248	2	B	0
399	189	4	C	0
400	105	3	C	0
401	399	1	A	0
402	358	1	A	0
403	470	1	A	0
404	317	1	A	0
405	19	3	C	0
406	370	3	C	0
407	236	2	B	0
408	9	2	B	0
409	471	3	C	0
410	411	2	B	0
411	121	1	A	0
412	62	4	C	0
413	430	1	A	0
414	55	4	C	0
415	136	3	C	0
416	340	3	C	0
417	169	1	A	0
418	39	4	C	0
419	150	2	B	0
420	474	1	A	0
421	426	4	C	0
422	352	2	B	0
423	234	3	C	0
424	20	3	C	0
425	224	4	C	0
426	119	2	B	0
427	474	2	B	0
428	190	4	C	0
429	269	4	C	0
430	288	2	B	0
431	135	4	C	0
432	178	1	A	0
433	316	2	B	0
434	136	2	B	0
435	367	3	C	0
436	451	4	C	0
437	302	1	A	0
438	405	2	B	0
439	434	3	C	0
440	20	2	B	0
441	429	2	B	0
442	171	3	C	0
443	265	4	C	0
444	374	1	A	0
445	315	2	B	0
446	118	2	B	0
447	437	4	C	0
448	285	2	B	0
449	174	4	C	0
450	312	2	B	0
451	297	1	A	0
452	451	1	A	0
453	241	1	A	0
454	219	3	C	0
455	88	1	A	0
456	58	4	C	0
457	319	1	A	0
458	348	3	C	0
459	360	1	A	0
460	230	2	B	0
461	55	3	C	0
462	211	3	C	0
463	455	1	A	0
464	337	2	B	0
465	110	1	A	0
466	476	1	A	0
467	140	4	C	0
468	227	1	A	0
469	92	4	C	0
470	141	3	C	0
471	271	4	C	0
472	179	2	B	0
473	452	2	B	0
474	83	2	B	0
475	262	1	A	0
476	356	2	B	0
477	49	1	A	0
478	390	1	A	0
479	80	2	B	0
480	487	1	A	0
481	344	2	B	0
482	138	1	A	0
483	390	2	B	0
484	321	4	C	0
485	307	3	C	0
486	219	3	C	0
487	304	1	A	0
488	366	2	B	0
489	375	4	C	0
490	114	1	A	0
491	141	1	A	0
492	157	4	C	0
493	254	3	C	0
494	162	3	C	0
495	493	1	A	0
496	120	1	A	0
497	191	2	B	0
498	211	3	C	0
499	162	4	C	0
500	159	4	C	0
501	371	4	C	0
502	84	2	B	0
503	350	2	B	0
504	492	3	C	0
505	423	3	C	0
506	137	1	A	0
507	323	3	C	0
508	117	1	A	0
509	372	4	C	0
510	237	4	C	0
511	101	3	C	0
512	79	3	C	0
513	430	4	C	0
514	343	2	B	0
515	40	2	B	0
516	11	2	B	0
517	94	4	C	0
518	56	2	B	0
519	108	4	C	0
520	17	1	A	0
521	44	3	C	0
522	257	1	A	0
523	187	1	A	0
524	121	3	C	0
525	496	3	C	0
526	275	1	A	0
527	303	1	A	0
528	31	1	A	0
529	477	4	C	0
530	74	3	C	0
531	277	1	A	0
532	258	2	B	0
533	198	2	B	0
534	35	3	C	0
535	312	4	C	0
536	421	2	B	0
537	458	4	C	0
538	68	4	C	0
539	140	4	C	0
540	315	4	C	0
541	313	1	A	0
542	410	3	C	0
543	171	1	A	0
544	256	2	B	0
545	38	2	B	0
546	306	3	C	0
547	458	4	C	0
548	158	4	C	0
549	15	3	C	0
550	107	4	C	0
551	496	1	A	0
552	230	1	A	0
553	120	4	C	0
554	426	1	A	0
555	485	3	C	0
556	253	3	C	0
557	454	1	A	0
558	317	4	C	0
559	38	3	C	0
560	28	3	C	0
561	449	2	B	0
562	266	1	A	0
563	241	1	A	0
564	109	4	C	0
565	484	4	C	0
566	448	4	C	0
567	285	2	B	0
568	411	4	C	0
569	166	2	B	0
570	485	4	C	0
571	438	3	C	0
572	441	4	C	0
573	387	3	C	0
574	334	3	C	0
575	421	4	C	0
576	329	2	B	0
577	446	2	B	0
578	212	1	A	0
579	59	3	C	0
580	406	2	B	0
581	434	2	B	0
582	206	4	C	0
583	93	2	B	0
584	353	2	B	0
585	363	2	B	0
586	154	1	A	0
587	186	2	B	0
588	206	2	B	0
589	400	1	A	0
590	404	2	B	0
591	472	3	C	0
592	1	2	B	0
593	303	3	C	0
594	150	1	A	0
595	307	4	C	0
596	406	1	A	0
597	69	1	A	0
598	473	3	C	0
599	118	4	C	0
600	117	2	B	0
601	94	4	C	0
602	226	1	A	0
603	259	3	C	0
604	96	3	C	0
605	157	1	A	0
606	235	4	C	0
607	165	3	C	0
608	114	1	A	0
609	12	1	A	0
610	422	4	C	0
611	398	2	B	0
612	305	1	A	0
613	275	3	C	0
614	360	1	A	0
615	393	1	A	0
616	244	3	C	0
617	46	3	C	0
618	419	3	C	0
619	111	2	B	0
620	81	1	A	0
621	345	4	C	0
622	460	4	C	0
623	422	3	C	0
624	119	1	A	0
625	164	1	A	0
626	345	3	C	0
627	32	2	B	0
628	24	4	C	0
629	188	1	A	0
630	149	2	B	0
631	47	3	C	0
632	497	2	B	0
633	133	1	A	0
634	308	1	A	0
635	309	1	A	0
636	355	2	B	0
637	197	2	B	0
638	444	1	A	0
639	34	3	C	0
640	125	3	C	0
641	26	2	B	0
642	311	1	A	0
643	201	1	A	0
644	89	2	B	0
645	111	4	C	0
646	1	4	C	0
647	25	1	A	0
648	69	4	C	0
649	203	4	C	0
650	459	1	A	0
651	479	2	B	0
652	161	4	C	0
653	202	2	B	0
654	128	1	A	0
655	39	4	C	0
656	37	2	B	0
657	15	1	A	0
658	98	4	C	0
659	314	4	C	0
660	331	1	A	0
661	408	1	A	0
662	27	2	B	0
663	95	2	B	0
664	126	4	C	0
665	26	4	C	0
666	309	2	B	0
667	261	3	C	0
668	216	1	A	0
669	457	1	A	0
670	99	2	B	0
671	294	2	B	0
672	169	1	A	0
673	347	3	C	0
674	294	4	C	0
675	68	1	A	0
676	494	4	C	0
677	314	2	B	0
678	473	1	A	0
679	336	2	B	0
680	431	2	B	0
681	286	2	B	0
682	353	1	A	0
683	14	4	C	0
684	122	2	B	0
685	480	3	C	0
686	229	1	A	0
687	286	4	C	0
688	325	1	A	0
689	272	1	A	0
690	489	2	B	0
691	438	4	C	0
692	399	1	A	0
693	395	3	C	0
694	196	4	C	0
695	151	3	C	0
696	448	1	A	0
697	40	4	C	0
698	498	3	C	0
699	395	2	B	0
700	388	4	C	0
701	380	4	C	0
702	36	2	B	0
703	450	3	C	0
704	92	3	C	0
705	263	1	A	0
706	459	2	B	0
707	2	1	A	0
708	142	2	B	0
709	489	3	C	0
710	409	4	C	0
711	359	4	C	0
712	23	1	A	0
713	48	3	C	0
714	225	2	B	0
715	52	3	C	0
716	324	1	A	0
717	85	2	B	0
718	210	4	C	0
719	258	4	C	0
720	481	3	C	0
721	188	2	B	0
722	243	3	C	0
723	229	1	A	0
724	481	4	C	0
725	355	1	A	0
726	445	2	B	0
727	78	3	C	0
728	400	1	A	0
729	147	4	C	0
730	408	2	B	0
731	276	3	C	0
732	59	3	C	0
733	93	3	C	0
734	123	4	C	0
735	397	1	A	0
736	469	2	B	0
737	7	1	A	0
738	127	3	C	0
739	108	3	C	0
740	61	2	B	0
741	215	1	A	0
742	460	1	A	0
743	151	1	A	0
744	72	3	C	0
745	392	4	C	0
746	80	1	A	0
747	164	1	A	0
748	413	1	A	0
749	197	2	B	0
750	181	3	C	0
751	201	1	A	0
752	66	4	C	0
753	152	4	C	0
754	16	3	C	0
755	381	4	C	0
756	134	3	C	0
757	240	1	A	0
758	490	4	C	0
759	475	1	A	0
760	71	3	C	0
761	85	2	B	0
762	310	3	C	0
763	278	4	C	0
764	87	1	A	0
765	368	4	C	0
766	239	3	C	0
767	292	2	B	0
768	392	1	A	0
769	218	4	C	0
770	95	4	C	0
771	112	4	C	0
772	247	2	B	0
773	63	1	A	0
774	246	4	C	0
775	104	1	A	0
776	417	3	C	0
777	468	2	B	0
778	313	1	A	0
779	172	3	C	0
780	488	2	B	0
781	397	2	B	0
782	425	4	C	0
783	407	3	C	0
784	185	1	A	0
785	344	4	C	0
786	179	4	C	0
787	248	4	C	0
788	243	3	C	0
789	263	4	C	0
790	50	4	C	0
791	67	4	C	0
792	450	2	B	0
793	66	3	C	0
794	183	2	B	0
795	84	2	B	0
796	456	1	A	0
797	403	1	A	0
798	372	4	C	0
799	348	3	C	0
800	281	2	B	0
801	486	4	C	0
802	479	2	B	0
803	223	1	A	0
804	349	4	C	0
805	253	3	C	0
806	72	1	A	0
807	324	2	B	0
808	139	2	B	0
809	480	1	A	0
810	168	4	C	0
811	112	1	A	0
812	289	2	B	0
813	257	1	A	0
814	176	2	B	0
815	254	4	C	0
816	350	2	B	0
817	7	3	C	0
818	202	3	C	0
819	129	3	C	0
820	296	4	C	0
821	482	1	A	0
822	43	4	C	0
823	122	1	A	0
824	139	1	A	0
825	394	1	A	0
826	10	3	C	0
827	148	3	C	0
828	330	1	A	0
829	232	2	B	0
830	184	1	A	0
831	444	2	B	0
832	389	2	B	0
833	333	1	A	0
834	387	4	C	0
835	210	1	A	0
836	499	4	C	0
837	283	2	B	0
838	274	2	B	0
839	125	2	B	0
840	439	2	B	0
841	266	2	B	0
842	145	2	B	0
843	412	1	A	0
844	244	3	C	0
845	4	2	B	0
846	440	2	B	0
847	67	2	B	0
848	403	3	C	0
849	338	2	B	0
850	435	2	B	0
851	412	4	C	0
852	145	3	C	0
853	256	1	A	0
854	3	3	C	0
855	495	3	C	0
856	302	2	B	0
857	220	2	B	0
858	281	4	C	0
859	261	3	C	0
860	57	4	C	0
861	338	4	C	0
862	368	2	B	0
863	476	2	B	0
864	2	3	C	0
865	184	2	B	0
866	129	2	B	0
867	31	2	B	0
868	126	2	B	0
869	14	3	C	0
870	130	1	A	0
871	273	1	A	0
872	424	2	B	0
873	274	2	B	0
874	428	1	A	0
875	223	2	B	0
876	187	4	C	0
877	494	2	B	0
878	185	4	C	0
879	147	1	A	0
880	133	1	A	0
881	232	4	C	0
882	11	4	C	0
883	354	4	C	0
884	155	4	C	0
885	33	4	C	0
886	369	2	B	0
887	30	1	A	0
888	17	4	C	0
889	196	2	B	0
890	292	1	A	0
891	190	3	C	0
892	173	4	C	0
893	242	3	C	0
894	65	4	C	0
895	23	3	C	0
896	260	2	B	0
897	273	4	C	0
898	436	1	A	0
899	195	4	C	0
900	77	4	C	0
901	246	1	A	0
902	124	2	B	0
903	148	2	B	0
904	75	4	C	0
905	155	4	C	0
906	359	1	A	0
907	160	2	B	0
908	128	4	C	0
909	445	4	C	0
910	475	4	C	0
911	289	1	A	0
912	436	4	C	0
913	234	4	C	0
914	144	2	B	0
915	268	3	C	0
916	435	2	B	0
917	271	1	A	0
918	270	4	C	0
919	447	3	C	0
920	203	4	C	0
921	385	3	C	0
922	52	2	B	0
923	192	2	B	0
924	161	4	C	0
925	57	3	C	0
926	79	1	A	0
927	143	4	C	0
928	287	2	B	0
929	18	2	B	0
930	107	1	A	0
931	326	1	A	0
932	58	2	B	0
933	242	1	A	0
934	357	4	C	0
935	233	4	C	0
936	106	2	B	0
937	318	1	A	0
938	493	1	A	0
939	199	4	C	0
940	10	1	A	0
941	30	2	B	0
942	278	1	A	0
943	168	4	C	0
944	73	2	B	0
945	270	2	B	0
946	115	2	B	0
947	467	1	A	0
948	364	4	C	0
949	439	3	C	0
950	482	3	C	0
951	363	2	B	0
952	380	2	B	0
953	287	4	C	0
954	22	4	C	0
955	376	1	A	0
956	472	1	A	0
957	48	4	C	0
958	382	1	A	0
959	228	2	B	0
960	247	4	C	0
961	299	3	C	0
962	221	3	C	0
963	382	3	C	0
964	199	1	A	0
965	73	4	C	0
966	495	4	C	0
967	186	3	C	0
968	457	4	C	0
969	396	1	A	0
970	419	2	B	0
971	124	3	C	0
972	318	1	A	0
973	63	2	B	0
974	138	3	C	0
975	381	4	C	0
976	394	1	A	0
977	22	2	B	0
978	483	3	C	0
979	260	3	C	0
980	299	4	C	0
981	498	3	C	0
982	462	2	B	0
983	180	3	C	0
984	115	3	C	0
985	25	3	C	0
986	386	4	C	0
987	77	3	C	0
988	13	3	C	0
989	221	3	C	0
990	500	3	C	0
991	245	1	A	0
992	127	4	C	0
993	205	2	B	0
994	500	3	C	0
995	386	1	A	0
996	106	3	C	0
997	165	4	C	0
998	180	4	C	0
999	396	1	A	0
1000	239	3	C	0
