Class Times	5
Rooms	200
1	54	A	1
2	31	C	1
3	39	A	0
4	96	A	0
5	60	C	0
6	91	A	0
7	89	A	0
8	47	C	0
9	84	B	0
10	73	B	0
11	72	A	0
12	89	B	1
13	19	A	0
14	36	B	0
15	32	C	0
16	80	A	1
17	59	C	1
18	61	C	1
19	98	A	0
20	59	C	1
21	35	A	0
22	20	A	1
23	39	A	1
24	43	B	0
25	34	A	1
26	88	B	0
27	30	C	1
28	52	C	1
29	92	B	0
30	82	A	1
31	17	B	0
32	39	A	0
33	68	B	0
34	28	B	0
35	93	A	0
36	25	C	0
37	20	C	0
38	31	B	0
39	81	A	1
40	82	A	0
41	72	A	0
42	88	A	0
43	37	C	1
44	58	C	1
45	86	B	1
46	19	B	0
47	50	C	1
48	34	C	1
49	13	A	0
50	72	C	0
51	45	C	0
52	54	C	0
53	11	C	0
54	19	B	1
55	17	C	1
56	91	A	1
57	80	A	0
58	48	A	0
59	55	B	1
60	54	C	0
61	70	B	0
62	65	A	0
63	69	A	1
64	18	A	1
65	43	A	1
66	46	A	0
67	48	A	1
68	46	C	1
69	23	B	1
70	24	C	1
71	30	A	1
72	64	C	0
73	86	B	0
74	26	C	1
75	95	B	0
76	55	A	0
77	15	B	1
78	18	A	0
79	95	B	1
80	62	C	1
81	44	C	1
82	77	B	1
83	63	B	0
84	16	C	1
85	70	A	0
86	80	B	1
87	62	A	1
88	10	B	1
89	10	B	1
90	36	A	1
91	99	C	1
92	90	A	1
93	77	C	0
94	58	C	0
95	95	B	1
96	41	A	1
97	63	C	0
98	65	A	0
99	79	C	0
100	34	A	0
101	10	A	0
102	91	C	1
103	70	A	0
104	51	B	0
105	68	B	0
106	65	B	1
107	76	A	1
108	95	C	1
109	34	A	1
110	14	C	1
111	44	B	1
112	54	B	1
113	91	A	1
114	74	B	0
115	91	C	0
116	16	B	1
117	15	A	0
118	50	B	0
119	51	C	0
120	55	A	1
121	72	C	1
122	72	A	0
123	92	B	0
124	93	B	0
125	46	C	1
126	34	A	0
127	12	C	0
128	17	C	0
129	14	C	0
130	86	C	0
131	61	B	0
132	75	C	1
133	28	B	1
134	85	C	1
135	73	B	1
136	64	A	0
137	90	B	1
138	40	C	0
139	46	A	1
140	63	B	0
141	64	C	0
142	70	B	0
143	53	C	0
144	40	C	1
145	87	C	0
146	28	B	0
147	85	A	0
148	58	C	1
149	90	C	0
150	75	A	1
151	52	C	1
152	54	B	1
153	41	C	0
154	44	B	0
155	65	A	1
156	84	B	0
157	26	B	0
158	24	B	0
159	34	C	0
160	52	A	0
161	19	B	0
162	46	C	1
163	41	C	0
164	93	C	0
165	39	A	1
166	67	A	1
167	17	B	0
168	44	B	1
169	96	A	0
170	12	A	1
171	53	B	0
172	18	A	1
173	11	A	1
174	69	C	1
175	37	B	1
176	63	B	0
177	39	C	0
178	75	B	1
179	13	B	0
180	92	C	1
181	51	A	0
182	18	C	0
183	18	A	1
184	54	C	0
185	43	C	0
186	83	C	0
187	72	A	0
188	66	B	0
189	90	A	1
190	47	A	0
191	71	B	0
192	34	A	0
193	67	B	0
194	78	C	0
195	84	B	1
196	98	C	0
197	38	C	1
198	60	C	1
199	87	A	1
200	53	B	1
Classes	1000
Teachers	500
1	411	3	C	1
2	231	1	A	1
3	452	4	C	1
4	235	4	C	1
5	316	4	C	1
6	465	4	C	1
7	469	1	A	1
8	263	2	B	1
9	197	4	C	1
10	218	2	B	1
11	286	2	B	1
12	13	2	B	1
13	441	1	A	1
14	338	3	C	1
15	24	4	C	1
16	460	1	A	1
17	180	3	C	1
18	142	4	C	1
19	210	1	A	1
20	348	1	A	1
21	3	1	A	1
22	11	3	C	1
23	124	4	C	1
24	300	3	C	1
25	394	1	A	1
26	187	2	B	1
27	72	1	A	1
28	8	4	C	1
29	401	1	A	1
30	208	3	C	1
31	332	4	C	1
32	135	3	C	1
33	259	3	C	1
34	368	1	A	1
35	31	4	C	1
36	375	4	C	1
37	139	1	A	1
38	322	4	C	1
39	222	3	C	1
40	458	3	C	1
41	355	1	A	1
42	70	1	A	1
43	350	3	C	1
44	343	1	A	1
45	210	3	C	1
46	479	2	B	1
47	202	1	A	1
48	369	3	C	1
49	211	4	C	1
50	219	3	C	1
51	274	1	A	0
52	222	2	B	0
53	169	1	A	0
54	110	3	C	0
55	297	3	C	0
56	258	4	C	0
57	122	2	B	0
58	243	3	C	0
59	406	2	B	0
60	487	1	A	0
61	233	3	C	0
62	495	4	C	0
63	144	1	A	0
64	347	1	A	0
65	147	3	C	0
66	110	3	C	0
67	163	2	B	0
68	306	3	C	0
69	375	3	C	0
70	403	4	C	0
71	73	2	B	0
72	347	2	B	0
73	70	2	B	0
74	373	3	C	0
75	479	3	C	0
76	419	2	B	0
77	496	4	C	0
78	45	1	A	0
79	253	1	A	0
80	120	2	B	0
81	218	2	B	0
82	242	3	C	0
83	55	1	A	0
84	83	4	C	0
85	395	3	C	0
86	189	1	A	0
87	45	4	C	0
88	346	3	C	0
89	160	2	B	0
90	368	2	B	0
91	114	4	C	0
92	373	3	C	0
93	365	2	B	0
94	431	4	C	0
95	281	2	B	0
96	335	1	A	0
97	445	3	C	0
98	120	3	C	0
99	185	2	B	0
100	323	4	C	0
101	386	1	A	0
102	211	3	C	0
103	248	3	C	0
104	319	2	B	0
105	398	3	C	0
106	316	1	A	0
107	443	4	C	0
108	98	4	C	0
109	489	3	C	0
110	496	2	B	0
111	66	2	B	0
112	66	1	A	0
113	7	2	B	0
114	80	2	B	0
115	74	3	C	0
116	5	1	A	0
117	292	2	B	0
118	468	2	B	0
119	189	2	B	0
120	223	4	C	0
121	147	4	C	0
122	297	3	C	0
123	213	3	C	0
124	303	3	C	0
125	29	1	A	0
126	464	4	C	0
127	291	4	C	0
128	125	4	C	0
129	27	1	A	0
130	414	3	C	0
131	142	2	B	0
132	181	4	C	0
133	400	1	A	0
134	16	1	A	0
135	458	4	C	0
136	138	1	A	0
137	15	4	C	0
138	48	2	B	0
139	234	4	C	0
140	153	2	B	0
141	253	3	C	0
142	262	4	C	0
143	298	1	A	0
144	443	1	A	0
145	283	2	B	0
146	184	2	B	0
147	124	2	B	0
148	151	2	B	0
149	112	4	C	0
150	343	4	C	0
151	310	2	B	0
152	101	1	A	0
153	436	1	A	0
154	299	3	C	0
155	192	2	B	0
156	111	1	A	0
157	118	1	A	0
158	425	2	B	0
159	148	2	B	0
160	93	3	C	0
161	497	2	B	0
162	111	2	B	0
163	29	4	C	0
164	298	3	C	0
165	325	3	C	0
166	146	4	C	0
167	491	4	C	0
168	150	1	A	0
169	289	4	C	0
170	323	3	C	0
171	190	2	B	0
172	423	4	C	0
173	300	4	C	0
174	200	4	C	0
175	143	3	C	0
176	150	3	C	0
177	184	3	C	0
178	449	2	B	0
179	312	3	C	0
180	410	2	B	0
181	328	4	C	0
182	229	2	B	0
183	19	3	C	0
184	17	1	A	0
185	256	3	C	0
186	384	1	A	0
187	265	2	B	0
188	495	3	C	0
189	301	4	C	0
190	471	2	B	0
191	467	3	C	0
192	158	2	B	0
193	412	1	A	0
194	34	2	B	0
195	291	1	A	0
196	398	4	C	0
197	59	3	C	0
198	454	1	A	0
199	102	2	B	0
200	113	2	B	0
201	207	3	C	0
202	198	2	B	0
203	95	4	C	0
204	176	2	B	0
205	393	3	C	0
206	380	3	C	0
207	301	1	A	0
208	72	3	C	0
209	32	4	C	0
210	367	4	C	0
211	43	3	C	0
212	74	4	C	0
213	8	3	C	0
214	133	4	C	0
215	186	4	C	0
216	56	1	A	0
217	239	3	C	0
218	226	1	A	0
219	5	2	B	0
220	480	1	A	0
221	227	2	B	0
222	228	4	C	0
223	483	3	C	0
224	478	3	C	0
225	385	1	A	0
226	476	1	A	0
227	358	4	C	0
228	311	4	C	0
229	129	4	C	0
230	168	2	B	0
231	128	1	A	0
232	143	4	C	0
233	244	3	C	0
234	30	1	A	0
235	480	2	B	0
236	28	1	A	0
237	322	3	C	0
238	348	1	A	0
239	104	2	B	0
240	59	3	C	0
241	19	2	B	0
242	237	3	C	0
243	116	4	C	0
244	106	4	C	0
245	310	3	C	0
246	144	1	A	0
247	471	1	A	0
248	436	3	C	0
249	407	3	C	0
250	216	1	A	0
251	435	2	B	0
252	483	1	A	0
253	115	2	B	0
254	78	1	A	0
255	46	1	A	0
256	103	4	C	0
257	433	4	C	0
258	303	3	C	0
259	117	3	C	0
260	280	3	C	0
261	65	3	C	0
262	10	4	C	0
263	79	4	C	0
264	62	3	C	0
265	381	4	C	0
266	221	4	C	0
267	251	2	B	0
268	419	4	C	0
269	421	4	C	0
270	11	2	B	0
271	173	1	A	0
272	484	1	A	0
273	18	4	C	0
274	500	1	A	0
275	233	1	A	0
276	161	1	A	0
277	60	3	C	0
278	49	3	C	0
279	130	2	B	0
280	489	3	C	0
281	56	1	A	0
282	466	2	B	0
283	43	1	A	0
284	313	3	C	0
285	7	4	C	0
286	161	3	C	0
287	176	2	B	0
288	396	4	C	0
289	235	4	C	0
290	108	1	A	0
291	229	1	A	0
292	358	3	C	0
293	453	2	B	0
294	75	1	A	0
295	285	3	C	0
296	117	3	C	0
297	286	3	C	0
298	22	2	B	0
299	73	2	B	0
300	148	1	A	0
301	377	1	A	0
302	302	3	C	0
303	215	3	C	0
304	430	3	C	0
305	21	1	A	0
306	369	2	B	0
307	421	3	C	0
308	416	1	A	0
309	95	3	C	0
310	252	1	A	0
311	371	3	C	0
312	179	4	C	0
313	79	4	C	0
314	350	3	C	0
315	317	2	B	0
316	487	1	A	0
317	401	1	A	0
318	409	2	B	0
319	340	2	B	0
320	461	4	C	0
321	461	1	A	0
322	273	3	C	0
323	165	4	C	0
324	157	2	B	0
325	309	2	B	0
326	57	3	C	0
327	159	2	B	0
328	219	2	B	0
329	327	1	A	0
330	168	2	B	0
331	32	3	C	0
332	193	3	C	0
333	294	4	C	0
334	158	1	A	0
335	387	4	C	0
336	357	3	C	0
337	275	3	C	0
338	406	1	A	0
339	259	3	C	0
340	344	3	C	0
341	442	4	C	0
342	363	2	B	0
343	52	3	C	0
344	122	1	A	0
345	239	3	C	0
346	135	4	C	0
347	468	4	C	0
348	299	4	C	0
349	173	3	C	0
350	85	2	B	0
351	380	2	B	0
352	272	1	A	0
353	155	4	C	0
354	280	3	C	0
355	9	4	C	0
356	497	3	C	0
357	65	3	C	0
358	388	3	C	0
359	439	1	A	0
360	321	4	C	0
361	162	1	A	0
362	126	1	A	0
363	139	2	B	0
364	61	2	B	0
365	212	4	C	0
366	261	3	C	0
367	257	2	B	0
368	367	4	C	0
369	318	3	C	0
370	15	3	C	0
371	394	4	C	0
372	420	4	C	0
373	442	2	B	0
374	195	2	B	0
375	145	3	C	0
376	179	2	B	0
377	92	1	A	0
378	162	2	B	0
379	149	4	C	0
380	177	2	B	0
381	44	3	C	0
382	225	2	B	0
383	226	2	B	0
384	466	1	A	0
385	289	2	B	0
386	96	3	C	0
387	431	3	C	0
388	395	1	A	0
389	28	1	A	0
390	24	4	C	0
391	312	3	C	0
392	295	4	C	0
393	39	4	C	0
394	287	1	A	0
395	354	1	A	0
396	338	4	C	0
397	88	1	A	0
398	153	2	B	0
399	311	3	C	0
400	3	3	C	0
401	113	1	A	0
402	408	2	B	0
403	307	3	C	0
404	408	2	B	0
405	478	1	A	0
406	257	4	C	0
407	451	4	C	0
408	246	1	A	0
409	254	1	A	0
410	281	2	B	0
411	362	4	C	0
412	23	4	C	0
413	262	3	C	0
414	464	4	C	0
415	146	1	A	0
416	91	2	B	0
417	288	4	C	0
418	269	4	C	0
419	456	1	A	0
420	134	1	A	0
421	52	4	C	0
422	420	4	C	0
423	275	1	A	0
424	236	4	C	0
425	333	3	C	0
426	115	4	C	0
427	381	1	A	0
428	182	3	C	0
429	337	3	C	0
430	123	2	B	0
431	427	3	C	0
432	238	1	A	0
433	80	3	C	0
434	287	2	B	0
435	354	3	C	0
436	293	2	B	0
437	14	1	A	0
438	90	3	C	0
439	156	1	A	0
440	433	3	C	0
441	123	1	A	0
442	151	1	A	0
443	326	3	C	0
444	250	4	C	0
445	455	1	A	0
446	263	1	A	0
447	54	1	A	0
448	430	4	C	0
449	242	2	B	0
450	481	1	A	0
451	125	3	C	0
452	374	4	C	0
453	351	4	C	0
454	205	4	C	0
455	482	3	C	0
456	409	2	B	0
457	494	2	B	0
458	240	3	C	0
459	167	4	C	0
460	195	1	A	0
461	355	3	C	0
462	400	3	C	0
463	126	1	A	0
464	47	2	B	0
465	288	2	B	0
466	196	4	C	0
467	100	4	C	0
468	167	1	A	0
469	92	1	A	0
470	205	4	C	0
471	129	1	A	0
472	456	1	A	0
473	215	1	A	0
474	130	2	B	0
475	109	4	C	0
476	86	4	C	0
477	453	2	B	0
478	10	3	C	0
479	339	1	A	0
480	177	2	B	0
481	230	1	A	0
482	334	2	B	0
483	30	1	A	0
484	232	2	B	0
485	119	3	C	0
486	42	4	C	0
487	494	3	C	0
488	166	2	B	0
489	188	3	C	0
490	204	4	C	0
491	170	2	B	0
492	482	2	B	0
493	314	3	C	0
494	403	2	B	0
495	200	3	C	0
496	97	2	B	0
497	48	3	C	0
498	157	2	B	0
499	469	2	B	0
500	319	3	C	0
501	437	1	A	0
502	339	1	A	0
503	237	1	A	0
504	416	1	A	0
505	174	3	C	0
506	266	1	A	0
507	429	1	A	0
508	6	1	A	0
509	77	1	A	0
510	166	3	C	0
511	145	1	A	0
512	444	3	C	0
513	62	1	A	0
514	152	3	C	0
515	438	3	C	0
516	481	4	C	0
517	188	2	B	0
518	183	3	C	0
519	90	4	C	0
520	399	1	A	0
521	305	2	B	0
522	25	2	B	0
523	309	1	A	0
524	54	4	C	0
525	396	2	B	0
526	58	4	C	0
527	83	3	C	0
528	283	1	A	0
529	346	1	A	0
530	203	4	C	0
531	112	4	C	0
532	78	3	C	0
533	264	3	C	0
534	100	3	C	0
535	191	4	C	0
536	212	3	C	0
537	335	2	B	0
538	44	4	C	0
539	260	3	C	0
540	272	2	B	0
541	190	3	C	0
542	490	2	B	0
543	317	1	A	0
544	477	3	C	0
545	383	3	C	0
546	321	4	C	0
547	393	4	C	0
548	22	2	B	0
549	49	1	A	0
550	232	3	C	0
551	255	3	C	0
552	445	1	A	0
553	318	4	C	0
554	391	3	C	0
555	313	1	A	0
556	88	2	B	0
557	392	1	A	0
558	491	4	C	0
559	155	3	C	0
560	424	3	C	0
561	245	1	A	0
562	435	2	B	0
563	446	4	C	0
564	240	1	A	0
565	193	3	C	0
566	334	2	B	0
567	327	2	B	0
568	140	2	B	0
569	223	4	C	0
570	260	3	C	0
571	366	1	A	0
572	50	3	C	0
573	175	3	C	0
574	81	2	B	0
575	342	2	B	0
576	363	1	A	0
577	108	4	C	0
578	463	4	C	0
579	377	4	C	0
580	178	3	C	0
581	230	4	C	0
582	392	1	A	0
583	77	2	B	0
584	47	3	C	0
585	171	1	A	0
586	427	3	C	0
587	172	4	C	0
588	285	3	C	0
589	99	2	B	0
590	254	2	B	0
591	441	4	C	0
592	99	2	B	0
593	163	1	A	0
594	266	1	A	0
595	374	2	B	0
596	94	3	C	0
597	470	1	A	0
598	451	4	C	0
599	20	3	C	0
600	385	4	C	0
601	164	4	C	0
602	269	4	C	0
603	450	3	C	0
604	279	1	A	0
605	203	4	C	0
606	165	1	A	0
607	328	2	B	0
608	31	2	B	0
609	26	3	C	0
610	418	4	C	0
611	216	4	C	0
612	172	4	C	0
613	69	1	A	0
614	399	3	C	0
615	41	1	A	0
616	475	3	C	0
617	228	4	C	0
618	68	3	C	0
619	93	3	C	0
620	449	2	B	0
621	82	1	A	0
622	128	2	B	0
623	25	4	C	0
624	23	1	A	0
625	407	1	A	0
626	383	3	C	0
627	35	2	B	0
628	307	3	C	0
629	330	4	C	0
630	16	4	C	0
631	341	3	C	0
632	417	2	B	0
633	82	3	C	0
634	341	2	B	0
635	107	1	A	0
636	258	2	B	0
637	331	3	C	0
638	305	4	C	0
639	213	2	B	0
640	295	3	C	0
641	241	4	C	0
642	40	4	C	0
643	331	4	C	0
644	353	4	C	0
645	225	3	C	0
646	231	1	A	0
647	351	1	A	0
648	209	2	B	0
649	84	1	A	0
650	164	2	B	0
651	12	4	C	0
652	159	3	C	0
653	282	4	C	0
654	192	3	C	0
655	273	3	C	0
656	277	2	B	0
657	64	4	C	0
658	388	3	C	0
659	302	3	C	0
660	114	1	A	0
661	437	3	C	0
662	342	2	B	0
663	329	2	B	0
664	429	4	C	0
665	333	2	B	0
666	463	3	C	0
667	488	4	C	0
668	357	1	A	0
669	63	4	C	0
670	40	3	C	0
671	18	1	A	0
672	170	4	C	0
673	63	3	C	0
674	180	1	A	0
675	365	2	B	0
676	89	1	A	0
677	308	4	C	0
678	279	3	C	0
679	276	4	C	0
680	376	4	C	0
681	362	2	B	0
682	37	3	C	0
683	423	2	B	0
684	198	4	C	0
685	493	2	B	0
686	366	3	C	0
687	277	4	C	0
688	89	4	C	0
689	397	4	C	0
690	276	1	A	0
691	12	2	B	0
692	267	3	C	0
693	324	3	C	0
694	432	4	C	0
695	107	3	C	0
696	292	1	A	0
697	118	2	B	0
698	41	3	C	0
699	87	3	C	0
700	39	3	C	0
701	14	2	B	0
702	457	1	A	0
703	391	1	A	0
704	137	2	B	0
705	76	3	C	0
706	138	3	C	0
707	196	1	A	0
708	152	3	C	0
709	34	4	C	0
710	438	1	A	0
711	104	3	C	0
712	413	4	C	0
713	134	3	C	0
714	460	4	C	0
715	252	4	C	0
716	154	3	C	0
717	174	1	A	0
718	46	1	A	0
719	326	3	C	0
720	411	1	A	0
721	450	3	C	0
722	329	1	A	0
723	245	2	B	0
724	238	1	A	0
725	360	3	C	0
726	191	1	A	0
727	86	4	C	0
728	154	2	B	0
729	119	3	C	0
730	465	2	B	0
731	97	1	A	0
732	91	1	A	0
733	405	4	C	0
734	227	2	B	0
735	372	4	C	0
736	85	2	B	0
737	75	4	C	0
738	432	1	A	0
739	133	3	C	0
740	426	1	A	0
741	337	2	B	0
742	156	1	A	0
743	359	3	C	0
744	109	1	A	0
745	247	3	C	0
746	426	3	C	0
747	64	4	C	0
748	428	3	C	0
749	282	1	A	0
750	439	4	C	0
751	340	3	C	0
752	349	2	B	0
753	415	2	B	0
754	425	1	A	0
755	488	1	A	0
756	149	1	A	0
757	87	2	B	0
758	325	3	C	0
759	81	3	C	0
760	387	2	B	0
761	414	2	B	0
762	270	1	A	0
763	37	4	C	0
764	214	2	B	0
765	197	3	C	0
766	214	2	B	0
767	201	2	B	0
768	498	2	B	0
769	308	4	C	0
770	13	3	C	0
771	386	3	C	0
772	206	2	B	0
773	61	1	A	0
774	379	4	C	0
775	217	2	B	0
776	103	1	A	0
777	136	2	B	0
778	67	3	C	0
779	199	3	C	0
780	448	2	B	0
781	50	2	B	0
782	344	4	C	0
783	284	3	C	0
784	353	4	C	0
785	209	2	B	0
786	484	2	B	0
787	68	4	C	0
788	220	2	B	0
789	370	1	A	0
790	410	3	C	0
791	58	3	C	0
792	413	3	C	0
793	251	4	C	0
794	121	3	C	0
795	98	4	C	0
796	492	4	C	0
797	265	4	C	0
798	121	3	C	0
799	96	4	C	0
800	60	3	C	0
801	359	1	A	0
802	493	1	A	0
803	51	4	C	0
804	294	3	C	0
805	71	3	C	0
806	447	2	B	0
807	131	3	C	0
808	271	4	C	0
809	55	3	C	0
810	183	2	B	0
811	9	1	A	0
812	217	4	C	0
813	462	3	C	0
814	136	1	A	0
815	428	4	C	0
816	376	3	C	0
817	415	2	B	0
818	267	2	B	0
819	324	3	C	0
820	53	3	C	0
821	336	3	C	0
822	270	3	C	0
823	440	2	B	0
824	17	4	C	0
825	293	1	A	0
826	241	4	C	0
827	116	2	B	0
828	452	2	B	0
829	424	3	C	0
830	6	2	B	0
831	140	4	C	0
832	459	1	A	0
833	181	4	C	0
834	422	1	A	0
835	349	2	B	0
836	314	3	C	0
837	492	3	C	0
838	246	3	C	0
839	171	2	B	0
840	500	1	A	0
841	477	4	C	0
842	360	4	C	0
843	332	2	B	0
844	372	4	C	0
845	476	4	C	0
846	444	4	C	0
847	336	4	C	0
848	67	3	C	0
849	378	2	B	0
850	290	3	C	0
851	462	3	C	0
852	499	3	C	0
853	57	2	B	0
854	315	2	B	0
855	105	4	C	0
856	206	1	A	0
857	384	1	A	0
858	485	2	B	0
859	182	2	B	0
860	330	3	C	0
861	284	2	B	0
862	221	2	B	0
863	207	1	A	0
864	473	4	C	0
865	202	4	C	0
866	268	3	C	0
867	186	1	A	0
868	296	1	A	0
869	255	3	C	0
870	364	3	C	0
871	417	1	A	0
872	402	1	A	0
873	256	2	B	0
874	345	1	A	0
875	250	2	B	0
876	397	3	C	0
877	27	2	B	0
878	434	2	B	0
879	448	3	C	0
880	187	1	A	0
881	352	3	C	0
882	498	4	C	0
883	418	4	C	0
884	440	2	B	0
885	364	4	C	0
886	127	3	C	0
887	35	1	A	0
888	389	4	C	0
889	131	1	A	0
890	271	2	B	0
891	106	1	A	0
892	382	1	A	0
893	76	1	A	0
894	208	3	C	0
895	94	1	A	0
896	199	2	B	0
897	320	3	C	0
898	33	2	B	0
899	249	2	B	0
900	169	1	A	0
901	486	1	A	0
902	132	2	B	0
903	486	3	C	0
904	105	2	B	0
905	234	2	B	0
906	412	4	C	0
907	475	3	C	0
908	71	1	A	0
909	499	4	C	0
910	306	4	C	0
911	457	3	C	0
912	201	1	A	0
913	454	3	C	0
914	2	2	B	0
915	345	3	C	0
916	175	3	C	0
917	102	1	A	0
918	33	3	C	0
919	38	3	C	0
920	127	1	A	0
921	243	3	C	0
922	446	2	B	0
923	422	2	B	0
924	194	4	C	0
925	236	4	C	0
926	447	4	C	0
927	474	4	C	0
928	51	3	C	0
929	352	1	A	0
930	2	2	B	0
931	473	2	B	0
932	268	1	A	0
933	304	2	B	0
934	455	2	B	0
935	304	3	C	0
936	141	4	C	0
937	42	3	C	0
938	290	2	B	0
939	390	2	B	0
940	274	2	B	0
941	382	1	A	0
942	379	2	B	0
943	185	2	B	0
944	224	2	B	0
945	160	3	C	0
946	389	4	C	0
947	404	3	C	0
948	26	4	C	0
949	101	4	C	0
950	404	1	A	0
951	474	4	C	0
952	356	3	C	0
953	315	4	C	0
954	141	1	A	0
955	248	1	A	0
956	132	4	C	0
957	470	2	B	0
958	402	1	A	0
959	220	1	A	0
960	204	2	B	0
961	38	3	C	0
962	194	2	B	0
963	296	2	B	0
964	224	3	C	0
965	356	2	B	0
966	371	2	B	0
967	320	2	B	0
968	137	4	C	0
969	84	2	B	0
970	278	4	C	0
971	261	2	B	0
972	21	4	C	0
973	20	1	A	0
974	378	1	A	0
975	178	4	C	0
976	490	1	A	0
977	249	3	C	0
978	36	2	B	0
979	361	3	C	0
980	69	3	C	0
981	36	2	B	0
982	53	1	A	0
983	485	4	C	0
984	390	4	C	0
985	405	4	C	0
986	4	2	B	0
987	278	2	B	0
988	244	4	C	0
989	247	3	C	0
990	361	4	C	0
991	370	4	C	0
992	434	1	A	0
993	467	2	B	0
994	1	3	C	0
995	472	2	B	0
996	1	4	C	0
997	472	2	B	0
998	459	2	B	0
999	264	3	C	0
1000	4	2	B	0
