Class Times	5
Rooms	200
1	76	A	1
2	28	A	0
3	20	C	0
4	97	C	0
5	47	B	0
6	21	A	0
7	13	C	1
8	53	A	1
9	86	B	1
10	79	B	0
11	91	C	1
12	35	C	0
13	94	C	1
14	35	A	0
15	18	C	1
16	45	A	1
17	25	A	0
18	92	B	0
19	89	C	0
20	98	B	0
21	47	C	1
22	75	B	0
23	77	B	0
24	70	A	0
25	37	A	1
26	80	C	1
27	91	B	1
28	78	B	0
29	20	C	1
30	17	C	0
31	69	C	0
32	22	B	0
33	50	B	1
34	82	C	0
35	62	C	1
36	57	A	1
37	79	C	1
38	16	C	0
39	60	C	1
40	23	C	1
41	71	C	1
42	46	B	0
43	33	B	0
44	24	C	1
45	70	C	1
46	11	B	1
47	94	C	0
48	83	C	0
49	42	B	1
50	61	B	0
51	95	B	1
52	63	B	0
53	37	B	1
54	27	A	0
55	74	A	0
56	33	A	0
57	90	A	1
58	87	B	0
59	58	A	0
60	71	B	1
61	12	A	1
62	71	C	1
63	37	A	1
64	17	B	0
65	72	B	0
66	76	B	0
67	76	C	0
68	57	C	0
69	85	C	0
70	95	C	0
71	23	A	0
72	46	B	1
73	55	C	0
74	85	A	1
75	54	C	1
76	86	C	0
77	81	C	1
78	77	B	1
79	96	A	1
80	80	A	1
81	86	B	0
82	86	B	0
83	45	B	1
84	12	B	1
85	98	C	0
86	46	B	0
87	57	B	0
88	60	A	0
89	93	C	1
90	96	C	0
91	85	A	0
92	96	A	1
93	91	C	1
94	91	A	1
95	49	B	1
96	50	B	1
97	58	B	0
98	92	C	0
99	81	B	0
100	58	A	0
101	47	C	0
102	43	A	1
103	19	A	0
104	37	B	1
105	95	C	1
106	20	C	1
107	69	C	0
108	91	B	0
109	50	C	1
110	65	B	1
111	34	B	1
112	95	A	0
113	50	C	1
114	79	C	1
115	20	B	1
116	89	B	1
117	19	A	0
118	92	C	1
119	10	B	1
120	75	C	0
121	87	A	1
122	37	A	0
123	42	A	1
124	20	B	1
125	11	A	0
126	67	C	0
127	99	A	1
128	97	C	0
129	62	B	0
130	34	C	1
131	39	A	0
132	28	B	0
133	31	C	1
134	83	C	0
135	61	A	0
136	30	A	1
137	89	C	1
138	35	A	0
139	22	C	0
140	24	A	0
141	25	A	1
142	39	B	1
143	87	B	1
144	31	C	0
145	68	A	1
146	73	A	1
147	10	B	1
148	80	B	1
149	95	C	1
150	41	B	0
151	86	C	1
152	87	C	1
153	64	A	0
154	40	B	1
155	49	B	1
156	43	C	0
157	70	C	1
158	26	A	1
159	99	B	1
160	36	C	1
161	82	A	0
162	77	B	1
163	59	B	0
164	22	B	1
165	86	B	0
166	85	C	0
167	64	C	1
168	52	C	1
169	52	C	0
170	62	C	0
171	87	A	1
172	27	C	0
173	16	C	0
174	48	B	0
175	81	A	1
176	53	C	1
177	56	C	0
178	74	B	1
179	80	B	0
180	55	B	1
181	22	B	1
182	90	A	0
183	30	A	0
184	36	C	1
185	75	A	0
186	98	C	1
187	52	C	0
188	57	C	0
189	27	B	0
190	45	B	0
191	81	A	0
192	46	B	1
193	48	C	1
194	29	C	1
195	70	B	0
196	68	A	0
197	89	A	0
198	36	B	1
199	40	C	0
200	42	B	1
Classes	1000
Teachers	500
1	128	3	C	1
2	348	4	C	1
3	179	3	C	1
4	246	4	C	1
5	165	4	C	1
6	65	1	A	1
7	226	2	B	1
8	174	4	C	1
9	78	2	B	1
10	199	2	B	1
11	162	4	C	1
12	499	3	C	1
13	189	4	C	1
14	282	2	B	1
15	13	4	C	1
16	348	4	C	1
17	300	3	C	1
18	11	4	C	1
19	214	1	A	1
20	22	3	C	1
21	314	1	A	1
22	137	4	C	1
23	124	1	A	1
24	149	3	C	1
25	102	3	C	1
26	55	3	C	1
27	476	2	B	1
28	424	4	C	1
29	95	4	C	1
30	43	3	C	1
31	489	2	B	1
32	60	1	A	1
33	325	1	A	1
34	14	1	A	1
35	424	3	C	1
36	390	2	B	1
37	97	1	A	1
38	420	3	C	1
39	325	2	B	1
40	420	2	B	1
41	119	4	C	1
42	31	2	B	1
43	164	3	C	1
44	74	1	A	1
45	269	2	B	1
46	255	3	C	1
47	456	2	B	1
48	384	3	C	1
49	232	2	B	1
50	373	1	A	1
51	304	4	C	0
52	9	4	C	0
53	20	2	B	0
54	177	1	A	0
55	95	2	B	0
56	106	4	C	0
57	323	4	C	0
58	396	1	A	0
59	337	1	A	0
60	355	3	C	0
61	321	4	C	0
62	500	3	C	0
63	342	3	C	0
64	285	3	C	0
65	467	2	B	0
66	83	4	C	0
67	91	3	C	0
68	292	3	C	0
69	5	3	C	0
70	292	3	C	0
71	451	3	C	0
72	201	1	A	0
73	165	1	A	0
74	185	4	C	0
75	357	1	A	0
76	151	4	C	0
77	132	2	B	0
78	26	1	A	0
79	381	4	C	0
80	296	4	C	0
81	2	3	C	0
82	495	1	A	0
83	407	1	A	0
84	219	3	C	0
85	477	3	C	0
86	344	3	C	0
87	193	1	A	0
88	41	3	C	0
89	270	2	B	0
90	371	1	A	0
91	16	1	A	0
92	299	3	C	0
93	311	1	A	0
94	146	4	C	0
95	93	2	B	0
96	363	2	B	0
97	203	3	C	0
98	109	1	A	0
99	313	2	B	0
100	68	1	A	0
101	221	3	C	0
102	463	2	B	0
103	447	4	C	0
104	39	1	A	0
105	48	2	B	0
106	340	4	C	0
107	395	2	B	0
108	130	2	B	0
109	67	2	B	0
110	47	1	A	0
111	416	3	C	0
112	231	4	C	0
113	237	4	C	0
114	278	1	A	0
115	496	2	B	0
116	167	2	B	0
117	439	2	B	0
118	54	4	C	0
119	161	3	C	0
120	289	3	C	0
121	220	3	C	0
122	250	4	C	0
123	15	4	C	0
124	327	2	B	0
125	461	2	B	0
126	480	4	C	0
127	246	3	C	0
128	33	3	C	0
129	344	2	B	0
130	237	3	C	0
131	87	4	C	0
132	92	2	B	0
133	371	4	C	0
134	133	1	A	0
135	450	4	C	0
136	307	2	B	0
137	291	1	A	0
138	249	4	C	0
139	492	1	A	0
140	13	2	B	0
141	485	4	C	0
142	46	4	C	0
143	378	4	C	0
144	263	2	B	0
145	230	4	C	0
146	39	1	A	0
147	330	2	B	0
148	299	1	A	0
149	227	3	C	0
150	370	4	C	0
151	334	2	B	0
152	422	2	B	0
153	442	2	B	0
154	213	2	B	0
155	496	1	A	0
156	407	3	C	0
157	65	4	C	0
158	399	4	C	0
159	76	4	C	0
160	219	4	C	0
161	306	3	C	0
162	490	3	C	0
163	155	2	B	0
164	365	3	C	0
165	312	4	C	0
166	15	2	B	0
167	198	1	A	0
168	332	4	C	0
169	178	1	A	0
170	437	3	C	0
171	488	3	C	0
172	217	2	B	0
173	363	2	B	0
174	462	4	C	0
175	482	1	A	0
176	242	4	C	0
177	296	2	B	0
178	160	1	A	0
179	152	4	C	0
180	91	3	C	0
181	82	3	C	0
182	472	2	B	0
183	222	1	A	0
184	89	3	C	0
185	473	4	C	0
186	37	2	B	0
187	497	4	C	0
188	384	2	B	0
189	215	4	C	0
190	461	2	B	0
191	243	1	A	0
192	269	4	C	0
193	137	2	B	0
194	494	2	B	0
195	223	4	C	0
196	398	1	A	0
197	267	1	A	0
198	32	2	B	0
199	252	4	C	0
200	168	1	A	0
201	298	4	C	0
202	178	1	A	0
203	356	4	C	0
204	28	2	B	0
205	224	1	A	0
206	288	2	B	0
207	96	2	B	0
208	340	2	B	0
209	411	4	C	0
210	43	4	C	0
211	21	3	C	0
212	211	1	A	0
213	151	2	B	0
214	318	4	C	0
215	474	3	C	0
216	372	3	C	0
217	232	1	A	0
218	401	2	B	0
219	375	4	C	0
220	107	3	C	0
221	361	1	A	0
222	435	1	A	0
223	240	2	B	0
224	205	4	C	0
225	421	3	C	0
226	451	2	B	0
227	443	2	B	0
228	105	4	C	0
229	180	4	C	0
230	253	2	B	0
231	117	4	C	0
232	93	3	C	0
233	123	2	B	0
234	127	4	C	0
235	152	3	C	0
236	149	1	A	0
237	27	4	C	0
238	105	1	A	0
239	463	2	B	0
240	430	2	B	0
241	189	2	B	0
242	12	3	C	0
243	210	4	C	0
244	234	4	C	0
245	345	1	A	0
246	372	1	A	0
247	481	1	A	0
248	466	3	C	0
249	362	4	C	0
250	236	2	B	0
251	150	3	C	0
252	104	4	C	0
253	24	3	C	0
254	287	2	B	0
255	76	4	C	0
256	213	3	C	0
257	253	4	C	0
258	367	3	C	0
259	172	1	A	0
260	276	2	B	0
261	339	4	C	0
262	195	2	B	0
263	80	1	A	0
264	248	1	A	0
265	396	3	C	0
266	483	3	C	0
267	311	4	C	0
268	125	1	A	0
269	218	3	C	0
270	77	2	B	0
271	30	2	B	0
272	198	3	C	0
273	367	2	B	0
274	272	1	A	0
275	9	2	B	0
276	14	3	C	0
277	84	4	C	0
278	326	4	C	0
279	351	4	C	0
280	429	3	C	0
281	115	2	B	0
282	282	1	A	0
283	312	3	C	0
284	247	3	C	0
285	244	4	C	0
286	490	2	B	0
287	271	3	C	0
288	454	2	B	0
289	163	2	B	0
290	147	3	C	0
291	469	3	C	0
292	403	1	A	0
293	303	3	C	0
294	146	4	C	0
295	484	4	C	0
296	342	1	A	0
297	386	4	C	0
298	317	2	B	0
299	168	4	C	0
300	147	1	A	0
301	251	3	C	0
302	309	4	C	0
303	261	1	A	0
304	425	2	B	0
305	34	2	B	0
306	206	2	B	0
307	263	2	B	0
308	248	2	B	0
309	234	1	A	0
310	138	2	B	0
311	245	3	C	0
312	417	3	C	0
313	446	4	C	0
314	402	3	C	0
315	133	1	A	0
316	295	4	C	0
317	331	3	C	0
318	206	4	C	0
319	480	2	B	0
320	216	4	C	0
321	349	1	A	0
322	80	4	C	0
323	242	2	B	0
324	188	2	B	0
325	106	3	C	0
326	56	4	C	0
327	107	1	A	0
328	81	1	A	0
329	70	3	C	0
330	404	2	B	0
331	293	4	C	0
332	462	3	C	0
333	289	4	C	0
334	395	3	C	0
335	330	4	C	0
336	359	1	A	0
337	290	4	C	0
338	285	3	C	0
339	143	1	A	0
340	136	1	A	0
341	256	2	B	0
342	474	1	A	0
343	6	4	C	0
344	336	4	C	0
345	260	1	A	0
346	303	4	C	0
347	54	4	C	0
348	349	2	B	0
349	277	3	C	0
350	47	4	C	0
351	157	1	A	0
352	169	2	B	0
353	295	2	B	0
354	36	3	C	0
355	173	1	A	0
356	327	2	B	0
357	90	4	C	0
358	239	2	B	0
359	143	3	C	0
360	1	2	B	0
361	385	2	B	0
362	314	3	C	0
363	375	4	C	0
364	478	4	C	0
365	443	4	C	0
366	272	3	C	0
367	130	3	C	0
368	354	4	C	0
369	249	3	C	0
370	305	4	C	0
371	99	2	B	0
372	276	1	A	0
373	398	3	C	0
374	24	4	C	0
375	81	4	C	0
376	113	3	C	0
377	370	3	C	0
378	215	1	A	0
379	92	3	C	0
380	216	2	B	0
381	4	1	A	0
382	170	3	C	0
383	446	4	C	0
384	84	1	A	0
385	128	4	C	0
386	414	3	C	0
387	481	4	C	0
388	140	2	B	0
389	199	2	B	0
390	25	3	C	0
391	479	1	A	0
392	153	1	A	0
393	183	1	A	0
394	94	3	C	0
395	10	1	A	0
396	59	3	C	0
397	478	1	A	0
398	121	4	C	0
399	108	4	C	0
400	294	4	C	0
401	10	3	C	0
402	362	3	C	0
403	251	4	C	0
404	52	3	C	0
405	333	3	C	0
406	343	4	C	0
407	477	4	C	0
408	245	3	C	0
409	498	2	B	0
410	163	1	A	0
411	346	2	B	0
412	98	4	C	0
413	494	2	B	0
414	500	2	B	0
415	452	1	A	0
416	116	2	B	0
417	332	3	C	0
418	469	2	B	0
419	239	4	C	0
420	321	4	C	0
421	138	4	C	0
422	40	1	A	0
423	18	2	B	0
424	241	2	B	0
425	252	4	C	0
426	247	1	A	0
427	498	4	C	0
428	254	1	A	0
429	177	2	B	0
430	493	1	A	0
431	254	4	C	0
432	464	3	C	0
433	217	1	A	0
434	421	1	A	0
435	182	1	A	0
436	308	2	B	0
437	488	4	C	0
438	223	4	C	0
439	70	4	C	0
440	425	3	C	0
441	131	4	C	0
442	225	1	A	0
443	50	1	A	0
444	378	2	B	0
445	230	1	A	0
446	495	2	B	0
447	82	4	C	0
448	343	4	C	0
449	36	2	B	0
450	497	3	C	0
451	153	3	C	0
452	1	2	B	0
453	40	1	A	0
454	142	2	B	0
455	284	1	A	0
456	320	4	C	0
457	11	3	C	0
458	132	2	B	0
459	61	4	C	0
460	274	1	A	0
461	391	1	A	0
462	411	1	A	0
463	102	2	B	0
464	274	4	C	0
465	145	2	B	0
466	55	1	A	0
467	394	3	C	0
468	192	2	B	0
469	277	2	B	0
470	17	3	C	0
471	448	2	B	0
472	222	1	A	0
473	37	1	A	0
474	87	3	C	0
475	118	2	B	0
476	294	4	C	0
477	129	2	B	0
478	290	3	C	0
479	287	3	C	0
480	28	2	B	0
481	83	2	B	0
482	389	2	B	0
483	472	1	A	0
484	385	4	C	0
485	383	3	C	0
486	418	4	C	0
487	108	3	C	0
488	379	1	A	0
489	89	2	B	0
490	66	4	C	0
491	236	4	C	0
492	31	3	C	0
493	38	2	B	0
494	154	3	C	0
495	476	2	B	0
496	408	2	B	0
497	121	2	B	0
498	156	1	A	0
499	162	4	C	0
500	179	3	C	0
501	243	4	C	0
502	212	1	A	0
503	164	2	B	0
504	129	1	A	0
505	297	4	C	0
506	315	1	A	0
507	171	3	C	0
508	271	1	A	0
509	73	1	A	0
510	380	1	A	0
511	221	2	B	0
512	181	1	A	0
513	400	2	B	0
514	449	4	C	0
515	329	1	A	0
516	334	2	B	0
517	281	3	C	0
518	338	1	A	0
519	422	3	C	0
520	432	1	A	0
521	90	2	B	0
522	417	4	C	0
523	301	2	B	0
524	264	1	A	0
525	204	4	C	0
526	359	1	A	0
527	228	2	B	0
528	35	4	C	0
529	220	2	B	0
530	157	2	B	0
531	23	2	B	0
532	307	1	A	0
533	225	2	B	0
534	448	4	C	0
535	136	3	C	0
536	318	1	A	0
537	202	2	B	0
538	405	3	C	0
539	139	1	A	0
540	442	3	C	0
541	62	1	A	0
542	27	3	C	0
543	101	3	C	0
544	353	3	C	0
545	304	1	A	0
546	449	3	C	0
547	214	1	A	0
548	427	2	B	0
549	266	1	A	0
550	306	2	B	0
551	56	3	C	0
552	491	4	C	0
553	381	1	A	0
554	405	1	A	0
555	75	3	C	0
556	75	2	B	0
557	25	3	C	0
558	482	4	C	0
559	175	2	B	0
560	122	4	C	0
561	18	3	C	0
562	210	1	A	0
563	337	1	A	0
564	335	2	B	0
565	377	1	A	0
566	408	2	B	0
567	20	4	C	0
568	326	2	B	0
569	12	4	C	0
570	183	4	C	0
571	6	2	B	0
572	403	4	C	0
573	110	2	B	0
574	85	2	B	0
575	323	4	C	0
576	499	4	C	0
577	383	3	C	0
578	195	2	B	0
579	346	4	C	0
580	460	4	C	0
581	104	4	C	0
582	467	4	C	0
583	122	2	B	0
584	465	4	C	0
585	150	1	A	0
586	360	2	B	0
587	284	3	C	0
588	410	3	C	0
589	338	2	B	0
590	454	2	B	0
591	440	2	B	0
592	313	4	C	0
593	319	1	A	0
594	484	4	C	0
595	231	3	C	0
596	305	2	B	0
597	148	4	C	0
598	144	4	C	0
599	400	1	A	0
600	38	3	C	0
601	45	1	A	0
602	409	4	C	0
603	459	1	A	0
604	286	2	B	0
605	406	4	C	0
606	120	4	C	0
607	29	2	B	0
608	256	4	C	0
609	240	1	A	0
610	188	2	B	0
611	369	4	C	0
612	317	4	C	0
613	44	4	C	0
614	270	1	A	0
615	148	4	C	0
616	71	2	B	0
617	392	1	A	0
618	429	4	C	0
619	233	3	C	0
620	103	4	C	0
621	352	2	B	0
622	300	3	C	0
623	445	2	B	0
624	193	1	A	0
625	159	1	A	0
626	387	3	C	0
627	72	1	A	0
628	30	4	C	0
629	167	3	C	0
630	286	1	A	0
631	468	2	B	0
632	59	1	A	0
633	413	2	B	0
634	171	1	A	0
635	126	2	B	0
636	50	2	B	0
637	316	3	C	0
638	319	2	B	0
639	291	2	B	0
640	347	4	C	0
641	135	3	C	0
642	447	1	A	0
643	473	4	C	0
644	376	1	A	0
645	452	2	B	0
646	115	3	C	0
647	280	1	A	0
648	341	4	C	0
649	32	2	B	0
650	493	1	A	0
651	457	4	C	0
652	281	2	B	0
653	88	4	C	0
654	175	3	C	0
655	141	1	A	0
656	406	4	C	0
657	261	2	B	0
658	166	1	A	0
659	353	2	B	0
660	386	4	C	0
661	468	2	B	0
662	44	1	A	0
663	112	4	C	0
664	427	3	C	0
665	212	4	C	0
666	204	2	B	0
667	309	3	C	0
668	415	2	B	0
669	391	4	C	0
670	341	3	C	0
671	350	4	C	0
672	297	4	C	0
673	34	1	A	0
674	266	1	A	0
675	208	3	C	0
676	280	4	C	0
677	166	1	A	0
678	42	3	C	0
679	410	4	C	0
680	328	3	C	0
681	268	3	C	0
682	390	1	A	0
683	401	3	C	0
684	208	3	C	0
685	45	4	C	0
686	235	1	A	0
687	376	2	B	0
688	377	4	C	0
689	2	1	A	0
690	268	1	A	0
691	436	2	B	0
692	438	3	C	0
693	409	2	B	0
694	366	3	C	0
695	118	2	B	0
696	160	1	A	0
697	436	4	C	0
698	315	2	B	0
699	331	3	C	0
700	373	2	B	0
701	26	3	C	0
702	62	4	C	0
703	60	4	C	0
704	365	1	A	0
705	361	2	B	0
706	382	1	A	0
707	428	3	C	0
708	71	3	C	0
709	241	1	A	0
710	116	1	A	0
711	69	4	C	0
712	46	1	A	0
713	428	1	A	0
714	238	2	B	0
715	113	1	A	0
716	124	1	A	0
717	439	1	A	0
718	283	4	C	0
719	114	3	C	0
720	357	4	C	0
721	58	3	C	0
722	278	1	A	0
723	67	1	A	0
724	288	3	C	0
725	176	4	C	0
726	404	3	C	0
727	125	3	C	0
728	483	3	C	0
729	69	4	C	0
730	339	3	C	0
731	380	3	C	0
732	111	4	C	0
733	22	4	C	0
734	471	3	C	0
735	161	3	C	0
736	392	1	A	0
737	85	1	A	0
738	49	2	B	0
739	434	4	C	0
740	227	2	B	0
741	51	1	A	0
742	184	4	C	0
743	29	1	A	0
744	458	4	C	0
745	74	2	B	0
746	335	2	B	0
747	141	2	B	0
748	457	3	C	0
749	356	3	C	0
750	110	4	C	0
751	58	4	C	0
752	456	1	A	0
753	4	1	A	0
754	433	4	C	0
755	191	1	A	0
756	200	1	A	0
757	63	2	B	0
758	196	2	B	0
759	393	2	B	0
760	42	3	C	0
761	445	1	A	0
762	172	4	C	0
763	131	3	C	0
764	438	4	C	0
765	355	2	B	0
766	86	3	C	0
767	88	1	A	0
768	273	1	A	0
769	180	3	C	0
770	140	1	A	0
771	388	2	B	0
772	434	2	B	0
773	423	3	C	0
774	358	2	B	0
775	205	3	C	0
776	109	2	B	0
777	224	2	B	0
778	393	2	B	0
779	466	1	A	0
780	279	4	C	0
781	414	4	C	0
782	114	2	B	0
783	19	3	C	0
784	112	1	A	0
785	486	4	C	0
786	48	4	C	0
787	194	4	C	0
788	238	2	B	0
789	96	1	A	0
790	479	1	A	0
791	413	2	B	0
792	382	1	A	0
793	437	1	A	0
794	53	2	B	0
795	194	4	C	0
796	255	2	B	0
797	139	3	C	0
798	16	4	C	0
799	358	1	A	0
800	144	2	B	0
801	258	2	B	0
802	464	2	B	0
803	430	1	A	0
804	207	4	C	0
805	98	4	C	0
806	374	4	C	0
807	324	3	C	0
808	64	1	A	0
809	17	1	A	0
810	190	4	C	0
811	127	3	C	0
812	258	4	C	0
813	418	3	C	0
814	78	4	C	0
815	203	1	A	0
816	485	2	B	0
817	460	3	C	0
818	119	4	C	0
819	77	3	C	0
820	465	3	C	0
821	57	3	C	0
822	202	3	C	0
823	471	2	B	0
824	360	4	C	0
825	329	3	C	0
826	21	1	A	0
827	364	3	C	0
828	158	2	B	0
829	486	2	B	0
830	209	3	C	0
831	64	2	B	0
832	176	1	A	0
833	475	4	C	0
834	103	1	A	0
835	369	3	C	0
836	187	2	B	0
837	142	3	C	0
838	145	4	C	0
839	196	2	B	0
840	388	2	B	0
841	301	1	A	0
842	211	3	C	0
843	402	3	C	0
844	201	2	B	0
845	190	1	A	0
846	52	2	B	0
847	156	4	C	0
848	135	3	C	0
849	19	2	B	0
850	111	1	A	0
851	298	1	A	0
852	187	3	C	0
853	184	3	C	0
854	33	4	C	0
855	351	1	A	0
856	265	1	A	0
857	262	4	C	0
858	426	3	C	0
859	73	3	C	0
860	470	1	A	0
861	49	2	B	0
862	86	3	C	0
863	336	4	C	0
864	459	4	C	0
865	257	4	C	0
866	197	3	C	0
867	250	3	C	0
868	229	4	C	0
869	352	1	A	0
870	322	3	C	0
871	279	3	C	0
872	173	1	A	0
873	450	1	A	0
874	397	2	B	0
875	155	1	A	0
876	200	1	A	0
877	229	1	A	0
878	209	4	C	0
879	324	3	C	0
880	257	4	C	0
881	57	1	A	0
882	97	4	C	0
883	207	4	C	0
884	101	4	C	0
885	328	1	A	0
886	275	1	A	0
887	458	1	A	0
888	41	4	C	0
889	186	3	C	0
890	416	3	C	0
891	492	1	A	0
892	322	4	C	0
893	244	3	C	0
894	379	1	A	0
895	94	3	C	0
896	293	1	A	0
897	191	4	C	0
898	366	1	A	0
899	491	4	C	0
900	426	2	B	0
901	259	3	C	0
902	186	3	C	0
903	489	4	C	0
904	453	1	A	0
905	159	2	B	0
906	61	1	A	0
907	387	3	C	0
908	68	3	C	0
909	99	1	A	0
910	431	4	C	0
911	182	2	B	0
912	368	1	A	0
913	440	2	B	0
914	197	2	B	0
915	308	1	A	0
916	181	1	A	0
917	415	4	C	0
918	262	2	B	0
919	260	2	B	0
920	228	4	C	0
921	185	2	B	0
922	117	2	B	0
923	264	2	B	0
924	51	3	C	0
925	364	3	C	0
926	412	3	C	0
927	226	3	C	0
928	259	4	C	0
929	267	3	C	0
930	394	1	A	0
931	431	2	B	0
932	432	3	C	0
933	126	2	B	0
934	63	2	B	0
935	423	2	B	0
936	275	2	B	0
937	154	1	A	0
938	169	3	C	0
939	470	1	A	0
940	53	4	C	0
941	72	2	B	0
942	174	3	C	0
943	441	4	C	0
944	435	4	C	0
945	192	3	C	0
946	453	2	B	0
947	345	4	C	0
948	265	3	C	0
949	455	2	B	0
950	3	4	C	0
951	433	2	B	0
952	35	2	B	0
953	455	2	B	0
954	347	3	C	0
955	100	3	C	0
956	100	4	C	0
957	354	1	A	0
958	389	4	C	0
959	233	2	B	0
960	397	4	C	0
961	368	3	C	0
962	444	3	C	0
963	123	3	C	0
964	412	3	C	0
965	475	4	C	0
966	374	1	A	0
967	120	2	B	0
968	333	1	A	0
969	310	4	C	0
970	235	2	B	0
971	7	2	B	0
972	350	3	C	0
973	419	1	A	0
974	134	1	A	0
975	3	1	A	0
976	316	3	C	0
977	283	1	A	0
978	399	3	C	0
979	310	1	A	0
980	302	1	A	0
981	8	2	B	0
982	158	3	C	0
983	444	2	B	0
984	7	2	B	0
985	487	3	C	0
986	23	4	C	0
987	218	2	B	0
988	79	1	A	0
989	5	3	C	0
990	66	4	C	0
991	273	4	C	0
992	441	2	B	0
993	302	4	C	0
994	320	1	A	0
995	487	2	B	0
996	419	4	C	0
997	8	4	C	0
998	134	4	C	0
999	170	2	B	0
1000	79	4	C	0
