Class Times	5
Rooms	200
1	83	B	1
2	28	C	0
3	20	A	0
4	50	C	1
5	79	C	1
6	94	A	0
7	33	C	1
8	16	C	0
9	93	C	1
10	55	C	0
11	18	C	0
12	53	A	0
13	13	B	0
14	28	C	1
15	15	B	1
16	47	A	0
17	18	B	0
18	91	C	1
19	80	C	0
20	56	B	0
21	62	A	0
22	53	A	1
23	72	C	0
24	80	B	0
25	31	A	1
26	92	B	0
27	23	B	0
28	94	B	1
29	84	C	0
30	10	B	0
31	35	C	1
32	96	B	0
33	56	C	1
34	71	A	1
35	73	B	1
36	27	A	1
37	49	A	1
38	47	A	0
39	95	B	1
40	77	A	0
41	73	C	1
42	68	B	1
43	22	B	0
44	37	C	0
45	19	C	0
46	33	C	1
47	83	C	0
48	95	A	1
49	87	A	1
50	28	B	0
51	19	C	1
52	91	B	1
53	18	A	1
54	71	A	1
55	19	A	1
56	83	C	1
57	74	C	1
58	21	B	1
59	59	C	1
60	38	A	1
61	26	C	1
62	68	B	0
63	11	C	1
64	79	C	0
65	43	C	1
66	64	A	1
67	13	C	0
68	40	A	0
69	73	B	0
70	51	B	0
71	26	A	0
72	16	B	0
73	70	A	1
74	39	C	1
75	76	A	0
76	41	B	1
77	85	B	1
78	63	C	1
79	27	B	1
80	58	C	0
81	15	A	1
82	60	B	0
83	79	A	0
84	34	B	0
85	41	A	1
86	35	C	1
87	91	A	0
88	11	A	0
89	90	C	1
90	99	C	1
91	49	C	0
92	69	B	0
93	31	B	0
94	21	C	0
95	87	C	0
96	35	C	0
97	33	A	1
98	47	A	1
99	41	B	1
100	67	B	0
101	16	C	0
102	42	B	1
103	41	B	0
104	43	B	0
105	89	C	0
106	77	A	1
107	94	A	0
108	88	B	0
109	47	B	0
110	42	A	0
111	20	B	0
112	41	C	1
113	97	A	1
114	37	B	1
115	22	C	1
116	95	C	0
117	85	A	0
118	81	A	0
119	92	A	0
120	82	A	1
121	35	B	1
122	70	B	1
123	78	A	0
124	77	B	1
125	51	B	1
126	73	C	0
127	49	B	1
128	76	B	1
129	97	C	0
130	23	C	1
131	17	B	0
132	10	B	1
133	34	B	1
134	85	C	1
135	52	B	1
136	43	B	0
137	95	A	0
138	73	C	0
139	92	B	1
140	53	C	0
141	73	C	1
142	93	C	0
143	23	A	0
144	92	C	0
145	94	B	1
146	75	A	1
147	40	C	1
148	42	B	1
149	12	B	0
150	42	C	1
151	64	A	0
152	68	B	1
153	28	B	0
154	23	C	0
155	15	B	0
156	18	C	1
157	70	A	0
158	59	A	0
159	35	C	0
160	50	C	0
161	95	C	0
162	48	B	0
163	20	C	1
164	40	B	1
165	25	A	0
166	32	B	1
167	40	B	1
168	73	B	1
169	17	C	1
170	77	C	1
171	30	A	0
172	61	B	0
173	53	A	0
174	13	B	0
175	80	C	1
176	73	B	0
177	22	C	1
178	36	B	1
179	25	C	0
180	19	B	0
181	11	A	1
182	35	A	0
183	81	A	1
184	37	C	0
185	96	C	1
186	49	B	1
187	80	C	0
188	88	B	1
189	10	C	0
190	12	C	0
191	16	A	1
192	15	A	0
193	28	B	0
194	42	B	0
195	23	C	1
196	40	C	1
197	16	B	0
198	83	B	0
199	62	A	0
200	26	B	0
Classes	1000
Teachers	500
1	98	1	A	1
2	381	3	C	1
3	28	2	B	1
4	486	1	A	1
5	297	1	A	1
6	174	3	C	1
7	2	2	B	1
8	7	2	B	1
9	18	1	A	1
10	278	4	C	1
11	83	3	C	1
12	253	4	C	1
13	172	4	C	1
14	455	3	C	1
15	229	3	C	1
16	389	2	B	1
17	409	3	C	1
18	146	4	C	1
19	173	2	B	1
20	141	2	B	1
21	114	3	C	1
22	9	3	C	1
23	120	1	A	1
24	406	1	A	1
25	257	4	C	1
26	276	3	C	1
27	496	3	C	1
28	72	3	C	1
29	98	3	C	1
30	390	4	C	1
31	484	4	C	1
32	178	1	A	1
33	467	4	C	1
34	273	1	A	1
35	131	3	C	1
36	348	2	B	1
37	302	4	C	1
38	374	4	C	1
39	268	3	C	1
40	301	2	B	1
41	262	3	C	1
42	224	1	A	1
43	451	3	C	1
44	174	2	B	1
45	112	4	C	1
46	142	4	C	1
47	5	4	C	1
48	429	1	A	1
49	362	4	C	1
50	331	1	A	1
51	80	2	B	0
52	364	3	C	0
53	276	4	C	0
54	153	2	B	0
55	429	1	A	0
56	211	1	A	0
57	457	3	C	0
58	199	1	A	0
59	74	3	C	0
60	425	3	C	0
61	371	4	C	0
62	151	1	A	0
63	22	3	C	0
64	341	2	B	0
65	194	4	C	0
66	362	3	C	0
67	454	1	A	0
68	246	1	A	0
69	492	2	B	0
70	69	4	C	0
71	422	1	A	0
72	358	2	B	0
73	146	3	C	0
74	441	1	A	0
75	353	2	B	0
76	161	2	B	0
77	81	2	B	0
78	126	1	A	0
79	482	3	C	0
80	160	3	C	0
81	430	3	C	0
82	395	3	C	0
83	428	2	B	0
84	394	1	A	0
85	50	3	C	0
86	220	3	C	0
87	143	3	C	0
88	374	2	B	0
89	153	1	A	0
90	128	4	C	0
91	349	3	C	0
92	395	3	C	0
93	348	3	C	0
94	431	4	C	0
95	365	4	C	0
96	25	2	B	0
97	84	3	C	0
98	454	4	C	0
99	378	2	B	0
100	419	3	C	0
101	235	3	C	0
102	180	3	C	0
103	306	1	A	0
104	473	2	B	0
105	67	1	A	0
106	293	3	C	0
107	339	4	C	0
108	191	3	C	0
109	373	1	A	0
110	434	2	B	0
111	72	3	C	0
112	73	4	C	0
113	323	4	C	0
114	38	3	C	0
115	415	4	C	0
116	192	1	A	0
117	408	2	B	0
118	25	3	C	0
119	57	3	C	0
120	109	1	A	0
121	404	3	C	0
122	213	3	C	0
123	298	2	B	0
124	166	3	C	0
125	394	2	B	0
126	200	2	B	0
127	461	1	A	0
128	192	1	A	0
129	199	4	C	0
130	138	2	B	0
131	390	4	C	0
132	114	4	C	0
133	3	4	C	0
134	226	4	C	0
135	239	3	C	0
136	446	4	C	0
137	497	1	A	0
138	433	1	A	0
139	331	3	C	0
140	157	4	C	0
141	113	1	A	0
142	423	4	C	0
143	324	3	C	0
144	412	2	B	0
145	262	3	C	0
146	349	2	B	0
147	300	4	C	0
148	246	1	A	0
149	457	4	C	0
150	186	4	C	0
151	132	1	A	0
152	239	4	C	0
153	383	2	B	0
154	10	3	C	0
155	122	1	A	0
156	380	4	C	0
157	195	2	B	0
158	132	2	B	0
159	447	4	C	0
160	347	4	C	0
161	292	1	A	0
162	295	3	C	0
163	359	4	C	0
164	51	2	B	0
165	330	4	C	0
166	172	4	C	0
167	414	3	C	0
168	391	1	A	0
169	458	4	C	0
170	201	1	A	0
171	184	2	B	0
172	319	2	B	0
173	76	3	C	0
174	407	3	C	0
175	30	3	C	0
176	436	1	A	0
177	421	3	C	0
178	150	4	C	0
179	471	1	A	0
180	1	3	C	0
181	366	1	A	0
182	385	2	B	0
183	86	1	A	0
184	443	4	C	0
185	113	2	B	0
186	249	2	B	0
187	116	1	A	0
188	129	3	C	0
189	193	3	C	0
190	194	2	B	0
191	229	4	C	0
192	370	2	B	0
193	477	4	C	0
194	368	4	C	0
195	289	2	B	0
196	243	2	B	0
197	428	2	B	0
198	127	2	B	0
199	226	2	B	0
200	143	3	C	0
201	304	4	C	0
202	216	2	B	0
203	141	2	B	0
204	388	1	A	0
205	184	3	C	0
206	387	4	C	0
207	152	1	A	0
208	18	2	B	0
209	233	2	B	0
210	87	4	C	0
211	402	3	C	0
212	188	4	C	0
213	240	1	A	0
214	62	4	C	0
215	130	2	B	0
216	439	3	C	0
217	347	4	C	0
218	329	2	B	0
219	418	2	B	0
220	76	3	C	0
221	478	1	A	0
222	179	3	C	0
223	77	4	C	0
224	270	1	A	0
225	66	4	C	0
226	330	1	A	0
227	228	2	B	0
228	462	2	B	0
229	62	4	C	0
230	420	2	B	0
231	155	3	C	0
232	441	4	C	0
233	406	2	B	0
234	287	1	A	0
235	477	4	C	0
236	43	4	C	0
237	472	2	B	0
238	321	3	C	0
239	232	2	B	0
240	169	1	A	0
241	70	3	C	0
242	435	3	C	0
243	305	2	B	0
244	301	3	C	0
245	303	3	C	0
246	313	4	C	0
247	486	3	C	0
248	89	4	C	0
249	188	4	C	0
250	303	4	C	0
251	309	1	A	0
252	196	1	A	0
253	124	3	C	0
254	399	1	A	0
255	164	2	B	0
256	40	3	C	0
257	169	1	A	0
258	201	2	B	0
259	310	3	C	0
260	332	3	C	0
261	317	2	B	0
262	299	3	C	0
263	145	4	C	0
264	384	3	C	0
265	496	1	A	0
266	215	1	A	0
267	339	1	A	0
268	381	3	C	0
269	315	2	B	0
270	96	1	A	0
271	133	2	B	0
272	86	3	C	0
273	35	3	C	0
274	221	2	B	0
275	237	1	A	0
276	75	3	C	0
277	338	2	B	0
278	32	1	A	0
279	346	2	B	0
280	43	1	A	0
281	238	2	B	0
282	350	1	A	0
283	13	2	B	0
284	364	3	C	0
285	180	1	A	0
286	296	3	C	0
287	266	1	A	0
288	26	3	C	0
289	447	3	C	0
290	51	3	C	0
291	252	1	A	0
292	247	1	A	0
293	205	4	C	0
294	274	1	A	0
295	463	1	A	0
296	139	3	C	0
297	334	1	A	0
298	499	3	C	0
299	304	3	C	0
300	236	1	A	0
301	346	1	A	0
302	379	4	C	0
303	326	3	C	0
304	308	3	C	0
305	8	4	C	0
306	215	2	B	0
307	27	1	A	0
308	264	2	B	0
309	144	2	B	0
310	87	3	C	0
311	36	3	C	0
312	9	4	C	0
313	322	2	B	0
314	145	2	B	0
315	376	1	A	0
316	382	2	B	0
317	469	1	A	0
318	489	3	C	0
319	212	2	B	0
320	100	4	C	0
321	360	2	B	0
322	323	3	C	0
323	128	2	B	0
324	204	2	B	0
325	186	2	B	0
326	96	3	C	0
327	57	4	C	0
328	253	3	C	0
329	191	3	C	0
330	238	3	C	0
331	250	2	B	0
332	15	2	B	0
333	232	4	C	0
334	158	2	B	0
335	196	1	A	0
336	236	2	B	0
337	434	1	A	0
338	142	4	C	0
339	94	2	B	0
340	100	3	C	0
341	123	2	B	0
342	4	2	B	0
343	17	1	A	0
344	335	1	A	0
345	55	3	C	0
346	259	3	C	0
347	291	4	C	0
348	32	2	B	0
349	16	1	A	0
350	231	2	B	0
351	296	4	C	0
352	156	3	C	0
353	435	2	B	0
354	93	3	C	0
355	500	2	B	0
356	47	4	C	0
357	402	4	C	0
358	125	3	C	0
359	294	1	A	0
360	65	4	C	0
361	422	3	C	0
362	464	2	B	0
363	106	2	B	0
364	259	1	A	0
365	264	2	B	0
366	399	2	B	0
367	247	4	C	0
368	233	1	A	0
369	396	3	C	0
370	328	1	A	0
371	17	3	C	0
372	166	4	C	0
373	412	4	C	0
374	308	3	C	0
375	320	3	C	0
376	354	3	C	0
377	105	1	A	0
378	217	1	A	0
379	375	1	A	0
380	286	2	B	0
381	41	3	C	0
382	463	1	A	0
383	107	3	C	0
384	269	1	A	0
385	124	2	B	0
386	1	3	C	0
387	353	4	C	0
388	193	1	A	0
389	182	2	B	0
390	383	2	B	0
391	282	3	C	0
392	251	3	C	0
393	82	1	A	0
394	110	1	A	0
395	497	2	B	0
396	241	3	C	0
397	231	2	B	0
398	26	3	C	0
399	60	2	B	0
400	31	3	C	0
401	464	4	C	0
402	245	4	C	0
403	446	3	C	0
404	52	2	B	0
405	369	2	B	0
406	341	2	B	0
407	176	1	A	0
408	208	1	A	0
409	35	3	C	0
410	328	3	C	0
411	285	1	A	0
412	116	2	B	0
413	384	3	C	0
414	182	1	A	0
415	33	3	C	0
416	135	2	B	0
417	56	1	A	0
418	218	4	C	0
419	82	4	C	0
420	103	4	C	0
421	361	4	C	0
422	316	2	B	0
423	16	1	A	0
424	269	2	B	0
425	285	4	C	0
426	320	4	C	0
427	204	3	C	0
428	122	2	B	0
429	53	4	C	0
430	138	1	A	0
431	286	2	B	0
432	388	1	A	0
433	263	1	A	0
434	397	1	A	0
435	342	1	A	0
436	222	3	C	0
437	112	3	C	0
438	242	4	C	0
439	130	2	B	0
440	73	1	A	0
441	440	3	C	0
442	244	1	A	0
443	71	1	A	0
444	467	2	B	0
445	83	1	A	0
446	317	2	B	0
447	424	3	C	0
448	403	1	A	0
449	209	1	A	0
450	42	1	A	0
451	450	1	A	0
452	144	2	B	0
453	448	1	A	0
454	133	3	C	0
455	111	3	C	0
456	299	1	A	0
457	234	2	B	0
458	313	4	C	0
459	433	1	A	0
460	5	2	B	0
461	185	3	C	0
462	176	1	A	0
463	187	4	C	0
464	363	4	C	0
465	159	4	C	0
466	270	2	B	0
467	137	4	C	0
468	67	2	B	0
469	161	1	A	0
470	149	4	C	0
471	426	2	B	0
472	230	3	C	0
473	104	3	C	0
474	175	3	C	0
475	298	2	B	0
476	97	1	A	0
477	235	4	C	0
478	290	1	A	0
479	103	1	A	0
480	121	1	A	0
481	263	2	B	0
482	41	3	C	0
483	500	4	C	0
484	225	1	A	0
485	7	2	B	0
486	209	3	C	0
487	42	2	B	0
488	443	4	C	0
489	310	1	A	0
490	40	1	A	0
491	221	1	A	0
492	334	1	A	0
493	170	3	C	0
494	305	1	A	0
495	369	4	C	0
496	216	1	A	0
497	482	4	C	0
498	175	1	A	0
499	465	3	C	0
500	365	1	A	0
501	431	2	B	0
502	47	4	C	0
503	23	4	C	0
504	352	4	C	0
505	95	2	B	0
506	157	1	A	0
507	70	3	C	0
508	294	3	C	0
509	460	2	B	0
510	33	1	A	0
511	445	1	A	0
512	222	3	C	0
513	227	4	C	0
514	414	4	C	0
515	181	3	C	0
516	89	3	C	0
517	291	1	A	0
518	167	1	A	0
519	149	3	C	0
520	205	2	B	0
521	54	2	B	0
522	416	2	B	0
523	135	4	C	0
524	404	3	C	0
525	272	1	A	0
526	105	3	C	0
527	498	1	A	0
528	163	1	A	0
529	200	3	C	0
530	24	1	A	0
531	170	4	C	0
532	102	4	C	0
533	120	2	B	0
534	311	3	C	0
535	224	2	B	0
536	256	4	C	0
537	493	4	C	0
538	99	4	C	0
539	80	2	B	0
540	171	2	B	0
541	425	2	B	0
542	361	4	C	0
543	488	1	A	0
544	6	2	B	0
545	38	4	C	0
546	165	4	C	0
547	241	2	B	0
548	257	2	B	0
549	28	1	A	0
550	413	3	C	0
551	179	1	A	0
552	95	1	A	0
553	36	2	B	0
554	2	1	A	0
555	165	1	A	0
556	59	4	C	0
557	150	3	C	0
558	208	1	A	0
559	223	3	C	0
560	372	4	C	0
561	250	3	C	0
562	58	2	B	0
563	214	1	A	0
564	249	4	C	0
565	318	4	C	0
566	66	4	C	0
567	426	3	C	0
568	392	3	C	0
569	473	1	A	0
570	279	3	C	0
571	187	3	C	0
572	306	1	A	0
573	333	1	A	0
574	416	4	C	0
575	380	4	C	0
576	248	1	A	0
577	321	2	B	0
578	171	4	C	0
579	219	2	B	0
580	445	3	C	0
581	197	3	C	0
582	484	4	C	0
583	81	3	C	0
584	158	1	A	0
585	54	2	B	0
586	27	2	B	0
587	252	3	C	0
588	155	2	B	0
589	499	1	A	0
590	476	4	C	0
591	408	3	C	0
592	494	4	C	0
593	338	4	C	0
594	452	3	C	0
595	64	1	A	0
596	393	3	C	0
597	13	1	A	0
598	125	2	B	0
599	8	2	B	0
600	352	1	A	0
601	243	2	B	0
602	148	2	B	0
603	266	3	C	0
604	185	2	B	0
605	468	1	A	0
606	292	2	B	0
607	411	4	C	0
608	382	3	C	0
609	107	4	C	0
610	474	4	C	0
611	254	3	C	0
612	489	4	C	0
613	438	2	B	0
614	337	2	B	0
615	195	4	C	0
616	342	4	C	0
617	167	2	B	0
618	466	1	A	0
619	300	4	C	0
620	260	4	C	0
621	178	2	B	0
622	357	2	B	0
623	31	2	B	0
624	56	2	B	0
625	173	3	C	0
626	23	2	B	0
627	64	1	A	0
628	58	4	C	0
629	302	2	B	0
630	92	4	C	0
631	378	1	A	0
632	458	3	C	0
633	475	2	B	0
634	164	3	C	0
635	327	2	B	0
636	494	2	B	0
637	162	1	A	0
638	156	3	C	0
639	244	3	C	0
640	34	2	B	0
641	183	2	B	0
642	275	1	A	0
643	117	1	A	0
644	77	3	C	0
645	389	1	A	0
646	181	2	B	0
647	387	1	A	0
648	129	2	B	0
649	288	4	C	0
650	357	4	C	0
651	410	2	B	0
652	459	1	A	0
653	260	3	C	0
654	127	2	B	0
655	22	2	B	0
656	333	2	B	0
657	475	1	A	0
658	163	4	C	0
659	461	3	C	0
660	61	3	C	0
661	111	2	B	0
662	245	4	C	0
663	30	1	A	0
664	459	3	C	0
665	217	2	B	0
666	307	1	A	0
667	190	2	B	0
668	289	1	A	0
669	277	2	B	0
670	147	1	A	0
671	90	1	A	0
672	396	1	A	0
673	401	2	B	0
674	137	4	C	0
675	34	3	C	0
676	275	1	A	0
677	316	3	C	0
678	71	3	C	0
679	24	4	C	0
680	379	1	A	0
681	102	3	C	0
682	410	3	C	0
683	456	4	C	0
684	413	1	A	0
685	207	3	C	0
686	223	3	C	0
687	69	3	C	0
688	326	1	A	0
689	391	4	C	0
690	393	2	B	0
691	214	1	A	0
692	438	1	A	0
693	483	2	B	0
694	210	4	C	0
695	407	4	C	0
696	207	2	B	0
697	267	1	A	0
698	45	4	C	0
699	403	4	C	0
700	152	2	B	0
701	90	4	C	0
702	363	3	C	0
703	322	3	C	0
704	108	4	C	0
705	492	4	C	0
706	340	1	A	0
707	101	1	A	0
708	88	3	C	0
709	256	4	C	0
710	358	4	C	0
711	315	4	C	0
712	61	1	A	0
713	415	3	C	0
714	92	3	C	0
715	29	2	B	0
716	474	3	C	0
717	430	4	C	0
718	366	3	C	0
719	485	2	B	0
720	318	4	C	0
721	52	4	C	0
722	450	2	B	0
723	248	1	A	0
724	60	2	B	0
725	335	3	C	0
726	409	3	C	0
727	44	3	C	0
728	480	3	C	0
729	487	3	C	0
730	3	3	C	0
731	115	4	C	0
732	117	3	C	0
733	88	4	C	0
734	400	3	C	0
735	237	2	B	0
736	110	1	A	0
737	55	2	B	0
738	274	3	C	0
739	488	1	A	0
740	479	2	B	0
741	46	3	C	0
742	134	4	C	0
743	84	3	C	0
744	251	3	C	0
745	288	4	C	0
746	210	2	B	0
747	115	3	C	0
748	370	1	A	0
749	319	1	A	0
750	189	3	C	0
751	234	4	C	0
752	206	1	A	0
753	371	4	C	0
754	268	3	C	0
755	121	2	B	0
756	336	1	A	0
757	6	1	A	0
758	168	3	C	0
759	79	4	C	0
760	411	2	B	0
761	392	3	C	0
762	202	2	B	0
763	456	3	C	0
764	206	4	C	0
765	104	4	C	0
766	468	4	C	0
767	202	3	C	0
768	255	2	B	0
769	332	4	C	0
770	481	2	B	0
771	219	4	C	0
772	261	1	A	0
773	267	1	A	0
774	493	1	A	0
775	101	4	C	0
776	325	2	B	0
777	148	2	B	0
778	85	1	A	0
779	344	3	C	0
780	63	3	C	0
781	309	1	A	0
782	368	2	B	0
783	451	4	C	0
784	343	3	C	0
785	471	1	A	0
786	427	1	A	0
787	271	2	B	0
788	343	1	A	0
789	14	2	B	0
790	284	2	B	0
791	211	3	C	0
792	29	4	C	0
793	472	4	C	0
794	68	4	C	0
795	427	3	C	0
796	437	3	C	0
797	490	4	C	0
798	272	4	C	0
799	19	2	B	0
800	401	2	B	0
801	373	4	C	0
802	284	3	C	0
803	213	4	C	0
804	21	1	A	0
805	39	1	A	0
806	336	2	B	0
807	45	4	C	0
808	418	3	C	0
809	183	3	C	0
810	258	4	C	0
811	79	2	B	0
812	480	2	B	0
813	97	2	B	0
814	4	1	A	0
815	460	4	C	0
816	432	3	C	0
817	37	4	C	0
818	119	4	C	0
819	147	3	C	0
820	281	3	C	0
821	189	4	C	0
822	159	2	B	0
823	277	2	B	0
824	440	1	A	0
825	271	3	C	0
826	470	2	B	0
827	91	1	A	0
828	282	1	A	0
829	419	2	B	0
830	106	2	B	0
831	360	4	C	0
832	242	2	B	0
833	372	1	A	0
834	398	2	B	0
835	131	2	B	0
836	220	3	C	0
837	65	2	B	0
838	94	4	C	0
839	478	4	C	0
840	375	4	C	0
841	218	4	C	0
842	230	4	C	0
843	385	2	B	0
844	420	3	C	0
845	367	4	C	0
846	307	1	A	0
847	455	3	C	0
848	93	2	B	0
849	344	2	B	0
850	12	1	A	0
851	63	3	C	0
852	10	4	C	0
853	340	2	B	0
854	212	2	B	0
855	281	1	A	0
856	400	3	C	0
857	14	3	C	0
858	75	3	C	0
859	465	3	C	0
860	479	2	B	0
861	452	2	B	0
862	68	4	C	0
863	421	4	C	0
864	39	1	A	0
865	273	1	A	0
866	398	1	A	0
867	444	2	B	0
868	44	2	B	0
869	228	2	B	0
870	225	3	C	0
871	21	2	B	0
872	485	1	A	0
873	19	2	B	0
874	255	4	C	0
875	261	1	A	0
876	417	1	A	0
877	279	2	B	0
878	448	3	C	0
879	278	4	C	0
880	439	4	C	0
881	265	1	A	0
882	437	2	B	0
883	50	2	B	0
884	162	2	B	0
885	134	4	C	0
886	327	1	A	0
887	197	2	B	0
888	311	2	B	0
889	240	4	C	0
890	151	1	A	0
891	154	2	B	0
892	126	2	B	0
893	53	1	A	0
894	37	2	B	0
895	59	4	C	0
896	254	3	C	0
897	397	1	A	0
898	136	4	C	0
899	449	2	B	0
900	139	1	A	0
901	469	2	B	0
902	481	4	C	0
903	91	1	A	0
904	49	4	C	0
905	297	2	B	0
906	359	2	B	0
907	154	4	C	0
908	449	4	C	0
909	417	4	C	0
910	12	4	C	0
911	108	4	C	0
912	476	1	A	0
913	470	4	C	0
914	78	1	A	0
915	462	3	C	0
916	495	1	A	0
917	354	2	B	0
918	123	1	A	0
919	293	2	B	0
920	442	2	B	0
921	290	4	C	0
922	487	4	C	0
923	483	2	B	0
924	453	1	A	0
925	314	2	B	0
926	325	1	A	0
927	498	1	A	0
928	78	1	A	0
929	424	3	C	0
930	198	2	B	0
931	312	2	B	0
932	350	2	B	0
933	265	2	B	0
934	490	4	C	0
935	351	2	B	0
936	99	4	C	0
937	48	2	B	0
938	258	3	C	0
939	118	1	A	0
940	48	3	C	0
941	227	2	B	0
942	377	2	B	0
943	355	2	B	0
944	177	4	C	0
945	109	2	B	0
946	287	4	C	0
947	160	2	B	0
948	198	2	B	0
949	136	4	C	0
950	345	3	C	0
951	74	2	B	0
952	324	3	C	0
953	46	4	C	0
954	20	4	C	0
955	15	4	C	0
956	444	1	A	0
957	337	3	C	0
958	177	2	B	0
959	432	1	A	0
960	314	2	B	0
961	436	2	B	0
962	345	2	B	0
963	140	4	C	0
964	466	1	A	0
965	312	2	B	0
966	367	3	C	0
967	495	2	B	0
968	49	2	B	0
969	295	2	B	0
970	355	2	B	0
971	376	3	C	0
972	140	3	C	0
973	377	3	C	0
974	386	2	B	0
975	168	1	A	0
976	491	3	C	0
977	118	1	A	0
978	283	3	C	0
979	356	4	C	0
980	119	2	B	0
981	11	2	B	0
982	85	4	C	0
983	491	1	A	0
984	453	1	A	0
985	351	4	C	0
986	203	4	C	0
987	203	2	B	0
988	423	2	B	0
989	283	2	B	0
990	11	2	B	0
991	386	1	A	0
992	280	3	C	0
993	405	3	C	0
994	356	3	C	0
995	190	4	C	0
996	405	2	B	0
997	280	1	A	0
998	329	1	A	0
999	20	3	C	0
1000	442	3	C	0
