Class Times	5
Rooms	200
1	58	B	1
2	40	A	0
3	49	B	0
4	35	A	0
5	96	C	1
6	38	B	0
7	92	C	1
8	58	C	0
9	44	A	1
10	12	A	0
11	68	B	1
12	61	B	0
13	77	C	0
14	82	B	1
15	49	A	0
16	20	A	1
17	87	B	0
18	69	B	1
19	16	A	0
20	30	B	1
21	26	B	1
22	93	C	1
23	72	C	1
24	15	A	1
25	29	C	1
26	24	B	1
27	86	B	0
28	94	A	1
29	74	A	0
30	81	C	0
31	95	B	1
32	74	C	0
33	10	B	0
34	10	C	1
35	20	B	1
36	90	B	1
37	58	B	1
38	53	B	1
39	72	A	0
40	18	B	0
41	86	C	0
42	97	A	0
43	21	C	0
44	10	B	1
45	70	A	1
46	39	A	0
47	25	A	1
48	29	A	0
49	47	B	1
50	38	C	1
51	88	A	1
52	95	A	1
53	22	C	0
54	66	C	0
55	50	A	1
56	23	C	0
57	66	C	1
58	82	B	1
59	37	C	1
60	56	B	1
61	68	B	1
62	36	B	1
63	49	B	0
64	67	B	0
65	30	B	1
66	73	C	0
67	18	B	1
68	84	B	0
69	87	C	0
70	80	C	0
71	75	B	1
72	86	A	1
73	50	B	1
74	14	B	0
75	15	A	1
76	31	B	0
77	87	B	1
78	86	C	1
79	80	B	1
80	56	C	1
81	34	A	1
82	26	B	1
83	32	C	0
84	33	C	0
85	67	B	1
86	17	C	0
87	21	A	0
88	95	B	1
89	52	B	0
90	26	C	1
91	33	C	1
92	92	B	1
93	49	A	1
94	93	B	0
95	92	B	1
96	88	C	0
97	45	C	0
98	61	B	0
99	67	A	1
100	24	A	0
101	34	B	0
102	46	C	0
103	48	B	1
104	85	C	1
105	16	B	0
106	54	B	0
107	88	A	1
108	59	C	0
109	66	B	1
110	56	B	0
111	42	B	0
112	42	A	1
113	57	C	1
114	46	A	0
115	88	B	0
116	73	C	1
117	17	C	1
118	42	A	0
119	41	A	0
120	11	C	0
121	61	B	1
122	62	B	0
123	42	C	1
124	85	A	1
125	73	B	1
126	63	B	1
127	98	A	0
128	34	C	1
129	64	C	0
130	65	C	0
131	78	B	1
132	89	C	0
133	49	A	1
134	34	C	1
135	46	A	0
136	38	C	1
137	22	A	1
138	46	C	0
139	75	C	1
140	40	B	1
141	99	B	1
142	97	C	0
143	29	A	0
144	31	A	1
145	45	A	0
146	47	C	0
147	76	A	1
148	72	A	1
149	87	A	0
150	51	B	1
151	96	C	0
152	77	C	0
153	70	A	1
154	55	C	0
155	47	B	1
156	56	C	1
157	52	C	0
158	46	C	0
159	71	C	1
160	56	B	1
161	77	C	1
162	78	B	1
163	53	C	0
164	86	C	0
165	27	C	1
166	34	B	0
167	66	A	0
168	33	C	1
169	85	C	1
170	95	B	0
171	76	A	0
172	68	B	0
173	99	B	1
174	61	C	1
175	20	B	1
176	50	B	0
177	10	B	1
178	23	A	0
179	18	C	1
180	70	C	1
181	19	B	1
182	86	A	0
183	74	A	1
184	68	B	0
185	54	C	1
186	74	C	0
187	70	A	1
188	67	C	1
189	24	B	1
190	99	B	1
191	77	A	0
192	50	A	0
193	35	C	1
194	75	B	1
195	30	C	0
196	54	C	1
197	90	B	1
198	52	B	0
199	46	C	1
200	65	C	1
Classes	1000
Teachers	500
1	21	1	A	1
2	310	4	C	1
3	272	4	C	1
4	39	3	C	1
5	410	4	C	1
6	480	4	C	1
7	102	4	C	1
8	497	4	C	1
9	401	2	B	1
10	234	4	C	1
11	25	3	C	1
12	390	3	C	1
13	58	3	C	1
14	379	4	C	1
15	166	1	A	1
16	24	1	A	1
17	3	4	C	1
18	41	4	C	1
19	209	2	B	1
20	320	4	C	1
21	372	2	B	1
22	326	4	C	1
23	127	3	C	1
24	130	2	B	1
25	272	3	C	1
26	440	2	B	1
27	93	4	C	1
28	365	3	C	1
29	205	1	A	1
30	195	2	B	1
31	302	1	A	1
32	94	4	C	1
33	196	3	C	1
34	286	2	B	1
35	485	1	A	1
36	53	3	C	1
37	304	2	B	1
38	470	2	B	1
39	368	3	C	1
40	338	3	C	1
41	334	4	C	1
42	371	4	C	1
43	270	3	C	1
44	52	4	C	1
45	440	3	C	1
46	64	4	C	1
47	434	2	B	1
48	145	4	C	1
49	353	3	C	1
50	344	3	C	1
51	33	2	B	0
52	327	1	A	0
53	231	3	C	0
54	131	2	B	0
55	72	1	A	0
56	91	3	C	0
57	97	3	C	0
58	421	1	A	0
59	194	1	A	0
60	136	1	A	0
61	490	4	C	0
62	368	3	C	0
63	65	3	C	0
64	339	2	B	0
65	333	4	C	0
66	180	4	C	0
67	208	1	A	0
68	307	1	A	0
69	74	1	A	0
70	402	1	A	0
71	235	4	C	0
72	47	4	C	0
73	467	2	B	0
74	344	1	A	0
75	19	4	C	0
76	373	1	A	0
77	302	4	C	0
78	493	3	C	0
79	345	3	C	0
80	275	3	C	0
81	103	1	A	0
82	111	1	A	0
83	63	1	A	0
84	258	2	B	0
85	176	3	C	0
86	400	2	B	0
87	191	4	C	0
88	404	1	A	0
89	500	4	C	0
90	188	4	C	0
91	268	4	C	0
92	337	3	C	0
93	227	2	B	0
94	402	1	A	0
95	142	2	B	0
96	202	4	C	0
97	57	3	C	0
98	316	4	C	0
99	92	4	C	0
100	321	3	C	0
101	460	4	C	0
102	60	4	C	0
103	480	4	C	0
104	295	1	A	0
105	105	4	C	0
106	210	1	A	0
107	288	2	B	0
108	32	1	A	0
109	472	2	B	0
110	470	4	C	0
111	39	2	B	0
112	425	4	C	0
113	416	2	B	0
114	448	2	B	0
115	207	3	C	0
116	278	3	C	0
117	478	4	C	0
118	334	3	C	0
119	271	4	C	0
120	8	4	C	0
121	442	2	B	0
122	485	4	C	0
123	57	3	C	0
124	127	3	C	0
125	54	2	B	0
126	355	2	B	0
127	478	1	A	0
128	132	4	C	0
129	442	2	B	0
130	70	4	C	0
131	194	1	A	0
132	62	1	A	0
133	91	4	C	0
134	38	3	C	0
135	67	4	C	0
136	243	2	B	0
137	270	3	C	0
138	493	4	C	0
139	102	4	C	0
140	51	1	A	0
141	18	4	C	0
142	137	4	C	0
143	343	1	A	0
144	413	1	A	0
145	227	4	C	0
146	193	4	C	0
147	396	4	C	0
148	263	4	C	0
149	32	1	A	0
150	100	4	C	0
151	449	4	C	0
152	195	4	C	0
153	494	4	C	0
154	407	1	A	0
155	259	4	C	0
156	222	4	C	0
157	160	3	C	0
158	220	2	B	0
159	276	2	B	0
160	308	4	C	0
161	138	1	A	0
162	376	1	A	0
163	375	3	C	0
164	111	4	C	0
165	459	4	C	0
166	123	4	C	0
167	178	2	B	0
168	151	1	A	0
169	357	3	C	0
170	49	1	A	0
171	128	3	C	0
172	21	3	C	0
173	101	3	C	0
174	352	4	C	0
175	369	3	C	0
176	108	4	C	0
177	431	3	C	0
178	474	1	A	0
179	289	3	C	0
180	475	3	C	0
181	483	4	C	0
182	241	1	A	0
183	139	1	A	0
184	89	4	C	0
185	284	4	C	0
186	288	1	A	0
187	164	3	C	0
188	35	2	B	0
189	10	1	A	0
190	321	4	C	0
191	395	2	B	0
192	436	4	C	0
193	309	3	C	0
194	454	1	A	0
195	257	4	C	0
196	498	3	C	0
197	258	1	A	0
198	462	3	C	0
199	132	2	B	0
200	124	4	C	0
201	184	4	C	0
202	104	1	A	0
203	61	4	C	0
204	154	2	B	0
205	146	4	C	0
206	396	1	A	0
207	33	2	B	0
208	400	1	A	0
209	314	2	B	0
210	326	3	C	0
211	103	3	C	0
212	385	4	C	0
213	237	2	B	0
214	8	1	A	0
215	386	4	C	0
216	83	3	C	0
217	468	3	C	0
218	136	4	C	0
219	261	4	C	0
220	471	1	A	0
221	293	3	C	0
222	421	4	C	0
223	3	2	B	0
224	376	1	A	0
225	322	2	B	0
226	337	4	C	0
227	352	1	A	0
228	409	4	C	0
229	12	2	B	0
230	72	4	C	0
231	232	2	B	0
232	113	2	B	0
233	214	1	A	0
234	46	3	C	0
235	380	3	C	0
236	306	3	C	0
237	113	2	B	0
238	496	4	C	0
239	171	2	B	0
240	320	3	C	0
241	267	3	C	0
242	427	2	B	0
243	51	1	A	0
244	139	4	C	0
245	47	1	A	0
246	293	3	C	0
247	147	3	C	0
248	246	4	C	0
249	423	3	C	0
250	74	1	A	0
251	189	1	A	0
252	42	1	A	0
253	231	2	B	0
254	453	4	C	0
255	114	3	C	0
256	422	4	C	0
257	474	3	C	0
258	250	1	A	0
259	222	4	C	0
260	319	3	C	0
261	495	3	C	0
262	458	4	C	0
263	358	3	C	0
264	156	4	C	0
265	473	4	C	0
266	257	3	C	0
267	479	4	C	0
268	255	3	C	0
269	253	1	A	0
270	268	2	B	0
271	95	4	C	0
272	436	4	C	0
273	449	4	C	0
274	435	1	A	0
275	37	1	A	0
276	345	2	B	0
277	261	4	C	0
278	134	3	C	0
279	149	2	B	0
280	306	3	C	0
281	254	1	A	0
282	332	4	C	0
283	59	1	A	0
284	280	2	B	0
285	140	1	A	0
286	475	2	B	0
287	263	1	A	0
288	359	2	B	0
289	202	3	C	0
290	285	1	A	0
291	246	4	C	0
292	151	4	C	0
293	220	2	B	0
294	469	1	A	0
295	364	2	B	0
296	290	2	B	0
297	346	1	A	0
298	174	4	C	0
299	223	1	A	0
300	411	1	A	0
301	58	4	C	0
302	466	3	C	0
303	187	1	A	0
304	389	3	C	0
305	477	1	A	0
306	287	2	B	0
307	203	1	A	0
308	43	4	C	0
309	4	1	A	0
310	45	2	B	0
311	45	2	B	0
312	252	2	B	0
313	415	1	A	0
314	425	1	A	0
315	184	1	A	0
316	100	3	C	0
317	44	4	C	0
318	408	2	B	0
319	203	3	C	0
320	333	4	C	0
321	229	3	C	0
322	487	4	C	0
323	329	3	C	0
324	432	2	B	0
325	71	2	B	0
326	114	3	C	0
327	217	2	B	0
328	494	1	A	0
329	291	4	C	0
330	24	1	A	0
331	260	1	A	0
332	429	3	C	0
333	147	1	A	0
334	212	3	C	0
335	290	3	C	0
336	397	1	A	0
337	266	1	A	0
338	169	2	B	0
339	277	3	C	0
340	206	2	B	0
341	14	3	C	0
342	101	4	C	0
343	437	3	C	0
344	361	1	A	0
345	418	4	C	0
346	309	4	C	0
347	167	1	A	0
348	235	1	A	0
349	42	4	C	0
350	62	4	C	0
351	322	1	A	0
352	13	2	B	0
353	119	4	C	0
354	403	3	C	0
355	204	3	C	0
356	428	2	B	0
357	311	4	C	0
358	461	1	A	0
359	36	1	A	0
360	23	3	C	0
361	133	4	C	0
362	275	1	A	0
363	84	3	C	0
364	393	3	C	0
365	71	1	A	0
366	422	1	A	0
367	81	1	A	0
368	12	2	B	0
369	229	2	B	0
370	26	3	C	0
371	262	4	C	0
372	301	2	B	0
373	401	4	C	0
374	348	3	C	0
375	490	4	C	0
376	364	4	C	0
377	243	1	A	0
378	153	4	C	0
379	181	2	B	0
380	48	3	C	0
381	240	1	A	0
382	395	4	C	0
383	140	4	C	0
384	351	1	A	0
385	269	2	B	0
386	166	1	A	0
387	416	4	C	0
388	287	4	C	0
389	158	4	C	0
390	105	3	C	0
391	97	4	C	0
392	206	1	A	0
393	358	4	C	0
394	135	4	C	0
395	146	1	A	0
396	199	2	B	0
397	329	4	C	0
398	56	4	C	0
399	330	4	C	0
400	355	3	C	0
401	213	3	C	0
402	464	3	C	0
403	409	1	A	0
404	455	3	C	0
405	338	3	C	0
406	315	1	A	0
407	418	1	A	0
408	388	2	B	0
409	15	1	A	0
410	271	3	C	0
411	35	2	B	0
412	443	4	C	0
413	259	2	B	0
414	238	3	C	0
415	201	4	C	0
416	117	1	A	0
417	307	1	A	0
418	430	3	C	0
419	408	1	A	0
420	157	3	C	0
421	16	1	A	0
422	129	3	C	0
423	310	2	B	0
424	278	2	B	0
425	53	4	C	0
426	95	2	B	0
427	125	4	C	0
428	181	2	B	0
429	491	2	B	0
430	225	1	A	0
431	187	3	C	0
432	303	3	C	0
433	335	1	A	0
434	123	3	C	0
435	142	2	B	0
436	377	4	C	0
437	46	2	B	0
438	385	4	C	0
439	55	1	A	0
440	69	4	C	0
441	26	3	C	0
442	133	2	B	0
443	2	2	B	0
444	353	1	A	0
445	398	3	C	0
446	87	2	B	0
447	365	1	A	0
448	389	1	A	0
449	405	4	C	0
450	83	3	C	0
451	29	4	C	0
452	405	2	B	0
453	107	4	C	0
454	164	2	B	0
455	15	3	C	0
456	429	2	B	0
457	466	3	C	0
458	370	3	C	0
459	315	4	C	0
460	251	4	C	0
461	144	1	A	0
462	325	1	A	0
463	124	2	B	0
464	30	4	C	0
465	498	4	C	0
466	179	3	C	0
467	295	3	C	0
468	316	3	C	0
469	260	2	B	0
470	399	1	A	0
471	22	4	C	0
472	29	1	A	0
473	174	4	C	0
474	391	3	C	0
475	281	2	B	0
476	379	1	A	0
477	407	1	A	0
478	68	1	A	0
479	131	2	B	0
480	37	4	C	0
481	482	1	A	0
482	348	2	B	0
483	211	1	A	0
484	354	3	C	0
485	50	2	B	0
486	331	2	B	0
487	460	1	A	0
488	63	3	C	0
489	354	3	C	0
490	404	3	C	0
491	362	3	C	0
492	176	3	C	0
493	70	2	B	0
494	341	3	C	0
495	104	2	B	0
496	18	4	C	0
497	106	3	C	0
498	130	1	A	0
499	247	1	A	0
500	189	2	B	0
501	340	2	B	0
502	462	3	C	0
503	249	2	B	0
504	380	1	A	0
505	159	1	A	0
506	239	3	C	0
507	173	4	C	0
508	185	3	C	0
509	248	1	A	0
510	19	2	B	0
511	361	2	B	0
512	249	3	C	0
513	434	4	C	0
514	262	3	C	0
515	59	4	C	0
516	190	3	C	0
517	212	3	C	0
518	41	4	C	0
519	479	3	C	0
520	437	4	C	0
521	473	1	A	0
522	273	2	B	0
523	205	2	B	0
524	398	3	C	0
525	300	1	A	0
526	366	3	C	0
527	314	1	A	0
528	84	2	B	0
529	65	4	C	0
530	182	2	B	0
531	481	3	C	0
532	121	4	C	0
533	234	4	C	0
534	378	3	C	0
535	10	2	B	0
536	483	2	B	0
537	219	3	C	0
538	141	3	C	0
539	38	2	B	0
540	191	4	C	0
541	392	1	A	0
542	411	3	C	0
543	496	4	C	0
544	30	2	B	0
545	463	4	C	0
546	447	2	B	0
547	472	1	A	0
548	393	2	B	0
549	445	2	B	0
550	152	2	B	0
551	125	4	C	0
552	381	2	B	0
553	134	1	A	0
554	294	1	A	0
555	172	3	C	0
556	459	3	C	0
557	162	1	A	0
558	397	1	A	0
559	149	4	C	0
560	426	4	C	0
561	453	4	C	0
562	94	1	A	0
563	54	1	A	0
564	208	3	C	0
565	6	4	C	0
566	342	2	B	0
567	128	4	C	0
568	381	4	C	0
569	87	3	C	0
570	215	4	C	0
571	301	4	C	0
572	289	2	B	0
573	454	1	A	0
574	138	3	C	0
575	497	4	C	0
576	228	2	B	0
577	180	1	A	0
578	281	1	A	0
579	141	3	C	0
580	93	4	C	0
581	433	4	C	0
582	448	1	A	0
583	75	4	C	0
584	375	4	C	0
585	463	3	C	0
586	363	3	C	0
587	378	2	B	0
588	464	4	C	0
589	384	2	B	0
590	359	2	B	0
591	88	2	B	0
592	388	2	B	0
593	284	4	C	0
594	413	4	C	0
595	456	4	C	0
596	476	4	C	0
597	273	4	C	0
598	250	3	C	0
599	292	4	C	0
600	298	1	A	0
601	1	4	C	0
602	23	4	C	0
603	343	3	C	0
604	17	1	A	0
605	456	1	A	0
606	298	4	C	0
607	465	4	C	0
608	277	4	C	0
609	487	4	C	0
610	81	2	B	0
611	467	1	A	0
612	88	3	C	0
613	357	1	A	0
614	457	2	B	0
615	193	1	A	0
616	117	3	C	0
617	109	4	C	0
618	441	4	C	0
619	242	2	B	0
620	431	1	A	0
621	403	2	B	0
622	48	2	B	0
623	299	2	B	0
624	417	3	C	0
625	163	2	B	0
626	313	1	A	0
627	240	1	A	0
628	319	4	C	0
629	336	4	C	0
630	112	3	C	0
631	82	1	A	0
632	308	3	C	0
633	300	4	C	0
634	482	3	C	0
635	469	2	B	0
636	44	1	A	0
637	36	4	C	0
638	68	2	B	0
639	148	2	B	0
640	120	4	C	0
641	446	4	C	0
642	251	4	C	0
643	484	4	C	0
644	186	4	C	0
645	9	3	C	0
646	285	4	C	0
647	328	3	C	0
648	186	2	B	0
649	325	3	C	0
650	254	2	B	0
651	419	2	B	0
652	159	1	A	0
653	214	1	A	0
654	282	2	B	0
655	481	1	A	0
656	20	3	C	0
657	213	4	C	0
658	122	4	C	0
659	432	3	C	0
660	351	4	C	0
661	446	2	B	0
662	188	4	C	0
663	56	2	B	0
664	339	2	B	0
665	340	4	C	0
666	157	2	B	0
667	387	4	C	0
668	427	4	C	0
669	444	1	A	0
670	356	1	A	0
671	423	2	B	0
672	55	3	C	0
673	89	3	C	0
674	256	3	C	0
675	112	3	C	0
676	383	4	C	0
677	386	2	B	0
678	248	3	C	0
679	135	1	A	0
680	225	2	B	0
681	420	1	A	0
682	230	4	C	0
683	207	4	C	0
684	476	1	A	0
685	299	1	A	0
686	283	3	C	0
687	126	3	C	0
688	349	1	A	0
689	226	4	C	0
690	92	3	C	0
691	414	1	A	0
692	391	4	C	0
693	126	2	B	0
694	241	3	C	0
695	167	4	C	0
696	76	3	C	0
697	224	1	A	0
698	406	2	B	0
699	148	3	C	0
700	108	2	B	0
701	182	2	B	0
702	107	1	A	0
703	118	1	A	0
704	192	1	A	0
705	247	1	A	0
706	369	2	B	0
707	373	4	C	0
708	390	2	B	0
709	9	4	C	0
710	500	2	B	0
711	90	2	B	0
712	356	2	B	0
713	445	4	C	0
714	27	1	A	0
715	27	2	B	0
716	49	2	B	0
717	82	2	B	0
718	253	2	B	0
719	330	1	A	0
720	7	3	C	0
721	221	2	B	0
722	96	1	A	0
723	216	2	B	0
724	269	1	A	0
725	210	4	C	0
726	232	1	A	0
727	77	4	C	0
728	116	1	A	0
729	190	2	B	0
730	383	2	B	0
731	169	4	C	0
732	341	2	B	0
733	2	1	A	0
734	170	2	B	0
735	129	1	A	0
736	433	4	C	0
737	60	2	B	0
738	360	1	A	0
739	279	4	C	0
740	228	1	A	0
741	160	2	B	0
742	443	4	C	0
743	158	2	B	0
744	274	3	C	0
745	219	3	C	0
746	118	2	B	0
747	492	1	A	0
748	69	1	A	0
749	255	3	C	0
750	204	4	C	0
751	6	4	C	0
752	256	1	A	0
753	168	1	A	0
754	137	2	B	0
755	173	1	A	0
756	311	2	B	0
757	119	4	C	0
758	292	2	B	0
759	447	4	C	0
760	417	1	A	0
761	323	1	A	0
762	245	1	A	0
763	90	1	A	0
764	152	3	C	0
765	155	2	B	0
766	461	2	B	0
767	221	4	C	0
768	323	3	C	0
769	224	4	C	0
770	426	1	A	0
771	79	3	C	0
772	439	4	C	0
773	457	1	A	0
774	143	2	B	0
775	492	2	B	0
776	324	4	C	0
777	264	3	C	0
778	110	4	C	0
779	198	2	B	0
780	324	1	A	0
781	331	2	B	0
782	366	4	C	0
783	209	4	C	0
784	424	2	B	0
785	163	2	B	0
786	230	3	C	0
787	178	1	A	0
788	31	1	A	0
789	200	2	B	0
790	115	2	B	0
791	342	1	A	0
792	444	4	C	0
793	122	4	C	0
794	347	4	C	0
795	370	2	B	0
796	201	4	C	0
797	154	1	A	0
798	441	3	C	0
799	372	1	A	0
800	350	3	C	0
801	360	2	B	0
802	11	2	B	0
803	13	2	B	0
804	64	4	C	0
805	73	2	B	0
806	14	4	C	0
807	267	2	B	0
808	455	3	C	0
809	28	1	A	0
810	276	1	A	0
811	297	3	C	0
812	415	2	B	0
813	192	3	C	0
814	143	4	C	0
815	28	2	B	0
816	233	1	A	0
817	86	4	C	0
818	16	4	C	0
819	7	1	A	0
820	34	3	C	0
821	286	3	C	0
822	317	1	A	0
823	452	4	C	0
824	304	4	C	0
825	414	4	C	0
826	489	2	B	0
827	297	2	B	0
828	430	4	C	0
829	76	4	C	0
830	5	1	A	0
831	439	4	C	0
832	150	2	B	0
833	424	2	B	0
834	11	2	B	0
835	367	3	C	0
836	451	2	B	0
837	450	4	C	0
838	156	4	C	0
839	279	3	C	0
840	216	2	B	0
841	486	1	A	0
842	336	3	C	0
843	419	4	C	0
844	237	1	A	0
845	5	4	C	0
846	282	1	A	0
847	198	1	A	0
848	384	1	A	0
849	43	4	C	0
850	121	4	C	0
851	4	3	C	0
852	394	4	C	0
853	387	4	C	0
854	491	1	A	0
855	185	4	C	0
856	175	2	B	0
857	50	3	C	0
858	305	2	B	0
859	394	1	A	0
860	217	2	B	0
861	435	4	C	0
862	52	2	B	0
863	168	3	C	0
864	362	2	B	0
865	392	2	B	0
866	245	4	C	0
867	170	1	A	0
868	144	1	A	0
869	199	4	C	0
870	486	1	A	0
871	40	3	C	0
872	96	4	C	0
873	499	2	B	0
874	162	1	A	0
875	495	3	C	0
876	242	1	A	0
877	153	2	B	0
878	471	2	B	0
879	371	3	C	0
880	183	4	C	0
881	428	2	B	0
882	75	4	C	0
883	452	2	B	0
884	410	2	B	0
885	313	2	B	0
886	175	3	C	0
887	274	3	C	0
888	477	1	A	0
889	215	4	C	0
890	85	2	B	0
891	79	3	C	0
892	20	1	A	0
893	252	3	C	0
894	171	1	A	0
895	40	4	C	0
896	236	1	A	0
897	211	3	C	0
898	399	4	C	0
899	318	2	B	0
900	61	3	C	0
901	223	3	C	0
902	303	3	C	0
903	145	4	C	0
904	499	3	C	0
905	450	1	A	0
906	382	4	C	0
907	179	2	B	0
908	332	1	A	0
909	291	3	C	0
910	346	3	C	0
911	296	3	C	0
912	177	3	C	0
913	31	3	C	0
914	266	3	C	0
915	67	2	B	0
916	120	4	C	0
917	17	1	A	0
918	349	1	A	0
919	280	3	C	0
920	420	1	A	0
921	318	2	B	0
922	489	2	B	0
923	363	2	B	0
924	283	3	C	0
925	1	1	A	0
926	374	4	C	0
927	264	4	C	0
928	406	3	C	0
929	296	4	C	0
930	85	2	B	0
931	350	3	C	0
932	244	3	C	0
933	438	2	B	0
934	335	3	C	0
935	236	1	A	0
936	451	1	A	0
937	25	3	C	0
938	80	4	C	0
939	468	4	C	0
940	115	3	C	0
941	86	2	B	0
942	294	1	A	0
943	488	3	C	0
944	161	3	C	0
945	238	2	B	0
946	34	2	B	0
947	77	3	C	0
948	98	2	B	0
949	328	2	B	0
950	165	3	C	0
951	80	1	A	0
952	109	3	C	0
953	218	2	B	0
954	106	4	C	0
955	150	4	C	0
956	99	2	B	0
957	377	4	C	0
958	226	2	B	0
959	200	2	B	0
960	218	2	B	0
961	66	4	C	0
962	161	2	B	0
963	327	2	B	0
964	233	3	C	0
965	78	4	C	0
966	412	3	C	0
967	484	3	C	0
968	183	1	A	0
969	98	4	C	0
970	78	2	B	0
971	367	1	A	0
972	244	1	A	0
973	305	1	A	0
974	382	3	C	0
975	165	1	A	0
976	465	4	C	0
977	177	4	C	0
978	412	2	B	0
979	317	1	A	0
980	239	4	C	0
981	197	4	C	0
982	116	3	C	0
983	265	1	A	0
984	22	4	C	0
985	197	3	C	0
986	172	2	B	0
987	196	1	A	0
988	155	1	A	0
989	73	4	C	0
990	99	2	B	0
991	110	3	C	0
992	265	2	B	0
993	438	2	B	0
994	347	4	C	0
995	66	2	B	0
996	312	1	A	0
997	374	4	C	0
998	488	4	C	0
999	312	4	C	0
1000	458	4	C	0
