Class Times	10
Rooms	25
1	85
2	21
3	37
4	71
5	57
6	62
7	89
8	30
9	84
10	75
11	35
12	74
13	10
14	13
15	67
16	39
17	24
18	12
19	79
20	48
21	77
22	87
23	21
24	55
25	73
Classes	250
Teachers	125
1	117
2	14
3	21
4	103
5	97
6	96
7	35
8	4
9	107
10	68
11	98
12	80
13	74
14	109
15	39
16	34
17	125
18	104
19	94
20	65
21	88
22	18
23	67
24	8
25	103
26	74
27	67
28	50
29	56
30	32
31	120
32	84
33	62
34	15
35	121
36	116
37	117
38	122
39	39
40	56
41	21
42	61
43	35
44	50
45	32
46	41
47	6
48	94
49	121
50	7
51	15
52	60
53	61
54	113
55	97
56	122
57	59
58	83
59	59
60	118
61	63
62	116
63	31
64	115
65	118
66	4
67	30
68	77
69	6
70	47
71	85
72	109
73	45
74	54
75	2
76	65
77	125
78	100
79	30
80	37
81	27
82	76
83	111
84	23
85	34
86	14
87	95
88	27
89	18
90	8
91	12
92	41
93	77
94	55
95	64
96	98
97	123
98	100
99	73
100	76
101	60
102	20
103	48
104	85
105	64
106	124
107	114
108	3
109	51
110	84
111	83
112	108
113	111
114	101
115	31
116	101
117	17
118	69
119	12
120	119
121	53
122	55
123	107
124	99
125	51
126	123
127	80
128	42
129	90
130	90
131	54
132	110
133	23
134	43
135	48
136	119
137	106
138	36
139	86
140	40
141	9
142	58
143	25
144	87
145	75
146	26
147	79
148	71
149	7
150	24
151	114
152	96
153	69
154	88
155	86
156	70
157	1
158	1
159	52
160	9
161	10
162	105
163	110
164	91
165	93
166	124
167	73
168	115
169	81
170	68
171	24
172	36
173	38
174	99
175	62
176	112
177	42
178	79
179	2
180	57
181	102
182	57
183	78
184	38
185	92
186	70
187	58
188	95
189	112
190	20
191	37
192	19
193	40
194	63
195	29
196	5
197	53
198	75
199	66
200	44
201	13
202	3
203	66
204	26
205	22
206	29
207	28
208	113
209	106
210	120
211	33
212	43
213	16
214	104
215	92
216	17
217	16
218	52
219	5
220	89
221	44
222	81
223	72
224	87
225	89
226	49
227	91
228	47
229	93
230	10
231	19
232	46
233	102
234	28
235	45
236	13
237	25
238	22
239	72
240	49
241	108
242	46
243	33
244	11
245	82
246	11
247	82
248	78
249	105
250	71
