Class Times	10
Rooms	25
1	22
2	49
3	72
4	60
5	33
6	48
7	23
8	35
9	68
10	92
11	68
12	54
13	72
14	39
15	42
16	87
17	80
18	30
19	21
20	62
21	33
22	58
23	24
24	70
25	89
Classes	250
Teachers	125
1	14
2	110
3	76
4	66
5	63
6	51
7	75
8	107
9	29
10	3
11	31
12	26
13	69
14	118
15	93
16	71
17	58
18	56
19	102
20	74
21	96
22	123
23	65
24	115
25	109
26	35
27	91
28	71
29	5
30	19
31	104
32	66
33	23
34	59
35	76
36	67
37	22
38	74
39	30
40	92
41	72
42	6
43	67
44	48
45	120
46	82
47	98
48	18
49	92
50	46
51	21
52	26
53	85
54	97
55	78
56	72
57	32
58	62
59	112
60	48
61	41
62	75
63	86
64	57
65	68
66	24
67	95
68	109
69	20
70	87
71	45
72	31
73	80
74	106
75	70
76	94
77	23
78	57
79	22
80	36
81	112
82	116
83	84
84	96
85	40
86	102
87	21
88	118
89	56
90	88
91	111
92	1
93	123
94	121
95	2
96	5
97	119
98	106
99	58
100	86
101	85
102	16
103	1
104	60
105	103
106	108
107	94
108	12
109	101
110	18
111	88
112	7
113	12
114	6
115	34
116	87
117	36
118	77
119	7
120	117
121	42
122	103
123	45
124	121
125	16
126	30
127	77
128	98
129	90
130	50
131	25
132	43
133	29
134	69
135	90
136	111
137	24
138	41
139	34
140	32
141	110
142	42
143	95
144	124
145	3
146	120
147	68
148	122
149	89
150	14
151	53
152	51
153	115
154	55
155	27
156	84
157	70
158	52
159	2
160	49
161	99
162	43
163	93
164	113
165	53
166	125
167	89
168	97
169	54
170	28
171	10
172	122
173	99
174	125
175	52
176	119
177	13
178	40
179	4
180	28
181	117
182	20
183	50
184	54
185	83
186	113
187	33
188	80
189	19
190	104
191	33
192	65
193	37
194	8
195	81
196	116
197	47
198	79
199	38
200	17
201	35
202	62
203	37
204	9
205	81
206	39
207	61
208	25
209	11
210	10
211	9
212	64
213	38
214	101
215	49
216	39
217	78
218	15
219	105
220	73
221	4
222	73
223	105
224	8
225	91
226	13
227	83
228	82
229	61
230	27
231	59
232	108
233	46
234	64
235	124
236	17
237	44
238	55
239	11
240	44
241	100
242	79
243	47
244	15
245	107
246	63
247	100
248	114
249	114
250	60
