Class Times	10
Rooms	25
1	97
2	87
3	26
4	21
5	79
6	92
7	65
8	34
9	72
10	37
11	44
12	51
13	87
14	59
15	92
16	42
17	66
18	83
19	97
20	88
21	96
22	66
23	56
24	51
25	31
Classes	250
Teachers	125
1	98
2	40
3	20
4	53
5	98
6	58
7	56
8	102
9	37
10	44
11	64
12	125
13	15
14	108
15	118
16	23
17	105
18	21
19	10
20	39
21	14
22	27
23	100
24	70
25	7
26	18
27	76
28	47
29	36
30	113
31	42
32	67
33	82
34	88
35	40
36	76
37	57
38	25
39	36
40	50
41	3
42	115
43	51
44	67
45	59
46	21
47	66
48	33
49	47
50	99
51	43
52	65
53	56
54	111
55	16
56	45
57	49
58	118
59	52
60	104
61	57
62	29
63	91
64	28
65	123
66	117
67	79
68	17
69	115
70	45
71	69
72	103
73	74
74	1
75	100
76	5
77	82
78	122
79	119
80	13
81	84
82	69
83	106
84	39
85	55
86	123
87	77
88	43
89	83
90	70
91	11
92	12
93	84
94	114
95	3
96	62
97	91
98	101
99	16
100	77
101	55
102	99
103	121
104	102
105	114
106	22
107	108
108	37
109	105
110	20
111	44
112	92
113	4
114	41
115	122
116	101
117	119
118	7
119	58
120	93
121	1
122	97
123	116
124	46
125	103
126	60
127	61
128	106
129	86
130	62
131	27
132	104
133	8
134	60
135	59
136	79
137	113
138	24
139	109
140	71
141	121
142	12
143	63
144	78
145	25
146	107
147	49
148	53
149	11
150	89
151	14
152	63
153	97
154	124
155	92
156	9
157	78
158	95
159	2
160	4
161	13
162	74
163	107
164	109
165	87
166	32
167	111
168	26
169	71
170	23
171	120
172	87
173	94
174	112
175	68
176	125
177	30
178	54
179	116
180	124
181	65
182	2
183	15
184	52
185	51
186	48
187	30
188	41
189	90
190	9
191	90
192	10
193	94
194	66
195	50
196	110
197	95
198	68
199	112
200	17
201	26
202	46
203	29
204	93
205	85
206	64
207	24
208	42
209	120
210	5
211	83
212	72
213	86
214	19
215	81
216	19
217	35
218	80
219	80
220	110
221	31
222	75
223	22
224	81
225	73
226	89
227	34
228	28
229	31
230	88
231	8
232	38
233	38
234	61
235	75
236	34
237	32
238	96
239	48
240	6
241	117
242	54
243	96
244	72
245	33
246	6
247	85
248	35
249	18
250	73
