Students	2000
1	97 201 181 11
2	155 19 107 243
3	111 77 151 241
4	72 70 90 96
5	157 118 73 2
6	74 50 237 61
7	29 98 234 233
8	155 228 32 191
9	69 145 197 63
10	143 167 107 154
11	9 236 62 205
12	223 69 187 8
13	140 86 48 152
14	72 113 104 22
15	84 98 89 240
16	137 208 171 196
17	177 193 147 172
18	26 176 93 218
19	138 110 206 114
20	220 87 52 225
21	102 32 181 168
22	119 115 244 5
23	138 198 32 43
24	106 85 146 92
25	148 39 142 111
26	227 95 189 224
27	12 250 75 25
28	151 249 20 111
29	248 146 138 127
30	141 51 195 197
31	43 140 235 78
32	211 250 197 37
33	72 162 74 145
34	116 34 69 83
35	24 165 116 233
36	131 6 32 79
37	166 183 247 215
38	218 101 108 138
39	173 56 242 198
40	111 190 133 171
41	40 75 206 70
42	142 159 200 174
43	149 39 30 168
44	183 206 187 194
45	38 180 17 83
46	41 202 241 44
47	88 227 221 92
48	76 209 157 143
49	201 174 165 45
50	149 238 123 58
51	92 199 11 233
52	90 126 121 40
53	85 86 128 56
54	121 214 61 215
55	166 208 207 122
56	161 70 232 123
57	52 201 80 5
58	100 153 176 29
59	208 29 218 93
60	67 71 239 119
61	168 1 61 123
62	83 68 75 162
63	118 227 49 50
64	80 236 167 74
65	152 100 60 174
66	143 114 171 36
67	194 57 147 56
68	161 23 234 82
69	63 84 153 199
70	98 228 193 57
71	140 138 240 25
72	62 188 32 96
73	136 125 186 97
74	7 243 189 114
75	65 89 198 234
76	245 46 222 196
77	125 225 18 204
78	140 125 24 27
79	96 121 204 52
80	39 226 133 14
81	93 102 194 12
82	43 131 51 153
83	213 102 65 243
84	191 202 107 98
85	153 1 76 152
86	24 226 147 189
87	224 139 110 241
88	68 168 189 228
89	221 27 241 91
90	202 81 163 235
91	87 66 133 148
92	54 156 100 86
93	171 143 50 59
94	88 111 118 41
95	134 26 190 228
96	3 97 246 191
97	85 81 73 11
98	212 4 37 135
99	26 135 101 3
100	180 95 79 98
101	89 164 143 28
102	125 69 162 109
103	117 66 70 125
104	183 243 156 174
105	107 163 109 88
106	184 236 52 157
107	197 147 170 238
108	131 110 113 53
109	159 80 181 219
110	58 159 166 248
111	134 193 221 133
112	7 131 28 215
113	138 78 58 110
114	3 134 87 169
115	44 52 174 30
116	60 133 240 178
117	80 95 112 60
118	210 136 96 194
119	118 181 173 182
120	20 105 4 104
121	243 239 195 215
122	142 99 131 220
123	103 146 23 246
124	171 83 148 194
125	121 110 217 92
126	62 91 216 26
127	213 202 105 232
128	143 116 249 49
129	85 31 178 227
130	19 132 16 109
131	65 239 100 126
132	115 77 125 239
133	164 212 186 62
134	123 205 236 128
135	67 129 190 101
136	151 141 19 139
137	21 193 23 39
138	23 55 136 35
139	209 122 213 49
140	226 86 158 149
141	16 234 153 139
142	16 224 12 53
143	64 208 72 210
144	61 108 189 227
145	37 98 117 198
146	85 27 33 200
147	86 220 249 24
148	192 170 44 227
149	120 39 87 138
150	185 42 168 149
151	114 220 96 9
152	216 113 109 150
153	61 140 43 168
154	217 215 242 72
155	52 138 21 66
156	146 155 119 56
157	131 155 112 76
158	4 27 79 126
159	12 167 96 34
160	246 196 136 154
161	43 23 37 45
162	26 98 121 171
163	113 13 28 215
164	95 222 178 185
165	235 184 203 177
166	65 210 105 44
167	26 117 56 111
168	27 44 111 76
169	136 71 161 7
170	220 181 85 187
171	72 189 199 101
172	47 9 191 80
173	213 95 112 39
174	184 47 17 63
175	189 198 197 82
176	139 72 117 229
177	187 119 248 106
178	99 88 90 144
179	146 83 218 13
180	1 14 83 100
181	186 189 71 153
182	55 156 75 161
183	48 85 17 90
184	19 201 141 224
185	205 96 129 71
186	87 95 46 76
187	26 196 17 116
188	135 60 240 1
189	1 152 198 58
190	83 78 94 59
191	29 2 97 162
192	60 7 119 81
193	167 135 215 13
194	111 28 26 75
195	243 47 206 214
196	88 163 60 200
197	155 165 95 56
198	194 86 48 244
199	181 112 191 41
200	107 203 32 50
201	91 83 148 59
202	144 145 41 191
203	80 168 101 72
204	188 40 123 59
205	55 228 74 160
206	143 53 61 176
207	43 25 221 169
208	203 85 171 20
209	17 52 137 18
210	36 133 33 100
211	170 43 220 201
212	4 140 90 82
213	246 94 134 147
214	155 235 169 55
215	4 74 56 174
216	221 54 205 155
217	6 135 107 226
218	12 98 184 130
219	150 114 126 212
220	92 68 209 135
221	219 169 68 90
222	57 116 220 21
223	28 209 201 250
224	7 101 166 110
225	46 150 40 176
226	214 162 189 39
227	239 228 124 60
228	34 68 74 186
229	12 66 2 9
230	175 46 167 126
231	155 11 42 120
232	237 215 222 53
233	123 78 148 58
234	104 166 136 157
235	240 86 193 198
236	141 186 59 195
237	207 206 16 231
238	195 69 180 37
239	185 207 6 45
240	129 93 197 183
241	84 148 79 55
242	197 233 1 7
243	165 26 161 198
244	132 66 196 63
245	119 103 99 208
246	94 65 228 158
247	233 214 51 104
248	138 130 206 44
249	86 90 229 231
250	39 50 69 8
251	22 201 113 65
252	19 194 160 210
253	180 14 116 89
254	4 51 178 249
255	15 100 46 35
256	240 109 71 61
257	61 25 218 121
258	243 19 92 68
259	248 155 223 188
260	75 21 56 196
261	93 33 136 172
262	12 131 19 168
263	23 2 137 113
264	83 231 212 122
265	13 110 18 73
266	121 30 211 79
267	46 164 60 106
268	77 91 237 180
269	200 5 220 38
270	137 22 144 233
271	151 229 146 6
272	144 236 47 239
273	47 108 229 72
274	72 168 19 146
275	123 208 249 89
276	101 218 170 134
277	181 39 153 64
278	231 250 149 51
279	158 159 64 105
280	103 193 45 105
281	131 73 174 38
282	186 168 138 177
283	87 170 231 75
284	127 121 134 103
285	91 190 118 121
286	182 134 52 175
287	46 193 143 69
288	190 241 88 102
289	244 107 184 65
290	60 77 98 243
291	77 187 224 214
292	155 168 21 131
293	160 191 111 13
294	132 25 135 78
295	225 166 22 16
296	93 242 239 63
297	116 236 179 223
298	213 230 175 84
299	246 28 36 127
300	194 98 111 247
301	236 132 226 51
302	117 186 51 91
303	103 95 240 13
304	58 228 137 155
305	34 181 57 218
306	188 48 135 245
307	131 78 25 249
308	103 208 129 243
309	185 180 131 228
310	186 56 177 229
311	153 39 218 51
312	24 84 149 216
313	117 136 152 185
314	241 147 199 48
315	160 215 34 190
316	138 243 61 35
317	21 209 191 185
318	175 16 159 100
319	228 52 64 103
320	154 98 70 67
321	134 166 141 205
322	121 80 139 31
323	222 89 142 114
324	89 234 72 10
325	40 208 175 193
326	183 28 31 27
327	196 25 103 234
328	178 59 232 190
329	137 125 28 143
330	33 249 218 148
331	107 16 94 90
332	178 229 134 120
333	26 235 128 202
334	44 64 230 163
335	40 183 130 46
336	62 78 153 30
337	189 87 206 154
338	137 44 201 98
339	189 101 161 154
340	210 93 19 150
341	117 12 37 204
342	93 243 235 85
343	180 124 230 142
344	222 57 98 77
345	98 136 42 36
346	110 226 119 102
347	95 193 109 174
348	70 25 228 130
349	214 43 65 182
350	246 114 136 50
351	150 111 100 231
352	115 116 18 149
353	147 96 154 61
354	152 141 34 162
355	37 47 36 223
356	60 181 80 22
357	189 223 33 97
358	93 72 19 40
359	232 137 37 46
360	244 188 209 11
361	200 52 1 145
362	69 116 215 190
363	166 71 171 77
364	229 22 115 46
365	36 70 27 24
366	127 30 76 245
367	188 141 214 197
368	206 154 101 186
369	50 70 177 239
370	62 194 76 108
371	82 42 25 207
372	50 13 163 21
373	80 194 21 81
374	239 230 33 77
375	204 250 112 94
376	166 138 27 110
377	141 202 10 66
378	82 51 12 69
379	121 156 18 157
380	90 54 227 98
381	117 142 119 7
382	103 58 49 120
383	181 165 242 55
384	117 100 113 226
385	38 193 107 77
386	143 239 8 161
387	47 36 197 168
388	25 7 29 11
389	119 228 63 22
390	64 250 191 120
391	230 77 28 223
392	63 87 151 172
393	18 226 224 2
394	201 129 138 219
395	23 81 190 174
396	141 207 121 221
397	116 233 108 102
398	174 92 114 152
399	21 233 224 183
400	249 30 90 159
401	155 105 65 120
402	248 169 89 126
403	230 26 248 59
404	196 74 163 71
405	148 107 165 30
406	233 25 85 83
407	87 17 243 129
408	51 199 14 188
409	39 247 161 124
410	212 93 79 217
411	19 91 13 27
412	4 196 8 87
413	142 25 62 100
414	226 237 201 209
415	229 196 24 232
416	166 206 240 218
417	222 100 182 207
418	77 198 45 182
419	220 87 138 239
420	134 28 210 48
421	103 197 70 117
422	13 158 203 186
423	125 173 57 61
424	226 167 146 160
425	57 116 73 241
426	62 71 228 64
427	216 113 129 60
428	86 52 88 190
429	238 42 51 40
430	166 198 241 144
431	41 153 198 197
432	192 154 119 82
433	20 156 128 174
434	9 133 27 250
435	188 211 33 65
436	75 53 215 181
437	144 104 118 164
438	59 129 218 82
439	2 77 139 165
440	180 69 244 238
441	159 205 135 29
442	94 133 250 77
443	123 116 103 175
444	43 119 205 244
445	174 90 165 211
446	106 222 105 205
447	53 210 171 44
448	77 51 103 48
449	41 10 208 114
450	237 212 133 162
451	236 208 62 32
452	37 237 185 30
453	115 147 165 198
454	3 18 78 44
455	241 243 106 150
456	70 47 63 168
457	69 28 194 82
458	92 160 6 101
459	162 56 85 12
460	53 124 59 152
461	54 10 87 215
462	116 108 112 7
463	182 60 231 155
464	230 184 3 47
465	56 15 207 229
466	1 232 149 58
467	174 138 233 3
468	161 208 220 49
469	144 71 236 119
470	47 171 223 94
471	15 178 13 2
472	38 109 53 115
473	163 81 12 149
474	19 39 17 229
475	113 34 189 152
476	46 233 28 236
477	249 237 87 37
478	27 89 63 180
479	116 79 87 4
480	212 74 217 188
481	53 148 108 242
482	106 117 142 160
483	15 89 137 165
484	61 135 250 248
485	13 242 191 36
486	181 46 206 214
487	235 132 74 227
488	68 155 172 6
489	240 234 129 80
490	59 125 80 77
491	4 7 106 138
492	56 35 62 232
493	222 231 108 153
494	250 129 227 211
495	200 135 50 248
496	125 202 193 142
497	242 146 150 196
498	203 128 154 40
499	103 164 228 44
500	78 112 168 175
501	238 84 23 41
502	196 147 151 230
503	78 76 151 118
504	60 118 176 244
505	136 164 166 167
506	139 58 10 106
507	10 55 27 17
508	143 38 155 61
509	101 171 155 112
510	141 118 66 110
511	38 220 234 244
512	52 121 113 179
513	66 93 88 91
514	52 84 99 113
515	232 90 29 120
516	215 219 123 36
517	200 80 86 135
518	156 206 148 100
519	44 99 157 41
520	159 246 184 128
521	62 69 200 133
522	223 190 135 137
523	164 158 85 48
524	77 64 20 14
525	215 108 89 239
526	139 63 220 87
527	241 76 114 202
528	231 20 133 134
529	170 236 156 159
530	198 201 167 118
531	219 250 216 48
532	162 157 44 14
533	78 75 123 142
534	161 54 11 75
535	122 36 235 50
536	210 180 183 238
537	146 127 93 80
538	30 201 183 152
539	176 96 157 147
540	219 79 222 114
541	72 48 224 148
542	19 160 9 59
543	212 12 228 181
544	54 119 193 40
545	110 17 187 26
546	49 195 116 235
547	122 64 248 237
548	153 234 58 144
549	178 102 145 18
550	121 180 32 183
551	180 126 186 12
552	152 138 196 55
553	249 115 53 207
554	21 133 135 104
555	129 173 73 130
556	158 78 109 7
557	55 232 150 113
558	82 103 134 36
559	227 224 200 134
560	92 169 173 21
561	227 234 73 103
562	85 160 78 32
563	15 119 192 221
564	41 105 123 233
565	24 49 58 156
566	151 27 231 232
567	135 59 124 62
568	183 66 210 240
569	150 45 68 95
570	77 239 171 215
571	87 171 109 130
572	86 232 111 156
573	183 138 177 17
574	96 3 69 133
575	113 182 153 43
576	77 110 142 119
577	237 59 158 171
578	133 247 151 118
579	238 67 99 189
580	102 200 229 85
581	24 189 7 119
582	172 176 155 101
583	36 132 52 19
584	143 85 78 3
585	43 202 204 73
586	177 190 166 159
587	3 37 9 164
588	16 106 96 91
589	187 44 76 110
590	49 101 27 145
591	241 72 190 127
592	196 60 165 193
593	140 108 195 26
594	194 148 71 106
595	225 82 178 76
596	153 221 165 38
597	209 20 37 172
598	68 101 246 98
599	213 232 243 126
600	217 3 233 26
601	100 6 217 149
602	132 86 16 58
603	194 118 74 2
604	56 179 39 231
605	158 144 155 77
606	214 55 224 186
607	78 50 180 101
608	192 98 178 122
609	186 83 111 197
610	90 145 177 141
611	130 134 47 223
612	242 198 88 59
613	25 169 59 140
614	160 231 18 128
615	238 116 187 94
616	187 136 221 202
617	96 182 223 250
618	138 45 16 40
619	138 216 61 109
620	1 186 3 8
621	238 242 126 172
622	29 38 216 132
623	55 62 113 13
624	35 121 170 76
625	159 226 85 214
626	169 225 201 242
627	22 74 32 94
628	135 110 163 157
629	193 113 135 69
630	236 81 41 170
631	195 14 104 216
632	16 193 39 189
633	93 238 188 30
634	137 90 48 115
635	63 202 146 143
636	232 16 183 61
637	146 244 48 164
638	36 140 41 142
639	247 227 16 128
640	149 12 183 101
641	212 77 192 196
642	73 249 117 204
643	147 28 40 58
644	131 61 19 104
645	131 205 70 204
646	155 189 249 76
647	19 43 9 31
648	226 223 39 18
649	192 18 222 238
650	241 106 92 104
651	120 197 200 21
652	181 180 15 241
653	244 223 77 95
654	133 96 182 224
655	110 28 178 134
656	205 116 122 10
657	33 57 106 1
658	69 193 53 59
659	241 106 237 234
660	179 33 3 219
661	187 17 74 26
662	249 117 55 174
663	142 179 103 67
664	101 126 144 24
665	93 54 193 142
666	223 108 40 136
667	104 58 122 40
668	109 81 92 176
669	190 39 30 102
670	145 64 86 126
671	39 67 195 158
672	228 31 124 92
673	55 101 118 185
674	197 194 11 112
675	165 177 45 146
676	60 187 12 222
677	186 245 229 109
678	50 20 182 202
679	44 213 133 196
680	227 127 82 220
681	235 146 29 63
682	72 80 208 242
683	187 243 69 192
684	104 148 152 127
685	28 11 46 196
686	226 243 38 234
687	138 68 96 9
688	215 245 134 239
689	114 213 26 221
690	163 159 22 103
691	202 193 192 133
692	232 129 138 36
693	176 21 29 74
694	19 103 198 66
695	10 55 182 160
696	158 203 160 46
697	43 5 63 74
698	133 57 47 138
699	33 43 175 17
700	102 51 208 248
701	100 213 152 190
702	88 97 127 104
703	120 248 90 149
704	209 249 169 232
705	215 114 148 210
706	176 210 63 128
707	89 177 147 113
708	71 21 152 217
709	187 92 165 143
710	205 235 168 106
711	54 228 127 56
712	180 173 156 107
713	59 115 23 3
714	112 93 229 56
715	133 34 88 187
716	162 111 170 39
717	105 66 124 219
718	208 220 126 94
719	225 29 53 68
720	213 23 206 150
721	241 244 66 127
722	163 74 199 101
723	250 156 103 247
724	206 243 188 237
725	119 127 155 81
726	38 80 152 248
727	231 88 154 75
728	178 181 176 35
729	192 21 226 70
730	239 145 171 155
731	186 121 16 100
732	249 237 220 151
733	123 70 37 7
734	108 231 167 5
735	97 229 129 250
736	56 222 203 9
737	215 129 30 192
738	121 13 195 236
739	46 90 197 86
740	127 90 84 221
741	90 81 245 49
742	212 87 21 144
743	173 245 207 155
744	104 33 110 187
745	244 238 145 177
746	19 218 33 238
747	76 196 202 224
748	132 245 174 169
749	76 3 29 49
750	72 81 74 144
751	96 107 121 68
752	62 41 101 198
753	178 21 26 232
754	22 209 200 4
755	66 54 235 39
756	168 174 241 31
757	190 9 151 162
758	34 237 33 152
759	99 163 167 1
760	35 72 11 22
761	224 24 146 216
762	122 27 28 202
763	121 162 51 186
764	241 71 39 115
765	11 12 199 195
766	54 23 9 130
767	221 74 173 108
768	42 219 129 33
769	74 216 22 213
770	91 125 112 179
771	79 47 133 208
772	135 108 228 128
773	204 46 102 79
774	162 146 77 235
775	111 75 92 187
776	102 173 110 204
777	179 118 246 38
778	143 232 153 132
779	234 214 27 74
780	2 41 79 188
781	142 192 89 65
782	190 213 181 157
783	248 199 189 128
784	88 10 36 47
785	181 68 75 222
786	169 132 249 81
787	123 160 46 230
788	227 85 72 172
789	84 199 144 36
790	37 104 125 67
791	242 48 236 141
792	55 80 134 43
793	116 140 24 52
794	168 80 59 29
795	192 113 92 164
796	159 153 36 141
797	115 215 58 74
798	242 129 203 135
799	91 38 42 9
800	178 141 67 249
801	202 137 88 198
802	97 70 174 100
803	173 128 98 113
804	149 22 62 51
805	231 147 21 85
806	21 10 9 233
807	38 106 248 190
808	160 65 24 203
809	222 128 143 156
810	160 198 141 189
811	66 225 187 167
812	37 79 105 225
813	182 133 37 90
814	186 132 226 234
815	217 26 160 17
816	10 96 2 193
817	117 77 93 195
818	14 47 177 41
819	158 37 97 51
820	48 153 25 112
821	104 140 182 209
822	122 238 32 145
823	19 225 245 34
824	83 162 138 59
825	111 2 141 222
826	123 228 125 221
827	87 119 93 81
828	164 135 77 93
829	62 93 224 165
830	36 89 76 183
831	131 63 188 64
832	158 142 231 174
833	209 103 70 160
834	12 66 185 132
835	37 118 2 113
836	155 148 22 175
837	174 44 212 70
838	108 192 121 30
839	58 198 69 74
840	71 217 86 133
841	106 7 44 162
842	228 149 124 17
843	250 103 189 113
844	231 119 193 194
845	17 156 99 188
846	211 229 109 15
847	144 36 229 46
848	195 62 250 100
849	249 69 39 171
850	135 99 63 200
851	147 88 220 203
852	138 126 144 177
853	154 169 200 144
854	204 120 42 49
855	167 102 247 91
856	182 189 10 165
857	107 229 26 125
858	187 202 228 76
859	61 168 173 22
860	221 199 34 104
861	26 207 198 1
862	29 70 139 36
863	135 190 182 87
864	224 245 89 32
865	179 77 4 158
866	153 120 181 191
867	138 211 239 77
868	107 45 85 5
869	15 171 246 81
870	234 56 161 190
871	45 20 197 37
872	148 72 179 64
873	54 65 231 123
874	22 203 193 43
875	19 1 116 211
876	214 78 31 40
877	173 229 159 209
878	2 238 11 133
879	150 199 212 213
880	54 239 75 40
881	57 38 168 246
882	53 211 201 214
883	191 145 178 110
884	158 6 142 2
885	103 70 62 199
886	40 33 166 130
887	7 189 221 19
888	30 54 87 83
889	47 99 85 155
890	62 240 244 163
891	70 111 152 185
892	174 176 121 185
893	167 177 102 190
894	107 91 140 129
895	172 249 216 166
896	176 217 144 143
897	45 93 184 165
898	179 39 128 35
899	16 242 91 50
900	109 209 111 231
901	47 197 166 58
902	184 74 100 158
903	243 22 172 70
904	167 51 14 200
905	7 77 137 144
906	99 65 96 46
907	156 129 206 84
908	179 12 74 70
909	16 121 126 60
910	41 236 84 134
911	162 191 168 156
912	79 198 60 52
913	45 245 183 51
914	194 47 102 202
915	68 24 212 49
916	173 105 5 170
917	120 49 135 215
918	82 224 199 37
919	46 199 26 21
920	191 125 115 195
921	74 17 237 112
922	130 198 237 190
923	182 37 120 30
924	232 36 78 117
925	141 119 248 202
926	116 231 152 198
927	98 132 224 19
928	44 112 83 8
929	78 173 147 44
930	133 36 122 157
931	77 223 177 182
932	172 135 17 92
933	119 160 141 113
934	84 209 135 34
935	201 137 109 121
936	137 177 220 215
937	161 245 178 158
938	54 152 231 153
939	14 103 29 96
940	160 76 239 161
941	131 90 215 91
942	208 161 19 99
943	89 27 1 118
944	227 99 88 102
945	44 79 108 194
946	180 247 139 115
947	159 154 133 242
948	127 104 83 30
949	75 155 231 15
950	242 232 121 107
951	46 89 210 173
952	142 71 128 75
953	42 34 60 126
954	79 61 205 209
955	179 215 45 166
956	137 167 141 183
957	240 107 235 217
958	85 7 203 139
959	60 115 14 204
960	113 107 143 179
961	142 174 177 85
962	135 68 61 179
963	98 165 234 75
964	90 108 46 63
965	46 197 160 125
966	129 134 112 149
967	36 17 205 199
968	5 49 57 203
969	49 90 47 243
970	125 66 38 51
971	27 18 24 183
972	132 28 104 134
973	57 106 210 183
974	233 161 152 158
975	202 170 90 115
976	64 56 73 250
977	84 218 217 58
978	230 25 153 87
979	156 40 56 178
980	152 189 142 234
981	168 184 174 199
982	171 184 83 249
983	87 99 64 216
984	63 217 118 138
985	53 42 200 248
986	94 89 24 107
987	119 34 133 219
988	227 100 199 67
989	65 139 28 224
990	210 221 121 243
991	186 133 134 236
992	214 132 182 21
993	220 37 86 112
994	61 83 108 53
995	120 151 76 46
996	166 145 175 221
997	111 28 204 96
998	161 147 53 184
999	199 153 21 233
1000	233 120 192 88
1001	247 246 130 82
1002	213 172 107 170
1003	183 104 226 111
1004	243 136 82 90
1005	5 196 162 33
1006	61 94 106 249
1007	201 67 208 23
1008	170 151 38 233
1009	238 105 199 127
1010	86 24 194 184
1011	160 178 199 90
1012	31 163 4 63
1013	106 17 122 130
1014	81 174 180 218
1015	144 118 64 51
1016	134 140 123 53
1017	3 147 206 134
1018	186 129 172 91
1019	122 130 33 151
1020	182 117 146 124
1021	53 85 92 155
1022	52 161 88 126
1023	40 172 173 90
1024	40 234 75 65
1025	172 199 139 142
1026	182 122 194 200
1027	247 137 102 113
1028	41 8 103 209
1029	27 214 68 1
1030	238 246 160 216
1031	215 97 231 133
1032	5 198 225 7
1033	31 213 84 55
1034	155 7 158 31
1035	98 138 159 100
1036	229 214 220 232
1037	67 125 25 188
1038	209 4 97 72
1039	7 109 146 108
1040	7 44 3 98
1041	214 98 92 203
1042	15 141 176 218
1043	143 221 147 99
1044	41 19 166 120
1045	39 194 79 22
1046	216 184 199 67
1047	33 217 218 35
1048	196 21 97 143
1049	105 169 41 136
1050	229 112 218 26
1051	169 153 150 4
1052	70 78 98 4
1053	137 151 191 50
1054	173 203 84 231
1055	140 138 12 14
1056	223 83 31 92
1057	104 111 90 17
1058	221 139 67 105
1059	191 207 97 65
1060	151 182 43 186
1061	59 73 40 173
1062	132 224 37 179
1063	182 49 59 145
1064	216 225 6 188
1065	104 55 127 243
1066	72 100 211 122
1067	243 132 118 80
1068	18 186 117 3
1069	201 86 193 57
1070	118 183 100 221
1071	234 72 8 36
1072	21 53 156 79
1073	72 163 65 171
1074	155 91 40 131
1075	177 170 149 228
1076	49 1 220 213
1077	29 111 189 204
1078	211 149 40 24
1079	132 90 104 241
1080	98 208 76 17
1081	109 88 125 67
1082	58 121 236 61
1083	89 215 182 160
1084	205 244 55 34
1085	226 68 173 64
1086	232 135 53 209
1087	191 42 111 31
1088	178 34 7 14
1089	94 185 220 164
1090	197 70 214 198
1091	250 17 28 225
1092	70 193 130 208
1093	2 125 192 62
1094	175 240 105 3
1095	2 58 71 106
1096	72 102 47 91
1097	70 93 77 189
1098	227 41 249 38
1099	168 34 214 199
1100	83 164 87 212
1101	198 149 40 167
1102	5 244 8 64
1103	169 68 247 130
1104	248 218 13 237
1105	212 77 208 1
1106	123 237 168 124
1107	156 74 147 158
1108	114 185 11 243
1109	37 212 23 122
1110	188 33 125 110
1111	1 157 210 54
1112	45 89 202 30
1113	239 121 202 72
1114	211 222 15 25
1115	86 160 98 242
1116	93 61 104 177
1117	44 11 221 90
1118	228 67 56 55
1119	205 51 202 209
1120	206 120 7 166
1121	232 128 100 36
1122	154 16 238 36
1123	243 77 197 118
1124	181 87 115 161
1125	37 166 239 118
1126	142 18 241 106
1127	215 210 203 194
1128	6 187 34 164
1129	99 142 152 120
1130	56 131 106 234
1131	170 160 83 38
1132	12 74 173 164
1133	205 211 167 215
1134	194 50 130 245
1135	237 203 127 162
1136	124 84 86 90
1137	116 76 9 114
1138	149 46 43 30
1139	219 74 237 92
1140	40 56 83 142
1141	185 119 101 110
1142	146 66 99 154
1143	228 214 217 240
1144	184 77 29 128
1145	8 229 36 88
1146	229 1 11 169
1147	135 238 153 32
1148	143 123 45 27
1149	201 92 175 164
1150	52 241 239 233
1151	197 67 132 108
1152	44 64 146 18
1153	167 19 190 165
1154	3 169 190 202
1155	20 184 133 213
1156	214 140 159 73
1157	70 217 158 224
1158	32 74 205 182
1159	97 87 234 215
1160	210 8 78 226
1161	246 207 118 94
1162	71 8 25 82
1163	191 58 90 246
1164	170 62 82 246
1165	161 157 93 72
1166	248 202 238 22
1167	191 146 189 24
1168	222 36 231 204
1169	4 221 113 250
1170	186 181 12 23
1171	79 138 234 236
1172	4 205 212 20
1173	160 18 100 131
1174	213 77 250 194
1175	11 46 20 149
1176	163 54 12 131
1177	27 218 48 187
1178	138 152 104 236
1179	31 231 24 224
1180	22 122 16 214
1181	29 4 218 24
1182	51 143 88 36
1183	97 227 10 145
1184	20 36 1 198
1185	241 159 115 173
1186	93 118 166 146
1187	85 238 216 117
1188	182 139 234 20
1189	247 161 126 91
1190	130 99 147 216
1191	22 111 136 155
1192	247 163 178 50
1193	124 57 183 38
1194	235 244 115 18
1195	194 71 166 221
1196	246 154 107 136
1197	176 120 229 158
1198	105 132 162 213
1199	62 157 241 145
1200	109 248 61 107
1201	236 93 185 56
1202	13 62 116 9
1203	112 103 45 52
1204	59 95 172 152
1205	58 222 200 199
1206	138 91 132 244
1207	153 124 191 220
1208	20 234 212 118
1209	220 202 70 82
1210	160 171 186 183
1211	152 29 115 38
1212	231 135 59 76
1213	78 36 245 111
1214	212 171 72 131
1215	60 203 241 73
1216	74 196 89 23
1217	80 94 125 232
1218	100 59 89 20
1219	100 26 42 35
1220	183 36 80 168
1221	100 238 176 146
1222	17 151 130 210
1223	78 120 176 21
1224	210 234 2 63
1225	4 181 218 250
1226	34 97 225 36
1227	73 129 209 216
1228	190 5 155 204
1229	72 24 25 226
1230	113 152 201 191
1231	59 211 34 25
1232	68 163 129 43
1233	98 206 143 77
1234	22 20 189 124
1235	234 119 19 127
1236	72 146 6 158
1237	220 159 126 157
1238	222 67 171 50
1239	37 42 118 127
1240	226 217 240 19
1241	208 158 211 89
1242	37 208 189 6
1243	116 1 72 110
1244	236 144 176 218
1245	13 130 172 180
1246	205 228 153 92
1247	172 187 131 189
1248	114 24 40 205
1249	243 85 56 160
1250	104 90 176 81
1251	1 6 112 141
1252	207 224 95 32
1253	47 243 203 245
1254	193 44 106 179
1255	123 46 186 131
1256	214 75 250 200
1257	173 166 163 185
1258	15 42 206 122
1259	84 241 245 35
1260	16 97 100 179
1261	77 125 23 174
1262	36 111 71 122
1263	176 105 159 110
1264	226 56 181 151
1265	84 76 174 140
1266	156 73 196 216
1267	10 165 249 234
1268	21 94 113 5
1269	100 144 141 219
1270	19 86 56 26
1271	2 211 94 105
1272	140 185 88 29
1273	196 248 243 110
1274	191 30 74 120
1275	31 40 139 126
1276	6 236 228 13
1277	222 91 194 63
1278	47 106 138 3
1279	69 203 74 9
1280	237 217 142 83
1281	174 39 45 58
1282	35 50 168 60
1283	160 32 91 192
1284	104 20 71 101
1285	83 216 207 56
1286	62 197 29 96
1287	185 94 113 217
1288	93 53 102 82
1289	24 230 75 8
1290	30 188 156 175
1291	152 236 209 57
1292	13 139 189 87
1293	143 225 107 127
1294	139 155 72 26
1295	76 220 199 161
1296	163 104 95 160
1297	173 46 25 226
1298	127 81 30 93
1299	71 1 60 126
1300	9 125 156 210
1301	99 102 13 161
1302	21 84 129 90
1303	18 119 201 101
1304	21 128 140 99
1305	60 80 18 205
1306	16 207 20 57
1307	176 203 224 188
1308	250 25 90 76
1309	127 61 160 181
1310	22 129 126 194
1311	21 186 211 176
1312	190 204 206 137
1313	125 34 18 135
1314	32 138 208 186
1315	149 70 5 124
1316	210 170 171 155
1317	7 16 179 100
1318	117 134 77 95
1319	230 240 12 157
1320	90 170 61 92
1321	189 86 101 230
1322	176 69 185 32
1323	69 246 187 145
1324	197 49 114 216
1325	157 163 243 42
1326	247 187 161 148
1327	208 59 14 53
1328	160 177 178 17
1329	130 195 31 197
1330	43 53 122 60
1331	106 116 49 21
1332	12 101 175 127
1333	109 226 25 43
1334	195 180 159 150
1335	42 43 196 72
1336	39 110 34 59
1337	230 124 235 221
1338	230 109 197 235
1339	141 235 187 138
1340	173 5 43 194
1341	98 81 79 183
1342	156 133 243 160
1343	41 57 43 181
1344	55 137 199 214
1345	171 36 60 51
1346	55 136 107 203
1347	248 231 108 215
1348	209 132 147 6
1349	236 243 18 36
1350	158 110 230 207
1351	38 43 77 138
1352	98 232 142 151
1353	165 34 163 222
1354	206 219 82 194
1355	105 47 220 56
1356	130 49 7 126
1357	137 103 131 62
1358	194 72 140 29
1359	182 47 96 125
1360	233 53 153 199
1361	110 1 130 21
1362	152 201 29 242
1363	198 146 102 222
1364	224 184 247 40
1365	129 35 47 67
1366	210 61 211 200
1367	91 16 1 103
1368	196 61 232 144
1369	126 133 218 96
1370	222 132 192 127
1371	199 62 171 225
1372	32 41 149 208
1373	156 5 86 103
1374	56 88 235 29
1375	236 250 82 14
1376	140 232 89 198
1377	118 25 95 59
1378	217 243 193 142
1379	142 160 121 143
1380	144 80 120 108
1381	23 48 162 190
1382	29 89 80 103
1383	191 135 146 210
1384	6 12 111 26
1385	227 198 193 228
1386	169 46 83 68
1387	25 243 16 21
1388	178 142 202 144
1389	85 241 120 226
1390	145 82 50 108
1391	116 26 104 230
1392	145 124 193 189
1393	44 177 51 113
1394	148 210 19 239
1395	205 125 155 179
1396	74 50 247 42
1397	24 52 125 215
1398	246 157 176 35
1399	94 159 143 49
1400	65 103 39 150
1401	221 11 39 41
1402	211 63 214 56
1403	215 36 85 56
1404	80 236 129 116
1405	69 186 234 190
1406	83 155 86 164
1407	218 220 115 173
1408	184 195 67 202
1409	96 101 57 36
1410	141 109 7 90
1411	140 4 141 221
1412	46 59 124 13
1413	58 45 23 201
1414	242 181 70 191
1415	21 187 9 217
1416	202 229 45 197
1417	209 211 118 71
1418	94 191 203 142
1419	147 73 134 164
1420	159 151 79 83
1421	195 199 145 248
1422	37 66 216 124
1423	157 78 134 71
1424	225 102 73 201
1425	86 39 168 81
1426	24 155 35 131
1427	83 232 63 249
1428	245 187 230 136
1429	215 193 25 5
1430	145 242 77 180
1431	229 145 46 25
1432	246 51 204 165
1433	221 19 107 21
1434	160 148 200 229
1435	197 231 207 250
1436	204 151 132 36
1437	245 246 117 109
1438	250 149 84 65
1439	219 21 119 34
1440	192 242 5 238
1441	150 36 189 172
1442	245 205 147 115
1443	143 126 36 47
1444	78 146 201 170
1445	224 215 1 51
1446	18 73 59 92
1447	83 143 145 230
1448	128 63 150 29
1449	223 184 144 89
1450	41 11 62 248
1451	43 210 191 169
1452	55 223 149 5
1453	77 126 6 37
1454	148 204 22 203
1455	171 69 173 12
1456	54 239 42 150
1457	71 100 215 239
1458	12 59 141 210
1459	232 178 117 196
1460	19 56 111 41
1461	206 70 156 243
1462	154 228 238 33
1463	160 241 210 172
1464	167 112 103 203
1465	107 151 34 195
1466	62 202 22 186
1467	180 195 97 117
1468	93 42 16 236
1469	149 210 209 94
1470	146 60 137 218
1471	156 4 90 136
1472	149 154 2 13
1473	160 28 72 55
1474	67 21 78 97
1475	25 173 74 149
1476	131 184 146 107
1477	189 46 152 37
1478	148 73 15 94
1479	99 103 237 26
1480	92 226 15 63
1481	80 142 44 14
1482	139 240 130 96
1483	98 112 20 38
1484	181 42 219 112
1485	103 18 240 23
1486	83 52 219 68
1487	209 119 190 184
1488	67 215 5 233
1489	208 138 43 80
1490	138 78 107 23
1491	249 73 214 70
1492	60 180 211 39
1493	19 181 33 248
1494	225 221 247 92
1495	105 11 201 27
1496	90 214 246 33
1497	16 71 131 242
1498	216 14 187 160
1499	158 206 240 238
1500	47 49 38 61
1501	155 176 109 240
1502	179 222 145 69
1503	233 145 247 224
1504	9 68 247 148
1505	230 97 212 134
1506	2 137 241 192
1507	163 192 46 70
1508	242 108 58 168
1509	117 37 127 27
1510	48 234 24 34
1511	129 49 165 97
1512	119 225 218 158
1513	76 34 68 98
1514	39 199 196 19
1515	242 222 189 16
1516	217 58 27 96
1517	121 172 112 244
1518	177 123 57 248
1519	152 19 42 129
1520	126 17 50 82
1521	16 183 167 6
1522	109 4 199 28
1523	22 130 147 239
1524	80 72 142 125
1525	26 175 78 70
1526	88 224 57 43
1527	199 227 209 93
1528	235 193 90 108
1529	30 138 216 68
1530	5 203 207 179
1531	72 64 211 77
1532	131 32 130 47
1533	75 127 122 238
1534	156 225 164 207
1535	1 98 229 237
1536	138 45 41 101
1537	200 24 48 59
1538	230 97 228 122
1539	108 68 223 117
1540	105 73 246 22
1541	151 140 161 229
1542	25 44 178 76
1543	13 200 161 10
1544	237 194 155 43
1545	192 144 240 176
1546	17 115 70 73
1547	16 185 74 194
1548	173 38 108 195
1549	188 7 82 150
1550	29 63 179 240
1551	140 245 177 145
1552	178 231 51 220
1553	25 85 141 20
1554	198 131 155 113
1555	63 105 19 113
1556	119 37 39 83
1557	37 31 209 185
1558	121 118 63 82
1559	103 159 21 135
1560	248 220 20 179
1561	24 160 34 57
1562	249 8 176 250
1563	160 105 231 138
1564	138 28 58 48
1565	124 88 208 9
1566	7 107 159 154
1567	119 36 198 79
1568	7 128 63 124
1569	188 132 184 205
1570	231 138 126 112
1571	125 105 141 33
1572	205 160 17 130
1573	37 105 13 10
1574	175 249 78 213
1575	224 221 102 40
1576	30 145 121 57
1577	149 109 225 152
1578	110 118 203 142
1579	55 228 242 29
1580	78 10 137 15
1581	197 163 162 224
1582	157 140 130 43
1583	146 189 45 77
1584	118 123 209 28
1585	175 224 26 14
1586	208 85 75 86
1587	85 55 195 188
1588	247 169 124 155
1589	143 142 192 1
1590	173 167 104 180
1591	146 49 211 246
1592	149 53 140 91
1593	39 245 173 31
1594	1 135 41 22
1595	196 41 145 36
1596	180 7 47 197
1597	192 128 88 185
1598	124 173 28 125
1599	184 212 30 100
1600	200 229 117 84
1601	21 226 232 146
1602	154 171 54 31
1603	124 129 123 20
1604	104 159 189 10
1605	220 59 203 191
1606	213 63 105 208
1607	17 151 36 31
1608	113 101 176 115
1609	53 104 70 218
1610	72 166 114 214
1611	244 148 147 162
1612	152 175 95 99
1613	171 70 146 81
1614	128 78 249 241
1615	243 92 14 200
1616	244 178 59 11
1617	201 130 240 10
1618	14 215 89 18
1619	148 109 73 46
1620	127 215 183 122
1621	155 38 67 250
1622	241 151 98 41
1623	62 193 200 116
1624	147 51 226 176
1625	23 52 72 99
1626	48 229 75 243
1627	11 40 55 13
1628	12 178 56 122
1629	231 198 215 85
1630	224 226 121 206
1631	154 71 159 220
1632	72 163 118 234
1633	194 196 102 84
1634	222 161 163 121
1635	131 238 245 177
1636	106 145 128 108
1637	27 199 138 4
1638	181 166 207 19
1639	38 53 215 120
1640	141 192 48 71
1641	19 38 203 214
1642	71 125 244 69
1643	10 55 107 155
1644	157 236 188 99
1645	52 242 155 211
1646	190 122 91 101
1647	33 34 52 90
1648	91 182 104 169
1649	206 173 49 71
1650	101 44 226 27
1651	103 106 221 112
1652	111 39 17 90
1653	152 223 76 124
1654	238 16 192 203
1655	66 130 207 195
1656	37 174 91 31
1657	40 43 166 96
1658	198 35 211 116
1659	13 198 29 117
1660	209 74 53 36
1661	35 74 241 121
1662	66 232 177 157
1663	36 12 10 247
1664	14 229 248 25
1665	76 90 163 38
1666	29 198 218 68
1667	94 30 146 127
1668	173 117 70 118
1669	1 91 86 75
1670	230 250 84 91
1671	3 49 228 77
1672	238 81 229 78
1673	236 88 98 161
1674	199 192 47 176
1675	174 179 111 241
1676	34 24 14 166
1677	158 210 94 113
1678	64 61 139 146
1679	213 196 36 2
1680	84 14 130 217
1681	113 175 228 54
1682	25 98 141 230
1683	176 99 112 207
1684	88 7 31 103
1685	13 196 74 210
1686	153 11 67 134
1687	170 105 145 95
1688	116 69 17 30
1689	50 181 93 233
1690	128 49 153 8
1691	185 45 170 218
1692	86 213 10 186
1693	66 208 141 99
1694	183 26 176 103
1695	114 183 80 152
1696	194 21 12 71
1697	237 90 93 166
1698	76 229 246 247
1699	249 55 91 132
1700	21 36 41 147
1701	214 136 215 59
1702	226 225 46 38
1703	87 206 69 45
1704	129 195 169 14
1705	7 56 223 87
1706	224 148 20 6
1707	104 63 72 37
1708	231 176 74 136
1709	138 238 34 237
1710	212 78 99 39
1711	207 198 14 41
1712	118 58 105 180
1713	214 210 29 88
1714	226 228 121 183
1715	146 80 182 114
1716	72 36 164 125
1717	82 153 202 43
1718	126 192 137 229
1719	233 206 136 248
1720	58 213 10 88
1721	76 147 150 111
1722	72 68 133 91
1723	7 86 89 189
1724	42 94 168 129
1725	160 141 137 15
1726	51 102 250 6
1727	72 89 189 45
1728	125 174 180 130
1729	92 206 79 215
1730	39 36 144 179
1731	133 3 158 84
1732	205 117 4 118
1733	46 186 48 20
1734	182 184 198 33
1735	71 198 101 142
1736	220 52 172 6
1737	175 177 15 238
1738	186 40 105 61
1739	213 111 49 154
1740	75 96 127 6
1741	198 84 66 163
1742	199 70 154 72
1743	250 73 182 119
1744	178 20 243 46
1745	111 50 175 236
1746	244 117 112 194
1747	108 60 181 122
1748	57 25 67 87
1749	219 140 151 36
1750	98 191 172 50
1751	78 35 8 99
1752	108 187 155 37
1753	234 194 207 75
1754	62 208 220 108
1755	139 69 203 106
1756	83 150 173 37
1757	242 106 159 179
1758	138 66 18 227
1759	176 38 123 148
1760	228 4 8 188
1761	175 79 61 43
1762	195 248 192 45
1763	115 216 78 192
1764	65 62 183 120
1765	206 220 176 127
1766	245 222 231 91
1767	80 171 170 57
1768	95 77 203 100
1769	76 169 201 109
1770	44 195 29 142
1771	222 178 167 188
1772	46 12 242 204
1773	160 236 18 170
1774	27 115 36 103
1775	171 168 83 107
1776	74 11 174 120
1777	136 121 37 218
1778	145 118 178 24
1779	162 49 186 192
1780	154 68 245 237
1781	207 67 250 198
1782	7 171 245 177
1783	159 63 215 208
1784	199 164 247 209
1785	109 148 197 217
1786	3 233 24 189
1787	141 114 162 85
1788	17 242 130 31
1789	220 158 108 7
1790	205 85 7 4
1791	2 119 24 31
1792	32 178 25 184
1793	144 187 10 75
1794	82 241 63 112
1795	200 5 75 231
1796	216 1 5 201
1797	221 211 199 198
1798	242 48 106 113
1799	132 193 5 157
1800	178 151 231 75
1801	231 85 237 80
1802	112 108 87 116
1803	235 81 181 27
1804	30 194 236 168
1805	206 162 34 18
1806	142 13 250 4
1807	18 62 57 172
1808	238 86 39 51
1809	221 105 14 124
1810	180 172 225 129
1811	130 160 16 3
1812	123 173 220 177
1813	133 184 128 38
1814	195 34 75 232
1815	36 243 226 68
1816	19 27 206 118
1817	99 209 112 237
1818	179 140 9 8
1819	124 104 5 50
1820	85 122 191 125
1821	157 161 103 194
1822	25 167 86 11
1823	20 43 14 111
1824	176 89 15 138
1825	167 95 193 231
1826	85 111 248 189
1827	195 185 155 95
1828	14 120 148 187
1829	247 203 86 189
1830	145 50 116 141
1831	15 75 107 97
1832	185 115 232 164
1833	115 207 82 125
1834	160 36 33 240
1835	192 140 7 36
1836	83 8 195 39
1837	96 117 158 41
1838	130 169 147 100
1839	171 178 89 124
1840	193 12 26 147
1841	95 143 2 229
1842	44 22 152 156
1843	29 111 148 242
1844	210 83 82 208
1845	145 158 149 108
1846	177 111 102 199
1847	35 17 29 234
1848	27 215 158 106
1849	226 152 201 14
1850	44 184 42 23
1851	96 68 141 4
1852	189 248 63 209
1853	89 176 141 205
1854	152 168 244 153
1855	100 250 49 65
1856	239 170 46 126
1857	138 98 113 142
1858	241 159 166 164
1859	243 119 29 38
1860	173 227 206 67
1861	248 50 54 206
1862	26 174 54 213
1863	6 119 26 128
1864	53 196 93 65
1865	192 12 160 33
1866	21 174 170 153
1867	218 52 5 197
1868	124 243 19 114
1869	169 23 206 235
1870	52 200 204 221
1871	3 118 23 97
1872	101 122 149 95
1873	249 113 83 92
1874	186 20 212 68
1875	185 9 140 242
1876	109 5 27 179
1877	89 59 192 83
1878	70 227 19 216
1879	54 73 99 221
1880	57 52 229 199
1881	113 170 173 224
1882	241 85 73 109
1883	201 158 51 52
1884	61 165 53 137
1885	112 246 222 70
1886	180 29 215 207
1887	51 105 244 62
1888	146 114 9 14
1889	74 21 9 1
1890	42 197 204 12
1891	227 112 159 142
1892	79 120 96 140
1893	169 54 124 186
1894	9 54 111 194
1895	98 205 52 36
1896	219 85 27 9
1897	177 160 134 91
1898	3 228 60 45
1899	106 224 72 37
1900	248 110 171 198
1901	235 238 69 202
1902	114 145 39 112
1903	9 245 116 12
1904	82 49 27 84
1905	72 151 18 112
1906	129 215 73 203
1907	174 74 48 55
1908	178 120 204 176
1909	11 67 108 247
1910	41 66 215 160
1911	36 17 90 126
1912	157 71 56 97
1913	122 38 123 203
1914	179 95 207 202
1915	189 144 125 248
1916	162 2 190 129
1917	94 172 168 27
1918	179 2 105 46
1919	226 244 88 41
1920	218 81 20 205
1921	196 192 140 37
1922	182 111 10 11
1923	1 46 35 131
1924	229 122 153 174
1925	79 11 216 234
1926	169 226 145 216
1927	7 213 104 183
1928	213 197 190 163
1929	90 144 100 107
1930	7 118 36 224
1931	141 7 142 31
1932	221 150 57 80
1933	162 228 207 108
1934	15 27 96 160
1935	187 13 240 108
1936	248 173 144 75
1937	130 78 188 202
1938	77 21 194 245
1939	157 222 79 63
1940	44 87 140 97
1941	45 237 123 137
1942	95 185 57 145
1943	50 226 109 224
1944	209 164 57 51
1945	2 217 107 238
1946	246 192 111 213
1947	18 16 52 71
1948	222 58 218 5
1949	81 180 119 65
1950	24 231 21 43
1951	226 53 138 74
1952	65 35 186 216
1953	113 172 209 24
1954	169 218 164 25
1955	127 100 31 227
1956	1 189 128 150
1957	39 50 155 191
1958	209 211 212 159
1959	27 239 243 221
1960	110 189 102 112
1961	93 50 134 47
1962	6 40 133 9
1963	117 215 137 223
1964	25 23 235 71
1965	155 225 218 196
1966	6 128 190 236
1967	139 116 130 161
1968	70 125 12 225
1969	118 56 33 223
1970	39 166 156 162
1971	211 148 56 128
1972	133 178 9 148
1973	160 24 38 71
1974	141 204 228 248
1975	242 229 5 78
1976	32 177 201 218
1977	43 236 1 146
1978	220 196 89 147
1979	63 192 241 205
1980	43 204 100 135
1981	237 41 15 77
1982	89 156 242 116
1983	213 130 201 237
1984	103 207 235 234
1985	72 65 145 10
1986	220 90 195 213
1987	174 6 5 221
1988	36 131 40 166
1989	123 239 198 187
1990	238 211 134 186
1991	89 22 78 203
1992	65 194 118 113
1993	74 27 134 88
1994	104 159 141 106
1995	210 70 161 192
1996	235 208 1 32
1997	30 120 124 51
1998	40 124 102 244
1999	177 114 8 238
2000	63 20 90 45
