Students	2000
1	188 154 205 112
2	83 78 27 187
3	50 123 250 187
4	123 91 250 188
5	65 204 199 189
6	87 237 167 64
7	205 135 155 6
8	161 94 83 141
9	85 3 244 64
10	1 234 61 49
11	147 197 201 230
12	62 106 166 124
13	207 3 213 176
14	25 37 88 245
15	141 52 64 147
16	159 130 164 24
17	205 115 37 177
18	79 154 13 229
19	239 184 119 74
20	65 206 202 207
21	142 202 152 237
22	236 189 134 53
23	148 206 63 103
24	83 1 197 214
25	34 94 82 95
26	10 67 238 26
27	63 233 152 38
28	175 129 26 222
29	86 39 60 136
30	72 59 100 201
31	178 127 29 86
32	193 26 67 14
33	111 189 40 233
34	89 133 4 109
35	29 153 213 82
36	4 186 92 164
37	56 65 42 52
38	98 237 62 219
39	76 7 184 154
40	202 247 22 214
41	88 227 24 27
42	93 41 53 44
43	70 206 193 51
44	126 88 164 69
45	64 162 132 239
46	226 126 139 36
47	245 15 158 99
48	25 131 81 5
49	65 52 136 159
50	180 220 56 165
51	81 163 6 110
52	56 104 208 210
53	231 244 186 213
54	129 87 148 51
55	142 126 49 16
56	233 130 167 85
57	73 138 161 167
58	157 115 179 231
59	7 14 102 180
60	44 212 24 136
61	113 209 112 164
62	192 19 190 169
63	38 7 120 11
64	18 15 237 104
65	104 124 210 190
66	44 164 86 205
67	135 118 195 48
68	71 3 26 236
69	244 4 90 145
70	236 171 4 86
71	176 219 199 25
72	181 39 113 216
73	78 150 70 63
74	34 209 107 233
75	188 22 218 153
76	17 11 82 61
77	61 100 78 178
78	218 102 118 177
79	104 3 31 161
80	5 130 203 1
81	151 153 114 31
82	66 132 211 102
83	133 187 40 166
84	109 1 104 213
85	246 180 201 74
86	140 135 41 77
87	33 176 103 14
88	232 114 181 163
89	10 138 4 32
90	165 131 28 37
91	100 138 50 236
92	222 195 51 151
93	27 40 55 66
94	57 86 96 238
95	86 233 114 69
96	63 174 34 201
97	218 2 85 97
98	198 236 150 14
99	6 197 59 60
100	146 120 194 28
101	63 23 30 204
102	109 224 99 204
103	167 172 90 71
104	43 22 70 90
105	208 209 77 82
106	26 84 78 180
107	24 160 217 73
108	62 133 8 92
109	113 244 205 101
110	140 200 76 223
111	39 36 23 187
112	147 149 84 67
113	195 205 202 81
114	122 158 229 60
115	51 129 140 226
116	8 46 160 23
117	239 113 236 182
118	98 235 109 186
119	197 188 15 70
120	175 237 198 166
121	181 219 108 167
122	33 81 156 144
123	17 117 120 250
124	237 236 228 62
125	135 48 107 62
126	93 194 195 28
127	161 162 90 215
128	88 119 240 109
129	155 45 238 71
130	61 129 74 3
131	196 62 53 8
132	62 106 17 75
133	231 1 128 183
134	236 177 229 218
135	76 236 16 222
136	155 156 38 191
137	125 208 237 176
138	43 58 91 53
139	122 117 198 77
140	86 40 112 168
141	185 161 55 80
142	134 250 12 192
143	226 99 38 101
144	37 159 246 27
145	105 120 56 206
146	97 134 10 79
147	234 88 157 172
148	178 196 22 218
149	148 225 195 147
150	171 178 127 135
151	99 224 124 228
152	195 230 104 41
153	180 112 101 239
154	213 238 72 166
155	141 161 177 56
156	77 48 61 225
157	158 92 134 37
158	192 58 81 212
159	125 93 121 97
160	220 146 213 65
161	26 211 67 144
162	67 175 25 143
163	118 26 183 34
164	249 24 77 72
165	65 132 208 70
166	222 204 84 132
167	213 130 178 231
168	239 161 249 182
169	6 41 77 108
170	172 51 139 175
171	211 27 129 179
172	112 128 163 97
173	86 125 91 13
174	91 181 79 174
175	209 230 72 122
176	6 109 200 178
177	227 218 249 89
178	9 106 41 125
179	79 220 73 156
180	26 169 208 91
181	137 19 129 119
182	94 90 162 45
183	149 247 57 95
184	54 162 25 241
185	165 121 77 93
186	248 119 242 65
187	197 209 90 20
188	142 223 195 93
189	45 118 34 51
190	53 1 7 192
191	194 82 114 193
192	39 147 104 14
193	9 156 229 140
194	182 19 249 49
195	43 131 133 106
196	15 198 85 120
197	36 81 83 49
198	165 139 177 204
199	105 230 223 238
200	146 25 101 69
201	148 166 55 19
202	58 104 42 148
203	174 250 155 92
204	130 186 187 110
205	106 178 238 5
206	218 193 163 140
207	167 37 165 182
208	159 116 204 148
209	220 178 192 134
210	203 12 113 125
211	248 245 24 188
212	94 124 17 188
213	174 146 186 68
214	26 239 87 5
215	212 77 29 235
216	11 4 71 240
217	56 236 228 168
218	84 153 21 68
219	179 193 134 107
220	83 39 41 140
221	224 169 91 205
222	162 119 77 225
223	218 82 38 21
224	127 233 215 183
225	151 18 154 99
226	159 73 83 174
227	65 149 5 249
228	4 139 84 89
229	144 192 226 104
230	21 105 45 59
231	234 127 1 42
232	41 160 195 136
233	190 245 82 154
234	190 15 173 240
235	152 211 21 101
236	154 223 95 107
237	187 211 11 173
238	174 45 154 97
239	14 144 68 186
240	225 89 23 20
241	171 193 234 195
242	179 77 2 132
243	117 30 43 225
244	43 65 62 167
245	208 49 93 205
246	16 94 87 144
247	229 218 120 138
248	208 7 31 30
249	152 18 194 126
250	66 40 124 133
251	170 243 123 215
252	20 219 2 80
253	4 50 197 39
254	215 28 33 32
255	30 203 231 234
256	96 87 101 238
257	1 27 186 237
258	164 206 215 77
259	171 40 107 160
260	235 190 216 164
261	230 108 213 128
262	59 223 239 78
263	76 122 108 97
264	168 60 212 203
265	110 116 57 206
266	54 209 61 30
267	201 6 37 216
268	89 176 48 223
269	2 233 137 241
270	106 1 156 149
271	37 68 77 15
272	144 145 129 97
273	235 171 62 197
274	108 155 142 169
275	170 125 65 73
276	228 76 144 143
277	211 225 99 183
278	127 182 225 165
279	161 25 172 184
280	178 246 229 233
281	192 176 159 26
282	51 39 189 187
283	20 8 15 90
284	153 225 84 232
285	202 52 23 4
286	113 220 166 85
287	24 21 56 122
288	65 112 155 148
289	70 177 76 38
290	79 192 139 216
291	34 214 10 22
292	130 23 194 34
293	77 246 21 109
294	232 99 102 20
295	237 217 58 205
296	47 20 245 179
297	63 59 69 19
298	26 20 82 33
299	60 37 126 91
300	105 11 164 170
301	132 20 136 13
302	208 142 172 30
303	50 68 242 17
304	214 169 215 168
305	198 124 205 184
306	58 48 179 57
307	201 16 216 55
308	215 167 214 81
309	154 114 194 147
310	195 109 140 131
311	216 102 122 217
312	11 110 198 58
313	44 57 120 11
314	112 191 23 190
315	226 238 98 8
316	31 164 181 202
317	190 113 157 237
318	37 131 75 226
319	156 183 199 176
320	239 220 45 121
321	219 70 166 25
322	112 12 44 105
323	70 59 161 50
324	164 214 116 232
325	77 56 236 118
326	195 212 164 224
327	97 202 170 215
328	181 205 111 56
329	182 78 47 211
330	134 22 192 45
331	78 220 152 211
332	201 238 190 29
333	71 192 58 32
334	172 206 170 126
335	44 42 130 39
336	122 149 76 100
337	66 203 52 207
338	120 219 225 137
339	16 47 231 72
340	52 228 250 11
341	238 46 38 190
342	32 168 34 14
343	108 110 176 29
344	114 230 249 198
345	237 4 84 114
346	206 17 160 224
347	244 138 226 29
348	107 204 193 91
349	94 98 207 249
350	190 148 103 113
351	101 7 190 100
352	147 141 78 220
353	244 83 93 156
354	129 92 173 60
355	77 207 95 40
356	34 40 172 33
357	6 145 46 247
358	21 42 217 145
359	177 175 176 95
360	249 44 165 29
361	27 167 168 106
362	128 217 19 80
363	48 178 137 208
364	80 231 30 195
365	137 164 113 184
366	123 35 101 11
367	155 117 213 166
368	38 163 247 159
369	179 164 135 239
370	93 80 69 165
371	183 73 64 146
372	138 14 28 155
373	32 167 84 31
374	45 248 30 135
375	174 143 52 206
376	105 211 244 71
377	93 215 238 142
378	15 160 60 188
379	39 1 158 249
380	49 124 37 183
381	81 247 6 55
382	226 36 59 154
383	74 55 26 161
384	196 57 180 171
385	202 61 151 114
386	139 115 198 232
387	214 31 242 48
388	216 233 24 63
389	237 47 27 140
390	143 159 22 17
391	222 101 211 223
392	135 211 108 49
393	33 2 48 78
394	216 112 101 95
395	95 60 131 243
396	30 118 226 144
397	121 218 60 228
398	241 238 155 105
399	9 150 6 85
400	46 104 213 39
401	75 140 104 175
402	136 63 192 185
403	62 130 217 195
404	16 206 190 227
405	208 134 10 148
406	21 172 156 185
407	181 237 99 91
408	12 189 132 174
409	98 52 250 186
410	130 249 208 101
411	20 136 42 33
412	93 143 56 65
413	36 30 176 212
414	222 221 87 158
415	248 154 182 179
416	223 40 88 249
417	195 104 121 62
418	123 240 115 245
419	129 56 232 45
420	194 120 241 130
421	109 114 53 183
422	231 177 224 197
423	192 176 191 36
424	151 30 221 183
425	190 121 5 142
426	1 60 156 36
427	134 163 110 103
428	247 67 208 83
429	207 25 245 133
430	226 231 82 68
431	186 226 177 117
432	26 214 143 15
433	221 145 229 19
434	11 65 191 54
435	190 1 176 142
436	207 201 78 17
437	27 72 161 203
438	108 141 98 228
439	4 48 206 80
440	93 141 3 74
441	231 177 97 245
442	156 59 10 4
443	108 235 83 238
444	147 114 90 174
445	138 222 37 155
446	123 205 115 38
447	139 130 198 164
448	82 116 122 162
449	185 68 46 132
450	85 12 88 125
451	52 115 187 139
452	119 195 3 244
453	58 1 80 56
454	141 26 221 250
455	250 70 125 23
456	40 71 134 146
457	195 126 24 104
458	20 96 196 60
459	7 27 216 39
460	235 151 169 112
461	72 18 144 98
462	21 206 179 59
463	13 61 125 34
464	197 72 246 92
465	37 211 175 196
466	113 169 10 235
467	165 130 195 54
468	186 12 152 52
469	182 122 250 42
470	116 46 83 21
471	105 179 201 117
472	99 156 92 24
473	27 93 165 48
474	121 168 46 192
475	249 235 220 35
476	118 47 69 77
477	45 225 158 41
478	188 116 68 27
479	150 55 180 141
480	45 187 215 53
481	159 238 26 208
482	157 103 44 241
483	165 36 156 80
484	224 202 63 42
485	118 178 133 62
486	132 1 249 222
487	13 230 140 57
488	88 242 48 15
489	132 193 28 231
490	108 181 154 38
491	184 116 229 144
492	131 63 202 116
493	72 142 202 208
494	31 157 69 13
495	186 47 178 193
496	129 234 208 240
497	214 177 173 249
498	91 18 172 13
499	190 46 1 120
500	213 98 92 214
501	116 123 91 40
502	102 147 223 176
503	180 183 80 77
504	172 166 201 212
505	44 115 104 150
506	100 144 126 78
507	66 86 159 188
508	189 119 97 158
509	192 149 219 241
510	20 158 3 62
511	67 52 53 31
512	229 31 192 238
513	116 53 171 243
514	76 16 246 169
515	199 31 118 32
516	91 92 52 61
517	231 41 247 242
518	183 153 74 39
519	108 40 219 230
520	48 156 113 65
521	6 10 169 219
522	110 172 221 249
523	6 112 146 151
524	117 57 163 38
525	217 135 246 53
526	127 103 24 233
527	118 27 73 225
528	192 187 136 99
529	20 103 68 132
530	146 243 2 101
531	86 161 33 185
532	143 158 52 79
533	175 194 154 191
534	152 127 185 247
535	53 170 217 72
536	90 198 229 55
537	198 237 46 243
538	57 199 152 213
539	47 199 69 76
540	173 209 19 153
541	16 229 207 205
542	139 222 177 199
543	161 33 166 210
544	17 154 199 75
545	56 190 181 71
546	100 212 116 219
547	190 192 236 154
548	94 33 141 122
549	131 199 56 200
550	238 142 169 168
551	176 165 178 131
552	129 224 202 75
553	117 73 51 217
554	127 22 4 20
555	237 72 63 206
556	134 222 171 151
557	189 230 18 211
558	65 50 163 94
559	51 215 60 147
560	67 222 60 134
561	24 248 188 167
562	30 67 131 132
563	13 70 220 242
564	34 123 46 2
565	160 45 23 149
566	224 29 187 142
567	50 6 3 157
568	98 215 201 29
569	114 104 85 111
570	35 232 81 134
571	114 14 3 30
572	173 92 4 223
573	97 24 54 168
574	12 86 211 97
575	47 204 162 8
576	58 232 222 146
577	32 104 29 105
578	220 81 57 151
579	139 121 94 138
580	61 212 95 221
581	156 29 130 161
582	35 57 202 114
583	78 96 211 102
584	199 188 243 189
585	236 76 203 110
586	71 222 202 103
587	20 80 72 92
588	224 235 140 51
589	192 182 140 195
590	224 108 235 72
591	55 133 40 125
592	32 4 110 46
593	93 132 154 21
594	42 197 155 97
595	23 162 122 93
596	63 33 175 116
597	177 246 39 230
598	169 85 174 133
599	224 30 168 162
600	39 130 150 95
601	99 225 3 117
602	126 138 224 50
603	147 10 188 225
604	1 41 173 225
605	180 140 228 149
606	34 117 101 21
607	132 78 86 116
608	139 183 191 106
609	234 127 121 155
610	205 108 63 213
611	220 152 187 173
612	249 47 227 42
613	132 130 41 32
614	43 122 108 229
615	221 143 247 249
616	172 170 59 33
617	42 125 86 110
618	80 52 232 103
619	140 31 181 108
620	177 140 22 239
621	134 64 97 141
622	212 246 23 203
623	118 246 80 201
624	41 184 179 47
625	71 73 88 183
626	64 1 4 208
627	130 159 134 123
628	133 168 212 196
629	184 27 146 228
630	207 106 215 116
631	5 91 142 124
632	137 173 140 199
633	45 173 119 198
634	4 134 66 114
635	119 42 122 97
636	118 113 89 157
637	199 26 23 54
638	192 209 83 112
639	187 152 49 48
640	159 183 116 82
641	144 106 100 15
642	115 92 206 155
643	154 228 134 94
644	170 226 158 183
645	205 100 95 233
646	57 184 117 147
647	230 222 44 109
648	217 179 9 122
649	7 145 54 87
650	4 155 150 219
651	182 122 75 200
652	89 68 3 57
653	70 211 74 28
654	136 190 144 49
655	59 19 94 11
656	89 83 188 117
657	104 115 209 34
658	247 164 137 93
659	103 176 102 146
660	129 76 56 243
661	160 58 61 231
662	50 131 156 170
663	122 249 126 100
664	2 147 207 156
665	79 80 150 104
666	151 58 134 209
667	215 99 170 110
668	28 24 167 38
669	32 178 214 243
670	51 53 62 12
671	10 236 38 175
672	73 38 112 32
673	205 143 154 157
674	78 162 50 177
675	162 191 161 64
676	12 14 68 37
677	54 209 153 240
678	230 94 22 195
679	152 246 98 153
680	21 12 236 36
681	68 209 66 37
682	205 83 89 220
683	25 189 221 48
684	127 113 134 36
685	64 197 221 30
686	230 115 217 148
687	206 137 128 224
688	38 47 77 5
689	108 111 112 207
690	88 106 93 147
691	176 248 179 235
692	50 11 53 248
693	194 65 248 5
694	74 139 186 135
695	27 203 65 119
696	185 63 161 237
697	144 209 10 34
698	164 209 31 227
699	21 182 175 229
700	89 29 209 2
701	129 165 33 246
702	221 109 17 90
703	86 59 107 192
704	105 250 168 1
705	95 3 86 67
706	63 229 103 248
707	85 119 86 249
708	250 149 244 4
709	17 120 190 140
710	118 152 92 231
711	142 204 106 40
712	117 22 160 120
713	19 203 67 118
714	161 242 107 223
715	210 111 61 33
716	156 40 128 19
717	138 200 188 11
718	146 12 168 93
719	120 50 30 189
720	168 101 61 29
721	175 107 27 135
722	182 221 105 141
723	241 193 87 10
724	239 175 51 165
725	66 144 140 39
726	91 18 221 142
727	47 1 245 90
728	25 61 116 36
729	209 160 207 170
730	226 164 11 68
731	60 58 219 122
732	104 229 33 164
733	204 172 18 151
734	48 191 29 144
735	169 242 6 100
736	180 30 154 39
737	84 4 151 61
738	42 176 70 249
739	161 90 69 52
740	223 87 141 57
741	126 52 204 207
742	69 101 147 201
743	108 52 17 170
744	223 12 131 58
745	171 22 214 165
746	127 98 53 42
747	61 120 201 37
748	7 141 154 216
749	199 33 232 188
750	239 184 105 3
751	72 151 211 198
752	164 64 185 133
753	187 63 81 153
754	62 155 241 133
755	107 4 94 153
756	170 2 33 24
757	127 11 119 2
758	61 119 198 147
759	24 175 152 144
760	108 196 63 194
761	120 214 183 237
762	221 55 117 30
763	169 6 181 234
764	237 88 98 31
765	71 144 41 18
766	145 247 155 167
767	189 164 62 126
768	113 51 42 2
769	3 127 210 225
770	96 222 113 139
771	236 153 202 59
772	34 203 188 193
773	5 209 105 191
774	200 203 71 123
775	83 79 156 223
776	191 28 64 156
777	154 14 165 3
778	162 107 250 25
779	100 51 22 27
780	134 248 106 96
781	205 151 80 63
782	249 223 8 190
783	245 210 235 16
784	40 22 49 52
785	13 31 33 113
786	43 61 175 147
787	100 161 65 242
788	191 61 89 122
789	37 141 234 120
790	183 94 18 39
791	126 195 202 248
792	54 142 240 138
793	34 181 42 167
794	144 194 199 174
795	141 205 114 137
796	159 114 196 45
797	87 24 6 142
798	158 113 165 235
799	79 68 196 10
800	44 11 239 19
801	185 25 1 6
802	197 163 196 212
803	149 27 9 105
804	88 239 129 186
805	137 3 176 40
806	250 82 168 205
807	88 197 7 61
808	111 73 146 122
809	157 74 5 241
810	185 130 151 48
811	238 135 186 22
812	215 53 93 110
813	18 13 28 131
814	55 4 2 27
815	25 200 151 97
816	103 156 52 209
817	7 194 209 38
818	21 249 217 13
819	205 28 192 54
820	212 186 81 239
821	188 186 128 219
822	108 137 67 161
823	48 226 219 115
824	56 155 18 114
825	89 150 32 24
826	111 56 156 116
827	238 213 28 107
828	214 204 199 249
829	184 11 115 97
830	237 9 60 16
831	223 130 234 231
832	221 152 91 175
833	167 170 176 164
834	144 47 57 207
835	250 218 56 17
836	88 161 141 60
837	80 97 119 243
838	34 175 166 59
839	65 163 111 118
840	71 179 130 120
841	142 47 94 138
842	250 132 247 152
843	239 210 116 61
844	165 78 94 190
845	35 56 190 16
846	91 248 243 160
847	159 145 58 49
848	53 106 135 209
849	105 74 1 192
850	113 168 218 123
851	90 249 246 66
852	86 164 240 60
853	89 119 70 225
854	207 231 135 134
855	168 160 4 30
856	86 128 71 48
857	90 123 9 1
858	177 33 210 225
859	92 200 214 6
860	240 221 172 16
861	80 104 193 200
862	112 116 135 221
863	169 167 168 102
864	133 221 141 9
865	117 58 135 15
866	201 89 169 71
867	182 95 240 67
868	155 171 191 199
869	39 9 91 175
870	169 124 45 229
871	155 58 76 109
872	190 163 11 176
873	47 7 193 48
874	197 171 247 235
875	168 141 50 80
876	248 227 207 153
877	43 94 83 231
878	162 118 147 186
879	171 207 129 11
880	152 107 5 91
881	139 14 99 27
882	194 145 96 217
883	139 137 15 12
884	234 216 229 113
885	96 32 23 22
886	110 139 185 84
887	164 216 185 50
888	225 204 142 123
889	198 56 159 71
890	91 158 141 52
891	202 116 39 163
892	130 121 51 81
893	171 62 112 31
894	15 178 198 62
895	212 29 165 4
896	158 211 147 204
897	71 136 180 165
898	212 222 35 247
899	19 20 45 160
900	104 223 202 85
901	4 104 191 159
902	5 246 161 24
903	36 98 3 154
904	131 30 165 68
905	247 195 9 6
906	53 66 143 193
907	17 243 139 111
908	26 173 96 128
909	196 221 228 102
910	59 165 75 109
911	147 19 103 146
912	207 97 90 201
913	70 205 133 250
914	53 155 74 113
915	102 61 233 207
916	96 104 12 65
917	240 125 93 10
918	41 205 249 212
919	188 91 234 48
920	142 3 63 101
921	47 50 180 150
922	42 55 195 144
923	89 113 11 149
924	198 118 199 130
925	182 85 120 178
926	72 199 222 159
927	24 74 146 112
928	176 249 180 250
929	194 25 221 197
930	125 139 119 31
931	130 77 220 170
932	87 131 89 144
933	241 212 26 128
934	56 123 78 227
935	9 17 236 25
936	134 211 201 141
937	34 139 218 167
938	75 136 210 143
939	133 109 220 41
940	101 167 200 133
941	223 140 128 160
942	103 176 130 174
943	154 51 122 102
944	81 110 222 6
945	24 120 29 124
946	88 215 191 188
947	209 168 232 61
948	158 28 109 64
949	242 14 161 227
950	155 9 215 34
951	128 154 95 215
952	205 29 234 223
953	96 55 67 75
954	59 14 163 11
955	12 129 23 84
956	50 69 132 81
957	119 182 58 10
958	190 218 229 81
959	222 14 69 82
960	46 104 205 30
961	193 28 240 124
962	233 6 176 113
963	107 53 159 217
964	152 214 82 111
965	83 198 82 71
966	103 243 15 62
967	150 118 163 32
968	214 23 48 183
969	178 149 49 22
970	119 78 224 10
971	233 249 190 60
972	165 86 233 218
973	164 18 175 198
974	181 25 241 84
975	62 189 28 124
976	198 194 109 163
977	228 73 219 224
978	35 186 36 57
979	100 242 151 121
980	30 131 109 77
981	128 14 148 87
982	6 67 139 30
983	148 92 54 11
984	160 224 42 77
985	104 166 233 92
986	165 219 42 114
987	75 29 5 19
988	132 95 234 203
989	104 183 98 213
990	190 16 227 134
991	192 98 74 142
992	78 66 208 107
993	156 161 159 100
994	249 203 130 174
995	148 248 105 165
996	7 204 38 168
997	162 33 54 133
998	140 72 228 111
999	196 211 117 221
1000	210 160 206 203
1001	119 188 29 203
1002	88 89 47 127
1003	93 134 39 6
1004	215 52 152 225
1005	246 142 123 41
1006	201 221 147 3
1007	140 203 105 121
1008	194 59 161 143
1009	56 115 81 66
1010	83 6 123 106
1011	236 102 204 178
1012	178 199 165 10
1013	101 239 77 115
1014	98 182 146 165
1015	194 175 234 57
1016	47 183 11 218
1017	142 217 157 117
1018	68 145 143 230
1019	42 121 11 241
1020	21 133 78 47
1021	106 66 12 143
1022	50 218 137 162
1023	173 144 112 38
1024	104 161 54 231
1025	234 161 158 189
1026	234 42 100 215
1027	56 224 240 226
1028	89 42 229 31
1029	165 150 160 134
1030	81 216 242 109
1031	9 203 49 199
1032	6 249 250 111
1033	227 95 118 116
1034	139 138 174 43
1035	101 208 165 26
1036	237 225 95 58
1037	55 12 167 143
1038	26 47 7 149
1039	85 1 187 140
1040	66 19 64 234
1041	190 64 72 50
1042	132 76 218 227
1043	33 144 42 176
1044	2 47 179 133
1045	190 76 247 159
1046	214 189 145 200
1047	192 114 60 30
1048	232 174 113 165
1049	54 178 245 197
1050	96 146 97 189
1051	184 126 250 237
1052	140 74 146 3
1053	220 131 34 41
1054	147 21 237 32
1055	6 80 78 107
1056	20 182 106 243
1057	59 230 167 103
1058	138 91 15 155
1059	39 111 4 61
1060	220 91 227 34
1061	185 24 247 240
1062	28 49 104 226
1063	35 184 92 136
1064	6 180 239 49
1065	26 176 64 218
1066	46 216 111 207
1067	245 107 124 30
1068	160 60 207 92
1069	221 213 187 30
1070	17 196 92 241
1071	140 173 77 22
1072	227 72 51 9
1073	70 18 126 128
1074	230 47 191 82
1075	105 32 218 121
1076	179 187 216 126
1077	95 189 23 205
1078	12 146 50 61
1079	81 213 182 67
1080	246 5 51 23
1081	76 227 89 173
1082	168 203 174 165
1083	46 171 180 32
1084	102 238 212 232
1085	65 116 123 59
1086	208 30 165 3
1087	12 245 56 74
1088	47 197 174 56
1089	31 185 33 132
1090	162 194 54 123
1091	148 238 199 66
1092	197 200 198 69
1093	106 239 118 34
1094	250 194 122 162
1095	172 123 4 26
1096	231 238 89 155
1097	225 44 242 245
1098	160 235 169 18
1099	63 7 37 29
1100	155 241 73 109
1101	87 68 137 243
1102	107 86 184 245
1103	147 190 134 98
1104	77 88 164 105
1105	178 238 13 126
1106	184 115 97 47
1107	94 235 3 34
1108	60 171 48 91
1109	68 246 36 71
1110	116 9 181 171
1111	137 94 246 100
1112	3 235 167 166
1113	178 101 189 13
1114	158 87 223 225
1115	206 22 74 28
1116	194 101 109 135
1117	156 118 81 93
1118	147 132 56 44
1119	205 234 190 250
1120	180 174 207 178
1121	240 75 111 153
1122	6 153 200 106
1123	192 161 132 37
1124	126 21 193 233
1125	245 133 167 71
1126	58 62 8 147
1127	212 37 109 142
1128	19 119 88 30
1129	146 20 123 10
1130	87 208 145 123
1131	211 236 169 163
1132	78 132 230 44
1133	74 209 160 106
1134	148 131 228 52
1135	14 126 125 214
1136	52 135 188 198
1137	89 163 220 213
1138	212 248 29 103
1139	134 36 195 19
1140	119 12 117 200
1141	175 249 230 85
1142	23 220 195 116
1143	9 235 166 122
1144	189 64 162 228
1145	194 17 26 232
1146	126 77 9 15
1147	65 125 150 210
1148	223 181 92 219
1149	112 70 245 232
1150	75 233 18 180
1151	78 186 123 117
1152	225 244 153 102
1153	127 100 243 81
1154	144 84 182 139
1155	103 250 195 129
1156	142 242 190 106
1157	115 191 179 250
1158	187 203 2 234
1159	71 7 174 36
1160	229 126 148 108
1161	165 80 191 170
1162	81 200 131 26
1163	206 242 176 214
1164	16 148 28 237
1165	114 187 163 37
1166	137 81 199 218
1167	70 181 34 194
1168	181 92 103 93
1169	213 57 184 84
1170	177 140 119 64
1171	23 110 33 250
1172	248 139 188 155
1173	203 193 9 125
1174	2 228 174 102
1175	114 14 186 55
1176	209 136 26 65
1177	204 247 108 12
1178	49 205 167 66
1179	112 180 129 104
1180	50 197 16 238
1181	61 149 230 150
1182	203 215 43 46
1183	41 185 85 220
1184	186 160 48 41
1185	123 190 28 213
1186	159 211 54 24
1187	238 169 147 68
1188	177 230 55 21
1189	6 54 163 104
1190	184 118 59 58
1191	98 173 53 232
1192	8 170 231 191
1193	234 243 78 102
1194	127 157 165 245
1195	197 150 222 201
1196	36 218 178 183
1197	43 142 236 227
1198	41 164 28 207
1199	83 47 99 181
1200	30 215 73 122
1201	125 58 170 135
1202	127 44 169 106
1203	71 197 191 232
1204	21 1 237 187
1205	189 89 248 175
1206	1 71 220 43
1207	182 38 242 247
1208	2 191 58 72
1209	21 40 115 83
1210	105 62 97 236
1211	194 29 23 155
1212	88 7 46 183
1213	35 124 117 41
1214	156 238 137 196
1215	84 157 82 250
1216	43 156 90 181
1217	124 21 20 209
1218	61 195 74 185
1219	187 17 54 137
1220	159 58 54 53
1221	169 176 213 96
1222	74 166 3 30
1223	231 4 233 79
1224	19 34 188 221
1225	149 24 89 231
1226	14 118 100 217
1227	204 201 157 120
1228	4 132 88 233
1229	85 160 151 138
1230	159 243 111 219
1231	83 142 6 125
1232	205 83 66 165
1233	138 245 190 201
1234	42 15 247 83
1235	4 166 214 246
1236	216 189 48 176
1237	203 60 172 50
1238	134 249 145 131
1239	32 142 203 93
1240	104 246 217 201
1241	213 124 84 166
1242	247 190 135 161
1243	231 175 18 216
1244	154 205 166 93
1245	119 147 238 224
1246	35 226 106 131
1247	74 199 158 50
1248	20 134 97 114
1249	130 164 242 44
1250	96 87 14 172
1251	234 220 32 221
1252	77 222 238 210
1253	189 69 79 214
1254	191 129 179 149
1255	240 212 209 40
1256	4 169 144 105
1257	223 133 161 64
1258	247 36 23 38
1259	62 184 203 64
1260	7 46 101 240
1261	107 231 29 163
1262	179 125 224 46
1263	47 138 192 1
1264	111 56 48 30
1265	101 33 29 19
1266	15 167 147 60
1267	98 153 67 97
1268	98 224 144 2
1269	230 45 49 106
1270	190 224 46 84
1271	73 200 79 48
1272	241 240 162 85
1273	126 63 98 41
1274	93 58 124 15
1275	120 29 119 71
1276	212 188 3 132
1277	207 52 160 238
1278	63 21 125 97
1279	77 124 179 45
1280	210 145 24 19
1281	127 225 164 107
1282	68 191 131 53
1283	109 160 81 80
1284	225 161 3 123
1285	181 202 111 200
1286	141 231 39 76
1287	140 38 131 145
1288	136 237 211 233
1289	191 228 217 49
1290	136 227 13 100
1291	237 157 130 26
1292	15 216 219 122
1293	117 220 48 52
1294	217 56 81 110
1295	121 48 21 107
1296	73 211 132 109
1297	75 51 82 223
1298	240 108 61 199
1299	37 174 145 102
1300	35 184 188 22
1301	43 71 36 171
1302	102 202 131 50
1303	193 109 6 137
1304	92 178 63 88
1305	181 231 5 48
1306	55 70 67 176
1307	113 8 54 236
1308	192 202 163 11
1309	136 150 225 171
1310	222 42 182 103
1311	73 120 74 90
1312	203 97 11 65
1313	38 25 60 101
1314	193 181 122 216
1315	96 144 70 27
1316	78 5 116 79
1317	191 81 145 13
1318	63 135 191 70
1319	44 30 93 204
1320	208 131 58 40
1321	31 90 159 27
1322	148 68 201 20
1323	164 171 41 60
1324	193 64 74 41
1325	240 35 37 194
1326	143 68 182 86
1327	250 207 244 159
1328	96 214 220 182
1329	197 75 226 183
1330	64 17 52 38
1331	148 10 246 117
1332	44 249 46 40
1333	51 8 155 3
1334	117 211 206 246
1335	151 194 215 92
1336	112 220 218 169
1337	206 9 162 155
1338	214 61 16 141
1339	119 101 16 161
1340	222 142 158 129
1341	224 170 200 154
1342	56 52 227 14
1343	228 23 201 128
1344	80 12 199 159
1345	112 222 1 57
1346	201 159 104 56
1347	165 46 209 89
1348	134 126 159 88
1349	5 55 244 205
1350	219 73 51 54
1351	149 104 54 179
1352	9 241 29 75
1353	140 185 126 244
1354	117 76 43 1
1355	161 32 232 204
1356	173 190 74 32
1357	8 69 199 33
1358	20 8 91 115
1359	65 27 230 56
1360	184 189 186 185
1361	162 187 125 210
1362	7 6 163 40
1363	71 2 199 105
1364	39 137 178 51
1365	188 224 195 143
1366	231 166 215 2
1367	163 223 170 65
1368	21 140 202 172
1369	120 96 12 215
1370	164 124 195 20
1371	138 223 137 80
1372	21 35 67 228
1373	118 98 60 220
1374	145 114 183 96
1375	28 97 111 84
1376	166 22 15 224
1377	65 52 172 215
1378	185 144 157 97
1379	175 48 96 131
1380	52 108 20 39
1381	126 9 212 78
1382	217 172 132 100
1383	148 225 52 74
1384	189 163 16 180
1385	44 184 190 168
1386	97 56 18 75
1387	86 120 172 206
1388	240 6 131 25
1389	4 8 183 172
1390	190 57 5 144
1391	218 94 239 56
1392	232 124 18 231
1393	155 134 50 41
1394	166 152 235 148
1395	74 131 85 58
1396	155 88 27 115
1397	55 187 54 146
1398	3 76 227 108
1399	13 145 208 170
1400	189 211 236 54
1401	97 38 239 130
1402	208 173 242 158
1403	61 70 103 7
1404	188 196 186 64
1405	207 183 106 97
1406	36 240 181 246
1407	240 162 59 73
1408	30 107 11 214
1409	159 9 181 102
1410	69 89 15 182
1411	46 188 44 208
1412	231 42 233 71
1413	199 35 137 236
1414	103 133 18 122
1415	20 8 107 212
1416	41 209 20 211
1417	196 36 165 152
1418	93 85 161 176
1419	184 107 37 123
1420	61 176 76 112
1421	134 6 126 189
1422	216 211 93 134
1423	170 188 99 242
1424	228 111 74 96
1425	36 3 72 73
1426	179 96 166 105
1427	185 31 188 23
1428	56 159 164 4
1429	16 201 35 228
1430	217 234 61 174
1431	8 103 112 19
1432	131 140 119 143
1433	172 68 45 54
1434	18 39 113 35
1435	45 221 229 145
1436	120 104 249 81
1437	133 119 145 63
1438	157 200 245 45
1439	26 159 243 71
1440	150 44 42 181
1441	119 40 2 121
1442	143 110 245 45
1443	209 117 38 127
1444	207 177 22 95
1445	173 5 10 66
1446	40 162 173 24
1447	86 61 223 159
1448	32 220 166 221
1449	71 111 86 58
1450	148 23 249 87
1451	66 233 131 95
1452	42 201 249 226
1453	189 124 199 64
1454	60 47 141 183
1455	245 211 81 42
1456	121 101 65 7
1457	206 84 208 214
1458	226 68 128 175
1459	137 198 22 27
1460	189 238 41 75
1461	44 95 164 52
1462	208 107 181 95
1463	81 45 231 99
1464	17 80 57 105
1465	49 213 37 42
1466	127 110 53 22
1467	81 60 71 24
1468	76 9 111 11
1469	205 144 137 226
1470	121 123 68 64
1471	166 223 102 157
1472	4 97 21 166
1473	235 29 74 25
1474	178 154 51 6
1475	156 250 179 108
1476	110 50 172 250
1477	21 162 156 200
1478	49 241 229 227
1479	41 4 196 160
1480	129 6 144 227
1481	73 36 174 90
1482	228 108 167 76
1483	240 49 239 172
1484	4 207 75 42
1485	97 191 118 26
1486	68 61 186 179
1487	69 229 192 59
1488	57 115 238 187
1489	19 142 149 147
1490	157 108 219 248
1491	56 213 175 208
1492	185 112 74 87
1493	146 212 222 158
1494	153 108 156 237
1495	61 238 223 38
1496	71 244 242 76
1497	188 206 84 124
1498	57 36 26 40
1499	218 117 234 193
1500	173 249 102 60
1501	200 104 169 216
1502	8 55 183 207
1503	22 139 201 207
1504	103 216 36 237
1505	41 77 214 125
1506	221 106 225 235
1507	216 37 132 245
1508	40 3 159 114
1509	41 161 18 190
1510	248 78 179 49
1511	164 25 64 137
1512	156 114 198 59
1513	95 237 26 83
1514	71 147 64 97
1515	237 213 179 192
1516	83 51 213 245
1517	238 36 48 206
1518	88 217 243 49
1519	49 24 70 113
1520	10 214 72 124
1521	66 200 170 41
1522	125 193 35 158
1523	163 47 26 160
1524	85 232 217 132
1525	163 232 17 218
1526	143 113 142 131
1527	244 64 20 219
1528	68 193 21 155
1529	39 6 91 171
1530	164 26 227 210
1531	157 81 139 72
1532	37 7 134 87
1533	105 22 185 19
1534	219 2 72 179
1535	106 212 19 149
1536	234 7 3 122
1537	62 221 231 173
1538	188 31 30 116
1539	186 116 138 171
1540	198 153 87 239
1541	117 172 226 180
1542	232 90 76 248
1543	78 228 169 104
1544	185 52 75 153
1545	19 44 186 168
1546	62 243 48 78
1547	120 97 116 197
1548	113 50 6 66
1549	208 89 168 52
1550	108 184 245 42
1551	120 198 53 156
1552	173 230 216 106
1553	184 148 192 211
1554	216 215 117 225
1555	21 155 75 94
1556	223 190 153 169
1557	26 25 208 199
1558	60 196 75 21
1559	145 127 146 200
1560	219 63 88 187
1561	47 146 71 54
1562	25 73 36 152
1563	13 157 91 117
1564	184 39 152 144
1565	124 198 57 148
1566	108 160 31 92
1567	115 23 125 88
1568	209 109 244 71
1569	40 245 30 243
1570	145 147 38 89
1571	162 95 221 24
1572	123 141 191 225
1573	226 171 63 206
1574	126 228 59 9
1575	239 238 77 162
1576	16 217 91 230
1577	35 215 188 122
1578	25 129 212 243
1579	137 101 12 205
1580	171 73 70 232
1581	247 240 130 54
1582	243 17 11 20
1583	4 184 83 240
1584	194 13 210 90
1585	114 38 82 211
1586	147 39 51 83
1587	7 11 111 194
1588	240 68 9 250
1589	119 24 218 100
1590	120 145 13 99
1591	43 122 53 45
1592	181 60 160 91
1593	212 61 63 183
1594	207 15 69 162
1595	97 237 150 152
1596	74 12 184 60
1597	156 49 113 140
1598	3 193 78 241
1599	236 152 148 168
1600	8 12 100 3
1601	7 75 186 46
1602	119 182 179 240
1603	120 97 73 16
1604	28 88 195 75
1605	67 149 121 191
1606	141 235 40 54
1607	193 240 45 120
1608	206 134 119 145
1609	10 106 89 118
1610	168 244 6 184
1611	65 95 158 181
1612	249 210 117 153
1613	213 94 62 74
1614	97 236 249 34
1615	125 152 12 42
1616	90 105 243 199
1617	122 130 76 85
1618	142 7 33 66
1619	15 105 71 49
1620	209 145 246 211
1621	63 243 236 214
1622	112 26 82 75
1623	136 129 51 105
1624	27 236 91 84
1625	201 63 187 99
1626	67 25 33 130
1627	191 201 129 174
1628	235 244 193 18
1629	170 22 142 193
1630	2 20 84 57
1631	60 39 67 17
1632	110 191 72 221
1633	121 81 190 47
1634	61 204 157 123
1635	30 153 141 173
1636	143 212 36 30
1637	77 54 179 217
1638	81 122 141 229
1639	110 185 119 212
1640	20 94 15 126
1641	175 101 127 68
1642	10 117 104 37
1643	71 30 33 49
1644	83 125 194 219
1645	243 94 120 174
1646	153 166 154 34
1647	139 92 134 2
1648	63 150 64 16
1649	234 135 88 148
1650	135 119 133 185
1651	117 128 105 204
1652	229 203 163 188
1653	180 55 4 16
1654	84 174 154 27
1655	29 217 38 44
1656	71 249 40 174
1657	170 28 208 15
1658	49 161 3 61
1659	103 191 88 200
1660	50 60 176 131
1661	204 189 80 71
1662	70 203 93 50
1663	53 150 62 37
1664	160 52 114 80
1665	143 116 36 59
1666	159 63 127 198
1667	204 244 166 198
1668	80 96 144 230
1669	90 96 197 1
1670	83 45 131 201
1671	206 134 187 244
1672	88 91 94 99
1673	225 108 222 227
1674	95 133 67 30
1675	82 180 89 4
1676	117 205 221 39
1677	88 174 41 198
1678	161 21 79 10
1679	203 188 234 25
1680	73 46 29 156
1681	159 40 189 68
1682	88 204 238 87
1683	88 102 234 74
1684	74 117 168 146
1685	191 235 63 78
1686	4 139 205 203
1687	18 85 4 222
1688	108 195 121 166
1689	36 120 186 219
1690	203 27 78 60
1691	223 14 146 88
1692	151 110 210 122
1693	41 92 134 160
1694	187 94 203 70
1695	3 199 122 142
1696	103 197 5 127
1697	119 173 139 220
1698	46 51 89 135
1699	186 229 206 16
1700	228 14 32 150
1701	207 34 107 30
1702	130 234 93 186
1703	143 135 61 103
1704	63 230 245 200
1705	96 46 210 32
1706	32 227 121 246
1707	136 133 49 28
1708	115 145 42 223
1709	200 53 163 72
1710	203 102 164 85
1711	102 29 239 127
1712	187 126 148 167
1713	147 65 208 134
1714	105 197 8 87
1715	32 167 112 149
1716	23 42 30 17
1717	116 197 63 79
1718	90 190 33 150
1719	123 42 198 248
1720	113 43 136 189
1721	191 212 63 31
1722	17 194 45 196
1723	160 177 6 147
1724	126 89 80 13
1725	188 183 134 38
1726	23 95 16 132
1727	11 174 170 153
1728	55 127 113 168
1729	248 51 38 133
1730	11 219 150 206
1731	137 46 69 215
1732	170 175 198 159
1733	153 207 127 114
1734	204 41 63 71
1735	161 185 233 23
1736	47 27 77 46
1737	85 239 23 97
1738	160 188 184 3
1739	222 210 240 151
1740	185 194 83 25
1741	129 98 33 92
1742	39 63 44 60
1743	108 67 42 209
1744	9 181 176 81
1745	56 16 128 228
1746	125 106 65 86
1747	17 154 177 207
1748	113 218 231 148
1749	187 231 79 107
1750	124 126 52 39
1751	179 38 138 80
1752	131 183 167 46
1753	203 104 200 27
1754	44 190 138 164
1755	80 150 226 203
1756	202 227 101 229
1757	59 170 183 11
1758	133 1 110 125
1759	142 44 238 74
1760	195 228 249 241
1761	60 244 209 231
1762	49 237 153 125
1763	188 79 241 169
1764	237 225 106 152
1765	179 212 30 81
1766	203 68 239 49
1767	29 149 18 21
1768	76 25 238 247
1769	93 42 48 134
1770	95 161 128 73
1771	153 46 23 55
1772	201 123 221 65
1773	188 186 215 8
1774	247 102 242 233
1775	61 16 156 225
1776	81 137 53 163
1777	236 102 168 199
1778	64 172 114 75
1779	123 49 147 119
1780	41 158 201 229
1781	193 119 99 172
1782	218 115 166 11
1783	95 228 241 166
1784	17 243 173 237
1785	225 49 150 245
1786	28 142 91 130
1787	179 235 4 171
1788	209 202 180 64
1789	103 61 152 159
1790	161 2 194 49
1791	86 158 89 205
1792	229 170 1 41
1793	235 97 92 247
1794	8 240 84 187
1795	82 54 154 193
1796	129 229 1 3
1797	78 206 35 220
1798	177 91 202 163
1799	126 33 153 94
1800	39 196 48 168
1801	77 222 236 122
1802	82 11 212 83
1803	201 212 55 151
1804	165 226 146 33
1805	12 20 57 61
1806	200 162 90 41
1807	50 164 101 230
1808	14 215 157 11
1809	246 157 42 181
1810	97 238 84 215
1811	77 89 18 97
1812	219 30 46 106
1813	170 10 144 90
1814	178 61 6 17
1815	224 217 180 23
1816	190 163 165 225
1817	180 87 84 82
1818	118 213 140 54
1819	223 25 13 203
1820	111 235 124 59
1821	114 4 196 1
1822	70 21 107 234
1823	151 167 248 122
1824	53 126 5 172
1825	142 195 238 21
1826	100 136 64 79
1827	208 99 84 24
1828	219 168 27 71
1829	194 61 5 87
1830	207 115 18 24
1831	96 22 139 15
1832	199 66 212 19
1833	116 224 123 247
1834	104 148 118 154
1835	104 134 88 67
1836	239 196 73 201
1837	202 237 240 207
1838	231 46 1 183
1839	9 181 203 111
1840	182 129 228 136
1841	234 168 194 204
1842	245 59 91 155
1843	187 202 96 195
1844	82 171 123 114
1845	23 43 127 170
1846	209 45 207 163
1847	247 87 206 31
1848	168 17 138 242
1849	194 137 15 62
1850	208 24 132 232
1851	162 68 52 215
1852	132 40 141 50
1853	102 124 250 177
1854	53 16 21 78
1855	208 212 74 20
1856	183 208 151 9
1857	166 164 119 236
1858	77 60 106 69
1859	25 223 152 191
1860	83 158 97 249
1861	225 240 242 71
1862	249 199 5 86
1863	228 250 92 143
1864	225 180 7 2
1865	18 240 230 175
1866	137 53 224 67
1867	31 196 28 154
1868	181 1 107 99
1869	157 91 120 238
1870	32 189 237 112
1871	175 137 182 149
1872	189 115 125 161
1873	24 58 229 55
1874	125 46 109 60
1875	237 241 43 33
1876	134 191 179 182
1877	96 148 115 30
1878	191 229 186 29
1879	227 151 45 75
1880	122 165 157 29
1881	247 99 143 74
1882	33 59 173 205
1883	202 98 168 140
1884	71 176 98 191
1885	165 24 232 213
1886	26 80 10 14
1887	145 102 178 162
1888	45 76 109 153
1889	53 69 165 90
1890	136 24 239 77
1891	239 132 45 37
1892	132 63 193 117
1893	118 16 138 67
1894	110 65 145 190
1895	154 217 140 194
1896	214 19 162 75
1897	160 81 78 209
1898	124 231 3 137
1899	88 2 113 143
1900	58 241 120 65
1901	126 201 23 6
1902	187 190 63 179
1903	73 112 188 149
1904	201 25 74 9
1905	72 192 209 222
1906	202 147 247 160
1907	147 208 156 200
1908	171 153 34 77
1909	22 198 52 106
1910	132 193 74 199
1911	46 205 157 27
1912	168 134 28 95
1913	38 176 31 245
1914	37 231 139 29
1915	122 168 177 247
1916	96 106 23 89
1917	126 233 32 145
1918	50 166 80 26
1919	229 219 237 206
1920	143 53 90 154
1921	159 48 206 184
1922	138 27 249 239
1923	176 195 201 122
1924	236 174 156 35
1925	123 164 56 175
1926	105 187 63 111
1927	174 134 159 120
1928	71 153 145 239
1929	236 82 31 108
1930	158 87 66 121
1931	133 108 185 68
1932	5 163 44 240
1933	64 20 141 176
1934	30 192 14 129
1935	81 123 17 24
1936	221 2 14 105
1937	203 87 178 180
1938	39 198 63 229
1939	167 233 224 20
1940	107 222 96 201
1941	83 107 195 249
1942	47 10 186 81
1943	25 243 183 141
1944	206 93 95 96
1945	19 118 126 20
1946	67 179 110 219
1947	18 164 183 85
1948	153 123 225 11
1949	43 143 151 118
1950	213 222 139 77
1951	186 127 30 156
1952	79 217 158 24
1953	137 80 206 67
1954	6 5 38 109
1955	71 62 80 15
1956	17 53 167 8
1957	72 182 120 78
1958	97 235 200 131
1959	113 227 225 21
1960	174 135 152 123
1961	58 121 140 244
1962	55 127 168 116
1963	147 1 126 93
1964	212 242 113 230
1965	40 195 214 191
1966	155 145 93 206
1967	85 174 70 75
1968	47 78 206 157
1969	4 71 167 100
1970	175 31 72 50
1971	192 1 154 143
1972	172 243 111 74
1973	203 1 9 27
1974	38 137 101 107
1975	155 140 27 107
1976	136 198 197 33
1977	77 14 136 48
1978	160 143 174 133
1979	229 122 24 47
1980	71 211 91 35
1981	148 157 41 56
1982	219 60 156 132
1983	41 72 49 232
1984	13 92 21 77
1985	22 154 177 78
1986	96 224 94 117
1987	206 242 157 146
1988	43 76 154 158
1989	169 193 195 90
1990	56 47 204 70
1991	211 166 89 214
1992	108 30 182 68
1993	233 75 94 67
1994	63 118 81 83
1995	103 141 55 140
1996	187 231 243 70
1997	175 62 122 119
1998	166 44 244 199
1999	50 220 169 108
2000	27 4 73 171
