Students	2000
1	155 130 104 231
2	102 49 44 144
3	7 193 55 31
4	78 71 110 79
5	86 90 108 114
6	55 84 29 238
7	220 234 38 27
8	101 4 122 243
9	20 159 170 2
10	148 155 48 170
11	27 249 12 28
12	27 199 127 238
13	67 13 54 10
14	149 194 116 8
15	144 90 179 225
16	42 112 190 239
17	101 26 241 201
18	127 154 73 41
19	208 174 156 34
20	37 184 23 223
21	219 150 32 154
22	228 129 33 83
23	61 235 128 196
24	215 50 48 41
25	127 199 136 1
26	49 93 7 74
27	60 97 75 81
28	149 210 30 211
29	101 145 85 52
30	181 175 40 55
31	243 7 220 241
32	177 51 59 3
33	52 195 145 28
34	1 178 143 175
35	10 107 221 166
36	188 230 115 19
37	137 152 192 96
38	131 102 144 42
39	236 212 242 43
40	111 102 162 216
41	103 148 116 135
42	202 147 192 227
43	172 113 242 183
44	163 166 30 218
45	174 178 203 102
46	44 135 43 203
47	88 70 68 248
48	154 198 151 197
49	80 110 230 178
50	237 54 80 13
51	177 225 5 9
52	168 92 244 190
53	162 208 85 202
54	41 10 79 81
55	47 244 1 143
56	60 197 120 4
57	50 227 41 172
58	11 186 47 88
59	215 41 91 168
60	231 57 85 195
61	200 245 105 208
62	186 204 22 182
63	38 5 120 160
64	213 210 248 153
65	167 163 209 137
66	36 128 28 99
67	115 226 153 208
68	168 77 69 157
69	38 161 31 209
70	183 118 206 58
71	249 3 57 148
72	214 233 87 57
73	6 167 82 235
74	193 102 192 160
75	90 5 16 144
76	47 193 52 154
77	5 238 29 99
78	103 132 12 200
79	10 77 30 145
80	156 226 133 38
81	149 220 76 69
82	207 26 173 31
83	192 138 117 159
84	200 54 4 29
85	126 72 169 240
86	195 179 55 167
87	23 77 237 143
88	250 218 184 115
89	130 17 79 30
90	184 69 204 221
91	139 65 125 106
92	187 208 236 1
93	242 120 113 58
94	188 30 246 87
95	90 146 20 161
96	39 124 190 93
97	214 17 4 117
98	73 191 54 88
99	225 244 212 135
100	10 68 238 63
101	82 244 116 204
102	169 198 21 71
103	238 48 45 35
104	152 77 135 220
105	185 75 28 169
106	159 27 142 131
107	6 79 232 102
108	64 49 24 245
109	228 14 104 122
110	137 35 157 144
111	128 2 113 242
112	50 216 231 159
113	113 220 246 33
114	53 203 77 139
115	157 105 73 173
116	240 33 119 187
117	19 158 57 33
118	89 74 234 100
119	69 150 158 209
120	243 125 189 25
121	100 99 226 237
122	52 218 40 77
123	83 139 202 151
124	189 51 131 43
125	159 162 8 206
126	190 109 222 81
127	2 64 135 129
128	158 135 57 27
129	135 223 10 157
130	114 106 18 62
131	63 173 54 11
132	147 49 83 146
133	140 19 128 155
134	113 72 12 87
135	189 169 191 73
136	10 62 61 192
137	15 206 14 99
138	60 137 244 59
139	77 208 61 7
140	72 131 121 141
141	93 26 205 215
142	140 178 27 25
143	85 101 226 103
144	181 193 226 201
145	131 46 166 31
146	214 99 139 82
147	83 234 203 104
148	161 19 144 168
149	195 161 117 55
150	62 96 236 226
151	91 49 104 102
152	180 120 221 245
153	117 12 179 231
154	7 204 4 193
155	48 248 181 91
156	32 189 15 249
157	226 194 195 75
158	46 136 241 201
159	52 109 48 119
160	116 106 161 136
161	79 179 190 215
162	206 239 162 73
163	234 139 180 38
164	224 128 124 122
165	18 199 209 122
166	115 201 241 68
167	211 77 114 170
168	50 163 103 229
169	166 144 108 116
170	137 201 238 239
171	169 88 51 10
172	160 106 119 144
173	52 91 181 60
174	190 11 135 27
175	156 56 172 214
176	44 166 97 104
177	156 50 218 202
178	129 225 57 230
179	168 245 222 41
180	159 84 25 78
181	142 99 45 231
182	69 217 187 201
183	86 196 33 243
184	12 170 97 47
185	55 241 14 48
186	249 224 175 217
187	28 116 248 63
188	178 43 1 121
189	106 166 140 99
190	9 113 128 59
191	162 237 86 39
192	20 165 187 156
193	118 11 158 27
194	49 228 235 37
195	30 225 156 83
196	212 164 85 15
197	88 195 148 19
198	194 68 56 197
199	19 209 211 129
200	170 217 134 242
201	219 4 199 67
202	177 74 7 135
203	216 9 201 90
204	115 38 5 86
205	15 36 19 11
206	186 220 191 241
207	60 107 55 169
208	78 84 226 133
209	153 223 208 80
210	21 190 67 35
211	226 205 203 128
212	165 159 224 93
213	93 156 231 181
214	220 221 11 61
215	48 35 150 186
216	31 155 120 114
217	8 54 184 26
218	110 5 126 115
219	44 140 222 28
220	25 229 151 74
221	130 247 4 220
222	55 104 214 149
223	195 167 174 213
224	38 31 198 76
225	213 114 108 19
226	194 163 165 5
227	207 20 171 95
228	178 163 168 216
229	88 237 222 18
230	78 240 40 189
231	9 25 192 172
232	169 107 59 4
233	131 79 19 94
234	143 150 226 223
235	84 97 235 96
236	205 168 115 105
237	249 80 197 240
238	23 41 70 160
239	39 179 25 137
240	57 56 12 166
241	78 96 243 1
242	34 212 243 166
243	111 68 210 205
244	28 25 88 17
245	118 202 143 4
246	206 9 122 134
247	140 19 111 107
248	172 64 216 141
249	135 162 145 176
250	55 199 45 106
251	107 116 164 8
252	5 191 185 83
253	177 215 234 33
254	124 22 132 109
255	116 201 227 153
256	6 209 67 47
257	141 93 27 233
258	85 200 136 33
259	46 181 14 198
260	241 109 71 244
261	140 50 133 160
262	62 226 133 35
263	145 163 214 72
264	48 103 222 113
265	223 209 60 124
266	104 92 158 250
267	150 110 169 98
268	244 89 248 91
269	54 104 95 46
270	75 153 212 128
271	86 68 63 173
272	151 168 138 198
273	7 114 103 90
274	31 145 126 79
275	199 59 97 111
276	48 134 135 224
277	140 49 44 8
278	216 207 70 118
279	58 56 247 64
280	197 176 235 153
281	126 186 54 10
282	125 30 89 52
283	155 6 200 191
284	100 101 12 250
285	166 229 62 145
286	116 60 47 154
287	189 174 73 155
288	178 75 129 148
289	160 103 48 83
290	136 81 222 3
291	20 121 125 148
292	54 70 122 49
293	84 93 71 239
294	6 77 246 179
295	193 123 170 185
296	197 170 233 50
297	176 250 207 191
298	45 231 209 162
299	150 105 177 118
300	202 66 195 68
301	45 234 112 76
302	195 176 109 25
303	150 62 22 137
304	52 53 129 125
305	172 229 169 170
306	58 167 112 110
307	57 42 215 31
308	22 86 34 234
309	73 72 196 168
310	97 42 46 65
311	232 201 50 90
312	205 233 228 171
313	237 208 43 87
314	134 83 162 74
315	25 62 176 147
316	224 167 199 15
317	174 106 205 78
318	111 187 244 185
319	137 159 119 45
320	234 151 86 121
321	58 132 158 196
322	132 101 237 189
323	212 68 124 123
324	152 23 119 47
325	185 131 26 113
326	2 91 89 68
327	139 230 152 82
328	30 133 204 84
329	96 6 101 208
330	43 113 226 29
331	64 55 179 21
332	129 91 128 156
333	46 110 132 178
334	34 164 236 163
335	202 96 92 178
336	228 112 40 26
337	115 231 106 20
338	242 91 26 11
339	177 141 232 98
340	126 64 187 130
341	115 240 154 159
342	115 140 57 221
343	53 217 244 85
344	226 100 28 79
345	170 20 121 97
346	24 95 20 65
347	221 49 123 210
348	176 57 123 207
349	80 212 103 4
350	221 7 49 119
351	178 87 6 31
352	125 236 160 227
353	148 41 20 242
354	223 153 191 210
355	202 194 65 200
356	130 101 122 7
357	218 220 111 171
358	185 202 145 37
359	239 163 151 194
360	24 34 128 27
361	65 28 48 125
362	119 105 125 194
363	123 67 189 215
364	152 78 92 162
365	249 175 171 27
366	131 56 225 122
367	76 201 89 140
368	166 155 109 215
369	185 170 177 148
370	158 180 15 104
371	223 2 53 184
372	158 83 76 215
373	198 210 133 106
374	15 156 137 201
375	209 106 161 13
376	204 5 94 47
377	157 142 21 244
378	93 60 236 102
379	18 10 1 130
380	203 170 29 41
381	98 163 69 95
382	147 17 121 191
383	206 161 91 115
384	236 52 145 216
385	60 187 189 212
386	158 62 135 154
387	27 52 240 179
388	187 135 80 177
389	153 154 151 180
390	56 179 236 60
391	40 8 220 248
392	222 217 190 245
393	221 101 204 226
394	171 52 144 131
395	48 140 12 142
396	14 180 154 239
397	136 137 119 93
398	103 191 227 75
399	11 145 200 158
400	224 4 214 178
401	8 109 135 158
402	235 96 165 124
403	119 236 50 64
404	107 82 129 114
405	48 129 176 246
406	182 16 32 121
407	147 234 132 41
408	227 206 171 44
409	137 180 158 173
410	125 115 51 22
411	242 15 118 152
412	62 173 220 192
413	188 33 233 187
414	132 55 83 127
415	16 220 143 19
416	58 95 33 79
417	67 10 59 169
418	16 39 83 117
419	228 37 99 92
420	121 214 194 201
421	211 62 206 184
422	184 222 155 168
423	30 52 118 4
424	46 100 97 147
425	114 104 150 135
426	37 176 20 65
427	141 13 249 171
428	129 213 239 184
429	71 84 22 100
430	34 24 48 162
431	72 43 93 36
432	107 30 117 206
433	48 181 152 65
434	83 175 250 61
435	210 209 8 64
436	146 57 48 178
437	170 5 48 165
438	95 224 9 4
439	81 213 12 62
440	21 134 19 73
441	78 39 49 70
442	244 54 107 78
443	147 90 242 247
444	238 5 214 229
445	102 41 8 238
446	224 150 111 107
447	51 178 226 56
448	126 121 163 195
449	121 29 149 10
450	130 81 233 120
451	235 134 244 157
452	184 193 38 218
453	194 145 49 68
454	145 216 73 28
455	182 56 185 246
456	214 102 162 55
457	103 24 27 90
458	228 45 246 9
459	71 127 63 228
460	149 60 125 121
461	30 66 38 6
462	117 59 158 125
463	214 197 222 246
464	7 199 44 112
465	120 219 62 226
466	161 68 38 205
467	204 112 131 169
468	8 77 16 240
469	117 49 225 110
470	209 82 230 17
471	145 33 86 16
472	16 247 131 217
473	7 163 3 212
474	31 68 210 97
475	94 162 123 168
476	141 152 216 8
477	184 150 91 183
478	126 47 242 78
479	109 228 35 169
480	148 79 236 84
481	127 244 50 124
482	36 144 207 30
483	181 119 133 122
484	227 33 147 200
485	63 123 42 157
486	221 38 248 246
487	149 227 232 180
488	116 192 152 10
489	248 90 212 59
490	34 130 195 100
491	19 185 211 9
492	240 58 109 211
493	52 234 115 228
494	15 234 46 115
495	126 233 108 168
496	89 15 171 2
497	79 221 142 97
498	235 137 105 144
499	157 48 208 154
500	112 58 35 179
501	121 176 238 144
502	17 195 209 170
503	127 132 208 188
504	223 20 6 23
505	50 196 227 233
506	140 219 2 12
507	171 212 65 112
508	79 166 122 174
509	79 68 161 59
510	242 159 55 70
511	145 139 206 103
512	95 136 170 30
513	129 117 143 61
514	149 227 184 19
515	12 100 97 193
516	233 220 224 241
517	82 128 157 200
518	207 106 137 197
519	129 17 228 177
520	159 58 153 191
521	59 132 234 82
522	238 231 112 241
523	49 55 127 25
524	165 148 107 188
525	119 150 112 219
526	55 198 160 86
527	54 9 88 8
528	102 103 47 130
529	131 38 95 6
530	53 135 72 246
531	189 104 106 17
532	66 194 216 213
533	109 156 135 105
534	164 226 163 125
535	116 100 74 176
536	226 220 230 105
537	123 138 234 177
538	72 108 178 159
539	188 125 104 96
540	165 124 63 21
541	214 102 53 29
542	128 183 119 140
543	192 238 164 234
544	228 39 239 225
545	32 204 193 246
546	189 210 88 175
547	33 31 21 105
548	138 25 116 52
549	17 7 182 248
550	235 92 62 239
551	180 140 31 161
552	2 83 209 82
553	215 179 239 105
554	84 77 147 26
555	101 172 225 87
556	79 64 182 164
557	136 230 197 58
558	223 121 49 103
559	51 223 161 98
560	16 247 183 76
561	248 17 229 157
562	88 67 123 184
563	79 99 49 248
564	192 87 32 120
565	112 226 136 38
566	49 90 213 89
567	95 144 170 196
568	44 122 49 165
569	142 29 237 191
570	249 13 209 87
571	171 245 187 26
572	84 247 15 147
573	77 80 236 191
574	98 154 28 114
575	72 207 214 233
576	115 144 103 67
577	64 69 156 127
578	156 249 136 46
579	63 118 25 242
580	243 129 231 135
581	26 171 220 52
582	49 142 88 134
583	99 30 225 62
584	21 102 239 208
585	96 231 153 69
586	172 188 144 220
587	82 55 8 225
588	89 117 98 161
589	204 67 195 244
590	211 196 74 212
591	200 64 245 38
592	145 168 199 228
593	130 172 106 88
594	231 74 53 128
595	236 82 104 242
596	158 89 151 168
597	17 35 32 10
598	215 48 46 240
599	8 77 136 232
600	228 201 97 120
601	197 89 159 92
602	34 31 155 3
603	43 160 196 18
604	163 201 19 154
605	83 205 1 101
606	211 145 242 53
607	155 201 101 41
608	238 61 200 229
609	175 107 20 184
610	231 248 9 10
611	168 241 106 19
612	154 29 161 129
613	38 145 227 237
614	193 17 225 163
615	34 7 25 28
616	192 123 19 184
617	206 33 181 159
618	11 26 120 197
619	67 64 153 191
620	36 68 169 131
621	160 84 64 22
622	211 170 164 215
623	222 37 201 169
624	122 193 28 8
625	103 40 110 27
626	163 124 237 122
627	168 154 26 245
628	122 132 157 47
629	32 164 173 157
630	183 67 23 227
631	208 187 14 42
632	19 212 86 99
633	222 59 74 5
634	211 225 21 12
635	168 159 8 39
636	35 245 60 186
637	248 6 172 81
638	126 108 125 61
639	175 29 8 68
640	222 244 146 62
641	24 168 140 200
642	28 97 38 197
643	83 80 176 64
644	110 139 35 34
645	123 74 31 109
646	174 137 102 224
647	86 110 235 147
648	111 144 129 33
649	220 99 242 110
650	32 87 188 181
651	150 33 180 153
652	168 238 89 56
653	52 235 79 195
654	245 75 93 125
655	186 89 3 95
656	250 13 91 117
657	120 245 165 68
658	114 60 217 243
659	213 170 238 37
660	48 246 65 176
661	133 118 8 212
662	3 69 94 168
663	58 82 146 229
664	87 72 54 74
665	64 38 99 247
666	156 167 172 180
667	225 114 217 127
668	10 219 96 64
669	182 166 245 101
670	211 33 48 49
671	98 113 196 250
672	92 86 123 101
673	54 75 113 120
674	12 55 169 65
675	233 66 173 145
676	140 235 172 89
677	14 246 70 29
678	133 196 81 140
679	38 16 77 25
680	208 197 23 126
681	212 115 188 223
682	98 166 120 159
683	218 175 232 225
684	134 56 177 86
685	117 186 93 183
686	80 41 243 146
687	190 199 168 246
688	63 173 192 203
689	74 181 125 187
690	222 24 90 181
691	66 179 115 78
692	142 30 38 91
693	132 236 54 246
694	5 133 196 215
695	56 80 18 88
696	153 180 102 222
697	141 100 198 62
698	43 203 176 80
699	152 142 106 105
700	145 60 73 229
701	87 73 117 199
702	70 28 139 239
703	121 112 170 82
704	99 112 166 199
705	142 44 99 126
706	67 114 19 8
707	91 224 50 58
708	11 220 122 118
709	249 169 5 150
710	108 158 94 119
711	246 104 148 245
712	203 202 188 74
713	27 219 53 114
714	185 105 248 227
715	26 237 112 24
716	64 43 145 124
717	53 39 69 138
718	127 226 201 59
719	7 227 132 161
720	3 77 71 31
721	100 120 87 28
722	41 242 27 190
723	227 134 118 120
724	194 19 152 4
725	92 188 241 18
726	70 69 248 25
727	224 84 189 246
728	161 163 58 126
729	22 81 158 144
730	83 213 174 13
731	42 121 154 31
732	245 240 41 204
733	198 213 192 195
734	83 231 218 137
735	34 165 112 160
736	114 205 213 183
737	156 6 79 185
738	21 34 148 72
739	244 70 41 220
740	63 43 230 190
741	5 162 35 250
742	13 192 5 26
743	179 61 93 144
744	189 38 219 134
745	187 237 239 185
746	79 157 247 70
747	7 206 91 183
748	167 79 64 199
749	107 53 185 236
750	27 188 227 203
751	52 101 80 3
752	128 155 12 101
753	123 49 21 80
754	20 37 240 148
755	117 49 46 230
756	189 14 116 1
757	226 228 14 227
758	151 18 207 192
759	234 27 13 100
760	221 4 118 57
761	28 194 145 147
762	156 149 97 213
763	1 114 5 160
764	67 190 150 158
765	243 70 103 250
766	233 94 31 69
767	209 55 229 54
768	156 154 237 166
769	171 153 44 117
770	229 2 56 122
771	67 227 79 214
772	87 194 106 103
773	237 220 22 247
774	20 67 142 203
775	98 100 176 108
776	36 192 153 243
777	224 223 80 118
778	235 41 32 147
779	121 56 196 7
780	151 1 216 143
781	131 170 20 156
782	14 162 108 102
783	48 33 64 32
784	185 248 99 219
785	149 32 236 72
786	78 72 31 97
787	5 1 136 72
788	151 27 149 91
789	118 241 21 193
790	101 199 213 147
791	97 82 211 118
792	247 198 217 129
793	130 146 164 154
794	84 158 210 64
795	52 208 132 69
796	241 37 201 36
797	199 105 228 9
798	230 121 70 233
799	117 57 11 52
800	29 119 134 190
801	18 99 5 27
802	86 120 207 83
803	246 165 230 180
804	202 28 116 142
805	219 214 13 4
806	227 61 155 229
807	114 166 73 81
808	213 46 90 127
809	249 138 135 32
810	99 86 123 58
811	100 7 87 231
812	150 216 224 218
813	22 174 97 196
814	23 145 101 129
815	205 97 151 143
816	169 115 125 104
817	216 124 208 213
818	158 33 32 170
819	139 22 72 225
820	21 106 38 72
821	115 190 98 91
822	52 202 107 9
823	175 19 113 150
824	233 171 21 66
825	10 151 21 201
826	217 202 65 113
827	150 219 149 180
828	12 203 115 247
829	163 73 65 211
830	213 196 200 185
831	65 240 241 160
832	34 236 117 82
833	223 178 224 162
834	72 37 67 119
835	36 245 183 244
836	81 130 114 247
837	248 28 37 247
838	159 205 211 145
839	193 180 200 211
840	61 50 250 240
841	62 2 125 199
842	178 241 47 77
843	141 189 224 32
844	239 134 21 135
845	4 104 231 51
846	80 87 134 198
847	32 47 198 96
848	71 185 224 160
849	210 178 62 240
850	61 14 113 172
851	136 154 73 23
852	104 203 121 9
853	165 2 82 138
854	139 173 12 244
855	234 164 166 132
856	50 183 195 207
857	212 53 72 195
858	185 109 7 102
859	90 57 225 23
860	236 127 22 54
861	31 179 169 52
862	49 88 8 22
863	137 231 138 162
864	63 47 111 13
865	10 164 98 219
866	128 126 69 163
867	159 203 83 216
868	154 212 169 143
869	176 1 182 246
870	58 2 148 224
871	118 112 200 122
872	53 89 151 48
873	6 246 126 219
874	71 105 68 7
875	78 54 37 11
876	188 26 137 230
877	182 5 26 99
878	208 111 33 75
879	98 170 238 125
880	209 37 40 207
881	105 41 86 120
882	96 80 152 101
883	130 222 88 70
884	137 104 203 160
885	245 3 196 157
886	125 121 127 89
887	69 37 64 130
888	118 69 137 145
889	202 215 243 105
890	210 54 166 134
891	176 43 139 67
892	112 224 98 7
893	245 34 133 99
894	145 250 18 28
895	202 43 245 169
896	70 228 69 22
897	22 111 162 154
898	31 78 92 173
899	8 49 79 130
900	210 96 191 192
901	240 45 152 161
902	178 232 140 217
903	33 193 92 250
904	10 224 129 222
905	139 209 111 115
906	91 7 99 48
907	61 62 235 107
908	247 168 58 28
909	228 40 241 185
910	50 25 48 156
911	101 214 191 105
912	101 127 98 173
913	158 66 108 22
914	93 185 96 117
915	74 156 230 102
916	192 20 178 14
917	26 144 157 227
918	179 30 14 81
919	71 226 160 68
920	154 187 13 192
921	124 9 164 177
922	82 30 128 171
923	194 141 41 9
924	4 181 47 95
925	81 125 245 168
926	127 9 30 138
927	48 166 209 34
928	18 90 100 9
929	174 188 95 12
930	22 147 10 74
931	183 64 121 206
932	40 171 30 13
933	174 151 121 48
934	184 43 59 235
935	171 39 177 25
936	226 221 117 184
937	13 11 211 232
938	32 33 4 239
939	212 180 43 105
940	5 166 246 190
941	102 224 95 136
942	23 4 11 248
943	64 189 172 145
944	20 210 166 9
945	82 75 164 235
946	8 41 150 123
947	231 212 32 204
948	122 184 169 160
949	48 242 77 152
950	10 242 235 153
951	117 37 197 21
952	1 69 24 188
953	157 232 171 198
954	49 9 56 24
955	87 78 188 172
956	145 177 98 1
957	101 165 120 39
958	27 53 143 19
959	35 152 147 153
960	47 240 203 39
961	189 191 115 122
962	9 153 42 184
963	121 127 37 68
964	160 242 55 110
965	103 132 137 44
966	45 35 121 92
967	144 37 81 135
968	137 141 12 222
969	215 13 200 149
970	240 47 8 58
971	105 131 243 60
972	233 175 118 127
973	160 185 33 141
974	92 104 43 58
975	29 97 108 124
976	44 26 220 45
977	153 93 199 129
978	185 212 240 99
979	241 12 74 163
980	64 168 81 144
981	136 17 234 24
982	129 176 13 136
983	44 167 94 141
984	117 41 121 125
985	129 208 185 64
986	205 169 12 192
987	93 187 5 143
988	34 5 76 104
989	221 120 14 32
990	235 139 234 127
991	74 209 61 99
992	243 96 113 37
993	211 41 105 51
994	16 110 112 98
995	76 167 71 198
996	14 147 23 233
997	224 203 228 146
998	202 238 110 35
999	160 79 150 175
1000	158 191 185 77
1001	162 35 75 103
1002	103 34 178 38
1003	131 9 96 50
1004	58 73 42 154
1005	207 21 80 164
1006	170 4 208 152
1007	132 212 30 147
1008	186 59 155 248
1009	107 211 32 223
1010	239 243 205 52
1011	214 24 187 67
1012	116 9 196 43
1013	81 211 56 198
1014	194 95 219 214
1015	104 122 123 87
1016	70 7 75 123
1017	218 72 102 99
1018	243 62 103 238
1019	212 96 98 41
1020	126 162 195 216
1021	47 45 140 106
1022	92 177 26 14
1023	221 78 21 9
1024	244 76 140 178
1025	62 223 71 51
1026	85 164 185 22
1027	175 246 104 3
1028	124 87 177 2
1029	244 194 191 236
1030	219 222 13 96
1031	32 83 221 120
1032	180 148 249 247
1033	221 70 77 110
1034	232 122 206 54
1035	230 65 6 190
1036	244 69 205 47
1037	4 151 111 114
1038	36 95 239 150
1039	100 44 54 193
1040	128 88 206 65
1041	235 150 90 89
1042	60 76 133 51
1043	136 137 47 222
1044	130 89 170 55
1045	171 165 188 87
1046	55 103 239 241
1047	233 175 133 64
1048	65 108 18 60
1049	65 233 39 187
1050	36 131 19 21
1051	85 247 135 45
1052	52 172 127 76
1053	115 98 14 39
1054	46 118 224 12
1055	195 5 1 113
1056	103 17 219 90
1057	40 193 208 27
1058	73 6 200 109
1059	153 74 115 28
1060	198 188 217 67
1061	153 9 121 159
1062	179 29 64 196
1063	233 154 102 120
1064	179 47 92 74
1065	146 55 10 137
1066	215 149 224 138
1067	3 138 39 80
1068	132 128 201 101
1069	134 139 120 121
1070	193 101 250 112
1071	13 87 85 195
1072	21 88 152 33
1073	174 221 249 164
1074	158 247 17 230
1075	59 138 194 101
1076	73 22 157 71
1077	123 166 42 217
1078	201 198 95 121
1079	228 231 83 17
1080	97 248 211 80
1081	204 88 227 144
1082	9 221 193 85
1083	102 208 174 163
1084	118 204 27 51
1085	236 93 67 232
1086	110 141 26 74
1087	197 112 210 117
1088	164 232 242 240
1089	31 62 115 236
1090	36 11 3 60
1091	94 126 250 204
1092	58 34 204 52
1093	43 166 170 75
1094	168 137 212 173
1095	199 110 128 45
1096	158 177 227 98
1097	149 133 134 104
1098	119 110 235 40
1099	221 39 217 229
1100	41 81 249 133
1101	19 65 43 186
1102	49 54 157 81
1103	187 191 121 189
1104	218 155 159 80
1105	217 112 134 129
1106	118 156 66 189
1107	225 7 139 55
1108	105 79 42 158
1109	161 178 104 185
1110	37 168 83 76
1111	209 179 131 182
1112	170 58 45 178
1113	110 11 139 187
1114	152 68 151 5
1115	188 73 132 216
1116	249 2 126 210
1117	250 83 202 63
1118	61 185 215 239
1119	221 89 35 188
1120	190 157 35 198
1121	65 163 135 232
1122	170 98 139 199
1123	221 131 123 75
1124	194 26 71 109
1125	166 117 103 86
1126	248 12 184 170
1127	46 207 183 47
1128	239 171 105 47
1129	147 11 217 36
1130	98 184 125 224
1131	114 111 192 22
1132	62 127 222 95
1133	157 11 64 132
1134	67 139 25 87
1135	190 175 168 146
1136	194 243 179 236
1137	248 135 145 113
1138	200 168 86 237
1139	81 120 135 249
1140	19 53 144 249
1141	43 109 216 226
1142	234 227 51 213
1143	17 144 115 134
1144	234 59 87 71
1145	178 244 123 228
1146	245 173 205 178
1147	93 206 160 148
1148	139 175 41 202
1149	39 69 43 15
1150	40 95 86 83
1151	202 24 224 9
1152	32 89 241 50
1153	132 21 82 166
1154	185 53 66 101
1155	187 111 1 206
1156	11 148 206 139
1157	227 51 22 230
1158	179 89 34 58
1159	29 239 162 90
1160	71 181 162 205
1161	234 64 49 159
1162	22 218 238 152
1163	169 46 240 75
1164	186 215 12 1
1165	81 191 122 99
1166	61 135 127 60
1167	151 40 219 214
1168	128 122 94 187
1169	186 178 190 65
1170	238 202 113 96
1171	75 88 206 183
1172	96 47 75 3
1173	151 1 46 83
1174	5 103 4 155
1175	158 25 111 51
1176	30 22 102 240
1177	153 149 200 152
1178	92 119 230 20
1179	93 92 26 56
1180	224 181 77 45
1181	40 89 77 178
1182	93 224 99 117
1183	224 63 148 62
1184	179 12 164 248
1185	121 94 182 95
1186	211 189 100 65
1187	241 149 6 232
1188	241 147 84 25
1189	228 181 152 34
1190	98 233 164 133
1191	19 87 154 11
1192	75 160 6 193
1193	247 164 11 161
1194	117 107 213 89
1195	86 187 208 166
1196	202 75 244 208
1197	84 178 215 208
1198	214 102 68 72
1199	144 130 228 219
1200	235 177 206 127
1201	174 86 127 110
1202	159 157 172 7
1203	60 102 12 75
1204	40 183 20 184
1205	120 92 47 84
1206	30 156 102 228
1207	204 217 61 20
1208	117 132 183 28
1209	71 74 49 202
1210	20 212 11 127
1211	116 238 232 127
1212	148 207 85 234
1213	199 201 146 77
1214	156 186 128 38
1215	223 210 64 103
1216	110 129 239 132
1217	242 95 171 206
1218	93 127 68 170
1219	218 56 101 174
1220	56 65 117 78
1221	144 127 128 124
1222	211 91 246 247
1223	43 239 77 169
1224	179 61 43 65
1225	134 10 20 32
1226	80 142 6 36
1227	230 200 174 15
1228	118 68 170 181
1229	146 128 23 174
1230	114 128 154 56
1231	138 36 83 182
1232	25 206 127 208
1233	42 145 159 247
1234	119 158 123 26
1235	236 241 217 171
1236	203 189 214 208
1237	173 225 191 2
1238	194 244 74 204
1239	89 127 179 204
1240	218 203 126 41
1241	116 2 26 199
1242	35 165 55 73
1243	68 97 190 72
1244	175 22 215 30
1245	238 31 234 186
1246	249 136 132 128
1247	72 19 225 200
1248	176 27 115 87
1249	54 229 77 145
1250	101 213 243 108
1251	159 8 191 249
1252	32 56 145 160
1253	153 38 154 164
1254	154 66 62 242
1255	232 249 172 120
1256	94 180 85 80
1257	249 125 236 181
1258	26 30 184 118
1259	172 249 197 82
1260	139 22 130 182
1261	58 53 154 227
1262	169 128 218 138
1263	80 18 11 129
1264	108 97 13 118
1265	134 223 9 118
1266	163 32 230 123
1267	189 74 246 30
1268	248 130 19 89
1269	12 199 30 9
1270	47 65 156 236
1271	52 139 177 166
1272	44 243 92 250
1273	140 248 229 15
1274	72 134 73 33
1275	172 156 88 104
1276	207 24 215 180
1277	222 18 182 186
1278	80 54 222 19
1279	189 51 104 205
1280	125 109 141 115
1281	248 31 245 10
1282	190 10 84 76
1283	160 71 77 86
1284	212 215 64 237
1285	62 203 81 185
1286	15 201 191 193
1287	61 59 180 79
1288	182 49 160 100
1289	97 183 194 187
1290	188 25 87 2
1291	196 135 183 133
1292	48 136 231 102
1293	2 114 209 13
1294	64 1 230 176
1295	236 10 195 177
1296	5 133 12 213
1297	186 217 216 240
1298	7 147 155 62
1299	217 23 211 10
1300	115 37 227 247
1301	109 177 63 160
1302	240 122 46 231
1303	104 10 126 119
1304	79 234 90 5
1305	220 119 21 15
1306	46 6 159 199
1307	100 224 180 108
1308	148 169 232 208
1309	14 20 85 192
1310	177 130 123 118
1311	196 29 129 22
1312	68 217 80 172
1313	216 219 214 61
1314	134 205 201 70
1315	20 216 217 120
1316	250 141 88 11
1317	197 243 148 161
1318	41 50 139 143
1319	100 47 125 249
1320	173 114 203 206
1321	6 250 227 59
1322	163 27 66 31
1323	221 233 107 11
1324	104 62 75 200
1325	236 171 224 208
1326	158 122 215 230
1327	124 98 94 245
1328	243 155 59 221
1329	4 217 248 3
1330	243 149 39 194
1331	92 242 116 139
1332	15 116 102 123
1333	123 239 103 234
1334	237 134 108 133
1335	61 92 202 110
1336	10 25 206 86
1337	118 198 22 16
1338	28 247 2 206
1339	160 18 210 170
1340	126 167 195 67
1341	50 125 53 13
1342	69 201 218 171
1343	197 41 149 9
1344	80 234 78 232
1345	173 208 138 167
1346	61 114 148 101
1347	134 177 54 153
1348	203 42 139 138
1349	7 245 24 121
1350	60 128 54 114
1351	171 64 99 61
1352	45 216 142 10
1353	230 243 189 170
1354	36 161 212 111
1355	124 58 154 126
1356	109 106 174 9
1357	98 6 39 60
1358	246 210 12 77
1359	80 48 68 79
1360	94 33 151 224
1361	171 139 177 85
1362	87 189 84 68
1363	151 67 29 138
1364	93 249 95 146
1365	178 174 140 195
1366	142 123 98 74
1367	182 77 155 26
1368	10 65 129 224
1369	173 114 27 156
1370	235 39 182 2
1371	90 108 31 60
1372	12 182 143 163
1373	196 243 16 141
1374	66 2 233 81
1375	98 28 235 80
1376	155 48 205 164
1377	204 114 105 142
1378	121 14 205 80
1379	147 237 186 44
1380	121 136 67 154
1381	121 176 179 208
1382	59 100 243 250
1383	115 187 233 162
1384	91 104 179 73
1385	151 102 101 40
1386	139 178 151 4
1387	24 152 190 38
1388	52 113 222 147
1389	63 137 83 48
1390	20 147 175 143
1391	226 19 116 69
1392	199 119 181 93
1393	228 151 146 55
1394	110 181 212 237
1395	121 150 173 190
1396	102 57 84 43
1397	237 104 38 108
1398	189 34 60 113
1399	32 217 219 81
1400	169 106 72 26
1401	12 224 63 204
1402	102 211 183 186
1403	164 176 118 61
1404	212 66 49 167
1405	113 226 60 37
1406	102 197 245 132
1407	158 33 162 2
1408	175 184 54 8
1409	12 99 174 46
1410	212 250 227 134
1411	84 55 226 14
1412	20 157 69 165
1413	45 25 156 132
1414	73 174 171 114
1415	132 81 141 123
1416	233 45 12 94
1417	207 29 57 248
1418	242 45 178 113
1419	249 145 184 57
1420	13 99 177 58
1421	227 6 113 12
1422	16 240 105 43
1423	225 4 233 12
1424	40 205 89 239
1425	88 6 91 188
1426	87 74 111 186
1427	126 52 157 105
1428	191 139 195 171
1429	155 162 119 191
1430	21 77 81 52
1431	234 239 44 194
1432	249 38 77 116
1433	34 23 38 227
1434	25 160 119 5
1435	173 203 195 116
1436	146 79 116 75
1437	28 57 116 169
1438	171 184 174 169
1439	234 150 167 245
1440	50 150 51 223
1441	102 122 56 91
1442	88 21 169 159
1443	218 78 176 46
1444	219 141 222 89
1445	70 43 17 171
1446	136 237 75 7
1447	168 2 3 163
1448	46 11 95 150
1449	44 225 206 21
1450	222 105 159 216
1451	187 149 104 76
1452	104 131 198 35
1453	1 63 134 40
1454	140 225 242 187
1455	100 151 184 246
1456	236 190 215 116
1457	120 199 216 196
1458	208 56 61 62
1459	27 94 62 166
1460	118 26 239 84
1461	116 16 182 232
1462	241 33 192 124
1463	238 60 215 95
1464	229 68 43 141
1465	109 47 120 69
1466	216 193 21 158
1467	241 156 201 38
1468	14 98 16 42
1469	122 52 216 23
1470	72 97 67 43
1471	112 35 219 65
1472	158 223 238 125
1473	86 157 235 124
1474	119 45 104 32
1475	143 231 216 200
1476	134 227 91 168
1477	139 63 146 248
1478	87 114 35 46
1479	151 137 17 144
1480	95 248 112 2
1481	46 202 232 96
1482	134 117 76 159
1483	168 86 94 99
1484	207 40 159 245
1485	154 122 142 37
1486	63 214 9 116
1487	72 248 28 67
1488	187 159 138 17
1489	201 224 41 16
1490	65 197 22 64
1491	49 162 220 166
1492	126 104 33 114
1493	136 121 137 148
1494	136 155 139 204
1495	5 20 241 240
1496	155 222 143 33
1497	46 71 165 123
1498	119 11 166 68
1499	177 188 228 165
1500	141 76 120 92
1501	151 188 123 113
1502	115 134 137 108
1503	189 157 23 21
1504	189 153 122 205
1505	20 102 237 158
1506	187 126 130 249
1507	223 106 127 232
1508	172 139 18 213
1509	116 58 103 82
1510	107 76 187 63
1511	145 220 94 120
1512	184 63 165 93
1513	53 128 209 96
1514	50 32 141 244
1515	192 36 41 162
1516	104 83 133 5
1517	32 143 183 196
1518	22 58 9 42
1519	185 14 29 90
1520	127 159 231 160
1521	70 179 202 248
1522	183 160 46 156
1523	176 70 232 169
1524	167 55 230 95
1525	187 109 53 12
1526	155 42 47 250
1527	136 135 105 132
1528	157 212 26 174
1529	13 125 78 138
1530	224 1 46 104
1531	127 171 158 108
1532	67 70 14 145
1533	204 128 191 173
1534	144 99 103 158
1535	61 191 99 52
1536	2 7 150 77
1537	52 30 14 189
1538	101 43 95 71
1539	72 115 70 46
1540	136 113 16 81
1541	199 78 38 184
1542	243 54 207 203
1543	83 128 17 170
1544	5 96 238 245
1545	227 158 226 228
1546	207 24 140 26
1547	240 219 40 178
1548	35 175 201 86
1549	171 38 85 134
1550	178 119 132 245
1551	158 217 128 61
1552	199 112 31 57
1553	78 133 249 245
1554	32 245 173 240
1555	28 127 16 107
1556	64 129 161 37
1557	48 147 238 12
1558	221 163 134 18
1559	155 179 184 157
1560	250 235 87 230
1561	2 24 45 48
1562	88 63 72 139
1563	98 58 114 54
1564	162 74 248 12
1565	243 202 90 235
1566	122 221 50 177
1567	116 73 200 99
1568	170 202 4 36
1569	173 230 88 190
1570	246 208 110 74
1571	204 120 43 134
1572	218 30 39 250
1573	108 216 14 4
1574	138 124 64 60
1575	77 170 205 146
1576	214 26 27 183
1577	35 31 51 108
1578	35 12 133 91
1579	17 43 90 98
1580	1 172 161 66
1581	124 172 114 210
1582	199 93 220 44
1583	92 179 132 129
1584	171 141 14 213
1585	98 191 35 80
1586	175 109 139 21
1587	46 72 171 214
1588	225 106 210 129
1589	235 65 46 201
1590	131 101 76 187
1591	175 189 69 63
1592	237 76 213 52
1593	56 102 220 73
1594	189 24 242 38
1595	220 35 168 126
1596	117 86 239 232
1597	16 201 62 114
1598	60 53 75 37
1599	107 193 110 23
1600	76 37 156 183
1601	164 233 167 245
1602	21 50 8 240
1603	118 13 180 215
1604	164 83 200 90
1605	139 202 135 84
1606	171 227 137 43
1607	12 123 222 192
1608	6 249 15 77
1609	201 172 204 89
1610	245 236 206 33
1611	213 23 232 32
1612	143 75 68 76
1613	46 231 93 22
1614	51 2 106 190
1615	208 73 49 7
1616	233 97 64 88
1617	224 93 162 176
1618	194 136 193 55
1619	145 247 120 189
1620	162 53 47 218
1621	44 246 237 141
1622	34 120 236 249
1623	155 100 147 134
1624	165 37 184 170
1625	152 106 90 160
1626	150 238 171 48
1627	1 187 199 205
1628	153 98 39 170
1629	45 227 55 225
1630	150 56 116 59
1631	216 15 233 230
1632	229 125 211 150
1633	76 136 126 99
1634	208 55 177 63
1635	205 129 239 210
1636	181 156 19 50
1637	95 233 163 29
1638	57 107 139 188
1639	92 50 55 113
1640	90 66 235 160
1641	156 193 159 215
1642	181 1 191 118
1643	166 37 222 117
1644	211 142 170 16
1645	51 175 89 179
1646	75 95 153 115
1647	79 11 22 209
1648	122 145 236 129
1649	236 173 150 215
1650	176 187 235 185
1651	37 250 211 126
1652	199 224 172 194
1653	33 168 42 196
1654	210 35 161 53
1655	248 54 214 164
1656	19 161 174 187
1657	45 54 240 49
1658	210 9 79 132
1659	236 118 156 220
1660	130 194 3 100
1661	39 109 13 26
1662	27 169 197 43
1663	193 200 143 230
1664	169 5 168 128
1665	121 123 18 238
1666	4 144 197 242
1667	69 180 19 230
1668	134 25 147 165
1669	76 114 188 2
1670	212 6 181 211
1671	224 151 67 171
1672	234 124 40 68
1673	92 78 135 58
1674	92 76 189 123
1675	36 93 142 54
1676	6 59 250 205
1677	202 11 179 245
1678	218 150 119 40
1679	28 52 68 104
1680	42 207 228 36
1681	1 232 248 156
1682	132 24 89 9
1683	16 136 239 82
1684	69 36 23 108
1685	126 76 7 185
1686	155 167 206 33
1687	144 168 99 193
1688	227 14 73 35
1689	5 15 9 160
1690	66 84 10 119
1691	33 200 207 104
1692	187 105 63 166
1693	146 217 128 101
1694	151 139 141 219
1695	106 16 234 55
1696	77 173 224 205
1697	96 99 222 127
1698	192 60 247 246
1699	25 97 112 224
1700	55 83 190 68
1701	248 49 34 152
1702	143 20 83 125
1703	172 91 156 120
1704	84 171 28 109
1705	229 213 43 183
1706	202 173 206 139
1707	128 1 74 99
1708	240 136 109 222
1709	178 95 161 194
1710	190 162 68 62
1711	42 225 97 176
1712	121 235 128 114
1713	145 51 101 140
1714	234 73 177 205
1715	74 125 150 32
1716	179 121 222 49
1717	85 182 142 212
1718	52 215 23 58
1719	56 120 2 203
1720	35 170 223 40
1721	50 119 152 86
1722	149 177 123 230
1723	23 205 69 35
1724	124 44 123 193
1725	167 162 42 44
1726	68 18 9 29
1727	113 183 78 60
1728	216 99 69 199
1729	29 203 79 32
1730	2 207 172 119
1731	194 32 34 206
1732	247 74 47 32
1733	70 19 145 25
1734	101 4 113 167
1735	119 9 204 241
1736	28 209 123 24
1737	151 30 213 114
1738	158 73 15 87
1739	128 12 160 239
1740	91 59 246 51
1741	16 86 82 22
1742	179 201 86 23
1743	77 211 176 215
1744	206 68 219 198
1745	33 199 242 79
1746	203 135 201 75
1747	211 237 150 93
1748	215 36 2 241
1749	6 159 21 250
1750	244 36 52 19
1751	54 247 16 85
1752	164 52 193 113
1753	73 30 115 84
1754	179 191 109 44
1755	175 13 50 193
1756	187 243 143 108
1757	146 172 21 189
1758	43 112 189 27
1759	233 64 163 138
1760	167 203 226 237
1761	101 99 177 75
1762	18 205 245 157
1763	186 229 156 211
1764	63 237 117 121
1765	207 26 44 40
1766	14 53 49 172
1767	38 96 43 179
1768	31 43 240 182
1769	171 145 165 206
1770	85 13 183 197
1771	243 240 195 159
1772	213 9 207 243
1773	239 186 151 156
1774	197 240 134 225
1775	33 205 119 112
1776	59 184 63 246
1777	142 227 106 10
1778	154 21 224 202
1779	224 131 48 79
1780	96 86 230 109
1781	102 189 77 64
1782	185 107 172 37
1783	116 231 103 110
1784	58 86 20 166
1785	241 187 236 56
1786	41 145 104 154
1787	137 76 95 143
1788	208 214 84 195
1789	169 163 67 117
1790	51 206 189 102
1791	196 209 88 219
1792	34 116 231 174
1793	62 37 130 11
1794	122 159 71 24
1795	94 155 212 96
1796	127 63 182 16
1797	2 117 241 61
1798	206 66 59 185
1799	34 117 98 74
1800	184 3 16 169
1801	224 119 178 218
1802	50 58 69 60
1803	211 222 90 1
1804	113 62 236 80
1805	58 195 198 201
1806	215 98 163 169
1807	187 11 23 179
1808	63 190 21 174
1809	14 110 172 61
1810	166 180 25 67
1811	38 218 190 232
1812	52 116 189 63
1813	169 187 245 220
1814	114 17 163 80
1815	230 90 193 137
1816	151 38 171 232
1817	111 148 237 59
1818	110 59 199 223
1819	9 61 144 167
1820	7 80 145 62
1821	214 82 51 234
1822	216 22 146 46
1823	108 147 52 77
1824	61 73 21 71
1825	133 67 181 193
1826	114 154 162 195
1827	178 250 242 139
1828	105 68 38 76
1829	167 29 216 162
1830	105 34 68 66
1831	149 114 244 241
1832	151 9 37 67
1833	234 247 54 230
1834	238 10 233 215
1835	24 1 152 45
1836	152 103 57 99
1837	12 227 98 159
1838	135 194 231 34
1839	203 193 247 20
1840	157 187 123 101
1841	203 28 169 150
1842	245 20 218 210
1843	25 5 232 71
1844	1 193 195 123
1845	125 36 227 30
1846	237 158 161 42
1847	182 183 90 228
1848	54 231 93 8
1849	34 244 178 96
1850	219 175 191 153
1851	73 206 35 63
1852	97 40 176 3
1853	31 87 145 248
1854	126 12 147 141
1855	153 176 13 234
1856	43 61 122 22
1857	122 225 161 172
1858	36 248 89 50
1859	132 114 92 93
1860	193 223 14 1
1861	42 160 74 194
1862	60 166 6 220
1863	67 124 176 226
1864	1 245 35 6
1865	185 2 71 21
1866	220 3 210 219
1867	138 204 68 100
1868	111 69 128 138
1869	161 230 189 240
1870	53 139 171 242
1871	34 198 163 18
1872	120 144 36 69
1873	64 88 96 222
1874	91 137 139 85
1875	88 152 36 214
1876	167 45 104 81
1877	28 233 51 15
1878	178 56 243 13
1879	16 179 50 47
1880	84 92 103 167
1881	15 53 97 114
1882	177 134 60 155
1883	26 207 120 29
1884	168 179 3 246
1885	41 22 170 33
1886	161 104 106 235
1887	83 158 91 188
1888	193 127 240 58
1889	62 19 215 102
1890	180 119 61 246
1891	39 206 177 92
1892	215 244 133 243
1893	16 203 205 19
1894	188 83 182 238
1895	119 173 244 248
1896	204 162 177 29
1897	198 49 57 228
1898	217 80 177 14
1899	18 59 192 141
1900	126 37 11 227
1901	20 205 18 65
1902	237 130 106 121
1903	151 27 53 227
1904	179 4 173 73
1905	225 141 128 145
1906	148 78 224 67
1907	185 229 198 37
1908	197 94 68 2
1909	222 125 229 38
1910	224 234 191 249
1911	34 149 126 73
1912	24 134 126 8
1913	227 140 239 80
1914	93 186 194 176
1915	44 245 125 25
1916	14 221 209 56
1917	19 124 20 5
1918	172 21 36 83
1919	198 171 137 116
1920	93 147 111 81
1921	117 36 227 114
1922	41 17 100 135
1923	188 249 243 231
1924	135 8 99 147
1925	47 17 44 32
1926	36 165 135 221
1927	51 95 234 21
1928	238 242 197 193
1929	149 246 101 160
1930	176 191 134 97
1931	189 56 244 23
1932	199 48 62 209
1933	165 90 238 70
1934	78 126 23 196
1935	176 213 167 158
1936	128 182 104 246
1937	25 247 1 55
1938	134 32 39 40
1939	49 44 180 110
1940	41 131 184 100
1941	60 109 228 89
1942	222 40 188 57
1943	145 95 50 202
1944	227 123 9 45
1945	124 61 26 250
1946	76 2 180 220
1947	220 107 97 106
1948	243 152 231 190
1949	210 235 36 24
1950	195 198 168 64
1951	150 230 107 221
1952	40 29 103 10
1953	67 135 28 85
1954	121 101 44 21
1955	165 103 124 188
1956	163 95 47 157
1957	214 175 190 127
1958	199 99 44 5
1959	34 44 68 123
1960	66 84 6 9
1961	179 134 204 93
1962	20 186 234 246
1963	225 96 196 190
1964	106 167 77 235
1965	148 92 42 211
1966	18 208 225 174
1967	87 68 226 227
1968	131 54 182 211
1969	229 218 209 73
1970	22 55 75 216
1971	208 188 13 164
1972	98 75 129 193
1973	130 105 216 47
1974	145 243 113 201
1975	123 112 237 69
1976	15 215 216 193
1977	83 148 163 110
1978	167 168 240 98
1979	132 66 93 199
1980	19 160 80 100
1981	201 31 70 43
1982	160 97 100 165
1983	45 211 87 8
1984	250 211 91 124
1985	213 198 221 189
1986	161 53 22 99
1987	242 139 51 111
1988	221 243 117 213
1989	135 249 34 82
1990	248 24 21 146
1991	228 90 34 208
1992	189 67 154 214
1993	3 87 38 202
1994	46 125 145 190
1995	126 226 135 245
1996	94 173 142 62
1997	56 205 138 238
1998	203 189 66 136
1999	222 51 130 109
2000	113 57 132 195
