Students	2000
1	118 69 190 84
2	214 96 126 134
3	91 67 160 239
4	177 111 146 160
5	178 133 30 199
6	27 53 246 84
7	110 242 147 127
8	135 153 209 243
9	33 73 193 246
10	165 89 52 243
11	138 113 154 42
12	242 220 25 205
13	240 49 170 206
14	125 6 100 206
15	110 15 165 144
16	118 130 236 155
17	93 88 180 169
18	30 132 83 192
19	120 63 139 207
20	64 15 195 125
21	57 170 75 64
22	16 155 218 238
23	63 148 161 2
24	104 52 177 167
25	110 32 200 14
26	145 185 139 71
27	174 76 56 108
28	120 9 241 153
29	234 22 114 2
30	224 172 203 37
31	223 80 145 244
32	199 153 173 77
33	75 76 129 93
34	185 134 194 48
35	175 207 121 22
36	183 106 12 206
37	147 39 167 23
38	47 180 195 42
39	224 173 106 89
40	171 56 224 5
41	230 31 29 28
42	243 165 214 57
43	114 82 229 186
44	85 70 148 63
45	195 189 215 91
46	199 92 2 26
47	41 206 170 213
48	174 18 158 74
49	48 125 244 116
50	81 218 241 23
51	172 116 142 210
52	191 225 34 216
53	37 52 247 77
54	205 101 177 198
55	200 224 108 210
56	248 1 107 106
57	249 38 152 22
58	181 170 5 244
59	101 152 102 246
60	199 33 64 57
61	166 221 119 110
62	136 196 192 24
63	120 121 72 110
64	199 165 87 190
65	219 73 160 186
66	215 95 187 61
67	51 140 226 3
68	141 171 84 243
69	205 156 228 195
70	96 86 68 153
71	198 74 188 61
72	7 179 81 10
73	212 99 90 62
74	69 250 201 191
75	204 238 68 13
76	217 225 137 134
77	49 111 137 225
78	62 147 94 61
79	25 218 119 79
80	116 211 237 50
81	209 123 74 61
82	29 148 131 91
83	99 207 222 7
84	81 133 146 178
85	222 12 19 207
86	28 9 45 106
87	167 236 209 247
88	228 58 55 63
89	124 78 83 30
90	98 187 242 21
91	226 89 32 212
92	7 145 104 87
93	160 47 248 92
94	33 22 195 197
95	22 15 250 101
96	237 211 122 45
97	35 190 3 64
98	82 65 208 77
99	245 187 181 225
100	188 195 63 15
101	137 109 82 152
102	37 207 148 237
103	37 149 76 79
104	81 48 179 226
105	40 237 142 104
106	82 116 88 15
107	121 61 30 186
108	106 88 160 29
109	213 60 133 127
110	222 177 126 210
111	213 200 129 156
112	189 50 227 131
113	228 28 182 128
114	204 164 167 156
115	96 129 177 110
116	89 240 194 109
117	219 159 57 168
118	42 240 83 117
119	174 154 224 109
120	2 211 134 49
121	186 225 102 50
122	109 147 97 16
123	47 224 211 80
124	143 92 14 101
125	152 198 117 180
126	100 204 40 236
127	249 119 246 38
128	95 100 242 227
129	101 70 116 174
130	225 107 104 208
131	228 244 34 75
132	189 83 10 114
133	61 250 54 144
134	235 98 151 60
135	2 37 116 176
136	239 158 95 142
137	215 152 223 14
138	236 250 226 232
139	242 17 58 74
140	72 115 86 165
141	4 145 111 78
142	248 61 135 227
143	171 6 233 56
144	21 132 7 139
145	240 71 177 29
146	103 131 124 190
147	205 188 95 233
148	204 121 107 156
149	226 72 74 10
150	73 1 181 60
151	122 164 250 191
152	237 225 159 19
153	178 58 160 229
154	176 56 99 41
155	83 241 201 245
156	133 242 129 20
157	77 192 218 57
158	166 198 200 9
159	169 219 213 101
160	154 102 209 193
161	126 76 84 28
162	28 47 220 246
163	139 44 34 25
164	228 82 188 83
165	61 155 234 32
166	110 28 146 212
167	175 225 56 194
168	104 224 30 162
169	113 147 168 6
170	100 215 117 151
171	221 2 20 203
172	203 37 23 76
173	250 136 241 22
174	87 155 61 102
175	43 35 221 31
176	229 76 210 213
177	119 13 171 216
178	43 185 61 235
179	243 225 202 64
180	116 78 129 165
181	189 30 8 71
182	109 81 228 207
183	230 72 13 97
184	7 160 180 191
185	144 17 139 140
186	116 182 219 98
187	4 51 141 53
188	210 103 6 127
189	154 171 18 76
190	122 188 46 231
191	144 27 79 199
192	194 118 112 233
193	191 70 57 21
194	173 184 61 206
195	78 249 228 223
196	244 219 44 147
197	210 239 42 108
198	122 9 78 67
199	120 129 121 34
200	128 190 85 53
201	90 26 123 60
202	163 184 9 49
203	64 178 20 48
204	248 170 149 7
205	14 235 56 69
206	170 167 168 212
207	47 23 157 144
208	174 145 124 23
209	24 88 222 223
210	46 73 92 42
211	71 140 196 107
212	59 179 184 247
213	228 234 106 4
214	234 185 187 50
215	231 105 153 162
216	93 172 216 149
217	97 72 168 94
218	123 239 172 125
219	236 32 133 69
220	223 16 163 9
221	103 42 135 22
222	47 129 134 29
223	18 149 172 70
224	2 109 34 165
225	139 99 173 191
226	158 52 133 11
227	36 241 38 45
228	246 3 144 249
229	238 160 178 197
230	236 106 42 56
231	167 55 171 36
232	237 244 199 216
233	137 101 39 121
234	110 229 174 101
235	178 7 231 119
236	23 66 160 40
237	95 241 236 53
238	120 135 12 128
239	43 160 53 169
240	182 135 144 8
241	124 245 246 179
242	158 237 225 96
243	232 211 123 106
244	223 103 158 99
245	169 13 244 51
246	117 112 159 221
247	102 43 226 59
248	113 66 47 8
249	34 129 204 3
250	139 107 98 206
251	139 231 15 151
252	243 51 90 185
253	188 31 8 200
254	127 14 124 74
255	73 192 40 217
256	174 4 232 63
257	151 130 38 169
258	36 51 248 43
259	216 211 83 44
260	119 24 27 226
261	209 147 248 168
262	27 194 1 244
263	195 179 234 52
264	120 196 147 68
265	19 25 42 106
266	134 226 35 105
267	32 152 182 142
268	4 146 160 60
269	2 65 110 22
270	144 161 71 46
271	137 185 7 6
272	196 28 52 60
273	195 11 156 187
274	218 54 86 214
275	31 173 97 245
276	104 212 79 157
277	82 110 31 217
278	84 211 218 12
279	232 33 93 216
280	31 4 41 104
281	218 249 117 146
282	192 198 159 28
283	26 83 104 80
284	187 30 195 207
285	19 75 70 212
286	47 34 133 244
287	140 78 226 91
288	163 250 22 107
289	171 60 142 179
290	238 82 109 9
291	196 132 233 244
292	34 105 184 188
293	153 48 94 86
294	242 174 211 28
295	76 103 97 164
296	88 143 27 177
297	203 140 14 103
298	152 73 109 222
299	197 67 84 3
300	232 250 70 48
301	89 53 189 28
302	39 217 234 96
303	217 66 198 104
304	186 200 232 159
305	148 185 220 213
306	214 204 215 87
307	25 122 103 50
308	150 32 89 122
309	88 173 162 86
310	224 85 247 153
311	176 105 172 11
312	165 98 62 208
313	108 25 235 194
314	232 66 191 209
315	248 56 160 113
316	250 154 190 155
317	247 25 31 235
318	48 219 39 152
319	159 37 120 141
320	213 3 53 121
321	172 99 228 134
322	233 182 163 241
323	131 82 36 97
324	170 59 68 74
325	36 70 230 10
326	100 145 169 146
327	69 172 32 231
328	30 243 38 55
329	134 159 161 221
330	108 137 109 35
331	143 238 193 192
332	132 42 76 95
333	222 175 140 59
334	53 192 104 110
335	69 177 103 38
336	68 24 103 87
337	130 86 108 216
338	57 90 110 168
339	125 87 138 5
340	71 83 51 113
341	121 204 59 149
342	243 21 144 153
343	249 240 124 138
344	192 81 55 145
345	83 66 122 240
346	206 182 27 159
347	120 22 87 89
348	168 60 234 244
349	231 131 245 213
350	201 168 65 184
351	149 136 145 216
352	176 32 9 198
353	6 17 56 68
354	31 47 124 223
355	125 173 124 131
356	247 145 190 113
357	244 14 43 124
358	189 93 116 115
359	94 225 91 210
360	158 107 137 8
361	169 223 232 66
362	112 193 246 118
363	89 16 2 97
364	214 50 125 67
365	147 191 136 195
366	209 38 159 247
367	144 91 31 90
368	96 77 78 218
369	158 250 48 166
370	176 233 204 227
371	104 184 164 59
372	69 55 179 54
373	23 76 43 35
374	110 55 84 216
375	39 169 232 157
376	112 26 154 168
377	220 29 158 12
378	60 124 240 25
379	136 85 109 110
380	114 173 92 19
381	211 181 247 140
382	178 94 104 124
383	13 21 115 219
384	98 76 6 39
385	242 217 79 148
386	203 4 194 30
387	198 225 224 222
388	229 90 92 212
389	151 230 75 88
390	78 9 71 231
391	98 101 248 41
392	197 192 28 221
393	19 228 118 127
394	65 26 248 137
395	72 82 217 182
396	100 250 154 17
397	90 1 202 218
398	21 122 190 75
399	53 159 248 176
400	51 201 226 20
401	161 41 237 164
402	80 59 134 192
403	219 190 14 228
404	11 206 239 193
405	235 21 153 159
406	35 210 238 163
407	26 147 208 59
408	181 140 117 75
409	31 179 229 204
410	27 118 156 193
411	233 29 4 10
412	94 123 145 132
413	250 222 186 98
414	217 47 182 85
415	95 4 36 243
416	119 63 65 129
417	79 214 84 40
418	184 170 180 233
419	241 108 4 2
420	132 48 93 32
421	207 209 178 153
422	78 121 66 195
423	42 199 77 141
424	185 183 149 249
425	199 193 170 97
426	158 172 194 70
427	94 123 64 238
428	78 77 174 92
429	136 245 123 220
430	127 152 30 223
431	5 151 141 160
432	15 218 217 153
433	242 92 97 9
434	247 226 79 192
435	247 45 249 245
436	133 41 29 107
437	28 86 152 190
438	48 38 105 201
439	114 154 62 100
440	222 74 228 241
441	47 183 155 114
442	217 218 201 1
443	193 41 12 61
444	23 85 142 104
445	174 37 161 134
446	113 104 144 65
447	3 181 163 185
448	74 233 23 220
449	121 193 177 250
450	125 83 215 250
451	80 73 31 193
452	99 27 117 112
453	224 110 200 101
454	189 22 25 75
455	58 202 12 111
456	46 226 144 201
457	100 116 225 207
458	52 47 192 97
459	125 72 156 155
460	132 100 68 231
461	74 158 232 149
462	230 42 238 167
463	40 113 71 228
464	137 62 71 128
465	103 69 215 238
466	126 239 206 162
467	219 53 56 204
468	178 224 239 89
469	222 99 150 228
470	116 141 242 113
471	196 192 139 238
472	69 245 8 177
473	114 47 94 230
474	213 41 244 196
475	84 47 230 155
476	143 170 238 86
477	205 121 163 46
478	225 229 221 117
479	240 167 199 31
480	244 240 99 246
481	11 232 224 166
482	149 54 77 8
483	108 224 221 143
484	165 244 9 35
485	4 236 185 44
486	100 32 93 220
487	81 49 45 30
488	88 31 183 159
489	120 195 62 17
490	127 53 199 9
491	238 90 187 210
492	197 117 157 86
493	29 50 105 100
494	100 18 170 139
495	158 93 65 177
496	146 133 224 216
497	172 147 36 166
498	141 51 234 2
499	52 113 187 93
500	156 176 14 55
501	72 142 48 89
502	155 17 84 169
503	33 10 64 179
504	73 185 42 200
505	28 95 239 10
506	77 112 164 94
507	143 182 60 89
508	22 20 66 94
509	157 23 173 238
510	124 100 11 90
511	63 235 147 120
512	5 216 232 59
513	35 52 101 109
514	16 10 111 173
515	248 25 116 6
516	227 110 92 224
517	6 65 205 203
518	42 199 175 235
519	167 169 239 18
520	228 31 89 48
521	57 87 208 2
522	178 94 127 242
523	34 128 105 168
524	16 25 184 96
525	32 2 105 88
526	218 52 48 207
527	119 16 202 107
528	147 102 114 239
529	238 65 171 203
530	166 12 245 181
531	193 158 86 103
532	181 32 212 147
533	30 230 100 34
534	165 13 39 143
535	80 186 161 109
536	142 45 92 168
537	190 12 176 106
538	220 170 248 158
539	24 153 104 70
540	165 54 60 1
541	241 108 186 168
542	75 247 146 246
543	191 200 67 155
544	66 70 212 132
545	152 138 75 99
546	129 44 250 206
547	139 133 81 203
548	164 72 199 67
549	188 104 210 97
550	120 130 92 212
551	193 76 135 197
552	211 121 4 197
553	236 34 117 31
554	99 249 213 63
555	194 172 7 158
556	119 88 224 243
557	69 171 127 42
558	44 139 13 174
559	126 187 178 238
560	191 109 90 214
561	53 239 213 236
562	81 219 192 60
563	193 83 84 231
564	65 222 215 40
565	16 134 86 183
566	176 213 179 74
567	25 248 88 184
568	185 16 126 217
569	8 4 92 18
570	124 109 101 65
571	105 177 43 119
572	246 221 132 111
573	15 124 120 59
574	223 217 198 67
575	53 35 26 177
576	202 143 30 211
577	59 108 208 128
578	65 118 105 179
579	166 250 249 5
580	185 56 106 121
581	96 126 99 110
582	103 149 160 204
583	101 206 147 244
584	122 135 37 147
585	161 29 72 32
586	95 135 128 10
587	178 87 5 37
588	161 64 96 76
589	29 67 245 5
590	66 158 10 175
591	98 244 118 60
592	104 243 136 139
593	200 247 76 168
594	3 213 203 2
595	169 244 207 136
596	60 116 126 132
597	100 152 111 125
598	62 158 90 217
599	113 209 47 149
600	181 93 54 194
601	110 81 123 108
602	191 12 190 152
603	59 51 240 124
604	59 119 123 15
605	187 45 93 11
606	125 113 126 231
607	41 139 167 68
608	68 121 139 186
609	9 29 177 138
610	75 118 158 119
611	121 55 67 191
612	62 187 195 60
613	4 248 234 81
614	207 58 188 164
615	72 60 63 10
616	85 75 64 192
617	214 234 84 196
618	32 247 55 119
619	59 31 19 36
620	245 14 156 127
621	117 69 88 114
622	18 130 197 88
623	2 46 138 157
624	225 49 238 96
625	8 202 221 174
626	136 1 58 62
627	36 127 118 198
628	205 192 178 247
629	238 139 95 64
630	237 118 132 205
631	83 221 240 5
632	241 51 101 239
633	128 220 247 235
634	129 153 113 62
635	67 73 178 75
636	155 225 3 20
637	249 85 78 147
638	216 203 93 111
639	140 34 108 29
640	225 146 128 165
641	168 220 72 63
642	227 107 61 12
643	207 129 108 234
644	62 74 185 162
645	67 197 95 233
646	108 30 223 24
647	56 224 139 2
648	242 97 15 216
649	143 106 68 227
650	245 7 26 219
651	48 58 42 45
652	31 64 77 239
653	87 93 85 212
654	178 200 145 143
655	198 220 182 97
656	143 131 169 55
657	18 111 148 190
658	171 242 144 15
659	53 167 225 249
660	74 193 242 143
661	188 107 57 120
662	204 79 194 174
663	180 145 92 30
664	105 10 22 58
665	54 162 28 125
666	24 52 91 99
667	182 205 224 135
668	124 188 187 7
669	154 190 203 96
670	177 3 115 96
671	170 50 68 233
672	248 193 178 79
673	250 82 245 19
674	31 20 75 102
675	229 41 49 114
676	19 174 23 228
677	65 31 66 207
678	111 229 212 64
679	191 210 62 238
680	24 167 123 144
681	198 41 250 142
682	100 131 181 233
683	117 238 126 70
684	84 64 7 228
685	153 237 94 224
686	221 8 158 197
687	185 127 106 147
688	9 57 127 184
689	225 111 207 25
690	232 23 175 119
691	9 140 14 117
692	161 52 81 70
693	14 180 213 201
694	98 170 86 132
695	206 118 191 83
696	216 154 203 191
697	210 73 122 49
698	236 59 162 225
699	117 118 227 131
700	236 79 38 56
701	48 154 42 234
702	242 85 86 212
703	124 112 69 216
704	59 225 10 160
705	179 73 173 36
706	125 82 210 222
707	84 71 41 190
708	20 141 188 177
709	3 205 123 37
710	100 129 239 192
711	214 28 97 12
712	92 233 68 210
713	74 30 123 210
714	67 249 178 57
715	88 164 38 127
716	83 156 52 245
717	11 43 201 217
718	31 53 76 250
719	108 12 74 144
720	97 158 239 55
721	153 181 159 15
722	49 99 204 89
723	116 142 202 206
724	227 169 215 129
725	192 74 9 126
726	226 181 220 240
727	93 248 195 234
728	110 45 9 227
729	197 201 165 149
730	144 75 175 228
731	38 121 144 159
732	238 233 141 100
733	174 202 190 115
734	84 53 77 158
735	95 177 5 131
736	144 124 12 143
737	83 80 33 237
738	147 170 141 187
739	6 100 54 78
740	77 49 125 144
741	221 176 227 230
742	147 33 196 73
743	60 153 80 191
744	21 145 18 236
745	10 230 41 70
746	222 60 80 202
747	182 38 187 13
748	183 64 139 223
749	28 197 107 148
750	247 234 114 28
751	187 217 150 88
752	156 121 31 178
753	16 137 53 123
754	241 89 217 244
755	203 89 205 6
756	13 56 53 234
757	120 124 49 127
758	122 11 54 178
759	115 10 81 131
760	41 171 29 3
761	11 13 129 53
762	194 150 14 40
763	127 111 152 8
764	103 90 113 243
765	57 121 91 186
766	17 3 199 227
767	33 167 39 36
768	223 124 194 217
769	164 110 214 11
770	107 159 7 45
771	70 144 14 177
772	108 16 218 232
773	37 150 245 136
774	191 178 170 46
775	145 16 246 98
776	103 194 69 101
777	86 76 175 124
778	205 155 244 202
779	193 127 42 22
780	164 88 124 247
781	145 157 175 35
782	109 50 20 89
783	138 55 187 242
784	246 221 241 99
785	203 207 181 3
786	86 154 96 136
787	212 33 223 170
788	140 71 205 93
789	91 192 38 89
790	174 9 15 92
791	204 75 79 229
792	160 88 34 192
793	182 159 32 197
794	113 125 145 75
795	238 199 205 74
796	123 38 4 72
797	128 191 112 127
798	31 198 57 136
799	57 236 159 232
800	152 156 20 184
801	236 132 150 89
802	137 90 209 74
803	36 240 143 37
804	134 166 72 221
805	150 146 163 101
806	159 154 50 73
807	18 101 93 57
808	220 11 44 66
809	50 238 221 9
810	93 52 244 6
811	83 21 174 19
812	91 238 213 137
813	166 174 100 156
814	108 5 240 116
815	200 65 168 62
816	241 1 109 76
817	204 51 19 56
818	48 4 18 39
819	24 78 234 190
820	128 246 170 64
821	83 81 138 242
822	12 59 125 238
823	144 58 143 134
824	76 186 9 97
825	224 214 56 15
826	70 122 175 226
827	164 138 102 116
828	144 223 103 123
829	168 40 85 126
830	226 146 82 232
831	64 155 139 106
832	223 81 69 2
833	120 222 172 3
834	51 40 69 81
835	100 87 42 187
836	210 170 250 60
837	83 16 137 186
838	236 101 75 78
839	41 197 190 237
840	134 61 123 81
841	57 16 191 195
842	102 68 5 13
843	147 42 164 179
844	208 226 136 129
845	88 55 56 119
846	199 246 65 230
847	67 77 76 129
848	77 56 114 170
849	13 7 17 37
850	151 225 233 243
851	158 119 142 63
852	75 172 210 4
853	65 73 95 174
854	4 12 9 201
855	57 36 72 212
856	170 165 176 114
857	63 152 56 37
858	115 230 102 88
859	123 48 151 188
860	25 178 37 67
861	220 7 63 46
862	209 73 71 67
863	193 122 234 161
864	209 58 86 179
865	167 212 71 40
866	18 53 226 171
867	244 148 223 139
868	144 157 229 104
869	208 134 50 3
870	101 152 26 240
871	157 88 136 156
872	36 200 46 65
873	71 109 85 197
874	170 52 70 107
875	221 138 217 172
876	20 10 128 55
877	211 45 205 50
878	46 145 124 201
879	124 118 197 186
880	145 4 187 226
881	120 244 190 135
882	191 132 92 213
883	27 161 226 232
884	22 104 210 239
885	43 98 93 40
886	7 32 191 57
887	149 46 138 195
888	161 235 166 92
889	144 45 215 101
890	153 242 112 130
891	208 180 152 80
892	9 59 198 79
893	216 155 201 60
894	53 243 145 99
895	34 199 23 70
896	162 34 118 231
897	187 121 91 160
898	93 8 87 236
899	238 222 57 243
900	245 88 144 200
901	75 198 25 225
902	74 72 249 69
903	235 224 188 205
904	223 125 26 140
905	169 204 234 131
906	212 131 25 151
907	242 126 43 9
908	85 248 103 243
909	19 153 195 110
910	166 73 207 193
911	205 167 36 104
912	48 173 133 220
913	61 84 110 169
914	172 211 63 75
915	170 190 55 110
916	20 99 62 248
917	56 45 225 181
918	140 6 228 93
919	169 45 157 22
920	72 127 203 48
921	90 166 4 68
922	158 155 51 91
923	17 112 208 32
924	29 127 115 3
925	146 149 61 247
926	145 228 96 194
927	201 20 8 184
928	78 14 27 82
929	139 249 245 140
930	215 82 26 190
931	153 187 219 178
932	106 198 212 136
933	58 175 138 45
934	120 132 218 138
935	203 143 4 172
936	48 68 55 172
937	211 143 6 36
938	219 74 221 121
939	120 126 74 10
940	93 135 77 74
941	105 104 75 79
942	201 6 1 109
943	179 36 167 107
944	132 59 26 246
945	86 14 53 139
946	135 179 232 213
947	28 128 49 44
948	190 82 199 248
949	129 62 137 101
950	219 195 201 178
951	164 134 175 233
952	99 202 210 63
953	47 66 156 155
954	9 203 24 176
955	79 214 68 13
956	242 248 161 121
957	102 74 93 152
958	177 115 47 189
959	115 225 55 163
960	18 164 134 48
961	197 170 27 117
962	82 170 216 25
963	246 43 218 79
964	142 59 202 92
965	15 240 136 156
966	199 229 69 165
967	152 49 133 38
968	30 91 210 197
969	3 26 37 63
970	23 187 1 136
971	108 2 29 99
972	37 39 80 47
973	81 39 60 75
974	218 170 40 90
975	232 169 114 156
976	214 189 185 239
977	140 240 73 249
978	95 60 214 175
979	1 87 188 80
980	148 1 152 154
981	147 100 193 36
982	159 34 129 201
983	200 10 118 188
984	8 89 31 142
985	230 86 238 13
986	78 44 125 193
987	70 165 137 132
988	51 208 48 155
989	243 126 166 7
990	74 206 225 114
991	242 189 143 215
992	188 198 16 213
993	57 118 160 191
994	123 40 6 95
995	146 201 102 94
996	91 17 68 182
997	81 87 238 172
998	209 201 122 69
999	217 133 166 141
1000	62 26 190 90
1001	71 117 94 168
1002	249 120 107 82
1003	87 13 103 123
1004	188 227 98 17
1005	85 29 145 225
1006	135 24 170 101
1007	38 160 174 139
1008	142 194 69 156
1009	16 60 112 214
1010	150 106 225 196
1011	50 113 194 120
1012	49 15 136 231
1013	196 121 1 153
1014	75 211 1 46
1015	88 139 37 198
1016	112 124 146 224
1017	104 37 160 230
1018	110 168 112 33
1019	92 247 189 112
1020	70 201 200 219
1021	72 210 171 209
1022	66 18 31 230
1023	174 195 242 116
1024	55 160 103 206
1025	137 229 136 211
1026	70 138 240 193
1027	132 39 59 141
1028	37 11 237 17
1029	48 9 216 168
1030	98 137 128 220
1031	148 76 118 78
1032	50 250 78 115
1033	216 88 121 84
1034	234 156 24 117
1035	147 116 142 54
1036	20 199 170 33
1037	235 50 48 15
1038	77 59 65 19
1039	79 58 168 183
1040	9 50 139 51
1041	137 84 115 26
1042	63 34 160 167
1043	215 76 11 54
1044	69 175 192 53
1045	129 7 175 176
1046	16 213 135 71
1047	86 18 155 51
1048	147 90 59 13
1049	116 150 186 142
1050	58 202 178 85
1051	49 195 167 147
1052	105 238 191 161
1053	111 47 144 177
1054	66 5 54 202
1055	221 48 35 140
1056	188 119 51 197
1057	224 206 127 130
1058	194 117 92 207
1059	137 230 103 106
1060	59 186 185 209
1061	44 77 96 7
1062	129 19 134 17
1063	231 140 133 202
1064	6 53 134 129
1065	110 13 55 130
1066	11 30 43 103
1067	199 141 55 244
1068	35 135 50 243
1069	70 154 187 83
1070	29 55 174 83
1071	209 228 34 186
1072	71 221 42 55
1073	205 29 107 75
1074	97 208 121 190
1075	16 171 124 68
1076	129 3 176 244
1077	11 187 60 56
1078	136 29 227 116
1079	164 8 94 13
1080	219 229 30 56
1081	40 193 224 181
1082	117 128 194 209
1083	105 136 175 127
1084	81 207 11 244
1085	186 155 22 96
1086	2 193 245 207
1087	92 46 191 134
1088	13 12 15 248
1089	178 99 199 88
1090	99 127 209 109
1091	110 174 101 159
1092	114 68 117 98
1093	116 57 227 135
1094	212 137 235 66
1095	240 147 35 149
1096	43 84 246 103
1097	191 55 139 3
1098	198 150 141 14
1099	93 15 233 197
1100	9 142 154 174
1101	36 243 241 74
1102	193 36 213 44
1103	84 112 80 128
1104	230 40 28 213
1105	232 242 174 173
1106	6 114 93 129
1107	71 31 35 7
1108	168 57 143 73
1109	48 60 159 188
1110	47 51 212 66
1111	221 223 19 48
1112	187 131 62 110
1113	48 22 14 144
1114	191 9 3 120
1115	44 75 177 192
1116	48 227 144 226
1117	34 218 145 138
1118	35 20 240 120
1119	51 106 223 233
1120	9 25 239 48
1121	71 10 246 173
1122	105 82 120 104
1123	117 9 129 115
1124	90 72 210 6
1125	199 236 14 186
1126	83 58 41 152
1127	127 67 20 165
1128	119 146 35 103
1129	198 44 244 161
1130	227 12 91 116
1131	104 20 148 5
1132	15 122 3 232
1133	126 91 247 13
1134	194 193 51 15
1135	39 57 173 38
1136	42 193 129 234
1137	146 182 61 250
1138	60 165 64 187
1139	228 128 28 121
1140	111 119 188 176
1141	210 207 44 240
1142	121 166 162 81
1143	220 119 185 191
1144	242 234 106 153
1145	6 80 179 189
1146	131 88 151 155
1147	59 231 248 102
1148	141 4 238 222
1149	108 147 56 51
1150	209 15 184 151
1151	39 198 61 31
1152	129 243 142 161
1153	112 158 250 107
1154	185 96 155 74
1155	44 90 127 124
1156	242 158 17 22
1157	67 142 163 27
1158	239 69 107 29
1159	55 196 152 83
1160	132 199 21 48
1161	113 147 194 68
1162	229 77 166 114
1163	22 106 133 250
1164	195 18 25 53
1165	12 74 173 68
1166	191 229 65 147
1167	69 133 195 33
1168	197 131 135 202
1169	108 167 35 22
1170	32 157 158 59
1171	88 30 194 75
1172	185 208 172 178
1173	20 44 72 35
1174	20 164 101 99
1175	84 58 189 150
1176	90 231 64 34
1177	237 189 92 41
1178	216 79 219 47
1179	185 217 164 69
1180	180 40 209 98
1181	48 152 197 234
1182	85 36 133 232
1183	61 64 225 195
1184	136 158 142 109
1185	86 33 160 203
1186	51 183 22 154
1187	48 69 47 223
1188	55 24 194 67
1189	55 100 202 108
1190	102 143 223 142
1191	83 50 140 211
1192	6 158 102 105
1193	42 245 51 6
1194	97 117 177 218
1195	129 17 116 132
1196	81 9 114 245
1197	116 12 201 32
1198	246 90 39 225
1199	68 89 129 57
1200	191 130 201 213
1201	217 9 120 191
1202	48 132 87 18
1203	119 188 50 133
1204	163 75 33 59
1205	188 85 211 64
1206	27 134 131 142
1207	135 47 186 61
1208	30 7 190 120
1209	69 192 148 82
1210	174 115 182 202
1211	121 208 135 187
1212	62 164 211 123
1213	194 10 35 70
1214	49 147 75 26
1215	52 247 173 169
1216	76 244 192 97
1217	170 216 90 215
1218	215 110 202 161
1219	158 173 5 120
1220	93 200 188 65
1221	88 53 121 162
1222	166 104 162 177
1223	216 164 245 70
1224	126 247 225 226
1225	41 185 242 115
1226	186 171 185 206
1227	142 188 133 218
1228	238 73 170 117
1229	31 51 232 202
1230	192 108 212 87
1231	211 136 44 25
1232	43 153 21 117
1233	163 105 221 94
1234	95 204 166 37
1235	107 69 240 179
1236	234 190 125 44
1237	104 138 179 191
1238	133 103 107 90
1239	208 155 83 124
1240	33 83 92 52
1241	84 4 66 231
1242	65 132 145 98
1243	236 80 17 247
1244	91 192 236 86
1245	7 175 42 101
1246	236 214 5 220
1247	239 114 121 100
1248	233 21 72 249
1249	18 132 113 139
1250	191 88 42 227
1251	197 30 20 228
1252	234 94 78 84
1253	101 167 166 92
1254	28 212 204 190
1255	179 194 117 196
1256	182 41 157 94
1257	189 91 104 123
1258	105 41 119 176
1259	185 52 40 64
1260	242 210 158 45
1261	193 72 148 206
1262	34 93 168 114
1263	84 16 177 131
1264	245 19 92 161
1265	179 35 245 154
1266	165 207 96 190
1267	84 171 162 201
1268	129 194 190 144
1269	65 152 205 207
1270	40 147 235 172
1271	123 43 132 187
1272	162 201 53 233
1273	168 85 217 204
1274	58 230 249 87
1275	239 204 58 245
1276	187 94 92 153
1277	239 51 57 40
1278	236 187 221 27
1279	26 99 126 63
1280	24 196 98 84
1281	247 214 114 234
1282	242 158 34 241
1283	216 221 188 196
1284	156 171 14 172
1285	180 35 96 236
1286	236 46 42 227
1287	170 33 153 116
1288	12 239 226 73
1289	242 175 133 192
1290	188 185 209 79
1291	63 163 45 210
1292	113 172 185 54
1293	162 243 11 119
1294	222 117 30 84
1295	72 208 133 83
1296	172 88 73 55
1297	226 204 162 143
1298	114 72 8 217
1299	151 78 24 222
1300	194 44 52 137
1301	24 120 209 78
1302	199 17 23 18
1303	102 217 78 163
1304	148 190 87 106
1305	189 180 216 5
1306	122 213 158 26
1307	194 154 175 178
1308	37 129 164 138
1309	45 105 92 133
1310	236 184 198 190
1311	189 108 176 53
1312	40 239 15 61
1313	230 247 152 205
1314	197 143 130 171
1315	8 87 147 205
1316	136 65 44 122
1317	10 42 126 224
1318	151 224 228 96
1319	143 230 68 71
1320	56 46 97 74
1321	172 123 73 223
1322	27 42 130 146
1323	2 226 200 75
1324	209 218 234 216
1325	163 136 190 44
1326	52 230 186 182
1327	224 118 175 163
1328	154 147 17 169
1329	238 134 117 157
1330	212 226 13 201
1331	119 151 45 7
1332	236 154 127 233
1333	204 4 106 155
1334	170 143 209 4
1335	242 147 78 10
1336	75 184 191 237
1337	130 170 49 77
1338	7 126 27 28
1339	112 191 186 70
1340	144 16 14 89
1341	240 163 97 44
1342	162 103 72 209
1343	236 150 111 4
1344	46 215 76 236
1345	176 232 28 52
1346	100 145 244 154
1347	37 130 227 74
1348	201 95 242 147
1349	64 172 87 155
1350	240 68 6 55
1351	145 20 61 104
1352	112 100 15 59
1353	28 74 3 135
1354	128 94 243 71
1355	4 250 135 113
1356	207 90 38 220
1357	79 51 63 160
1358	19 180 122 40
1359	241 229 150 92
1360	239 154 4 238
1361	149 88 14 150
1362	36 183 46 91
1363	82 148 73 101
1364	35 51 71 233
1365	45 7 73 209
1366	108 229 74 236
1367	108 214 165 191
1368	100 143 33 54
1369	15 177 148 95
1370	97 76 15 211
1371	142 165 143 148
1372	1 29 199 33
1373	243 8 10 127
1374	56 71 171 197
1375	130 246 5 117
1376	15 114 24 21
1377	148 35 223 249
1378	164 114 63 74
1379	169 147 86 238
1380	113 202 85 47
1381	200 23 181 24
1382	160 91 7 197
1383	167 184 245 206
1384	138 230 51 217
1385	243 16 173 152
1386	182 80 229 230
1387	165 106 127 36
1388	105 87 132 79
1389	169 124 230 166
1390	222 164 21 159
1391	197 192 27 57
1392	130 25 24 195
1393	46 121 29 16
1394	222 19 1 140
1395	68 137 184 33
1396	26 230 200 9
1397	183 3 224 78
1398	141 246 106 161
1399	61 19 135 82
1400	198 178 213 136
1401	104 211 136 176
1402	157 243 250 77
1403	91 222 101 144
1404	6 227 214 38
1405	36 41 20 11
1406	201 155 116 169
1407	235 154 62 107
1408	191 231 85 18
1409	78 219 231 104
1410	149 163 16 88
1411	58 8 139 59
1412	217 51 86 90
1413	39 61 151 197
1414	9 160 41 57
1415	44 68 112 69
1416	98 105 172 73
1417	246 174 228 7
1418	214 44 161 78
1419	6 191 39 69
1420	209 82 233 6
1421	243 202 191 12
1422	215 245 250 160
1423	43 182 159 100
1424	74 57 175 120
1425	133 218 29 237
1426	60 106 229 49
1427	65 94 89 69
1428	133 222 65 56
1429	45 205 142 17
1430	4 250 126 183
1431	60 237 64 250
1432	79 126 60 77
1433	183 9 220 83
1434	195 129 109 176
1435	233 83 187 194
1436	226 150 61 104
1437	219 21 12 184
1438	24 246 81 185
1439	185 102 23 64
1440	145 247 117 192
1441	123 121 210 11
1442	67 118 28 60
1443	121 92 152 179
1444	139 37 138 169
1445	80 244 213 23
1446	74 111 81 20
1447	139 158 104 152
1448	200 172 72 171
1449	183 3 119 61
1450	53 73 98 137
1451	217 29 197 37
1452	123 182 233 162
1453	191 94 98 225
1454	46 31 120 234
1455	78 2 60 246
1456	43 97 48 64
1457	181 31 106 20
1458	5 3 115 109
1459	155 62 236 25
1460	201 170 48 195
1461	229 77 227 134
1462	240 58 4 65
1463	235 102 35 117
1464	93 133 245 26
1465	93 42 232 221
1466	234 62 243 37
1467	121 169 145 42
1468	160 179 79 75
1469	156 177 248 170
1470	167 103 87 162
1471	5 22 45 230
1472	51 230 224 76
1473	221 222 18 124
1474	53 174 194 218
1475	31 70 113 72
1476	21 61 53 114
1477	50 212 20 88
1478	235 226 58 146
1479	108 88 96 2
1480	78 201 164 237
1481	100 217 40 31
1482	250 30 50 212
1483	82 164 196 42
1484	97 77 162 121
1485	237 242 100 183
1486	176 115 193 142
1487	199 134 83 53
1488	134 189 214 168
1489	3 103 209 65
1490	126 72 77 162
1491	83 106 205 244
1492	18 146 194 220
1493	85 123 216 78
1494	95 118 151 158
1495	58 186 76 65
1496	98 241 70 184
1497	189 77 101 51
1498	217 102 180 8
1499	153 138 50 161
1500	92 10 212 91
1501	99 121 111 220
1502	17 202 232 178
1503	228 224 128 125
1504	32 82 155 18
1505	245 5 212 150
1506	71 131 106 247
1507	207 59 175 110
1508	138 152 134 36
1509	180 175 118 197
1510	58 223 189 106
1511	226 135 235 177
1512	232 228 17 213
1513	170 193 15 147
1514	217 95 28 90
1515	52 194 189 39
1516	156 136 111 231
1517	178 208 104 13
1518	91 124 238 178
1519	206 242 59 216
1520	178 59 78 11
1521	57 18 199 245
1522	184 67 138 154
1523	21 9 92 139
1524	215 201 54 36
1525	119 104 154 198
1526	34 188 136 215
1527	200 24 49 85
1528	10 237 103 125
1529	14 30 200 12
1530	215 85 112 65
1531	226 227 199 115
1532	179 21 204 1
1533	218 221 116 109
1534	136 224 199 100
1535	54 163 82 10
1536	166 77 30 4
1537	183 155 169 82
1538	32 225 90 89
1539	83 76 153 13
1540	150 228 113 181
1541	70 71 138 133
1542	57 139 97 193
1543	34 3 245 40
1544	9 4 230 2
1545	136 231 9 40
1546	40 25 170 227
1547	58 144 220 6
1548	92 158 142 127
1549	38 69 221 157
1550	198 93 146 85
1551	13 179 208 44
1552	1 28 162 58
1553	64 186 129 92
1554	242 47 5 176
1555	84 213 5 147
1556	216 221 25 97
1557	16 96 173 6
1558	74 217 239 26
1559	241 206 215 205
1560	68 77 210 189
1561	145 242 69 181
1562	6 199 19 152
1563	134 8 240 88
1564	144 148 57 140
1565	82 250 148 175
1566	180 227 32 139
1567	199 130 211 156
1568	247 62 105 176
1569	66 193 21 203
1570	14 184 130 149
1571	40 134 168 16
1572	232 126 119 228
1573	84 149 177 246
1574	47 4 40 176
1575	237 68 107 164
1576	154 23 50 178
1577	87 138 155 143
1578	116 236 163 145
1579	33 198 85 189
1580	171 92 6 51
1581	24 103 5 36
1582	132 143 60 44
1583	166 95 101 57
1584	5 164 117 19
1585	242 130 54 78
1586	239 1 56 78
1587	172 197 87 43
1588	39 58 244 91
1589	103 213 83 109
1590	20 69 178 138
1591	57 34 110 176
1592	224 114 27 206
1593	11 127 36 113
1594	155 44 214 207
1595	34 110 220 156
1596	247 212 109 245
1597	54 81 7 36
1598	53 90 9 131
1599	101 7 190 238
1600	12 40 169 54
1601	96 117 244 127
1602	7 115 149 235
1603	32 72 196 159
1604	12 193 109 142
1605	10 39 37 15
1606	32 21 94 173
1607	137 65 222 6
1608	229 13 45 178
1609	51 129 199 187
1610	41 31 74 2
1611	7 15 3 228
1612	143 171 61 205
1613	68 82 102 1
1614	48 86 59 212
1615	25 136 160 144
1616	18 2 38 21
1617	197 195 101 218
1618	125 12 119 159
1619	99 152 183 116
1620	173 123 12 109
1621	142 230 4 84
1622	8 119 157 49
1623	110 111 204 124
1624	205 91 215 58
1625	46 144 217 250
1626	172 219 158 80
1627	210 151 57 15
1628	117 53 199 244
1629	104 30 41 173
1630	76 191 213 59
1631	60 111 102 67
1632	50 21 133 79
1633	148 29 34 49
1634	25 16 53 55
1635	141 28 126 205
1636	193 215 154 182
1637	223 67 166 168
1638	102 240 159 5
1639	58 141 196 28
1640	4 232 5 144
1641	250 53 51 108
1642	230 187 46 204
1643	99 91 164 126
1644	203 126 128 180
1645	6 101 50 215
1646	242 154 207 100
1647	44 77 205 36
1648	12 90 99 103
1649	134 14 243 197
1650	141 91 227 240
1651	61 53 122 146
1652	152 151 38 84
1653	208 80 26 222
1654	235 20 153 200
1655	68 15 245 184
1656	37 64 75 83
1657	112 72 69 3
1658	26 63 164 182
1659	115 214 85 111
1660	21 247 19 93
1661	59 90 105 208
1662	62 139 187 106
1663	165 50 12 204
1664	154 243 80 228
1665	220 3 205 197
1666	131 237 37 90
1667	222 9 122 88
1668	157 77 154 29
1669	121 229 225 202
1670	204 166 135 167
1671	154 99 184 191
1672	40 49 78 84
1673	200 119 112 225
1674	189 150 247 223
1675	163 221 121 59
1676	199 243 109 110
1677	237 65 71 29
1678	87 197 15 218
1679	118 230 69 54
1680	112 64 162 223
1681	184 229 162 123
1682	214 228 116 68
1683	87 12 97 6
1684	87 220 163 161
1685	224 116 188 240
1686	230 15 178 114
1687	157 200 8 207
1688	69 87 213 65
1689	219 43 82 85
1690	245 52 174 178
1691	247 217 179 199
1692	81 250 17 203
1693	4 77 28 226
1694	121 25 35 26
1695	136 163 233 116
1696	176 29 155 127
1697	50 131 139 31
1698	126 130 92 89
1699	32 103 127 154
1700	101 157 30 17
1701	82 168 58 150
1702	174 29 215 145
1703	33 140 70 65
1704	181 51 190 72
1705	58 66 191 63
1706	186 69 114 204
1707	170 217 246 115
1708	246 208 236 86
1709	215 231 41 77
1710	170 188 61 147
1711	28 151 101 21
1712	228 53 136 188
1713	205 129 239 169
1714	207 244 129 5
1715	234 209 77 205
1716	135 138 33 16
1717	167 199 127 33
1718	69 60 54 203
1719	126 158 226 149
1720	146 241 165 121
1721	197 87 63 49
1722	120 1 221 61
1723	232 235 117 181
1724	224 154 74 162
1725	58 123 60 78
1726	138 95 122 226
1727	216 40 131 7
1728	230 104 49 212
1729	193 249 24 54
1730	75 28 85 232
1731	73 22 205 184
1732	28 62 220 177
1733	190 70 78 109
1734	74 154 118 139
1735	134 53 63 12
1736	57 63 4 159
1737	216 230 119 109
1738	120 169 42 216
1739	108 189 119 104
1740	177 128 246 175
1741	201 250 128 228
1742	44 94 122 147
1743	146 25 232 196
1744	141 200 239 177
1745	235 41 181 240
1746	119 143 47 61
1747	241 225 100 157
1748	72 228 159 178
1749	132 248 155 244
1750	41 118 218 250
1751	99 150 217 198
1752	165 61 2 175
1753	216 88 160 118
1754	166 47 63 14
1755	168 40 59 93
1756	132 129 179 39
1757	161 198 58 54
1758	183 60 215 120
1759	89 44 46 69
1760	223 236 235 178
1761	57 52 242 90
1762	203 105 153 184
1763	117 180 70 38
1764	213 38 218 45
1765	177 76 154 112
1766	77 124 7 90
1767	171 144 6 192
1768	69 165 41 139
1769	212 138 84 122
1770	42 168 16 131
1771	173 184 144 30
1772	68 194 237 222
1773	106 185 103 123
1774	143 189 201 119
1775	212 62 47 202
1776	197 42 77 17
1777	117 66 63 26
1778	144 113 120 1
1779	74 219 174 110
1780	226 124 79 224
1781	104 189 131 79
1782	7 69 151 127
1783	31 27 156 37
1784	173 206 244 7
1785	60 183 152 85
1786	31 237 34 80
1787	91 116 154 109
1788	169 189 177 168
1789	248 79 212 19
1790	93 80 250 62
1791	182 46 93 239
1792	63 122 58 20
1793	101 64 49 221
1794	220 39 94 158
1795	132 177 67 243
1796	168 44 241 57
1797	101 191 59 124
1798	49 72 129 74
1799	26 142 83 129
1800	89 101 70 67
1801	185 233 188 67
1802	39 15 31 50
1803	179 134 58 151
1804	176 141 68 149
1805	22 166 59 46
1806	111 11 115 178
1807	197 60 122 233
1808	157 118 214 61
1809	130 9 66 203
1810	84 180 179 199
1811	129 16 243 130
1812	142 86 163 101
1813	200 23 68 50
1814	27 95 104 58
1815	248 87 95 106
1816	210 83 132 193
1817	96 232 37 18
1818	142 71 135 97
1819	193 238 53 128
1820	17 181 86 237
1821	136 243 72 21
1822	145 172 83 163
1823	160 39 17 102
1824	134 228 121 181
1825	83 197 201 15
1826	41 153 124 175
1827	237 15 67 218
1828	20 138 189 212
1829	214 123 32 222
1830	54 176 76 6
1831	69 178 159 126
1832	53 11 166 121
1833	184 154 61 21
1834	225 228 48 3
1835	5 155 214 230
1836	213 7 132 226
1837	161 209 109 65
1838	120 220 214 128
1839	137 21 68 158
1840	78 103 231 246
1841	223 92 69 195
1842	61 237 56 54
1843	45 40 177 12
1844	168 67 69 28
1845	241 246 52 18
1846	95 69 180 119
1847	148 61 32 92
1848	217 27 194 45
1849	56 188 27 128
1850	179 203 173 119
1851	104 148 64 50
1852	33 130 5 174
1853	42 240 126 222
1854	143 15 226 217
1855	22 80 110 47
1856	164 34 1 67
1857	236 222 125 192
1858	59 219 126 55
1859	61 158 97 6
1860	137 90 88 244
1861	7 64 131 89
1862	198 193 213 247
1863	58 84 143 149
1864	130 111 248 86
1865	65 161 103 158
1866	68 112 14 191
1867	130 241 102 36
1868	209 177 142 243
1869	160 37 127 214
1870	96 125 60 20
1871	18 234 128 173
1872	110 17 83 10
1873	148 17 186 188
1874	82 148 187 3
1875	238 170 165 28
1876	90 44 82 50
1877	145 102 230 233
1878	93 121 221 73
1879	194 158 62 155
1880	189 198 27 158
1881	77 116 153 91
1882	67 170 222 196
1883	181 116 85 128
1884	55 66 54 213
1885	213 110 3 162
1886	174 59 113 66
1887	14 158 114 42
1888	230 124 34 122
1889	149 164 211 245
1890	23 112 50 194
1891	2 240 178 128
1892	156 26 93 18
1893	79 58 232 184
1894	209 7 54 187
1895	177 25 244 219
1896	145 5 215 48
1897	127 235 74 212
1898	160 47 173 56
1899	59 6 204 11
1900	189 196 76 119
1901	121 18 178 153
1902	72 126 16 167
1903	176 220 217 118
1904	27 30 232 193
1905	124 217 169 145
1906	43 161 29 109
1907	179 85 58 246
1908	55 3 155 30
1909	20 176 39 38
1910	123 197 158 129
1911	13 21 202 3
1912	2 99 72 166
1913	169 165 239 215
1914	216 116 107 58
1915	217 136 105 250
1916	57 221 87 235
1917	246 12 174 153
1918	70 206 226 14
1919	222 60 3 205
1920	240 38 173 63
1921	181 225 204 81
1922	175 157 126 188
1923	108 66 76 85
1924	94 229 141 250
1925	170 171 14 185
1926	162 120 182 112
1927	68 191 155 119
1928	103 152 34 50
1929	52 147 92 95
1930	166 9 129 111
1931	162 125 207 91
1932	45 34 194 140
1933	153 41 44 228
1934	116 62 54 187
1935	233 206 140 130
1936	55 106 69 210
1937	16 72 108 89
1938	26 228 108 181
1939	184 159 49 12
1940	236 149 128 98
1941	230 145 235 155
1942	4 115 80 138
1943	42 68 92 216
1944	226 84 16 175
1945	204 206 117 198
1946	162 27 188 26
1947	168 62 233 115
1948	230 162 222 5
1949	244 43 193 32
1950	132 29 157 15
1951	87 219 233 187
1952	116 241 60 57
1953	238 49 37 41
1954	106 118 219 202
1955	22 129 5 249
1956	83 232 98 153
1957	9 110 30 164
1958	225 80 237 95
1959	221 57 110 7
1960	210 142 158 83
1961	186 227 43 73
1962	69 75 52 194
1963	233 105 42 32
1964	164 62 90 133
1965	147 29 191 1
1966	189 115 110 62
1967	213 100 242 133
1968	132 159 219 60
1969	208 108 37 248
1970	242 28 213 74
1971	131 37 98 219
1972	203 31 186 249
1973	97 61 179 5
1974	129 74 32 121
1975	100 17 47 62
1976	238 128 233 91
1977	82 197 203 165
1978	60 162 65 59
1979	100 167 163 159
1980	76 227 39 181
1981	182 171 91 115
1982	60 232 75 74
1983	170 73 202 218
1984	227 39 21 8
1985	192 132 168 73
1986	234 111 64 129
1987	221 108 146 119
1988	49 55 84 107
1989	85 13 57 74
1990	161 28 188 17
1991	179 59 57 230
1992	172 93 115 219
1993	145 186 119 50
1994	124 250 47 91
1995	216 53 178 22
1996	23 80 53 19
1997	229 192 237 168
1998	105 121 43 174
1999	69 223 225 123
2000	2 136 83 159
