Students	2000
1	102 74 222 80
2	239 180 62 142
3	238 67 42 102
4	131 141 162 198
5	233 55 134 47
6	78 205 208 114
7	93 29 1 51
8	102 212 52 114
9	61 26 85 208
10	45 146 29 219
11	199 210 81 145
12	223 208 194 165
13	153 44 37 42
14	56 244 177 21
15	185 208 209 235
16	205 49 73 140
17	77 11 234 30
18	216 39 141 202
19	205 7 188 224
20	82 211 58 233
21	100 30 15 72
22	27 175 94 3
23	176 140 55 245
24	206 115 141 105
25	226 121 219 90
26	53 37 158 94
27	202 55 163 111
28	72 74 221 24
29	115 240 29 201
30	171 62 202 242
31	179 206 139 155
32	63 125 6 188
33	27 153 19 76
34	219 11 139 198
35	34 202 203 25
36	181 14 33 136
37	79 229 13 236
38	119 171 192 134
39	224 210 135 223
40	4 86 120 9
41	201 241 41 243
42	234 147 167 60
43	136 68 197 28
44	157 166 64 232
45	240 80 20 83
46	60 223 128 179
47	141 202 169 216
48	193 38 21 9
49	212 69 50 143
50	83 153 7 71
51	168 194 102 40
52	232 14 75 34
53	167 204 68 184
54	223 169 81 232
55	31 204 189 20
56	115 117 228 110
57	136 197 144 109
58	235 192 201 112
59	48 250 56 242
60	102 152 208 221
61	72 226 239 194
62	175 88 167 25
63	219 132 173 245
64	130 58 57 236
65	248 230 148 133
66	49 41 72 211
67	61 37 134 49
68	64 152 178 198
69	58 196 39 26
70	33 238 245 12
71	41 184 122 140
72	67 68 85 188
73	120 199 121 52
74	61 82 16 24
75	151 86 219 167
76	228 207 175 143
77	207 29 213 156
78	31 54 38 222
79	178 33 13 230
80	96 120 176 158
81	202 96 66 176
82	149 165 210 73
83	31 36 231 196
84	47 35 194 79
85	96 92 79 93
86	9 3 50 17
87	64 221 217 23
88	249 61 143 21
89	122 209 129 190
90	88 182 194 202
91	114 20 123 154
92	45 167 123 18
93	155 19 47 219
94	104 76 4 233
95	72 37 6 103
96	116 87 140 49
97	105 197 81 198
98	45 19 70 188
99	95 57 67 161
100	144 132 107 30
101	56 63 239 77
102	201 224 225 41
103	136 205 95 207
104	199 172 159 130
105	245 2 244 32
106	127 244 222 128
107	33 81 243 191
108	200 163 78 136
109	26 111 110 230
110	243 85 150 206
111	29 66 157 46
112	85 250 104 15
113	1 205 208 120
114	170 147 245 78
115	224 69 225 138
116	58 69 131 208
117	243 175 88 47
118	155 147 234 151
119	106 71 37 32
120	122 85 115 130
121	1 219 143 34
122	153 58 214 211
123	238 22 219 41
124	62 189 226 185
125	208 231 54 237
126	4 117 201 238
127	230 178 223 174
128	169 1 70 142
129	222 152 14 81
130	15 107 153 113
131	174 168 238 92
132	149 137 129 49
133	182 188 128 180
134	183 248 181 61
135	126 233 152 99
136	236 139 117 140
137	121 108 141 221
138	209 113 146 63
139	191 23 135 225
140	77 124 184 143
141	197 147 88 34
142	177 55 110 45
143	124 131 197 37
144	68 56 237 187
145	202 109 248 129
146	96 178 167 205
147	131 120 159 117
148	97 81 201 91
149	109 80 130 55
150	42 227 35 149
151	157 88 32 217
152	227 189 91 104
153	175 195 6 236
154	226 47 42 90
155	221 160 105 149
156	180 32 105 1
157	233 15 81 17
158	103 11 145 205
159	75 109 50 250
160	36 242 244 92
161	81 203 193 226
162	105 68 39 128
163	144 206 149 249
164	14 213 69 68
165	133 75 89 223
166	101 58 16 111
167	201 33 195 133
168	119 90 241 196
169	150 192 128 160
170	157 107 227 193
171	191 84 67 137
172	210 112 236 20
173	97 243 150 190
174	181 29 130 26
175	202 37 119 183
176	8 106 39 237
177	220 188 161 164
178	4 3 38 213
179	132 123 243 111
180	78 35 24 119
181	124 72 232 209
182	153 236 44 200
183	213 219 138 172
184	196 43 82 2
185	245 154 188 90
186	97 246 51 7
187	41 218 144 137
188	181 91 80 113
189	127 16 122 219
190	81 57 1 59
191	41 202 49 53
192	83 134 231 36
193	230 227 104 29
194	53 88 211 154
195	228 167 106 110
196	167 248 141 52
197	164 103 70 45
198	50 169 223 176
199	194 241 248 72
200	60 51 190 69
201	203 187 77 85
202	207 125 167 150
203	190 213 177 210
204	81 189 127 53
205	37 20 82 113
206	208 3 93 80
207	161 131 206 168
208	113 226 120 11
209	142 180 247 59
210	211 227 101 36
211	202 174 186 32
212	20 94 218 126
213	28 170 135 34
214	19 9 20 245
215	237 42 132 187
216	153 56 9 189
217	166 95 202 173
218	62 135 188 246
219	232 224 14 102
220	42 225 49 80
221	238 98 65 171
222	107 48 199 1
223	140 238 207 6
224	223 221 228 47
225	125 97 99 102
226	126 240 54 137
227	14 87 183 225
228	156 124 12 171
229	157 198 187 227
230	96 8 204 95
231	86 153 66 9
232	59 181 110 147
233	176 167 75 10
234	68 188 37 231
235	155 143 10 250
236	239 60 135 121
237	36 241 21 147
238	135 64 192 23
239	191 189 152 48
240	127 224 168 113
241	239 21 61 232
242	17 193 110 49
243	123 75 202 136
244	224 90 175 132
245	196 93 226 224
246	7 202 86 19
247	95 106 79 13
248	14 190 78 127
249	186 30 127 214
250	136 188 112 157
251	31 168 9 172
252	220 102 26 25
253	136 249 143 35
254	173 146 130 72
255	173 149 115 125
256	44 1 57 111
257	155 32 241 91
258	183 180 146 59
259	53 149 68 10
260	163 230 88 127
261	81 61 44 68
262	146 51 165 91
263	196 6 167 96
264	248 110 6 225
265	102 133 50 29
266	221 188 31 52
267	123 195 66 100
268	135 6 220 25
269	73 37 234 182
270	55 94 26 112
271	95 9 142 8
272	65 9 43 39
273	224 147 78 202
274	74 144 165 171
275	32 211 80 180
276	223 120 140 74
277	4 72 119 14
278	36 85 171 139
279	174 165 60 64
280	138 160 55 25
281	126 43 199 39
282	175 116 201 103
283	49 34 240 179
284	39 183 153 21
285	196 11 121 209
286	64 220 172 30
287	170 174 44 55
288	97 231 139 225
289	102 13 23 97
290	172 4 135 186
291	189 170 78 169
292	38 90 92 126
293	173 141 61 108
294	109 184 28 14
295	42 58 194 182
296	3 66 235 167
297	55 61 208 161
298	54 195 137 13
299	182 189 227 245
300	129 76 164 222
301	8 138 250 236
302	201 36 74 190
303	163 21 176 110
304	82 126 120 195
305	178 45 5 188
306	93 154 100 67
307	128 80 104 22
308	206 236 163 152
309	174 127 82 32
310	221 50 16 47
311	6 177 97 27
312	45 250 140 64
313	115 35 217 128
314	88 190 182 103
315	151 85 52 2
316	54 6 19 96
317	40 174 244 224
318	14 219 110 205
319	22 85 104 202
320	120 17 158 160
321	166 183 100 71
322	167 166 62 197
323	113 218 198 65
324	62 129 109 3
325	118 52 51 116
326	146 125 159 167
327	150 112 151 64
328	64 179 113 126
329	47 23 127 102
330	219 218 76 142
331	126 87 91 225
332	86 236 23 174
333	110 28 53 232
334	165 217 192 24
335	50 52 236 223
336	73 81 171 227
337	116 177 70 77
338	211 248 143 237
339	138 250 35 58
340	133 131 48 243
341	187 181 40 19
342	124 69 38 112
343	178 1 246 87
344	137 91 191 220
345	106 86 96 40
346	79 234 146 107
347	166 131 102 46
348	28 157 17 203
349	83 81 130 6
350	247 7 186 21
351	90 96 30 213
352	179 181 122 73
353	236 150 241 79
354	202 171 168 68
355	126 177 213 196
356	10 162 116 134
357	175 53 25 124
358	210 44 50 95
359	18 86 7 138
360	13 212 193 82
361	156 163 238 224
362	244 195 114 232
363	26 178 171 185
364	142 86 129 127
365	28 7 138 45
366	186 221 9 125
367	112 219 151 88
368	176 151 15 69
369	105 14 124 175
370	217 127 59 44
371	119 75 210 54
372	107 231 172 100
373	24 222 127 107
374	217 228 231 216
375	12 64 136 45
376	189 19 86 226
377	75 93 66 222
378	238 58 202 21
379	119 65 53 247
380	246 216 206 207
381	172 91 185 216
382	179 187 170 196
383	145 84 20 73
384	135 179 16 67
385	241 119 223 212
386	91 104 140 230
387	20 52 148 84
388	68 185 162 18
389	123 7 178 110
390	87 211 208 237
391	224 184 35 61
392	79 218 173 227
393	177 33 249 69
394	199 214 201 114
395	22 45 127 239
396	215 5 173 150
397	35 26 99 6
398	54 55 123 132
399	42 181 61 109
400	80 249 232 68
401	176 139 23 7
402	73 188 112 142
403	91 59 87 131
404	234 249 78 160
405	219 100 139 195
406	162 108 116 50
407	62 163 46 161
408	6 60 15 199
409	234 225 159 166
410	213 137 184 142
411	137 107 33 57
412	194 245 20 23
413	116 217 147 112
414	7 142 50 205
415	45 60 220 221
416	160 227 71 104
417	73 160 193 139
418	222 230 120 141
419	184 239 210 233
420	49 24 13 70
421	90 161 125 153
422	76 224 18 132
423	228 100 12 55
424	60 92 114 246
425	82 56 66 109
426	165 226 21 41
427	103 94 168 177
428	7 161 53 164
429	62 68 24 7
430	132 203 39 52
431	45 152 111 70
432	203 248 110 111
433	156 117 1 54
434	98 51 53 145
435	5 140 171 174
436	11 91 186 47
437	172 57 193 237
438	132 170 68 4
439	247 80 185 201
440	236 78 68 71
441	194 159 145 122
442	46 155 119 88
443	20 250 240 79
444	59 49 156 150
445	7 241 46 229
446	175 246 236 102
447	12 76 150 187
448	77 143 216 166
449	227 143 166 183
450	69 20 200 129
451	68 54 97 19
452	208 2 119 42
453	62 244 122 99
454	94 179 47 147
455	83 117 106 81
456	79 170 164 72
457	87 187 171 55
458	195 68 192 161
459	33 98 120 66
460	103 220 194 149
461	63 35 103 109
462	4 100 9 31
463	209 138 67 152
464	98 245 28 110
465	241 171 107 89
466	228 245 23 81
467	204 164 32 114
468	250 119 42 62
469	242 98 180 61
470	205 175 14 163
471	239 128 150 160
472	249 13 163 81
473	141 146 164 49
474	121 18 85 200
475	242 105 86 125
476	67 243 203 161
477	93 49 76 15
478	249 185 208 191
479	119 97 5 36
480	30 241 76 24
481	173 135 154 37
482	187 188 73 182
483	183 192 242 161
484	222 235 244 214
485	225 201 95 204
486	116 242 115 46
487	53 46 204 193
488	4 92 64 221
489	26 169 72 29
490	183 204 173 212
491	129 214 76 59
492	42 20 10 183
493	175 238 111 21
494	157 247 32 56
495	66 175 245 114
496	29 197 59 147
497	8 51 110 89
498	215 182 217 228
499	196 148 101 97
500	178 97 242 40
501	143 34 165 243
502	184 162 176 181
503	15 65 9 236
504	234 6 231 83
505	195 124 188 161
506	26 198 249 68
507	101 199 65 96
508	137 167 113 58
509	28 140 62 1
510	152 136 185 63
511	107 197 156 115
512	140 153 19 81
513	71 153 31 136
514	97 246 164 112
515	146 52 8 208
516	58 236 103 12
517	238 135 192 22
518	237 27 250 117
519	196 51 106 74
520	111 241 75 114
521	58 34 211 199
522	215 223 44 114
523	87 186 192 36
524	54 221 75 98
525	80 193 139 107
526	242 219 7 243
527	206 239 50 14
528	86 39 174 2
529	222 71 171 110
530	236 231 166 22
531	180 210 206 243
532	205 236 230 173
533	54 118 186 210
534	168 19 148 56
535	39 211 138 105
536	135 245 42 240
537	184 61 40 215
538	125 103 196 36
539	212 83 174 141
540	51 72 134 189
541	168 223 76 194
542	188 34 109 138
543	150 226 222 137
544	76 164 34 8
545	21 131 134 152
546	10 213 115 239
547	37 226 79 133
548	151 141 61 208
549	79 151 106 174
550	208 95 226 150
551	128 209 129 34
552	191 130 212 92
553	11 238 134 112
554	29 174 179 156
555	27 132 68 40
556	16 11 25 212
557	101 156 87 223
558	46 198 150 201
559	80 61 82 213
560	76 183 128 11
561	230 138 67 176
562	202 152 213 121
563	72 14 234 7
564	94 20 245 198
565	56 218 194 217
566	86 74 93 141
567	25 51 124 206
568	28 25 231 245
569	190 65 49 64
570	138 107 84 156
571	160 74 201 238
572	87 213 36 175
573	240 196 148 145
574	48 1 42 161
575	190 125 153 160
576	87 102 40 153
577	157 6 193 173
578	158 71 198 196
579	156 26 145 173
580	250 234 38 175
581	118 128 115 22
582	14 212 83 64
583	63 37 202 88
584	116 206 198 238
585	11 186 22 250
586	98 176 62 172
587	232 119 219 31
588	39 132 168 64
589	184 28 78 39
590	202 93 92 156
591	91 3 29 210
592	38 112 30 151
593	52 235 197 8
594	59 49 125 89
595	56 193 173 65
596	178 240 243 47
597	68 240 249 168
598	183 152 88 68
599	60 59 68 23
600	46 224 62 133
601	183 34 55 188
602	250 137 39 81
603	66 173 215 202
604	167 86 129 127
605	94 227 115 241
606	10 151 231 70
607	71 179 203 211
608	229 89 80 200
609	166 178 125 114
610	242 133 79 3
611	160 202 51 153
612	18 109 34 123
613	189 179 67 2
614	231 152 136 223
615	30 57 154 85
616	112 161 219 42
617	3 134 118 183
618	21 19 132 110
619	154 123 62 108
620	142 70 103 39
621	72 151 200 215
622	9 138 60 219
623	17 169 120 161
624	201 243 35 222
625	162 130 117 150
626	41 66 178 147
627	40 228 125 42
628	183 22 139 128
629	112 216 108 58
630	225 48 70 178
631	102 189 3 213
632	197 178 40 27
633	41 76 223 222
634	243 123 250 102
635	142 72 49 56
636	236 161 39 42
637	110 9 208 186
638	239 194 91 130
639	140 45 101 17
640	82 45 198 55
641	53 199 194 127
642	208 27 178 166
643	79 21 67 162
644	30 151 66 170
645	244 9 5 115
646	79 203 3 244
647	59 1 57 224
648	41 157 138 92
649	102 250 240 105
650	39 105 206 7
651	43 152 151 26
652	250 68 158 70
653	250 196 85 98
654	177 101 181 171
655	32 144 195 246
656	98 223 215 125
657	109 150 121 193
658	110 120 106 216
659	22 116 27 129
660	75 143 104 194
661	213 221 93 41
662	158 94 130 160
663	164 128 22 78
664	69 28 137 195
665	191 165 163 56
666	47 163 66 90
667	103 20 12 193
668	209 221 172 219
669	149 204 215 217
670	128 79 116 24
671	25 239 45 29
672	24 32 48 150
673	188 70 14 130
674	58 157 197 140
675	17 96 126 21
676	151 114 143 76
677	32 38 189 5
678	189 100 250 188
679	188 20 228 106
680	118 184 63 181
681	136 118 37 84
682	221 109 181 8
683	226 80 149 107
684	228 138 27 211
685	83 122 71 173
686	215 91 202 221
687	46 33 145 128
688	32 141 234 88
689	33 164 152 78
690	192 87 79 210
691	207 5 247 179
692	233 11 97 82
693	142 150 236 67
694	21 201 179 206
695	203 107 239 113
696	10 176 163 247
697	9 205 111 81
698	174 120 87 52
699	234 194 90 166
700	180 132 63 157
701	35 234 232 64
702	71 239 47 154
703	9 212 114 3
704	246 140 142 55
705	78 100 171 49
706	88 7 239 83
707	169 147 181 158
708	210 166 111 132
709	152 144 222 44
710	37 61 51 196
711	99 119 76 56
712	212 188 172 211
713	38 248 179 184
714	57 102 93 141
715	66 86 180 166
716	207 113 179 10
717	174 58 202 30
718	227 144 21 59
719	246 153 118 178
720	159 20 69 46
721	120 163 82 92
722	97 5 42 125
723	26 31 37 162
724	227 104 90 97
725	69 146 154 199
726	214 235 69 7
727	44 91 42 141
728	79 188 39 149
729	112 71 162 249
730	48 229 140 87
731	95 223 247 221
732	28 43 224 100
733	75 74 179 144
734	75 15 2 201
735	65 194 124 51
736	38 3 154 122
737	109 3 150 23
738	172 143 240 123
739	130 44 194 110
740	222 195 8 166
741	76 13 129 186
742	210 169 45 158
743	31 54 154 153
744	32 26 250 126
745	54 76 80 219
746	88 18 21 24
747	41 197 91 203
748	150 155 38 8
749	124 221 185 95
750	248 118 216 35
751	55 239 3 37
752	148 192 197 5
753	134 70 156 110
754	19 197 155 121
755	44 11 171 186
756	55 230 28 196
757	236 103 116 82
758	205 20 207 88
759	184 158 207 8
760	27 101 70 147
761	7 126 177 34
762	148 86 166 18
763	20 13 203 242
764	124 47 245 248
765	83 206 150 161
766	53 164 12 90
767	107 10 197 232
768	23 106 114 207
769	235 201 141 186
770	180 101 111 109
771	168 223 77 41
772	19 40 140 196
773	25 93 22 65
774	120 190 85 169
775	201 67 53 175
776	66 128 69 43
777	131 155 225 2
778	187 216 192 170
779	132 106 174 159
780	45 105 129 63
781	245 62 30 73
782	35 147 95 54
783	107 228 96 115
784	145 133 178 36
785	200 28 76 74
786	39 68 217 219
787	169 92 147 176
788	67 93 244 240
789	37 217 235 11
790	182 33 163 13
791	46 92 23 37
792	28 212 105 239
793	80 166 44 143
794	144 18 29 233
795	96 160 69 182
796	102 199 86 112
797	47 102 2 157
798	170 104 21 94
799	156 81 114 185
800	129 229 99 16
801	148 127 201 28
802	147 247 185 122
803	99 140 219 113
804	47 158 186 237
805	156 95 82 94
806	91 226 118 108
807	63 217 50 129
808	154 58 133 111
809	145 18 77 179
810	236 195 228 185
811	93 200 12 181
812	88 119 111 79
813	1 142 196 117
814	191 76 144 86
815	49 81 247 11
816	3 90 243 64
817	54 155 55 219
818	116 160 188 47
819	182 94 127 184
820	187 175 11 216
821	93 223 209 24
822	245 242 201 207
823	65 30 231 129
824	182 52 21 4
825	88 71 204 183
826	163 247 130 144
827	162 228 180 87
828	97 21 80 192
829	152 215 50 18
830	198 210 245 247
831	21 140 227 176
832	26 9 180 222
833	89 197 35 52
834	226 122 241 185
835	101 95 224 142
836	22 199 52 65
837	213 1 116 62
838	16 176 55 98
839	67 222 84 137
840	172 117 16 151
841	149 106 202 71
842	48 43 6 143
843	176 32 216 100
844	83 161 90 175
845	236 171 218 57
846	112 222 123 228
847	233 180 26 55
848	229 203 158 206
849	150 74 22 99
850	176 97 235 63
851	158 176 230 61
852	124 177 140 89
853	139 246 131 30
854	130 94 30 209
855	10 234 49 137
856	67 206 133 194
857	200 130 186 62
858	39 40 233 51
859	178 77 64 191
860	235 106 3 86
861	199 187 10 160
862	20 74 157 226
863	189 178 44 1
864	104 198 13 147
865	95 56 136 83
866	165 42 236 9
867	197 86 71 214
868	202 221 158 56
869	164 210 5 185
870	79 123 18 9
871	184 179 96 189
872	21 89 110 114
873	192 164 222 172
874	134 86 36 72
875	152 38 73 232
876	224 7 187 208
877	176 92 81 59
878	128 112 12 80
879	109 223 187 152
880	128 61 120 17
881	137 23 121 122
882	92 188 190 172
883	250 26 196 94
884	228 184 163 134
885	206 132 36 245
886	56 139 141 199
887	14 107 13 182
888	98 224 186 79
889	224 145 97 70
890	123 178 180 56
891	33 208 198 58
892	74 152 173 3
893	126 244 21 210
894	57 176 144 98
895	53 227 90 222
896	171 9 146 190
897	231 142 69 87
898	111 134 35 138
899	189 228 138 141
900	26 248 66 12
901	85 62 194 4
902	152 200 143 119
903	228 36 26 153
904	177 200 83 95
905	99 190 132 155
906	214 95 42 82
907	240 122 29 9
908	113 195 87 211
909	20 186 140 47
910	139 148 192 143
911	52 49 80 202
912	18 196 53 24
913	74 211 150 169
914	70 183 165 233
915	238 69 91 55
916	12 98 240 93
917	218 189 166 3
918	88 98 104 180
919	50 7 144 88
920	223 161 128 132
921	205 114 41 86
922	114 241 57 21
923	77 139 230 18
924	65 137 28 51
925	24 14 106 105
926	12 40 173 243
927	173 100 4 28
928	219 155 112 145
929	51 247 137 88
930	129 137 26 214
931	62 132 126 38
932	65 61 183 103
933	85 128 21 68
934	84 103 172 135
935	49 92 26 242
936	166 151 60 59
937	243 169 239 146
938	165 89 93 144
939	105 157 38 10
940	192 120 11 236
941	2 71 137 210
942	28 138 249 23
943	152 7 123 60
944	11 41 240 40
945	3 123 240 106
946	180 142 13 31
947	164 70 225 108
948	203 59 239 12
949	11 12 190 153
950	55 7 101 168
951	50 219 146 29
952	105 15 136 140
953	24 87 204 164
954	55 182 130 32
955	67 134 79 121
956	18 37 219 51
957	73 196 9 236
958	227 213 46 198
959	85 94 60 126
960	43 191 143 207
961	52 21 5 116
962	84 96 192 141
963	87 42 125 211
964	80 119 134 19
965	1 152 6 111
966	248 114 36 112
967	52 34 216 64
968	114 61 104 77
969	194 166 4 81
970	209 10 54 130
971	175 238 221 95
972	194 69 244 235
973	39 130 170 115
974	35 46 121 188
975	168 73 124 170
976	250 24 132 238
977	205 26 29 220
978	130 71 144 194
979	203 221 163 45
980	201 75 94 155
981	6 36 133 118
982	80 64 33 61
983	192 67 189 64
984	107 228 11 70
985	84 91 115 234
986	125 243 152 186
987	185 101 4 96
988	48 98 226 52
989	186 168 236 17
990	215 35 157 112
991	122 126 193 52
992	101 61 226 94
993	218 235 100 139
994	193 227 250 11
995	39 137 10 83
996	158 94 127 211
997	39 88 83 65
998	169 12 95 182
999	83 21 12 40
1000	16 192 41 102
1001	239 143 87 102
1002	133 194 218 81
1003	205 140 215 1
1004	143 87 150 100
1005	1 92 230 94
1006	112 107 79 105
1007	36 189 78 115
1008	192 98 64 157
1009	155 118 37 134
1010	40 168 65 93
1011	17 227 129 65
1012	93 175 155 178
1013	146 68 87 127
1014	56 219 192 81
1015	53 112 144 249
1016	153 1 191 141
1017	32 107 5 29
1018	205 140 230 61
1019	98 238 131 3
1020	107 176 32 117
1021	222 76 243 204
1022	17 200 67 246
1023	172 230 85 210
1024	108 109 12 117
1025	215 140 137 149
1026	246 162 206 182
1027	95 65 47 226
1028	239 35 160 250
1029	177 73 39 162
1030	113 195 87 97
1031	62 136 39 78
1032	147 122 250 7
1033	236 137 159 82
1034	207 11 236 199
1035	216 123 31 222
1036	16 234 196 17
1037	213 30 28 40
1038	16 149 76 193
1039	224 50 159 225
1040	110 192 180 218
1041	46 236 95 220
1042	124 194 22 104
1043	128 5 205 9
1044	200 202 142 174
1045	232 128 243 219
1046	160 228 58 33
1047	110 53 186 155
1048	18 195 135 90
1049	196 21 108 103
1050	167 183 61 88
1051	72 178 200 29
1052	157 105 74 144
1053	25 169 128 139
1054	104 16 190 220
1055	28 165 230 101
1056	179 202 232 53
1057	84 15 59 171
1058	8 243 222 86
1059	98 119 206 99
1060	238 148 151 127
1061	110 64 22 238
1062	177 135 27 49
1063	219 180 127 236
1064	104 5 195 98
1065	151 71 193 43
1066	14 237 210 57
1067	4 241 171 40
1068	12 245 31 98
1069	72 30 67 230
1070	11 141 210 139
1071	212 102 248 134
1072	100 101 147 208
1073	146 34 50 206
1074	156 32 24 126
1075	151 4 5 128
1076	247 207 68 69
1077	35 121 160 101
1078	103 90 224 230
1079	108 80 146 105
1080	173 229 247 107
1081	92 46 240 219
1082	10 121 44 194
1083	238 72 190 220
1084	14 50 172 236
1085	146 219 77 191
1086	30 133 97 29
1087	143 197 150 28
1088	105 110 46 214
1089	70 127 202 81
1090	212 102 117 172
1091	189 151 144 191
1092	31 62 194 144
1093	193 104 153 249
1094	183 25 158 220
1095	174 9 36 46
1096	96 247 188 171
1097	199 142 78 126
1098	2 125 22 181
1099	15 128 238 58
1100	120 250 221 234
1101	229 232 123 70
1102	155 174 232 25
1103	198 192 161 23
1104	80 174 82 66
1105	186 50 63 68
1106	236 192 180 117
1107	26 131 66 164
1108	163 38 155 85
1109	104 23 106 146
1110	92 156 173 42
1111	177 167 113 93
1112	18 164 244 79
1113	38 124 75 224
1114	173 1 196 27
1115	153 123 44 179
1116	104 200 216 133
1117	78 4 165 28
1118	139 227 174 89
1119	156 144 78 85
1120	1 139 51 82
1121	185 200 248 43
1122	182 217 103 108
1123	89 231 100 135
1124	211 122 93 192
1125	34 198 71 176
1126	180 215 6 172
1127	71 123 229 25
1128	17 54 169 74
1129	12 16 129 174
1130	168 105 126 82
1131	127 215 134 174
1132	183 188 190 223
1133	9 175 203 20
1134	64 96 7 218
1135	17 116 190 146
1136	101 140 194 61
1137	129 108 109 105
1138	202 142 42 49
1139	48 172 89 81
1140	87 233 203 225
1141	199 69 214 6
1142	160 225 36 93
1143	149 85 13 233
1144	12 222 126 115
1145	81 112 43 162
1146	150 89 97 249
1147	222 10 20 143
1148	104 46 16 92
1149	143 154 218 167
1150	33 217 72 101
1151	229 87 112 170
1152	172 192 203 186
1153	48 200 29 213
1154	42 43 194 39
1155	120 191 95 53
1156	207 41 52 89
1157	143 165 56 9
1158	124 58 96 5
1159	162 108 115 232
1160	79 225 209 157
1161	90 176 216 77
1162	138 23 113 171
1163	96 194 34 215
1164	132 133 75 136
1165	152 36 235 100
1166	241 52 102 235
1167	56 91 180 112
1168	20 223 248 187
1169	139 118 53 107
1170	94 159 92 23
1171	51 180 7 238
1172	207 146 18 84
1173	58 241 28 64
1174	80 150 106 194
1175	70 238 59 28
1176	99 219 68 11
1177	99 177 77 246
1178	54 85 90 130
1179	236 83 160 56
1180	103 120 69 206
1181	127 213 236 115
1182	180 66 190 169
1183	201 57 100 12
1184	225 233 196 19
1185	178 33 168 188
1186	4 192 149 142
1187	67 12 117 54
1188	100 121 145 5
1189	10 238 212 248
1190	197 73 219 242
1191	163 22 50 26
1192	204 198 29 221
1193	85 126 133 11
1194	240 113 235 80
1195	87 93 116 70
1196	24 193 126 250
1197	157 185 40 219
1198	109 82 93 54
1199	212 246 41 11
1200	44 97 234 237
1201	208 43 7 158
1202	100 61 188 26
1203	193 111 129 156
1204	212 76 214 77
1205	42 204 240 184
1206	245 148 162 66
1207	54 13 130 14
1208	110 159 112 180
1209	155 185 195 140
1210	64 152 140 109
1211	6 95 103 218
1212	129 53 64 62
1213	52 15 121 122
1214	243 15 188 182
1215	209 61 24 250
1216	240 23 13 68
1217	27 82 62 93
1218	104 82 42 166
1219	3 211 197 160
1220	28 69 36 116
1221	179 161 153 180
1222	76 80 216 112
1223	195 241 104 232
1224	221 212 213 117
1225	60 242 127 50
1226	167 38 166 215
1227	46 85 127 161
1228	5 232 211 97
1229	129 104 250 38
1230	16 157 238 94
1231	178 165 136 95
1232	217 66 108 239
1233	147 209 73 151
1234	214 210 91 173
1235	189 21 199 96
1236	76 48 1 238
1237	33 64 198 159
1238	151 20 118 194
1239	237 32 239 55
1240	1 98 145 32
1241	35 156 96 14
1242	54 128 147 37
1243	164 123 215 26
1244	217 34 105 51
1245	20 192 52 145
1246	34 220 245 74
1247	169 46 162 223
1248	209 50 59 109
1249	80 51 128 126
1250	111 71 118 103
1251	195 8 25 242
1252	18 234 207 208
1253	132 144 117 181
1254	232 172 188 204
1255	128 25 107 220
1256	194 203 126 168
1257	101 238 172 8
1258	132 43 53 243
1259	83 150 112 102
1260	141 88 62 244
1261	145 220 50 12
1262	67 211 234 128
1263	87 161 115 3
1264	150 175 246 173
1265	72 246 59 171
1266	158 96 109 244
1267	181 100 113 99
1268	154 193 214 160
1269	78 204 105 159
1270	177 120 39 111
1271	163 213 28 7
1272	97 143 24 247
1273	126 169 139 195
1274	201 69 100 143
1275	79 242 31 24
1276	181 112 136 187
1277	212 109 56 102
1278	98 112 101 153
1279	56 182 21 159
1280	167 82 74 96
1281	190 82 85 64
1282	88 106 47 32
1283	237 208 29 206
1284	116 156 88 85
1285	124 150 93 86
1286	142 85 57 164
1287	57 28 169 207
1288	4 224 10 218
1289	232 127 205 10
1290	246 93 152 231
1291	227 172 128 158
1292	228 71 191 165
1293	60 43 212 101
1294	163 62 26 153
1295	25 40 129 222
1296	62 175 13 73
1297	131 208 86 221
1298	180 40 195 234
1299	84 154 106 32
1300	191 240 51 15
1301	163 79 12 227
1302	99 70 13 137
1303	133 76 137 214
1304	4 100 11 160
1305	233 170 129 245
1306	78 147 80 117
1307	4 27 104 143
1308	149 136 142 82
1309	102 18 73 217
1310	201 150 36 248
1311	77 61 155 113
1312	70 88 161 93
1313	158 4 246 102
1314	135 190 45 54
1315	138 130 86 146
1316	121 147 243 42
1317	176 132 98 2
1318	72 115 116 164
1319	40 208 78 27
1320	171 170 186 112
1321	87 235 219 225
1322	179 18 211 94
1323	9 222 238 138
1324	70 38 157 142
1325	139 174 234 68
1326	29 116 247 220
1327	63 28 72 223
1328	116 134 212 9
1329	5 158 221 131
1330	72 184 42 73
1331	217 104 218 68
1332	90 78 134 246
1333	221 52 111 214
1334	134 182 113 46
1335	126 3 205 32
1336	80 127 132 224
1337	159 207 37 190
1338	52 169 79 127
1339	18 124 196 73
1340	70 25 45 26
1341	151 54 168 104
1342	89 225 40 12
1343	95 69 18 237
1344	39 94 51 156
1345	104 237 227 20
1346	50 230 86 19
1347	141 154 116 196
1348	140 153 227 25
1349	237 168 229 206
1350	54 92 171 27
1351	136 227 101 182
1352	91 178 68 219
1353	164 158 25 55
1354	29 140 156 217
1355	245 138 7 218
1356	167 194 132 82
1357	129 62 199 246
1358	164 112 249 101
1359	120 2 160 155
1360	2 236 84 151
1361	180 62 106 73
1362	175 65 1 135
1363	171 151 35 22
1364	142 243 129 215
1365	145 171 217 169
1366	10 156 131 235
1367	67 16 161 204
1368	54 234 57 64
1369	39 138 64 153
1370	217 13 230 120
1371	225 3 113 179
1372	117 106 170 15
1373	152 207 38 91
1374	224 193 184 87
1375	163 4 100 149
1376	15 149 197 144
1377	69 170 116 221
1378	103 111 142 132
1379	156 62 28 41
1380	212 8 75 58
1381	238 111 109 137
1382	63 187 91 244
1383	73 101 166 3
1384	189 218 65 169
1385	7 195 101 217
1386	91 8 55 230
1387	107 234 90 98
1388	134 14 64 2
1389	108 130 21 139
1390	20 102 37 13
1391	156 200 146 194
1392	137 185 221 92
1393	150 49 140 155
1394	64 14 110 120
1395	195 62 248 109
1396	226 37 56 149
1397	214 63 66 94
1398	202 136 186 24
1399	79 114 163 152
1400	115 105 170 237
1401	94 148 126 113
1402	112 162 64 93
1403	36 134 61 149
1404	126 149 42 169
1405	130 243 137 136
1406	155 76 245 181
1407	47 106 111 191
1408	72 159 198 185
1409	127 121 128 102
1410	212 210 47 249
1411	239 148 111 98
1412	180 171 239 87
1413	76 102 118 133
1414	189 106 151 108
1415	236 154 21 149
1416	7 77 220 50
1417	88 61 65 111
1418	50 230 84 115
1419	190 222 109 162
1420	177 169 123 204
1421	138 32 188 80
1422	127 1 76 158
1423	169 55 94 90
1424	4 63 102 98
1425	193 165 65 112
1426	80 40 41 5
1427	34 128 85 210
1428	85 206 141 166
1429	2 136 6 46
1430	221 115 217 166
1431	217 2 202 73
1432	247 210 85 96
1433	125 160 230 21
1434	3 78 94 219
1435	179 208 81 181
1436	46 103 73 112
1437	128 55 186 56
1438	39 151 53 114
1439	75 198 249 178
1440	84 123 189 204
1441	141 154 195 242
1442	47 206 197 42
1443	22 160 203 141
1444	221 240 238 164
1445	61 125 121 178
1446	232 39 185 248
1447	142 83 63 133
1448	64 185 108 107
1449	247 126 122 75
1450	125 169 187 9
1451	131 232 2 244
1452	184 45 226 213
1453	104 234 59 43
1454	246 14 119 22
1455	165 43 187 137
1456	80 57 203 233
1457	29 186 4 121
1458	9 101 164 53
1459	11 230 81 214
1460	209 53 60 119
1461	235 13 39 165
1462	99 59 128 226
1463	30 234 200 36
1464	223 63 233 211
1465	57 221 154 55
1466	117 165 238 157
1467	74 188 42 235
1468	109 144 149 199
1469	136 225 85 195
1470	98 52 66 200
1471	73 138 190 197
1472	248 74 183 177
1473	198 65 1 142
1474	69 249 60 142
1475	200 88 141 100
1476	224 103 159 132
1477	210 239 17 228
1478	132 19 1 228
1479	37 226 10 230
1480	3 20 89 55
1481	245 55 72 116
1482	117 52 224 221
1483	246 10 42 28
1484	205 113 183 151
1485	217 207 10 43
1486	150 97 55 21
1487	51 119 182 165
1488	213 146 202 197
1489	208 108 38 62
1490	79 211 190 170
1491	151 66 35 236
1492	203 63 66 158
1493	142 63 25 152
1494	206 98 65 129
1495	4 91 80 218
1496	234 155 146 243
1497	175 182 184 156
1498	156 79 95 30
1499	230 20 91 180
1500	94 46 117 184
1501	239 235 19 202
1502	43 194 187 183
1503	75 18 161 91
1504	177 90 81 14
1505	202 159 1 46
1506	73 171 74 200
1507	139 54 119 169
1508	41 123 228 196
1509	81 96 192 37
1510	121 104 71 15
1511	120 174 149 104
1512	171 87 41 244
1513	156 17 170 2
1514	217 130 138 81
1515	177 199 58 51
1516	248 4 189 174
1517	62 35 133 117
1518	177 67 149 216
1519	83 51 98 218
1520	231 75 107 50
1521	14 211 76 97
1522	47 77 174 173
1523	103 29 65 136
1524	150 92 90 3
1525	161 201 205 192
1526	60 250 104 44
1527	227 131 46 217
1528	6 170 75 188
1529	116 229 78 147
1530	122 40 119 73
1531	139 114 38 193
1532	69 30 2 138
1533	5 128 65 204
1534	244 91 57 117
1535	198 95 172 41
1536	133 131 220 38
1537	192 23 62 79
1538	166 13 61 70
1539	215 30 153 130
1540	146 2 228 8
1541	160 17 174 135
1542	223 13 179 104
1543	194 227 16 51
1544	154 219 80 43
1545	77 87 171 33
1546	71 75 173 196
1547	113 181 248 99
1548	241 105 74 160
1549	172 72 232 193
1550	217 89 11 101
1551	44 50 48 35
1552	155 174 169 226
1553	32 24 237 177
1554	141 220 185 79
1555	239 222 56 168
1556	213 29 220 172
1557	243 208 78 72
1558	178 135 76 149
1559	9 227 169 178
1560	48 14 4 167
1561	23 69 57 180
1562	226 29 203 23
1563	245 214 25 90
1564	87 117 91 144
1565	142 220 129 211
1566	201 205 152 230
1567	197 117 32 27
1568	186 45 119 16
1569	215 196 60 52
1570	81 46 157 103
1571	135 114 159 249
1572	116 89 17 85
1573	25 35 104 181
1574	180 182 195 240
1575	62 30 9 166
1576	51 144 84 172
1577	50 227 245 108
1578	107 87 37 149
1579	179 114 246 122
1580	66 23 134 87
1581	197 152 84 15
1582	182 164 243 72
1583	155 229 245 12
1584	181 34 231 74
1585	59 155 77 134
1586	192 152 54 35
1587	7 183 137 55
1588	100 93 226 74
1589	3 214 25 217
1590	83 1 144 186
1591	119 61 2 20
1592	10 79 144 17
1593	22 59 63 217
1594	169 74 168 28
1595	107 235 82 178
1596	210 212 198 79
1597	248 122 60 87
1598	101 166 74 42
1599	37 100 129 110
1600	89 9 36 102
1601	47 116 19 70
1602	230 121 168 196
1603	62 102 179 60
1604	50 218 87 89
1605	142 182 102 180
1606	137 107 134 147
1607	10 106 207 18
1608	203 93 71 173
1609	135 22 109 2
1610	85 20 6 239
1611	218 183 203 185
1612	81 187 129 66
1613	93 247 51 84
1614	178 37 116 31
1615	116 198 2 114
1616	88 178 235 28
1617	141 131 85 237
1618	117 111 83 240
1619	134 150 19 148
1620	232 62 96 244
1621	36 227 96 147
1622	228 34 211 234
1623	73 22 85 70
1624	201 123 105 49
1625	11 154 47 247
1626	14 232 6 41
1627	140 209 166 196
1628	212 131 171 243
1629	4 139 25 111
1630	32 63 53 180
1631	162 159 45 223
1632	85 47 92 74
1633	183 243 216 236
1634	144 71 132 48
1635	177 105 180 67
1636	78 211 244 10
1637	246 118 188 191
1638	97 40 128 141
1639	147 186 156 21
1640	215 112 148 116
1641	222 101 14 190
1642	132 74 206 160
1643	244 17 53 93
1644	241 239 87 126
1645	171 241 212 51
1646	222 55 91 245
1647	19 77 138 116
1648	199 69 10 70
1649	110 172 54 238
1650	156 97 221 178
1651	56 13 31 245
1652	200 74 184 130
1653	106 5 232 235
1654	114 214 91 167
1655	206 83 34 186
1656	173 23 202 20
1657	45 172 157 161
1658	171 135 125 153
1659	225 143 39 160
1660	66 193 105 89
1661	234 137 182 200
1662	241 25 122 134
1663	193 7 75 71
1664	230 172 169 79
1665	247 195 53 207
1666	250 180 98 99
1667	164 77 81 165
1668	104 227 226 17
1669	6 174 245 182
1670	176 67 208 204
1671	56 207 104 250
1672	85 8 232 36
1673	126 149 137 99
1674	119 158 194 135
1675	101 66 141 155
1676	52 201 50 222
1677	127 96 33 168
1678	152 73 163 173
1679	242 76 171 128
1680	55 40 46 169
1681	186 229 117 125
1682	8 71 13 46
1683	164 91 5 203
1684	30 140 91 218
1685	146 53 225 13
1686	222 51 197 190
1687	233 248 107 135
1688	164 202 185 170
1689	79 35 157 182
1690	156 236 14 127
1691	150 39 125 43
1692	142 180 185 85
1693	7 24 15 73
1694	153 46 229 232
1695	207 163 202 243
1696	32 70 211 86
1697	189 198 172 161
1698	124 240 108 188
1699	107 63 139 34
1700	167 50 105 142
1701	206 63 8 238
1702	186 187 33 49
1703	74 114 37 145
1704	6 121 137 133
1705	140 110 33 32
1706	232 151 91 111
1707	219 186 242 194
1708	42 114 64 154
1709	242 200 232 27
1710	135 110 209 13
1711	151 119 215 142
1712	127 28 35 30
1713	106 140 18 87
1714	182 208 209 95
1715	40 145 15 99
1716	118 64 65 147
1717	165 132 63 201
1718	62 128 110 138
1719	211 99 137 250
1720	189 217 190 191
1721	77 81 222 40
1722	237 215 162 129
1723	139 143 162 211
1724	1 183 24 47
1725	191 136 239 31
1726	89 102 167 112
1727	134 52 230 51
1728	192 164 84 194
1729	228 90 187 29
1730	175 213 4 241
1731	2 136 70 145
1732	163 184 64 223
1733	17 133 116 151
1734	77 74 204 25
1735	58 127 215 57
1736	88 9 204 78
1737	176 85 47 93
1738	242 210 9 1
1739	208 64 129 200
1740	182 29 2 201
1741	55 114 212 148
1742	217 142 40 49
1743	135 153 67 237
1744	80 109 235 155
1745	33 185 80 229
1746	83 177 23 1
1747	52 32 48 98
1748	231 247 108 174
1749	211 80 77 197
1750	223 60 66 25
1751	198 52 125 189
1752	160 152 105 122
1753	145 100 90 224
1754	146 202 37 29
1755	64 224 174 141
1756	117 119 127 65
1757	146 5 226 167
1758	155 234 195 199
1759	150 58 217 20
1760	156 105 90 173
1761	200 61 162 30
1762	191 227 3 36
1763	105 55 119 202
1764	33 238 219 17
1765	192 135 172 149
1766	20 201 155 123
1767	187 208 66 225
1768	116 71 59 120
1769	89 77 35 34
1770	230 132 108 7
1771	165 26 185 42
1772	159 80 187 142
1773	207 57 126 74
1774	217 36 155 129
1775	1 216 123 196
1776	153 13 14 156
1777	20 13 41 239
1778	223 121 6 118
1779	158 178 95 135
1780	127 170 111 237
1781	55 132 176 223
1782	59 214 200 220
1783	112 91 228 149
1784	191 24 168 207
1785	165 51 111 14
1786	13 172 134 148
1787	197 49 113 203
1788	239 151 31 221
1789	247 231 84 123
1790	182 18 47 40
1791	33 75 179 76
1792	9 211 183 145
1793	70 145 90 57
1794	157 101 159 173
1795	97 193 41 78
1796	179 176 32 100
1797	109 101 225 132
1798	100 38 194 138
1799	20 239 102 28
1800	45 121 113 124
1801	160 136 2 114
1802	180 239 64 24
1803	82 245 143 148
1804	142 213 25 219
1805	101 206 108 167
1806	32 23 205 75
1807	44 116 226 142
1808	147 80 145 70
1809	149 228 113 7
1810	18 29 190 26
1811	214 118 82 65
1812	249 7 128 218
1813	159 151 237 30
1814	248 123 23 130
1815	71 228 234 75
1816	175 21 143 221
1817	47 201 159 199
1818	8 204 160 43
1819	126 235 134 98
1820	222 128 18 49
1821	13 70 50 163
1822	102 110 60 147
1823	196 245 15 235
1824	117 208 142 175
1825	83 72 37 86
1826	147 229 143 66
1827	31 25 131 5
1828	108 209 118 6
1829	193 159 172 63
1830	171 192 199 111
1831	226 122 183 210
1832	139 82 163 74
1833	18 5 92 200
1834	24 124 159 95
1835	27 240 40 14
1836	25 236 56 231
1837	43 209 152 242
1838	204 9 197 48
1839	180 216 163 161
1840	138 89 14 165
1841	193 188 79 187
1842	220 24 182 64
1843	200 228 57 134
1844	100 186 83 155
1845	195 67 159 215
1846	13 69 224 131
1847	232 226 11 103
1848	250 244 20 86
1849	145 231 96 122
1850	95 157 123 247
1851	223 165 219 59
1852	225 143 242 202
1853	79 212 149 169
1854	193 136 108 119
1855	153 22 184 3
1856	130 183 58 82
1857	61 233 232 153
1858	105 2 225 99
1859	196 29 135 145
1860	26 172 49 202
1861	17 230 163 31
1862	135 225 240 51
1863	243 244 47 50
1864	197 230 84 14
1865	241 198 50 45
1866	226 28 245 3
1867	5 232 103 152
1868	113 74 20 129
1869	67 164 205 61
1870	3 32 47 136
1871	48 61 221 193
1872	11 10 87 228
1873	52 3 54 154
1874	34 108 176 218
1875	148 144 131 129
1876	219 190 188 90
1877	88 133 226 152
1878	210 177 134 168
1879	110 147 203 219
1880	5 59 97 226
1881	68 99 153 247
1882	45 82 65 22
1883	28 228 37 224
1884	74 101 78 132
1885	38 184 203 152
1886	23 29 37 122
1887	168 10 47 6
1888	83 183 13 10
1889	168 245 232 197
1890	9 189 159 151
1891	182 25 87 202
1892	97 132 136 103
1893	168 31 6 248
1894	72 100 59 211
1895	217 175 248 156
1896	6 212 102 133
1897	115 48 31 215
1898	124 87 91 178
1899	19 43 236 131
1900	187 245 112 99
1901	185 121 107 84
1902	233 161 162 193
1903	237 79 137 54
1904	189 187 55 129
1905	76 13 36 103
1906	215 160 200 120
1907	243 210 6 166
1908	35 212 4 132
1909	73 21 215 182
1910	182 37 102 46
1911	63 54 176 150
1912	211 180 144 238
1913	150 24 155 100
1914	115 104 217 232
1915	4 20 197 240
1916	221 166 235 127
1917	112 95 142 101
1918	205 246 189 58
1919	34 165 40 62
1920	92 75 196 48
1921	211 131 224 129
1922	85 248 50 78
1923	169 63 98 239
1924	59 74 64 137
1925	42 102 207 57
1926	33 120 57 195
1927	250 81 67 178
1928	37 117 45 247
1929	232 92 37 152
1930	198 112 71 172
1931	87 46 79 76
1932	221 175 36 69
1933	185 199 237 203
1934	114 115 179 125
1935	152 196 223 204
1936	115 59 3 173
1937	117 52 174 125
1938	7 88 148 235
1939	195 24 221 23
1940	168 51 128 244
1941	47 107 142 187
1942	35 145 45 103
1943	47 189 182 82
1944	54 15 88 194
1945	147 115 136 240
1946	5 74 32 22
1947	85 148 69 248
1948	52 26 105 215
1949	116 215 222 163
1950	238 240 151 29
1951	59 30 55 154
1952	75 93 38 83
1953	234 58 213 219
1954	54 32 229 78
1955	232 152 236 96
1956	85 27 100 165
1957	27 43 39 110
1958	49 150 172 200
1959	63 195 149 80
1960	117 177 15 155
1961	27 64 20 71
1962	181 93 21 81
1963	177 89 67 12
1964	194 21 6 119
1965	165 248 84 179
1966	225 9 166 47
1967	220 225 145 112
1968	217 212 51 240
1969	176 198 243 89
1970	209 145 213 5
1971	223 191 24 173
1972	7 193 176 234
1973	173 85 244 239
1974	45 191 32 205
1975	196 15 80 105
1976	201 101 99 193
1977	132 2 100 112
1978	76 116 96 2
1979	203 239 56 29
1980	42 213 112 198
1981	81 34 26 239
1982	134 178 14 101
1983	12 182 135 234
1984	160 8 151 87
1985	114 76 119 139
1986	204 75 9 99
1987	197 87 77 116
1988	240 238 46 105
1989	142 242 179 4
1990	160 49 101 170
1991	157 143 88 63
1992	67 203 49 183
1993	118 19 131 212
1994	51 24 122 95
1995	65 196 181 22
1996	204 250 4 195
1997	39 128 83 89
1998	22 230 217 92
1999	77 20 68 72
2000	173 62 105 83
