Students	2000
1	95 68 164 60
2	11 33 226 20
3	60 183 137 236
4	211 186 112 176
5	118 148 123 25
6	242 20 99 209
7	11 222 144 114
8	218 113 232 8
9	106 32 83 148
10	230 94 199 188
11	117 184 156 230
12	199 54 3 250
13	162 98 141 20
14	27 120 69 140
15	239 168 225 81
16	196 179 142 3
17	182 222 4 241
18	30 216 219 163
19	78 95 191 135
20	76 156 142 118
21	30 154 18 13
22	237 180 133 118
23	48 163 40 90
24	87 141 24 173
25	243 235 103 118
26	217 32 158 81
27	85 181 37 114
28	87 139 236 152
29	75 236 30 98
30	216 227 31 150
31	189 165 117 35
32	250 46 167 151
33	105 209 40 121
34	163 233 39 46
35	121 211 103 61
36	94 240 160 90
37	233 3 90 226
38	199 240 88 172
39	99 34 161 66
40	30 45 119 91
41	186 50 68 162
42	64 197 63 185
43	176 129 168 14
44	76 50 9 15
45	163 118 210 162
46	17 247 89 160
47	154 8 65 196
48	162 129 189 249
49	49 139 223 16
50	232 161 249 150
51	135 178 250 65
52	26 85 93 106
53	164 35 244 229
54	246 27 152 91
55	114 81 27 182
56	189 178 96 62
57	63 182 195 100
58	55 63 207 213
59	130 189 99 231
60	23 44 2 112
61	86 10 75 122
62	66 231 23 14
63	186 213 75 159
64	53 238 226 219
65	184 218 173 138
66	229 142 116 13
67	71 81 33 193
68	184 171 128 38
69	3 165 125 12
70	166 193 62 173
71	129 23 153 131
72	78 142 33 57
73	170 61 174 209
74	180 201 50 125
75	59 162 163 84
76	226 23 75 109
77	19 134 93 11
78	111 95 120 216
79	146 68 236 171
80	78 188 34 21
81	68 18 19 145
82	24 66 150 158
83	144 57 218 237
84	139 108 227 129
85	173 13 183 85
86	99 2 140 88
87	71 176 211 21
88	85 167 240 222
89	192 235 96 241
90	170 31 86 127
91	27 55 47 240
92	171 181 187 47
93	192 160 208 162
94	162 222 31 23
95	116 31 6 122
96	118 90 168 69
97	18 114 64 209
98	138 45 175 47
99	58 230 76 226
100	24 20 27 105
101	77 168 68 247
102	172 174 216 37
103	161 31 169 19
104	163 55 170 63
105	162 50 33 202
106	246 20 139 213
107	83 247 33 111
108	22 198 135 123
109	200 241 137 46
110	21 107 201 158
111	5 26 119 128
112	165 241 184 131
113	163 30 42 241
114	138 116 148 168
115	235 127 236 172
116	78 25 242 104
117	212 79 38 200
118	231 7 36 14
119	95 69 96 75
120	219 152 76 19
121	169 148 111 168
122	160 153 71 196
123	224 153 206 13
124	84 248 171 136
125	19 144 157 208
126	39 33 207 102
127	23 240 103 63
128	110 220 65 162
129	173 31 124 70
130	199 48 56 20
131	248 175 240 146
132	112 238 224 134
133	51 143 178 5
134	21 114 201 57
135	114 89 156 65
136	207 236 100 198
137	104 38 45 173
138	152 236 107 35
139	31 109 114 198
140	27 69 73 35
141	204 100 12 82
142	178 92 105 25
143	208 85 211 198
144	74 224 51 248
145	149 111 99 88
146	137 195 245 235
147	135 233 21 116
148	125 101 40 73
149	81 149 15 12
150	66 41 130 30
151	31 178 148 177
152	171 145 102 103
153	195 158 44 30
154	89 202 159 175
155	166 174 130 15
156	182 208 128 23
157	159 160 88 18
158	126 120 160 204
159	11 112 187 202
160	35 54 213 167
161	247 89 145 133
162	99 201 206 125
163	241 206 140 18
164	42 13 197 243
165	88 65 193 77
166	98 235 7 180
167	112 110 164 42
168	72 28 57 213
169	127 248 244 138
170	140 137 13 95
171	229 202 235 97
172	19 137 59 109
173	156 243 20 241
174	178 53 60 27
175	66 161 47 153
176	73 104 220 168
177	25 50 59 21
178	182 174 51 215
179	58 78 242 66
180	239 183 170 181
181	11 188 39 184
182	234 157 219 176
183	77 3 147 243
184	179 89 191 237
185	62 223 239 10
186	130 74 168 103
187	150 176 191 165
188	228 237 174 136
189	216 192 58 54
190	94 146 14 32
191	15 106 227 159
192	221 217 129 203
193	190 235 120 154
194	219 31 105 66
195	137 76 178 122
196	68 110 61 209
197	4 24 216 242
198	61 71 236 192
199	192 248 114 16
200	3 242 236 211
201	20 147 14 141
202	68 77 140 41
203	170 233 58 61
204	33 98 22 104
205	206 177 92 63
206	59 157 93 31
207	107 37 58 95
208	9 238 97 105
209	99 161 141 164
210	25 105 35 60
211	52 74 99 127
212	167 26 195 203
213	123 122 54 11
214	247 207 65 106
215	3 23 140 11
216	53 167 212 142
217	47 155 168 249
218	26 145 219 23
219	19 237 224 177
220	46 203 158 110
221	123 179 8 63
222	64 224 228 187
223	196 167 141 91
224	241 36 223 139
225	167 129 170 7
226	52 155 21 169
227	72 208 84 176
228	20 92 235 44
229	194 148 45 101
230	71 154 53 147
231	85 209 250 16
232	199 69 155 3
233	1 173 132 154
234	232 205 125 98
235	28 189 201 177
236	217 4 16 11
237	175 114 23 82
238	36 142 141 121
239	244 107 62 105
240	120 236 67 171
241	56 141 182 57
242	1 15 81 41
243	133 119 248 61
244	176 120 169 177
245	4 152 223 128
246	180 14 38 83
247	41 171 166 13
248	183 61 85 115
249	57 194 24 221
250	49 200 61 36
251	71 237 162 233
252	226 181 92 123
253	84 183 161 219
254	132 6 150 170
255	116 228 56 17
256	171 30 62 7
257	115 140 189 161
258	32 233 62 13
259	157 231 160 52
260	29 141 121 151
261	130 101 208 61
262	230 122 179 130
263	123 100 56 169
264	176 13 202 219
265	150 76 139 212
266	17 172 237 51
267	64 228 109 154
268	180 199 228 208
269	111 177 245 55
270	126 78 216 208
271	1 247 210 236
272	245 36 192 217
273	215 117 143 187
274	136 80 68 183
275	90 60 225 91
276	133 74 208 20
277	48 16 217 146
278	157 64 237 148
279	113 188 223 249
280	10 70 140 108
281	127 49 109 117
282	145 60 21 186
283	65 215 66 114
284	208 233 30 162
285	62 221 96 74
286	247 104 123 245
287	212 196 74 102
288	211 210 62 2
289	110 187 152 134
290	150 237 42 26
291	24 180 223 241
292	239 115 131 83
293	174 46 112 239
294	198 221 46 209
295	228 82 195 108
296	120 228 153 165
297	110 142 95 133
298	137 240 167 11
299	197 146 73 182
300	36 56 32 146
301	246 26 100 103
302	55 103 207 245
303	198 102 110 241
304	109 201 250 40
305	143 112 49 157
306	77 131 126 137
307	47 241 247 51
308	131 64 248 230
309	230 68 248 2
310	62 77 212 49
311	36 103 57 145
312	186 38 173 167
313	223 138 184 120
314	204 66 146 20
315	249 94 146 70
316	232 75 66 211
317	159 181 12 140
318	166 187 27 112
319	54 207 136 80
320	27 142 210 204
321	10 85 131 186
322	41 218 112 227
323	31 214 248 147
324	29 84 31 100
325	109 170 233 227
326	238 217 124 150
327	79 104 106 233
328	171 12 240 48
329	123 81 236 22
330	181 2 84 96
331	216 163 227 68
332	166 159 168 119
333	162 152 78 57
334	37 138 156 120
335	202 96 208 247
336	104 208 74 197
337	134 98 195 205
338	250 61 74 68
339	135 198 194 12
340	130 165 34 101
341	75 175 16 113
342	218 105 27 35
343	248 112 13 152
344	90 155 57 86
345	179 11 163 186
346	4 176 190 141
347	203 53 191 35
348	59 72 153 166
349	127 131 91 42
350	55 200 147 218
351	229 159 98 53
352	249 111 134 22
353	78 17 209 180
354	197 245 29 84
355	22 225 73 132
356	108 228 242 71
357	34 83 101 116
358	238 42 235 132
359	134 105 160 218
360	228 163 8 89
361	75 37 10 103
362	91 193 177 32
363	141 161 149 3
364	229 230 74 81
365	48 145 76 59
366	120 157 55 145
367	193 171 214 187
368	128 115 246 159
369	81 222 134 195
370	232 192 213 80
371	107 199 201 159
372	248 3 125 16
373	128 20 162 109
374	57 204 216 112
375	237 227 225 26
376	20 170 237 118
377	47 186 69 184
378	116 62 77 14
379	159 147 20 235
380	125 225 111 75
381	39 94 54 202
382	184 209 138 156
383	20 64 67 104
384	214 6 104 197
385	79 106 81 135
386	124 239 176 40
387	217 128 70 129
388	2 211 59 71
389	25 186 86 139
390	35 168 87 7
391	142 216 179 7
392	127 204 25 189
393	43 74 98 171
394	120 150 19 58
395	163 110 177 152
396	19 209 160 105
397	119 118 107 148
398	130 46 195 3
399	41 235 145 131
400	89 27 39 128
401	32 182 181 25
402	189 234 49 146
403	17 247 124 50
404	55 18 20 113
405	86 7 13 8
406	158 151 245 136
407	92 35 85 240
408	56 54 68 219
409	201 179 52 83
410	178 85 115 17
411	72 58 195 12
412	138 74 41 196
413	84 231 75 116
414	73 249 37 29
415	229 7 153 247
416	161 101 110 179
417	119 121 177 191
418	224 142 209 114
419	196 233 105 248
420	53 128 192 238
421	123 148 13 195
422	49 177 51 180
423	245 107 5 231
424	61 6 150 122
425	126 133 200 147
426	16 127 33 225
427	138 68 102 164
428	220 31 82 4
429	177 37 75 156
430	209 239 18 11
431	86 169 46 183
432	80 249 74 21
433	220 213 102 144
434	234 183 46 27
435	124 234 177 176
436	26 55 135 34
437	138 82 250 65
438	117 79 35 26
439	64 75 92 154
440	104 215 44 48
441	153 69 249 159
442	113 134 177 24
443	213 1 205 100
444	67 16 204 78
445	65 209 188 91
446	193 248 153 169
447	134 192 10 61
448	185 66 127 21
449	115 126 214 132
450	2 15 62 233
451	26 46 126 28
452	152 46 243 210
453	101 175 197 96
454	191 87 54 13
455	114 203 228 21
456	246 82 51 78
457	155 88 230 100
458	36 216 199 24
459	248 219 52 26
460	225 157 173 226
461	175 12 194 204
462	106 52 203 144
463	240 220 84 230
464	101 206 212 204
465	179 164 129 53
466	143 126 213 3
467	144 173 60 41
468	215 58 217 121
469	214 231 3 129
470	105 89 124 149
471	23 111 1 99
472	181 31 38 69
473	182 142 180 134
474	2 6 42 239
475	25 84 8 5
476	199 224 185 89
477	36 236 238 44
478	56 190 149 201
479	92 11 137 38
480	116 139 161 38
481	155 173 42 126
482	90 5 181 6
483	35 160 138 29
484	126 184 74 117
485	37 70 133 173
486	207 33 38 233
487	14 213 171 1
488	170 82 31 209
489	202 176 192 43
490	217 62 103 231
491	166 106 180 46
492	2 11 99 247
493	234 50 203 6
494	205 220 168 144
495	174 121 194 216
496	160 104 150 168
497	166 26 218 208
498	129 205 237 131
499	161 52 108 36
500	194 13 245 54
501	240 41 191 133
502	200 53 236 169
503	87 47 85 24
504	17 31 16 148
505	130 231 180 4
506	69 15 250 141
507	150 73 17 212
508	87 110 56 212
509	30 8 4 108
510	201 125 222 233
511	249 235 45 185
512	192 151 167 43
513	87 135 22 133
514	81 128 91 215
515	127 6 218 230
516	144 11 93 236
517	182 146 14 121
518	250 8 177 242
519	137 248 154 21
520	38 234 212 146
521	171 6 177 235
522	206 137 177 142
523	124 187 166 38
524	12 89 192 249
525	238 216 118 97
526	34 161 205 199
527	226 96 84 16
528	35 215 237 55
529	150 225 245 173
530	35 91 250 231
531	243 113 13 33
532	66 134 174 58
533	203 159 103 68
534	181 32 20 156
535	214 89 7 249
536	193 60 157 156
537	152 242 132 228
538	62 164 107 63
539	49 92 238 42
540	137 110 214 34
541	188 98 186 72
542	26 17 169 160
543	184 152 85 127
544	113 178 226 21
545	149 202 117 210
546	80 73 117 64
547	241 131 59 82
548	155 110 248 41
549	40 62 14 158
550	78 236 230 154
551	62 154 86 27
552	236 247 142 3
553	233 71 18 14
554	109 76 118 24
555	139 38 37 145
556	10 101 11 8
557	68 130 200 219
558	183 25 70 80
559	197 204 39 91
560	55 5 233 125
561	126 200 86 56
562	147 12 117 168
563	235 172 175 83
564	65 125 199 225
565	3 2 182 129
566	31 92 179 154
567	148 237 204 90
568	5 43 188 243
569	250 165 209 114
570	144 182 34 214
571	91 41 50 47
572	36 190 105 12
573	177 156 31 135
574	3 79 91 135
575	104 30 71 121
576	112 201 135 129
577	53 158 106 183
578	10 250 76 7
579	36 123 213 98
580	182 87 174 136
581	36 129 68 71
582	121 200 1 234
583	145 228 200 30
584	9 200 203 114
585	235 63 146 200
586	26 128 114 44
587	23 239 93 184
588	236 100 80 110
589	55 158 11 210
590	85 200 49 5
591	42 13 173 206
592	130 181 157 243
593	97 153 29 46
594	20 13 2 152
595	99 56 240 89
596	221 83 60 57
597	56 65 239 160
598	189 211 143 185
599	210 183 168 240
600	166 161 209 146
601	132 84 79 97
602	120 30 173 50
603	179 169 184 192
604	99 133 155 161
605	148 230 167 152
606	157 238 142 55
607	123 233 224 70
608	141 26 10 39
609	73 200 169 16
610	48 109 130 231
611	242 160 6 231
612	141 27 174 162
613	10 114 57 235
614	17 72 228 67
615	219 215 216 102
616	107 169 189 82
617	179 100 27 247
618	192 236 59 44
619	191 86 11 18
620	114 74 136 42
621	1 212 205 121
622	64 61 158 202
623	40 110 90 212
624	243 70 32 55
625	185 4 47 158
626	208 4 81 65
627	89 156 171 139
628	229 26 247 132
629	51 129 174 69
630	81 27 169 25
631	58 56 3 150
632	249 88 62 59
633	116 154 171 36
634	3 179 227 126
635	244 52 112 88
636	136 44 230 182
637	50 88 229 248
638	248 8 163 233
639	164 50 57 186
640	99 120 41 230
641	155 201 26 90
642	239 144 230 150
643	247 25 3 216
644	88 70 152 6
645	102 236 90 187
646	139 189 30 53
647	177 223 11 144
648	21 225 22 98
649	197 222 195 131
650	218 109 44 159
651	113 145 240 119
652	143 243 116 78
653	37 137 123 200
654	156 167 247 138
655	11 86 81 175
656	85 107 81 205
657	213 219 240 25
658	32 197 174 70
659	132 72 34 89
660	46 228 186 217
661	35 71 98 152
662	48 146 120 56
663	117 112 230 164
664	23 78 100 126
665	54 240 106 101
666	44 233 178 59
667	223 40 250 144
668	88 181 211 4
669	10 145 196 128
670	217 46 35 85
671	24 40 137 155
672	115 224 246 50
673	247 24 58 222
674	30 74 178 24
675	224 145 18 229
676	69 208 38 77
677	149 23 106 61
678	79 171 48 15
679	181 69 38 47
680	154 127 187 61
681	100 59 241 12
682	22 125 109 32
683	245 41 234 167
684	173 59 24 106
685	126 84 80 106
686	77 70 153 47
687	161 53 16 24
688	229 193 245 76
689	27 141 249 99
690	247 70 105 177
691	131 213 125 199
692	150 91 93 28
693	36 46 134 185
694	194 72 175 170
695	198 81 165 92
696	13 222 250 225
697	248 166 222 177
698	223 54 198 160
699	208 194 40 27
700	234 214 232 133
701	225 218 147 111
702	102 136 182 63
703	118 15 159 188
704	45 24 2 194
705	79 34 72 43
706	249 72 250 92
707	72 179 142 57
708	225 180 38 88
709	67 178 109 211
710	173 40 177 48
711	3 153 132 100
712	85 151 44 195
713	110 31 39 117
714	82 136 19 107
715	63 195 250 199
716	212 88 189 172
717	134 188 3 158
718	148 189 152 49
719	176 89 107 162
720	204 224 194 162
721	188 207 116 182
722	19 46 26 37
723	196 135 21 98
724	154 197 2 149
725	23 187 171 144
726	103 114 106 107
727	18 90 207 236
728	31 50 186 87
729	5 248 124 249
730	156 149 173 109
731	121 108 143 246
732	225 201 212 245
733	55 16 116 211
734	54 30 112 239
735	31 20 6 68
736	141 24 250 220
737	107 70 145 19
738	42 60 21 236
739	102 215 87 178
740	127 189 182 16
741	93 233 52 153
742	130 52 168 110
743	25 104 73 146
744	12 165 229 204
745	47 110 161 17
746	69 144 225 76
747	119 220 177 131
748	209 218 197 22
749	190 66 90 120
750	153 89 103 227
751	57 17 156 39
752	162 83 152 73
753	151 134 79 148
754	147 99 192 13
755	207 10 97 111
756	226 10 162 111
757	53 139 203 100
758	213 121 201 156
759	100 238 119 49
760	116 247 24 211
761	17 177 188 240
762	11 230 40 220
763	109 38 245 56
764	166 38 249 172
765	162 96 104 173
766	226 147 38 81
767	204 246 235 42
768	133 56 105 74
769	44 248 240 171
770	64 205 91 130
771	242 191 237 166
772	244 96 224 238
773	41 78 170 101
774	139 150 97 46
775	212 208 81 78
776	97 68 33 120
777	168 53 210 150
778	138 6 193 98
779	203 246 27 122
780	242 191 178 188
781	184 124 95 149
782	170 173 90 221
783	34 44 232 67
784	212 136 225 95
785	173 236 182 124
786	147 197 48 211
787	227 166 157 137
788	156 59 180 128
789	58 52 196 93
790	55 59 100 161
791	112 152 177 240
792	2 99 36 153
793	158 181 100 92
794	249 137 223 63
795	216 177 89 167
796	192 128 141 148
797	188 145 57 70
798	156 11 25 60
799	231 45 2 64
800	133 69 89 228
801	175 185 121 201
802	221 201 7 52
803	207 143 123 249
804	94 158 84 147
805	89 27 82 241
806	206 5 56 165
807	165 21 35 19
808	89 100 105 63
809	79 84 217 102
810	53 145 101 147
811	164 84 124 182
812	89 92 187 162
813	203 90 4 139
814	47 16 206 80
815	148 197 112 54
816	224 60 30 69
817	179 13 176 211
818	116 119 178 111
819	225 58 235 41
820	207 214 136 20
821	176 123 39 122
822	134 94 61 188
823	74 18 145 183
824	2 113 31 72
825	33 184 64 139
826	171 75 238 159
827	10 79 204 135
828	98 248 181 227
829	73 18 54 64
830	203 140 136 75
831	46 119 117 100
832	46 198 7 108
833	247 45 12 177
834	91 204 117 180
835	78 206 203 58
836	222 245 2 191
837	174 162 140 212
838	23 198 79 169
839	168 127 185 124
840	123 219 113 171
841	192 223 199 183
842	11 33 149 197
843	167 7 181 32
844	166 15 170 221
845	154 200 217 187
846	163 192 99 191
847	57 113 22 195
848	159 185 102 177
849	51 110 213 180
850	44 100 20 151
851	169 233 34 16
852	5 60 236 224
853	180 36 94 196
854	140 15 123 70
855	129 68 130 243
856	197 79 127 58
857	44 226 32 79
858	46 37 62 140
859	50 79 95 153
860	192 160 45 217
861	80 61 117 99
862	136 121 226 162
863	45 76 8 183
864	100 143 227 69
865	194 161 38 174
866	165 90 150 95
867	83 114 161 121
868	25 117 22 99
869	117 214 162 68
870	182 220 205 49
871	174 86 225 195
872	130 23 223 145
873	85 223 31 247
874	52 64 25 225
875	170 200 146 239
876	39 119 77 60
877	137 74 157 184
878	232 101 91 79
879	199 77 112 150
880	182 25 89 108
881	40 87 133 118
882	108 241 133 210
883	222 219 98 44
884	89 28 71 223
885	1 106 110 139
886	16 195 65 54
887	175 124 21 38
888	72 33 197 234
889	88 102 122 64
890	248 76 108 163
891	172 84 170 171
892	203 209 210 125
893	111 77 20 134
894	164 63 157 33
895	66 70 231 136
896	248 34 107 197
897	3 49 111 89
898	128 39 5 21
899	184 175 26 55
900	34 60 188 62
901	78 34 177 31
902	6 137 91 174
903	156 171 167 95
904	39 5 185 231
905	98 184 70 4
906	61 233 2 141
907	30 247 109 23
908	63 106 224 88
909	137 121 184 67
910	127 217 50 122
911	210 120 184 123
912	136 211 215 133
913	54 245 136 179
914	248 172 4 136
915	53 218 222 214
916	149 174 45 172
917	183 185 71 40
918	57 195 169 200
919	17 244 220 45
920	241 155 37 212
921	182 52 59 77
922	200 106 48 71
923	81 198 36 191
924	49 14 195 107
925	31 24 115 98
926	204 140 122 19
927	205 28 194 112
928	238 29 54 84
929	225 68 183 193
930	221 19 121 154
931	168 144 156 108
932	29 245 36 83
933	47 174 4 245
934	170 108 199 152
935	190 56 17 204
936	28 64 7 163
937	87 60 68 41
938	84 169 12 36
939	39 12 112 90
940	196 6 68 17
941	7 89 207 201
942	62 65 226 221
943	155 26 101 21
944	140 133 131 244
945	109 217 144 43
946	11 39 87 106
947	124 29 165 160
948	180 175 205 34
949	68 109 187 234
950	184 38 215 51
951	158 186 236 166
952	9 245 69 41
953	17 111 8 207
954	102 97 101 146
955	30 210 36 122
956	26 43 112 222
957	226 77 67 87
958	224 123 235 9
959	97 207 231 24
960	58 171 55 172
961	129 248 215 73
962	212 172 224 105
963	5 194 6 191
964	63 243 24 135
965	228 142 139 75
966	223 76 13 48
967	60 31 5 242
968	17 52 157 235
969	236 169 50 179
970	118 47 207 199
971	184 72 205 2
972	49 201 156 158
973	245 98 150 149
974	148 206 71 174
975	119 189 198 133
976	17 32 245 136
977	216 38 34 210
978	51 38 8 9
979	102 96 181 216
980	195 40 172 30
981	82 69 242 74
982	188 212 147 30
983	244 220 38 229
984	194 87 116 216
985	240 234 146 160
986	174 239 200 124
987	203 130 115 42
988	55 145 46 7
989	194 158 223 135
990	50 24 54 197
991	65 69 122 57
992	239 182 170 164
993	165 167 8 230
994	174 168 117 152
995	153 245 119 17
996	87 52 148 126
997	48 36 135 96
998	19 194 20 31
999	55 40 155 230
1000	87 114 68 125
1001	160 103 155 250
1002	153 186 73 48
1003	217 155 146 94
1004	154 91 247 196
1005	31 20 151 22
1006	237 135 189 16
1007	11 2 181 68
1008	132 239 227 114
1009	57 4 217 176
1010	187 97 64 25
1011	7 214 76 99
1012	231 153 157 144
1013	219 197 227 200
1014	101 186 10 226
1015	212 208 131 68
1016	204 24 93 37
1017	30 132 23 178
1018	25 94 167 231
1019	92 73 27 18
1020	235 135 166 91
1021	154 170 220 119
1022	3 98 8 216
1023	124 76 28 1
1024	71 76 104 39
1025	51 28 108 129
1026	211 229 119 59
1027	10 192 13 110
1028	20 227 49 157
1029	213 131 32 13
1030	214 20 44 138
1031	75 212 136 194
1032	189 237 67 250
1033	73 137 239 209
1034	103 23 236 242
1035	151 185 82 227
1036	90 63 238 226
1037	64 100 38 155
1038	223 13 114 9
1039	209 140 105 79
1040	210 172 136 68
1041	174 117 206 236
1042	104 180 57 94
1043	129 54 68 248
1044	156 104 64 89
1045	156 67 163 2
1046	14 126 234 117
1047	22 114 12 149
1048	108 140 218 157
1049	104 170 226 209
1050	118 85 235 232
1051	140 129 134 157
1052	83 131 40 151
1053	189 109 82 228
1054	51 85 21 237
1055	147 13 55 124
1056	83 112 43 210
1057	146 55 182 5
1058	3 63 44 183
1059	166 69 145 191
1060	36 142 2 161
1061	159 224 47 245
1062	243 44 163 37
1063	9 114 150 243
1064	220 98 162 61
1065	136 159 73 122
1066	72 19 95 234
1067	111 62 20 192
1068	191 13 237 108
1069	125 23 217 72
1070	250 3 153 34
1071	224 119 62 77
1072	44 49 233 6
1073	2 204 4 86
1074	1 48 124 159
1075	243 88 174 30
1076	149 58 220 131
1077	55 134 116 193
1078	32 34 173 244
1079	115 61 189 226
1080	68 228 241 223
1081	207 15 137 162
1082	35 177 243 196
1083	67 123 179 234
1084	163 107 87 90
1085	144 216 85 15
1086	240 180 231 138
1087	223 217 139 29
1088	234 156 7 148
1089	210 177 184 223
1090	104 87 8 137
1091	249 169 27 188
1092	69 232 215 170
1093	207 186 118 66
1094	88 160 204 31
1095	181 151 200 163
1096	115 23 124 200
1097	83 247 110 169
1098	228 197 204 174
1099	230 212 101 36
1100	36 239 47 124
1101	41 52 193 39
1102	75 245 139 35
1103	87 9 103 5
1104	240 170 189 218
1105	149 113 129 15
1106	92 245 202 110
1107	136 13 3 157
1108	9 63 14 61
1109	127 219 230 73
1110	192 193 196 189
1111	243 195 187 128
1112	191 45 210 240
1113	18 145 153 20
1114	157 227 19 74
1115	126 80 91 92
1116	226 177 203 123
1117	33 139 54 144
1118	221 102 112 159
1119	135 58 99 62
1120	73 230 60 245
1121	153 9 49 237
1122	189 79 211 101
1123	39 213 121 47
1124	186 149 129 201
1125	165 192 231 178
1126	17 75 49 110
1127	38 195 146 197
1128	249 179 103 239
1129	78 15 85 108
1130	74 221 219 214
1131	229 240 99 94
1132	175 220 249 47
1133	224 155 154 31
1134	147 51 222 151
1135	104 25 191 206
1136	42 117 60 122
1137	188 225 50 90
1138	43 127 197 68
1139	232 197 5 25
1140	77 169 1 157
1141	3 191 247 196
1142	150 206 75 232
1143	189 20 185 194
1144	143 13 29 239
1145	143 137 235 42
1146	121 196 165 182
1147	103 194 60 88
1148	44 125 134 223
1149	216 96 238 219
1150	192 191 241 216
1151	22 40 181 99
1152	130 233 165 175
1153	106 73 57 233
1154	37 234 193 204
1155	183 96 49 209
1156	209 104 204 47
1157	73 170 18 234
1158	211 141 9 174
1159	230 190 223 127
1160	3 129 34 138
1161	51 216 236 130
1162	182 90 237 153
1163	68 90 72 126
1164	217 145 39 111
1165	41 233 7 58
1166	12 128 221 186
1167	27 198 16 215
1168	27 55 131 133
1169	34 138 177 241
1170	246 80 6 12
1171	55 119 136 68
1172	103 151 108 28
1173	236 128 169 55
1174	170 128 86 184
1175	230 188 109 221
1176	97 56 171 153
1177	147 32 150 231
1178	161 183 3 250
1179	201 161 245 79
1180	95 47 123 236
1181	149 208 134 153
1182	123 188 111 165
1183	212 37 187 124
1184	77 95 100 33
1185	31 117 138 10
1186	130 94 123 149
1187	205 78 183 241
1188	18 216 238 162
1189	230 61 53 176
1190	156 32 144 51
1191	15 129 122 176
1192	52 115 250 84
1193	81 76 227 193
1194	101 37 175 79
1195	35 176 113 166
1196	189 92 194 236
1197	242 82 52 87
1198	157 230 163 38
1199	249 119 166 136
1200	146 62 19 140
1201	212 177 159 48
1202	75 190 218 95
1203	125 78 138 129
1204	166 30 64 131
1205	225 35 162 46
1206	8 41 184 83
1207	142 80 141 219
1208	240 7 205 146
1209	68 179 169 62
1210	120 112 71 218
1211	64 59 165 229
1212	241 80 208 98
1213	224 213 109 132
1214	249 77 158 144
1215	128 170 22 114
1216	11 231 110 150
1217	35 155 250 237
1218	208 45 135 35
1219	112 195 225 191
1220	36 33 56 29
1221	131 86 68 130
1222	123 146 244 51
1223	88 182 26 229
1224	125 146 43 86
1225	207 120 198 9
1226	14 203 139 250
1227	197 220 118 189
1228	89 136 115 109
1229	37 53 36 237
1230	154 153 66 132
1231	125 108 85 2
1232	238 187 102 215
1233	150 63 74 154
1234	36 194 196 39
1235	250 206 244 62
1236	44 65 54 209
1237	207 179 168 66
1238	98 189 95 213
1239	248 92 73 180
1240	169 47 101 108
1241	116 39 206 55
1242	174 182 38 108
1243	17 194 10 60
1244	87 66 7 107
1245	54 26 227 90
1246	178 179 21 134
1247	83 142 176 177
1248	119 122 25 31
1249	63 164 111 211
1250	139 176 59 63
1251	207 144 190 223
1252	232 119 206 199
1253	244 237 1 123
1254	198 214 243 134
1255	247 235 12 142
1256	59 45 129 121
1257	120 165 200 112
1258	63 32 225 115
1259	97 92 38 8
1260	85 52 44 201
1261	84 238 176 192
1262	105 249 1 177
1263	142 107 176 200
1264	67 229 108 100
1265	152 98 187 10
1266	145 12 90 151
1267	186 242 39 165
1268	212 178 54 225
1269	122 232 128 143
1270	247 82 60 112
1271	83 97 232 58
1272	169 36 9 107
1273	75 90 9 122
1274	199 9 220 144
1275	42 138 30 167
1276	187 161 39 174
1277	19 104 117 198
1278	87 190 33 210
1279	71 227 240 93
1280	238 95 90 50
1281	6 214 129 114
1282	117 158 221 70
1283	132 21 130 10
1284	22 51 40 75
1285	126 1 95 225
1286	203 184 166 69
1287	229 172 10 137
1288	110 206 190 66
1289	61 82 197 118
1290	160 226 237 154
1291	217 91 125 101
1292	163 197 198 58
1293	141 154 135 129
1294	242 229 151 197
1295	10 197 110 77
1296	121 211 32 166
1297	218 151 240 107
1298	99 115 210 161
1299	45 56 3 102
1300	222 29 216 233
1301	110 215 150 149
1302	224 54 229 63
1303	97 38 195 9
1304	164 198 4 7
1305	148 111 103 55
1306	116 54 94 174
1307	76 26 92 244
1308	49 151 19 72
1309	121 233 180 150
1310	57 81 8 56
1311	126 220 93 145
1312	57 170 220 46
1313	184 123 235 237
1314	43 104 137 140
1315	185 41 61 96
1316	150 129 154 141
1317	219 152 187 22
1318	223 87 69 116
1319	82 101 28 19
1320	198 39 72 66
1321	131 50 73 208
1322	110 210 169 101
1323	78 123 239 25
1324	121 12 246 29
1325	20 65 197 184
1326	103 133 72 40
1327	13 60 161 197
1328	236 18 240 16
1329	138 16 66 226
1330	143 78 35 120
1331	194 113 173 193
1332	176 150 180 200
1333	120 33 55 213
1334	151 219 127 75
1335	20 72 167 141
1336	233 137 207 13
1337	191 190 145 126
1338	170 83 127 163
1339	183 128 142 146
1340	66 216 161 52
1341	1 81 143 230
1342	230 41 245 143
1343	15 3 110 87
1344	164 205 11 152
1345	81 238 109 178
1346	220 19 100 111
1347	117 62 190 224
1348	30 228 130 28
1349	188 50 54 71
1350	133 152 204 126
1351	197 120 111 179
1352	102 43 69 199
1353	150 211 243 87
1354	126 129 17 116
1355	144 224 116 180
1356	245 54 42 206
1357	111 247 38 73
1358	104 71 185 133
1359	138 17 111 10
1360	211 89 155 236
1361	164 242 8 103
1362	165 81 152 55
1363	178 72 182 173
1364	18 143 209 22
1365	142 222 91 24
1366	241 159 138 186
1367	229 184 186 95
1368	34 44 2 3
1369	178 172 94 133
1370	19 53 229 234
1371	147 178 2 78
1372	115 63 12 193
1373	24 36 142 164
1374	118 208 204 69
1375	97 7 157 200
1376	177 137 70 26
1377	228 35 208 9
1378	53 9 167 50
1379	105 200 231 98
1380	69 220 200 8
1381	89 249 214 71
1382	15 139 163 214
1383	212 102 111 172
1384	175 82 214 61
1385	142 13 17 62
1386	80 30 166 104
1387	207 31 52 80
1388	250 222 244 3
1389	108 125 12 54
1390	169 247 47 133
1391	235 13 96 164
1392	157 44 122 10
1393	65 157 248 30
1394	41 226 197 166
1395	144 250 32 216
1396	194 86 231 44
1397	25 183 122 58
1398	67 106 234 1
1399	38 5 212 108
1400	230 220 59 79
1401	165 24 231 14
1402	7 211 38 4
1403	76 184 109 107
1404	223 19 234 41
1405	21 174 54 96
1406	152 71 165 222
1407	98 173 60 34
1408	202 90 99 187
1409	34 154 202 176
1410	207 143 19 107
1411	5 84 209 213
1412	165 195 15 215
1413	119 68 5 106
1414	120 1 197 25
1415	90 95 219 242
1416	97 78 70 185
1417	23 232 64 156
1418	131 41 12 77
1419	119 155 125 159
1420	185 204 240 187
1421	29 44 158 70
1422	107 73 249 37
1423	1 136 48 152
1424	73 195 79 205
1425	130 64 2 51
1426	75 247 16 37
1427	207 51 8 26
1428	83 50 90 240
1429	116 115 139 21
1430	129 46 124 198
1431	147 53 164 189
1432	141 53 238 6
1433	74 250 64 105
1434	11 159 240 201
1435	53 226 121 246
1436	204 85 133 151
1437	108 5 60 159
1438	116 122 133 206
1439	241 239 93 43
1440	117 215 187 170
1441	175 83 214 150
1442	103 40 214 155
1443	7 213 225 68
1444	232 93 198 171
1445	152 137 16 210
1446	222 85 123 164
1447	35 237 17 166
1448	66 250 152 140
1449	184 76 139 80
1450	235 92 155 159
1451	11 145 76 108
1452	146 135 237 233
1453	223 167 111 56
1454	190 235 40 22
1455	161 213 48 134
1456	151 239 197 224
1457	89 233 39 96
1458	83 178 56 136
1459	43 143 89 134
1460	174 37 200 167
1461	6 65 22 207
1462	84 183 115 161
1463	225 45 26 174
1464	164 28 88 223
1465	103 128 208 107
1466	110 204 88 60
1467	88 48 42 145
1468	235 132 168 226
1469	55 4 198 23
1470	137 238 186 229
1471	117 241 20 161
1472	143 37 22 102
1473	100 21 136 232
1474	173 81 17 132
1475	25 200 14 126
1476	9 145 116 91
1477	215 133 68 79
1478	144 26 172 199
1479	174 111 195 82
1480	70 16 68 135
1481	19 221 4 92
1482	62 196 63 31
1483	194 52 39 224
1484	164 157 137 12
1485	176 185 102 140
1486	54 150 134 84
1487	94 59 34 9
1488	153 124 24 93
1489	79 82 112 37
1490	186 192 235 220
1491	221 210 6 122
1492	229 35 193 216
1493	95 57 231 152
1494	6 108 74 171
1495	181 31 177 138
1496	241 227 162 173
1497	246 32 75 143
1498	54 240 204 41
1499	57 213 231 192
1500	105 156 225 49
1501	249 41 62 160
1502	217 207 157 208
1503	229 126 143 222
1504	132 205 126 15
1505	238 166 44 41
1506	89 69 230 28
1507	240 64 35 56
1508	169 22 47 64
1509	87 124 214 182
1510	69 167 5 89
1511	205 112 60 183
1512	43 222 250 123
1513	99 42 15 71
1514	227 112 228 113
1515	46 117 45 128
1516	121 133 56 24
1517	132 56 117 61
1518	37 33 250 137
1519	172 26 19 158
1520	124 71 123 142
1521	60 171 85 10
1522	126 196 32 198
1523	26 193 249 89
1524	117 169 71 60
1525	28 113 152 224
1526	7 209 36 21
1527	231 54 4 63
1528	193 150 56 189
1529	6 249 108 225
1530	99 71 151 73
1531	140 132 76 186
1532	147 172 205 88
1533	224 194 97 140
1534	98 141 70 90
1535	136 158 140 21
1536	33 12 144 19
1537	148 27 202 109
1538	132 165 160 74
1539	125 144 105 203
1540	28 113 152 126
1541	161 130 238 137
1542	151 53 122 1
1543	189 60 160 41
1544	115 102 52 137
1545	17 202 3 167
1546	106 189 86 90
1547	207 86 55 2
1548	142 212 247 108
1549	98 67 37 167
1550	231 77 87 19
1551	54 215 186 68
1552	132 67 135 232
1553	151 213 19 132
1554	117 218 172 54
1555	46 42 152 239
1556	43 142 187 100
1557	194 66 212 176
1558	31 181 229 105
1559	117 155 225 32
1560	212 1 42 71
1561	102 44 225 235
1562	3 110 142 43
1563	33 79 27 147
1564	59 226 38 16
1565	225 30 122 183
1566	55 5 248 179
1567	247 65 239 13
1568	180 19 153 206
1569	143 183 18 4
1570	201 164 90 106
1571	64 54 243 250
1572	1 30 142 235
1573	58 95 76 201
1574	197 231 29 176
1575	114 227 168 161
1576	13 9 239 140
1577	44 97 157 210
1578	81 115 125 201
1579	167 101 97 138
1580	134 199 60 216
1581	15 95 182 122
1582	89 112 204 15
1583	159 203 40 236
1584	91 213 221 65
1585	44 103 61 102
1586	104 105 138 111
1587	103 164 61 175
1588	248 175 14 232
1589	244 131 197 111
1590	49 158 121 109
1591	130 24 138 132
1592	244 147 51 149
1593	7 95 35 196
1594	8 70 219 77
1595	214 236 16 232
1596	176 71 50 171
1597	147 14 230 164
1598	61 92 106 158
1599	9 68 71 181
1600	174 6 57 117
1601	148 217 133 210
1602	221 54 12 169
1603	12 205 65 19
1604	48 74 24 121
1605	18 74 109 95
1606	58 32 6 185
1607	103 244 191 35
1608	62 22 150 23
1609	199 106 103 59
1610	66 192 120 52
1611	148 231 9 122
1612	73 86 99 234
1613	2 59 153 16
1614	141 175 77 166
1615	140 214 49 41
1616	38 20 122 156
1617	76 189 122 195
1618	23 100 50 96
1619	131 132 210 2
1620	148 2 94 153
1621	234 87 187 231
1622	230 221 250 116
1623	64 124 148 129
1624	64 159 143 202
1625	106 116 10 161
1626	24 72 122 208
1627	93 132 92 96
1628	208 139 161 64
1629	20 21 227 79
1630	161 207 92 248
1631	11 16 102 29
1632	19 177 123 105
1633	191 174 14 221
1634	157 134 250 184
1635	100 238 143 62
1636	63 34 69 141
1637	185 227 107 189
1638	242 97 79 243
1639	76 131 176 72
1640	157 82 192 78
1641	199 68 149 64
1642	108 223 182 200
1643	39 66 212 32
1644	28 101 149 242
1645	175 181 112 101
1646	146 38 51 161
1647	151 30 197 31
1648	205 39 115 81
1649	18 172 87 62
1650	29 134 228 135
1651	142 132 167 55
1652	81 30 117 156
1653	232 44 205 91
1654	209 112 78 244
1655	75 21 180 42
1656	61 217 161 219
1657	90 186 172 71
1658	33 166 128 202
1659	173 231 49 103
1660	117 59 52 7
1661	133 55 209 79
1662	231 204 212 6
1663	160 83 216 43
1664	158 94 141 76
1665	94 229 89 169
1666	1 113 131 64
1667	178 226 227 149
1668	87 183 64 8
1669	104 137 6 25
1670	46 47 38 218
1671	34 43 212 165
1672	135 73 221 225
1673	204 202 150 79
1674	101 186 84 53
1675	121 124 49 217
1676	60 173 46 230
1677	7 246 201 235
1678	78 5 152 241
1679	115 5 184 201
1680	82 212 186 175
1681	168 28 237 159
1682	229 137 93 176
1683	153 246 147 38
1684	29 39 25 167
1685	137 122 132 154
1686	84 242 161 28
1687	223 180 117 197
1688	198 110 45 93
1689	220 154 82 205
1690	199 87 179 102
1691	107 16 205 228
1692	13 45 64 21
1693	43 203 198 83
1694	71 126 24 246
1695	227 29 172 123
1696	130 190 4 52
1697	87 32 177 231
1698	160 163 74 78
1699	101 117 138 97
1700	174 171 79 77
1701	246 72 127 182
1702	237 4 90 145
1703	143 101 114 233
1704	146 7 172 185
1705	205 194 176 110
1706	111 65 39 158
1707	143 166 47 226
1708	66 159 209 41
1709	231 73 57 149
1710	95 211 221 49
1711	24 191 81 13
1712	245 189 123 119
1713	21 54 185 194
1714	143 175 68 113
1715	98 6 89 184
1716	145 27 116 224
1717	97 202 50 193
1718	123 196 113 99
1719	37 180 78 66
1720	92 167 198 62
1721	10 56 41 39
1722	43 104 112 156
1723	153 12 122 249
1724	162 150 64 184
1725	218 166 176 168
1726	84 133 200 108
1727	93 205 62 83
1728	150 30 168 163
1729	24 44 222 115
1730	110 31 193 94
1731	145 22 8 26
1732	60 62 192 219
1733	64 231 35 10
1734	141 152 15 171
1735	159 17 244 10
1736	135 172 130 32
1737	110 242 13 122
1738	91 222 35 46
1739	136 28 205 70
1740	14 87 69 66
1741	43 222 89 88
1742	128 59 119 148
1743	126 150 247 37
1744	157 61 11 34
1745	155 189 42 32
1746	79 106 88 94
1747	105 237 11 153
1748	223 175 181 195
1749	238 68 183 102
1750	117 161 249 134
1751	105 41 219 45
1752	199 52 64 239
1753	5 38 63 247
1754	24 22 67 241
1755	134 150 86 40
1756	84 75 213 73
1757	178 1 132 146
1758	149 93 31 67
1759	35 215 51 121
1760	28 77 219 149
1761	160 74 127 227
1762	217 16 132 57
1763	210 8 141 151
1764	134 214 250 12
1765	249 48 245 68
1766	2 158 65 212
1767	159 59 24 183
1768	116 171 80 187
1769	77 244 238 126
1770	70 86 132 22
1771	5 154 244 116
1772	159 35 233 134
1773	177 163 250 131
1774	221 144 152 132
1775	17 19 232 160
1776	61 79 67 220
1777	164 175 66 214
1778	134 215 127 118
1779	240 224 60 40
1780	140 29 155 238
1781	135 177 139 57
1782	24 218 12 226
1783	158 183 168 97
1784	248 178 168 225
1785	223 100 103 75
1786	142 163 104 208
1787	58 224 244 49
1788	191 134 131 53
1789	107 179 172 71
1790	146 109 112 220
1791	5 93 77 235
1792	174 108 13 88
1793	153 144 221 189
1794	77 71 86 231
1795	128 71 166 157
1796	12 190 144 54
1797	248 217 95 221
1798	162 209 250 76
1799	199 226 195 107
1800	75 167 69 24
1801	109 75 51 132
1802	79 218 24 223
1803	171 10 152 154
1804	74 172 76 46
1805	85 92 241 91
1806	149 107 226 152
1807	237 232 169 28
1808	56 78 238 162
1809	2 103 160 211
1810	191 75 153 112
1811	75 215 153 107
1812	166 43 187 86
1813	162 47 138 98
1814	11 223 114 170
1815	216 97 157 94
1816	42 20 198 103
1817	9 242 34 216
1818	72 236 33 119
1819	214 56 177 15
1820	97 107 181 141
1821	73 101 180 92
1822	148 48 170 184
1823	56 128 208 57
1824	159 5 190 116
1825	149 246 244 74
1826	62 89 163 38
1827	56 70 200 215
1828	64 140 101 208
1829	154 237 239 37
1830	15 167 222 186
1831	25 153 235 142
1832	69 131 225 203
1833	32 211 140 90
1834	156 45 122 125
1835	189 236 28 24
1836	129 201 182 100
1837	78 40 138 84
1838	108 92 235 19
1839	160 244 210 95
1840	196 179 169 231
1841	150 187 132 110
1842	12 202 149 169
1843	79 18 125 212
1844	202 77 232 34
1845	240 97 162 156
1846	220 228 132 108
1847	43 205 1 12
1848	15 218 233 56
1849	168 56 15 126
1850	200 22 162 248
1851	144 42 112 138
1852	88 237 219 65
1853	175 179 147 188
1854	112 25 185 53
1855	32 95 214 109
1856	88 98 81 26
1857	52 98 96 191
1858	192 66 118 89
1859	154 32 150 184
1860	46 89 157 206
1861	40 96 233 91
1862	189 185 115 77
1863	127 11 12 166
1864	129 118 169 76
1865	216 137 203 11
1866	58 173 172 198
1867	67 17 167 129
1868	236 116 230 39
1869	55 3 138 45
1870	244 4 55 115
1871	217 208 126 197
1872	197 191 209 214
1873	53 149 34 114
1874	236 195 98 90
1875	74 248 172 55
1876	50 228 240 43
1877	170 160 5 202
1878	131 213 222 94
1879	27 192 245 207
1880	178 205 41 42
1881	129 35 189 154
1882	52 93 181 100
1883	58 139 47 142
1884	41 215 112 188
1885	81 141 238 6
1886	240 142 155 170
1887	245 133 117 129
1888	120 59 96 52
1889	244 118 19 160
1890	223 234 154 135
1891	71 228 1 231
1892	194 192 119 171
1893	46 207 152 3
1894	160 104 76 30
1895	221 238 104 79
1896	163 142 37 202
1897	81 83 230 232
1898	113 203 89 191
1899	239 49 140 187
1900	79 78 143 22
1901	105 230 190 218
1902	222 203 16 83
1903	239 148 205 164
1904	242 214 81 188
1905	63 13 38 10
1906	134 183 231 24
1907	92 110 126 3
1908	101 184 249 99
1909	196 83 10 114
1910	62 108 212 46
1911	142 47 92 237
1912	215 47 23 152
1913	206 124 71 110
1914	168 23 24 238
1915	71 50 137 56
1916	106 87 180 245
1917	249 33 224 244
1918	233 166 2 214
1919	109 21 105 45
1920	132 200 7 61
1921	104 185 173 180
1922	159 71 25 144
1923	67 51 32 4
1924	92 166 93 111
1925	159 246 184 146
1926	180 235 42 130
1927	29 105 209 139
1928	68 199 143 89
1929	196 47 50 69
1930	165 34 89 7
1931	43 53 237 218
1932	79 218 220 142
1933	242 125 146 45
1934	33 107 110 190
1935	26 186 212 101
1936	190 102 106 237
1937	77 61 98 100
1938	44 245 186 53
1939	113 128 216 107
1940	19 247 66 103
1941	64 94 171 239
1942	90 149 98 75
1943	5 147 146 3
1944	166 57 95 49
1945	243 19 40 91
1946	145 211 230 106
1947	210 169 162 219
1948	118 74 32 20
1949	1 221 156 37
1950	116 46 85 128
1951	87 115 175 182
1952	50 241 23 58
1953	127 233 7 246
1954	124 76 55 232
1955	205 237 28 244
1956	187 137 74 162
1957	169 37 112 132
1958	89 5 110 54
1959	74 199 154 245
1960	15 51 58 86
1961	71 130 166 37
1962	22 107 141 25
1963	112 212 20 38
1964	160 102 41 189
1965	88 189 58 22
1966	12 58 21 61
1967	50 85 219 151
1968	59 165 157 17
1969	100 241 42 202
1970	214 91 236 145
1971	249 123 189 46
1972	150 160 47 85
1973	213 43 169 122
1974	164 87 21 82
1975	11 122 25 6
1976	62 109 189 178
1977	114 203 140 245
1978	125 15 238 240
1979	238 12 231 4
1980	161 139 21 12
1981	210 121 42 173
1982	171 189 43 182
1983	136 10 21 199
1984	63 200 60 195
1985	142 158 17 42
1986	63 152 215 131
1987	204 232 130 38
1988	87 63 45 204
1989	82 237 208 86
1990	21 13 69 45
1991	75 230 121 243
1992	140 237 176 199
1993	15 161 143 197
1994	64 180 189 125
1995	66 40 20 31
1996	126 5 110 16
1997	51 217 23 89
1998	143 192 36 150
1999	142 82 155 211
2000	9 70 150 15
