Class Times	5
Rooms	10
1	66	B	1
2	54	A	1
3	94	C	0
4	56	A	0
5	15	C	0
6	98	C	1
7	89	A	0
8	77	C	0
9	18	C	1
10	21	C	0
Classes	50
Teachers	25
1	11	1	A	1
2	17	4	C	1
3	24	2	B	1
4	8	4	C	0
5	5	2	B	0
6	7	1	A	0
7	12	2	B	0
8	7	2	B	0
9	17	3	C	0
10	25	1	A	0
11	15	1	A	0
12	2	2	B	0
13	2	4	C	0
14	3	4	C	0
15	13	3	C	0
16	10	4	C	0
17	25	1	A	0
18	19	2	B	0
19	20	3	C	0
20	14	2	B	0
21	10	1	A	0
22	16	1	A	0
23	14	2	B	0
24	18	2	B	0
25	8	2	B	0
26	6	2	B	0
27	15	2	B	0
28	23	1	A	0
29	19	1	A	0
30	6	2	B	0
31	9	3	C	0
32	24	2	B	0
33	1	4	C	0
34	5	2	B	0
35	16	3	C	0
36	4	2	B	0
37	13	2	B	0
38	11	3	C	0
39	23	2	B	0
40	12	4	C	0
41	3	2	B	0
42	21	3	C	0
43	20	2	B	0
44	21	3	C	0
45	18	3	C	0
46	22	3	C	0
47	1	3	C	0
48	4	2	B	0
49	22	3	C	0
50	9	1	A	0
