Class Times	5
Rooms	10
1	89	A	0
2	28	A	0
3	10	A	0
4	76	C	1
5	19	C	0
6	62	C	1
7	84	B	0
8	39	C	1
9	25	B	1
10	43	C	1
Classes	50
Teachers	25
1	13	1	A	1
2	25	3	C	1
3	18	1	A	1
4	24	2	B	0
5	12	4	C	0
6	21	1	A	0
7	11	2	B	0
8	15	3	C	0
9	22	3	C	0
10	2	3	C	0
11	21	2	B	0
12	20	3	C	0
13	5	4	C	0
14	5	3	C	0
15	24	4	C	0
16	17	3	C	0
17	20	2	B	0
18	19	2	B	0
19	11	2	B	0
20	18	3	C	0
21	13	4	C	0
22	14	1	A	0
23	1	3	C	0
24	14	1	A	0
25	1	1	A	0
26	12	4	C	0
27	7	1	A	0
28	22	1	A	0
29	17	2	B	0
30	2	2	B	0
31	3	1	A	0
32	19	2	B	0
33	16	3	C	0
34	10	3	C	0
35	8	2	B	0
36	8	2	B	0
37	3	1	A	0
38	4	1	A	0
39	10	1	A	0
40	7	3	C	0
41	4	4	C	0
42	23	4	C	0
43	9	1	A	0
44	6	1	A	0
45	9	4	C	0
46	23	3	C	0
47	25	2	B	0
48	6	4	C	0
49	16	1	A	0
50	15	4	C	0
