Class Times	5
Rooms	10
1	71	A	1
2	90	B	0
3	85	A	1
4	66	B	1
5	41	C	0
6	39	A	1
7	89	C	0
8	42	C	0
9	87	C	1
10	31	B	1
Classes	50
Teachers	25
1	12	3	C	1
2	17	4	C	1
3	1	4	C	1
4	12	4	C	0
5	19	2	B	0
6	7	4	C	0
7	4	4	C	0
8	24	1	A	0
9	25	2	B	0
10	2	1	A	0
11	21	2	B	0
12	9	4	C	0
13	22	3	C	0
14	7	1	A	0
15	4	2	B	0
16	11	1	A	0
17	15	1	A	0
18	19	2	B	0
19	13	4	C	0
20	22	2	B	0
21	20	1	A	0
22	23	1	A	0
23	10	3	C	0
24	8	4	C	0
25	25	3	C	0
26	21	1	A	0
27	5	1	A	0
28	13	3	C	0
29	8	3	C	0
30	17	2	B	0
31	5	2	B	0
32	1	2	B	0
33	3	4	C	0
34	11	2	B	0
35	14	3	C	0
36	9	4	C	0
37	15	2	B	0
38	2	1	A	0
39	24	4	C	0
40	20	4	C	0
41	14	3	C	0
42	10	4	C	0
43	16	3	C	0
44	3	1	A	0
45	18	1	A	0
46	23	2	B	0
47	6	1	A	0
48	6	4	C	0
49	18	4	C	0
50	16	3	C	0
