Class Times	5
Rooms	10
1	36	C	0
2	59	C	1
3	69	A	1
4	27	A	1
5	59	B	1
6	80	A	0
7	81	B	1
8	65	A	1
9	63	A	1
10	43	B	1
Classes	50
Teachers	25
1	1	2	B	1
2	3	4	C	1
3	17	3	C	1
4	2	2	B	0
5	13	2	B	0
6	1	3	C	0
7	24	1	A	0
8	21	3	C	0
9	22	2	B	0
10	6	3	C	0
11	18	4	C	0
12	7	1	A	0
13	14	3	C	0
14	5	2	B	0
15	10	2	B	0
16	11	3	C	0
17	10	4	C	0
18	11	3	C	0
19	20	3	C	0
20	15	1	A	0
21	2	1	A	0
22	24	2	B	0
23	12	4	C	0
24	13	3	C	0
25	9	4	C	0
26	20	4	C	0
27	16	2	B	0
28	25	2	B	0
29	15	3	C	0
30	17	3	C	0
31	6	1	A	0
32	16	4	C	0
33	9	2	B	0
34	23	2	B	0
35	19	4	C	0
36	7	3	C	0
37	5	2	B	0
38	23	2	B	0
39	18	2	B	0
40	19	4	C	0
41	12	3	C	0
42	21	2	B	0
43	14	3	C	0
44	8	1	A	0
45	4	4	C	0
46	8	4	C	0
47	3	4	C	0
48	4	3	C	0
49	25	3	C	0
50	22	2	B	0
