Class Times	5
Rooms	10
1	57	C	0
2	16	A	1
3	55	C	0
4	74	C	1
5	91	A	1
6	26	B	0
7	70	B	1
8	76	A	0
9	83	B	1
10	76	A	0
Classes	50
Teachers	25
1	12	4	C	1
2	7	4	C	1
3	19	1	A	1
4	8	3	C	0
5	25	1	A	0
6	18	1	A	0
7	19	2	B	0
8	23	2	B	0
9	5	1	A	0
10	4	4	C	0
11	9	2	B	0
12	9	2	B	0
13	3	3	C	0
14	3	2	B	0
15	17	3	C	0
16	18	1	A	0
17	23	3	C	0
18	13	1	A	0
19	7	3	C	0
20	13	3	C	0
21	5	1	A	0
22	8	1	A	0
23	16	2	B	0
24	12	4	C	0
25	1	3	C	0
26	15	3	C	0
27	15	3	C	0
28	2	1	A	0
29	10	4	C	0
30	24	3	C	0
31	10	4	C	0
32	22	3	C	0
33	16	4	C	0
34	6	1	A	0
35	24	3	C	0
36	1	2	B	0
37	17	4	C	0
38	11	1	A	0
39	14	4	C	0
40	21	3	C	0
41	11	3	C	0
42	14	3	C	0
43	22	4	C	0
44	25	1	A	0
45	2	1	A	0
46	21	4	C	0
47	6	2	B	0
48	4	2	B	0
49	20	4	C	0
50	20	2	B	0
