Students	500
1	43 49 16 4	4	2	0
2	50 41 4 8	3	4	0
3	5 45 11 23	2	-1	0
4	48 8 35 40	2	-1	0
5	21 24 42 31	3	1	0
6	41 18 26 7	4	4	0
7	1 10 22 39	1	-1	0
8	3 34 6 37	1	-1	0
9	37 30 12 6	4	3	0
10	41 32 23 26	3	2	0
11	45 28 41 16	2	-1	0
12	23 34 46 27	2	-1	0
13	11 30 40 38	4	1	0
14	9 12 5 28	2	-1	0
15	33 8 17 6	4	2	0
16	40 5 29 31	2	-1	0
17	25 23 12 5	3	1	0
18	46 47 25 38	3	4	0
19	7 12 46 36	3	1	0
20	3 49 32 10	1	-1	0
21	1 34 40 37	1	-1	0
22	39 4 20 15	2	-1	0
23	16 32 9 42	4	2	0
24	8 13 5 31	2	-1	0
25	14 12 6 28	3	4	0
26	22 37 32 8	4	4	0
27	37 19 27 44	3	3	0
28	25 30 27 39	2	-1	0
29	21 8 9 46	3	3	0
30	32 12 35 22	2	-1	0
31	41 25 11 19	4	4	0
32	11 36 45 34	4	1	0
33	20 30 25 33	3	4	0
34	26 40 49 25	3	3	0
35	7 23 39 30	4	1	0
36	6 44 26 29	3	3	0
37	1 46 5 20	1	-1	0
38	25 41 29 33	3	3	0
39	1 41 45 36	1	-1	0
40	36 26 22 4	3	2	0
41	29 11 20 37	4	4	0
42	47 7 16 10	4	1	0
43	35 12 23 31	3	3	0
44	29 20 28 50	3	1	0
45	1 46 40 41	1	-1	0
46	45 33 25 49	3	1	0
47	3 40 19 37	1	-1	0
48	20 10 35 29	4	2	0
49	3 16 40 38	1	-1	0
50	1 39 13 11	1	-1	0
51	32 29 27 13	2	-1	0
52	3 15 21 20	1	-1	0
53	10 18 38 13	3	1	0
54	35 26 38 36	4	2	0
55	4 15 32 21	4	3	0
56	2 38 30 11	1	-1	0
57	20 48 17 44	2	-1	0
58	3 20 40 28	1	-1	0
59	15 12 11 24	2	-1	0
60	34 18 14 38	2	-1	0
61	19 5 40 18	3	1	0
62	1 47 43 29	1	-1	0
63	19 12 47 31	4	4	0
64	6 14 48 49	3	2	0
65	50 9 23 28	3	2	0
66	10 28 27 17	4	1	0
67	1 16 47 25	1	-1	0
68	1 15 22 39	1	-1	0
69	31 39 33 12	2	-1	0
70	40 11 34 30	3	1	0
71	41 46 39 30	3	2	0
72	22 5 50 28	4	4	0
73	7 15 28 17	2	-1	1
74	33 48 42 3	4	1	0
75	16 18 44 5	4	3	0
76	1 28 8 29	1	-1	0
77	32 17 28 23	2	-1	0
78	1 22 45 43	1	-1	0
79	44 42 28 29	4	1	0
80	2 50 48 14	1	-1	0
81	29 4 11 17	4	3	0
82	30 24 45 22	2	-1	0
83	41 32 47 16	2	-1	0
84	34 16 22 21	2	-1	0
85	10 37 7 26	2	-1	0
86	30 50 7 39	2	-1	0
87	37 17 49 13	3	2	0
88	17 7 15 12	3	3	0
89	3 22 28 19	1	-1	0
90	17 16 21 40	4	1	0
91	33 36 40 14	2	-1	0
92	24 49 12 14	2	-1	0
93	35 26 42 40	4	2	0
94	5 21 44 30	4	1	0
95	1 4 32 37	1	-1	0
96	16 24 30 17	3	4	0
97	1 37 49 34	1	-1	0
98	13 43 41 23	4	1	0
99	32 20 27 35	2	-1	0
100	17 10 30 27	3	1	0
101	50 19 6 48	2	-1	0
102	3 9 24 13	1	-1	0
103	21 50 17 28	3	3	0
104	3 7 38 9	1	-1	0
105	1 18 41 20	1	-1	0
106	11 25 45 17	3	4	0
107	42 37 22 49	4	4	0
108	1 6 32 40	1	-1	0
109	37 42 7 17	4	1	0
110	27 15 24 26	3	3	0
111	2 16 27 50	1	-1	0
112	21 27 31 25	2	-1	0
113	22 29 41 21	3	3	0
114	22 13 32 11	4	1	0
115	38 45 29 34	2	-1	0
116	48 22 21 9	4	3	0
117	46 7 39 31	3	4	0
118	1 34 39 23	1	-1	0
119	15 42 47 23	2	-1	0
120	48 46 22 45	2	-1	0
121	9 7 46 15	2	-1	0
122	30 17 49 14	4	2	0
123	5 25 15 12	3	3	0
124	30 11 36 44	4	2	0
125	1 45 25 37	1	-1	0
126	15 25 28 43	2	-1	0
127	5 44 39 43	2	-1	0
128	3 28 42 23	1	-1	0
129	2 6 45 15	1	-1	0
130	20 44 49 22	3	3	0
131	25 39 34 12	4	1	0
132	48 4 39 7	4	2	0
133	25 15 22 40	2	-1	0
134	33 32 38 9	3	1	0
135	2 28 38 30	1	-1	0
136	35 50 27 36	2	-1	0
137	44 36 28 13	4	2	0
138	22 20 19 40	3	4	0
139	27 26 22 41	2	-1	0
140	5 12 32 21	2	-1	0
141	45 50 15 8	3	3	0
142	1 12 50 19	1	-1	0
143	46 31 25 27	4	3	0
144	5 4 48 2	2	-1	0
145	2 33 28 38	1	-1	0
146	9 48 33 32	4	1	0
147	36 33 44 6	4	2	0
148	3 24 37 12	1	-1	0
149	45 30 43 25	2	-1	0
150	3 15 16 33	1	-1	0
151	1 24 12 16	1	-1	0
152	47 8 28 9	3	2	0
153	37 42 32 44	4	4	0
154	16 29 42 19	2	-1	0
155	29 9 25 43	4	1	0
156	16 8 28 23	4	4	0
157	1 18 22 40	1	-1	0
158	2 4 36 41	1	-1	0
159	28 48 13 33	2	-1	0
160	26 7 8 17	2	-1	0
161	15 34 5 42	2	-1	0
162	21 29 35 39	3	2	0
163	3 32 38 25	1	-1	0
164	16 26 36 14	2	-1	0
165	45 41 39 26	3	3	0
166	6 50 20 42	3	2	0
167	1 17 35 49	1	-1	0
168	42 25 47 5	3	3	0
169	24 10 17 48	2	-1	0
170	28 30 17 40	3	1	0
171	3 30 45 42	1	-1	0
172	28 49 38 27	4	3	0
173	15 19 36 29	4	1	0
174	22 31 6 21	2	-1	0
175	19 49 35 39	4	3	0
176	16 26 12 40	2	-1	0
177	34 32 31 11	2	-1	0
178	38 43 36 19	3	2	0
179	2 8 21 41	1	-1	0
180	48 18 50 26	3	2	0
181	46 19 38 17	2	-1	0
182	2 46 13 16	1	-1	0
183	2 38 35 22	1	-1	1
184	1 36 49 4	1	-1	0
185	3 10 11 48	1	-1	0
186	18 45 22 49	2	-1	0
187	10 8 46 22	3	1	0
188	3 11 48 47	1	-1	0
189	2 38 13 18	1	-1	0
190	1 11 38 31	1	-1	0
191	11 45 25 23	4	3	0
192	28 43 40 22	3	3	0
193	1 19 37 12	1	-1	0
194	12 14 24 1	3	1	0
195	32 30 40 28	4	1	0
196	42 50 11 13	2	-1	0
197	44 37 36 18	2	-1	0
198	1 38 11 33	1	-1	0
199	3 36 10 22	1	-1	0
200	40 14 29 38	2	-1	0
201	30 32 18 35	3	4	0
202	3 50 25 38	1	-1	0
203	29 32 34 27	4	3	0
204	32 8 24 17	3	3	0
205	34 24 12 31	3	2	0
206	9 31 48 7	2	-1	0
207	1 13 6 46	1	-1	0
208	50 19 31 24	3	1	0
209	12 15 9 5	3	1	0
210	1 20 29 50	1	-1	0
211	7 23 42 41	4	1	0
212	33 29 43 11	2	-1	0
213	30 24 26 22	3	1	0
214	14 44 43 37	2	-1	0
215	4 24 44 12	2	-1	0
216	2 28 49 25	1	-1	0
217	24 7 38 35	2	-1	0
218	40 35 7 23	2	-1	0
219	2 28 15 45	1	-1	0
220	7 28 36 34	4	2	0
221	48 41 26 20	3	2	0
222	1 47 32 14	1	-1	0
223	31 12 19 16	3	4	0
224	37 42 9 45	4	3	0
225	6 32 45 12	2	-1	0
226	3 7 24 15	1	-1	0
227	21 48 39 30	4	1	0
228	35 7 36 13	3	1	0
229	25 41 43 17	3	1	0
230	37 9 21 22	2	-1	0
231	3 6 38 23	1	-1	0
232	39 8 23 28	3	4	0
233	45 19 42 21	2	-1	0
234	3 4 23 15	1	-1	0
235	3 29 23 18	1	-1	0
236	46 4 18 26	2	-1	0
237	34 30 19 21	3	4	0
238	1 16 6 35	1	-1	0
239	11 40 37 13	2	-1	0
240	2 12 31 15	1	-1	0
241	24 42 26 5	4	2	0
242	49 15 39 16	3	3	0
243	26 32 15 48	4	4	0
244	30 23 40 45	2	-1	0
245	37 43 13 4	2	-1	0
246	34 44 6 45	4	1	0
247	41 5 35 39	2	-1	0
248	38 24 21 23	4	4	0
249	47 41 45 6	2	-1	0
250	10 48 37 15	3	4	0
251	5 49 47 30	3	1	0
252	15 7 48 45	2	-1	0
253	19 16 39 13	3	4	0
254	48 15 12 31	4	1	0
255	1 12 49 42	1	-1	0
256	10 11 4 25	3	4	0
257	1 17 24 16	1	-1	0
258	40 38 25 29	2	-1	0
259	23 26 8 37	3	2	0
260	3 13 38 22	1	-1	0
261	30 41 20 44	3	4	0
262	22 37 24 33	4	2	0
263	49 22 5 46	4	4	0
264	10 29 36 31	2	-1	0
265	47 35 28 44	4	3	0
266	48 17 47 10	2	-1	0
267	49 44 6 41	3	1	0
268	37 38 34 20	4	4	0
269	3 37 26 36	1	-1	0
270	32 22 33 7	4	2	0
271	28 18 7 33	4	4	0
272	16 28 31 37	2	-1	0
273	5 10 29 13	4	2	0
274	50 26 31 37	3	4	0
275	22 25 24 36	4	1	0
276	36 12 44 30	3	2	0
277	3 27 41 43	1	-1	0
278	3 17 22 19	1	-1	0
279	44 9 46 36	2	-1	0
280	1 35 32 42	1	-1	0
281	10 13 19 32	3	1	0
282	4 9 49 42	4	1	0
283	17 48 15 47	4	4	0
284	36 16 28 13	3	2	0
285	6 4 40 15	3	2	0
286	1 29 5 37	1	-1	0
287	3 7 4 43	1	-1	0
288	28 35 50 48	4	1	0
289	15 10 14 49	2	-1	0
290	3 38 26 4	1	-1	0
291	1 15 35 43	1	-1	0
292	2 24 22 26	1	-1	0
293	19 22 13 39	2	-1	0
294	18 20 4 6	3	3	0
295	11 35 8 44	4	4	0
296	49 37 4 9	4	1	0
297	28 6 29 21	2	-1	0
298	43 35 20 36	2	-1	0
299	14 12 22 20	3	4	0
300	2 13 26 29	1	-1	0
301	29 48 26 35	2	-1	0
302	37 22 5 48	4	3	0
303	42 9 46 40	2	-1	0
304	19 46 31 18	3	1	0
305	7 37 43 27	3	1	0
306	5 22 43 24	2	-1	0
307	2 9 7 44	1	-1	0
308	1 38 45 36	1	-1	0
309	30 36 35 49	2	-1	0
310	16 8 15 32	4	1	0
311	30 40 12 41	4	2	0
312	4 19 11 41	3	4	0
313	2 43 41 19	1	-1	0
314	27 12 17 41	3	3	0
315	3 21 19 48	1	-1	0
316	12 4 6 40	4	1	0
317	4 29 22 45	4	2	0
318	3 36 34 48	1	-1	0
319	45 16 25 47	4	3	0
320	37 10 14 30	2	-1	0
321	19 14 39 5	4	1	0
322	23 12 6 38	4	3	0
323	15 45 34 29	2	-1	0
324	46 31 10 39	3	1	0
325	1 46 4 17	1	-1	0
326	25 23 37 30	4	1	0
327	35 19 47 46	4	3	0
328	6 16 15 47	2	-1	0
329	6 50 44 10	4	3	0
330	46 44 20 21	3	4	0
331	5 32 16 36	3	1	0
332	43 15 48 47	3	2	0
333	18 35 17 12	2	-1	0
334	2 10 39 20	1	-1	0
335	26 37 50 11	4	2	0
336	43 25 27 13	2	-1	1
337	9 37 39 45	2	-1	0
338	2 4 32 6	1	-1	0
339	47 16 48 11	3	3	0
340	25 19 29 20	2	-1	0
341	3 42 13 17	1	-1	0
342	11 29 28 19	2	-1	0
343	3 4 34 19	1	-1	0
344	2 36 38 19	1	-1	0
345	18 22 23 39	4	4	0
346	39 30 46 45	4	1	0
347	9 27 45 18	3	4	0
348	1 16 42 40	1	-1	0
349	37 44 5 49	3	4	0
350	5 12 18 21	2	-1	0
351	32 25 44 50	3	2	0
352	2 12 39 26	1	-1	0
353	37 21 30 29	3	2	0
354	16 47 14 30	4	3	0
355	3 22 43 40	1	-1	0
356	48 10 31 25	4	1	0
357	3 9 29 35	1	-1	0
358	31 42 38 11	2	-1	0
359	30 50 44 22	3	3	0
360	33 5 36 49	4	1	0
361	19 32 45 48	3	3	0
362	15 48 33 50	4	2	0
363	5 48 43 27	4	2	0
364	50 30 7 28	3	3	0
365	25 48 33 26	4	3	0
366	49 28 18 21	3	2	0
367	10 31 36 26	3	1	0
368	47 21 43 15	3	3	0
369	18 40 16 34	2	-1	0
370	3 43 36 25	1	-1	0
371	3 27 14 28	1	-1	0
372	3 33 6 10	1	-1	0
373	30 34 43 45	4	2	0
374	1 35 21 34	1	-1	0
375	16 18 26 24	2	-1	0
376	5 4 27 30	4	1	0
377	1 11 29 9	1	-1	0
378	2 17 36 30	1	-1	0
379	25 21 20 11	3	3	0
380	23 48 43 17	2	-1	0
381	3 23 19 25	1	-1	0
382	1 30 37 48	1	-1	0
383	2 30 27 32	1	-1	0
384	1 33 23 34	1	-1	0
385	29 9 8 35	3	2	0
386	43 12 37 33	2	-1	0
387	36 41 6 37	4	3	0
388	24 6 17 4	4	4	0
389	20 37 46 11	3	3	0
390	34 41 12 28	3	3	0
391	13 17 46 39	2	-1	0
392	13 34 19 18	3	1	0
393	26 25 42 17	4	4	0
394	38 32 35 45	3	3	0
395	3 24 15 49	1	-1	0
396	18 20 38 45	3	2	0
397	5 12 37 22	2	-1	0
398	41 46 23 49	3	3	0
399	3 21 35 5	1	-1	0
400	2 14 46 39	1	-1	0
401	21 5 19 28	4	3	0
402	42 9 38 35	3	3	0
403	2 28 24 32	1	-1	0
404	2 15 5 47	1	-1	0
405	24 8 12 19	2	-1	0
406	33 24 49 15	3	1	0
407	2 33 35 48	1	-1	0
408	27 49 41 15	2	-1	0
409	31 39 9 34	2	-1	0
410	2 22 43 45	1	-1	0
411	42 13 26 46	2	-1	0
412	48 20 33 21	4	2	0
413	22 18 27 50	4	3	0
414	2 45 41 23	1	-1	0
415	1 47 21 8	1	-1	0
416	3 10 13 14	1	-1	0
417	2 4 39 13	1	-1	0
418	8 6 30 16	2	-1	0
419	37 26 31 6	2	-1	0
420	23 9 37 32	4	3	0
421	14 43 46 8	4	3	0
422	2 12 37 38	1	-1	0
423	27 38 44 32	2	-1	0
424	12 27 34 40	2	-1	0
425	3 5 40 21	1	-1	0
426	31 40 24 39	4	1	0
427	5 32 37 6	3	2	0
428	19 20 31 6	2	-1	0
429	15 46 40 18	4	4	0
430	48 50 32 37	3	1	0
431	2 50 39 28	1	-1	0
432	4 5 43 24	4	4	0
433	41 15 43 17	3	2	0
434	3 17 47 5	1	-1	0
435	1 47 11 28	1	-1	0
436	3 9 29 38	1	-1	0
437	32 21 44 37	4	3	0
438	41 43 39 22	4	4	0
439	2 43 27 10	1	-1	0
440	3 26 42 20	1	-1	0
441	7 18 4 6	4	1	0
442	32 5 31 20	3	2	0
443	33 35 4 10	2	-1	0
444	48 10 5 8	4	3	0
445	15 47 40 43	4	3	0
446	37 6 33 17	4	3	0
447	44 42 11 35	3	4	0
448	2 4 26 24	1	-1	0
449	1 15 37 4	1	-1	0
450	2 12 11 31	1	-1	0
451	18 23 39 12	2	-1	0
452	49 5 27 13	4	4	0
453	44 28 37 27	3	3	0
454	37 39 46 22	3	4	0
455	49 28 8 45	2	-1	0
456	2 16 49 25	1	-1	0
457	49 24 31 21	4	2	0
458	19 32 5 45	2	-1	0
459	1 14 10 38	1	-1	0
460	16 7 37 33	4	2	0
461	1 14 16 39	1	-1	0
462	1 29 31 18	1	-1	0
463	3 43 33 16	1	-1	0
464	11 43 50 19	4	1	0
465	41 42 46 31	3	1	0
466	36 18 34 19	4	2	0
467	42 50 38 37	3	2	0
468	38 8 46 31	3	2	0
469	41 28 46 26	3	3	0
470	31 43 14 16	3	4	0
471	2 41 29 5	1	-1	0
472	42 10 17 36	4	1	0
473	41 28 49 8	4	4	0
474	31 30 36 11	3	1	0
475	25 4 46 12	4	4	0
476	2 43 6 48	1	-1	0
477	48 13 9 15	3	3	0
478	49 8 39 15	4	2	0
479	47 37 15 24	2	-1	0
480	2 23 6 8	1	-1	0
481	37 8 12 21	2	-1	0
482	27 9 21 44	4	1	0
483	3 6 13 20	1	-1	0
484	27 49 9 32	3	2	0
485	3 43 35 28	1	-1	0
486	13 45 29 5	2	-1	0
487	3 39 6 23	1	-1	0
488	29 31 49 13	3	2	0
489	27 38 15 43	2	-1	0
490	7 31 39 37	4	3	0
491	12 17 4 27	2	-1	0
492	35 21 50 45	2	-1	0
493	20 23 41 29	4	3	0
494	37 16 32 27	3	4	0
495	13 36 42 48	3	2	0
496	4 46 20 18	3	4	0
497	3 35 49 25	1	-1	1
498	7 50 25 20	2	-1	0
499	39 14 13 4	3	1	0
500	15 46 29 4	2	-1	0
