Students	500
1	9 35 49 50	4	1	0
2	18 12 30 35	2	-1	0
3	5 42 8 26	4	3	0
4	28 50 34 43	3	2	0
5	39 38 23 16	4	4	0
6	33 21 15 38	4	2	0
7	21 16 28 17	4	1	0
8	3 43 20 34	1	-1	0
9	37 16 35 14	4	4	0
10	17 48 41 45	4	1	0
11	10 35 11 30	3	1	0
12	2 33 21 13	1	-1	0
13	1 40 48 12	1	-1	0
14	37 19 24 38	2	-1	0
15	18 25 35 41	3	3	0
16	37 31 41 47	3	2	0
17	25 11 38 21	3	4	0
18	17 24 41 9	4	3	0
19	29 43 33 42	4	1	0
20	31 15 18 49	4	4	0
21	5 24 50 21	3	2	0
22	2 21 43 15	1	-1	0
23	27 24 34 46	3	1	0
24	2 49 17 19	1	-1	0
25	19 11 25 36	2	-1	0
26	39 16 21 43	3	2	0
27	12 5 25 26	3	4	0
28	1 36 9 24	1	-1	0
29	42 12 7 8	4	3	0
30	2 34 4 28	1	-1	0
31	3 25 31 5	1	-1	0
32	2 28 16 36	1	-1	0
33	39 28 19 22	4	2	0
34	25 10 4 13	3	1	0
35	29 47 42 34	3	3	0
36	37 20 32 16	3	1	0
37	48 29 37 21	2	-1	0
38	32 18 20 48	3	4	0
39	11 24 47 31	2	-1	0
40	19 17 30 27	2	-1	0
41	19 8 38 10	3	1	0
42	3 45 15 43	1	-1	0
43	21 7 38 34	3	3	0
44	46 39 49 22	3	4	0
45	17 49 44 37	3	3	0
46	22 9 25 47	3	4	0
47	40 23 13 25	3	2	0
48	39 29 31 50	2	-1	0
49	5 48 21 15	4	1	0
50	31 12 23 49	3	4	0
51	48 10 33 42	2	-1	0
52	36 15 6 25	2	-1	0
53	47 48 49 29	4	4	0
54	26 9 37 27	2	-1	0
55	40 46 29 34	4	2	0
56	29 43 17 44	3	1	0
57	10 49 50 42	4	1	0
58	1 7 50 33	1	-1	0
59	21 36 42 26	2	-1	0
60	23 29 42 21	3	4	0
61	1 35 13 30	1	-1	0
62	16 4 27 48	2	-1	0
63	3 38 13 41	1	-1	0
64	3 20 7 8	1	-1	0
65	34 27 23 14	4	4	0
66	28 41 20 33	3	4	0
67	12 29 4 36	2	-1	0
68	20 13 23 40	2	-1	0
69	35 34 40 17	3	3	0
70	3 45 23 38	1	-1	0
71	43 47 49 17	2	-1	0
72	48 11 9 50	3	3	0
73	17 47 18 16	4	2	0
74	34 22 35 47	2	-1	0
75	8 17 29 15	4	2	0
76	42 29 45 5	4	4	0
77	16 22 15 31	2	-1	0
78	15 23 7 5	2	-1	0
79	31 29 43 11	4	3	0
80	11 49 31 37	2	-1	0
81	18 38 27 10	4	1	0
82	1 4 17 46	1	-1	0
83	34 28 14 49	3	3	0
84	27 28 5 40	3	2	0
85	38 28 10 17	4	1	0
86	29 8 13 38	2	-1	0
87	13 40 44 42	4	2	0
88	44 26 33 34	4	3	0
89	22 18 8 46	2	-1	0
90	32 29 9 37	4	2	0
91	9 19 45 47	2	-1	0
92	34 11 40 21	2	-1	0
93	39 21 4 15	3	3	0
94	36 22 37 16	3	2	0
95	26 36 17 33	2	-1	0
96	3 7 4 46	1	-1	0
97	8 17 20 48	2	-1	0
98	50 19 5 33	2	-1	0
99	37 49 33 23	4	3	0
100	34 24 16 19	3	1	0
101	13 8 12 15	3	2	1
102	3 34 24 16	1	-1	0
103	10 22 36 16	2	-1	0
104	29 30 44 50	3	1	0
105	22 31 21 37	3	3	0
106	21 36 20 14	2	-1	0
107	1 14 42 15	1	-1	0
108	11 35 16 17	2	-1	0
109	38 48 49 15	2	-1	0
110	13 17 45 37	4	2	0
111	11 13 17 35	3	1	0
112	40 11 12 15	2	-1	0
113	26 22 18 24	2	-1	0
114	1 12 49 8	1	-1	0
115	50 21 28 39	3	3	0
116	27 4 28 21	4	3	0
117	1 44 34 14	1	-1	0
118	7 16 15 5	3	2	0
119	5 10 15 7	4	1	0
120	2 48 20 18	1	-1	0
121	3 50 35 31	1	-1	0
122	46 5 34 25	2	-1	0
123	2 5 25 29	1	-1	0
124	1 19 34 12	1	-1	0
125	31 48 36 25	3	2	0
126	34 29 8 15	2	-1	0
127	26 28 17 21	2	-1	0
128	29 21 33 36	2	-1	0
129	25 40 4 9	3	2	0
130	9 15 49 29	2	-1	0
131	22 12 38 21	2	-1	0
132	48 35 41 49	2	-1	0
133	27 22 15 24	3	3	0
134	10 47 36 40	4	2	0
135	2 42 37 29	1	-1	0
136	1 7 42 22	1	-1	0
137	47 16 18 38	2	-1	0
138	17 25 5 42	3	4	0
139	3 21 35 7	1	-1	0
140	45 24 30 27	2	-1	0
141	45 6 49 47	2	-1	0
142	41 30 12 5	4	4	0
143	24 38 15 21	4	2	0
144	39 29 43 38	2	-1	0
145	12 18 20 39	2	-1	0
146	48 25 7 43	2	-1	0
147	49 15 36 14	3	2	0
148	3 33 12 6	1	-1	0
149	2 28 34 46	1	-1	0
150	28 31 15 41	3	1	0
151	2 39 23 36	1	-1	0
152	36 31 19 32	4	2	0
153	10 23 9 24	3	3	0
154	45 46 39 19	3	2	0
155	44 46 13 14	4	3	0
156	24 47 13 10	3	4	0
157	10 15 28 30	3	4	0
158	15 9 10 13	4	2	0
159	5 8 46 23	3	3	0
160	2 9 4 22	1	-1	0
161	12 7 23 9	3	4	0
162	29 6 37 47	3	3	0
163	2 39 41 9	1	-1	0
164	1 8 4 10	1	-1	0
165	3 29 32 12	1	-1	0
166	1 5 34 6	1	-1	0
167	37 35 25 49	2	-1	0
168	3 38 12 44	1	-1	0
169	7 16 10 44	4	4	0
170	3 42 9 44	1	-1	0
171	37 46 43 32	4	2	0
172	43 19 25 8	3	2	0
173	1 6 41 38	1	-1	0
174	7 11 37 15	4	1	0
175	40 39 16 20	4	2	0
176	24 12 18 40	3	2	0
177	15 8 13 23	4	2	0
178	3 18 23 33	1	-1	0
179	1 43 50 13	1	-1	0
180	7 25 46 39	4	2	0
181	25 24 40 38	4	1	0
182	3 39 14 36	1	-1	0
183	39 34 49 41	4	1	0
184	3 43 14 44	1	-1	0
185	17 16 30 13	4	4	0
186	2 6 18 50	1	-1	0
187	37 36 34 24	4	3	0
188	16 17 23 32	2	-1	0
189	40 25 42 34	2	-1	0
190	19 48 8 6	3	2	0
191	21 25 31 9	4	3	0
192	2 10 17 20	1	-1	0
193	7 34 41 20	2	-1	0
194	7 21 29 41	3	2	0
195	2 48 14 26	1	-1	0
196	3 42 19 13	1	-1	0
197	2 42 13 19	1	-1	0
198	11 33 36 31	2	-1	0
199	21 28 33 35	2	-1	0
200	29 50 37 20	4	2	0
201	2 19 9 32	1	-1	0
202	2 33 19 8	1	-1	0
203	36 27 19 15	4	4	0
204	15 38 32 35	4	3	0
205	44 37 9 35	3	1	0
206	27 30 15 18	2	-1	0
207	18 34 30 29	3	4	0
208	3 8 49 17	1	-1	0
209	22 41 8 4	4	3	0
210	1 10 8 11	1	-1	0
211	26 32 21 13	4	2	0
212	25 6 22 40	2	-1	0
213	1 28 27 22	1	-1	0
214	14 6 17 49	2	-1	0
215	13 5 26 29	3	3	0
216	19 32 33 29	2	-1	0
217	2 33 45 5	1	-1	0
218	1 27 31 21	1	-1	0
219	5 44 17 39	3	2	0
220	5 35 33 13	4	3	0
221	6 43 50 10	2	-1	0
222	17 26 24 35	4	1	0
223	22 18 26 45	2	-1	0
224	2 16 49 21	1	-1	0
225	12 37 48 23	4	4	0
226	40 31 45 18	4	4	0
227	10 11 39 46	3	4	0
228	14 30 12 19	4	1	0
229	28 19 12 27	4	3	0
230	8 40 22 14	2	-1	0
231	3 4 45 48	1	-1	0
232	32 36 16 28	4	4	0
233	49 7 30 15	2	-1	0
234	3 50 13 35	1	-1	0
235	37 47 32 13	3	1	0
236	19 26 30 14	2	-1	0
237	28 27 32 9	2	-1	0
238	2 34 25 21	1	-1	0
239	21 42 17 10	3	3	0
240	3 26 36 21	1	-1	0
241	49 50 25 35	4	4	0
242	41 36 43 6	4	4	0
243	40 7 33 37	3	1	0
244	41 47 19 12	4	2	0
245	46 23 32 34	4	1	0
246	48 49 30 16	3	3	0
247	26 23 32 15	4	1	0
248	2 17 6 21	1	-1	0
249	14 17 22 36	3	3	0
250	33 38 26 6	4	4	0
251	16 10 36 34	4	2	0
252	25 46 23 13	2	-1	0
253	4 40 37 33	4	1	0
254	46 11 48 25	4	2	0
255	21 35 29 34	2	-1	0
256	25 21 45 36	3	1	0
257	31 17 15 28	3	4	0
258	43 29 19 7	2	-1	0
259	32 11 20 34	2	-1	0
260	2 9 35 10	1	-1	0
261	35 27 42 40	2	-1	0
262	14 20 46 28	3	2	0
263	37 12 14 11	2	-1	0
264	17 26 20 8	4	2	0
265	31 21 38 23	2	-1	0
266	27 9 20 34	4	2	0
267	43 28 33 12	2	-1	0
268	41 50 8 12	4	2	0
269	1 33 37 27	1	-1	0
270	2 11 12 48	1	-1	0
271	1 33 26 27	1	-1	0
272	21 27 48 24	4	4	0
273	25 41 42 48	3	4	0
274	30 36 47 19	2	-1	0
275	1 41 38 30	1	-1	0
276	18 36 46 34	2	-1	0
277	28 43 35 50	3	2	0
278	12 36 47 34	3	3	0
279	38 13 11 49	2	-1	0
280	1 49 35 12	1	-1	0
281	40 8 36 13	2	-1	0
282	11 32 20 31	4	1	0
283	32 23 24 29	4	4	0
284	45 32 10 20	2	-1	0
285	14 28 9 31	4	3	0
286	3 47 46 42	1	-1	0
287	43 25 39 24	4	4	0
288	1 39 26 32	1	-1	0
289	32 17 33 43	3	1	0
290	3 40 25 50	1	-1	0
291	15 40 31 14	2	-1	0
292	38 44 29 49	3	2	0
293	10 45 11 44	4	4	0
294	38 13 15 35	3	2	0
295	6 22 13 32	3	1	0
296	1 47 34 38	1	-1	0
297	14 5 8 4	2	-1	0
298	23 22 31 47	3	4	0
299	30 4 36 45	2	-1	0
300	14 26 49 9	4	4	0
301	41 40 8 36	3	2	0
302	2 4 36 15	1	-1	0
303	24 46 31 11	3	1	0
304	12 39 26 30	3	4	0
305	38 13 50 25	3	1	0
306	2 40 39 23	1	-1	0
307	3 36 4 11	1	-1	0
308	31 11 27 47	4	2	0
309	6 5 39 17	2	-1	0
310	43 47 7 18	2	-1	0
311	3 48 32 35	1	-1	0
312	15 11 29 13	4	4	0
313	3 11 7 49	1	-1	0
314	50 47 31 26	2	-1	0
315	25 42 26 13	3	2	0
316	2 15 32 50	1	-1	0
317	8 4 17 49	4	3	0
318	36 18 21 39	3	2	0
319	2 40 50 30	1	-1	0
320	5 14 35 18	4	3	0
321	20 49 9 18	2	-1	0
322	18 49 42 30	4	1	0
323	35 26 29 31	2	-1	0
324	7 50 41 43	3	4	0
325	17 32 48 46	2	-1	0
326	29 8 49 21	4	1	0
327	26 40 39 5	2	-1	0
328	10 23 17 20	3	1	0
329	2 4 31 24	1	-1	0
330	29 39 6 32	2	-1	0
331	20 50 7 8	4	4	0
332	46 25 5 22	2	-1	0
333	2 44 29 46	1	-1	0
334	47 33 10 31	3	1	0
335	22 21 31 36	3	2	0
336	27 32 47 30	3	3	0
337	18 6 36 27	4	4	0
338	27 37 21 4	2	-1	0
339	46 9 22 36	3	3	1
340	3 37 42 12	1	-1	0
341	49 19 25 18	2	-1	0
342	49 25 12 50	3	3	0
343	2 10 20 30	1	-1	0
344	3 9 44 32	1	-1	0
345	41 29 5 37	3	4	0
346	2 44 29 20	1	-1	0
347	43 44 27 15	2	-1	0
348	10 42 17 26	4	1	0
349	20 38 31 45	3	1	0
350	40 29 14 13	3	4	0
351	8 33 21 13	4	1	0
352	14 31 19 41	3	4	0
353	22 20 7 34	3	3	0
354	10 19 31 18	2	-1	0
355	5 36 37 31	4	1	0
356	3 12 47 15	1	-1	0
357	1 8 36 43	1	-1	0
358	10 12 32 19	3	2	0
359	41 12 45 13	3	4	0
360	36 7 47 50	3	1	0
361	42 24 25 48	3	1	0
362	35 14 45 19	3	3	0
363	18 43 34 48	3	3	0
364	3 39 35 14	1	-1	0
365	23 5 11 38	3	2	0
366	15 30 23 42	2	-1	0
367	2 8 5 43	1	-1	0
368	30 21 10 29	3	4	0
369	4 13 47 35	3	2	0
370	44 47 35 13	2	-1	0
371	5 8 20 47	2	-1	0
372	1 7 5 45	1	-1	0
373	43 47 28 27	3	4	0
374	49 6 42 17	4	2	0
375	3 10 42 50	1	-1	0
376	16 23 17 27	2	-1	0
377	50 30 49 35	2	-1	0
378	3 27 17 18	1	-1	0
379	3 5 4 27	1	-1	0
380	2 13 20 27	1	-1	0
381	41 50 28 46	2	-1	0
382	2 22 31 25	1	-1	0
383	26 11 28 21	2	-1	0
384	23 37 26 50	3	4	0
385	22 41 30 15	3	1	0
386	15 22 37 29	3	4	0
387	11 35 29 8	2	-1	0
388	38 17 44 29	4	1	0
389	45 7 15 37	2	-1	0
390	41 15 49 39	3	3	0
391	50 10 9 25	4	1	0
392	3 4 5 24	1	-1	0
393	16 20 15 31	3	2	0
394	34 47 44 31	2	-1	0
395	48 42 19 38	2	-1	0
396	2 8 19 34	1	-1	0
397	8 6 43 22	3	4	0
398	27 45 25 47	4	3	0
399	3 34 25 8	1	-1	0
400	29 14 25 24	4	3	1
401	34 26 40 22	3	3	0
402	47 9 45 7	4	1	0
403	33 7 32 47	4	4	0
404	11 4 43 22	3	1	0
405	33 20 31 44	3	3	0
406	1 36 23 33	1	-1	0
407	1 11 9 40	1	-1	0
408	3 30 4 39	1	-1	0
409	7 46 50 30	2	-1	0
410	26 32 24 10	3	4	0
411	49 17 22 35	3	4	0
412	25 38 18 49	2	-1	0
413	26 29 36 27	2	-1	0
414	38 48 21 6	3	3	0
415	34 31 36 16	4	4	0
416	14 15 8 30	2	-1	0
417	3 24 18 39	1	-1	0
418	3 46 33 36	1	-1	0
419	1 12 27 43	1	-1	0
420	38 31 7 35	3	4	0
421	21 16 49 4	3	3	0
422	43 5 40 36	4	2	0
423	29 16 6 19	2	-1	0
424	41 12 4 31	3	3	0
425	49 11 45 33	2	-1	0
426	48 7 14 27	2	-1	0
427	19 39 14 34	2	-1	0
428	33 15 4 20	3	4	0
429	1 7 12 29	1	-1	0
430	14 31 6 8	4	4	0
431	12 46 15 7	3	2	0
432	8 15 49 41	4	3	0
433	33 36 20 26	3	4	0
434	6 24 49 27	4	3	0
435	40 33 10 45	2	-1	0
436	40 4 28 45	4	2	0
437	31 10 5 12	2	-1	0
438	11 50 45 21	2	-1	0
439	14 7 27 9	4	4	0
440	29 32 9 40	4	2	0
441	16 22 4 17	2	-1	0
442	25 20 30 7	2	-1	0
443	3 12 6 39	1	-1	0
444	23 36 48 38	4	1	0
445	23 26 42 24	3	2	0
446	12 37 16 17	4	3	0
447	38 15 21 41	4	1	0
448	33 26 39 41	4	4	0
449	46 22 37 4	4	4	0
450	49 36 28 32	2	-1	0
451	25 34 6 36	2	-1	0
452	12 50 49 18	4	2	1
453	3 48 42 28	1	-1	1
454	46 22 49 17	4	4	0
455	2 21 15 33	1	-1	0
456	9 40 22 37	4	2	0
457	2 15 20 8	1	-1	0
458	11 31 50 23	4	1	0
459	2 29 10 9	1	-1	0
460	2 42 28 4	1	-1	0
461	11 15 45 47	4	1	0
462	2 41 20 6	1	-1	0
463	49 11 13 12	4	3	0
464	13 42 48 20	2	-1	0
465	19 45 32 39	4	1	0
466	26 5 6 24	4	4	0
467	20 44 15 46	2	-1	0
468	31 21 50 20	2	-1	0
469	24 40 19 47	3	3	0
470	27 6 47 46	4	3	0
471	20 40 8 43	2	-1	0
472	1 22 43 48	1	-1	0
473	20 50 13 22	3	1	1
474	27 39 21 22	3	3	0
475	3 48 34 47	1	-1	0
476	13 47 23 7	4	2	0
477	19 28 27 47	4	4	0
478	2 35 25 45	1	-1	0
479	46 23 9 4	3	4	0
480	3 29 32 11	1	-1	0
481	19 25 32 4	4	2	1
482	34 18 41 50	4	3	0
483	12 41 18 40	4	1	0
484	41 13 35 49	4	4	1
485	3 6 15 34	1	-1	0
486	3 5 14 18	1	-1	0
487	38 43 35 47	3	3	0
488	15 28 21 50	2	-1	0
489	41 9 50 12	2	-1	0
490	2 32 48 50	1	-1	0
491	10 45 25 23	3	2	0
492	34 17 48 50	2	-1	0
493	12 32 42 33	4	2	0
494	17 20 6 23	2	-1	0
495	42 38 31 39	3	3	0
496	44 45 39 38	3	4	0
497	38 4 36 47	3	4	0
498	18 8 35 48	3	3	0
499	1 43 39 24	1	-1	0
500	13 7 6 32	4	2	0
