Students	500
1	3 48 41 28	1	-1	0
2	45 10 32 14	3	2	0
3	2 10 34 13	1	-1	0
4	23 6 43 20	4	4	0
5	25 43 24 50	3	2	0
6	8 39 10 16	4	4	0
7	11 16 46 9	4	1	0
8	30 18 11 28	2	-1	0
9	45 12 9 33	3	3	0
10	48 19 8 14	2	-1	0
11	40 14 5 49	4	4	0
12	40 22 26 47	4	1	0
13	15 14 22 32	4	3	0
14	39 23 16 36	4	2	0
15	1 26 36 41	1	-1	0
16	35 27 18 22	3	2	0
17	1 47 26 20	1	-1	0
18	1 4 29 17	1	-1	0
19	40 14 19 38	3	1	0
20	26 7 50 13	4	2	0
21	2 44 28 40	1	-1	0
22	43 30 23 37	2	-1	0
23	42 47 32 30	4	2	0
24	18 43 50 27	2	-1	0
25	31 7 45 29	2	-1	0
26	47 4 43 50	2	-1	0
27	15 32 48 45	3	1	0
28	2 13 26 18	1	-1	0
29	44 21 4 5	3	2	0
30	19 30 17 4	2	-1	0
31	7 44 9 17	3	1	0
32	17 14 31 22	3	4	0
33	14 46 21 48	3	2	0
34	10 16 12 18	3	3	0
35	3 20 37 38	1	-1	0
36	41 5 33 18	4	2	0
37	1 42 3 36	1	-1	0
38	45 41 13 22	3	1	0
39	12 47 24 13	2	-1	0
40	20 41 6 40	3	1	0
41	13 14 15 4	2	-1	0
42	2 25 7 38	1	-1	0
43	12 50 10 26	4	1	0
44	1 16 7 11	1	-1	0
45	1 32 6 39	1	-1	0
46	26 41 48 9	4	2	0
47	14 7 26 16	2	-1	0
48	2 11 13 25	1	-1	0
49	2 9 43 34	1	-1	0
50	30 40 19 6	2	-1	0
51	49 13 10 40	2	-1	0
52	40 11 12 27	4	2	0
53	2 28 25 5	1	-1	0
54	30 33 25 11	2	-1	0
55	1 7 36 41	1	-1	0
56	33 28 22 20	4	1	0
57	6 42 9 33	4	1	0
58	23 42 36 30	4	1	0
59	1 17 49 23	1	-1	0
60	37 13 6 42	4	3	0
61	13 43 26 38	2	-1	0
62	45 28 9 42	3	1	0
63	20 44 49 33	3	1	0
64	2 32 11 5	1	-1	0
65	5 38 13 22	2	-1	0
66	26 27 4 7	3	3	0
67	19 47 34 27	2	-1	0
68	34 35 16 31	3	1	0
69	3 35 11 18	1	-1	0
70	21 46 14 8	2	-1	0
71	45 21 19 32	2	-1	0
72	2 9 47 1	1	-1	0
73	19 22 43 17	3	2	0
74	2 38 33 18	1	-1	0
75	38 20 31 39	2	-1	0
76	13 30 10 7	2	-1	0
77	43 15 9 37	3	2	0
78	6 21 29 24	2	-1	0
79	32 8 17 42	2	-1	0
80	2 36 40 15	1	-1	0
81	7 6 21 48	3	1	0
82	14 31 10 26	2	-1	0
83	13 25 6 29	4	3	0
84	3 5 6 26	1	-1	0
85	4 38 45 46	4	3	0
86	23 45 13 11	4	2	0
87	3 30 18 50	1	-1	0
88	47 43 22 39	4	1	0
89	16 33 39 34	4	4	0
90	5 27 39 48	4	4	0
91	5 14 34 26	4	3	0
92	5 4 31 17	4	4	0
93	3 34 46 25	1	-1	0
94	1 28 14 6	1	-1	0
95	1 10 41 17	1	-1	0
96	1 19 24 15	1	-1	0
97	40 39 30 28	2	-1	0
98	1 22 2 31	1	-1	0
99	3 13 34 15	1	-1	0
100	7 12 45 21	3	1	0
101	40 5 34 42	3	1	0
102	29 33 21 50	2	-1	0
103	42 34 14 33	3	2	0
104	17 35 13 34	2	-1	0
105	44 48 37 16	4	2	0
106	31 22 41 43	4	1	0
107	3 31 8 39	1	-1	0
108	28 15 25 9	2	-1	0
109	38 32 19 43	4	4	0
110	11 6 19 42	2	-1	0
111	40 12 24 7	3	4	0
112	2 48 26 6	1	-1	0
113	23 14 47 26	4	2	0
114	13 28 22 41	3	4	0
115	1 23 12 48	1	-1	0
116	11 20 31 38	3	2	0
117	28 49 15 39	2	-1	0
118	45 50 28 29	3	2	0
119	1 14 37 28	1	-1	0
120	28 40 16 20	4	4	0
121	3 21 12 45	1	-1	0
122	44 45 18 21	4	2	0
123	7 36 49 6	2	-1	0
124	40 31 45 48	3	4	0
125	2 9 41 48	1	-1	0
126	2 49 17 36	1	-1	0
127	12 50 43 46	4	3	0
128	23 50 19 34	2	-1	0
129	1 43 33 41	1	-1	0
130	35 15 5 27	4	4	0
131	10 41 36 38	2	-1	0
132	30 42 50 36	2	-1	0
133	23 17 34 20	4	4	0
134	20 19 5 44	4	1	0
135	38 20 23 43	2	-1	0
136	3 14 17 10	1	-1	0
137	24 45 22 4	2	-1	0
138	25 26 10 48	3	3	0
139	29 26 44 22	3	4	0
140	5 14 40 31	3	3	0
141	3 20 41 4	1	-1	0
142	3 21 13 18	1	-1	0
143	2 45 37 12	1	-1	0
144	3 16 13 41	1	-1	0
145	16 19 49 25	2	-1	0
146	10 50 42 18	4	3	0
147	33 26 29 47	3	3	0
148	30 5 49 15	2	-1	0
149	23 6 28 45	3	1	0
150	24 33 11 43	3	4	0
151	15 12 22 23	2	-1	0
152	3 35 29 44	1	-1	0
153	31 28 50 15	4	2	0
154	13 18 32 37	3	4	0
155	43 10 45 34	3	1	0
156	19 18 39 34	2	-1	0
157	46 49 36 35	3	4	0
158	36 21 19 35	4	2	0
159	38 41 22 11	4	3	0
160	44 23 9 8	4	4	0
161	1 38 44 17	1	-1	0
162	6 4 28 19	4	1	0
163	44 24 22 33	4	4	0
164	24 15 21 48	3	4	0
165	50 8 4 32	3	4	0
166	5 45 47 8	4	4	0
167	3 22 33 44	1	-1	0
168	33 45 8 34	2	-1	0
169	38 17 20 14	2	-1	0
170	4 8 18 46	4	4	0
171	7 36 21 44	4	3	0
172	3 40 31 15	1	-1	0
173	12 27 25 48	2	-1	0
174	43 20 44 16	3	1	0
175	6 38 20 15	3	2	0
176	23 25 32 43	4	3	0
177	3 5 16 9	1	-1	0
178	25 34 44 17	3	1	0
179	3 5 7 25	1	-1	0
180	3 37 42 20	1	-1	0
181	12 41 34 15	2	-1	0
182	38 42 7 30	4	2	0
183	23 49 19 34	2	-1	0
184	38 8 4 19	4	2	0
185	24 37 31 30	4	3	0
186	20 13 33 6	3	3	0
187	2 11 39 22	1	-1	0
188	3 20 50 48	1	-1	0
189	11 37 45 33	2	-1	0
190	11 34 49 25	3	3	0
191	3 39 18 43	1	-1	0
192	10 11 5 27	4	1	0
193	1 44 42 50	1	-1	0
194	12 28 11 30	2	-1	0
195	44 39 50 5	2	-1	0
196	16 6 46 10	4	2	0
197	2 49 50 33	1	-1	1
198	20 9 37 5	4	2	0
199	10 8 9 31	2	-1	0
200	13 10 20 25	2	-1	0
201	6 22 11 8	4	3	0
202	2 25 42 19	1	-1	0
203	40 38 45 37	2	-1	0
204	9 26 48 16	4	4	0
205	11 6 15 29	3	2	0
206	3 41 32 15	1	-1	0
207	1 43 50 20	1	-1	0
208	5 23 18 22	3	2	0
209	17 50 25 36	4	3	0
210	29 10 32 9	4	2	0
211	1 27 25 35	1	-1	0
212	7 25 46 28	2	-1	0
213	1 45 42 17	1	-1	0
214	27 29 13 50	4	4	0
215	1 23 42 13	1	-1	0
216	2 39 31 47	1	-1	0
217	6 28 5 33	2	-1	0
218	10 39 12 33	4	2	0
219	27 16 43 21	3	2	0
220	1 16 17 23	1	-1	0
221	30 33 11 9	3	4	0
222	18 23 43 22	3	2	0
223	23 17 22 8	3	4	0
224	2 45 35 28	1	-1	0
225	38 33 10 21	3	2	0
226	16 10 8 18	4	2	0
227	10 15 33 23	4	3	0
228	8 24 19 47	4	2	0
229	4 22 10 45	2	-1	0
230	11 37 34 7	2	-1	0
231	40 33 6 24	3	4	0
232	2 13 41 27	1	-1	0
233	19 8 16 30	4	1	0
234	28 23 29 44	2	-1	0
235	1 17 24 47	1	-1	0
236	27 50 21 18	2	-1	0
237	20 31 11 50	3	2	0
238	14 44 33 34	2	-1	0
239	37 33 18 50	2	-1	0
240	14 28 27 35	3	4	0
241	42 36 19 32	2	-1	0
242	15 14 6 34	4	3	0
243	3 7 36 34	1	-1	0
244	29 48 12 8	4	1	0
245	35 44 39 29	2	-1	0
246	10 50 27 49	4	1	0
247	37 35 41 43	4	1	0
248	44 28 37 31	4	3	0
249	49 10 36 4	4	1	0
250	31 20 16 17	3	3	0
251	25 15 6 34	2	-1	0
252	9 28 37 46	3	4	0
253	1 44 22 12	1	-1	0
254	3 37 11 34	1	-1	0
255	35 13 20 41	4	1	0
256	3 13 47 20	1	-1	0
257	3 19 40 21	1	-1	0
258	49 23 24 35	4	1	0
259	40 43 8 11	2	-1	0
260	30 41 25 42	4	4	0
261	38 29 50 24	3	3	0
262	15 26 36 10	4	4	0
263	2 26 23 46	1	-1	0
264	47 36 45 31	3	2	0
265	28 40 22 41	3	2	0
266	11 46 16 38	2	-1	0
267	1 39 5 11	1	-1	0
268	12 24 25 28	4	4	0
269	30 32 38 36	2	-1	0
270	42 8 43 35	2	-1	0
271	19 46 40 25	3	4	0
272	46 16 47 43	3	2	0
273	14 26 48 50	4	2	0
274	44 28 22 3	4	4	0
275	27 9 11 26	3	2	0
276	28 4 27 50	4	4	1
277	2 12 43 50	1	-1	0
278	20 33 47 4	3	2	0
279	2 6 24 28	1	-1	0
280	47 35 12 8	2	-1	0
281	49 38 42 23	2	-1	0
282	3 26 18 16	1	-1	0
283	6 50 32 26	4	1	0
284	3 48 10 33	1	-1	0
285	3 19 7 4	1	-1	0
286	21 37 35 22	3	3	0
287	44 37 17 27	2	-1	0
288	29 45 18 24	4	3	0
289	28 14 48 40	4	3	0
290	2 42 46 50	1	-1	0
291	7 46 10 25	3	2	0
292	40 46 48 17	4	3	0
293	14 18 6 26	2	-1	0
294	9 8 16 47	3	3	0
295	16 18 37 5	4	4	0
296	14 18 8 50	2	-1	0
297	7 46 24 33	2	-1	0
298	2 37 6 48	1	-1	0
299	2 7 4 31	1	-1	0
300	10 13 12 18	4	4	0
301	38 15 18 12	4	2	0
302	22 25 10 17	2	-1	0
303	18 22 38 27	3	1	0
304	1 32 9 30	1	-1	0
305	21 50 26 46	2	-1	0
306	23 49 34 18	4	4	0
307	3 22 42 30	1	-1	0
308	39 45 40 25	2	-1	0
309	35 29 40 14	4	4	1
310	3 21 6 28	1	-1	0
311	17 45 25 44	4	4	0
312	3 30 41 45	1	-1	0
313	1 28 12 50	1	-1	0
314	42 27 30 10	3	3	0
315	47 24 15 23	4	4	1
316	23 30 22 43	3	3	0
317	20 26 13 8	3	1	0
318	46 40 25 35	4	2	0
319	37 19 50 10	2	-1	0
320	28 50 14 44	2	-1	0
321	9 22 15 20	4	4	0
322	17 23 41 25	3	3	0
323	16 20 46 6	2	-1	0
324	8 29 11 6	4	1	0
325	4 27 28 44	2	-1	0
326	12 11 30 41	4	2	0
327	2 20 28 27	1	-1	0
328	38 31 44 19	4	4	0
329	40 37 9 7	4	3	0
330	1 25 30 32	1	-1	0
331	36 19 50 25	3	4	0
332	2 36 17 5	1	-1	0
333	3 17 28 27	1	-1	0
334	47 4 14 49	3	1	0
335	42 5 9 17	3	4	0
336	30 50 40 18	4	2	0
337	33 44 41 14	3	3	0
338	48 7 39 5	2	-1	0
339	29 33 5 45	4	4	0
340	3 25 10 17	1	-1	0
341	47 6 17 34	3	2	0
342	2 7 46 13	1	-1	0
343	8 34 28 5	4	3	0
344	18 7 35 29	2	-1	0
345	6 24 11 18	2	-1	0
346	2 38 34 20	1	-1	0
347	9 13 48 28	2	-1	0
348	32 20 40 4	3	4	0
349	40 31 48 10	4	4	0
350	26 28 36 11	2	-1	0
351	3 42 30 14	1	-1	0
352	34 28 13 5	4	4	0
353	3 48 44 41	1	-1	0
354	2 48 30 36	1	-1	0
355	24 31 47 13	2	-1	0
356	3 40 33 7	1	-1	0
357	34 38 29 6	3	4	0
358	26 5 45 20	3	2	0
359	5 18 33 16	3	3	0
360	3 35 27 17	1	-1	0
361	37 50 9 32	2	-1	0
362	18 19 44 21	3	3	0
363	8 40 50 29	2	-1	0
364	20 32 8 48	4	3	0
365	21 28 19 5	2	-1	0
366	37 38 14 39	2	-1	0
367	23 7 37 5	4	2	0
368	11 21 30 24	4	4	0
369	30 43 25 34	4	2	0
370	2 39 37 44	1	-1	0
371	1 5 32 25	1	-1	0
372	2 29 38 27	1	-1	0
373	33 19 32 7	2	-1	0
374	47 24 16 18	2	-1	0
375	16 42 46 7	2	-1	0
376	44 7 13 5	4	2	0
377	2 44 6 7	1	-1	0
378	1 44 41 25	1	-1	0
379	4 39 9 50	2	-1	0
380	19 17 27 15	4	3	0
381	5 22 29 19	4	1	0
382	3 12 6 33	1	-1	0
383	4 49 10 42	3	2	0
384	37 24 41 35	2	-1	0
385	23 36 28 11	2	-1	0
386	11 16 4 41	3	1	0
387	19 46 36 45	4	2	0
388	46 18 42 48	2	-1	0
389	49 21 13 4	4	3	0
390	5 41 19 37	4	3	0
391	3 4 34 39	1	-1	0
392	50 41 36 33	2	-1	0
393	16 19 12 29	3	1	0
394	36 40 41 31	3	2	0
395	2 36 26 28	1	-1	0
396	34 14 32 49	2	-1	0
397	3 17 5 13	1	-1	0
398	2 42 33 25	1	-1	0
399	1 35 25 13	1	-1	0
400	1 9 45 4	1	-1	0
401	39 11 12 22	3	1	0
402	1 26 37 44	1	-1	0
403	19 30 35 5	2	-1	0
404	6 39 25 31	2	-1	0
405	42 22 23 46	2	-1	0
406	40 17 16 18	4	1	0
407	2 49 25 41	1	-1	0
408	10 34 19 23	4	3	0
409	18 40 38 34	4	3	0
410	37 8 13 49	3	2	0
411	50 8 18 43	2	-1	0
412	7 4 11 14	4	3	0
413	2 32 39 44	1	-1	0
414	26 11 34 9	2	-1	0
415	16 7 19 37	4	1	0
416	2 24 45 33	1	-1	0
417	39 17 37 46	3	4	0
418	1 22 10 41	1	-1	0
419	45 40 20 43	4	1	0
420	3 48 46 21	1	-1	0
421	15 35 29 46	4	4	0
422	9 25 45 40	2	-1	0
423	33 22 50 37	3	1	0
424	3 9 47 5	1	-1	0
425	5 9 42 12	3	1	0
426	23 15 49 38	2	-1	0
427	21 9 28 18	4	3	0
428	21 20 35 50	2	-1	0
429	6 9 24 34	3	2	0
430	1 17 16 42	1	-1	0
431	33 39 36 30	4	2	0
432	7 45 35 22	4	4	0
433	1 17 43 16	1	-1	0
434	2 50 43 46	1	-1	0
435	40 12 33 36	4	3	0
436	27 17 34 18	2	-1	0
437	14 38 4 24	2	-1	0
438	24 39 40 44	2	-1	0
439	32 22 27 8	2	-1	0
440	6 19 4 38	2	-1	0
441	26 8 48 23	4	4	0
442	15 19 22 12	3	2	0
443	3 48 47 49	1	-1	0
444	37 36 47 7	4	3	0
445	33 31 14 41	4	4	0
446	28 31 29 50	4	3	0
447	14 9 50 4	4	4	0
448	9 38 7 27	4	4	0
449	3 9 31 49	1	-1	0
450	3 23 24 31	1	-1	0
451	12 8 25 5	2	-1	0
452	3 49 30 16	1	-1	0
453	3 30 20 34	1	-1	0
454	34 36 18 17	4	2	0
455	32 7 19 8	3	2	0
456	7 35 20 13	3	2	0
457	46 41 32 39	4	4	0
458	39 13 6 34	2	-1	0
459	29 34 42 13	3	3	0
460	1 35 36 6	1	-1	0
461	50 23 28 20	4	1	0
462	32 37 7 24	4	1	0
463	46 38 6 35	3	3	0
464	2 18 25 39	1	-1	0
465	1 48 13 38	1	-1	0
466	11 35 45 37	2	-1	0
467	13 43 29 11	4	1	0
468	43 25 5 34	4	3	0
469	2 13 16 48	1	-1	0
470	3 42 14 19	1	-1	0
471	13 21 9 31	3	2	0
472	9 14 26 10	2	-1	0
473	30 43 34 4	2	-1	0
474	32 17 9 39	4	1	0
475	1 46 45 16	1	-1	0
476	26 35 11 36	3	3	0
477	1 31 49 14	1	-1	0
478	27 26 38 39	3	2	0
479	2 23 50 48	1	-1	0
480	5 27 47 12	3	1	0
481	20 9 26 5	4	2	0
482	1 49 50 41	1	-1	0
483	1 33 29 28	1	-1	0
484	46 13 38 45	4	3	0
485	26 31 43 12	3	3	0
486	2 8 41 11	1	-1	0
487	1 14 50 45	1	-1	0
488	3 46 4 45	1	-1	0
489	29 20 14 44	4	2	0
490	50 49 47 20	2	-1	0
491	38 17 49 11	3	1	0
492	8 27 16 38	3	3	0
493	48 34 23 41	3	1	0
494	1 10 14 18	1	-1	0
495	46 5 15 10	3	3	0
496	46 36 15 41	3	1	1
497	34 10 11 22	2	-1	0
498	3 45 48 37	1	-1	0
499	2 16 7 25	1	-1	0
500	14 21 40 39	4	3	0
