Students	500
1	4 48 33 38	3	3	0
2	47 38 12 4	3	4	0
3	1 17 36 45	1	-1	0
4	23 47 35 21	4	2	0
5	47 15 32 45	2	-1	0
6	8 15 35 30	2	-1	0
7	3 27 29 38	1	-1	0
8	23 32 11 33	2	-1	0
9	8 45 30 15	4	2	0
10	10 30 45 8	3	4	0
11	38 16 48 27	2	-1	0
12	10 32 14 19	4	1	0
13	10 11 13 5	4	1	0
14	2 48 34 38	1	-1	0
15	3 40 47 46	1	-1	0
16	8 38 33 48	2	-1	0
17	2 15 14 19	1	-1	0
18	13 36 27 10	2	-1	0
19	25 44 32 38	2	-1	0
20	19 12 27 14	3	1	0
21	1 38 33 47	1	-1	0
22	31 13 11 49	3	1	0
23	35 24 21 28	3	4	0
24	35 49 30 31	3	4	0
25	28 33 10 22	3	2	0
26	43 27 18 24	3	2	0
27	2 37 24 27	1	-1	0
28	16 44 18 31	3	3	0
29	50 44 11 4	4	2	0
30	1 34 21 41	1	-1	0
31	3 32 49 38	1	-1	0
32	46 33 38 47	4	3	0
33	9 30 18 47	2	-1	0
34	3 6 29 31	1	-1	0
35	22 46 4 27	2	-1	0
36	10 37 5 44	2	-1	0
37	1 4 19 45	1	-1	0
38	28 14 46 4	4	1	0
39	7 26 27 38	3	2	0
40	1 6 19 12	1	-1	0
41	2 33 6 44	1	-1	0
42	32 48 42 33	2	-1	0
43	3 50 36 29	1	-1	0
44	1 46 24 14	1	-1	0
45	32 40 42 31	3	2	0
46	9 7 8 33	4	1	0
47	25 42 33 18	4	2	0
48	26 21 9 46	3	3	0
49	32 33 37 41	2	-1	0
50	1 44 23 29	1	-1	0
51	2 17 42 26	1	-1	0
52	2 12 15 36	1	-1	0
53	11 26 23 40	2	-1	0
54	5 33 14 34	2	-1	0
55	49 23 48 9	2	-1	0
56	27 13 23 4	3	1	0
57	3 19 4 9	1	-1	0
58	12 49 18 19	2	-1	0
59	48 44 15 12	3	4	0
60	32 7 38 5	2	-1	0
61	50 42 14 7	2	-1	0
62	12 28 43 42	2	-1	0
63	36 22 35 37	3	3	0
64	10 37 12 20	4	2	0
65	5 22 32 44	2	-1	0
66	22 27 12 10	3	4	0
67	3 15 38 47	1	-1	0
68	25 40 34 41	4	2	0
69	2 36 23 41	1	-1	0
70	2 34 28 21	1	-1	0
71	3 26 15 4	1	-1	0
72	15 34 38 36	4	1	0
73	2 38 23 5	1	-1	0
74	50 21 8 12	4	2	0
75	25 22 26 15	3	1	0
76	3 45 35 9	1	-1	0
77	43 27 8 22	3	3	0
78	45 48 6 32	4	2	0
79	2 47 20 46	1	-1	0
80	1 43 39 37	1	-1	0
81	18 27 14 39	3	2	0
82	49 7 48 5	2	-1	0
83	33 8 31 32	2	-1	0
84	26 5 11 12	4	3	0
85	7 15 32 29	3	3	0
86	4 25 44 6	3	1	0
87	47 14 29 20	4	3	0
88	18 9 13 48	4	4	0
89	1 12 29 26	1	-1	0
90	1 26 4 50	1	-1	0
91	1 40 10 12	1	-1	0
92	43 26 14 28	3	3	0
93	50 44 41 7	2	-1	0
94	36 28 47 16	3	4	0
95	1 5 15 35	1	-1	0
96	34 47 17 36	2	-1	0
97	34 16 10 6	2	-1	0
98	31 17 45 19	3	3	0
99	41 21 49 33	3	1	0
100	2 12 48 14	1	-1	0
101	7 8 18 11	4	2	0
102	41 36 50 9	2	-1	0
103	12 49 45 21	2	-1	0
104	1 45 8 28	1	-1	0
105	40 32 8 25	2	-1	0
106	24 43 41 17	3	3	0
107	10 17 31 43	4	2	0
108	23 27 20 39	2	-1	0
109	24 36 48 45	3	2	0
110	37 10 11 34	4	1	0
111	45 17 31 4	3	3	0
112	1 49 36 18	1	-1	0
113	49 27 34 50	3	4	0
114	14 10 49 41	4	4	0
115	47 13 39 42	2	-1	0
116	10 44 8 42	2	-1	0
117	2 30 35 40	1	-1	0
118	20 49 22 36	4	1	0
119	2 4 33 20	1	-1	0
120	10 16 39 40	2	-1	0
121	25 10 29 27	3	4	0
122	11 16 37 38	4	4	0
123	8 50 37 45	3	1	0
124	36 28 30 7	2	-1	0
125	11 47 39 6	3	1	0
126	1 34 41 21	1	-1	0
127	19 13 31 4	3	4	0
128	1 34 32 18	1	-1	0
129	45 10 19 47	4	3	0
130	3 16 14 22	1	-1	0
131	21 34 25 20	3	1	0
132	1 28 33 22	1	-1	0
133	45 24 21 16	4	1	0
134	49 20 13 26	4	4	0
135	3 18 34 13	1	-1	0
136	26 19 4 30	3	1	0
137	48 46 33 1	2	-1	0
138	28 44 41 20	4	2	0
139	13 22 19 41	4	2	0
140	48 23 41 34	4	4	0
141	1 9 12 41	1	-1	0
142	8 18 23 7	3	3	0
143	3 26 49 40	1	-1	0
144	19 48 47 28	3	3	0
145	16 41 24 23	3	1	0
146	50 45 6 11	2	-1	0
147	2 43 33 8	1	-1	0
148	7 39 30 45	3	1	0
149	2 15 49 6	1	-1	0
150	30 41 15 44	2	-1	0
151	4 40 33 35	3	3	0
152	20 25 24 45	4	3	0
153	3 31 18 7	1	-1	0
154	16 38 7 35	4	2	0
155	15 34 41 29	4	4	0
156	44 42 11 49	3	1	0
157	38 13 39 36	3	2	0
158	38 17 8 6	4	2	0
159	7 37 50 48	4	3	0
160	5 8 13 15	3	4	0
161	2 23 4 13	1	-1	0
162	38 35 17 29	2	-1	0
163	1 23 43 33	1	-1	0
164	19 17 24 16	2	-1	0
165	8 10 38 46	4	3	1
166	41 28 37 8	2	-1	0
167	30 41 42 39	4	1	0
168	15 7 14 16	4	4	0
169	2 9 19 29	1	-1	0
170	44 31 29 36	4	1	0
171	49 27 25 8	4	2	0
172	18 11 47 20	4	1	0
173	10 49 35 11	2	-1	0
174	16 42 11 15	2	-1	0
175	12 39 48 34	3	1	0
176	5 47 26 32	2	-1	0
177	3 4 9 40	1	-1	0
178	50 46 13 16	4	1	0
179	41 37 33 27	3	1	0
180	49 36 37 44	2	-1	0
181	45 18 8 49	2	-1	0
182	3 45 40 21	1	-1	0
183	48 16 14 31	3	4	0
184	11 10 19 40	3	2	0
185	13 8 5 4	4	4	0
186	2 37 40 19	1	-1	0
187	10 46 9 34	3	1	0
188	3 9 39 21	1	-1	0
189	1 4 14 10	1	-1	0
190	12 15 26 32	2	-1	0
191	6 12 32 18	2	-1	0
192	7 38 26 29	3	2	1
193	44 10 25 17	2	-1	0
194	13 46 17 44	4	4	0
195	36 8 44 47	4	2	0
196	10 5 36 40	4	1	0
197	28 31 35 12	4	1	0
198	8 23 14 36	3	2	0
199	31 34 15 21	3	4	0
200	38 33 49 8	2	-1	0
201	1 14 12 46	1	-1	0
202	24 6 36 28	3	2	1
203	3 50 36 7	1	-1	0
204	6 12 28 32	2	-1	0
205	34 27 36 20	2	-1	0
206	1 42 37 19	1	-1	0
207	38 31 49 46	4	4	0
208	49 12 22 29	4	1	0
209	5 41 50 16	4	4	0
210	43 5 10 7	2	-1	0
211	35 32 40 27	3	4	0
212	50 35 8 5	3	1	0
213	3 43 42 27	1	-1	0
214	24 40 20 32	2	-1	0
215	22 48 45 25	4	3	0
216	2 5 40 49	1	-1	0
217	18 6 22 8	4	2	0
218	16 5 21 12	2	-1	0
219	9 49 27 35	3	4	0
220	32 38 31 36	3	3	0
221	28 13 45 36	2	-1	0
222	5 35 27 11	4	3	0
223	14 7 9 35	4	2	0
224	3 21 15 44	1	-1	0
225	48 46 6 4	4	4	0
226	17 47 37 18	3	2	0
227	21 45 43 42	3	4	0
228	28 24 26 18	3	2	0
229	24 6 34 40	4	2	0
230	47 13 30 37	2	-1	0
231	29 14 19 7	3	2	0
232	33 35 50 17	4	4	0
233	43 46 50 12	2	-1	0
234	20 14 11 17	3	3	0
235	2 24 4 48	1	-1	0
236	3 30 39 43	1	-1	0
237	36 40 38 44	4	4	0
238	13 22 34 10	3	1	0
239	36 46 15 8	3	4	0
240	5 48 43 11	4	4	0
241	16 30 50 11	4	2	0
242	42 7 24 44	3	1	0
243	1 45 30 7	1	-1	0
244	40 21 48 15	3	4	0
245	13 22 15 37	3	1	0
246	1 9 37 26	1	-1	0
247	26 8 4 13	3	4	0
248	39 29 49 48	4	3	0
249	36 19 25 7	3	3	0
250	21 26 19 37	4	4	0
251	7 14 28 31	2	-1	0
252	41 4 16 45	2	-1	0
253	43 40 27 34	2	-1	0
254	24 50 16 29	4	4	0
255	14 30 24 31	3	2	0
256	15 44 41 38	3	3	0
257	37 34 20 49	4	2	0
258	5 23 10 8	3	1	0
259	2 38 36 8	1	-1	0
260	1 44 30 35	1	-1	0
261	10 32 34 27	4	4	0
262	47 20 15 29	2	-1	0
263	18 48 9 37	4	4	0
264	18 15 33 28	4	3	0
265	9 17 31 37	3	2	0
266	49 9 39 28	4	2	0
267	4 42 38 15	2	-1	0
268	12 33 27 34	3	3	0
269	21 14 31 9	4	3	0
270	36 41 16 9	2	-1	0
271	15 40 29 23	4	2	0
272	48 42 26 31	2	-1	0
273	35 34 17 4	2	-1	0
274	34 19 14 49	2	-1	0
275	6 47 38 8	4	2	0
276	10 47 33 19	2	-1	0
277	45 44 34 4	2	-1	0
278	6 12 20 10	4	3	0
279	38 8 45 17	3	4	0
280	33 49 43 16	3	1	0
281	14 21 30 4	4	3	0
282	43 36 33 22	3	2	0
283	47 20 44 50	3	4	0
284	37 47 35 22	2	-1	0
285	45 42 4 33	4	1	0
286	19 32 45 12	3	1	0
287	33 28 19 14	3	3	0
288	33 43 5 8	3	4	0
289	18 43 24 42	4	2	0
290	2 12 11 40	1	-1	0
291	17 6 46 9	4	4	0
292	50 13 40 47	2	-1	0
293	12 9 49 41	3	2	0
294	27 11 31 19	2	-1	0
295	19 25 30 32	2	-1	0
296	50 18 6 33	3	4	0
297	27 50 12 22	3	4	0
298	48 10 15 28	3	4	0
299	42 30 36 50	2	-1	0
300	21 17 12 40	4	1	0
301	31 40 6 43	4	3	0
302	11 35 34 26	3	1	0
303	46 49 42 44	3	4	0
304	4 45 33 19	3	3	0
305	21 8 50 46	2	-1	0
306	37 43 7 39	4	3	0
307	8 27 36 12	4	4	0
308	3 36 33 9	1	-1	0
309	6 33 31 28	4	3	0
310	19 49 28 45	4	1	0
311	10 37 47 40	2	-1	0
312	2 28 44 45	1	-1	0
313	1 32 49 40	1	-1	0
314	18 50 12 45	4	2	0
315	12 23 14 8	4	4	0
316	42 4 30 22	4	3	0
317	1 9 44 43	1	-1	0
318	26 47 23 32	2	-1	0
319	19 23 34 35	3	1	0
320	29 37 47 17	2	-1	0
321	21 5 32 35	2	-1	0
322	2 50 11 39	1	-1	0
323	17 48 5 35	2	-1	0
324	14 38 49 41	4	2	0
325	25 38 16 21	2	-1	0
326	3 25 22 16	1	-1	0
327	7 24 11 14	4	2	0
328	15 38 39 29	3	1	0
329	27 25 8 38	3	2	0
330	2 18 38 7	1	-1	0
331	50 17 5 11	3	2	0
332	29 33 11 45	3	3	0
333	16 32 26 27	2	-1	0
334	7 19 36 49	2	-1	0
335	2 44 19 22	1	-1	0
336	17 35 20 42	4	4	0
337	40 25 35 47	2	-1	0
338	49 41 28 34	4	2	0
339	3 29 4 6	1	-1	1
340	3 23 15 20	1	-1	0
341	1 27 20 29	1	-1	0
342	12 39 19 22	3	4	0
343	29 9 33 36	4	4	0
344	2 33 13 39	1	-1	0
345	50 35 15 11	2	-1	0
346	37 33 41 46	3	4	0
347	2 7 49 35	1	-1	0
348	34 46 19 42	2	-1	0
349	48 20 16 36	4	4	0
350	42 40 46 19	3	3	0
351	29 6 17 36	4	2	0
352	39 14 34 15	2	-1	0
353	46 42 44 19	3	2	0
354	26 28 32 40	4	1	0
355	2 37 28 27	1	-1	0
356	47 42 13 27	2	-1	0
357	39 11 38 19	3	1	0
358	1 11 16 44	1	-1	0
359	47 44 14 10	3	4	0
360	25 35 14 7	4	1	0
361	33 50 10 25	4	2	0
362	41 11 22 27	4	4	0
363	28 49 37 17	4	3	0
364	1 13 29 33	1	-1	0
365	39 41 8 17	3	4	0
366	8 12 48 17	3	4	0
367	39 8 32 26	4	2	0
368	1 43 15 50	1	-1	0
369	1 23 42 22	1	-1	0
370	2 43 34 29	1	-1	0
371	40 10 39 41	2	-1	0
372	3 33 50 21	1	-1	0
373	31 34 29 32	3	1	0
374	25 9 31 32	3	3	0
375	48 24 4 15	3	1	0
376	15 8 18 41	3	4	0
377	13 8 32 47	3	1	0
378	23 16 39 45	3	1	0
379	3 32 18 43	1	-1	0
380	49 9 48 32	2	-1	0
381	17 41 31 9	3	1	0
382	21 5 16 6	4	4	0
383	28 7 25 8	3	1	0
384	11 32 15 29	3	4	0
385	33 25 17 34	3	1	0
386	34 33 22 11	4	3	0
387	1 50 14 21	1	-1	0
388	28 4 48 23	3	4	0
389	39 16 19 23	3	2	0
390	19 5 25 21	4	1	0
391	3 23 19 34	1	-1	0
392	44 24 36 26	3	1	0
393	2 28 39 21	1	-1	0
394	3 23 36 5	1	-1	0
395	1 23 10 8	1	-1	0
396	39 34 12 27	4	1	0
397	29 21 6 16	2	-1	0
398	7 45 30 27	3	3	0
399	2 36 37 16	1	-1	0
400	11 43 34 46	4	4	1
401	36 45 23 17	3	2	0
402	10 31 6 15	2	-1	0
403	3 40 48 13	1	-1	0
404	25 16 33 23	2	-1	0
405	36 14 16 20	2	-1	0
406	44 11 42 28	2	-1	0
407	28 27 18 31	2	-1	0
408	37 43 9 4	2	-1	0
409	1 15 49 29	1	-1	0
410	41 6 33 13	3	4	0
411	2 15 40 23	1	-1	0
412	2 38 26 16	1	-1	0
413	11 31 6 28	3	4	0
414	1 29 27 48	1	-1	0
415	23 35 21 37	4	2	0
416	41 12 48 45	3	2	0
417	9 45 25 19	4	2	0
418	31 19 12 32	4	3	0
419	3 27 6 48	1	-1	0
420	3 26 9 44	1	-1	0
421	1 43 49 7	1	-1	0
422	21 20 32 26	3	4	0
423	43 46 5 29	4	1	0
424	26 34 33 40	3	3	0
425	33 29 39 44	2	-1	0
426	45 10 7 33	4	1	0
427	43 21 14 6	4	1	0
428	43 15 40 49	2	-1	0
429	19 22 5 40	4	1	0
430	1 47 9 37	1	-1	0
431	22 43 26 38	2	-1	0
432	38 28 21 22	4	1	0
433	2 37 24 40	1	-1	0
434	32 28 47 24	4	4	0
435	26 34 4 32	3	2	0
436	25 18 38 28	2	-1	0
437	33 14 45 34	4	3	0
438	3 45 18 10	1	-1	0
439	42 17 41 7	4	4	0
440	1 44 36 33	1	-1	0
441	43 11 18 16	4	3	0
442	39 30 10 43	2	-1	0
443	1 48 17 8	1	-1	0
444	25 5 24 20	4	3	0
445	7 44 38 9	2	-1	0
446	50 47 25 2	3	3	0
447	2 48 7 43	1	-1	0
448	23 20 28 45	4	2	0
449	50 13 25 39	2	-1	0
450	20 6 33 18	4	3	0
451	18 47 12 26	2	-1	0
452	46 27 44 18	4	2	0
453	43 44 10 42	2	-1	0
454	12 6 10 2	2	-1	0
455	38 41 8 23	4	1	0
456	4 32 36 5	3	3	0
457	1 50 45 36	1	-1	0
458	7 25 43 47	4	2	0
459	21 5 42 27	4	3	0
460	3 23 44 6	1	-1	0
461	5 15 3 23	3	2	0
462	16 17 15 29	2	-1	0
463	45 30 31 11	2	-1	0
464	36 39 41 6	4	1	0
465	27 37 13 45	4	3	0
466	21 13 32 8	2	-1	0
467	23 10 9 37	2	-1	0
468	32 9 34 18	2	-1	0
469	22 29 45 11	2	-1	0
470	1 39 49 24	1	-1	0
471	2 50 12 35	1	-1	0
472	22 39 4 35	2	-1	0
473	31 9 47 8	2	-1	0
474	50 44 38 39	2	-1	0
475	42 50 6 29	2	-1	0
476	1 39 42 26	1	-1	0
477	10 44 40 7	2	-1	0
478	41 22 34 18	3	3	0
479	2 12 39 16	1	-1	0
480	3 42 26 40	1	-1	0
481	3 13 27 32	1	-1	0
482	19 11 23 10	4	2	0
483	2 13 45 20	1	-1	0
484	15 4 5 46	4	2	0
485	3 34 49 19	1	-1	0
486	2 50 6 16	1	-1	0
487	2 48 5 44	1	-1	0
488	3 32 19 17	1	-1	0
489	10 43 16 34	4	4	0
490	39 25 42 37	2	-1	0
491	1 46 10 34	1	-1	0
492	31 11 20 13	2	-1	0
493	6 5 23 7	3	3	0
494	8 47 36 39	4	2	0
495	5 14 36 17	2	-1	0
496	41 35 10 15	2	-1	0
497	3 27 42 38	1	-1	0
498	13 27 8 38	4	4	0
499	3 9 31 30	1	-1	0
500	46 5 30 8	2	-1	0
