Students	500
1	16 35 34 14	3	1	0
2	46 17 18 35	3	3	0
3	8 46 16 43	3	4	0
4	34 32 19 5	2	-1	0
5	14 10 4 42	2	-1	0
6	22 32 19 21	2	-1	0
7	2 7 36 29	1	-1	0
8	39 35 50 14	3	1	0
9	2 11 35 10	1	-1	0
10	29 6 20 50	2	-1	0
11	1 11 16 42	1	-1	0
12	22 47 18 4	3	2	0
13	7 10 47 49	2	-1	0
14	16 9 13 20	4	1	0
15	29 34 7 18	2	-1	0
16	29 6 45 44	3	3	0
17	39 6 41 36	4	3	0
18	3 41 19 50	1	-1	0
19	3 43 29 12	1	-1	0
20	35 47 25 5	2	-1	0
21	3 18 46 40	1	-1	0
22	33 27 38 44	4	3	0
23	21 50 32 26	2	-1	0
24	7 38 25 36	2	-1	0
25	1 38 8 46	1	-1	0
26	3 16 42 32	1	-1	0
27	25 33 30 49	2	-1	0
28	31 41 14 35	2	-1	0
29	15 27 28 16	3	1	0
30	1 21 23 24	1	-1	0
31	1 7 39 10	1	-1	0
32	3 50 4 17	1	-1	0
33	31 14 16 18	4	4	0
34	3 31 6 22	1	-1	0
35	49 14 38 31	2	-1	0
36	3 6 29 21	1	-1	0
37	8 9 47 28	3	3	0
38	40 16 11 38	4	4	0
39	23 35 4 12	4	4	0
40	12 47 41 31	2	-1	0
41	47 50 31 32	2	-1	0
42	4 24 49 44	2	-1	0
43	14 38 33 50	3	4	0
44	37 48 33 6	2	-1	0
45	19 32 24 50	2	-1	0
46	28 26 37 49	2	-1	0
47	39 7 24 42	3	4	0
48	35 14 31 7	3	2	0
49	2 36 37 41	1	-1	0
50	32 14 8 5	3	4	0
51	4 6 23 42	3	4	0
52	16 21 20 50	3	4	0
53	23 12 27 17	4	1	0
54	28 44 32 8	2	-1	0
55	41 28 30 17	3	3	0
56	25 20 28 48	3	4	0
57	46 24 22 32	2	-1	0
58	36 16 17 29	2	-1	0
59	3 15 44 34	1	-1	0
60	32 12 21 14	2	-1	0
61	24 38 11 50	3	4	0
62	47 5 41 44	3	4	0
63	25 2 24 12	2	-1	0
64	2 40 37 14	1	-1	0
65	30 19 35 39	2	-1	0
66	37 44 24 5	3	4	0
67	7 20 32 10	2	-1	0
68	1 20 8 45	1	-1	0
69	28 41 6 25	2	-1	0
70	27 15 25 49	2	-1	0
71	45 49 20 34	2	-1	0
72	33 39 5 12	3	3	0
73	3 39 35 45	1	-1	0
74	36 14 46 48	3	1	0
75	19 40 15 22	3	3	0
76	2 11 31 6	1	-1	0
77	33 28 16 42	4	4	0
78	3 46 36 40	1	-1	0
79	50 31 23 18	3	4	0
80	20 47 19 10	3	4	0
81	21 31 7 17	3	2	0
82	25 41 28 37	3	1	0
83	12 47 26 9	2	-1	0
84	8 13 4 44	3	3	0
85	16 31 21 23	3	4	0
86	43 32 20 41	3	4	0
87	2 19 46 28	1	-1	0
88	1 33 15 48	1	-1	0
89	49 11 17 27	2	-1	0
90	4 8 10 37	2	-1	0
91	44 11 33 8	2	-1	0
92	10 17 20 18	2	-1	0
93	9 43 13 47	3	1	0
94	3 27 40 50	1	-1	0
95	2 47 23 18	1	-1	0
96	6 24 23 10	2	-1	0
97	10 47 40 24	2	-1	0
98	2 21 46 42	1	-1	0
99	22 19 42 44	2	-1	0
100	15 38 33 24	3	2	0
101	47 8 13 49	2	-1	0
102	28 47 26 34	2	-1	0
103	20 32 42 15	4	1	0
104	2 11 45 40	1	-1	0
105	1 15 14 45	1	-1	0
106	8 43 45 48	3	4	0
107	37 9 29 10	3	4	0
108	11 12 47 5	4	4	0
109	3 11 26 5	1	-1	0
110	31 6 19 26	4	4	0
111	11 30 21 4	4	4	0
112	11 27 34 23	3	1	0
113	14 17 47 48	3	4	0
114	2 35 13 10	1	-1	0
115	45 46 23 47	3	3	0
116	30 7 9 37	2	-1	0
117	47 9 49 18	4	3	0
118	3 18 36 29	1	-1	0
119	46 41 10 31	3	3	0
120	2 31 6 14	1	-1	0
121	31 50 38 6	4	4	0
122	45 23 16 38	2	-1	0
123	37 28 30 29	2	-1	0
124	27 37 42 19	4	4	0
125	39 34 13 19	2	-1	0
126	19 10 29 31	2	-1	0
127	28 37 38 5	4	4	0
128	2 20 10 5	1	-1	0
129	32 5 12 14	2	-1	0
130	46 49 17 6	3	4	0
131	7 32 27 37	3	4	0
132	31 21 36 10	3	2	0
133	38 23 25 8	3	4	0
134	36 42 12 31	2	-1	0
135	30 33 17 40	3	3	0
136	28 29 45 30	4	4	0
137	1 9 27 5	1	-1	0
138	8 42 29 40	3	2	0
139	9 10 44 47	3	1	0
140	31 41 26 50	2	-1	0
141	1 14 34 35	1	-1	0
142	19 50 40 17	4	1	0
143	17 49 50 40	2	-1	0
144	3 14 34 16	1	-1	0
145	20 44 3 12	2	-1	0
146	25 40 24 10	4	4	0
147	2 7 46 16	1	-1	0
148	5 13 33 23	2	-1	0
149	42 35 16 46	2	-1	0
150	32 39 36 5	3	3	0
151	9 37 6 35	2	-1	0
152	33 43 11 35	2	-1	0
153	36 15 46 5	2	-1	0
154	1 12 38 14	1	-1	0
155	27 32 49 30	4	3	0
156	48 8 12 44	3	4	0
157	6 20 45 50	3	1	0
158	32 37 20 43	2	-1	0
159	36 44 9 14	3	1	0
160	38 12 32 20	4	1	0
161	1 18 7 23	1	-1	0
162	27 41 35 50	3	1	0
163	1 26 28 4	1	-1	0
164	1 29 7 49	1	-1	0
165	5 49 14 33	2	-1	0
166	3 4 15 14	1	-1	0
167	24 14 40 26	2	-1	0
168	20 15 9 36	3	2	0
169	4 21 19 24	3	2	0
170	5 4 6 28	4	3	0
171	37 35 30 19	4	4	0
172	3 9 31 49	1	-1	0
173	50 45 34 24	4	1	0
174	1 46 4 10	1	-1	0
175	3 19 40 5	1	-1	0
176	3 20 22 26	1	-1	0
177	31 29 33 16	2	-1	0
178	2 35 42 14	1	-1	0
179	23 39 37 17	4	2	0
180	14 49 32 22	2	-1	0
181	18 27 40 36	2	-1	0
182	1 34 12 30	1	-1	0
183	40 30 24 28	2	-1	0
184	2 4 46 5	1	-1	0
185	41 42 21 43	3	1	0
186	14 37 4 19	4	3	0
187	5 50 7 43	4	3	0
188	35 16 36 23	4	4	0
189	3 42 4 32	1	-1	0
190	42 26 36 14	2	-1	0
191	21 44 6 50	2	-1	0
192	45 17 8 50	4	1	0
193	30 20 47 39	2	-1	0
194	35 41 20 10	4	3	0
195	49 50 47 30	2	-1	0
196	44 47 25 27	4	3	0
197	3 28 34 50	1	-1	0
198	50 33 49 22	2	-1	0
199	44 20 35 49	4	4	0
200	4 45 17 6	3	1	0
201	38 39 34 40	2	-1	0
202	23 44 24 16	4	4	0
203	1 28 24 6	1	-1	0
204	26 10 6 48	2	-1	0
205	33 49 45 10	4	2	0
206	29 10 38 42	3	3	0
207	21 29 6 5	3	4	0
208	21 45 41 31	2	-1	0
209	13 22 26 38	4	3	0
210	25 24 36 15	2	-1	0
211	11 50 48 39	4	3	0
212	36 16 29 2	2	-1	0
213	48 33 45 15	3	1	0
214	12 19 31 26	3	3	0
215	13 18 23 34	2	-1	0
216	46 26 12 21	3	3	0
217	1 25 14 39	1	-1	0
218	3 20 50 36	1	-1	0
219	25 45 23 47	2	-1	0
220	10 17 48 35	3	3	0
221	39 44 11 8	3	2	0
222	32 35 10 28	4	2	0
223	14 39 31 30	3	4	0
224	16 36 8 42	4	2	0
225	18 15 8 6	3	3	0
226	18 4 12 21	4	3	0
227	50 17 26 13	4	3	0
228	3 17 40 25	1	-1	0
229	37 50 45 24	2	-1	0
230	22 21 31 14	2	-1	0
231	42 13 48 34	4	3	0
232	28 8 46 36	3	1	0
233	50 6 19 18	2	-1	0
234	3 36 16 34	1	-1	0
235	34 43 21 7	4	4	0
236	3 29 26 31	1	-1	0
237	2 36 19 43	1	-1	0
238	35 26 48 31	3	3	0
239	26 37 8 27	2	-1	0
240	2 11 8 40	1	-1	0
241	3 43 27 19	1	-1	0
242	50 22 48 47	2	-1	0
243	17 43 16 23	3	1	0
244	23 16 4 12	3	4	0
245	19 39 41 50	2	-1	0
246	18 5 14 23	3	3	0
247	11 46 15 45	4	2	0
248	37 7 19 33	2	-1	0
249	5 23 28 49	3	4	0
250	17 34 37 46	4	3	0
251	18 32 39 43	3	1	0
252	26 20 24 17	4	4	0
253	28 23 6 31	2	-1	0
254	4 32 43 26	3	1	0
255	2 34 32 38	1	-1	0
256	25 4 21 19	2	-1	0
257	12 19 44 18	4	2	0
258	14 12 42 7	4	1	0
259	17 33 14 19	4	2	0
260	1 9 31 49	1	-1	0
261	40 15 17 49	4	4	0
262	1 11 8 32	1	-1	0
263	19 21 4 41	4	2	0
264	38 32 19 11	3	2	0
265	32 36 40 22	4	3	0
266	3 27 45 38	1	-1	0
267	22 16 6 47	2	-1	0
268	18 15 28 23	2	-1	0
269	1 8 37 19	1	-1	0
270	13 44 32 39	2	-1	0
271	47 4 27 36	4	2	0
272	46 28 30 16	3	1	0
273	19 41 25 32	3	4	0
274	32 20 14 43	2	-1	0
275	22 21 32 19	2	-1	0
276	22 16 47 45	4	1	0
277	7 12 31 40	4	3	0
278	3 43 18 11	1	-1	0
279	45 13 30 25	3	1	0
280	11 28 29 15	2	-1	0
281	26 50 25 30	3	1	0
282	8 36 24 27	4	2	0
283	35 48 13 47	2	-1	0
284	48 29 14 32	3	3	0
285	10 31 27 25	2	-1	0
286	41 5 27 12	2	-1	0
287	3 49 29 16	1	-1	0
288	28 5 45 49	3	4	0
289	40 45 44 4	3	2	0
290	10 4 28 34	3	4	0
291	38 25 19 20	2	-1	0
292	5 23 41 21	2	-1	0
293	40 24 21 47	3	1	0
294	4 41 43 19	2	-1	0
295	17 4 21 18	4	4	0
296	34 27 38 22	3	4	0
297	30 33 27 23	3	2	0
298	1 21 15 36	1	-1	0
299	46 30 15 18	3	3	0
300	26 47 34 24	4	1	0
301	39 19 25 22	3	2	0
302	15 11 50 6	2	-1	0
303	25 21 47 11	2	-1	0
304	28 7 29 39	2	-1	0
305	32 42 48 14	3	4	0
306	28 13 40 46	3	4	0
307	37 5 21 13	4	1	0
308	1 32 21 24	1	-1	0
309	7 12 47 29	4	4	0
310	23 43 12 24	3	3	0
311	28 36 14 40	3	1	0
312	31 9 22 7	4	4	0
313	10 34 20 36	2	-1	0
314	19 15 29 1	4	1	0
315	33 31 19 40	3	4	0
316	42 28 24 23	2	-1	0
317	1 35 38 19	1	-1	0
318	2 20 37 48	1	-1	0
319	6 48 7 40	3	1	0
320	12 18 5 7	4	1	0
321	3 25 26 14	1	-1	0
322	10 8 15 4	4	4	0
323	32 8 23 48	2	-1	0
324	42 24 21 15	2	-1	0
325	13 43 24 50	4	4	0
326	38 39 41 7	4	4	0
327	1 4 7 29	1	-1	0
328	1 37 43 10	1	-1	0
329	2 46 21 14	1	-1	0
330	1 29 7 20	1	-1	0
331	31 20 28 14	3	2	0
332	1 14 49 33	1	-1	0
333	41 31 30 20	2	-1	0
334	37 31 41 15	3	4	0
335	7 6 8 22	2	-1	0
336	3 12 30 45	1	-1	0
337	4 16 38 49	4	4	0
338	10 39 23 37	4	4	0
339	19 30 15 45	2	-1	0
340	3 35 11 34	1	-1	0
341	8 32 9 15	3	3	0
342	2 21 24 44	1	-1	0
343	27 19 46 29	4	4	0
344	35 26 37 25	4	1	0
345	46 40 39 31	4	3	0
346	3 50 29 47	1	-1	0
347	2 28 19 34	1	-1	0
348	36 9 35 29	4	4	0
349	37 41 15 42	2	-1	0
350	48 17 30 39	3	4	0
351	47 24 23 20	2	-1	0
352	32 12 14 6	4	1	0
353	39 4 50 7	4	2	1
354	2 31 28 30	1	-1	0
355	7 23 9 33	3	4	0
356	9 23 46 22	3	2	0
357	31 9 40 16	4	3	0
358	46 27 37 22	4	4	0
359	36 43 17 18	2	-1	0
360	38 26 44 17	3	4	0
361	7 4 11 35	4	3	0
362	48 5 39 50	4	2	0
363	35 28 8 18	4	3	0
364	30 15 33 22	4	3	0
365	8 7 30 44	2	-1	0
366	39 18 44 36	4	2	0
367	29 14 25 30	3	3	0
368	1 50 11 30	1	-1	0
369	3 22 30 34	1	-1	0
370	16 22 50 30	3	2	0
371	32 37 48 31	4	4	0
372	2 43 12 40	1	-1	0
373	48 47 29 34	4	4	0
374	10 35 17 13	4	1	0
375	34 20 7 44	2	-1	0
376	1 4 26 45	1	-1	0
377	39 29 41 28	3	1	0
378	21 32 12 4	4	1	0
379	42 8 43 37	3	1	0
380	43 9 22 5	3	2	0
381	1 9 16 38	1	-1	0
382	13 16 7 21	3	4	0
383	1 20 24 43	1	-1	0
384	2 49 29 18	1	-1	0
385	42 41 40 13	4	3	0
386	27 36 34 50	4	1	0
387	16 15 23 4	3	3	0
388	21 32 38 35	2	-1	0
389	40 21 50 13	2	-1	0
390	5 49 21 31	3	3	0
391	33 27 36 25	4	1	0
392	6 37 18 11	4	2	0
393	12 32 34 15	3	3	0
394	15 37 31 39	3	4	0
395	39 13 12 24	4	3	0
396	16 46 28 7	3	4	0
397	29 6 27 24	3	3	0
398	42 8 38 7	2	-1	0
399	39 46 15 12	3	2	0
400	35 27 9 43	4	4	0
401	3 6 37 18	1	-1	0
402	11 16 44 34	2	-1	0
403	18 50 15 31	3	1	0
404	26 9 22 7	2	-1	0
405	7 16 39 48	3	2	1
406	3 25 30 17	1	-1	0
407	4 48 19 17	4	4	0
408	2 4 49 35	1	-1	0
409	32 33 49 7	3	3	0
410	48 45 42 8	3	4	0
411	1 14 37 32	1	-1	0
412	30 27 24 4	2	-1	0
413	50 25 18 6	4	3	0
414	19 12 33 15	4	3	1
415	43 11 42 35	3	2	0
416	3 46 19 37	1	-1	0
417	5 16 25 30	2	-1	0
418	36 40 8 15	4	3	0
419	8 20 47 41	4	2	0
420	32 9 7 43	3	2	0
421	38 29 36 12	2	-1	0
422	47 29 40 21	3	1	0
423	2 4 22 49	1	-1	0
424	40 50 21 42	2	-1	0
425	31 44 30 38	3	3	0
426	3 32 43 9	1	-1	0
427	2 45 38 9	1	-1	0
428	1 4 21 32	1	-1	0
429	31 36 33 44	3	2	0
430	49 10 34 6	4	3	0
431	11 49 41 25	3	3	0
432	18 43 36 37	3	4	0
433	49 19 20 36	3	4	0
434	23 43 6 35	3	4	0
435	2 45 49 7	1	-1	0
436	25 23 22 32	4	4	0
437	35 5 12 46	4	2	0
438	5 32 15 23	2	-1	0
439	3 34 36 27	1	-1	0
440	15 12 32 47	2	-1	0
441	34 38 33 26	2	-1	0
442	3 8 19 21	1	-1	0
443	16 29 26 23	4	2	0
444	5 15 7 27	4	2	0
445	20 46 15 39	4	4	0
446	2 10 45 29	1	-1	0
447	45 15 23 37	3	3	0
448	27 18 14 31	4	4	0
449	39 7 28 50	3	4	0
450	21 24 31 8	3	3	0
451	9 27 8 16	4	2	0
452	1 44 16 24	1	-1	0
453	18 46 14 41	3	2	0
454	2 5 35 18	1	-1	0
455	45 18 27 21	4	2	0
456	2 44 29 10	1	-1	0
457	6 15 24 48	2	-1	0
458	3 38 9 32	1	-1	0
459	2 22 7 45	1	-1	0
460	2 47 9 14	1	-1	0
461	3 50 39 20	1	-1	0
462	15 43 42 27	2	-1	0
463	1 15 31 50	1	-1	0
464	42 49 5 8	3	2	0
465	44 37 19 25	2	-1	0
466	40 6 41 26	4	3	0
467	27 49 31 35	4	4	0
468	22 50 13 27	2	-1	0
469	40 15 4 38	3	4	0
470	42 30 11 9	4	2	0
471	13 18 34 47	2	-1	0
472	45 42 21 43	4	2	0
473	29 46 15 18	3	2	0
474	23 11 14 47	3	3	0
475	22 41 12 17	4	4	0
476	14 31 21 48	4	4	0
477	41 23 14 4	3	2	0
478	3 20 19 15	1	-1	0
479	45 33 48 40	3	3	0
480	3 8 26 27	1	-1	0
481	33 45 18 43	2	-1	0
482	9 30 13 20	4	4	0
483	21 45 34 11	4	1	0
484	35 43 50 23	2	-1	0
485	24 49 26 40	2	-1	0
486	14 41 33 9	3	1	0
487	32 16 10 14	2	-1	0
488	2 7 5 8	1	-1	0
489	6 21 23 7	2	-1	0
490	36 26 11 22	2	-1	1
491	32 6 25 13	2	-1	0
492	22 15 39 7	3	3	0
493	1 4 6 40	1	-1	0
494	33 25 7 49	2	-1	0
495	3 33 8 5	1	-1	0
496	16 24 38 36	4	1	0
497	2 30 15 7	1	-1	0
498	24 20 8 13	3	3	0
499	45 28 27 24	3	3	0
500	5 48 13 47	2	-1	0
