Class Times	5
Rooms	10
1	84	B	1
2	51	C	0
3	17	C	0
4	28	A	1
5	79	B	0
6	74	B	1
7	54	A	0
8	80	A	1
9	95	A	1
10	42	A	1
Classes	50
Teachers	25
1	2	1	A	1
2	11	2	B	1
3	6	2	B	1
4	2	3	C	0
5	23	3	C	0
6	21	3	C	0
7	17	2	B	0
8	5	2	B	0
9	1	4	C	0
10	1	2	B	0
11	14	3	C	0
12	21	4	C	0
13	18	2	B	0
14	24	1	A	0
15	5	2	B	0
16	24	4	C	0
17	17	1	A	0
18	19	1	A	0
19	16	2	B	0
20	8	3	C	0
21	3	2	B	0
22	9	4	C	0
23	19	3	C	0
24	10	1	A	0
25	9	2	B	0
26	3	4	C	0
27	13	1	A	0
28	4	1	A	0
29	23	4	C	0
30	18	1	A	0
31	10	4	C	0
32	4	4	C	0
33	12	1	A	0
34	11	1	A	0
35	13	3	C	0
36	15	4	C	0
37	20	4	C	0
38	12	3	C	0
39	22	1	A	0
40	8	2	B	0
41	22	1	A	0
42	20	4	C	0
43	15	1	A	0
44	6	1	A	0
45	7	1	A	0
46	14	2	B	0
47	25	3	C	0
48	7	3	C	0
49	25	2	B	0
50	16	1	A	0
