Class Times	5
Rooms	10
1	80	A	0
2	88	B	0
3	34	C	0
4	39	C	1
5	37	B	0
6	52	C	0
7	41	A	1
8	46	A	0
9	27	A	0
10	47	A	0
Classes	50
Teachers	25
1	21	2	B	1
2	7	3	C	1
3	20	4	C	1
4	1	4	C	0
5	1	4	C	0
6	8	1	A	0
7	2	4	C	0
8	20	4	C	0
9	21	3	C	0
10	15	1	A	0
11	23	2	B	0
12	13	1	A	0
13	16	3	C	0
14	4	2	B	0
15	3	1	A	0
16	14	2	B	0
17	13	1	A	0
18	17	3	C	0
19	11	4	C	0
20	15	3	C	0
21	14	2	B	0
22	7	3	C	0
23	16	2	B	0
24	22	3	C	0
25	8	3	C	0
26	4	3	C	0
27	10	4	C	0
28	9	2	B	0
29	9	3	C	0
30	3	2	B	0
31	11	2	B	0
32	23	2	B	0
33	5	4	C	0
34	12	3	C	0
35	6	1	A	0
36	6	3	C	0
37	12	4	C	0
38	19	4	C	0
39	5	2	B	0
40	22	1	A	0
41	2	4	C	0
42	19	3	C	0
43	10	4	C	0
44	17	2	B	0
45	18	4	C	0
46	24	1	A	0
47	24	4	C	0
48	25	4	C	0
49	25	1	A	0
50	18	4	C	0
