Class Times	5
Rooms	10
1	36	B	0
2	83	B	1
3	58	A	1
4	54	C	0
5	65	A	1
6	42	B	0
7	48	B	1
8	92	B	0
9	78	B	0
10	44	A	1
Classes	50
Teachers	25
1	18	2	B	1
2	4	4	C	1
3	19	3	C	1
4	21	2	B	0
5	11	3	C	0
6	3	4	C	0
7	22	2	B	0
8	17	4	C	0
9	16	2	B	0
10	15	1	A	0
11	16	2	B	0
12	19	4	C	0
13	8	3	C	0
14	11	3	C	0
15	10	1	A	0
16	7	3	C	0
17	6	3	C	0
18	6	1	A	0
19	9	1	A	0
20	1	4	C	0
21	20	2	B	0
22	9	3	C	0
23	20	4	C	0
24	25	1	A	0
25	12	1	A	0
26	8	1	A	0
27	3	3	C	0
28	21	2	B	0
29	5	1	A	0
30	2	2	B	0
31	17	1	A	0
32	22	1	A	0
33	23	4	C	0
34	7	2	B	0
35	25	1	A	0
36	18	1	A	0
37	10	3	C	0
38	1	3	C	0
39	13	1	A	0
40	24	4	C	0
41	13	3	C	0
42	24	1	A	0
43	4	2	B	0
44	2	3	C	0
45	5	4	C	0
46	23	2	B	0
47	12	3	C	0
48	14	4	C	0
49	15	2	B	0
50	14	2	B	0
