Class Times	5
Rooms	10
1	85	B	1
2	25	A	1
3	98	C	1
4	32	C	0
5	42	C	1
6	91	C	0
7	87	C	0
8	97	A	0
9	11	C	0
10	88	A	0
Classes	50
Teachers	25
1	21	2	B	1
2	25	4	C	1
3	2	1	A	1
4	14	4	C	0
5	10	3	C	0
6	2	3	C	0
7	11	3	C	0
8	9	2	B	0
9	9	2	B	0
10	8	3	C	0
11	6	4	C	0
12	18	4	C	0
13	7	2	B	0
14	24	2	B	0
15	21	4	C	0
16	20	1	A	0
17	5	2	B	0
18	15	3	C	0
19	5	1	A	0
20	19	4	C	0
21	13	2	B	0
22	1	4	C	0
23	11	2	B	0
24	7	3	C	0
25	17	4	C	0
26	16	4	C	0
27	1	4	C	0
28	23	2	B	0
29	6	2	B	0
30	14	3	C	0
31	25	1	A	0
32	19	4	C	0
33	10	4	C	0
34	3	3	C	0
35	8	1	A	0
36	3	1	A	0
37	4	3	C	0
38	4	4	C	0
39	18	1	A	0
40	15	2	B	0
41	17	4	C	0
42	16	3	C	0
43	20	4	C	0
44	22	4	C	0
45	23	4	C	0
46	12	3	C	0
47	22	2	B	0
48	24	2	B	0
49	13	3	C	0
50	12	1	A	0
