Class Times	5
Rooms	10
1	88	A	1
2	79	A	1
3	81	C	0
4	25	B	0
5	15	A	0
6	12	B	0
7	79	C	0
8	35	B	1
9	53	C	1
10	96	C	0
Classes	50
Teachers	25
1	16	1	A	1
2	10	3	C	1
3	11	4	C	1
4	3	1	A	0
5	14	2	B	0
6	24	2	B	0
7	23	4	C	0
8	13	3	C	0
9	25	1	A	0
10	17	1	A	0
11	13	3	C	0
12	19	4	C	0
13	17	1	A	0
14	7	4	C	0
15	25	2	B	0
16	1	3	C	0
17	3	2	B	0
18	10	3	C	0
19	24	4	C	0
20	23	1	A	0
21	8	2	B	0
22	21	4	C	0
23	19	1	A	0
24	1	2	B	0
25	2	3	C	0
26	16	2	B	0
27	7	1	A	0
28	6	2	B	0
29	11	3	C	0
30	14	4	C	0
31	20	3	C	0
32	6	1	A	0
33	4	1	A	0
34	5	1	A	0
35	2	1	A	0
36	12	3	C	0
37	8	2	B	0
38	4	2	B	0
39	12	4	C	0
40	22	2	B	0
41	5	2	B	0
42	15	1	A	0
43	15	2	B	0
44	22	3	C	0
45	9	3	C	0
46	18	3	C	0
47	9	1	A	0
48	18	2	B	0
49	20	4	C	0
50	21	3	C	0
