Students	50
1	35 48 29 39	3	1	0
2	8 39 25 12	4	4	0
3	19 25 42 48	4	1	0
4	28 38 16 49	4	2	0
5	11 29 20 26	3	3	0
6	34 33 14 27	2	-1	0
7	1 45 15 22	1	-1	0
8	43 20 33 50	3	3	0
9	25 34 27 12	2	-1	0
10	29 26 13 11	4	4	0
11	30 34 43 26	3	2	0
12	45 25 40 44	3	2	0
13	1 12 26 10	1	-1	0
14	12 27 4 13	3	1	0
15	43 33 37 22	2	-1	0
16	8 43 14 1	4	2	0
17	15 31 48 34	2	-1	0
18	1 24 35 18	1	-1	0
19	10 28 15 27	3	1	0
20	36 16 41 24	2	-1	0
21	41 11 34 20	2	-1	0
22	49 50 4 35	2	-1	0
23	1 6 38 27	1	-1	0
24	2 6 13 45	1	-1	0
25	46 47 11 32	3	3	0
26	3 6 48 30	1	-1	0
27	46 17 25 8	2	-1	0
28	34 24 15 21	2	-1	0
29	25 17 29 5	3	2	0
30	3 48 9 8	1	-1	0
31	3 6 16 23	1	-1	0
32	3 17 33 32	1	-1	0
33	2 10 49 12	1	-1	0
34	49 45 48 29	4	1	0
35	3 12 32 36	1	-1	0
36	10 26 48 9	3	1	0
37	3 30 33 14	1	-1	0
38	9 40 20 30	2	-1	0
39	25 24 11 13	4	4	0
40	34 29 36 14	2	-1	0
41	28 12 27 38	4	3	0
42	2 27 8 44	1	-1	0
43	11 14 19 21	2	-1	0
44	13 47 5 50	4	2	0
45	3 9 49 8	1	-1	0
46	45 48 31 47	2	-1	0
47	48 30 42 21	3	4	0
48	25 50 38 39	3	1	0
49	49 15 48 8	4	3	0
50	16 40 8 2	4	1	0
