Students	50
1	19 32 36 48	4	2	0
2	6 33 14 19	4	4	0
3	47 41 10 48	3	4	1
4	2 21 12 32	1	-1	0
5	1 14 5 16	1	-1	0
6	15 27 36 10	4	4	0
7	44 26 19 16	3	1	0
8	23 18 28 12	4	3	0
9	33 30 11 5	2	-1	0
10	26 49 7 19	2	-1	0
11	39 48 5 32	4	1	0
12	26 18 39 4	2	-1	0
13	31 29 4 30	4	2	0
14	2 13 43 12	1	-1	0
15	3 12 6 19	1	-1	0
16	3 31 43 13	1	-1	0
17	3 36 6 47	1	-1	0
18	19 36 39 13	4	1	0
19	24 37 18 28	4	1	0
20	6 17 22 18	3	2	0
21	3 11 42 14	1	-1	0
22	2 8 17 14	1	-1	0
23	3 33 18 23	1	-1	0
24	47 10 39 17	3	1	0
25	46 10 38 11	2	-1	0
26	8 6 39 33	2	-1	0
27	23 35 11 29	3	2	0
28	2 4 14 37	1	-1	0
29	34 44 46 7	2	-1	0
30	3 9 36 48	1	-1	0
31	20 37 29 11	4	1	0
32	1 23 22 8	1	-1	0
33	35 14 48 42	4	1	0
34	5 30 20 40	2	-1	0
35	44 27 42 9	4	1	0
36	45 13 19 10	2	-1	0
37	13 7 24 30	3	4	0
38	21 25 12 40	2	-1	0
39	16 31 25 19	2	-1	0
40	46 40 48 34	4	3	0
41	30 12 35 45	2	-1	0
42	2 36 10 8	1	-1	0
43	41 42 24 39	4	1	0
44	17 21 36 22	4	3	0
45	29 11 22 18	2	-1	0
46	2 45 20 27	1	-1	0
47	20 30 40 47	2	-1	0
48	27 39 31 46	4	2	0
49	3 37 8 4	1	-1	0
50	47 26 27 21	2	-1	0
