Students	50
1	3 23 50 41	1	-1	0
2	9 10 7 27	2	-1	0
3	23 11 4 35	4	2	0
4	42 45 12 36	4	4	0
5	40 45 35 6	3	4	0
6	38 33 47 30	2	-1	0
7	47 15 39 50	2	-1	0
8	1 13 30 24	1	-1	1
9	50 23 7 26	4	1	0
10	45 42 14 9	3	3	0
11	7 28 45 49	4	4	0
12	32 18 35 50	3	4	0
13	47 49 8 10	4	1	0
14	27 34 33 36	2	-1	0
15	39 38 10 6	4	4	0
16	31 43 50 6	3	3	0
17	44 30 38 17	4	3	0
18	12 30 13 40	2	-1	0
19	48 24 29 12	2	-1	0
20	37 45 11 39	3	4	0
21	12 40 49 22	2	-1	0
22	16 29 48 40	2	-1	0
23	34 39 35 45	2	-1	0
24	31 44 5 19	3	1	0
25	6 43 10 8	4	2	0
26	21 24 30 49	2	-1	0
27	35 42 30 38	3	1	0
28	25 20 48 9	3	1	0
29	1 45 22 4	1	-1	0
30	21 46 14 27	4	3	0
31	25 22 14 45	4	4	0
32	24 33 23 11	3	3	0
33	41 21 7 11	2	-1	0
34	14 44 36 50	2	-1	0
35	24 48 8 33	3	3	0
36	1 39 13 8	1	-1	0
37	29 36 47 33	3	3	0
38	30 43 48 47	2	-1	0
39	16 44 43 6	4	4	0
40	3 27 35 25	1	-1	0
41	35 27 24 32	3	3	0
42	47 39 7 6	2	-1	0
43	15 47 30 46	4	3	0
44	2 34 19 12	1	-1	0
45	3 4 36 16	1	-1	0
46	27 9 38 12	4	4	0
47	36 11 18 7	4	3	0
48	9 38 37 5	3	4	0
49	12 44 31 17	2	-1	0
50	24 17 7 9	4	4	0
