Students	50
1	1 44 46 40	1	-1	0
2	1 20 30 29	1	-1	0
3	13 29 42 34	3	2	0
4	3 20 17 15	1	-1	0
5	42 46 34 41	4	2	0
6	50 43 41 18	2	-1	0
7	27 43 9 23	3	3	0
8	37 36 33 28	4	4	0
9	40 32 28 14	3	2	0
10	15 4 30 20	4	4	0
11	11 42 45 24	3	2	0
12	18 16 7 31	4	1	0
13	28 47 9 39	4	2	0
14	28 9 34 21	4	3	0
15	10 4 26 36	3	1	0
16	31 49 17 14	2	-1	0
17	6 45 17 11	3	3	0
18	28 4 11 19	3	3	0
19	5 43 14 30	2	-1	0
20	39 38 10 9	2	-1	0
21	23 27 32 14	2	-1	1
22	3 30 41 36	1	-1	0
23	45 23 7 31	2	-1	0
24	29 26 7 13	4	4	0
25	26 15 43 47	3	1	0
26	1 7 10 27	1	-1	0
27	7 12 5 14	3	4	0
28	19 45 15 37	2	-1	0
29	42 21 50 29	4	1	0
30	2 44 23 43	1	-1	0
31	1 26 4 33	1	-1	0
32	37 35 25 18	4	4	0
33	41 35 30 27	3	4	0
34	24 18 12 8	2	-1	0
35	29 14 32 31	2	-1	0
36	1 39 26 44	1	-1	0
37	33 44 41 15	4	3	0
38	2 38 24 36	1	-1	0
39	29 9 13 14	2	-1	0
40	8 41 24 16	3	4	0
41	23 4 21 7	4	1	0
42	11 37 26 46	4	3	0
43	24 27 39 41	2	-1	0
44	1 50 25 22	1	-1	0
45	3 18 38 39	1	-1	0
46	1 13 34 44	1	-1	0
47	38 50 12 8	3	2	0
48	28 49 35 41	3	3	0
49	40 24 42 39	3	1	0
50	5 35 50 37	4	4	0
