Students	50
1	15 23 9 26	2	-1	0
2	13 24 50 20	2	-1	0
3	25 5 20 42	3	1	0
4	34 20 17 27	4	3	0
5	17 19 41 22	2	-1	0
6	36 46 31 19	2	-1	0
7	25 17 40 23	4	1	0
8	16 43 24 11	2	-1	0
9	3 19 12 45	1	-1	0
10	42 40 7 8	3	4	0
11	37 33 23 6	2	-1	0
12	39 34 6 7	3	3	0
13	44 50 38 47	4	3	0
14	37 21 19 12	4	4	0
15	16 18 7 41	3	4	0
16	23 9 48 5	4	4	0
17	4 19 25 15	4	2	0
18	15 8 24 11	2	-1	0
19	43 19 14 42	4	2	0
20	46 27 43 50	4	1	0
21	2 7 10 31	1	-1	0
22	1 50 46 28	1	-1	0
23	46 50 16 35	2	-1	0
24	14 17 26 12	3	4	0
25	34 7 18 41	2	-1	0
26	10 25 9 37	2	-1	0
27	2 40 28 4	1	-1	0
28	48 40 11 29	3	4	0
29	49 18 41 30	4	2	0
30	18 16 4 12	3	4	0
31	38 29 15 32	3	3	0
32	2 30 11 16	1	-1	0
33	32 20 12 48	4	2	0
34	3 17 9 41	1	-1	0
35	39 45 42 37	4	3	0
36	1 18 9 10	1	-1	0
37	46 14 45 34	2	-1	0
38	48 16 36 45	3	3	0
39	16 10 37 43	4	1	0
40	18 26 47 46	4	1	0
41	44 7 49 31	2	-1	0
42	2 22 10 43	1	-1	0
43	32 6 17 20	4	3	0
44	2 37 23 10	1	-1	0
45	34 35 29 37	4	1	0
46	6 19 12 7	3	4	0
47	48 18 5 16	3	2	0
48	36 39 46 21	3	4	0
49	26 41 9 39	3	1	0
50	25 42 24 37	2	-1	0
