Class Times	40
Rooms	10
1	78	C	0
2	20	A	0
3	61	B	0
4	53	B	0
5	57	A	1
6	44	C	0
7	53	A	1
8	25	C	0
9	78	A	1
10	66	B	1
Classes	50
Teachers	25
1	16	3	C	1
2	7	1	A	1
3	15	1	A	1
4	5	4	C	0
5	15	3	C	0
6	1	3	C	0
7	4	1	A	0
8	3	5	C	0
9	21	3	C	0
10	8	3	C	0
11	23	2	B	0
12	3	3	C	0
13	9	2	B	0
14	5	5	C	0
15	25	1	A	0
16	21	1	A	0
17	13	2	B	0
18	19	1	A	0
19	2	5	C	0
20	4	2	B	0
21	2	1	A	0
22	13	5	C	0
23	16	3	C	0
24	22	3	C	0
25	18	4	C	0
26	19	4	C	0
27	20	2	B	0
28	1	3	C	0
29	17	3	C	0
30	18	5	C	0
31	20	4	C	0
32	22	5	C	0
33	9	4	C	0
34	24	3	C	0
35	14	2	B	0
36	6	2	B	0
37	25	5	C	0
38	12	1	A	0
39	23	3	C	0
40	12	2	B	0
41	10	2	B	0
42	24	5	C	0
43	8	4	C	0
44	10	4	C	0
45	6	5	C	0
46	11	2	B	0
47	17	1	A	0
48	14	1	A	0
49	11	1	A	0
50	7	2	B	0
