Class Times	40
Rooms	10
1	31	B	1
2	95	A	1
3	44	C	1
4	60	C	0
5	17	B	0
6	65	C	1
7	72	B	1
8	64	B	1
9	28	A	1
10	34	A	0
Classes	50
Teachers	25
1	17	5	C	1
2	2	1	A	1
3	6	3	C	1
4	22	2	B	0
5	5	3	C	0
6	21	3	C	0
7	22	5	C	0
8	15	5	C	0
9	21	4	C	0
10	6	3	C	0
11	16	2	B	0
12	16	4	C	0
13	15	4	C	0
14	7	4	C	0
15	4	2	B	0
16	17	1	A	0
17	14	5	C	0
18	9	1	A	0
19	18	4	C	0
20	7	1	A	0
21	14	2	B	0
22	18	1	A	0
23	1	5	C	0
24	2	3	C	0
25	10	5	C	0
26	25	3	C	0
27	20	3	C	0
28	9	4	C	0
29	20	1	A	0
30	10	3	C	0
31	1	4	C	0
32	23	5	C	0
33	19	1	A	0
34	3	2	B	0
35	3	2	B	0
36	11	1	A	0
37	13	5	C	0
38	12	3	C	0
39	23	5	C	0
40	11	3	C	0
41	12	4	C	0
42	19	3	C	0
43	25	3	C	0
44	24	4	C	0
45	8	1	A	0
46	24	2	B	0
47	5	4	C	0
48	4	3	C	0
49	13	4	C	0
50	8	3	C	0
