Class Times	40
Rooms	10
1	73	A	1
2	83	A	0
3	96	A	1
4	65	B	1
5	23	A	1
6	17	C	1
7	26	C	0
8	68	A	0
9	32	B	0
10	82	A	0
Classes	50
Teachers	25
1	8	5	C	1
2	11	5	C	1
3	17	3	C	1
4	6	4	C	0
5	13	1	A	0
6	7	5	C	0
7	10	3	C	0
8	14	2	B	0
9	19	2	B	0
10	12	5	C	0
11	10	5	C	0
12	2	1	A	0
13	9	4	C	0
14	19	5	C	0
15	13	3	C	0
16	21	4	C	0
17	1	4	C	0
18	2	1	A	0
19	6	5	C	0
20	20	5	C	0
21	14	1	A	0
22	3	3	C	0
23	7	2	B	0
24	17	5	C	0
25	23	4	C	0
26	23	1	A	0
27	21	5	C	0
28	8	5	C	0
29	18	1	A	0
30	4	4	C	0
31	11	5	C	0
32	5	2	B	0
33	5	4	C	0
34	3	2	B	0
35	1	4	C	0
36	18	2	B	0
37	20	5	C	0
38	4	5	C	0
39	9	4	C	0
40	12	1	A	0
41	16	4	C	0
42	22	4	C	0
43	15	2	B	0
44	16	2	B	0
45	15	3	C	0
46	24	2	B	0
47	25	4	C	0
48	25	4	C	0
49	22	4	C	0
50	24	1	A	0
