Students	500
1	43 11 13 41	2	-1	0
2	35 13 19 31	4	3	0
3	2 35 39 20	1	-1	0
4	1 9 47 40	1	-1	0
5	1 30 12 16	1	-1	0
6	50 21 39 44	4	5	0
7	2 16 49 31	1	-1	0
8	49 5 37 39	2	-1	0
9	43 37 50 45	3	5	0
10	1 40 8 29	1	-1	0
11	19 12 50 49	2	-1	0
12	42 13 29 49	2	-1	0
13	34 42 20 10	4	4	0
14	16 36 20 34	2	-1	0
15	1 31 27 41	1	-1	0
16	26 7 24 49	3	1	0
17	27 13 37 21	4	3	0
18	15 43 35 13	4	3	0
19	2 9 41 28	1	-1	0
20	18 49 33 34	3	1	0
21	46 42 21 50	4	5	0
22	28 44 40 8	4	4	0
23	2 25 40 5	1	-1	0
24	3 16 34 31	1	-1	0
25	50 44 47 11	4	1	0
26	31 5 48 21	4	5	0
27	1 18 7 8	1	-1	0
28	30 46 14 26	3	4	0
29	2 34 14 41	1	-1	0
30	21 40 16 11	2	-1	0
31	46 4 34 44	4	1	0
32	35 42 28 19	4	2	0
33	8 9 30 16	3	5	0
34	1 43 42 24	1	-1	0
35	28 38 34 20	4	2	0
36	5 6 8 44	3	2	0
37	11 12 43 23	4	5	0
38	33 14 48 35	2	-1	0
39	3 8 37 17	1	-1	0
40	32 40 29 15	4	2	0
41	7 30 31 8	4	1	0
42	50 25 43 7	3	3	0
43	1 11 6 7	1	-1	0
44	30 27 5 8	3	4	0
45	37 35 36 20	3	1	0
46	7 50 47 14	3	2	0
47	33 8 43 17	3	3	0
48	21 16 15 24	2	-1	0
49	1 14 29 16	1	-1	0
50	1 48 34 30	1	-1	0
51	2 14 41 20	1	-1	0
52	24 41 23 12	3	3	0
53	16 14 25 46	3	5	0
54	38 20 42 10	2	-1	0
55	1 8 38 9	1	-1	0
56	34 32 8 21	2	-1	1
57	32 22 30 19	3	5	0
58	2 6 48 26	1	-1	0
59	29 24 45 11	2	-1	0
60	2 33 31 11	1	-1	0
61	16 18 19 14	4	3	0
62	43 37 42 26	4	3	0
63	1 12 19 4	1	-1	0
64	32 41 35 9	4	3	0
65	10 48 24 43	4	1	0
66	3 41 7 6	1	-1	0
67	1 24 21 20	1	-1	0
68	22 41 47 42	4	5	1
69	2 44 23 26	1	-1	0
70	1 47 31 27	1	-1	0
71	22 33 7 6	3	1	0
72	28 11 23 50	2	-1	0
73	19 28 9 38	4	2	0
74	36 43 14 49	2	-1	0
75	1 43 33 40	1	-1	0
76	47 21 20 17	3	1	0
77	20 31 11 34	4	5	0
78	1 39 36 29	1	-1	0
79	39 16 27 38	2	-1	0
80	29 31 43 17	4	4	0
81	8 33 14 6	2	-1	0
82	1 48 42 17	1	-1	0
83	22 24 28 36	2	-1	0
84	7 6 23 22	3	3	0
85	9 20 45 6	4	2	0
86	8 33 37 12	2	-1	0
87	45 12 23 9	3	1	0
88	7 25 15 41	2	-1	0
89	38 7 4 14	2	-1	0
90	50 7 21 25	4	1	0
91	1 26 21 9	1	-1	0
92	2 24 20 37	1	-1	0
93	21 42 38 41	3	4	0
94	1 24 39 7	1	-1	0
95	27 13 46 41	2	-1	0
96	2 29 18 39	1	-1	0
97	11 33 16 30	3	3	0
98	28 16 23 31	2	-1	0
99	36 4 12 26	4	5	0
100	42 27 43 48	2	-1	0
101	47 24 27 31	3	2	0
102	42 33 34 9	3	4	0
103	14 42 11 27	4	5	0
104	13 44 50 17	3	5	0
105	2 22 17 50	1	-1	0
106	20 22 4 31	4	3	0
107	50 47 23 37	2	-1	0
108	15 4 8 31	4	5	0
109	8 14 25 23	3	3	0
110	2 50 15 12	1	-1	0
111	30 39 21 35	3	4	0
112	17 20 29 49	2	-1	0
113	12 17 44 50	2	-1	0
114	43 16 29 26	4	5	0
115	22 12 29 43	3	1	0
116	4 12 30 13	2	-1	0
117	47 17 10 12	3	4	0
118	1 44 14 26	1	-1	0
119	45 36 46 12	2	-1	0
120	29 27 43 7	4	2	0
121	1 14 36 33	1	-1	0
122	1 32 50 41	1	-1	0
123	43 8 40 10	3	5	0
124	5 17 48 40	2	-1	0
125	19 42 30 10	3	5	0
126	47 14 23 25	3	3	0
127	38 17 8 34	2	-1	0
128	24 41 50 43	3	3	0
129	18 13 47 12	3	3	0
130	9 41 36 45	4	5	0
131	35 29 28 22	2	-1	0
132	17 18 37 35	3	1	0
133	25 14 16 17	2	-1	0
134	11 39 49 46	3	3	0
135	9 14 40 38	3	2	0
136	13 49 50 11	3	1	0
137	1 28 16 30	1	-1	0
138	40 41 28 22	4	4	0
139	47 42 37 48	2	-1	0
140	16 36 12 13	2	-1	0
141	38 48 20 22	2	-1	0
142	21 34 30 14	4	4	0
143	10 48 28 42	4	1	0
144	3 12 22 49	1	-1	1
145	34 44 13 20	2	-1	0
146	35 41 42 48	4	2	0
147	36 26 6 37	4	5	0
148	5 13 49 31	2	-1	0
149	9 45 17 40	4	3	0
150	2 31 42 32	1	-1	0
151	48 35 26 19	2	-1	0
152	28 23 16 7	3	4	0
153	33 28 44 13	4	3	0
154	1 37 7 16	1	-1	0
155	1 29 43 14	1	-1	0
156	33 19 43 15	3	2	0
157	3 7 15 39	1	-1	0
158	1 16 41 40	1	-1	0
159	48 19 44 37	4	1	0
160	12 43 27 7	4	4	0
161	7 11 49 43	4	2	0
162	40 44 42 33	4	1	0
163	14 16 4 41	2	-1	0
164	17 24 45 42	4	2	0
165	41 27 32 20	3	2	0
166	28 40 35 46	2	-1	0
167	2 17 34 4	1	-1	0
168	3 42 29 28	1	-1	0
169	15 9 8 40	3	4	0
170	47 41 12 27	4	4	0
171	3 23 44 22	1	-1	0
172	39 29 11 14	2	-1	0
173	5 12 44 18	3	2	0
174	43 9 32 23	3	2	0
175	41 38 48 29	2	-1	0
176	1 23 35 10	1	-1	0
177	10 11 16 20	4	2	0
178	48 13 42 38	3	2	0
179	33 44 41 8	4	4	0
180	3 50 14 34	1	-1	0
181	3 33 35 27	1	-1	0
182	12 27 25 9	4	3	0
183	3 17 49 47	1	-1	0
184	21 40 11 4	2	-1	0
185	34 19 7 23	2	-1	0
186	2 21 24 44	1	-1	0
187	15 10 47 35	3	4	0
188	3 35 37 9	1	-1	0
189	34 37 27 9	3	1	0
190	48 12 30 26	4	1	0
191	1 46 39 13	1	-1	0
192	3 30 46 50	1	-1	0
193	30 10 43 13	2	-1	0
194	1 8 5 26	1	-1	0
195	3 41 9 47	1	-1	0
196	13 33 39 31	2	-1	0
197	8 38 15 5	2	-1	0
198	44 10 14 6	2	-1	0
199	4 36 25 5	3	1	0
200	2 43 9 20	1	-1	0
201	25 6 33 4	3	3	0
202	44 16 22 38	3	4	0
203	12 13 36 21	2	-1	0
204	39 50 5 24	4	2	0
205	23 43 32 20	4	3	0
206	3 27 47 37	1	-1	0
207	5 45 19 24	2	-1	0
208	45 14 7 47	3	2	0
209	34 45 39 38	2	-1	0
210	31 14 49 48	3	4	0
211	17 18 28 36	2	-1	0
212	45 41 22 11	4	5	0
213	40 18 46 36	3	3	0
214	21 17 12 35	4	3	0
215	3 44 39 21	1	-1	0
216	45 29 5 3	4	2	0
217	12 43 19 18	3	2	0
218	2 7 49 48	1	-1	0
219	2 47 18 3	1	-1	0
220	4 41 7 21	2	-1	0
221	26 39 32 33	3	2	0
222	3 41 14 5	1	-1	0
223	43 22 20 37	2	-1	0
224	3 5 26 11	1	-1	0
225	8 36 32 37	4	5	0
226	6 11 39 44	2	-1	0
227	37 20 16 15	3	3	0
228	3 28 42 25	1	-1	0
229	12 28 46 42	2	-1	0
230	15 25 32 23	3	4	0
231	27 33 6 45	2	-1	0
232	2 32 27 7	1	-1	0
233	3 11 30 6	1	-1	0
234	1 50 49 38	1	-1	0
235	49 33 48 7	4	2	0
236	42 5 20 10	2	-1	0
237	3 45 17 39	1	-1	0
238	40 32 26 43	4	3	0
239	1 42 18 9	1	-1	0
240	11 14 17 38	2	-1	0
241	1 17 42 46	1	-1	0
242	11 4 17 27	4	2	0
243	26 42 35 22	4	4	0
244	46 50 43 6	3	2	0
245	10 27 7 16	4	3	0
246	29 15 4 28	3	3	0
247	3 5 9 12	1	-1	0
248	22 49 25 14	4	2	0
249	15 12 10 29	2	-1	0
250	49 11 20 38	4	3	0
251	25 13 19 39	4	1	0
252	21 7 9 27	4	1	0
253	4 29 25 26	4	1	0
254	40 22 13 5	2	-1	0
255	41 48 9 36	4	2	0
256	50 21 20 26	4	5	0
257	30 22 9 49	4	5	0
258	3 17 9 25	1	-1	0
259	5 16 8 45	2	-1	0
260	1 20 12 17	1	-1	0
261	10 30 38 44	4	1	0
262	38 21 11 10	4	3	0
263	26 48 6 40	2	-1	0
264	1 25 49 41	1	-1	0
265	13 5 46 11	4	4	0
266	46 16 18 26	2	-1	0
267	5 35 34 4	3	5	0
268	19 33 6 9	4	1	0
269	9 33 16 29	2	-1	0
270	1 40 33 5	1	-1	0
271	3 34 21 43	1	-1	0
272	2 16 41 7	1	-1	0
273	3 8 44 22	1	-1	0
274	45 40 33 7	4	1	0
275	37 18 42 4	4	2	0
276	18 20 36 31	4	3	0
277	39 30 29 8	2	-1	0
278	33 42 46 6	2	-1	0
279	46 24 26 9	4	3	0
280	3 9 44 45	1	-1	0
281	40 39 41 38	4	4	0
282	27 20 11 49	4	5	0
283	32 15 13 6	2	-1	0
284	27 47 6 13	2	-1	0
285	2 26 30 45	1	-1	0
286	10 27 18 30	3	5	0
287	8 22 5 35	3	5	0
288	33 27 4 50	4	2	0
289	4 25 15 42	3	1	0
290	36 13 6 37	3	3	0
291	35 8 9 32	2	-1	0
292	37 4 24 6	3	3	0
293	21 46 42 35	4	1	0
294	43 16 11 34	4	1	0
295	12 39 48 11	4	4	0
296	15 44 38 35	3	1	0
297	21 19 42 39	4	2	0
298	16 33 27 50	3	3	0
299	6 48 39 12	2	-1	0
300	20 9 29 43	2	-1	0
301	2 7 50 17	1	-1	0
302	23 41 30 33	3	3	0
303	49 10 19 32	2	-1	0
304	28 23 45 15	4	5	0
305	30 25 19 23	4	2	1
306	8 33 11 35	4	4	0
307	16 17 49 39	2	-1	0
308	21 36 4 35	2	-1	0
309	28 43 25 29	2	-1	0
310	6 44 49 18	4	1	0
311	29 35 32 7	3	2	0
312	48 13 42 17	3	2	0
313	42 37 23 19	4	4	0
314	50 4 40 20	4	5	0
315	2 11 47 33	1	-1	0
316	38 27 29 34	3	5	0
317	4 28 33 17	3	2	1
318	19 42 45 22	4	1	0
319	43 37 38 10	3	2	0
320	9 38 4 20	4	1	0
321	26 5 28 40	2	-1	0
322	45 36 5 25	4	5	0
323	50 16 39 6	4	4	0
324	40 12 27 23	4	1	0
325	3 38 15 28	1	-1	0
326	23 17 5 48	4	3	0
327	2 16 30 11	1	-1	0
328	2 24 35 20	1	-1	0
329	15 28 24 29	2	-1	0
330	28 23 50 7	4	3	0
331	1 28 37 33	1	-1	1
332	8 48 40 35	2	-1	0
333	8 16 44 22	4	3	0
334	10 13 14 34	2	-1	0
335	33 17 16 13	3	4	0
336	24 42 21 40	3	5	0
337	35 21 16 15	3	4	0
338	33 5 34 50	2	-1	0
339	11 5 35 8	2	-1	0
340	1 18 37 12	1	-1	0
341	48 27 24 7	4	3	0
342	38 4 11 48	3	5	0
343	1 17 23 50	1	-1	0
344	50 5 13 12	2	-1	0
345	33 13 45 47	2	-1	0
346	3 12 30 41	1	-1	0
347	12 20 18 13	4	2	0
348	2 24 21 36	1	-1	0
349	2 25 46 36	1	-1	0
350	49 26 15 16	4	2	0
351	15 50 43 8	2	-1	0
352	38 24 35 19	3	2	0
353	8 6 28 17	3	4	0
354	8 42 50 34	3	3	0
355	10 19 45 31	3	4	0
356	29 15 40 7	2	-1	0
357	43 9 28 11	4	3	0
358	2 46 50 44	1	-1	0
359	46 35 11 42	3	4	0
360	2 5 45 31	1	-1	0
361	29 10 39 45	2	-1	0
362	1 40 22 46	1	-1	0
363	43 50 44 38	2	-1	0
364	3 24 42 47	1	-1	0
365	16 48 37 27	2	-1	0
366	29 49 21 4	4	5	0
367	50 45 20 25	3	5	0
368	22 18 20 34	2	-1	0
369	26 16 40 18	2	-1	0
370	1 11 21 24	1	-1	0
371	17 50 48 30	4	1	0
372	2 10 23 17	1	-1	0
373	39 24 19 28	4	3	0
374	21 30 32 38	4	3	0
375	42 47 6 13	2	-1	0
376	48 14 42 34	2	-1	0
377	35 45 26 40	2	-1	0
378	25 45 48 31	4	4	0
379	36 22 8 21	2	-1	0
380	1 9 27 29	1	-1	0
381	22 43 40 8	3	5	0
382	40 15 13 46	4	4	0
383	34 40 14 31	3	2	0
384	49 35 42 20	3	2	0
385	21 47 14 39	2	-1	0
386	2 43 6 5	1	-1	0
387	15 32 49 43	3	3	0
388	3 27 24 34	1	-1	0
389	5 21 8 49	2	-1	0
390	37 28 20 8	3	3	0
391	7 19 27 47	4	1	0
392	3 8 31 45	1	-1	0
393	29 19 5 49	2	-1	0
394	29 5 7 36	3	2	0
395	15 9 25 30	3	1	0
396	23 39 41 22	3	2	0
397	22 39 44 21	3	2	0
398	2 16 12 26	1	-1	0
399	44 47 6 45	4	5	0
400	1 26 17 48	1	-1	0
401	4 24 44 23	3	2	0
402	6 30 46 28	2	-1	0
403	3 45 46 36	1	-1	0
404	1 31 14 45	1	-1	0
405	2 15 18 32	1	-1	0
406	49 8 43 46	4	4	0
407	1 28 37 6	1	-1	0
408	7 41 39 33	4	2	0
409	46 36 12 42	3	3	0
410	8 21 46 5	2	-1	0
411	1 7 19 46	1	-1	0
412	1 20 46 19	1	-1	0
413	17 36 30 14	2	-1	0
414	30 27 35 40	3	2	0
415	37 35 29 44	2	-1	0
416	37 42 45 29	2	-1	0
417	3 48 34 40	1	-1	0
418	37 42 44 34	2	-1	0
419	3 12 48 41	1	-1	0
420	1 46 23 18	1	-1	0
421	29 34 26 30	2	-1	0
422	3 32 10 23	1	-1	0
423	33 4 49 10	2	-1	0
424	37 47 26 28	3	4	0
425	42 21 31 29	3	2	0
426	15 24 21 45	4	3	0
427	49 16 19 26	2	-1	0
428	34 4 47 3	4	4	0
429	6 12 4 43	4	3	0
430	36 15 48 44	4	5	0
431	31 27 16 30	3	3	0
432	46 22 18 21	3	2	0
433	2 12 29 31	1	-1	0
434	2 22 43 4	1	-1	0
435	25 48 15 26	4	1	0
436	50 47 48 20	2	-1	0
437	21 44 40 15	3	4	0
438	17 20 14 25	2	-1	0
439	34 38 23 10	4	1	0
440	29 17 48 33	4	4	0
441	41 17 38 15	4	1	0
442	41 23 15 49	3	1	0
443	3 48 49 7	1	-1	0
444	18 13 10 35	4	5	0
445	32 33 40 39	3	1	0
446	25 31 13 40	3	4	0
447	1 32 41 39	1	-1	0
448	3 37 4 12	1	-1	0
449	50 42 18 30	3	3	0
450	3 40 28 14	1	-1	0
451	2 47 4 31	1	-1	0
452	28 42 47 46	3	2	0
453	3 21 43 28	1	-1	0
454	12 7 16 13	4	3	0
455	38 41 13 32	4	1	0
456	1 45 29 30	1	-1	0
457	3 30 48 37	1	-1	0
458	44 12 48 36	3	3	0
459	26 34 32 35	4	3	0
460	34 40 22 38	3	3	0
461	40 4 36 10	2	-1	0
462	20 15 24 25	4	4	0
463	22 19 16 18	4	2	0
464	23 21 17 14	3	5	0
465	27 6 23 31	3	5	0
466	34 21 24 9	2	-1	0
467	23 11 20 34	3	5	0
468	3 43 22 49	1	-1	0
469	32 33 5 37	4	4	0
470	34 20 26 15	4	3	0
471	22 6 30 8	2	-1	0
472	5 18 35 28	2	-1	0
473	3 14 44 26	1	-1	0
474	45 10 17 35	3	4	0
475	6 44 41 35	4	4	0
476	1 43 5 15	1	-1	0
477	2 16 28 36	1	-1	0
478	1 24 29 13	1	-1	0
479	19 33 35 11	2	-1	0
480	42 38 7 15	3	1	0
481	6 44 29 14	3	2	0
482	7 6 46 4	3	2	0
483	19 45 42 26	4	3	0
484	2 6 18 9	1	-1	0
485	19 13 43 48	2	-1	0
486	3 43 20 19	1	-1	0
487	29 45 9 1	4	4	0
488	1 13 50 17	1	-1	0
489	6 16 12 42	2	-1	0
490	34 48 13 12	2	-1	0
491	17 48 7 18	4	4	0
492	34 12 24 33	4	1	0
493	33 48 29 36	2	-1	0
494	18 41 7 28	3	1	0
495	3 25 18 32	1	-1	0
496	23 34 6 47	4	3	0
497	41 49 40 22	2	-1	0
498	47 28 27 33	4	4	0
499	3 19 4 32	1	-1	0
500	27 7 23 32	4	3	0
