Students	500
1	47 19 7 35	3	3	0
2	10 17 28 14	3	2	0
3	41 38 30 15	2	-1	0
4	10 32 31 33	2	-1	0
5	17 30 40 8	2	-1	0
6	1 44 6 26	1	-1	0
7	24 39 43 36	3	3	0
8	2 35 49 16	1	-1	1
9	5 30 15 40	3	2	0
10	14 44 35 50	4	5	0
11	23 33 40 6	4	4	0
12	47 9 4 40	3	2	1
13	19 23 38 17	3	3	0
14	32 33 12 23	4	3	0
15	38 46 18 30	2	-1	0
16	2 4 35 16	1	-1	0
17	18 15 37 30	3	4	0
18	41 17 31 39	4	1	0
19	6 33 16 49	2	-1	0
20	8 15 11 16	4	2	0
21	30 34 24 25	4	1	0
22	39 47 18 46	4	4	0
23	50 22 30 43	2	-1	0
24	23 48 47 28	3	1	0
25	16 26 22 42	4	5	0
26	44 47 46 8	2	-1	0
27	19 4 32 44	2	-1	0
28	35 37 30 13	2	-1	0
29	45 4 46 33	3	4	0
30	19 15 41 42	4	1	0
31	50 27 24 34	2	-1	0
32	38 17 37 11	4	3	0
33	16 22 42 49	2	-1	0
34	26 4 39 25	3	1	0
35	6 31 14 37	2	-1	0
36	13 37 38 10	3	3	0
37	34 16 29 13	2	-1	0
38	5 49 8 15	2	-1	0
39	35 12 11 22	2	-1	0
40	44 10 12 36	4	3	0
41	33 19 48 18	4	5	0
42	21 26 9 39	2	-1	0
43	3 42 38 10	1	-1	0
44	3 46 29 14	1	-1	0
45	47 48 42 28	2	-1	0
46	28 7 39 30	2	-1	0
47	18 13 44 36	4	5	0
48	4 17 8 24	2	-1	0
49	29 49 46 8	2	-1	0
50	11 41 10 7	2	-1	0
51	3 12 26 23	1	-1	0
52	31 15 49 38	3	4	0
53	1 40 10 39	1	-1	0
54	49 17 14 26	3	2	0
55	20 50 23 5	3	2	0
56	30 38 49 27	3	5	0
57	28 23 29 26	2	-1	0
58	1 46 27 7	1	-1	0
59	2 6 21 38	1	-1	0
60	30 37 35 15	4	2	0
61	31 15 37 11	2	-1	0
62	42 47 31 37	3	5	0
63	36 4 23 35	2	-1	0
64	13 27 46 26	2	-1	0
65	3 45 35 6	1	-1	0
66	9 49 22 20	2	-1	0
67	42 15 19 43	2	-1	0
68	28 33 43 8	3	1	0
69	8 27 47 11	4	2	0
70	45 8 16 43	2	-1	0
71	35 50 22 26	4	4	0
72	47 42 40 19	3	4	0
73	29 45 11 34	3	1	0
74	37 34 50 23	3	2	0
75	3 33 39 17	1	-1	0
76	25 1 37 39	2	-1	0
77	34 25 9 27	4	4	0
78	2 13 35 43	1	-1	0
79	26 48 38 33	2	-1	0
80	19 42 22 16	3	3	1
81	15 33 28 42	4	4	0
82	3 29 37 4	1	-1	0
83	41 35 46 15	2	-1	0
84	48 35 16 30	2	-1	0
85	24 14 19 45	3	2	0
86	1 30 6 28	1	-1	0
87	2 31 5 27	1	-1	0
88	42 38 50 14	4	1	0
89	36 37 24 16	4	3	0
90	43 20 32 28	4	5	0
91	14 10 43 13	2	-1	0
92	2 36 26 10	1	-1	0
93	48 6 16 13	4	1	0
94	19 29 32 4	3	5	0
95	22 38 48 32	2	-1	0
96	15 29 14 50	4	2	0
97	34 32 38 47	4	3	0
98	5 23 12 30	4	4	0
99	10 12 19 39	3	1	0
100	32 30 42 29	3	2	0
101	43 35 48 34	4	2	0
102	40 4 48 31	3	3	0
103	1 37 43 38	1	-1	0
104	21 35 4 50	4	1	0
105	2 33 23 42	1	-1	0
106	3 9 13 10	1	-1	0
107	3 20 36 10	1	-1	0
108	3 29 8 28	1	-1	0
109	1 38 7 44	1	-1	0
110	37 31 39 36	4	5	0
111	44 4 29 35	2	-1	0
112	2 35 17 20	1	-1	0
113	8 16 35 10	2	-1	0
114	35 15 50 46	4	2	0
115	2 38 49 24	1	-1	0
116	19 41 9 30	2	-1	0
117	2 22 12 36	1	-1	0
118	40 23 35 4	3	2	0
119	15 43 35 23	3	1	0
120	5 31 45 43	3	3	0
121	34 25 43 45	4	2	0
122	24 10 44 35	4	2	0
123	5 8 23 18	4	2	0
124	34 31 7 39	3	1	0
125	49 33 43 8	2	-1	0
126	28 48 49 14	3	4	0
127	11 38 8 48	3	5	0
128	40 50 29 26	4	2	0
129	12 34 7 10	3	3	0
130	6 19 17 12	2	-1	0
131	24 22 32 21	2	-1	0
132	3 41 18 8	1	-1	0
133	32 14 7 38	4	4	0
134	34 48 27 42	2	-1	0
135	34 42 21 25	4	2	0
136	20 29 21 34	3	2	0
137	39 37 23 45	2	-1	0
138	3 16 27 34	1	-1	0
139	1 13 12 26	1	-1	0
140	10 26 11 15	4	4	0
141	10 40 28 45	2	-1	0
142	3 16 8 46	1	-1	0
143	25 19 49 9	2	-1	0
144	31 6 7 48	4	4	0
145	21 10 24 44	3	3	0
146	3 26 46 16	1	-1	0
147	28 31 4 12	2	-1	0
148	2 11 19 16	1	-1	0
149	3 13 37 17	1	-1	0
150	28 19 41 11	4	2	0
151	6 28 33 10	2	-1	0
152	10 32 21 44	3	3	0
153	1 37 36 47	1	-1	0
154	1 16 50 49	1	-1	0
155	36 7 42 31	3	3	0
156	14 18 7 37	2	-1	0
157	8 24 42 37	3	2	0
158	17 6 45 44	4	5	0
159	22 18 11 30	3	3	0
160	13 48 21 34	4	5	0
161	4 10 18 32	2	-1	0
162	46 27 32 12	3	3	0
163	28 9 48 11	4	1	0
164	2 35 12 16	1	-1	0
165	5 23 24 29	3	1	0
166	18 22 13 4	3	3	0
167	20 34 26 45	4	4	0
168	4 50 9 13	3	4	0
169	15 28 9 35	4	4	0
170	2 17 38 11	1	-1	0
171	7 11 26 4	2	-1	0
172	1 32 26 36	1	-1	0
173	25 30 35 14	3	5	0
174	15 16 37 41	2	-1	0
175	3 4 24 9	1	-1	0
176	12 22 20 38	3	4	0
177	28 27 24 41	2	-1	0
178	7 41 26 50	4	2	0
179	2 7 6 36	1	-1	0
180	29 45 31 40	4	2	0
181	14 50 43 9	3	4	0
182	25 5 34 10	2	-1	0
183	1 26 37 17	1	-1	0
184	3 4 44 36	1	-1	0
185	25 7 31 15	4	3	0
186	32 21 6 45	2	-1	0
187	43 7 29 27	2	-1	0
188	32 24 20 46	3	1	0
189	35 9 43 7	3	4	0
190	2 16 6 46	1	-1	0
191	11 39 26 23	4	4	0
192	30 47 42 7	4	5	0
193	46 13 43 37	4	2	0
194	29 35 12 8	2	-1	0
195	48 47 27 49	3	5	0
196	1 30 45 9	1	-1	0
197	1 47 41 14	1	-1	0
198	1 48 4 16	1	-1	0
199	5 34 45 46	3	3	0
200	1 45 12 27	1	-1	0
201	22 6 32 25	2	-1	0
202	3 18 47 11	1	-1	0
203	2 6 14 18	1	-1	0
204	8 18 39 15	4	5	0
205	1 4 42 40	1	-1	0
206	29 22 33 21	2	-1	0
207	49 21 17 44	2	-1	0
208	15 44 20 36	2	-1	0
209	26 13 45 49	3	4	0
210	2 36 20 35	1	-1	0
211	45 31 42 38	2	-1	0
212	35 11 10 24	4	5	0
213	27 34 24 18	2	-1	0
214	2 4 45 14	1	-1	0
215	9 35 5 34	3	2	0
216	43 6 46 30	3	3	0
217	39 23 10 34	3	4	0
218	36 10 5 28	2	-1	0
219	29 45 41 7	4	1	0
220	21 20 7 6	2	-1	0
221	34 39 13 50	4	1	0
222	9 42 14 47	4	2	0
223	36 39 48 35	2	-1	0
224	26 20 21 24	3	1	0
225	38 16 29 24	2	-1	0
226	49 25 42 40	2	-1	0
227	30 25 23 17	4	1	0
228	34 30 35 38	4	5	0
229	32 45 19 4	4	2	0
230	41 12 35 7	2	-1	0
231	7 50 18 42	2	-1	0
232	20 28 23 21	4	5	0
233	43 31 23 42	4	3	0
234	30 16 34 5	2	-1	0
235	21 10 11 36	3	1	0
236	44 9 42 28	2	-1	0
237	1 16 35 9	1	-1	0
238	43 30 37 39	3	3	0
239	1 48 19 14	1	-1	0
240	15 17 18 37	2	-1	0
241	32 40 46 28	2	-1	0
242	2 35 15 22	1	-1	0
243	13 33 18 11	3	4	0
244	25 18 8 34	2	-1	0
245	1 43 11 9	1	-1	0
246	11 42 29 30	2	-1	0
247	9 38 25 49	3	2	0
248	2 19 16 27	1	-1	0
249	14 44 31 9	2	-1	0
250	31 13 41 39	2	-1	0
251	11 37 8 31	3	4	0
252	1 43 8 37	1	-1	0
253	9 37 7 31	2	-1	0
254	21 47 48 46	2	-1	0
255	44 10 35 12	3	2	0
256	49 36 19 29	2	-1	0
257	12 37 46 15	4	2	0
258	11 24 50 6	2	-1	1
259	33 40 44 41	3	1	0
260	3 26 29 19	1	-1	0
261	33 41 25 14	2	-1	0
262	23 28 30 45	2	-1	0
263	11 24 50 44	4	5	0
264	32 31 16 30	3	4	0
265	8 39 25 43	3	4	0
266	2 7 31 44	1	-1	0
267	23 20 33 11	3	5	0
268	23 39 14 7	4	2	0
269	6 38 12 9	3	2	0
270	11 35 43 33	2	-1	0
271	12 13 33 38	4	2	0
272	27 4 5 13	2	-1	0
273	1 34 23 39	1	-1	0
274	41 5 6 32	2	-1	0
275	2 7 46 9	1	-1	0
276	3 15 5 18	1	-1	0
277	40 13 11 44	4	5	0
278	3 38 16 12	1	-1	0
279	10 18 43 19	4	2	0
280	30 24 44 17	3	2	0
281	33 22 4 39	2	-1	0
282	12 13 26 14	4	2	0
283	43 8 11 19	4	5	0
284	34 15 18 32	4	1	0
285	6 5 9 20	3	5	0
286	28 41 47 31	2	-1	0
287	2 37 40 14	1	-1	0
288	4 23 35 9	3	2	0
289	12 6 23 26	2	-1	0
290	5 35 32 18	2	-1	0
291	36 50 18 16	3	4	0
292	18 32 24 39	4	3	0
293	1 34 14 50	1	-1	0
294	35 30 27 47	2	-1	0
295	13 28 8 49	3	1	0
296	10 41 6 47	2	-1	0
297	38 14 31 37	2	-1	0
298	19 22 21 6	3	5	0
299	42 34 26 30	3	1	0
300	13 32 44 45	2	-1	0
301	45 13 44 6	3	5	0
302	2 42 26 48	1	-1	0
303	34 14 45 30	3	1	0
304	30 48 47 25	3	3	0
305	1 12 17 38	1	-1	0
306	2 4 14 21	1	-1	1
307	28 14 10 9	3	1	0
308	43 36 45 44	4	5	0
309	44 4 11 34	2	-1	0
310	4 5 20 39	3	1	0
311	39 20 15 11	3	2	0
312	6 40 39 47	3	1	0
313	50 30 48 17	2	-1	0
314	39 21 31 26	2	-1	0
315	1 15 30 50	1	-1	0
316	28 49 25 27	2	-1	1
317	45 4 8 48	2	-1	0
318	3 30 18 21	1	-1	0
319	21 50 44 38	3	5	0
320	15 12 29 48	3	1	0
321	1 39 13 29	1	-1	0
322	29 44 37 30	2	-1	0
323	25 35 17 38	2	-1	0
324	3 12 16 15	1	-1	0
325	16 20 8 10	3	4	0
326	1 22 21 40	1	-1	0
327	8 34 28 47	4	2	0
328	35 38 49 33	2	-1	0
329	1 32 13 24	1	-1	0
330	27 4 26 30	2	-1	0
331	40 46 41 27	4	5	0
332	24 11 46 30	3	2	1
333	29 43 16 19	2	-1	0
334	21 46 36 31	2	-1	0
335	1 41 17 34	1	-1	0
336	28 15 17 26	4	1	0
337	24 16 4 18	3	2	0
338	6 27 18 9	4	3	0
339	1 41 22 29	1	-1	0
340	1 34 24 36	1	-1	0
341	40 27 46 31	4	3	0
342	23 10 44 49	4	2	0
343	28 12 46 34	2	-1	0
344	3 10 27 13	1	-1	0
345	12 7 49 29	4	2	0
346	44 32 41 28	3	2	0
347	22 30 24 40	4	1	0
348	42 6 11 15	3	3	0
349	25 30 4 15	2	-1	0
350	27 33 13 40	2	-1	0
351	1 32 16 34	1	-1	0
352	3 11 19 26	1	-1	0
353	11 48 28 49	4	4	0
354	12 8 11 48	4	3	0
355	2 49 41 16	1	-1	0
356	32 22 49 17	2	-1	0
357	47 42 43 46	2	-1	0
358	47 19 20 41	2	-1	0
359	42 33 26 40	4	4	0
360	48 33 10 21	3	4	0
361	1 41 13 21	1	-1	0
362	3 18 37 7	1	-1	0
363	22 12 19 16	3	1	0
364	27 28 31 44	4	4	0
365	1 41 20 12	1	-1	0
366	2 22 40 30	1	-1	0
367	46 50 45 31	2	-1	0
368	20 43 41 28	2	-1	0
369	17 46 34 50	2	-1	0
370	6 45 16 20	3	2	0
371	5 11 42 14	2	-1	0
372	34 45 33 35	2	-1	0
373	45 7 19 15	4	5	0
374	42 25 12 33	3	2	0
375	47 4 24 40	3	1	0
376	5 14 17 27	4	1	0
377	44 5 26 34	3	1	0
378	2 18 22 41	1	-1	0
379	25 31 15 42	3	2	0
380	46 23 39 49	3	3	0
381	9 23 12 22	2	-1	0
382	34 5 21 46	2	-1	0
383	17 24 48 7	4	1	0
384	39 21 4 10	2	-1	0
385	42 20 16 36	3	1	0
386	18 38 33 47	2	-1	0
387	36 49 48 14	3	1	0
388	13 43 23 7	2	-1	0
389	46 36 50 13	2	-1	0
390	32 46 49 11	3	5	0
391	35 26 39 17	3	3	0
392	22 6 48 35	3	1	0
393	1 35 48 39	1	-1	0
394	32 49 4 47	4	1	0
395	2 27 42 44	1	-1	0
396	34 38 32 39	4	5	0
397	44 9 8 27	4	4	0
398	3 15 24 42	1	-1	0
399	11 35 39 42	3	1	0
400	45 11 15 24	4	1	0
401	25 23 16 5	4	4	0
402	41 38 29 6	2	-1	0
403	50 7 10 4	4	2	0
404	47 45 19 34	3	1	0
405	48 5 50 9	2	-1	0
406	12 33 29 6	4	4	0
407	3 14 45 10	1	-1	0
408	32 18 42 9	2	-1	0
409	5 13 15 32	4	2	0
410	10 45 37 30	2	-1	0
411	46 45 40 12	4	3	0
412	45 33 29 6	4	4	0
413	8 13 12 28	2	-1	0
414	6 40 24 10	2	-1	0
415	1 47 25 16	1	-1	0
416	19 12 37 20	3	5	0
417	39 19 48 4	3	2	0
418	39 28 46 30	2	-1	0
419	39 9 14 13	4	2	0
420	13 37 11 32	2	-1	0
421	40 21 33 9	3	3	0
422	3 40 37 16	1	-1	0
423	21 43 24 32	4	3	0
424	46 10 17 37	4	3	0
425	1 22 47 18	1	-1	0
426	5 43 8 14	2	-1	0
427	39 17 34 16	3	2	0
428	46 19 29 43	3	2	0
429	1 38 9 41	1	-1	0
430	24 1 13 50	2	-1	0
431	29 11 10 43	3	3	0
432	26 24 22 7	4	1	0
433	9 47 34 41	4	5	0
434	34 19 43 4	3	2	0
435	3 16 10 32	1	-1	0
436	32 11 7 18	2	-1	0
437	32 34 37 40	2	-1	0
438	40 48 27 39	2	-1	0
439	33 23 11 47	2	-1	0
440	39 12 35 7	3	2	0
441	1 6 38 20	1	-1	0
442	25 40 26 6	3	5	0
443	28 13 5 35	4	3	0
444	33 38 50 44	3	4	0
445	17 41 20 32	2	-1	0
446	44 40 47 38	4	2	0
447	46 36 3 38	4	4	0
448	1 49 44 23	1	-1	0
449	2 40 17 46	1	-1	0
450	43 28 12 33	3	1	0
451	6 28 47 4	2	-1	0
452	3 42 10 27	1	-1	0
453	26 50 27 38	2	-1	0
454	42 50 17 24	2	-1	0
455	17 37 18 48	2	-1	0
456	23 13 49 25	4	3	0
457	41 38 30 11	4	2	0
458	4 26 33 23	4	3	0
459	50 20 12 31	4	1	0
460	15 18 16 47	2	-1	0
461	24 6 19 38	4	5	0
462	12 43 29 50	4	2	0
463	3 7 5 44	1	-1	0
464	1 10 27 35	1	-1	0
465	35 18 48 38	3	2	0
466	11 15 12 34	2	-1	0
467	2 50 16 41	1	-1	0
468	50 36 21 32	3	3	0
469	19 8 28 21	3	3	0
470	29 28 6 4	2	-1	0
471	3 16 20 26	1	-1	0
472	30 49 15 35	3	1	0
473	39 45 35 22	2	-1	0
474	3 48 30 43	1	-1	0
475	47 27 48 11	4	1	0
476	36 4 37 8	4	1	0
477	18 48 22 9	4	4	0
478	14 17 33 16	2	-1	0
479	2 37 25 28	1	-1	0
480	39 46 43 19	4	2	0
481	49 13 32 28	2	-1	0
482	11 44 24 28	3	1	0
483	1 9 23 12	1	-1	0
484	3 45 46 23	1	-1	0
485	12 39 36 22	3	2	0
486	36 50 8 15	2	-1	0
487	48 20 8 39	2	-1	0
488	14 20 11 24	4	4	0
489	27 38 35 42	4	2	0
490	47 17 49 6	3	3	0
491	5 34 29 14	4	2	0
492	41 12 44 10	3	2	0
493	8 26 43 10	4	4	0
494	13 27 7 35	3	3	0
495	13 27 12 17	4	4	0
496	39 5 30 41	4	5	0
497	21 12 46 31	3	5	0
498	19 21 29 18	4	2	0
499	16 6 37 19	4	2	0
500	16 11 20 26	3	1	0
