Students	500
1	17 11 27 45	3	4	0
2	44 22 42 19	2	-1	0
3	37 29 13 35	3	4	0
4	31 43 4 39	2	-1	0
5	1 11 12 7	1	-1	0
6	22 48 12 23	3	3	0
7	3 15 33 26	1	-1	0
8	1 25 48 32	1	-1	0
9	19 27 11 49	4	2	0
10	46 7 37 4	4	1	0
11	30 37 22 25	4	3	0
12	1 12 15 28	1	-1	0
13	1 38 29 8	1	-1	0
14	40 38 14 48	3	2	0
15	31 12 20 49	2	-1	1
16	1 6 19 11	1	-1	0
17	26 19 14 34	4	1	0
18	25 49 7 48	4	1	0
19	6 20 48 25	2	-1	0
20	2 48 46 38	1	-1	0
21	18 15 40 8	2	-1	0
22	12 38 48 32	3	2	0
23	45 23 28 47	3	5	0
24	38 10 45 20	2	-1	0
25	43 14 47 7	3	5	0
26	38 29 41 22	4	4	0
27	2 4 31 33	1	-1	0
28	29 38 49 26	4	5	0
29	3 7 31 39	1	-1	0
30	34 29 15 48	2	-1	0
31	9 23 12 39	4	3	0
32	42 27 39 13	4	1	0
33	36 33 6 43	2	-1	0
34	9 40 16 32	2	-1	0
35	18 4 41 37	3	1	0
36	46 31 22 36	3	4	0
37	48 31 30 32	4	4	0
38	11 4 49 43	2	-1	0
39	1 25 26 18	1	-1	0
40	18 34 47 37	3	3	0
41	43 27 17 37	2	-1	0
42	13 34 28 49	4	2	0
43	17 45 16 25	3	4	0
44	1 41 35 33	1	-1	0
45	42 38 43 9	2	-1	0
46	41 24 16 5	4	5	0
47	28 38 31 15	2	-1	0
48	33 10 29 20	3	3	0
49	27 34 49 45	4	5	0
50	13 42 11 33	2	-1	0
51	2 6 18 26	1	-1	0
52	34 36 21 28	2	-1	0
53	49 4 14 43	3	5	0
54	46 40 45 10	2	-1	0
55	35 15 42 6	4	2	0
56	33 45 50 22	3	1	0
57	3 35 42 32	1	-1	0
58	1 8 18 34	1	-1	0
59	3 47 31 45	1	-1	0
60	39 21 25 27	3	4	0
61	2 47 5 16	1	-1	0
62	1 31 12 40	1	-1	0
63	1 37 22 44	1	-1	0
64	7 16 46 30	2	-1	0
65	5 37 23 27	2	-1	0
66	8 34 27 37	2	-1	0
67	7 5 34 13	3	1	0
68	12 22 31 50	2	-1	0
69	22 31 25 40	3	5	0
70	3 48 23 31	1	-1	0
71	28 5 14 31	2	-1	0
72	24 32 4 28	4	1	0
73	42 46 17 26	2	-1	0
74	27 11 16 46	2	-1	0
75	1 26 38 32	1	-1	0
76	28 37 19 13	2	-1	0
77	25 44 5 24	3	5	0
78	1 38 5 28	1	-1	0
79	44 33 45 6	4	2	0
80	27 18 11 45	2	-1	0
81	31 18 46 25	2	-1	0
82	36 6 32 15	4	3	0
83	47 20 26 34	3	4	0
84	34 39 45 27	3	1	1
85	11 47 37 45	3	2	0
86	2 20 4 24	1	-1	0
87	1 33 14 9	1	-1	0
88	2 19 16 40	1	-1	0
89	47 22 34 39	2	-1	0
90	3 46 25 40	1	-1	0
91	20 38 37 28	4	3	0
92	30 15 12 31	2	-1	0
93	3 12 27 45	1	-1	0
94	2 39 40 26	1	-1	0
95	12 45 50 34	3	1	0
96	24 13 31 26	2	-1	0
97	41 10 22 46	3	3	0
98	11 28 44 38	3	3	0
99	17 49 23 37	3	4	0
100	29 37 20 5	2	-1	0
101	44 50 47 13	2	-1	0
102	39 29 4 43	2	-1	0
103	2 22 13 14	1	-1	0
104	30 13 17 7	2	-1	0
105	29 6 32 4	2	-1	0
106	2 19 33 15	1	-1	0
107	15 27 23 32	3	3	0
108	42 50 22 17	4	1	0
109	29 45 24 8	3	1	0
110	13 48 40 29	2	-1	0
111	10 3 9 45	4	3	0
112	42 12 23 16	2	-1	0
113	31 19 10 25	2	-1	0
114	12 35 40 20	2	-1	0
115	15 27 37 40	2	-1	0
116	50 38 21 5	4	1	0
117	45 20 6 29	2	-1	0
118	25 5 35 38	2	-1	0
119	34 47 39 23	3	4	0
120	39 38 22 18	4	2	0
121	28 6 8 9	3	5	0
122	32 12 21 49	3	5	0
123	19 26 37 25	3	3	0
124	48 32 20 13	4	2	0
125	49 7 47 46	4	3	0
126	1 13 19 7	1	-1	0
127	21 17 14 9	2	-1	0
128	2 20 12 8	1	-1	0
129	4 8 47 46	4	1	0
130	2 15 14 27	1	-1	0
131	21 24 12 44	4	3	0
132	43 7 44 23	4	4	0
133	11 23 20 31	4	4	0
134	11 41 33 8	3	4	0
135	3 8 24 21	1	-1	0
136	29 32 40 9	2	-1	0
137	40 25 46 9	3	1	0
138	29 44 1 39	2	-1	0
139	7 34 33 10	4	3	0
140	36 26 38 13	3	2	0
141	3 6 11 47	1	-1	0
142	44 23 5 22	2	-1	0
143	2 22 18 29	1	-1	0
144	43 5 24 26	3	4	0
145	28 20 10 12	3	3	0
146	8 40 23 12	2	-1	0
147	3 11 43 30	1	-1	0
148	41 47 23 25	2	-1	0
149	36 46 17 47	3	4	0
150	28 16 32 47	3	2	0
151	1 19 34 17	1	-1	0
152	28 2 42 12	4	4	0
153	36 9 12 21	4	4	0
154	29 37 45 35	3	2	0
155	2 5 27 26	1	-1	0
156	5 39 22 27	2	-1	0
157	8 10 37 42	3	2	0
158	40 49 39 50	2	-1	0
159	11 20 15 33	3	4	0
160	37 47 35 22	3	2	0
161	4 18 30 6	3	2	0
162	21 11 22 7	2	-1	0
163	29 22 9 10	2	-1	0
164	2 12 31 28	1	-1	0
165	26 39 43 28	3	4	0
166	43 13 27 31	2	-1	0
167	32 23 44 33	2	-1	0
168	28 24 7 49	3	4	0
169	14 48 47 8	4	1	0
170	32 11 16 26	4	2	0
171	45 30 18 41	3	2	0
172	2 21 18 27	1	-1	0
173	8 24 4 50	4	2	0
174	49 22 27 39	3	1	0
175	22 21 44 43	4	3	0
176	2 45 19 48	1	-1	0
177	27 21 28 11	3	1	0
178	6 21 10 23	2	-1	0
179	32 3 39 37	3	3	0
180	24 42 7 22	2	-1	0
181	34 24 28 26	3	1	0
182	1 50 27 13	1	-1	0
183	50 17 42 31	2	-1	0
184	3 27 45 14	1	-1	0
185	1 16 22 9	1	-1	0
186	26 9 22 11	2	-1	0
187	3 11 27 15	1	-1	0
188	38 22 7 32	4	4	0
189	35 11 28 16	2	-1	0
190	4 40 49 47	3	2	0
191	10 45 24 17	3	2	0
192	28 12 25 49	3	4	0
193	47 21 40 38	2	-1	0
194	22 14 18 37	2	-1	0
195	9 26 10 20	3	3	0
196	45 8 47 36	4	2	0
197	2 15 8 35	1	-1	0
198	3 42 29 32	1	-1	0
199	29 23 4 8	3	4	0
200	3 25 5 42	1	-1	0
201	1 48 24 19	1	-1	0
202	39 42 29 44	2	-1	0
203	2 18 50 37	1	-1	0
204	4 34 12 48	3	4	0
205	46 5 32 3	2	-1	0
206	20 14 5 49	3	1	0
207	36 50 17 19	4	4	1
208	1 22 41 10	1	-1	0
209	2 30 47 16	1	-1	0
210	45 31 29 12	2	-1	0
211	2 50 30 36	1	-1	0
212	34 43 48 20	4	3	0
213	3 45 6 5	1	-1	0
214	26 5 11 6	3	1	0
215	21 42 49 34	2	-1	0
216	13 12 4 6	4	5	0
217	47 43 49 41	2	-1	0
218	18 26 28 45	4	1	0
219	44 48 10 8	3	2	0
220	40 6 27 34	3	3	0
221	6 9 37 34	4	3	0
222	28 6 10 43	2	-1	0
223	1 17 22 14	1	-1	0
224	15 33 10 27	4	1	0
225	33 23 36 49	4	1	0
226	6 26 14 31	3	2	0
227	1 28 46 25	1	-1	0
228	26 8 49 23	3	4	0
229	46 17 44 48	4	2	0
230	26 46 36 14	4	2	0
231	48 30 42 46	4	1	0
232	27 7 25 31	4	2	0
233	10 22 20 4	2	-1	0
234	42 21 27 12	3	4	0
235	44 5 26 19	2	-1	0
236	2 8 32 21	1	-1	0
237	17 43 27 7	3	3	0
238	34 35 24 45	3	5	0
239	2 27 9 5	1	-1	0
240	37 25 14 44	3	5	0
241	35 25 26 8	3	1	0
242	22 29 15 12	3	5	0
243	1 15 22 36	1	-1	0
244	29 32 33 30	4	5	0
245	15 50 43 4	4	1	0
246	3 45 35 48	1	-1	0
247	22 9 13 43	3	4	0
248	39 8 16 30	3	2	0
249	25 17 14 13	4	1	0
250	16 12 22 30	2	-1	0
251	2 26 20 15	1	-1	0
252	49 47 31 10	3	5	0
253	3 17 6 43	1	-1	0
254	38 27 9 45	2	-1	0
255	2 40 28 15	1	-1	0
256	48 35 8 19	2	-1	0
257	1 36 37 31	1	-1	0
258	2 21 6 23	1	-1	0
259	34 28 16 26	3	5	0
260	2 17 42 50	1	-1	0
261	44 11 9 46	4	3	0
262	8 48 30 14	3	3	0
263	38 37 27 22	3	4	0
264	7 45 39 23	3	1	0
265	6 37 34 23	3	3	0
266	11 37 39 13	4	5	0
267	43 29 19 23	4	2	0
268	3 35 11 32	1	-1	0
269	5 35 39 22	2	-1	0
270	19 5 28 14	2	-1	0
271	2 33 19 41	1	-1	0
272	28 4 49 32	3	1	0
273	7 44 36 6	3	5	0
274	24 16 17 39	4	2	0
275	2 40 4 47	1	-1	0
276	34 35 50 7	2	-1	0
277	35 44 45 25	3	3	0
278	2 45 32 50	1	-1	0
279	32 40 9 33	3	3	0
280	26 9 23 50	4	4	0
281	2 31 26 42	1	-1	0
282	23 4 49 15	4	5	0
283	43 11 13 32	2	-1	0
284	2 43 30 7	1	-1	0
285	38 35 29 25	2	-1	0
286	4 7 40 24	4	1	0
287	6 45 30 32	2	-1	0
288	22 19 42 20	2	-1	0
289	1 31 32 22	1	-1	0
290	22 26 29 16	4	4	0
291	14 49 3 15	3	3	0
292	38 5 6 18	2	-1	0
293	48 16 20 15	2	-1	0
294	37 31 25 6	2	-1	0
295	31 44 41 21	4	5	0
296	9 46 37 32	2	-1	0
297	50 21 12 28	3	5	0
298	31 42 43 5	2	-1	0
299	38 16 45 8	2	-1	0
300	34 24 37 16	2	-1	0
301	3 22 47 33	1	-1	0
302	39 47 43 6	4	3	0
303	47 38 35 19	4	5	0
304	8 15 46 13	4	2	0
305	27 42 25 19	4	1	0
306	21 27 37 32	3	3	0
307	35 5 15 31	3	2	0
308	3 47 43 50	1	-1	0
309	3 49 42 47	1	-1	0
310	1 41 48 10	1	-1	0
311	39 17 12 30	2	-1	0
312	44 34 10 7	4	2	0
313	8 50 49 30	2	-1	0
314	32 11 30 19	3	4	0
315	2 18 26 16	1	-1	0
316	19 32 47 41	2	-1	0
317	2 30 25 11	1	-1	0
318	36 28 13 16	4	1	0
319	7 26 24 12	3	5	0
320	21 29 16 20	3	3	0
321	6 24 41 10	2	-1	0
322	30 29 15 7	2	-1	0
323	44 21 6 15	2	-1	0
324	7 34 25 2	3	4	0
325	1 41 14 6	1	-1	0
326	12 13 24 44	4	4	0
327	11 48 5 15	3	5	0
328	10 42 17 20	4	5	0
329	32 21 31 19	2	-1	0
330	5 24 42 8	4	4	0
331	2 45 21 49	1	-1	0
332	26 22 25 42	2	-1	0
333	40 46 24 2	3	1	0
334	31 10 41 8	3	3	0
335	30 28 9 50	2	-1	0
336	3 48 29 34	1	-1	0
337	5 38 23 12	4	1	0
338	3 30 49 18	1	-1	0
339	38 29 21 12	4	4	0
340	1 39 9 38	1	-1	0
341	15 26 39 33	2	-1	0
342	1 20 30 6	1	-1	0
343	40 47 13 15	4	4	0
344	50 30 28 16	4	2	0
345	50 19 7 10	4	3	0
346	35 30 32 14	3	5	0
347	24 17 15 46	2	-1	0
348	3 14 36 17	1	-1	0
349	4 32 18 9	3	4	0
350	38 49 9 37	4	1	0
351	37 31 4 24	2	-1	0
352	46 50 7 9	3	3	0
353	1 40 20 42	1	-1	0
354	25 21 13 3	2	-1	0
355	2 39 41 42	1	-1	0
356	38 4 40 5	4	3	0
357	19 24 38 11	3	1	0
358	30 29 50 40	4	1	0
359	27 5 50 47	2	-1	0
360	39 41 31 24	3	3	0
361	15 24 26 23	4	4	0
362	46 35 18 29	3	2	0
363	1 16 47 9	1	-1	0
364	43 37 50 19	4	4	0
365	38 29 34 41	2	-1	0
366	17 19 38 41	2	-1	0
367	7 5 29 16	2	-1	0
368	2 31 46 27	1	-1	0
369	45 12 8 24	2	-1	0
370	12 24 47 39	4	3	0
371	2 23 42 18	1	-1	1
372	5 43 27 40	2	-1	0
373	21 37 32 9	2	-1	0
374	7 26 38 22	3	2	0
375	18 27 40 25	2	-1	0
376	14 4 17 5	4	4	0
377	17 45 15 20	4	3	0
378	16 12 14 17	2	-1	0
379	1 49 32 39	1	-1	0
380	2 18 6 24	1	-1	0
381	1 7 28 43	1	-1	0
382	50 17 6 28	2	-1	0
383	1 33 7 17	1	-1	0
384	45 24 28 42	4	2	0
385	40 33 16 42	2	-1	0
386	41 43 19 39	4	5	0
387	2 46 4 18	1	-1	0
388	2 43 42 41	1	-1	0
389	34 22 37 20	2	-1	0
390	7 9 21 15	2	-1	0
391	9 47 13 15	2	-1	0
392	2 41 34 49	1	-1	0
393	29 46 36 39	4	3	0
394	3 17 14 15	1	-1	0
395	12 47 18 19	3	4	0
396	14 46 49 34	4	5	0
397	23 7 42 14	2	-1	0
398	3 21 42 43	1	-1	0
399	3 22 11 38	1	-1	0
400	17 49 38 16	3	1	0
401	33 31 17 4	4	5	0
402	5 30 21 3	4	2	0
403	14 15 26 27	2	-1	0
404	2 6 30 4	1	-1	0
405	1 25 37 13	1	-1	0
406	34 16 20 35	2	-1	0
407	15 24 4 22	2	-1	0
408	1 37 46 42	1	-1	0
409	41 25 14 39	4	3	0
410	45 18 14 24	3	3	0
411	5 26 32 28	3	4	0
412	46 12 50 48	2	-1	0
413	39 10 40 38	3	2	0
414	39 35 16 45	2	-1	0
415	13 12 7 24	3	2	0
416	33 46 49 48	3	4	0
417	36 15 50 37	3	3	0
418	11 13 30 29	3	3	0
419	2 27 46 43	1	-1	0
420	20 9 31 11	3	5	0
421	3 35 28 22	1	-1	0
422	46 25 21 38	3	2	0
423	2 41 23 38	1	-1	0
424	48 21 42 18	2	-1	0
425	32 49 41 7	4	2	0
426	1 34 19 50	1	-1	0
427	28 38 18 21	4	1	0
428	1 6 21 8	1	-1	0
429	31 16 48 32	3	1	0
430	21 17 29 46	3	1	0
431	19 5 8 28	3	1	0
432	34 18 30 26	3	5	0
433	13 38 25 20	3	3	0
434	20 10 28 17	3	3	0
435	16 38 12 24	4	3	0
436	3 12 6 38	1	-1	0
437	18 12 31 43	3	4	0
438	30 36 8 34	3	5	0
439	3 25 15 41	1	-1	0
440	36 12 24 42	2	-1	0
441	3 36 27 5	1	-1	0
442	8 10 26 37	2	-1	0
443	18 28 11 39	4	2	0
444	4 33 10 14	2	-1	0
445	47 10 48 14	3	5	0
446	40 23 19 9	4	1	1
447	2 37 41 22	1	-1	0
448	20 17 22 28	4	3	0
449	37 29 16 36	2	-1	0
450	2 32 22 21	1	-1	0
451	47 34 24 5	4	3	0
452	28 43 21 45	3	3	0
453	10 27 2 48	4	1	0
454	26 49 38 31	3	1	0
455	13 31 38 16	4	2	0
456	45 40 36 37	3	5	0
457	5 32 7 22	4	1	0
458	1 25 42 35	1	-1	0
459	11 44 36 8	3	3	0
460	22 41 40 42	3	5	0
461	23 33 21 49	4	1	0
462	1 43 13 36	1	-1	0
463	37 21 3 7	3	5	0
464	36 27 39 22	4	1	1
465	2 45 42 13	1	-1	0
466	3 16 27 19	1	-1	0
467	12 25 17 15	2	-1	0
468	22 37 50 48	4	3	0
469	50 45 25 29	4	2	0
470	14 13 32 36	2	-1	0
471	12 31 45 18	3	4	0
472	25 19 30 4	3	2	0
473	19 13 10 26	3	2	0
474	6 36 10 41	2	-1	0
475	22 14 47 33	4	1	0
476	2 48 11 19	1	-1	0
477	37 8 12 23	4	3	0
478	3 19 30 25	1	-1	0
479	22 18 26 24	4	5	0
480	17 40 28 25	3	1	0
481	14 4 48 12	2	-1	0
482	15 22 44 18	3	4	0
483	3 31 17 30	1	-1	0
484	19 32 40 42	3	5	0
485	21 44 10 28	2	-1	0
486	16 32 9 46	3	4	0
487	7 33 49 34	2	-1	0
488	18 39 19 49	4	2	0
489	9 35 29 50	3	2	0
490	20 35 17 33	2	-1	0
491	21 12 25 4	4	3	0
492	27 25 24 11	4	4	0
493	5 38 26 35	3	5	0
494	49 27 38 33	4	4	0
495	19 21 6 8	4	3	0
496	21 30 45 47	2	-1	0
497	3 7 40 35	1	-1	0
498	2 35 13 21	1	-1	0
499	23 43 10 42	2	-1	0
500	3 14 27 18	1	-1	0
