Students	500
1	23 19 14 35	4	4	0
2	17 5 6 31	4	5	1
3	46 33 49 44	2	-1	0
4	24 41 25 22	2	-1	0
5	28 33 31 36	3	2	0
6	25 20 26 11	2	-1	0
7	1 25 13 10	1	-1	0
8	34 15 28 36	4	4	0
9	35 37 24 41	2	-1	0
10	39 34 46 44	3	5	0
11	36 38 46 10	4	3	0
12	23 13 35 46	3	5	0
13	38 40 15 16	2	-1	0
14	22 32 18 17	2	-1	0
15	50 44 17 24	2	-1	0
16	2 16 50 39	1	-1	0
17	32 25 24 41	2	-1	0
18	32 29 14 26	3	2	0
19	44 41 15 34	4	1	0
20	31 41 13 24	3	1	0
21	6 35 18 26	4	5	0
22	7 29 26 18	3	5	0
23	42 46 20 21	3	4	0
24	42 45 28 50	4	3	0
25	5 30 11 47	4	4	0
26	32 37 41 43	2	-1	0
27	41 20 39 40	4	5	0
28	15 33 26 8	2	-1	0
29	28 43 8 37	4	4	0
30	38 12 22 47	3	2	0
31	35 33 27 24	4	1	0
32	29 25 18 48	4	3	0
33	22 50 25 49	3	1	0
34	7 47 45 16	2	-1	0
35	28 34 12 48	2	-1	0
36	3 12 2 27	1	-1	0
37	10 18 44 50	4	2	1
38	15 20 25 7	4	2	0
39	3 45 8 19	1	-1	0
40	2 47 4 48	1	-1	0
41	27 9 38 18	2	-1	0
42	1 32 47 17	1	-1	0
43	2 49 14 13	1	-1	0
44	34 49 9 14	4	1	0
45	20 24 39 8	4	2	0
46	8 20 34 27	4	2	0
47	14 6 49 32	4	5	0
48	33 18 34 39	2	-1	0
49	3 21 47 5	1	-1	0
50	36 13 25 23	4	4	0
51	29 14 23 17	3	3	0
52	5 34 14 50	3	4	0
53	46 36 37 15	4	2	0
54	21 14 30 31	4	3	0
55	13 21 23 31	3	5	0
56	45 47 33 16	4	4	0
57	8 31 17 39	3	3	0
58	2 36 44 46	1	-1	0
59	35 9 28 8	3	2	0
60	45 40 4 28	4	2	0
61	15 19 29 10	3	3	0
62	39 19 32 35	3	5	0
63	18 49 41 28	2	-1	0
64	40 46 48 18	2	-1	0
65	32 15 20 46	3	5	0
66	37 50 21 42	2	-1	0
67	44 42 46 29	3	1	0
68	5 47 19 32	2	-1	0
69	1 7 10 13	1	-1	0
70	28 15 32 22	4	3	0
71	47 17 23 29	2	-1	0
72	1 6 43 9	1	-1	0
73	8 7 23 6	2	-1	0
74	38 42 7 8	3	5	0
75	3 32 26 47	1	-1	0
76	3 47 44 18	1	-1	0
77	46 33 25 36	2	-1	0
78	17 27 21 44	3	2	0
79	19 14 32 7	4	4	0
80	44 12 32 39	3	4	0
81	48 27 41 7	3	4	0
82	42 28 43 41	4	2	0
83	2 9 11 42	1	-1	0
84	45 24 33 23	4	5	0
85	48 9 50 31	2	-1	0
86	19 22 21 24	2	-1	0
87	8 41 45 34	3	1	0
88	3 15 10 8	1	-1	0
89	36 20 47 7	2	-1	0
90	40 4 22 29	2	-1	0
91	3 34 25 26	1	-1	0
92	9 22 39 30	3	3	0
93	30 26 13 8	4	3	0
94	18 15 44 9	2	-1	0
95	3 25 35 19	1	-1	0
96	33 28 37 32	2	-1	0
97	23 31 43 41	2	-1	0
98	43 4 34 19	3	1	0
99	16 23 33 4	3	4	0
100	29 27 7 30	4	3	0
101	3 40 5 13	1	-1	0
102	36 14 45 13	2	-1	0
103	13 18 33 12	4	3	0
104	3 18 48 23	1	-1	0
105	2 29 5 39	1	-1	0
106	18 10 19 20	2	-1	0
107	21 23 13 30	2	-1	0
108	16 41 11 10	3	2	0
109	14 5 43 42	2	-1	0
110	2 26 22 40	1	-1	0
111	25 22 30 40	3	4	0
112	26 13 15 20	4	4	0
113	44 11 42 33	4	3	0
114	36 18 33 40	2	-1	0
115	48 31 29 5	2	-1	0
116	3 43 15 14	1	-1	0
117	20 22 38 21	3	3	0
118	41 13 46 4	3	4	0
119	29 17 18 20	3	5	0
120	24 5 12 49	4	5	0
121	12 8 36 14	3	2	0
122	18 39 30 28	2	-1	0
123	33 35 43 16	4	5	0
124	36 46 24 7	2	-1	0
125	3 47 43 36	1	-1	0
126	22 9 35 34	4	2	0
127	1 27 10 22	1	-1	0
128	28 40 24 14	4	2	0
129	5 8 46 22	3	5	0
130	3 5 28 33	1	-1	0
131	49 15 24 44	3	5	0
132	18 25 35 22	3	1	0
133	46 37 40 34	4	2	0
134	23 36 39 50	2	-1	0
135	9 13 26 11	3	5	0
136	14 42 43 28	2	-1	0
137	5 40 19 35	3	4	0
138	18 50 33 32	4	1	0
139	2 11 20 23	1	-1	0
140	43 21 14 7	4	3	0
141	31 26 36 11	3	3	0
142	33 28 43 23	4	3	0
143	29 17 28 39	4	4	0
144	19 7 11 30	2	-1	0
145	1 45 30 37	1	-1	0
146	44 24 5 46	2	-1	0
147	44 40 42 37	4	5	0
148	11 43 39 30	4	4	0
149	47 46 49 15	4	5	0
150	8 16 28 7	2	-1	0
151	12 32 49 16	4	3	0
152	33 34 18 10	2	-1	0
153	1 30 33 28	1	-1	0
154	40 31 4 11	4	5	0
155	1 17 32 18	1	-1	0
156	20 34 48 6	4	2	0
157	43 21 30 14	2	-1	0
158	37 14 47 46	2	-1	0
159	15 35 4 13	3	3	0
160	35 49 13 37	3	5	0
161	16 38 5 23	2	-1	0
162	45 47 14 38	3	2	0
163	24 15 32 9	3	1	0
164	3 29 24 19	1	-1	0
165	6 50 10 35	2	-1	0
166	39 35 49 14	4	1	0
167	2 23 38 6	1	-1	0
168	11 24 15 41	3	4	0
169	2 48 16 44	1	-1	0
170	10 25 41 12	2	-1	0
171	18 48 22 25	3	2	0
172	3 47 9 45	1	-1	0
173	36 28 43 48	4	5	0
174	7 46 28 18	4	4	0
175	9 17 45 35	4	1	0
176	2 18 20 8	1	-1	0
177	23 12 31 4	3	5	0
178	1 46 21 49	1	-1	0
179	3 19 36 15	1	-1	0
180	40 36 38 9	2	-1	0
181	5 11 39 14	2	-1	0
182	29 8 16 49	3	2	0
183	16 21 33 30	3	3	0
184	50 26 14 41	2	-1	0
185	38 21 7 10	4	1	0
186	3 40 50 4	1	-1	0
187	2 45 37 10	1	-1	0
188	38 37 19 50	3	5	0
189	2 50 12 19	1	-1	0
190	31 44 23 26	4	3	0
191	15 32 47 43	4	2	0
192	46 23 48 50	2	-1	0
193	9 32 12 49	2	-1	0
194	2 24 35 20	1	-1	0
195	39 30 42 9	3	5	0
196	30 44 21 24	3	1	0
197	32 26 13 23	3	2	0
198	45 39 19 10	2	-1	0
199	7 10 38 12	3	2	0
200	50 40 31 24	4	5	0
201	21 37 22 41	4	5	0
202	7 26 47 39	4	5	0
203	42 41 49 26	3	5	0
204	35 47 17 4	3	3	0
205	50 33 27 29	2	-1	0
206	18 15 10 5	2	-1	0
207	17 50 36 27	3	2	0
208	7 5 35 14	3	1	0
209	3 24 15 38	1	-1	0
210	22 20 49 36	2	-1	0
211	25 11 32 17	4	5	0
212	32 16 43 34	4	1	0
213	1 49 37 20	1	-1	0
214	27 34 11 10	4	4	0
215	15 22 9 35	3	5	0
216	37 50 7 10	4	3	0
217	2 48 35 22	1	-1	0
218	1 34 20 12	1	-1	0
219	15 26 8 38	3	1	0
220	8 31 19 4	4	1	0
221	4 31 24 46	3	4	0
222	8 27 7 15	4	2	0
223	2 20 40 22	1	-1	0
224	23 17 12 16	3	1	0
225	35 46 45 14	4	2	0
226	33 6 10 15	3	4	0
227	8 13 18 23	2	-1	0
228	1 26 40 30	1	-1	0
229	2 50 13 30	1	-1	0
230	33 5 31 9	4	3	0
231	2 34 12 33	1	-1	0
232	40 26 7 35	4	3	0
233	44 18 34 22	3	4	0
234	29 38 16 31	2	-1	0
235	30 43 25 7	2	-1	0
236	46 33 45 19	2	-1	0
237	44 13 29 30	2	-1	0
238	16 22 49 45	2	-1	0
239	50 15 34 22	3	5	0
240	3 32 50 18	1	-1	0
241	1 23 19 28	1	-1	0
242	23 50 40 20	3	4	0
243	29 13 45 24	2	-1	0
244	49 37 17 26	4	5	0
245	3 29 45 41	1	-1	0
246	49 50 33 45	4	1	0
247	28 23 37 18	2	-1	0
248	1 44 11 50	1	-1	0
249	43 39 14 32	4	3	0
250	35 17 40 49	4	1	0
251	23 35 37 13	3	1	0
252	31 19 36 39	2	-1	0
253	3 8 16 26	1	-1	0
254	19 34 38 36	3	4	0
255	45 13 4 24	4	4	0
256	19 33 18 9	2	-1	0
257	46 16 36 43	4	2	0
258	1 4 3 6	1	-1	0
259	49 28 44 13	3	2	0
260	1 24 16 31	1	-1	0
261	2 41 48 44	1	-1	0
262	39 32 16 38	2	-1	0
263	25 23 48 37	3	4	0
264	3 28 16 18	1	-1	0
265	17 48 47 8	3	4	0
266	50 21 26 44	4	3	0
267	36 4 33 31	4	5	1
268	24 38 45 5	3	4	0
269	3 21 38 14	1	-1	0
270	12 3 30 32	3	4	0
271	9 21 5 29	3	1	0
272	3 50 7 38	1	-1	0
273	14 8 32 42	2	-1	0
274	22 34 38 50	3	1	0
275	43 34 39 28	3	4	0
276	5 45 18 35	2	-1	0
277	48 21 44 36	3	4	0
278	10 44 14 43	3	3	1
279	8 26 44 13	2	-1	0
280	33 14 36 42	4	4	0
281	36 47 39 31	2	-1	0
282	13 37 45 32	3	1	0
283	25 17 1 42	4	1	0
284	3 26 23 28	1	-1	0
285	9 31 46 10	2	-1	0
286	7 29 43 36	2	-1	0
287	3 9 39 45	1	-1	0
288	35 8 28 23	2	-1	0
289	1 47 8 25	1	-1	0
290	34 47 27 4	4	4	0
291	29 46 10 21	2	-1	0
292	48 9 41 25	3	5	0
293	15 6 39 19	4	3	0
294	42 17 8 12	3	5	0
295	3 23 45 17	1	-1	0
296	13 20 48 27	3	1	0
297	9 7 24 15	4	2	0
298	31 23 18 30	2	-1	0
299	3 46 16 33	1	-1	0
300	13 47 39 41	2	-1	0
301	3 42 39 48	1	-1	0
302	35 39 31 7	4	4	0
303	28 49 27 34	2	-1	0
304	1 42 44 25	1	-1	0
305	3 19 38 46	1	-1	0
306	7 18 33 50	4	2	0
307	12 21 40 39	4	5	0
308	31 15 6 22	3	5	0
309	3 31 12 27	1	-1	0
310	39 10 46 45	4	3	0
311	1 39 36 34	1	-1	0
312	38 7 10 5	4	4	0
313	27 18 11 44	2	-1	0
314	14 32 19 44	3	1	0
315	14 20 49 5	2	-1	0
316	3 36 8 16	1	-1	0
317	50 47 4 38	4	4	0
318	1 7 46 12	1	-1	0
319	20 24 47 18	2	-1	0
320	15 13 17 5	3	3	0
321	3 18 14 21	1	-1	0
322	3 11 21 29	1	-1	0
323	16 48 6 37	2	-1	0
324	31 30 4 24	2	-1	0
325	45 25 31 12	4	2	0
326	30 42 40 33	3	3	0
327	39 49 36 13	4	1	0
328	18 32 9 26	2	-1	0
329	1 47 17 28	1	-1	0
330	12 28 17 24	3	1	0
331	3 44 32 49	1	-1	0
332	15 43 10 45	2	-1	0
333	19 37 26 30	2	-1	0
334	39 35 8 50	3	4	0
335	31 32 4 5	4	1	0
336	10 45 14 41	2	-1	0
337	1 49 35 6	1	-1	0
338	12 34 44 46	4	4	0
339	1 21 10 41	1	-1	0
340	49 18 36 48	4	3	0
341	22 4 19 31	2	-1	0
342	26 18 29 5	2	-1	0
343	10 31 5 6	4	4	0
344	30 34 21 47	2	-1	0
345	15 25 23 30	4	2	0
346	44 21 7 14	3	5	0
347	1 35 39 5	1	-1	0
348	22 4 42 44	4	3	0
349	9 8 25 35	2	-1	0
350	25 26 16 47	2	-1	0
351	9 16 37 32	3	5	0
352	35 12 39 9	4	1	0
353	28 19 15 37	3	5	0
354	5 45 17 49	4	3	0
355	38 18 35 17	3	1	0
356	26 48 36 32	4	5	0
357	3 12 44 19	1	-1	0
358	14 42 39 29	2	-1	0
359	25 45 10 28	2	-1	0
360	1 46 5 43	1	-1	0
361	1 29 24 14	1	-1	0
362	1 20 36 4	1	-1	0
363	20 26 5 35	3	4	0
364	41 16 37 40	4	5	0
365	31 14 11 33	4	5	0
366	2 31 6 32	1	-1	0
367	20 48 22 42	2	-1	0
368	33 49 31 17	4	3	0
369	2 6 29 38	1	-1	0
370	47 27 1 13	4	4	0
371	5 14 46 1	2	-1	0
372	13 50 26 49	4	1	0
373	50 24 45 41	4	3	0
374	14 36 16 21	2	-1	0
375	19 18 33 6	4	4	0
376	1 36 19 23	1	-1	0
377	38 39 40 14	3	1	0
378	1 24 26 38	1	-1	1
379	7 29 27 5	2	-1	0
380	40 15 25 4	2	-1	0
381	11 8 14 17	3	3	0
382	6 22 39 30	3	4	0
383	42 50 47 39	2	-1	0
384	3 23 42 25	1	-1	0
385	22 17 9 21	4	4	0
386	47 6 22 7	2	-1	0
387	48 20 19 13	4	5	0
388	23 11 21 26	4	4	0
389	19 13 26 11	4	5	0
390	1 38 42 14	1	-1	0
391	25 45 6 33	4	2	0
392	14 47 38 19	3	4	0
393	5 48 36 49	3	3	0
394	13 6 41 40	3	4	0
395	3 15 31 34	1	-1	0
396	44 31 45 23	4	1	0
397	42 19 36 37	4	2	0
398	28 4 32 20	4	3	0
399	34 18 22 23	3	2	0
400	10 34 49 28	2	-1	0
401	8 20 33 45	3	1	0
402	31 8 10 35	4	1	0
403	17 24 12 29	2	-1	0
404	6 30 19 44	2	-1	0
405	29 45 8 31	3	4	0
406	22 6 45 29	2	-1	0
407	19 47 24 37	2	-1	0
408	3 31 30 15	1	-1	0
409	22 45 28 26	2	-1	1
410	40 46 35 13	4	1	0
411	2 12 17 26	1	-1	0
412	31 29 30 37	3	5	0
413	11 16 44 8	4	1	0
414	6 33 19 13	4	5	0
415	2 25 12 29	1	-1	0
416	29 36 39 15	2	-1	0
417	10 34 27 38	2	-1	0
418	46 9 42 13	4	3	0
419	3 31 19 26	1	-1	0
420	21 30 47 28	4	4	0
421	16 32 30 5	4	4	0
422	35 15 4 42	4	4	0
423	14 25 19 42	3	4	0
424	6 36 37 42	4	4	0
425	40 28 33 44	4	2	0
426	33 18 47 45	4	4	0
427	36 19 10 33	2	-1	0
428	2 47 14 31	1	-1	0
429	20 38 41 19	4	4	0
430	10 29 43 17	3	2	0
431	39 44 41 4	2	-1	0
432	26 30 31 12	4	5	0
433	21 5 49 31	3	4	0
434	34 19 42 35	2	-1	0
435	13 19 45 18	3	1	0
436	7 44 13 46	2	-1	0
437	3 36 16 32	1	-1	0
438	23 46 3 8	3	5	0
439	33 12 36 4	2	-1	0
440	49 34 43 12	2	-1	0
441	3 32 41 28	1	-1	0
442	22 31 16 14	3	4	0
443	44 30 49 28	4	2	0
444	1 43 23 20	1	-1	0
445	30 20 31 7	2	-1	0
446	45 49 22 40	4	2	0
447	1 35 4 23	1	-1	0
448	35 7 38 23	4	4	0
449	3 13 17 43	1	-1	0
450	34 35 48 50	4	3	0
451	25 45 7 48	4	4	0
452	3 36 14 9	1	-1	0
453	46 11 50 10	4	3	0
454	5 4 25 17	3	1	0
455	37 45 49 13	3	2	0
456	15 9 41 42	4	4	0
457	22 50 32 34	3	5	0
458	1 22 25 35	1	-1	0
459	8 5 21 9	4	1	0
460	19 42 15 23	3	2	0
461	13 24 49 35	4	1	0
462	13 38 9 36	4	3	0
463	4 11 48 26	2	-1	0
464	10 40 9 16	2	-1	0
465	42 9 7 24	2	-1	0
466	26 50 19 30	2	-1	0
467	4 45 50 35	2	-1	0
468	15 19 16 43	2	-1	0
469	39 43 37 10	2	-1	0
470	41 25 24 48	3	2	0
471	5 7 14 48	4	1	0
472	1 19 35 32	1	-1	0
473	49 16 20 44	3	4	0
474	2 18 27 9	1	-1	0
475	39 47 17 9	4	4	0
476	42 35 36 38	4	4	0
477	31 44 41 23	3	3	0
478	2 33 5 13	1	-1	0
479	1 32 9 44	1	-1	0
480	8 29 26 9	3	3	0
481	45 9 40 44	3	1	0
482	49 50 44 24	2	-1	1
483	3 36 25 18	1	-1	0
484	2 18 11 34	1	-1	0
485	39 40 49 33	3	5	0
486	3 18 8 45	1	-1	0
487	32 13 10 28	3	4	0
488	20 17 43 42	3	3	0
489	2 10 11 24	1	-1	0
490	36 34 41 47	4	3	1
491	44 47 29 4	4	3	0
492	36 10 5 33	4	2	0
493	42 35 32 40	4	2	0
494	50 34 47 7	3	1	0
495	3 36 49 16	1	-1	0
496	2 25 19 13	1	-1	0
497	25 47 34 41	4	4	0
498	13 19 46 4	2	-1	0
499	2 35 30 47	1	-1	0
500	45 29 9 32	4	4	0
