Students	500
1	33 13 38 34	4	3	0
2	2 41 15 32	1	-1	0
3	39 22 37 15	3	1	0
4	3 6 19 21	1	-1	0
5	9 4 12 7	4	4	0
6	1 26 21 31	1	-1	0
7	42 17 35 16	2	-1	0
8	3 36 15 38	1	-1	0
9	21 32 33 43	3	3	0
10	3 6 17 42	1	-1	0
11	6 46 14 40	4	4	0
12	45 36 19 5	2	-1	0
13	23 24 42 21	4	1	0
14	3 36 27 6	1	-1	0
15	1 22 18 31	1	-1	0
16	4 45 14 9	2	-1	0
17	4 49 14 23	3	3	0
18	19 47 40 12	3	5	0
19	41 43 35 12	2	-1	0
20	42 16 31 46	3	1	0
21	2 13 45 25	1	-1	0
22	29 24 9 18	3	2	0
23	5 23 24 40	4	5	0
24	25 46 38 44	2	-1	0
25	15 31 13 14	4	3	0
26	2 11 28 29	1	-1	0
27	40 35 13 4	3	4	0
28	3 16 11 23	1	-1	0
29	31 45 28 7	3	4	0
30	18 17 10 9	4	3	0
31	39 6 31 46	3	2	0
32	16 29 13 4	3	3	0
33	5 21 27 34	4	4	0
34	42 37 12 48	4	3	0
35	44 21 30 49	2	-1	0
36	31 44 40 48	4	5	0
37	12 35 42 29	4	5	0
38	27 23 25 46	4	5	0
39	1 13 4 42	1	-1	0
40	14 22 45 5	4	1	0
41	24 20 4 47	4	4	0
42	3 6 12 45	1	-1	0
43	21 14 8 24	3	5	0
44	1 34 40 7	1	-1	0
45	22 31 13 28	3	4	0
46	1 26 9 33	1	-1	0
47	32 10 17 36	3	1	0
48	13 18 33 38	2	-1	0
49	43 9 14 18	3	3	0
50	1 33 40 22	1	-1	0
51	21 41 4 17	4	3	0
52	10 7 31 28	3	4	0
53	3 37 22 20	1	-1	0
54	11 28 32 20	2	-1	0
55	22 50 26 13	2	-1	0
56	15 36 43 4	4	5	0
57	26 16 7 31	4	5	0
58	12 18 31 11	2	-1	0
59	38 6 9 50	2	-1	0
60	17 12 43 29	4	1	0
61	38 30 19 22	2	-1	0
62	19 11 12 39	3	2	0
63	3 42 17 45	1	-1	0
64	3 32 20 21	1	-1	0
65	6 39 40 15	2	-1	0
66	37 1 5 26	3	4	0
67	41 46 8 4	3	5	0
68	50 49 44 41	2	-1	0
69	50 20 14 34	2	-1	0
70	17 11 29 42	2	-1	0
71	1 47 30 23	1	-1	0
72	3 26 15 41	1	-1	0
73	11 43 24 46	4	1	0
74	30 9 36 4	3	3	0
75	16 39 19 10	4	5	0
76	45 17 37 36	3	4	0
77	20 28 37 47	4	3	0
78	33 12 8 14	4	4	0
79	33 24 38 47	3	4	0
80	3 34 10 13	1	-1	0
81	9 13 34 29	2	-1	0
82	47 7 23 29	2	-1	0
83	9 32 14 21	2	-1	0
84	37 11 15 21	2	-1	0
85	23 41 43 7	2	-1	0
86	32 22 33 44	4	2	0
87	24 48 21 49	3	1	0
88	33 36 20 5	3	4	0
89	18 26 4 12	3	1	0
90	27 50 8 19	4	4	0
91	12 44 41 38	4	1	0
92	25 8 49 48	3	4	0
93	3 43 45 26	1	-1	0
94	2 23 44 46	1	-1	0
95	48 15 21 22	3	2	0
96	46 50 14 13	4	1	0
97	42 46 36 6	2	-1	0
98	9 26 42 22	3	3	0
99	12 9 35 49	4	4	0
100	25 50 16 39	4	3	0
101	1 23 14 19	1	-1	0
102	36 43 24 21	4	3	0
103	1 26 18 38	1	-1	0
104	40 14 28 24	4	2	0
105	5 19 29 16	2	-1	0
106	3 22 24 17	1	-1	0
107	1 32 31 10	1	-1	0
108	42 22 20 41	2	-1	0
109	12 31 16 10	4	3	0
110	3 7 17 24	1	-1	0
111	10 7 26 29	2	-1	0
112	3 16 26 39	1	-1	0
113	8 41 28 26	2	-1	0
114	36 10 45 1	3	3	0
115	29 26 42 38	2	-1	0
116	17 8 21 36	2	-1	0
117	38 26 37 45	3	2	0
118	2 5 26 9	1	-1	0
119	1 17 33 6	1	-1	0
120	45 44 5 17	4	3	0
121	2 23 36 15	1	-1	0
122	2 36 32 47	1	-1	0
123	11 38 25 17	3	3	0
124	50 46 29 47	2	-1	0
125	25 46 50 15	2	-1	0
126	47 22 36 31	2	-1	0
127	40 48 32 43	4	4	0
128	3 10 34 46	1	-1	0
129	50 13 14 7	4	2	0
130	16 50 19 24	3	4	0
131	49 46 38 17	2	-1	0
132	7 28 29 19	3	5	0
133	34 9 36 39	4	4	0
134	1 23 38 40	1	-1	0
135	20 8 33 11	2	-1	0
136	37 14 26 47	3	2	0
137	16 14 5 11	3	1	0
138	48 38 26 50	2	-1	0
139	38 47 10 29	2	-1	0
140	10 16 22 18	2	-1	0
141	2 7 46 45	1	-1	0
142	31 46 13 21	3	1	0
143	34 23 16 41	3	2	0
144	14 5 16 11	4	5	0
145	30 49 27 18	2	-1	0
146	13 14 10 8	3	1	0
147	6 34 25 35	2	-1	0
148	14 20 26 45	2	-1	0
149	41 23 19 45	2	-1	0
150	2 45 20 36	1	-1	0
151	3 40 4 17	1	-1	0
152	19 11 42 6	3	3	0
153	1 29 36 30	1	-1	0
154	18 13 25 21	3	1	0
155	3 46 11 15	1	-1	0
156	37 9 7 20	3	4	0
157	2 29 6 39	1	-1	0
158	36 45 7 50	4	1	0
159	39 28 9 42	2	-1	0
160	8 24 35 21	2	-1	0
161	1 28 24 46	1	-1	0
162	1 19 46 49	1	-1	0
163	35 50 11 20	3	1	0
164	3 38 49 21	1	-1	0
165	9 40 21 23	2	-1	0
166	5 11 40 45	2	-1	0
167	43 48 45 40	2	-1	0
168	49 5 19 38	2	-1	0
169	1 27 47 32	1	-1	0
170	38 15 50 40	2	-1	0
171	3 46 45 31	1	-1	0
172	2 41 20 21	1	-1	0
173	42 9 50 10	2	-1	0
174	14 34 44 35	4	4	0
175	2 37 21 12	1	-1	0
176	2 17 15 43	1	-1	0
177	47 10 16 21	2	-1	0
178	41 37 22 21	2	-1	0
179	36 43 11 28	4	2	0
180	7 9 27 23	2	-1	0
181	23 29 5 9	4	3	0
182	2 38 28 12	1	-1	0
183	1 17 38 34	1	-1	0
184	3 23 50 13	1	-1	0
185	43 12 35 33	4	2	0
186	20 50 14 12	3	1	0
187	13 23 41 36	2	-1	0
188	43 20 23 7	3	3	0
189	26 6 23 29	3	2	0
190	19 38 13 29	3	1	0
191	38 26 25 48	4	2	0
192	21 25 23 40	4	5	0
193	50 16 10 24	2	-1	0
194	9 15 39 10	3	2	0
195	21 49 22 40	3	2	0
196	46 25 37 47	3	3	0
197	14 5 35 17	3	2	0
198	19 17 27 35	3	1	0
199	9 37 40 19	2	-1	0
200	2 35 9 26	1	-1	0
201	3 49 18 12	1	-1	0
202	41 14 26 7	2	-1	0
203	2 50 39 17	1	-1	0
204	2 31 34 20	1	-1	0
205	23 12 49 14	4	4	0
206	29 37 14 30	3	1	0
207	14 29 21 28	3	3	0
208	40 37 47 29	2	-1	0
209	42 31 22 26	3	2	0
210	5 41 14 17	3	4	0
211	3 33 21 37	1	-1	0
212	20 44 10 8	2	-1	0
213	22 29 25 39	2	-1	0
214	8 33 36 15	2	-1	0
215	46 28 40 29	2	-1	0
216	48 43 33 13	2	-1	0
217	24 36 42 48	2	-1	0
218	43 36 20 13	4	4	0
219	16 24 9 39	4	5	0
220	4 20 30 12	2	-1	0
221	15 31 42 17	3	4	0
222	1 45 17 44	1	-1	0
223	2 32 45 43	1	-1	0
224	18 14 23 24	2	-1	0
225	9 38 27 17	2	-1	0
226	38 22 36 24	3	3	0
227	3 47 9 40	1	-1	0
228	4 5 38 21	3	3	0
229	16 31 11 14	2	-1	0
230	7 49 13 50	3	4	0
231	3 50 17 12	1	-1	0
232	35 4 44 13	4	1	0
233	17 23 12 5	3	3	0
234	27 42 12 21	3	3	0
235	23 4 18 12	3	2	0
236	35 26 41 33	4	1	0
237	49 34 32 45	3	3	0
238	25 16 19 10	4	3	0
239	42 31 14 41	3	5	0
240	32 31 29 30	2	-1	0
241	21 44 20 37	4	2	0
242	10 16 18 33	3	4	0
243	17 43 21 33	3	1	0
244	44 40 12 36	4	3	0
245	2 36 33 29	1	-1	0
246	2 33 12 32	1	-1	0
247	13 11 45 39	3	4	0
248	23 18 46 15	4	3	0
249	12 38 27 4	3	5	0
250	36 12 45 43	4	4	0
251	30 49 25 48	4	5	0
252	50 20 18 24	3	1	0
253	17 43 40 9	3	4	0
254	46 31 27 29	4	4	0
255	50 22 40 7	3	1	0
256	7 49 4 22	4	5	0
257	1 23 7 37	1	-1	0
258	23 35 42 46	2	-1	0
259	30 13 44 18	4	5	0
260	28 24 50 47	4	3	0
261	3 31 24 25	1	-1	0
262	3 22 39 40	1	-1	0
263	49 29 19 9	2	-1	0
264	25 37 22 5	2	-1	0
265	27 16 19 36	4	4	0
266	47 14 38 21	4	1	0
267	25 16 40 31	4	5	0
268	50 8 49 26	2	-1	0
269	19 48 23 29	3	1	0
270	19 28 5 49	3	2	0
271	30 39 21 27	3	3	0
272	13 10 24 18	3	5	1
273	27 43 36 39	4	4	0
274	3 11 4 39	1	-1	0
275	3 36 4 23	1	-1	0
276	1 41 25 38	1	-1	0
277	35 47 18 22	4	4	0
278	3 19 10 30	1	-1	0
279	21 23 20 29	3	4	0
280	26 42 49 7	2	-1	0
281	28 47 41 11	2	-1	0
282	45 42 6 43	2	-1	0
283	32 25 40 48	3	5	0
284	1 41 33 40	1	-1	0
285	2 18 20 14	1	-1	0
286	5 38 29 39	3	5	0
287	47 48 32 19	2	-1	0
288	45 6 24 32	4	1	0
289	36 13 16 31	2	-1	0
290	1 41 5 8	1	-1	0
291	11 32 44 45	2	-1	0
292	48 42 36 38	2	-1	0
293	20 17 45 46	4	1	0
294	46 26 8 11	2	-1	0
295	6 18 35 27	3	2	0
296	26 30 45 38	2	-1	0
297	3 11 22 31	1	-1	0
298	4 25 9 6	2	-1	0
299	3 47 45 18	1	-1	0
300	45 15 4 31	3	5	0
301	30 47 45 44	4	5	0
302	48 50 22 9	2	-1	0
303	1 33 9 29	1	-1	0
304	1 9 26 29	1	-1	0
305	11 21 29 15	2	-1	0
306	31 13 18 27	3	2	0
307	41 44 30 42	3	5	0
308	48 4 16 44	2	-1	0
309	41 40 48 37	4	1	0
310	18 47 40 23	4	1	0
311	48 26 19 21	3	5	0
312	41 19 34 31	3	2	0
313	17 7 4 16	3	5	0
314	2 47 38 11	1	-1	0
315	4 22 44 9	3	3	0
316	14 25 27 38	2	-1	0
317	38 46 40 20	2	-1	0
318	44 30 31 14	3	4	0
319	2 38 24 31	1	-1	0
320	43 33 48 24	2	-1	0
321	3 21 19 40	1	-1	0
322	25 34 29 37	2	-1	0
323	39 47 17 45	4	4	0
324	50 23 4 36	2	-1	0
325	19 30 32 20	4	5	0
326	44 15 20 37	4	4	0
327	41 30 42 28	4	5	0
328	28 27 49 46	4	1	0
329	4 16 39 28	2	-1	0
330	10 7 29 44	4	5	0
331	43 17 31 15	3	3	0
332	15 34 21 14	2	-1	0
333	32 13 27 22	2	-1	0
334	3 14 27 11	1	-1	0
335	37 48 39 47	4	4	0
336	2 9 11 29	1	-1	0
337	3 36 39 49	1	-1	0
338	1 50 10 45	1	-1	0
339	39 20 42 7	3	1	0
340	35 34 45 27	3	4	0
341	7 28 50 47	3	1	0
342	17 32 37 18	2	-1	0
343	2 19 36 30	1	-1	0
344	38 9 50 34	3	3	0
345	3 49 26 41	1	-1	0
346	2 14 43 28	1	-1	0
347	20 10 12 5	4	3	0
348	40 10 37 22	4	4	0
349	3 45 16 4	1	-1	0
350	44 40 39 20	2	-1	0
351	8 45 31 20	2	-1	0
352	1 16 27 46	1	-1	0
353	17 10 29 22	3	4	0
354	6 34 37 11	4	5	0
355	25 18 43 16	2	-1	0
356	25 16 14 20	2	-1	0
357	39 37 12 41	4	3	0
358	6 18 12 10	2	-1	0
359	34 46 7 10	2	-1	0
360	29 32 40 26	3	3	0
361	6 36 32 15	3	1	0
362	31 8 28 45	4	2	0
363	17 11 38 30	4	1	0
364	3 23 22 10	1	-1	0
365	3 43 4 32	1	-1	0
366	3 49 33 10	1	-1	0
367	3 45 4 21	1	-1	0
368	8 26 9 20	2	-1	0
369	14 21 17 11	2	-1	0
370	12 28 43 26	4	1	0
371	21 9 27 35	4	2	0
372	46 32 28 41	3	4	0
373	4 28 41 12	3	4	0
374	22 42 23 13	2	-1	0
375	25 8 42 39	2	-1	0
376	13 20 12 38	2	-1	0
377	30 14 20 33	3	3	0
378	27 28 13 16	2	-1	0
379	41 24 40 19	3	2	0
380	40 37 18 21	2	-1	0
381	27 43 8 6	4	3	0
382	36 41 8 28	4	2	0
383	14 48 16 15	2	-1	0
384	37 18 44 33	2	-1	0
385	1 27 39 20	1	-1	0
386	34 39 40 47	3	4	0
387	33 5 16 7	2	-1	0
388	17 30 19 27	3	1	0
389	24 35 17 42	2	-1	0
390	45 26 43 37	4	2	0
391	2 32 24 37	1	-1	0
392	9 10 28 17	4	5	0
393	12 42 8 32	3	3	0
394	23 38 43 30	4	5	0
395	5 24 7 32	3	4	0
396	39 31 33 44	3	5	0
397	1 39 48 20	1	-1	0
398	2 50 39 40	1	-1	0
399	32 38 22 21	2	-1	0
400	28 14 5 16	3	2	0
401	2 38 47 20	1	-1	0
402	4 9 48 27	2	-1	0
403	3 33 40 32	1	-1	0
404	37 30 20 39	4	2	0
405	42 25 45 47	3	3	0
406	34 38 4 14	4	2	0
407	49 31 5 24	4	3	0
408	33 48 44 21	2	-1	0
409	32 13 35 37	3	4	0
410	42 26 9 40	4	5	0
411	21 40 45 17	3	4	0
412	3 6 37 4	1	-1	0
413	2 18 4 5	1	-1	0
414	14 35 9 43	2	-1	0
415	26 8 31 44	3	1	0
416	32 24 15 10	4	3	0
417	27 38 24 36	4	4	0
418	2 19 45 24	1	-1	0
419	1 7 10 8	1	-1	0
420	9 8 49 34	3	4	0
421	40 33 28 5	3	4	0
422	50 48 7 33	2	-1	0
423	41 5 6 48	4	1	0
424	4 7 25 46	4	3	0
425	16 32 31 29	3	4	0
426	18 7 25 48	3	2	0
427	7 14 32 13	4	4	0
428	2 31 38 32	1	-1	0
429	26 44 36 12	3	5	0
430	1 5 11 23	1	-1	0
431	3 22 21 29	1	-1	0
432	17 35 34 49	4	1	0
433	1 42 26 22	1	-1	0
434	20 8 25 39	3	2	0
435	16 4 39 29	4	2	0
436	10 27 43 26	2	-1	0
437	3 23 19 42	1	-1	0
438	38 9 19 16	3	5	0
439	6 17 47 25	2	-1	0
440	10 22 41 26	3	5	0
441	7 23 38 43	3	4	0
442	2 23 11 35	1	-1	0
443	31 13 47 41	2	-1	0
444	50 47 31 20	3	5	0
445	1 39 7 17	1	-1	0
446	3 14 25 6	1	-1	0
447	42 15 49 10	4	4	0
448	30 19 21 48	2	-1	0
449	5 41 35 50	4	1	0
450	15 10 34 17	4	5	0
451	21 41 29 33	3	3	0
452	13 32 37 6	3	3	0
453	1 41 14 50	1	-1	0
454	9 16 29 22	3	4	0
455	29 5 4 22	3	5	0
456	1 47 43 21	1	-1	0
457	16 19 43 31	2	-1	0
458	1 28 5 41	1	-1	0
459	17 34 32 43	2	-1	0
460	47 49 40 35	3	5	0
461	3 25 32 37	1	-1	0
462	3 7 20 19	1	-1	0
463	9 26 16 47	4	5	0
464	2 47 5 17	1	-1	0
465	39 9 42 43	3	2	0
466	5 35 29 7	2	-1	0
467	2 16 10 33	1	-1	0
468	27 16 33 18	4	1	0
469	4 50 15 22	4	4	0
470	34 16 41 25	4	1	0
471	44 11 4 22	4	1	0
472	45 6 37 16	3	1	0
473	33 40 43 38	2	-1	0
474	29 11 18 19	2	-1	0
475	41 10 48 12	2	-1	0
476	47 27 16 7	4	5	0
477	1 4 38 47	1	-1	0
478	32 7 42 41	3	1	0
479	24 34 6 28	4	3	0
480	37 10 45 41	2	-1	0
481	45 40 5 14	4	5	0
482	46 41 30 32	2	-1	0
483	2 41 6 36	1	-1	0
484	23 17 16 35	2	-1	0
485	22 17 10 43	3	2	0
486	50 21 13 15	3	2	0
487	10 30 33 43	2	-1	0
488	37 36 10 11	4	3	0
489	41 10 7 6	4	3	0
490	19 17 41 24	2	-1	0
491	16 31 34 15	3	1	0
492	1 10 33 12	1	-1	0
493	44 33 42 48	2	-1	0
494	3 12 49 4	1	-1	0
495	42 10 5 23	3	3	0
496	15 39 34 36	4	4	0
497	26 24 19 34	4	4	0
498	50 46 24 22	3	1	0
499	19 35 16 29	4	3	0
500	24 49 23 25	3	3	0
