Students	500
1	1 37 33 45	1	-1	0
2	40 48 25 30	3	1	0
3	3 31 10 30	1	-1	0
4	45 30 32 39	4	1	0
5	11 28 22 30	2	-1	0
6	15 28 22 24	2	-1	0
7	48 35 8 25	3	4	0
8	29 25 6 7	3	5	0
9	1 36 26 6	1	-1	0
10	6 18 13 35	4	5	0
11	49 40 6 11	3	5	0
12	2 16 13 36	1	-1	0
13	2 11 45 33	1	-1	0
14	22 50 46 23	2	-1	0
15	4 27 14 43	4	2	0
16	18 4 21 39	2	-1	0
17	50 30 5 24	2	-1	0
18	3 6 27 35	1	-1	0
19	8 24 29 44	4	5	0
20	3 47 25 41	1	-1	0
21	2 48 24 10	1	-1	0
22	33 40 8 48	3	5	0
23	9 46 27 12	4	3	0
24	2 15 8 11	1	-1	0
25	30 49 21 37	2	-1	0
26	2 12 45 16	1	-1	0
27	29 43 15 41	2	-1	0
28	46 18 13 47	4	2	0
29	47 21 42 12	4	4	0
30	3 49 6 25	1	-1	0
31	34 16 6 11	4	2	0
32	34 39 48 29	3	2	0
33	49 35 24 29	3	3	0
34	28 34 17 13	2	-1	0
35	9 22 41 34	4	3	0
36	3 41 15 47	1	-1	0
37	11 22 39 40	3	5	0
38	16 24 42 50	3	3	0
39	34 23 10 7	2	-1	0
40	1 43 49 32	1	-1	0
41	23 36 35 43	3	1	0
42	28 26 41 39	2	-1	0
43	27 19 14 26	2	-1	0
44	37 48 35 11	3	5	0
45	42 28 25 31	2	-1	0
46	22 30 12 41	2	-1	0
47	30 32 16 27	2	-1	0
48	5 15 41 7	4	2	0
49	3 28 4 36	1	-1	0
50	10 15 47 12	4	5	0
51	30 44 47 36	2	-1	0
52	2 8 45 9	1	-1	0
53	9 34 41 15	4	5	0
54	14 40 41 30	3	3	0
55	7 31 25 35	3	5	0
56	47 27 45 42	4	2	0
57	25 32 20 48	3	4	0
58	29 44 27 8	4	2	1
59	37 46 42 40	3	4	0
60	31 34 44 28	4	5	0
61	30 10 39 48	3	2	0
62	11 40 25 12	4	3	0
63	33 49 6 50	2	-1	0
64	1 14 16 21	1	-1	0
65	45 20 11 23	3	4	0
66	37 26 42 50	2	-1	0
67	2 30 31 11	1	-1	0
68	17 23 3 38	4	4	0
69	10 14 22 17	4	4	0
70	2 4 40 24	1	-1	0
71	41 25 30 14	3	3	0
72	12 16 9 45	4	3	0
73	38 23 30 26	4	3	0
74	9 30 43 36	4	2	0
75	15 17 9 7	3	4	0
76	16 11 24 32	2	-1	0
77	11 40 28 43	4	1	0
78	50 5 27 35	2	-1	0
79	29 30 32 7	2	-1	0
80	1 10 14 41	1	-1	0
81	26 10 24 6	3	4	0
82	43 21 9 18	2	-1	0
83	47 38 32 35	2	-1	0
84	9 48 44 38	4	1	0
85	32 42 22 13	4	3	0
86	2 40 43 20	1	-1	0
87	26 29 4 19	3	2	0
88	25 23 35 29	3	3	0
89	15 4 36 45	3	1	0
90	17 50 20 42	2	-1	0
91	34 16 19 18	2	-1	0
92	27 42 35 23	4	5	0
93	17 8 47 35	4	4	0
94	10 40 41 48	4	1	0
95	33 46 4 19	3	1	0
96	33 7 44 39	3	3	0
97	21 23 15 19	2	-1	0
98	33 11 17 16	2	-1	0
99	7 20 8 39	3	2	0
100	2 26 20 48	1	-1	0
101	7 26 36 13	2	-1	0
102	10 19 5 26	3	5	0
103	2 46 14 8	1	-1	0
104	15 28 22 48	4	3	0
105	22 4 40 30	3	3	0
106	6 25 9 22	2	-1	0
107	1 28 9 48	1	-1	0
108	42 45 44 41	4	1	0
109	45 29 12 22	3	2	0
110	15 45 32 17	3	4	0
111	3 7 5 43	1	-1	0
112	4 15 37 47	2	-1	0
113	31 36 17 18	2	-1	0
114	47 20 15 9	3	5	0
115	36 47 21 37	3	4	0
116	21 4 11 38	3	3	0
117	11 34 48 42	2	-1	0
118	30 50 10 12	4	1	0
119	28 7 45 5	4	1	0
120	47 40 20 25	2	-1	0
121	6 5 35 19	4	4	0
122	13 18 30 12	2	-1	0
123	14 20 35 11	2	-1	0
124	10 22 18 48	3	2	0
125	38 25 7 5	4	2	1
126	1 22 14 34	1	-1	0
127	7 27 35 20	2	-1	0
128	43 45 5 23	4	2	0
129	13 38 10 7	2	-1	0
130	2 10 29 18	1	-1	0
131	9 33 49 19	3	3	0
132	11 27 50 7	2	-1	0
133	14 16 4 47	3	5	0
134	45 43 28 32	4	5	0
135	45 28 49 41	2	-1	0
136	11 16 48 7	3	2	0
137	3 41 30 31	1	-1	0
138	44 46 23 41	4	4	0
139	47 32 7 37	3	3	0
140	10 44 42 19	4	3	0
141	30 39 10 9	2	-1	0
142	9 27 6 35	4	4	0
143	11 40 8 41	4	1	0
144	14 47 42 34	2	-1	0
145	24 30 12 5	4	3	0
146	44 42 9 46	3	3	0
147	7 34 27 45	2	-1	0
148	37 41 28 11	3	5	0
149	36 18 17 32	2	-1	0
150	39 48 12 23	4	4	0
151	23 16 18 43	4	4	0
152	4 39 36 29	3	2	0
153	5 41 44 17	4	1	0
154	2 46 40 5	1	-1	0
155	1 40 25 37	1	-1	0
156	2 30 15 12	1	-1	0
157	36 14 31 18	2	-1	0
158	37 20 21 43	4	1	0
159	19 37 43 36	4	1	0
160	33 17 50 9	2	-1	0
161	38 18 33 13	4	4	0
162	19 18 30 36	4	4	0
163	29 41 34 26	4	2	0
164	2 9 40 15	1	-1	0
165	29 27 13 7	4	4	0
166	39 38 17 9	3	4	0
167	33 27 49 29	3	3	0
168	12 33 21 25	4	5	0
169	3 47 26 25	1	-1	0
170	47 35 50 19	2	-1	0
171	47 7 18 9	4	3	0
172	1 25 27 28	1	-1	0
173	46 25 22 43	2	-1	0
174	5 28 42 15	4	4	0
175	19 12 20 6	3	4	0
176	16 29 5 6	2	-1	0
177	26 37 25 15	2	-1	0
178	4 17 9 19	3	5	0
179	1 31 49 50	1	-1	0
180	42 32 48 49	2	-1	0
181	10 30 13 48	2	-1	0
182	50 31 9 12	2	-1	0
183	3 14 42 35	1	-1	0
184	20 28 31 14	2	-1	0
185	18 36 45 46	2	-1	0
186	28 24 47 13	4	3	0
187	16 32 6 25	4	1	0
188	1 41 43 36	1	-1	0
189	11 46 13 10	2	-1	0
190	2 14 18 50	1	-1	0
191	12 29 13 8	4	3	0
192	38 11 41 39	3	1	0
193	3 8 37 35	1	-1	0
194	28 15 20 8	4	2	0
195	2 39 47 11	1	-1	0
196	45 8 15 11	3	3	0
197	5 12 36 22	3	2	0
198	16 24 25 5	3	1	1
199	39 9 23 38	3	1	0
200	49 9 26 20	3	4	0
201	9 11 34 12	3	3	0
202	6 24 11 47	4	5	0
203	2 37 4 50	1	-1	0
204	2 32 42 20	1	-1	0
205	17 49 26 43	2	-1	0
206	2 18 17 8	1	-1	0
207	3 34 13 35	1	-1	0
208	3 33 48 25	1	-1	0
209	3 30 29 13	1	-1	0
210	41 26 39 35	2	-1	0
211	17 7 25 43	4	1	0
212	44 13 47 27	3	1	0
213	47 16 42 38	3	5	0
214	16 39 20 11	3	2	0
215	15 49 16 31	2	-1	0
216	44 6 4 49	4	4	0
217	22 16 37 42	2	-1	0
218	40 43 14 32	2	-1	0
219	38 14 43 31	3	5	0
220	39 35 7 14	4	3	0
221	16 38 19 8	2	-1	0
222	26 4 36 32	3	2	0
223	21 48 35 34	3	3	0
224	27 30 20 37	3	5	0
225	47 35 46 20	2	-1	0
226	3 28 48 38	1	-1	0
227	3 32 21 35	1	-1	0
228	34 14 19 25	2	-1	0
229	3 43 19 12	1	-1	0
230	1 16 33 28	1	-1	0
231	45 7 15 38	2	-1	0
232	33 40 39 30	4	3	0
233	6 32 47 41	3	5	0
234	23 6 5 46	4	3	0
235	46 44 7 15	2	-1	0
236	3 28 31 43	1	-1	0
237	31 33 30 20	2	-1	0
238	35 29 31 14	2	-1	0
239	21 19 14 35	4	2	0
240	21 28 20 14	4	5	0
241	38 37 28 32	2	-1	0
242	47 48 42 24	3	2	0
243	2 35 30 16	1	-1	0
244	26 39 9 49	2	-1	0
245	4 47 40 7	3	2	0
246	6 35 4 28	2	-1	0
247	11 25 50 31	4	2	1
248	42 30 23 22	3	5	0
249	24 47 15 37	2	-1	0
250	31 47 28 12	3	5	0
251	19 6 31 43	4	2	0
252	13 25 22 29	4	1	0
253	2 23 36 21	1	-1	0
254	12 50 43 20	3	5	0
255	45 15 46 10	4	2	0
256	30 25 9 22	3	4	0
257	2 35 11 7	1	-1	0
258	30 34 24 9	3	2	0
259	26 36 24 15	3	5	0
260	40 29 10 18	4	3	0
261	10 21 47 6	4	5	0
262	13 34 31 32	4	3	0
263	38 29 43 6	4	3	0
264	40 16 44 45	2	-1	0
265	50 28 11 13	2	-1	0
266	18 25 26 23	2	-1	0
267	3 11 5 33	1	-1	0
268	20 8 6 46	4	5	0
269	42 21 45 28	4	5	0
270	13 12 10 19	4	4	0
271	33 34 11 39	2	-1	0
272	28 18 32 43	3	2	0
273	31 9 44 28	2	-1	0
274	37 6 29 40	4	4	0
275	2 32 49 11	1	-1	0
276	28 46 15 24	3	1	0
277	1 46 18 37	1	-1	0
278	35 22 12 40	3	5	0
279	47 29 32 24	3	1	0
280	3 36 34 35	1	-1	0
281	48 20 4 46	3	1	0
282	3 44 7 18	1	-1	0
283	17 48 12 18	3	3	0
284	50 49 45 11	3	2	0
285	1 9 21 8	1	-1	0
286	14 38 6 13	3	3	0
287	2 34 8 6	1	-1	0
288	31 32 45 41	3	3	0
289	3 21 38 27	1	-1	0
290	50 45 39 12	2	-1	0
291	43 18 23 49	3	5	0
292	22 17 15 19	2	-1	0
293	15 20 23 44	4	2	0
294	2 39 14 43	1	-1	0
295	39 11 41 37	2	-1	0
296	43 42 6 5	4	3	0
297	27 29 24 40	4	5	0
298	2 37 50 14	1	-1	0
299	3 35 8 37	1	-1	0
300	46 6 7 27	4	4	0
301	1 46 33 42	1	-1	0
302	50 16 6 45	2	-1	0
303	22 37 28 33	4	5	0
304	28 33 39 42	4	1	0
305	5 24 6 29	4	5	0
306	40 50 41 13	2	-1	0
307	8 13 11 19	3	5	0
308	18 26 35 12	3	1	0
309	19 49 46 15	3	4	0
310	38 42 40 5	3	5	0
311	3 17 7 49	1	-1	0
312	17 45 33 19	4	3	0
313	19 50 44 21	3	1	0
314	29 23 24 34	2	-1	0
315	20 23 39 15	3	3	0
316	3 10 40 50	1	-1	0
317	3 24 16 34	1	-1	0
318	45 43 47 24	4	5	0
319	46 9 18 36	3	5	0
320	21 36 32 40	3	3	0
321	20 36 18 16	2	-1	0
322	41 30 13 29	3	3	0
323	32 4 23 12	2	-1	0
324	36 4 10 28	4	5	0
325	3 27 24 6	1	-1	0
326	46 7 34 5	4	5	0
327	19 8 37 15	3	4	0
328	17 9 32 26	3	3	0
329	27 43 4 14	2	-1	0
330	46 37 42 35	4	5	0
331	34 10 31 37	3	2	0
332	21 32 12 28	2	-1	0
333	1 9 42 25	1	-1	0
334	38 20 18 49	3	4	0
335	3 28 17 41	1	-1	0
336	38 45 35 37	4	4	0
337	23 29 37 17	2	-1	0
338	33 21 13 19	2	-1	0
339	17 30 47 10	4	5	0
340	31 11 37 16	2	-1	0
341	9 37 33 43	4	5	0
342	1 49 6 20	1	-1	0
343	13 32 18 9	4	4	0
344	7 19 18 25	2	-1	0
345	3 46 40 5	1	-1	0
346	3 24 44 38	1	-1	0
347	4 33 39 31	4	4	0
348	33 48 45 44	3	1	0
349	28 26 14 42	4	1	0
350	36 14 15 44	2	-1	0
351	2 22 45 16	1	-1	0
352	8 33 28 49	4	3	0
353	14 8 43 26	3	3	0
354	17 25 45 20	4	5	0
355	4 46 29 45	3	1	0
356	7 42 35 22	2	-1	0
357	5 10 41 38	2	-1	0
358	44 49 4 32	2	-1	0
359	2 5 7 38	1	-1	0
360	9 6 4 22	4	1	0
361	1 15 42 37	1	-1	0
362	3 31 20 21	1	-1	0
363	1 47 27 30	1	-1	0
364	3 16 38 36	1	-1	0
365	8 34 30 23	3	1	0
366	27 43 4 22	2	-1	0
367	3 36 9 22	1	-1	0
368	1 7 5 38	1	-1	0
369	13 15 10 27	4	4	0
370	16 41 18 35	2	-1	0
371	3 40 23 38	1	-1	0
372	38 42 6 17	4	4	0
373	15 24 46 41	3	1	0
374	5 42 37 8	3	1	0
375	3 22 39 12	1	-1	0
376	27 7 31 26	2	-1	0
377	11 38 31 44	4	5	0
378	4 12 6 29	2	-1	0
379	10 38 9 28	4	2	0
380	6 19 35 40	2	-1	0
381	25 8 21 38	2	-1	0
382	33 8 45 31	4	5	0
383	3 50 7 42	1	-1	0
384	15 16 4 28	3	4	0
385	31 11 6 46	2	-1	0
386	5 22 7 36	4	1	0
387	2 21 29 4	1	-1	0
388	42 5 33 25	4	3	0
389	29 36 20 27	3	5	0
390	34 27 32 39	2	-1	0
391	3 39 12 40	1	-1	1
392	49 40 36 20	2	-1	0
393	16 10 25 50	2	-1	0
394	50 4 15 31	4	3	0
395	35 36 10 31	3	5	0
396	32 38 42 41	2	-1	0
397	9 13 7 18	3	3	0
398	50 39 34 6	4	5	0
399	3 35 43 10	1	-1	0
400	5 16 35 22	4	3	0
401	3 19 32 43	1	-1	0
402	5 41 36 43	4	3	0
403	38 26 4 10	2	-1	0
404	14 44 4 42	4	2	0
405	3 40 48 6	1	-1	0
406	27 13 31 36	4	1	0
407	17 27 49 11	2	-1	0
408	22 6 25 48	2	-1	0
409	6 47 48 22	4	2	0
410	6 32 20 22	3	2	0
411	47 4 40 49	2	-1	0
412	30 18 15 10	3	4	0
413	27 33 10 25	2	-1	0
414	50 14 47 26	3	1	0
415	3 48 26 13	1	-1	0
416	8 12 27 18	2	-1	0
417	28 13 45 43	3	4	0
418	40 41 48 35	4	1	0
419	2 5 41 27	1	-1	0
420	1 12 24 15	1	-1	1
421	3 37 25 5	1	-1	0
422	4 9 46 29	4	1	0
423	24 45 6 43	2	-1	0
424	3 50 9 40	1	-1	0
425	2 44 29 13	1	-1	0
426	35 31 20 37	2	-1	0
427	5 47 30 15	4	3	0
428	16 39 32 2	4	3	0
429	2 11 49 6	1	-1	0
430	20 6 11 36	4	4	0
431	3 22 13 18	1	-1	0
432	1 50 38 30	1	-1	0
433	13 41 35 42	3	1	0
434	24 23 20 32	3	4	0
435	45 49 26 29	3	2	0
436	2 42 11 15	1	-1	0
437	2 7 39 45	1	-1	0
438	2 24 43 21	1	-1	0
439	31 10 28 6	2	-1	0
440	46 20 11 26	4	2	0
441	12 44 46 33	2	-1	0
442	2 18 9 8	1	-1	0
443	49 44 32 10	4	5	0
444	27 21 23 47	2	-1	0
445	4 14 31 28	3	4	0
446	3 23 8 42	1	-1	1
447	3 31 32 41	1	-1	0
448	33 34 32 28	2	-1	0
449	26 49 38 28	2	-1	0
450	22 23 27 46	2	-1	0
451	1 33 45 15	1	-1	0
452	3 15 17 22	1	-1	0
453	33 42 36 22	2	-1	0
454	2 44 5 30	1	-1	0
455	15 34 18 40	2	-1	0
456	28 46 4 32	4	4	0
457	12 16 48 45	3	2	0
458	49 37 24 6	3	3	0
459	31 42 9 45	2	-1	0
460	23 37 50 24	2	-1	0
461	12 16 49 10	4	2	0
462	22 12 39 25	4	5	0
463	6 10 29 15	3	5	0
464	48 39 26 46	4	3	0
465	20 46 37 11	2	-1	1
466	3 19 35 22	1	-1	0
467	12 25 36 46	3	3	0
468	2 31 6 34	1	-1	0
469	7 30 5 20	2	-1	0
470	15 32 11 22	4	5	0
471	20 6 38 22	3	1	0
472	17 4 25 29	2	-1	0
473	8 50 11 48	3	3	0
474	2 44 46 10	1	-1	0
475	11 29 34 42	4	2	0
476	2 35 44 49	1	-1	0
477	37 19 6 4	2	-1	0
478	48 35 37 36	4	1	0
479	12 28 31 36	2	-1	0
480	2 30 48 19	1	-1	0
481	10 6 43 23	3	4	0
482	4 22 7 23	3	5	0
483	25 48 16 6	4	1	0
484	50 5 9 48	4	1	0
485	48 22 44 43	4	2	0
486	13 29 10 25	4	1	0
487	2 35 5 42	1	-1	0
488	25 47 48 20	3	3	0
489	2 39 41 23	1	-1	0
490	2 35 14 22	1	-1	0
491	38 23 47 35	2	-1	0
492	36 5 45 18	3	2	0
493	8 30 12 35	2	-1	0
494	23 21 10 28	3	1	0
495	14 40 21 11	2	-1	1
496	2 33 32 30	1	-1	0
497	32 23 4 19	2	-1	0
498	49 34 37 31	2	-1	0
499	11 4 26 49	2	-1	0
500	24 50 43 30	4	4	0
