Students	500
1	46 33 6 28	2	-1	0
2	12 31 7 29	2	-1	0
3	1 4 34 50	1	-1	0
4	29 44 47 18	4	5	0
5	42 11 37 39	4	1	0
6	10 42 7 37	2	-1	0
7	5 37 41 17	3	4	0
8	17 36 30 32	2	-1	0
9	24 19 40 21	3	3	0
10	27 34 46 47	2	-1	0
11	42 34 4 16	4	4	0
12	14 28 12 37	3	3	0
13	25 16 45 24	2	-1	0
14	16 21 25 9	2	-1	0
15	36 50 6 30	3	5	0
16	7 35 8 23	4	5	0
17	20 14 29 5	3	2	0
18	36 7 41 6	4	3	0
19	2 36 32 5	1	-1	0
20	13 49 38 48	4	5	0
21	3 7 22 11	1	-1	0
22	29 22 21 4	4	2	0
23	5 45 32 50	4	1	0
24	27 43 36 6	4	5	0
25	34 46 31 42	3	5	0
26	37 40 23 45	3	1	0
27	21 42 33 16	3	1	0
28	8 20 9 41	3	1	0
29	34 5 29 48	4	1	0
30	11 9 22 36	3	5	0
31	5 46 17 36	3	1	0
32	3 19 14 32	1	-1	0
33	3 48 4 31	1	-1	0
34	42 46 48 41	3	5	0
35	6 37 35 42	3	1	0
36	1 28 45 10	1	-1	0
37	46 42 21 19	3	4	0
38	13 34 21 24	4	4	0
39	1 37 44 20	1	-1	0
40	3 46 30 26	1	-1	0
41	43 50 49 9	4	5	0
42	45 46 19 26	4	5	0
43	5 40 25 35	4	5	0
44	47 4 8 39	3	2	0
45	27 19 34 12	2	-1	0
46	14 35 34 21	4	1	0
47	3 22 9 44	1	-1	0
48	15 34 31 35	3	4	0
49	40 30 8 24	3	1	0
50	3 46 27 44	1	-1	0
51	1 34 28 22	1	-1	0
52	24 50 3 11	4	2	0
53	10 48 19 14	4	5	0
54	41 42 13 40	4	1	0
55	24 16 17 12	4	1	0
56	18 10 33 34	2	-1	0
57	40 7 49 38	3	4	0
58	6 13 26 24	3	5	0
59	40 49 5 33	4	1	0
60	3 34 11 18	1	-1	0
61	47 34 6 39	2	-1	0
62	12 18 29 39	2	-1	0
63	45 38 16 33	2	-1	0
64	9 26 17 15	2	-1	0
65	5 14 13 42	3	1	0
66	2 19 26 8	1	-1	0
67	37 30 42 8	2	-1	0
68	3 31 5 43	1	-1	0
69	4 50 45 19	2	-1	0
70	1 28 22 35	1	-1	0
71	3 46 21 17	1	-1	0
72	35 12 10 24	2	-1	0
73	24 48 47 28	3	3	0
74	41 22 35 42	3	3	0
75	1 14 43 10	1	-1	0
76	43 24 27 25	2	-1	0
77	2 32 14 10	1	-1	0
78	16 48 33 43	2	-1	0
79	35 41 33 31	2	-1	0
80	24 41 47 33	3	3	0
81	22 30 18 4	3	5	0
82	1 41 28 26	1	-1	0
83	6 3 15 14	4	4	0
84	3 50 24 18	1	-1	0
85	34 35 32 25	4	4	0
86	16 43 4 27	2	-1	0
87	10 12 34 43	4	1	0
88	19 34 29 7	3	3	0
89	13 6 8 41	3	3	0
90	15 28 29 10	4	2	0
91	41 39 9 19	2	-1	0
92	42 39 15 28	4	4	0
93	3 19 34 11	1	-1	0
94	17 19 29 35	4	3	0
95	24 17 6 30	2	-1	0
96	22 15 23 6	4	1	0
97	19 46 6 23	2	-1	0
98	2 19 43 32	1	-1	0
99	3 18 44 45	1	-1	0
100	25 4 31 20	4	3	0
101	49 28 50 6	4	5	0
102	14 19 28 9	3	4	0
103	10 37 44 25	3	2	0
104	49 9 33 27	3	2	0
105	2 42 17 18	1	-1	0
106	25 27 11 45	3	5	0
107	21 44 18 10	3	5	0
108	21 39 24 20	4	2	0
109	1 44 12 10	1	-1	0
110	23 28 36 35	4	1	0
111	19 24 6 21	2	-1	0
112	7 44 12 39	2	-1	0
113	3 17 19 46	1	-1	1
114	3 48 22 10	1	-1	0
115	48 38 46 41	3	3	0
116	39 45 13 32	2	-1	0
117	46 19 14 4	3	4	0
118	34 18 10 28	3	3	0
119	19 16 21 22	4	4	0
120	41 42 25 9	3	4	0
121	50 48 40 42	4	5	0
122	30 50 33 22	4	3	0
123	15 29 24 43	4	1	0
124	2 8 30 20	1	-1	0
125	3 20 35 11	1	-1	0
126	23 25 47 34	3	5	0
127	12 23 28 41	2	-1	0
128	43 6 11 48	2	-1	0
129	2 43 37 10	1	-1	0
130	1 44 25 23	1	-1	0
131	16 43 11 18	4	4	0
132	23 48 7 19	4	4	0
133	11 16 43 26	3	2	0
134	35 28 50 36	2	-1	0
135	31 39 28 25	4	1	0
136	20 36 39 12	3	2	0
137	7 6 22 13	4	3	0
138	39 24 8 13	4	2	0
139	31 5 24 35	2	-1	0
140	33 13 40 11	3	2	0
141	14 21 28 13	2	-1	0
142	30 35 4 11	4	4	0
143	8 10 15 14	4	2	0
144	26 32 47 7	3	3	0
145	7 26 20 33	2	-1	0
146	21 18 16 48	3	1	0
147	11 49 40 46	3	5	0
148	32 14 21 39	2	-1	0
149	34 20 36 11	2	-1	0
150	27 4 20 22	2	-1	0
151	3 13 41 14	1	-1	0
152	11 8 17 35	3	4	0
153	2 36 15 10	1	-1	0
154	5 21 39 34	4	2	0
155	3 22 32 31	1	-1	0
156	42 49 29 32	4	5	0
157	16 23 20 46	3	4	1
158	2 16 29 26	1	-1	0
159	35 38 24 19	2	-1	0
160	3 25 20 41	1	-1	0
161	3 31 34 37	1	-1	0
162	14 46 5 32	3	1	0
163	2 39 35 14	1	-1	0
164	19 49 26 15	3	2	0
165	2 13 48 11	1	-1	0
166	3 25 45 12	1	-1	0
167	38 48 9 33	3	4	0
168	3 31 30 40	1	-1	0
169	2 37 49 18	1	-1	0
170	10 15 28 37	4	4	0
171	9 21 6 19	3	4	0
172	21 30 45 47	2	-1	0
173	33 36 14 15	3	3	0
174	9 31 47 26	4	5	0
175	23 27 44 32	3	2	0
176	21 18 12 4	2	-1	0
177	5 13 12 24	2	-1	0
178	30 11 21 7	4	1	0
179	11 15 48 41	2	-1	0
180	1 35 11 17	1	-1	0
181	14 34 7 6	4	4	0
182	33 24 19 31	2	-1	0
183	3 46 11 19	1	-1	0
184	2 27 23 9	1	-1	0
185	32 16 17 37	2	-1	0
186	29 28 10 46	4	1	0
187	43 11 14 17	3	3	0
188	21 18 17 44	3	4	0
189	3 50 10 44	1	-1	0
190	20 9 50 19	2	-1	1
191	3 34 17 21	1	-1	0
192	50 22 41 44	2	-1	0
193	3 46 49 16	1	-1	0
194	5 32 26 37	3	4	0
195	26 9 23 30	2	-1	0
196	42 26 34 48	2	-1	0
197	47 35 30 6	3	1	0
198	46 43 26 8	4	1	0
199	26 17 9 8	2	-1	0
200	33 23 31 47	3	2	0
201	32 12 36 22	3	2	0
202	17 4 25 20	4	1	0
203	41 15 49 23	4	2	0
204	17 34 8 21	4	4	0
205	2 49 6 43	1	-1	0
206	16 31 42 34	4	4	0
207	22 41 25 33	2	-1	0
208	1 28 5 10	1	-1	1
209	1 41 23 12	1	-1	0
210	22 50 4 43	4	3	0
211	40 13 27 45	3	1	0
212	20 31 27 7	4	5	0
213	48 35 42 41	2	-1	0
214	20 12 37 32	3	1	0
215	2 39 49 21	1	-1	0
216	9 6 49 10	4	3	0
217	2 35 50 48	1	-1	0
218	37 48 16 15	2	-1	0
219	13 40 37 6	4	1	0
220	6 50 25 19	2	-1	0
221	31 38 40 50	4	5	0
222	4 27 24 45	4	1	0
223	41 9 24 18	4	1	0
224	47 31 36 5	4	2	0
225	35 42 30 17	2	-1	0
226	2 18 43 28	1	-1	0
227	28 33 20 48	2	-1	0
228	20 29 6 24	2	-1	0
229	21 28 11 26	2	-1	0
230	3 22 41 43	1	-1	0
231	17 43 37 28	3	1	0
232	32 49 17 6	4	2	0
233	8 6 34 23	4	5	0
234	3 49 11 44	1	-1	0
235	28 46 48 39	2	-1	0
236	10 18 36 48	4	1	0
237	25 21 32 18	2	-1	0
238	17 20 25 45	4	1	0
239	23 19 28 17	3	3	0
240	2 42 16 17	1	-1	0
241	18 7 12 11	3	2	0
242	1 23 34 24	1	-1	0
243	2 10 29 27	1	-1	0
244	26 6 47 8	3	2	0
245	6 38 16 15	3	5	0
246	22 19 34 31	4	2	0
247	6 11 41 23	4	2	0
248	11 27 18 48	2	-1	0
249	33 41 8 37	3	3	0
250	19 18 46 6	2	-1	0
251	7 45 26 50	2	-1	0
252	26 32 8 47	2	-1	0
253	50 13 45 36	2	-1	0
254	7 10 42 26	3	5	0
255	29 44 4 30	4	2	0
256	11 9 38 5	3	4	0
257	46 49 50 5	2	-1	0
258	3 25 4 36	1	-1	0
259	25 6 24 22	4	1	0
260	29 35 13 22	4	3	0
261	2 50 8 9	1	-1	0
262	15 50 26 32	2	-1	0
263	8 48 10 44	3	1	0
264	30 33 41 23	2	-1	0
265	37 16 4 29	2	-1	0
266	50 45 20 47	4	4	0
267	36 40 8 13	4	2	0
268	44 10 27 14	3	5	0
269	32 40 38 20	3	1	0
270	11 33 40 26	2	-1	0
271	2 11 50 32	1	-1	0
272	47 33 34 50	4	1	0
273	41 14 24 15	3	1	0
274	1 28 36 17	1	-1	0
275	50 28 46 23	2	-1	0
276	3 33 32 35	1	-1	0
277	42 4 18 26	4	2	0
278	48 27 15 4	4	4	0
279	23 6 10 25	2	-1	0
280	47 40 29 4	2	-1	0
281	36 45 5 20	2	-1	0
282	2 44 15 42	1	-1	0
283	34 38 43 20	4	1	0
284	15 50 30 6	3	2	0
285	46 33 44 8	4	4	0
286	27 45 39 44	4	3	0
287	40 5 15 28	4	2	0
288	16 4 18 43	4	4	0
289	46 38 33 35	2	-1	0
290	1 46 35 32	1	-1	0
291	7 34 50 36	4	4	0
292	1 6 14 10	1	-1	0
293	1 13 22 46	1	-1	0
294	3 39 8 36	1	-1	0
295	34 10 49 25	2	-1	0
296	28 31 30 49	3	1	0
297	34 28 27 29	2	-1	0
298	5 43 18 25	3	4	0
299	39 30 48 22	3	4	0
300	7 41 35 22	3	1	0
301	21 15 9 33	4	5	0
302	2 47 22 44	1	-1	0
303	35 22 5 40	3	5	0
304	34 35 14 18	3	2	0
305	17 40 29 28	3	5	0
306	2 43 15 24	1	-1	0
307	5 42 36 13	4	4	0
308	18 50 10 33	4	1	0
309	24 6 40 30	4	5	0
310	11 20 12 7	4	1	0
311	46 20 24 4	2	-1	0
312	2 35 47 43	1	-1	0
313	33 8 41 29	4	4	0
314	13 7 34 31	2	-1	0
315	10 41 33 25	3	5	0
316	3 13 10 27	1	-1	0
317	50 25 10 17	2	-1	0
318	31 33 4 50	4	2	0
319	2 19 42 44	1	-1	0
320	49 30 37 26	3	3	0
321	31 40 20 42	4	4	0
322	7 23 24 32	2	-1	0
323	13 16 50 25	3	1	0
324	1 24 47 16	1	-1	0
325	27 48 5 22	3	3	0
326	10 31 4 18	2	-1	0
327	10 9 12 35	2	-1	0
328	50 18 33 49	2	-1	0
329	1 16 13 18	1	-1	0
330	34 39 19 49	4	4	0
331	3 9 25 27	1	-1	0
332	3 10 27 15	1	-1	0
333	15 10 16 3	3	5	0
334	14 6 32 46	3	3	0
335	32 50 36 6	2	-1	0
336	26 23 47 16	4	1	0
337	4 15 18 31	2	-1	0
338	12 8 46 21	4	4	0
339	32 41 28 35	2	-1	0
340	13 40 18 32	4	5	0
341	6 11 26 31	2	-1	0
342	5 34 45 37	2	-1	0
343	25 34 8 10	4	2	0
344	25 30 33 18	4	4	0
345	3 15 25 27	1	-1	0
346	28 11 9 44	2	-1	0
347	22 11 43 40	3	3	0
348	21 24 38 9	3	5	0
349	25 12 19 41	2	-1	0
350	1 33 45 21	1	-1	0
351	46 5 30 25	2	-1	0
352	30 48 24 18	2	-1	0
353	3 15 37 34	1	-1	0
354	2 7 21 8	1	-1	0
355	15 49 29 46	4	2	0
356	1 4 49 8	1	-1	0
357	49 15 8 42	2	-1	0
358	17 27 13 50	3	3	0
359	31 10 33 7	2	-1	0
360	12 4 27 10	4	2	0
361	3 33 17 42	1	-1	0
362	7 30 20 4	4	4	0
363	43 13 10 25	3	1	0
364	24 30 7 35	3	1	0
365	13 24 40 20	2	-1	0
366	37 34 33 45	2	-1	0
367	29 47 24 34	2	-1	0
368	25 29 12 16	2	-1	0
369	2 13 50 45	1	-1	0
370	2 40 9 20	1	-1	0
371	21 29 28 33	2	-1	0
372	40 36 11 14	3	4	0
373	34 18 36 16	2	-1	0
374	23 30 21 12	4	3	0
375	15 32 38 31	4	4	0
376	10 35 12 48	4	1	0
377	30 36 28 48	3	4	0
378	3 35 32 48	1	-1	0
379	50 30 37 40	2	-1	0
380	3 19 15 28	1	-1	0
381	30 6 38 17	3	4	0
382	3 46 16 24	1	-1	0
383	3 4 13 15	1	-1	0
384	38 8 31 41	4	3	0
385	20 15 40 43	4	2	0
386	17 10 50 24	2	-1	0
387	8 29 48 23	4	3	0
388	11 29 32 9	3	4	0
389	35 43 18 16	2	-1	0
390	36 33 37 14	3	2	0
391	2 26 37 29	1	-1	0
392	18 46 7 14	4	3	0
393	35 47 11 18	2	-1	0
394	21 6 9 24	4	5	0
395	2 22 4 44	1	-1	0
396	2 25 50 5	1	-1	0
397	20 41 16 18	3	3	0
398	29 11 36 44	4	4	0
399	23 32 5 40	3	5	0
400	28 9 8 18	2	-1	0
401	1 23 4 16	1	-1	0
402	15 4 50 24	2	-1	0
403	8 43 6 49	3	5	0
404	27 24 35 6	2	-1	0
405	2 17 27 39	1	-1	0
406	48 10 6 47	4	2	0
407	24 16 8 23	4	2	0
408	5 19 18 10	2	-1	0
409	23 7 17 37	3	2	0
410	25 39 10 17	3	4	0
411	16 20 10 40	4	4	0
412	13 5 16 19	3	4	0
413	2 12 49 37	1	-1	0
414	3 7 13 29	1	-1	0
415	43 26 6 32	3	2	0
416	24 42 17 16	4	4	0
417	3 35 39 13	1	-1	0
418	30 39 15 17	3	2	0
419	28 27 31 42	4	1	0
420	38 25 36 22	2	-1	0
421	3 41 22 40	1	-1	0
422	3 16 18 4	1	-1	0
423	44 18 20 25	3	1	0
424	1 26 29 8	1	-1	0
425	5 28 39 22	3	2	0
426	3 15 13 36	1	-1	0
427	3 6 25 41	1	-1	0
428	5 33 7 18	2	-1	0
429	44 16 14 25	4	2	0
430	3 49 36 8	1	-1	0
431	28 42 34 33	3	3	0
432	14 8 39 27	3	2	0
433	48 39 27 23	4	3	0
434	12 45 34 11	3	2	0
435	29 11 47 4	4	5	0
436	43 27 38 26	3	2	0
437	1 10 29 34	1	-1	0
438	35 6 9 42	2	-1	0
439	44 32 21 6	4	3	0
440	12 23 47 26	3	3	0
441	7 28 11 20	3	5	0
442	8 41 15 25	2	-1	0
443	22 18 9 34	4	4	0
444	3 38 37 49	1	-1	0
445	36 39 17 14	4	5	0
446	3 4 11 25	1	-1	0
447	16 33 4 34	4	4	0
448	1 27 25 12	1	-1	0
449	6 20 47 15	3	2	0
450	1 39 46 45	1	-1	0
451	38 21 33 10	3	4	0
452	2 9 21 46	1	-1	0
453	5 38 49 46	4	1	0
454	13 5 1 50	2	-1	0
455	44 6 7 18	4	4	0
456	7 6 35 44	4	1	0
457	26 8 44 49	4	3	0
458	3 9 16 45	1	-1	0
459	20 14 37 28	2	-1	0
460	31 8 34 22	3	3	0
461	42 29 43 19	2	-1	0
462	44 21 8 6	3	3	0
463	1 18 24 17	1	-1	0
464	22 10 30 25	2	-1	0
465	43 8 49 34	3	2	0
466	13 15 14 47	4	4	0
467	12 25 17 21	3	1	0
468	3 24 7 4	1	-1	0
469	29 50 7 22	4	5	0
470	24 42 12 16	4	4	0
471	36 28 7 42	2	-1	0
472	41 11 27 9	2	-1	0
473	33 27 50 15	3	2	0
474	2 25 49 44	1	-1	0
475	8 23 50 5	2	-1	0
476	37 4 39 5	3	4	0
477	3 47 37 49	1	-1	0
478	16 9 23 31	2	-1	0
479	2 20 41 29	1	-1	0
480	14 41 42 18	3	3	0
481	43 38 6 4	3	4	0
482	1 39 38 50	1	-1	0
483	22 44 13 17	2	-1	0
484	36 23 38 33	3	1	0
485	3 29 28 20	1	-1	0
486	3 24 37 33	1	-1	0
487	43 14 37 6	3	3	0
488	29 50 13 43	4	2	0
489	2 39 33 4	1	-1	0
490	40 15 32 22	4	2	0
491	2 23 11 28	1	-1	0
492	45 31 50 46	4	2	0
493	2 12 15 47	1	-1	0
494	36 23 48 29	4	5	0
495	34 12 30 45	2	-1	0
496	15 44 21 14	3	5	0
497	26 9 28 19	2	-1	0
498	3 8 11 49	1	-1	0
499	46 45 14 44	2	-1	0
500	49 39 6 46	4	4	0
